1000.97394    6.5838e-18    9.0449e-18    2.9739e-19
1002.92358    2.3486e-18    3.2127e-18    1.4153e-19
1004.87708    3.2876e-18    4.4888e-18    2.1937e-19
1006.83441    2.5080e-18    3.3956e-18    2.4094e-19
1008.79553    3.9118e-18    5.3705e-18    1.8593e-19
1010.76050    2.3752e-19    3.2589e-19    1.1798e-20
1012.72925    1.4378e-18    1.9843e-18    4.1668e-20
1014.70178    2.8818e-18    3.9809e-18    7.4428e-20
1016.67822    3.7229e-18    5.1280e-18    1.3392e-19
1018.65857    2.1536e-18    2.9770e-18    5.0486e-20
1020.64270    3.3118e-18    4.5648e-18    1.1112e-19
1022.63074    3.3416e-18    4.6158e-18    8.6925e-20
1024.62256    9.7364e-19    1.3436e-18    2.8729e-20
1026.61841    5.5464e-19    7.6339e-19    2.1447e-20
1028.61792    1.6030e-18    2.1888e-18    1.0671e-19
1030.62158    3.4689e-18    4.6410e-18    4.7499e-19
1032.62891    4.2993e-18    5.6068e-18    9.5959e-19
1034.64038    7.6715e-18    1.0279e-17    1.0120e-18
1036.65564    4.0572e-18    5.3059e-18    8.6778e-19
1038.67480    1.6786e-18    2.3061e-18    7.5918e-20
1040.69800    4.2669e-18    5.8728e-18    1.6489e-19
1042.72510    3.6744e-18    5.0534e-18    1.5194e-19
1044.75610    3.6703e-18    5.0616e-18    1.1650e-19
1046.79102    2.9852e-18    4.1097e-18    1.1279e-19
1048.83008    9.0576e-19    1.2317e-18    7.3181e-20
1050.87292    4.0398e-18    5.5372e-18    2.1493e-19
1052.91980    3.3050e-18    4.5105e-18    2.2572e-19
1054.97070    1.0239e-17    1.4123e-17    3.1693e-19
1057.02563    6.7898e-18    9.2803e-18    4.2817e-19
1059.08447    8.5053e-18    1.1605e-17    5.8862e-19
1061.14734    2.3384e-17    3.2085e-17    1.1598e-18
1063.21436    2.2708e-17    3.1252e-17    8.8240e-19
1065.28516    8.9751e-18    1.2289e-17    5.0946e-19
1067.36011    2.1919e-17    2.9734e-17    1.9579e-18
1069.43921    1.3951e-17    1.9017e-17    1.0121e-18
1071.52222    1.7482e-17    2.3655e-17    1.7121e-18
1073.60938    5.2600e-17    7.0778e-17    6.1690e-18
1075.70056    3.3293e-17    4.5217e-17    2.8367e-18
1077.79590    2.6204e-17    3.5555e-17    2.3172e-18
1079.89514    4.5266e-18    6.1524e-18    3.7392e-19
1081.99854    7.4319e-18    1.0277e-17    1.6386e-19
1084.10608    1.3928e-17    1.9160e-17    5.6510e-19
1086.21777    5.8432e-18    7.9818e-18    3.8057e-19
1088.33350    1.4922e-17    2.0493e-17    6.9086e-19
1090.45337    2.0709e-17    2.8452e-17    9.2963e-19
1092.57727    1.5268e-17    2.0562e-17    1.7480e-18
1094.70532    1.7699e-17    2.3995e-17    1.6155e-18
1096.83765    1.7148e-17    2.3658e-17    5.1855e-19
1098.97412    2.1500e-17    2.9628e-17    7.3739e-19
1101.11475    1.3793e-17    1.9015e-17    4.5577e-19
1103.25952    9.6182e-18    1.3188e-17    5.0089e-19
1105.40845    1.5375e-17    2.1023e-17    9.4681e-19
1107.56152    2.3491e-17    3.1831e-17    2.1868e-18
1109.71887    1.8058e-17    2.4524e-17    1.5392e-18
1111.88037    4.2195e-17    5.8013e-17    1.7900e-18
1114.04614    7.4744e-17    1.0269e-16    3.3725e-18
1116.21606    2.4430e-17    3.3467e-17    1.3437e-18
1118.39014    6.1414e-18    8.3733e-18    4.4046e-19
1120.56860    8.2085e-18    1.1253e-17    4.3222e-19
1122.75122    1.6603e-17    2.2026e-17    2.7510e-18
1124.93811    1.7551e-17    2.4037e-17    9.8370e-19
1127.12927    3.5737e-17    4.8439e-17    3.2916e-18
1129.32471    2.4512e-17    3.3682e-17    1.0878e-18
1131.52441    2.7068e-17    3.7193e-17    1.2060e-18
1133.72839    4.5436e-17    6.2812e-17    1.0531e-18
1135.93665    1.4204e-17    1.9019e-17    1.9049e-18
1138.14917    1.2386e-17    1.6900e-17    8.5393e-19
1140.36621    2.0855e-17    2.8659e-17    9.2202e-19
1142.58740    2.9915e-17    4.1223e-17    1.0313e-18
1144.81299    1.0685e-16    1.4620e-16    6.3447e-18
1147.04272    7.1271e-17    9.6598e-17    6.5763e-18
1149.27698    6.5910e-17    8.9906e-17    4.6165e-18
1151.51562    5.9879e-17    8.0823e-17    6.3816e-18
1153.75854    4.9396e-17    6.7639e-17    2.7994e-18
1156.00586    2.3750e-17    3.2356e-17    1.7666e-18
1158.25745    4.2182e-17    5.7769e-17    2.3682e-18
1160.51355    4.8919e-17    6.6638e-17    3.6599e-18
1162.77393    3.3688e-17    4.6193e-17    1.7486e-18
1165.03882    4.3487e-17    5.9687e-17    2.1071e-18
1167.30811    5.3970e-17    7.3694e-17    3.5882e-18
1169.58179    5.1808e-17    7.0850e-17    3.1675e-18
1171.85986    5.2160e-17    7.1201e-17    3.5237e-18
1174.14246    6.8039e-17    9.3015e-17    4.2434e-18
1176.42944    4.1824e-17    5.6888e-17    3.3459e-18
1178.72095    1.9654e-17    2.7041e-17    7.8632e-19
1181.01685    3.4050e-17    4.6780e-17    1.5320e-18
1183.31714    2.8175e-17    3.8734e-17    1.2030e-18
1185.62207    3.9347e-17    5.3779e-17    2.4829e-18
1187.93140    5.7886e-17    7.8798e-17    4.4715e-18
1190.24536    3.1456e-17    4.3220e-17    1.4089e-18
1192.56372    5.0419e-17    6.8973e-17    3.0253e-18
1194.88647    2.2342e-17    3.0550e-17    1.3755e-18
1197.21387    2.6599e-16    3.0867e-16    1.5697e-16
1199.54590    3.1542e-16    3.0824e-16    3.3374e-16
1201.88232    1.1836e-16    1.3174e-16    8.4172e-17
1204.22339    8.6137e-18    1.1884e-17    2.5962e-19
1206.56897    1.7637e-17    2.3638e-17    2.3080e-18
1208.91919    1.2915e-16    1.7778e-16    4.9252e-18
1211.27393    2.7206e-17    3.4604e-17    8.3078e-18
1213.63330    2.1841e-17    2.7853e-17    6.4837e-18
1215.99719    6.2143e-17    7.0206e-17    4.1546e-17
1218.36572    2.0784e-17    2.6678e-17    5.7282e-18
1220.73877    2.7889e-16    3.8606e-16    5.1500e-18
1223.11658    1.2555e-17    1.7147e-17    8.2406e-19
1225.49902    1.6947e-17    2.3283e-17    7.6188e-19
1227.88599    2.1098e-17    2.9106e-17    6.4185e-19
1230.27771    1.2026e-17    1.6584e-17    3.8432e-19
1232.67407    3.4020e-17    4.6819e-17    1.3283e-18
1235.07507    2.7076e-17    3.7340e-17    8.5685e-19
1237.48071    2.4601e-17    3.3926e-17    7.8265e-19
1239.89111    2.1301e-17    2.9133e-17    1.2972e-18
1242.30615    3.2553e-17    4.4329e-17    2.4750e-18
1244.72595    2.1054e-17    2.8878e-17    1.0706e-18
1247.15039    1.7015e-17    2.3380e-17    7.5545e-19
1249.57959    1.5920e-17    2.1693e-17    1.1714e-18
1252.01355    2.0619e-17    2.8357e-17    8.5159e-19
1254.45215    2.3777e-17    3.2725e-17    9.2084e-19
1256.89563    6.7722e-17    8.7664e-17    1.6784e-17
1259.34375    6.9177e-17    9.1345e-17    1.2555e-17
1261.79675    5.0885e-17    6.7583e-17    8.2325e-18
1264.25452    2.5393e-16    2.9015e-16    1.6142e-16
1266.71704    5.2602e-16    5.0475e-16    5.8036e-16
1269.18433    8.5971e-17    1.0651e-16    3.3512e-17
1271.65649    1.3790e-16    1.6868e-16    5.9285e-17
1274.13342    2.7711e-17    3.7567e-17    2.5350e-18
1276.61523    4.5935e-17    5.9214e-17    1.2017e-17
1279.10181    3.3442e-17    4.5658e-17    2.2380e-18
1281.59326    2.2045e-17    2.9903e-17    1.9726e-18
1284.08960    2.9989e-17    4.0237e-17    3.8135e-18
1286.59070    3.1226e-17    4.0069e-17    8.6379e-18
1289.09668    2.0155e-16    2.4135e-16    9.9904e-17
1291.60767    1.1302e-16    1.3544e-16    5.5755e-17
1294.12341    2.9613e-17    3.6829e-17    1.1178e-17
1296.64404    8.4686e-17    1.1112e-16    1.7175e-17
1299.16968    8.3206e-17    1.1007e-16    1.4573e-17
1301.70020    4.4580e-17    6.0067e-17    5.0215e-18
1304.23572    6.0562e-17    8.0538e-17    9.5376e-18
1306.77612    3.5475e-17    4.7632e-17    4.4213e-18
1309.32141    1.6770e-17    2.2739e-17    1.5215e-18
1311.87183    1.9754e-17    2.6454e-17    2.6418e-18
1314.42700    2.5845e-17    3.4848e-17    2.8509e-18
1316.98730    2.8575e-17    3.8119e-17    4.1971e-18
1319.55249    3.4641e-17    4.6744e-17    3.7266e-18
1322.12280    3.2514e-17    4.3900e-17    3.4325e-18
1324.69800    3.6101e-17    4.8587e-17    4.2051e-18
1327.27820    3.0201e-17    4.0918e-17    2.8267e-18
1329.86353    2.5502e-17    3.4360e-17    2.8780e-18
1332.45386    3.3524e-17    4.4544e-17    5.3755e-18
1335.04919    2.0622e-17    2.7504e-17    3.0417e-18
1337.64966    1.7566e-17    2.3479e-17    2.4624e-18
1340.25513    1.2398e-16    1.2851e-16    1.1241e-16
1342.86560    1.2569e-17    1.6140e-17    3.4478e-18
1345.48120    9.7168e-17    1.0885e-16    6.7334e-17
1348.10205    7.1627e-18    8.9801e-18    2.5203e-18
1350.72778    2.7894e-17    3.5450e-17    8.5922e-18
1353.35876    7.1211e-17    8.5424e-17    3.4906e-17
1355.99487    2.7031e-17    3.4176e-17    8.7806e-18
1358.63611    2.4087e-17    3.0780e-17    6.9922e-18
1361.28247    5.1525e-17    6.3919e-17    1.9869e-17
1363.93396    3.7860e-17    4.8675e-17    1.0234e-17
1366.59058    9.5413e-17    1.0653e-16    6.7010e-17
1369.25244    3.3656e-17    4.3518e-17    8.4675e-18
1371.91956    5.6350e-17    6.6826e-17    2.9589e-17
1374.59180    5.6405e-17    7.4779e-17    9.4724e-18
1377.26929    4.0011e-17    5.3264e-17    6.1566e-18
1379.95190    3.6997e-17    4.8049e-17    8.7665e-18
1382.63965    4.4295e-17    5.6936e-17    1.2008e-17
1385.33276    3.0219e-17    3.9770e-17    5.8231e-18
1388.03125    7.4828e-17    8.3112e-17    5.3667e-17
1390.73486    2.4839e-17    2.9269e-17    1.3522e-17
1393.44360    3.8137e-17    4.4248e-17    2.2528e-17
1396.15784    3.2944e-17    4.1990e-17    9.8380e-18
1398.87720    8.3609e-17    1.0307e-16    3.3894e-17
1401.60205    3.6524e-17    4.7491e-17    8.5116e-18
1404.33203    3.1079e-17    4.0572e-17    6.8286e-18
1407.06738    2.1136e-17    2.6968e-17    6.2416e-18
1409.80811    2.6381e-17    3.2621e-17    1.0440e-17
1412.55420    2.7978e-17    3.4782e-17    1.0599e-17
1415.30554    5.1812e-17    6.7438e-17    1.1898e-17
1418.06213    4.4236e-17    5.8369e-17    8.1354e-18
1420.82446    2.2813e-17    2.9038e-17    6.9115e-18
1423.59180    3.0404e-17    3.8982e-17    8.4914e-18
1426.36475    2.1151e-17    2.4754e-17    1.1946e-17
1429.14307    2.5181e-17    3.3074e-17    5.0190e-18
1431.92676    4.8621e-17    6.0639e-17    1.7923e-17
1434.71582    2.4171e-17    2.9794e-17    9.8080e-18
1437.51038    3.2419e-17    4.2498e-17    6.6759e-18
1440.31030    3.0688e-17    3.3961e-17    2.2326e-17
1443.11572    3.2094e-17    3.8738e-17    1.5125e-17
1445.92676    1.8053e-17    2.1772e-17    8.5560e-18
1448.74316    2.9444e-17    3.5088e-17    1.5027e-17
1451.56494    7.6165e-17    9.4674e-17    2.8886e-17
1454.39233    2.6540e-17    2.4141e-17    3.2668e-17
1457.22522    1.5163e-17    1.9158e-17    4.9588e-18
1460.06360    2.7424e-17    3.2225e-17    1.5160e-17
1462.90747    2.0390e-17    2.6312e-17    5.2641e-18
1465.75696    2.2535e-17    1.7836e-17    3.4539e-17
1468.61206    2.2798e-17    2.5195e-17    1.6675e-17
1471.47253    3.7470e-17    4.4728e-17    1.8930e-17
1474.33862    8.2288e-17    1.0129e-16    3.3758e-17
1477.21045    6.2956e-17    7.7364e-17    2.6153e-17
1480.08777    2.2357e-17    2.6608e-17    1.1498e-17
1482.97058    3.4699e-17    4.5351e-17    7.4923e-18
1485.85913    4.0472e-17    4.9448e-17    1.7542e-17
1488.75342    4.2180e-17    5.5224e-17    8.8602e-18
1491.65332    3.9505e-17    5.1556e-17    8.7215e-18
1494.55859    3.8304e-17    4.6755e-17    1.6717e-17
1497.46985    1.1171e-17    1.3313e-17    5.6988e-18
1500.38647    1.0404e-17    1.2268e-17    5.6402e-18
1503.30896    2.0942e-17    2.5024e-17    1.0515e-17
1506.23706    2.6697e-17    3.2325e-17    1.2320e-17
1509.17090    2.2177e-17    2.8776e-17    5.3204e-18
1512.11060    2.9860e-17    3.6840e-17    1.2029e-17
1515.05591    1.5602e-17    1.9573e-17    5.4596e-18
1518.00684    4.8438e-18    5.4124e-18    3.3912e-18
1520.96362    2.3979e-17    2.7981e-17    1.3756e-17
1523.92627    2.4176e-17    2.8788e-17    1.2397e-17
1526.89453    2.9187e-17    3.5809e-17    1.2274e-17
1529.86865    6.5550e-18    6.9015e-18    5.6700e-18
1532.84839    1.3092e-17    1.5535e-17    6.8528e-18
1535.83411    1.9810e-17    1.2956e-17    3.7317e-17
1538.82568    1.0770e-17    1.1983e-17    7.6709e-18
1541.82300    2.2332e-17    2.2998e-17    2.0630e-17
1544.82617    7.7778e-18    8.9820e-18    4.7020e-18
1547.83521    4.3207e-17    4.6709e-17    3.4260e-17
1550.85010    4.8317e-17    5.2898e-17    3.6616e-17
1553.87085    1.3937e-17    1.6305e-17    7.8909e-18
1556.89746    2.5896e-17    2.8506e-17    1.9231e-17
1559.92993    2.6821e-17    2.9855e-17    1.9070e-17
1562.96863    2.3420e-17    2.6814e-17    1.4753e-17
1566.01282    9.6631e-18    1.0622e-17    7.2137e-18
1569.06311    4.0913e-17    4.6646e-17    2.6269e-17
1572.11938    3.9483e-17    4.1437e-17    3.4491e-17
1575.18152    4.1885e-17    4.5540e-17    3.2550e-17
1578.24963    4.9244e-17    5.2932e-17    3.9822e-17
1581.32373    4.1583e-17    4.2160e-17    4.0108e-17
1584.40381    2.2323e-17    2.2864e-17    2.0943e-17
1587.48999    2.6608e-17    2.7457e-17    2.4437e-17
1590.58215    1.1658e-17    1.2155e-17    1.0389e-17
1593.68018    2.9207e-17    3.1305e-17    2.3846e-17
1596.78442    2.3183e-17    2.3485e-17    2.2412e-17
1599.89465    1.9129e-17    2.0086e-17    1.6686e-17
1603.01086    1.9297e-17    2.0095e-17    1.7261e-17
1606.13330    2.6995e-17    3.0195e-17    1.8822e-17
1609.26172    1.6931e-17    2.0637e-17    7.4630e-18
1612.39636    1.9974e-17    2.4169e-17    9.2609e-18
1615.53674    2.7149e-18    2.6994e-18    2.7544e-18
1618.68347    3.0664e-17    3.2181e-17    2.6788e-17
1621.83630    6.4858e-17    6.4634e-17    6.5430e-17
1624.99548    4.3112e-17    4.3797e-17    4.1363e-17
1628.16064    9.2956e-17    8.8513e-17    1.0430e-16
1631.33203    3.9316e-17    3.9629e-17    3.8515e-17
1634.50952    6.1954e-17    6.4742e-17    5.4832e-17
1637.69312    7.0995e-17    6.3023e-17    9.1358e-17
1640.88306    1.1493e-16    1.0965e-16    1.2844e-16
1644.07922    2.6478e-17    2.9243e-17    1.9416e-17
1647.28162    2.7214e-17    2.9991e-17    2.0122e-17
1650.49023    4.0789e-17    4.3651e-17    3.3479e-17
1653.70496    3.9341e-17    4.4195e-17    2.6943e-17
1656.92603    4.4852e-17    5.8497e-17    9.9987e-18
1660.15369    1.8079e-17    2.0062e-17    1.3011e-17
1663.38721    1.7987e-17    2.1701e-17    8.5001e-18
1666.62720    1.3855e-17    1.3249e-17    1.5403e-17
1669.87317    1.4369e-17    1.2295e-17    1.9667e-17
1673.12585    2.7558e-17    2.2028e-17    4.1684e-17
1676.38489    5.6067e-17    5.0993e-17    6.9028e-17
1679.65027    5.5003e-17    5.7311e-17    4.9106e-17
1682.92188    4.0103e-17    4.0500e-17    3.9089e-17
1686.19958    6.8691e-17    6.8441e-17    6.9330e-17
1689.48413    2.7393e-17    2.8564e-17    2.4402e-17
1692.77502    1.4315e-17    1.4807e-17    1.3060e-17
1696.07227    1.0079e-17    1.1055e-17    7.5881e-18
1699.37573    1.1659e-17    1.2018e-17    1.0743e-17
1702.68567    4.2363e-17    4.4165e-17    3.7761e-17
1706.00232    1.3716e-17    1.4884e-17    1.0734e-17
1709.32544    4.4884e-17    4.5664e-17    4.2891e-17
1712.65491    1.8753e-17    1.8396e-17    1.9663e-17
1715.99060    3.6623e-17    3.8491e-17    3.1850e-17
1719.33301    2.3352e-17    2.5802e-17    1.7091e-17
1722.68188    4.9628e-17    4.9759e-17    4.9294e-17
1726.03735    3.8869e-17    4.3524e-17    2.6978e-17
1729.39941    1.2954e-17    1.2584e-17    1.3899e-17
1732.76807    1.9286e-17    2.0932e-17    1.5080e-17
1736.14307    8.8574e-18    9.7491e-18    6.5797e-18
1739.52466    1.1858e-17    1.0427e-17    1.5515e-17
1742.91296    1.1526e-17    1.2203e-17    9.7956e-18
1746.30786    2.1988e-17    2.1968e-17    2.2039e-17
1749.70935    2.9978e-17    2.6722e-17    3.8293e-17
1753.11755    2.8937e-18    2.5958e-18    3.6545e-18
1756.53223    6.3965e-18    6.3086e-18    6.6211e-18
1759.95325    2.4288e-17    2.6527e-17    1.8569e-17
1763.38147    2.1349e-17    2.0959e-17    2.2344e-17
1766.81628    1.5383e-17    1.3010e-17    2.1442e-17
1770.25745    8.5210e-18    8.2022e-18    9.3352e-18
1773.70581    3.5935e-17    3.2126e-17    4.5663e-17
1777.16064    1.1530e-17    1.2797e-17    8.2925e-18
1780.62207    1.6407e-17    1.5003e-17    1.9994e-17
1784.09045    6.5258e-17    6.8491e-17    5.6999e-17
1787.56555    1.2164e-16    1.2670e-16    1.0871e-16
1791.04749    1.3313e-17    1.3635e-17    1.2490e-17
1794.53601    5.4665e-17    4.9415e-17    6.8078e-17
1798.03137    3.0319e-17    3.5335e-17    1.7508e-17
1801.53357    9.7640e-18    8.2946e-18    1.3517e-17
1805.04248    2.6232e-17    2.7373e-17    2.3317e-17
1808.55847    2.3610e-17    2.2437e-17    2.6605e-17
1812.08130    2.3249e-17    1.9341e-17    3.3232e-17
1815.61096    1.4123e-17    1.3682e-17    1.5249e-17
1819.14722    1.4621e-17    1.4203e-17    1.5690e-17
1822.69067    2.0098e-17    2.0395e-17    1.9342e-17
1826.24084    4.3730e-17    3.9371e-17    5.4864e-17
1829.79797    1.7718e-17    1.8216e-17    1.6445e-17
1833.36206    2.1927e-17    2.1300e-17    2.3528e-17
1836.93311    8.1379e-18    9.3744e-18    4.9792e-18
1840.51111    4.6723e-17    3.9036e-17    6.6358e-17
1844.09607    1.9918e-17    1.8034e-17    2.4733e-17
1847.68799    1.4835e-17    1.7084e-17    9.0901e-18
1851.28687    2.0596e-17    1.9565e-17    2.3228e-17
1854.89282    1.3502e-17    1.1179e-17    1.9434e-17
1858.50586    1.1818e-17    1.2464e-17    1.0166e-17
1862.12585    4.8486e-17    3.7989e-17    7.5301e-17
1865.75293    1.6249e-17    1.6907e-17    1.4565e-17
1869.38696    1.4726e-17    1.5827e-17    1.1915e-17
1873.02820    5.7270e-18    5.6899e-18    5.8217e-18
1876.67651    2.7337e-17    2.7754e-17    2.6272e-17
1880.33191    2.2658e-17    2.4961e-17    1.6776e-17
1883.99438    5.6400e-17    4.5793e-17    8.3493e-17
1887.66406    3.5160e-17    3.8492e-17    2.6650e-17
1891.34082    1.2419e-17    1.2593e-17    1.1975e-17
1895.02490    1.2551e-17    1.2208e-17    1.3427e-17
1898.71606    2.5096e-17    2.5159e-17    2.4936e-17
1902.41431    4.0896e-17    4.6153e-17    2.7468e-17
1906.11987    2.1972e-17    2.2229e-17    2.1316e-17
1909.83252    1.6389e-17    1.7376e-17    1.3866e-17
1913.55261    1.6867e-17    1.6315e-17    1.8278e-17
1917.27979    2.9370e-17    2.9022e-17    3.0259e-17
1921.01428    2.0254e-17    1.7786e-17    2.6559e-17
1924.75610    2.2823e-17    2.5503e-17    1.5979e-17
1928.50513    2.3590e-17    2.6437e-17    1.6318e-17
1932.26147    1.4556e-17    1.5096e-17    1.3175e-17
1936.02515    2.3341e-17    2.4937e-17    1.9264e-17
1939.79614    1.5587e-17    1.4289e-17    1.8904e-17
1943.57446    2.5081e-17    2.6636e-17    2.1109e-17
1947.36011    3.2535e-17    3.2737e-17    3.2019e-17
1951.15332    2.8311e-17    2.3798e-17    3.9837e-17
1954.95374    1.2972e-17    1.4430e-17    9.2498e-18
1958.76160    1.2183e-16    8.7750e-17    2.0888e-16
1962.57690    2.0170e-17    1.9114e-17    2.2866e-17
1966.39966    1.4931e-16    1.1812e-16    2.2895e-16
1970.22974    2.1145e-16    1.7159e-16    3.1328e-16
1974.06738    6.6632e-16    5.0187e-16    1.0864e-15
1977.91248    7.0704e-17    5.5001e-17    1.1081e-16
1981.76514    1.0744e-17    9.6827e-18    1.3454e-17
1985.62524    2.8875e-17    2.6102e-17    3.5960e-17
1989.49280    1.4181e-17    1.4338e-17    1.3781e-17
1993.36792    5.0497e-17    4.1698e-17    7.2971e-17
1997.25061    2.9567e-17    2.4502e-17    4.2504e-17
2001.14087    2.6911e-17    2.9767e-17    1.9616e-17
2005.03870    1.6820e-17    1.8222e-17    1.3237e-17
2008.94409    3.4959e-17    3.5830e-17    3.2734e-17
2012.85718    3.0084e-17    3.1287e-17    2.7010e-17
2016.77783    5.9046e-17    5.0224e-17    8.1580e-17
2020.70605    1.5195e-17    1.5751e-17    1.3775e-17
2024.64209    1.9722e-17    1.8794e-17    2.2094e-17
2028.58569    3.0443e-17    3.0721e-17    2.9735e-17
2032.53687    2.4316e-17    2.7415e-17    1.6398e-17
2036.49585    1.0437e-17    1.0728e-17    9.6913e-18
2040.46265    1.7010e-17    1.7568e-17    1.5583e-17
2044.43701    1.6975e-17    1.5712e-17    2.0202e-17
2048.41919    1.0473e-17    1.0227e-17    1.1101e-17
2052.40918    1.0372e-17    1.0682e-17    9.5813e-18
2056.40674    1.9568e-17    2.0782e-17    1.6465e-17
2060.41211    2.1217e-17    1.8533e-17    2.8072e-17
2064.42554    2.6676e-17    2.6697e-17    2.6623e-17
2068.44678    4.4408e-17    3.9619e-17    5.6639e-17
2072.47559    3.4179e-17    3.2888e-17    3.7478e-17
2076.51221    3.4425e-17    3.3607e-17    3.6515e-17
2080.55713    2.6567e-17    2.3215e-17    3.5129e-17
2084.60938    1.1366e-17    1.1161e-17    1.1892e-17
2088.66992    1.6008e-17    1.6007e-17    1.6010e-17
2092.73828    2.1909e-17    1.9929e-17    2.6968e-17
2096.81445    2.0209e-17    1.9929e-17    2.0924e-17
2100.89868    2.8491e-17    2.8508e-17    2.8448e-17
2104.99072    2.7299e-17    2.7752e-17    2.6142e-17
2109.09082    4.9470e-17    5.3761e-17    3.8510e-17
2113.19922    1.6270e-17    1.4752e-17    2.0148e-17
2117.31519    6.7230e-17    5.9171e-17    8.7816e-17
2121.43945    6.2726e-18    6.6789e-18    5.2346e-18
2125.57129    1.5418e-17    1.4627e-17    1.7437e-17
2129.71143    2.7767e-17    2.8727e-17    2.5318e-17
2133.85986    2.2049e-17    2.2152e-17    2.1785e-17
2138.01611    2.4628e-17    2.7677e-17    1.6840e-17
2142.18066    3.0430e-17    3.1488e-17    2.7727e-17
2146.35303    1.6171e-17    1.8290e-17    1.0760e-17
2150.53369    2.1911e-17    2.4722e-17    1.4730e-17
2154.72266    1.8422e-17    1.8374e-17    1.8546e-17
2158.91968    4.2977e-17    3.7421e-17    5.7168e-17
2163.12500    2.0824e-17    2.4054e-17    1.2574e-17
2167.33813    2.7154e-17    3.1292e-17    1.6582e-17
2171.55957    1.6242e-17    1.7575e-17    1.2836e-17
2175.78955    2.9544e-17    3.2235e-17    2.2671e-17
2180.02759    7.8396e-18    8.4357e-18    6.3171e-18
2184.27393    3.2155e-17    3.3291e-17    2.9252e-17
2188.52832    2.9097e-17    3.1105e-17    2.3967e-17
2192.79102    9.7593e-18    9.8569e-18    9.5101e-18
2197.06226    1.0559e-17    9.3432e-18    1.3663e-17
2201.34180    1.3400e-17    1.4738e-17    9.9831e-18
2205.62939    1.8030e-17    1.9417e-17    1.4485e-17
2209.92554    2.5818e-17    2.7202e-17    2.2283e-17
2214.22998    3.2411e-17    3.5572e-17    2.4337e-17
2218.54297    2.1440e-17    2.3427e-17    1.6366e-17
2222.86426    3.9653e-17    4.0837e-17    3.6630e-17
2227.19409    3.3221e-17    3.2215e-17    3.5789e-17
2231.53223    4.1300e-17    4.0181e-17    4.4159e-17
2235.87891    4.1929e-17    4.4964e-17    3.4176e-17
2240.23389    5.3189e-17    5.6802e-17    4.3960e-17
2244.59717    5.9506e-17    6.2692e-17    5.1369e-17
2248.96924    5.7693e-17    6.2402e-17    4.5664e-17
2253.34985    5.6144e-17    6.3405e-17    3.7596e-17
2257.73901    4.1368e-17    4.4666e-17    3.2946e-17
2262.13672    6.5145e-17    7.5621e-17    3.8387e-17
2266.54297    8.0962e-17    8.8749e-17    6.1073e-17
2270.95752    7.0255e-17    6.9157e-17    7.3059e-17
2275.38086    8.9415e-17    8.6661e-17    9.6451e-17
2279.81299    7.2366e-17    7.6101e-17    6.2825e-17
2284.25366    4.5213e-17    4.7515e-17    3.9335e-17
2288.70288    3.1465e-17    3.0382e-17    3.4229e-17
2293.16089    5.3622e-17    5.5143e-17    4.9737e-17
2297.62744    2.5372e-17    2.8280e-17    1.7946e-17
2302.10303    2.1146e-17    2.2401e-17    1.7942e-17
2306.58691    8.1558e-17    8.0579e-17    8.4062e-17
2311.07959    6.4905e-17    6.7465e-17    5.8368e-17
2315.58105    5.2131e-17    5.2603e-17    5.0926e-17
2320.09155    3.7356e-17    3.9363e-17    3.2229e-17
2324.61060    4.5305e-17    4.6292e-17    4.2784e-17
2329.13843    2.0875e-16    2.1621e-16    1.8969e-16
2333.67529    2.2309e-16    2.2541e-16    2.1719e-16
2338.22070    1.7938e-16    1.8452e-16    1.6627e-16
2342.77490    1.9105e-16    2.0565e-16    1.5377e-16
2347.33838    5.0538e-16    5.1578e-16    4.7881e-16
2351.91064    3.6826e-17    3.5853e-17    3.9310e-17
2356.49170    6.7235e-17    7.3907e-17    5.0193e-17
2361.08154    7.8997e-16    8.1078e-16    7.3681e-16
2365.68066    4.2035e-16    4.4175e-16    3.6568e-16
2370.28833    2.4054e-16    2.3950e-16    2.4318e-16
2374.90527    1.7850e-16    1.9881e-16    1.2664e-16
2379.53101    4.5224e-16    4.6532e-16    4.1883e-16
2384.16602    4.8743e-16    5.5477e-16    3.1543e-16
2388.80981    4.5565e-16    4.6430e-16    4.3354e-16
2393.46289    1.4220e-15    1.4422e-15    1.3703e-15
2398.12476    3.9327e-16    3.9916e-16    3.7821e-16
2402.79590    6.0274e-16    6.1291e-16    5.7678e-16
2407.47607    4.1510e-16    4.1085e-16    4.2596e-16
2412.16528    8.2816e-16    8.3075e-16    8.2153e-16
2416.86377    9.8470e-17    9.1421e-17    1.1648e-16
2421.57129    4.1942e-17    4.8085e-17    2.6252e-17
2426.28809    1.0985e-16    1.1968e-16    8.4733e-17
2431.01392    4.0387e-16    3.5868e-16    5.1931e-16
2435.74902    1.5936e-16    1.5941e-16    1.5923e-16
2440.49365    4.6938e-17    4.6656e-17    4.7657e-17
2445.24707    1.0653e-16    1.1399e-16    8.7466e-17
2450.01001    2.0101e-16    1.6443e-16    2.9444e-16
2454.78223    1.9237e-16    1.6830e-16    2.5386e-16
2459.56348    1.2976e-16    1.3212e-16    1.2374e-16
2464.35425    2.1157e-16    1.9905e-16    2.4357e-16
2469.15430    1.7900e-16    1.7269e-16    1.9513e-16
2473.96387    2.9804e-16    2.6537e-16    3.8148e-16
2478.78271    8.7521e-17    9.8494e-17    5.9492e-17
2483.61084    1.4163e-16    1.5396e-16    1.1014e-16
2488.44849    1.1310e-16    1.1171e-16    1.1663e-16
2493.29541    3.6523e-16    3.8939e-16    3.0352e-16
2498.15186    8.0919e-17    8.0988e-17    8.0742e-17
2503.01782    8.8792e-17    9.2598e-17    7.9069e-17
2507.89307    1.0678e-16    1.0670e-16    1.0700e-16
2512.77808    1.2704e-16    1.3860e-16    9.7499e-17
2517.67236    1.0312e-16    1.0840e-16    8.9631e-17
2522.57642    7.9531e-17    7.8445e-17    8.2305e-17
2527.48975    1.8311e-16    1.9422e-16    1.5473e-16
2532.41309    4.7907e-17    5.5549e-17    2.8387e-17
2537.34570    1.6470e-16    1.7897e-16    1.2825e-16
2542.28760    9.7941e-17    1.0382e-16    8.2923e-17
2547.23975    1.1918e-16    1.2566e-16    1.0263e-16
2552.20117    1.0025e-16    1.0250e-16    9.4475e-17
2557.17236    4.7277e-17    5.3428e-17    3.1565e-17
2562.15332    3.4596e-16    3.4173e-16    3.5677e-16
2567.14404    1.0474e-16    1.0517e-16    1.0364e-16
2572.14404    7.7418e-17    8.1548e-17    6.6870e-17
2577.15430    8.0461e-17    7.8824e-17    8.4644e-17
2582.17383    1.3576e-16    1.3471e-16    1.3843e-16
2587.20361    1.3771e-16    1.6704e-16    6.2781e-17
2592.24292    1.0127e-16    1.0065e-16    1.0284e-16
2597.29199    9.7378e-16    1.0229e-15    8.4827e-16
2602.35107    2.9367e-17    3.1687e-17    2.3438e-17
2607.41992    7.1262e-16    7.2053e-16    6.9242e-16
2612.49854    1.8884e-15    1.8788e-15    1.9127e-15
2617.58740    5.0293e-16    5.0727e-16    4.9182e-16
2622.68604    3.7238e-16    3.8093e-16    3.5053e-16
2627.79443    2.9791e-15    2.9066e-15    3.1643e-15
2632.91284    1.7747e-15    1.7704e-15    1.7857e-15
2638.04126    3.6686e-17    3.3224e-17    4.5530e-17
2643.17969    4.4725e-17    4.0631e-17    5.5182e-17
2648.32812    3.3603e-17    2.9726e-17    4.3505e-17
2653.48633    3.4294e-17    3.3853e-17    3.5419e-17
2658.65479    2.3051e-17    2.1824e-17    2.6185e-17
2663.83350    1.8853e-17    1.8594e-17    1.9515e-17
2669.02197    3.9626e-17    4.1294e-17    3.5368e-17
2674.22070    8.5811e-18    6.3509e-18    1.4278e-17
2679.42969    2.9969e-17    2.9196e-17    3.1944e-17
2684.64868    5.0087e-17    5.2369e-17    4.4257e-17
2689.87793    1.6725e-17    1.5345e-17    2.0251e-17
2695.11719    1.1699e-16    1.1667e-16    1.1782e-16
2700.36670    1.7313e-17    1.5822e-17    2.1122e-17
2705.62646    5.1311e-17    4.9470e-17    5.6014e-17
2710.89648    1.0265e-16    1.0287e-16    1.0207e-16
2716.17676    3.9656e-16    3.9020e-16    4.1279e-16
2721.46729    3.7808e-17    3.8718e-17    3.5485e-17
2726.76831    3.0558e-16    2.9609e-16    3.2984e-16
2732.07959    3.4088e-16    3.4874e-16    3.2082e-16
2737.40112    3.7638e-16    3.7037e-16    3.9172e-16
2742.73291    1.6842e-16    1.5863e-16    1.9342e-16
2748.07520    7.5733e-16    7.4133e-16    7.9819e-16
2753.42798    7.2154e-16    7.0868e-16    7.5440e-16
2758.79102    7.0676e-17    8.1449e-17    4.3158e-17
2764.16479    1.5867e-16    1.5352e-16    1.7181e-16
2769.54883    2.6338e-16    2.6194e-16    2.6707e-16
2774.94336    4.2585e-16    4.4799e-16    3.6927e-16
2780.34863    4.6036e-17    4.2382e-17    5.5369e-17
2785.76416    6.6517e-17    7.3118e-17    4.9657e-17
2791.18994    4.1971e-17    4.4259e-17    3.6128e-17
2796.62695    2.7741e-17    3.3977e-17    1.1811e-17
2802.07422    2.9207e-17    3.1703e-17    2.2829e-17
2807.53198    2.8794e-17    2.8183e-17    3.0357e-17
2813.00049    1.8578e-17    1.9739e-17    1.5613e-17
2818.47949    6.8214e-17    5.3947e-17    1.0466e-16
2823.96948    1.5592e-16    1.2627e-16    2.3167e-16
2829.47021    1.3766e-16    1.1852e-16    1.8657e-16
2834.98145    8.7395e-17    8.6183e-17    9.0491e-17
2840.50342    1.9114e-16    1.7225e-16    2.3937e-16
2846.03613    3.2291e-16    2.4736e-16    5.1588e-16
2851.57959    1.0561e-16    8.6188e-17    1.5522e-16
2857.13379    1.6980e-16    1.4063e-16    2.4431e-16
2862.69922    1.1595e-16    9.6202e-17    1.6640e-16
2868.27490    8.4056e-17    8.5696e-17    7.9867e-17
2873.86182    7.2949e-17    6.1642e-17    1.0183e-16
2879.45947    9.9408e-17    9.3283e-17    1.1505e-16
2885.06836    5.4783e-17    5.2729e-17    6.0029e-17
2890.68774    6.6770e-17    6.6383e-17    6.7760e-17
2896.31860    3.8278e-17    3.9462e-17    3.5253e-17
2901.95972    2.1302e-17    2.2013e-17    1.9486e-17
2907.61230    4.4083e-17    4.4741e-17    4.2401e-17
2913.27563    6.5652e-18    6.1340e-18    7.6666e-18
2918.95020    6.1317e-17    6.9228e-17    4.1107e-17
2924.63574    1.0429e-16    1.0921e-16    9.1736e-17
2930.33228    8.6887e-18    8.2950e-18    9.6943e-18
2936.04004    1.9613e-17    1.6986e-17    2.6323e-17
2941.75903    7.5441e-17    7.4317e-17    7.8315e-17
2947.48877    7.9044e-17    7.9913e-17    7.6823e-17
2953.22998    5.8555e-17    6.0435e-17    5.3751e-17
2958.98242    3.0603e-17    3.4152e-17    2.1536e-17
2964.74585    9.1413e-17    9.1410e-17    9.1420e-17
2970.52075    6.9165e-17    7.2095e-17    6.1680e-17
2976.30664    3.1419e-17    3.3393e-17    2.6378e-17
2982.10376    2.1531e-16    2.1008e-16    2.2867e-16
2987.91187    7.8558e-17    7.2874e-17    9.3075e-17
2993.73218    1.2259e-17    9.7278e-18    1.8723e-17
2999.56348    2.1181e-17    2.1637e-17    2.0017e-17
3005.40601    9.6783e-17    9.1146e-17    1.1118e-16
3011.25977    9.8411e-17    7.3191e-17    1.6283e-16
3017.12500    7.6728e-17    5.8981e-17    1.2206e-16
3023.00195    3.7754e-17    2.8866e-17    6.0458e-17
3028.89014    1.5396e-17    1.3725e-17    1.9665e-17
3034.79004    3.8778e-17    2.8640e-17    6.4673e-17
3040.70117    1.7664e-17    1.3834e-17    2.7448e-17
3046.62402    7.8914e-17    6.3137e-17    1.1921e-16
3052.55811    4.3305e-17    3.1035e-17    7.4645e-17
3058.50391    8.8070e-18    7.7745e-18    1.1444e-17
3064.46143    1.7087e-17    1.7321e-17    1.6490e-17
3070.43018    6.6316e-17    5.3921e-17    9.7976e-17
3076.41064    1.0844e-16    8.6445e-17    1.6461e-16
3082.40332    9.7494e-18    9.1827e-18    1.1197e-17
3088.40698    5.7243e-18    5.5970e-18    6.0495e-18
3094.42261    9.1110e-18    9.8728e-18    7.1654e-18
3100.44971    8.6824e-18    7.7547e-18    1.1052e-17
3106.48901    2.9401e-17    2.4115e-17    4.2904e-17
3112.53979    1.7322e-17    1.4245e-17    2.5181e-17
3118.60229    1.1966e-17    1.0193e-17    1.6494e-17
3124.67676    6.8134e-19    4.8938e-19    1.1716e-18
3130.76318    1.1229e-17    1.0173e-17    1.3927e-17
3136.86133    5.8531e-18    4.7996e-18    8.5441e-18
3142.97119    2.6989e-17    2.8101e-17    2.4147e-17
3149.09302    6.3306e-18    6.5143e-18    5.8612e-18
3155.22681    5.1248e-18    4.7775e-18    6.0118e-18
3161.37256    1.1699e-16    1.1725e-16    1.1632e-16
3167.53027    5.7393e-17    5.6899e-17    5.8657e-17
3173.70020    3.2967e-18    2.3357e-18    5.7516e-18
3179.88184    3.4027e-17    3.5544e-17    3.0152e-17
3186.07568    1.2405e-16    1.2402e-16    1.2411e-16
3192.28149    1.1893e-16    1.1525e-16    1.2833e-16
3198.49951    9.6777e-17    9.4375e-17    1.0291e-16
3204.72949    7.1145e-18    7.1080e-18    7.1310e-18
3210.97168    9.7528e-17    9.4772e-17    1.0457e-16
3217.22607    1.8108e-18    1.2871e-18    3.1486e-18
3223.49268    8.8697e-18    6.8955e-18    1.3913e-17
3229.77148    8.1712e-17    8.0918e-17    8.3740e-17
3236.06226    3.1579e-17    3.3397e-17    2.6935e-17
3242.36572    1.1797e-17    1.1669e-17    1.2125e-17
3248.68115    3.3474e-17    3.4836e-17    2.9993e-17
3255.00879    9.4366e-17    1.0827e-16    5.8844e-17
3261.34912    1.8975e-17    2.0164e-17    1.5937e-17
3267.70093    3.8407e-17    4.0483e-17    3.3102e-17
3274.06616    4.8259e-18    3.5401e-18    8.1104e-18
3280.44336    2.6401e-16    2.9929e-16    1.7388e-16
3286.83301    3.8773e-17    4.1640e-17    3.1452e-17
3293.23535    4.7605e-17    5.3608e-17    3.2270e-17
3299.64990    5.8210e-17    6.4506e-17    4.2129e-17
3306.07690    3.9577e-17    4.5604e-17    2.4183e-17
3312.51660    5.2648e-17    5.2231e-17    5.3714e-17
3318.96875    9.8714e-18    8.3217e-18    1.3830e-17
3325.43359    1.2182e-17    1.1118e-17    1.4899e-17
3331.91064    2.1771e-18    1.5771e-18    3.7098e-18
3338.40063    1.6593e-17    1.6035e-17    1.8018e-17
3344.90332    1.3302e-18    1.0084e-18    2.1521e-18
3351.41846    3.7713e-19    2.6886e-19    6.5368e-19
3357.94629    1.9568e-17    1.7442e-17    2.4999e-17
3364.48682    2.6926e-17    2.5113e-17    3.1558e-17
3371.04004    2.5104e-17    1.9268e-17    4.0012e-17
3377.60645    3.1814e-17    2.3357e-17    5.3416e-17
3384.18481    2.1707e-17    1.8101e-17    3.0917e-17
3390.77686    2.0968e-17    1.6826e-17    3.1547e-17
3397.38159    7.7298e-18    5.9775e-18    1.2206e-17
3403.99902    2.0572e-18    1.4731e-18    3.5492e-18
3410.62915    4.2401e-18    4.3992e-18    3.8335e-18
3417.27271    2.7462e-17    2.4862e-17    3.4104e-17
3423.92847    5.1883e-18    3.7156e-18    8.9500e-18
3430.59766    7.5339e-18    6.7610e-18    9.5084e-18
3437.27979    8.4129e-18    9.0084e-18    6.8919e-18
3443.97534    1.8720e-17    1.4124e-17    3.0460e-17
3450.68359    2.5410e-17    2.1555e-17    3.5259e-17
3457.40479    3.2225e-17    2.9260e-17    3.9800e-17
3464.13916    1.4914e-17    1.4146e-17    1.6876e-17
3470.88647    6.5202e-18    6.0515e-18    7.7174e-18
3477.64697    5.2210e-17    5.2763e-17    5.0798e-17
3484.42090    2.5004e-17    2.2374e-17    3.1723e-17
3491.20776    1.3643e-17    1.2912e-17    1.5509e-17
3498.00781    3.0315e-17    3.0030e-17    3.1042e-17
3504.82129    4.4200e-17    3.5383e-17    6.6720e-17
3511.64771    2.2800e-18    1.6915e-18    3.7831e-18
3518.48804    2.4930e-17    2.2590e-17    3.0907e-17
3525.34131    1.3008e-17    9.5230e-18    2.1909e-17
3532.20776    9.0595e-18    6.9602e-18    1.4422e-17
3539.08813    2.8963e-17    2.1173e-17    4.8860e-17
3545.98145    3.3264e-18    2.3908e-18    5.7164e-18
3552.88818    9.0314e-18    8.4454e-18    1.0528e-17
3559.80884    7.1923e-18    5.4234e-18    1.1711e-17
3566.74292    7.2249e-18    5.8375e-18    1.0769e-17
3573.68994    6.4758e-19    4.6775e-19    1.1069e-18
3580.65112    4.1321e-19    2.9799e-19    7.0752e-19
3587.62500    5.4289e-18    3.9815e-18    9.1261e-18
3594.61304    4.8671e-19    3.4565e-19    8.4701e-19
3601.61499    2.3610e-18    1.7217e-18    3.9938e-18
3608.63013    9.4815e-19    6.7752e-19    1.6394e-18
3615.65894    2.4017e-18    1.8668e-18    3.7682e-18
3622.70166    1.1308e-17    1.1192e-17    1.1603e-17
3629.75806    7.3181e-19    5.3878e-19    1.2249e-18
3636.82837    2.6858e-18    2.2534e-18    3.7903e-18
3643.91138    5.8039e-18    6.3440e-18    4.4245e-18
3651.00928    1.4133e-19    1.0046e-19    2.4573e-19
3658.12085    8.5128e-18    9.0050e-18    7.2557e-18
3665.24609    4.1269e-19    2.9201e-19    7.2096e-19
3672.38525    2.1699e-19    1.5408e-19    3.7768e-19
3679.53857    9.4937e-19    6.1793e-19    1.7960e-18
3686.70557    7.1138e-19    5.2938e-19    1.1763e-18
3693.88647    3.5050e-19    2.4945e-19    6.0863e-19
3701.08154    1.9878e-18    1.4246e-18    3.4266e-18
3708.29053    5.4623e-19    3.8886e-19    9.4822e-19
3715.51343    9.0628e-19    6.5291e-19    1.5535e-18
3722.75049    6.1148e-18    4.5732e-18    1.0053e-17
3730.00171    4.0396e-18    3.2562e-18    6.0409e-18
3737.26709    1.7700e-19    1.2562e-19    3.0826e-19
3744.54639    5.9541e-18    4.3782e-18    9.9794e-18
3751.84009    4.9905e-18    5.1012e-18    4.7077e-18
3759.14795    6.5141e-18    5.7094e-18    8.5696e-18
3766.47021    2.0245e-17    1.9998e-17    2.0877e-17
3773.80664    7.0275e-20    5.3037e-20    1.1431e-19
3781.15723    2.4579e-17    2.2975e-17    2.8677e-17
3788.52197    4.6481e-18    3.4611e-18    7.6801e-18
3795.90137    4.6444e-18    3.6572e-18    7.1659e-18
3803.29492    1.0327e-18    7.3477e-19    1.7938e-18
3810.70312    5.1183e-18    3.9435e-18    8.1193e-18
3818.12549    1.4542e-19    1.0311e-19    2.5348e-19
3825.56250    3.1961e-17    3.3075e-17    2.9115e-17
3833.01416    2.7954e-18    2.0670e-18    4.6559e-18
3840.47998    8.3615e-19    5.9098e-19    1.4624e-18
3847.96045    3.1598e-18    2.5709e-18    4.6640e-18
3855.45557    9.0762e-20    6.4378e-20    1.5816e-19
3862.96533    3.2031e-19    2.2756e-19    5.5723e-19
3870.48950    1.0473e-17    1.0529e-17    1.0329e-17
3878.02832    3.2878e-19    2.3303e-19    5.7336e-19
3885.58203    1.6219e-19    1.1493e-19    2.8291e-19
3893.15039    6.3412e-18    4.9591e-18    9.8717e-18
3900.73340    5.3899e-19    3.8346e-19    9.3625e-19
3908.33154    1.3691e-17    1.1301e-17    1.9796e-17
3915.94409    2.2192e-17    2.0577e-17    2.6318e-17
3923.57153    4.0481e-19    2.8773e-19    7.0389e-19
3931.21387    2.4082e-17    2.3037e-17    2.6750e-17
3938.87109    4.8140e-17    5.2133e-17    3.7941e-17
3946.54346    2.5057e-17    2.5320e-17    2.4387e-17
3954.23047    6.3812e-19    4.5240e-19    1.1125e-18
3961.93262    1.2257e-17    1.0061e-17    1.7866e-17
3969.64941    5.3893e-17    5.5208e-17    5.0534e-17
3977.38159    2.0034e-17    2.1302e-17    1.6797e-17
3985.12866    1.5847e-17    1.3256e-17    2.2466e-17
3992.89111    6.4250e-18    4.8417e-18    1.0469e-17
4000.66846    1.7050e-17    1.6359e-17    1.8816e-17
4008.46094    1.6023e-18    1.1520e-18    2.7522e-18
4016.26880    1.1413e-18    8.1004e-19    1.9874e-18
4024.09155    3.8132e-18    3.2401e-18    5.2771e-18
4031.92969    1.2093e-18    8.5815e-19    2.1061e-18
4039.78320    1.8927e-19    1.3411e-19    3.3017e-19
4047.65186    1.5638e-19    1.1063e-19    2.7325e-19
4055.53589    7.6527e-19    5.4881e-19    1.3182e-18
4063.43506    6.5342e-18    4.8668e-18    1.0794e-17
4071.35010    2.9783e-18    2.1066e-18    5.2048e-18
4079.28027    7.2575e-18    5.3777e-18    1.2059e-17
4087.22607    7.5369e-18    5.5937e-18    1.2501e-17
4095.18701    2.6578e-18    1.8808e-18    4.6426e-18
4103.16357    1.6856e-18    1.2137e-18    2.8910e-18
4111.15576    2.2317e-18    1.6126e-18    3.8131e-18
4119.16357    1.7953e-17    1.6579e-17    2.1463e-17
4127.18652    1.5490e-17    1.4028e-17    1.9225e-17
4135.22559    8.6426e-18    6.8353e-18    1.3259e-17
4143.28027    3.3177e-18    2.3387e-18    5.8185e-18
4151.35059    7.5610e-19    5.3481e-19    1.3213e-18
4159.43652    4.7092e-18    3.4550e-18    7.9127e-18
4167.53857    2.3942e-18    1.7216e-18    4.1122e-18
4175.65625    8.1986e-17    7.5915e-17    9.7495e-17
4183.78906    6.1871e-18    4.5145e-18    1.0459e-17
4191.93848    1.5443e-19    1.0904e-19    2.7037e-19
4200.10352    9.3567e-19    6.6169e-19    1.6355e-18
4208.28418    3.9330e-18    2.8010e-18    6.8244e-18
4216.48145    7.9928e-20    5.6499e-20    1.3977e-19
4224.69434    8.6821e-19    6.1341e-19    1.5191e-18
4232.92334    4.0943e-17    4.0546e-17    4.1957e-17
4241.16846    1.8598e-16    1.3357e-16    3.1985e-16
4249.42920    4.6763e-18    3.7508e-18    7.0403e-18
4257.70605    1.8830e-17    1.5783e-17    2.6612e-17
4265.99902    6.1891e-19    4.3607e-19    1.0860e-18
4274.30859    1.0720e-16    8.0747e-17    1.7476e-16
4282.63428    1.8879e-19    1.3343e-19    3.3019e-19
4290.97607    1.3250e-16    9.5180e-17    2.2781e-16
4299.33398    3.6787e-17    3.8009e-17    3.3666e-17
4307.70801    2.8522e-17    2.0140e-17    4.9934e-17
4316.09863    7.2253e-17    5.6904e-17    1.1146e-16
4324.50586    2.3539e-18    1.6820e-18    4.0704e-18
4332.92920    1.9140e-17    2.0564e-17    1.5504e-17
4341.36914    2.2364e-17    2.3051e-17    2.0610e-17
4349.82520    1.0748e-16    8.4060e-17    1.6730e-16
4358.29785    1.5849e-16    1.1294e-16    2.7482e-16
4366.78662    1.2842e-17    1.0721e-17    1.8262e-17
4375.29199    5.9207e-17    5.2466e-17    7.6426e-17
4383.81445    4.9944e-17    5.0477e-17    4.8583e-17
4392.35352    5.9934e-20    4.2303e-20    1.0497e-19
4400.90869    1.9439e-17    2.1134e-17    1.5109e-17
4409.48047    4.1987e-17    4.8205e-17    2.6106e-17
4418.06934    1.1191e-16    8.4703e-17    1.8141e-16
4426.67480    1.5471e-19    1.0894e-19    2.7162e-19
4435.29736    2.5961e-17    2.3804e-17    3.1471e-17
4443.93652    1.0593e-18    7.4526e-19    1.8615e-18
4452.59277    5.2592e-17    3.7247e-17    9.1790e-17
4461.26562    1.9379e-17    1.3698e-17    3.3889e-17
4469.95508    2.2402e-17    2.2334e-17    2.2575e-17
4478.66162    2.5445e-17    1.7926e-17    4.4650e-17
4487.38477    5.1161e-17    5.1444e-17    5.0438e-17
4496.12549    3.7889e-18    2.6636e-18    6.6631e-18
4504.88281    1.5737e-17    1.6257e-17    1.4409e-17
4513.65771    2.6991e-17    2.6232e-17    2.8931e-17
4522.44922    4.4925e-17    4.8668e-17    3.5365e-17
4531.25830    2.0142e-17    1.8395e-17    2.4605e-17
4540.08447    1.5253e-17    1.6205e-17    1.2824e-17
4548.92773    2.3733e-17    2.4765e-17    2.1097e-17
4557.78809    2.3015e-17    2.5514e-17    1.6633e-17
4566.66602    1.2586e-19    8.8656e-20    2.2088e-19
4575.56055    2.4246e-17    2.4543e-17    2.3489e-17
4584.47314    6.2670e-17    6.1878e-17    6.4694e-17
4593.40283    1.7067e-17    1.5568e-17    2.0898e-17
4602.34961    2.0298e-18    1.4365e-18    3.5453e-18
4611.31445    4.3856e-19    3.1113e-19    7.6407e-19
4620.29590    2.3714e-17    2.6150e-17    1.7494e-17
4629.29590    6.3563e-17    6.3017e-17    6.4957e-17
4638.31250    9.3916e-18    6.5983e-18    1.6527e-17
4647.34668    1.8377e-17    1.7790e-17    1.9876e-17
4656.39941    3.0966e-18    2.2927e-18    5.1501e-18
4665.46875    3.6996e-17    3.7099e-17    3.6732e-17
4674.55664    8.9591e-18    6.9359e-18    1.4127e-17
4683.66113    4.4527e-18    3.1280e-18    7.8362e-18
4692.78418    5.0663e-20    3.5660e-20    8.8987e-20
4701.92480    5.0425e-19    3.5422e-19    8.8747e-19
4711.08301    7.1452e-19    2.7098e-19    1.8474e-18
4720.25977    5.5894e-18    3.9972e-18    9.6562e-18
4729.45361    2.8463e-17    2.1092e-17    4.7290e-17
4738.66602    7.2741e-18    5.4171e-18    1.2018e-17
4747.89551    2.9553e-18    2.0750e-18    5.2037e-18
4757.14355    6.5714e-19    4.6446e-19    1.1493e-18
4766.41016    2.2033e-20    1.5497e-20    3.8727e-20
4775.69385    1.8791e-17    1.3215e-17    3.3035e-17
4784.99609    2.0857e-20    1.4642e-20    3.6733e-20
4794.31641    2.7007e-18    1.8961e-18    4.7558e-18
4803.65430    9.1635e-20    6.4332e-20    1.6137e-19
4813.01074    4.0114e-17    2.8286e-17    7.0326e-17
4822.38574    6.5572e-17    4.8538e-17    1.0908e-16
4831.77930    1.2641e-17    9.3576e-18    2.1028e-17
4841.19043    1.0702e-17    8.3983e-18    1.6585e-17
4850.62012    5.5194e-18    3.9654e-18    9.4889e-18
4860.06836    1.9242e-18    1.3803e-18    3.3136e-18
4869.53467    2.8800e-17    2.1332e-17    4.7876e-17
4879.01953    2.3168e-17    1.6294e-17    4.0726e-17
4888.52295    2.6927e-17    1.8955e-17    4.7292e-17
4898.04492    1.1116e-17    7.8997e-18    1.9332e-17
4907.58545    4.8220e-17    3.4240e-17    8.3930e-17
4917.14453    3.5410e-20    2.4842e-20    6.2407e-20
4926.72168    4.2718e-17    4.1673e-17    4.5386e-17
4936.31836    1.7831e-19    1.2502e-19    3.1442e-19
4945.93311    4.3891e-17    3.0952e-17    7.6941e-17
4955.56689    1.8537e-17    1.3024e-17    3.2618e-17
4965.21973    1.3051e-19    9.1416e-20    2.3038e-19
4974.89062    1.9056e-17    1.3384e-17    3.3544e-17
4984.58105    2.2030e-19    1.5447e-19    3.8845e-19
4994.29004    1.3818e-17    1.0645e-17    2.1924e-17
5004.01758    3.4121e-17    2.4017e-17    5.9932e-17
5013.76465    5.7251e-17    5.4763e-17    6.3607e-17
5023.53027    1.7353e-17    1.2198e-17    3.0520e-17
5033.31543    4.7994e-19    3.3780e-19    8.4301e-19
5043.11914    1.8613e-17    1.3062e-17    3.2792e-17
5052.94238    3.1001e-17    2.1803e-17    5.4495e-17
5062.78418    3.2665e-18    2.2911e-18    5.7581e-18
5072.64551    7.3855e-17    5.2165e-17    1.2926e-16
5082.52637    1.7053e-18    1.2169e-18    2.9527e-18
5092.42578    2.4794e-19    1.7429e-19    4.3608e-19
5102.34473    6.6271e-18    5.0063e-18    1.0767e-17
5112.28320    5.5778e-17    3.9270e-17    9.7945e-17
5122.24121    3.5504e-18    2.5754e-18    6.0409e-18
5132.21777    1.4020e-17    1.0282e-17    2.3567e-17
5142.21484    8.2623e-18    6.3039e-18    1.3265e-17
5152.23047    8.7469e-18    6.4831e-18    1.4529e-17
5162.26660    2.4221e-16    1.7386e-16    4.1679e-16
5172.32129    1.3424e-16    1.1911e-16    1.7287e-16
5182.39648    3.9973e-17    2.8060e-17    7.0404e-17
5192.49023    6.4001e-19    4.5824e-19    1.1043e-18
5202.60449    2.6112e-17    2.6362e-17    2.5473e-17
5212.73779    3.0674e-20    2.1481e-20    5.4156e-20
5222.89160    7.5569e-18    5.3075e-18    1.3303e-17
5233.06445    2.9544e-17    3.0775e-17    2.6400e-17
5243.25781    1.5254e-18    1.0872e-18    2.6449e-18
5253.47021    3.3064e-17    3.0584e-17    3.9398e-17
5263.70312    1.3842e-16    9.9967e-17    2.3666e-16
5273.95557    1.2519e-16    1.0026e-16    1.8887e-16
5284.22852    4.2809e-17    4.5463e-17    3.6032e-17
5294.52100    9.1041e-18    6.3818e-18    1.6058e-17
5304.83398    1.1128e-19    7.7836e-20    1.9670e-19
5315.16650    6.8078e-17    7.0252e-17    6.2525e-17
5325.51953    2.0723e-17    2.1595e-17    1.8495e-17
5335.89258    6.5750e-17    4.6701e-17    1.1441e-16
5346.28564    1.0530e-17    7.5365e-18    1.8178e-17
5356.69922    1.4454e-19    1.0113e-19    2.5541e-19
5367.13281    1.6704e-17    1.6945e-17    1.6088e-17
5377.58691    6.3064e-17    4.4502e-17    1.1048e-16
5388.06152    6.7859e-19    4.7453e-19    1.1998e-18
5398.55664    4.8126e-19    3.3748e-19    8.4852e-19
5409.07178    1.4366e-17    1.0551e-17    2.4111e-17
5419.60742    9.9671e-20    6.9679e-20    1.7628e-19
5430.16406    5.6791e-17    4.9885e-17    7.4431e-17
5440.74121    1.8948e-18    1.3323e-18    3.3318e-18
5451.33887    1.6098e-18    1.1447e-18    2.7976e-18
5461.95703    5.5666e-19    4.0043e-19    9.5573e-19
5472.59570    6.3518e-18    4.5762e-18    1.0887e-17
5483.25488    1.9834e-19    1.3861e-19    3.5089e-19
5493.93555    5.6292e-18    3.9548e-18    9.9060e-18
5504.63672    1.8184e-19    1.2718e-19    3.2145e-19
5515.35840    2.7137e-19    1.8977e-19    4.7981e-19
5526.10156    1.7017e-17    1.1915e-17    3.0049e-17
5536.86523    1.1701e-17    9.0913e-18    1.8366e-17
5547.64941    5.4251e-18    3.8116e-18    9.5467e-18
5558.45557    4.6957e-18    3.2852e-18    8.2987e-18
5569.28271    1.9190e-18    1.3410e-18    3.3953e-18
5580.12988    2.4899e-18    1.7400e-18    4.4055e-18
5590.99902    3.5265e-18    2.4655e-18    6.2366e-18
5601.88965    4.3985e-19    3.0856e-19    7.7521e-19
5612.80078    2.0088e-18    1.4032e-18    3.5557e-18
5623.73340    8.6061e-18    6.3488e-18    1.4372e-17
5634.68750    6.6649e-20    4.6546e-20    1.1800e-19
5645.66211    2.9556e-18    2.0640e-18    5.2331e-18
5656.65918    9.7463e-18    7.3152e-18    1.5956e-17
5667.67676    1.1144e-18    7.7834e-19    1.9729e-18
5678.71680    3.2449e-18    2.2671e-18    5.7426e-18
5689.77734    2.0621e-18    1.4399e-18    3.6512e-18
5700.86035    9.7939e-20    6.8385e-20    1.7343e-19
5711.96484    5.7623e-19    4.0219e-19    1.0208e-18
5723.09033    5.8577e-18    4.1751e-18    1.0156e-17
5734.23779    3.1579e-18    2.2700e-18    5.4260e-18
5745.40723    4.2549e-18    2.9717e-18    7.5326e-18
5756.59766    4.4668e-19    3.1181e-19    7.9120e-19
5767.81104    1.6030e-19    1.1189e-19    2.8395e-19
5779.04492    1.6923e-18    1.2019e-18    2.9451e-18
5790.30176    3.3793e-19    2.3634e-19    5.9740e-19
5801.58008    9.1450e-19    6.3833e-19    1.6199e-18
5812.88037    2.0099e-18    1.4816e-18    3.3593e-18
5824.20264    7.4329e-19    5.2282e-19    1.3064e-18
5835.54688    5.9130e-18    4.1411e-18    1.0439e-17
5846.91357    5.8916e-19    4.1109e-19    1.0440e-18
5858.30225    2.6124e-18    1.8497e-18    4.5605e-18
5869.71289    6.6270e-18    4.6415e-18    1.1699e-17
5881.14600    3.8122e-20    2.6532e-20    6.7724e-20
5892.60156    4.2792e-19    3.0235e-19    7.4867e-19
5904.07910    1.4475e-18    1.0131e-18    2.5570e-18
5915.57910    3.6308e-18    2.5328e-18    6.4356e-18
5927.10156    6.7816e-18    4.8426e-18    1.1734e-17
5938.64648    2.6230e-20    1.8295e-20    4.6499e-20
5950.21387    1.7082e-18    1.2757e-18    2.8130e-18
5961.80371    4.1450e-19    2.8908e-19    7.3487e-19
5973.41602    3.5962e-19    2.5126e-19    6.3643e-19
5985.05127    1.0203e-18    7.1324e-19    1.8047e-18
5996.70850    2.3749e-17    1.9254e-17    3.5230e-17
6008.38867    4.5768e-20    3.1915e-20    8.1154e-20
6020.09229    2.0879e-18    1.4749e-18    3.6538e-18
6031.81836    1.2494e-19    8.7112e-20    2.2157e-19
6043.56738    1.6469e-17    1.1581e-17    2.8955e-17
6055.33887    1.1977e-18    8.3517e-19    2.1238e-18
6067.13428    4.0585e-19    2.8225e-19    7.2156e-19
6078.95117    1.1394e-17    8.6674e-18    1.8360e-17
6090.79150    1.8672e-19    1.3015e-19    3.3121e-19
6102.65527    2.5770e-18    1.7688e-18    4.6413e-18
6114.54199    8.1633e-18    6.0020e-18    1.3684e-17
6126.45215    4.6699e-18    3.3606e-18    8.0144e-18
6138.38525    1.0330e-18    7.3055e-19    1.8057e-18
6150.34131    1.9715e-17    1.7032e-17    2.6570e-17
6162.32178    6.9128e-19    4.8084e-19    1.2288e-18
6174.32422    5.8874e-18    4.1230e-18    1.0394e-17
6186.35059    5.2491e-18    3.6615e-18    9.3044e-18
6198.40088    1.3750e-18    9.5897e-19    2.4378e-18
6210.47314    7.9268e-20    5.5313e-20    1.4046e-19
6222.57031    8.4479e-19    5.9332e-19    1.4872e-18
6234.69043    2.4882e-17    2.0576e-17    3.5883e-17
6246.83496    1.4362e-17    1.3364e-17    1.6911e-17
6259.00195    1.0492e-18    7.3203e-19    1.8592e-18
6271.19385    6.6120e-19    4.6030e-19    1.1744e-18
6283.40869    1.2769e-18    8.9995e-19    2.2397e-18
6295.64795    5.9608e-19    4.2842e-19    1.0243e-18
6307.91016    6.2942e-18    4.3428e-18    1.1279e-17
6320.19678    1.1875e-17    8.3808e-18    2.0800e-17
6332.50781    1.7539e-18    1.2117e-18    3.1388e-18
6344.84180    2.2106e-18    1.5387e-18    3.9268e-18
6357.20020    1.6029e-18    1.1170e-18    2.8440e-18
6369.58252    1.2710e-17    9.7310e-18    2.0318e-17
6381.98926    6.2542e-18    4.3821e-18    1.1036e-17
6394.42041    7.5055e-19    5.2300e-19    1.3318e-18
6406.87549    6.8533e-18    5.1667e-18    1.1162e-17
6419.35449    1.4455e-17    1.3332e-17    1.7324e-17
6431.85840    2.4065e-17    2.0963e-17    3.1988e-17
6444.38672    4.1198e-18    2.8437e-18    7.3793e-18
6456.93896    1.9026e-17    1.8673e-17    1.9928e-17
6469.51514    2.7191e-18    1.8933e-18    4.8283e-18
6482.11719    4.2423e-18    2.8962e-18    7.6807e-18
6494.74268    3.9459e-18    2.7522e-18    6.9949e-18
6507.39355    1.7146e-18    1.1941e-18    3.0441e-18
6520.06836    4.3105e-17    3.9785e-17    5.1583e-17
6532.76855    1.8939e-18    1.3180e-18    3.3648e-18
6545.49316    7.8277e-20    5.4476e-20    1.3907e-19
6558.24268    2.5077e-18    1.5928e-18    4.8447e-18
6571.01611    3.0597e-18    2.1190e-18    5.4628e-18
6583.81543    1.7393e-18    1.2114e-18    3.0879e-18
6596.63965    1.7645e-19    1.2279e-19    3.1354e-19
6609.48828    1.1329e-18    7.8808e-19    2.0136e-18
6622.36230    2.8294e-18    1.9691e-18    5.0270e-18
6635.26172    1.9724e-20    1.3723e-20    3.5053e-20
6648.18506    2.2919e-18    1.5942e-18    4.0740e-18
6661.13525    1.0063e-18    7.0017e-19    1.7882e-18
6674.10986    4.9815e-19    3.4713e-19    8.8389e-19
6687.10938    1.2684e-18    8.8232e-19    2.2547e-18
6700.13428    6.7294e-19    4.6825e-19    1.1958e-18
6713.18506    1.1213e-19    7.8113e-20    1.9901e-19
6726.26123    6.1257e-19    4.2621e-19    1.0886e-18
6739.36279    4.4182e-21    3.0740e-21    7.8519e-21
6752.48926    1.3000e-19    9.0447e-20    2.3103e-19
6765.64258    4.3197e-19    3.0056e-19    7.6763e-19
6778.82031    5.0959e-19    3.5456e-19    9.0561e-19
6792.02441    7.7439e-20    5.3879e-20    1.3762e-19
6805.25439    6.1670e-19    4.2911e-19    1.0959e-18
6818.50928    4.4217e-19    3.0764e-19    7.8580e-19
6831.78955    3.9810e-19    2.7681e-19    7.0790e-19
6845.09717    1.6634e-20    1.1573e-20    2.9561e-20
6858.43018    9.1200e-19    6.3452e-19    1.6208e-18
6871.78906    4.6184e-18    3.2151e-18    8.2028e-18
6885.17432    7.5472e-20    5.2555e-20    1.3401e-19
6898.58447    7.0392e-19    4.8983e-19    1.2508e-18
6912.02246    9.7852e-19    6.8052e-19    1.7397e-18
6925.48486    3.0289e-19    2.1075e-19    5.3823e-19
6938.97412    2.0558e-18    1.4306e-18    3.6526e-18
6952.49023    2.2793e-19    1.5888e-19    4.0429e-19
6966.03271    3.6478e-19    2.5382e-19    6.4822e-19
6979.60059    9.2947e-20    6.4668e-20    1.6518e-19
6993.19629    1.5731e-19    1.0945e-19    2.7955e-19
