1000.97394    9.4531e-18    1.2504e-17    4.4918e-19
1002.92358    3.0364e-18    3.9964e-18    2.0267e-19
1004.87708    4.4639e-18    5.8813e-18    2.8005e-19
1006.83441    2.7660e-18    3.6022e-18    2.9797e-19
1008.79553    4.9283e-18    6.5069e-18    2.6865e-19
1010.76050    3.9410e-19    5.1671e-19    3.2184e-20
1012.72925    1.9951e-18    2.6325e-18    1.1345e-19
1014.70178    3.8527e-18    5.1073e-18    1.4957e-19
1016.67822    5.0430e-18    6.6636e-18    2.5958e-19
1018.65857    3.0622e-18    4.0604e-18    1.1556e-19
1020.64270    4.3400e-18    5.7363e-18    2.1865e-19
1022.63074    4.7702e-18    6.3243e-18    1.8283e-19
1024.62256    1.8132e-18    2.3966e-18    9.1237e-20
1026.61841    1.3845e-18    1.8243e-18    8.6405e-20
1028.61792    2.4115e-18    3.1726e-18    1.6495e-19
1030.62158    4.6406e-18    6.1349e-18    2.2967e-19
1032.62891    3.4081e-18    4.4607e-18    3.0129e-19
1034.64038    9.5793e-18    1.2717e-17    3.1682e-19
1036.65564    4.9397e-18    6.3605e-18    7.4594e-19
1038.67480    4.4118e-18    5.8026e-18    3.0647e-19
1040.69800    7.0291e-18    9.2184e-18    5.6715e-19
1042.72510    6.6155e-18    8.6469e-18    6.1929e-19
1044.75610    5.3743e-18    7.1031e-18    2.7133e-19
1046.79102    4.4321e-18    5.8476e-18    2.5395e-19
1048.83008    1.5088e-18    1.9637e-18    1.6609e-19
1050.87292    8.1615e-18    1.0749e-17    5.2356e-19
1052.91980    6.8715e-18    9.0040e-18    5.7681e-19
1054.97070    1.4100e-17    1.8655e-17    6.5384e-19
1057.02563    8.8602e-18    1.1670e-17    5.6570e-19
1059.08447    1.1243e-17    1.4733e-17    9.4440e-19
1061.14734    3.6468e-17    4.8189e-17    1.8714e-18
1063.21436    2.3890e-17    3.1562e-17    1.2440e-18
1065.28516    1.2325e-17    1.6152e-17    1.0259e-18
1067.36011    2.4482e-17    3.1644e-17    3.3389e-18
1069.43921    1.7024e-17    2.2201e-17    1.7420e-18
1071.52222    2.0998e-17    2.7111e-17    2.9560e-18
1073.60938    6.4716e-17    8.3087e-17    1.0491e-17
1075.70056    3.8735e-17    5.0248e-17    4.7529e-18
1077.79590    3.2737e-17    4.2531e-17    3.8268e-18
1079.89514    6.6403e-18    8.6430e-18    7.2890e-19
1081.99854    8.8386e-18    1.1718e-17    3.3913e-19
1084.10608    1.6169e-17    2.1249e-17    1.1734e-18
1086.21777    9.0506e-18    1.1852e-17    7.8273e-19
1088.33350    2.0341e-17    2.6771e-17    1.3604e-18
1090.45337    2.6663e-17    3.5210e-17    1.4345e-18
1092.57727    1.7158e-17    2.2567e-17    1.1919e-18
1094.70532    2.1065e-17    2.7823e-17    1.1196e-18
1096.83765    2.1085e-17    2.7859e-17    1.0901e-18
1098.97412    2.6125e-17    3.4486e-17    1.4462e-18
1101.11475    1.6024e-17    2.1174e-17    8.2078e-19
1103.25952    1.2490e-17    1.6392e-17    9.7154e-19
1105.40845    1.9956e-17    2.6333e-17    1.1304e-18
1107.56152    3.0755e-17    4.0481e-17    2.0455e-18
1109.71887    2.3054e-17    3.0168e-17    2.0556e-18
1111.88037    7.5781e-17    1.0078e-16    2.0074e-18
1114.04614    1.1892e-16    1.5817e-16    3.0657e-18
1116.21606    3.0762e-17    4.0715e-17    1.3808e-18
1118.39014    8.9188e-18    1.1628e-17    9.2260e-19
1120.56860    1.2107e-17    1.5925e-17    8.3614e-19
1122.75122    1.6352e-17    2.1438e-17    1.3414e-18
1124.93811    2.2887e-17    3.0074e-17    1.6720e-18
1127.12927    3.9027e-17    5.1187e-17    3.1336e-18
1129.32471    2.8806e-17    3.8013e-17    1.6290e-18
1131.52441    3.2348e-17    4.2769e-17    1.5904e-18
1133.72839    5.3120e-17    7.0701e-17    1.2263e-18
1135.93665    1.7403e-17    2.2904e-17    1.1669e-18
1138.14917    1.5739e-17    2.0783e-17    8.5302e-19
1140.36621    2.5729e-17    3.3986e-17    1.3582e-18
1142.58740    3.4935e-17    4.6331e-17    1.2956e-18
1144.81299    1.3723e-16    1.8135e-16    7.0121e-18
1147.04272    7.8539e-17    1.0236e-16    8.2342e-18
1149.27698    7.9176e-17    1.0379e-16    6.5109e-18
1151.51562    6.3461e-17    8.2568e-17    7.0623e-18
1153.75854    5.3182e-17    6.9981e-17    3.5953e-18
1156.00586    3.5676e-17    4.7122e-17    1.8886e-18
1158.25745    4.9984e-17    6.5758e-17    3.4252e-18
1160.51355    5.3781e-17    7.0441e-17    4.6055e-18
1162.77393    4.1904e-17    5.5345e-17    2.2291e-18
1165.03882    5.4418e-17    7.1828e-17    3.0276e-18
1167.30811    7.1612e-17    9.4234e-17    4.8375e-18
1169.58179    7.0662e-17    9.2922e-17    4.9572e-18
1171.85986    7.3891e-17    9.7563e-17    4.0164e-18
1174.14246    8.2314e-17    1.0790e-16    6.7819e-18
1176.42944    5.1598e-17    6.6980e-17    6.1972e-18
1178.72095    2.6872e-17    3.5304e-17    1.9838e-18
1181.01685    4.2399e-17    5.6049e-17    2.1102e-18
1183.31714    4.1135e-17    5.4174e-17    2.6495e-18
1185.62207    5.2005e-17    6.8116e-17    4.4493e-18
1187.93140    7.6829e-17    1.0038e-16    7.3218e-18
1190.24536    4.6450e-17    6.1016e-17    3.4526e-18
1192.56372    5.9977e-17    7.8568e-17    5.1011e-18
1194.88647    2.9660e-17    3.8460e-17    3.6847e-18
1197.21387    1.3373e-16    1.7746e-16    4.6217e-18
1199.54590    6.2759e-17    8.1468e-17    7.5353e-18
1201.88232    2.2588e-17    2.9600e-17    1.8904e-18
1204.22339    1.3717e-17    1.8107e-17    7.5808e-19
1206.56897    1.6677e-17    2.1793e-17    1.5767e-18
1208.91919    2.6075e-16    3.4787e-16    3.6264e-18
1211.27393    4.6621e-17    6.1490e-17    2.7304e-18
1213.63330    5.2909e-17    7.0243e-17    1.7443e-18
1215.99719    6.2677e-17    8.3237e-17    1.9886e-18
1218.36572    3.1494e-17    4.1473e-17    2.0380e-18
1220.73877    4.0447e-16    5.4048e-16    3.0025e-18
1223.11658    2.0896e-17    2.7367e-17    1.7967e-18
1225.49902    3.2500e-17    4.2949e-17    1.6594e-18
1227.88599    3.2020e-17    4.2320e-17    1.6166e-18
1230.27771    2.3907e-17    3.1619e-17    1.1426e-18
1232.67407    4.9934e-17    6.5910e-17    2.7794e-18
1235.07507    4.2734e-17    5.6480e-17    2.1605e-18
1237.48071    3.6343e-17    4.8066e-17    1.7410e-18
1239.89111    2.8992e-17    3.8029e-17    2.3162e-18
1242.30615    4.4225e-17    5.7686e-17    4.4925e-18
1244.72595    3.0898e-17    4.0753e-17    1.8103e-18
1247.15039    2.7040e-17    3.5720e-17    1.4169e-18
1249.57959    2.3399e-17    3.0556e-17    2.2740e-18
1252.01355    3.1739e-17    4.1764e-17    2.1471e-18
1254.45215    3.6549e-17    4.8149e-17    2.3068e-18
1256.89563    4.5128e-17    5.9023e-17    4.1165e-18
1259.34375    6.3976e-17    8.4439e-17    3.5721e-18
1261.79675    5.2796e-17    6.8603e-17    6.1364e-18
1264.25452    2.8064e-17    3.6798e-17    2.2835e-18
1266.71704    5.6000e-17    7.1165e-17    1.1237e-17
1269.18433    2.2882e-17    2.9934e-17    2.0650e-18
1271.65649    5.0396e-17    6.4806e-17    7.8601e-18
1274.13342    3.8754e-17    5.0371e-17    4.4636e-18
1276.61523    3.8442e-17    4.9292e-17    6.4170e-18
1279.10181    4.2384e-17    5.5754e-17    2.9175e-18
1281.59326    2.9296e-17    3.8331e-17    2.6255e-18
1284.08960    4.0379e-17    5.2848e-17    3.5763e-18
1286.59070    3.2103e-17    4.1704e-17    3.7658e-18
1289.09668    5.8264e-17    7.6053e-17    5.7541e-18
1291.60767    3.8194e-17    4.9754e-17    4.0742e-18
1294.12341    2.7653e-17    3.6118e-17    2.6660e-18
1296.64404    8.7784e-17    1.1570e-16    5.3839e-18
1299.16968    9.0652e-17    1.1947e-16    5.5787e-18
1301.70020    6.4548e-17    8.4020e-17    7.0716e-18
1304.23572    7.4871e-17    9.8393e-17    5.4418e-18
1306.77612    5.0643e-17    6.5699e-17    6.2047e-18
1309.32141    2.5568e-17    3.3077e-17    3.4028e-18
1311.87183    3.0086e-17    3.8986e-17    3.8163e-18
1314.42700    3.7336e-17    4.8300e-17    4.9713e-18
1316.98730    3.9955e-17    5.1867e-17    4.7937e-18
1319.55249    4.6871e-17    6.0859e-17    5.5819e-18
1322.12280    4.2110e-17    5.4534e-17    5.4370e-18
1324.69800    4.9566e-17    6.4352e-17    5.9217e-18
1327.27820    3.9483e-17    5.1462e-17    4.1263e-18
1329.86353    3.2875e-17    4.2665e-17    3.9787e-18
1332.45386    4.8366e-17    6.2057e-17    7.9540e-18
1335.04919    2.3898e-17    3.0508e-17    4.3871e-18
1337.64966    2.5576e-17    3.2917e-17    3.9070e-18
1340.25513    4.4063e-17    5.6200e-17    8.2407e-18
1342.86560    1.9964e-17    2.4900e-17    5.3949e-18
1345.48120    2.8108e-17    3.5882e-17    5.1631e-18
1348.10205    1.1766e-17    1.4578e-17    3.4636e-18
1350.72778    3.8681e-17    4.9565e-17    6.5563e-18
1353.35876    4.0877e-17    5.2477e-17    6.6372e-18
1355.99487    3.2744e-17    4.2193e-17    4.8528e-18
1358.63611    3.1698e-17    3.9211e-17    9.5195e-18
1361.28247    5.8213e-17    7.4326e-17    1.0652e-17
1363.93396    3.3687e-17    4.2630e-17    7.2888e-18
1366.59058    3.4614e-17    4.4209e-17    6.2899e-18
1369.25244    3.7389e-17    4.7924e-17    6.2933e-18
1371.91956    4.7381e-17    5.9654e-17    1.1156e-17
1374.59180    6.5906e-17    8.4129e-17    1.2119e-17
1377.26929    4.8387e-17    6.1303e-17    1.0262e-17
1379.95190    4.5098e-17    5.7176e-17    9.4474e-18
1382.63965    4.7495e-17    6.0621e-17    8.7484e-18
1385.33276    3.6186e-17    4.6173e-17    6.7069e-18
1388.03125    4.4334e-17    5.5004e-17    1.2840e-17
1390.73486    2.7114e-17    3.3553e-17    8.1090e-18
1393.44360    2.9676e-17    3.5705e-17    1.1881e-17
1396.15784    4.0678e-17    5.1236e-17    9.5155e-18
1398.87720    7.5778e-17    9.6609e-17    1.4293e-17
1401.60205    4.0756e-17    5.0702e-17    1.1400e-17
1404.33203    3.6244e-17    4.6026e-17    7.3703e-18
1407.06738    2.9022e-17    3.6068e-17    8.2254e-18
1409.80811    2.9775e-17    3.6520e-17    9.8664e-18
1412.55420    3.8058e-17    4.6683e-17    1.2601e-17
1415.30554    5.7414e-17    7.1637e-17    1.5430e-17
1418.06213    5.3714e-17    6.8187e-17    1.0994e-17
1420.82446    3.2739e-17    4.0773e-17    9.0264e-18
1423.59180    4.3705e-17    5.3949e-17    1.3468e-17
1426.36475    1.8915e-17    2.3204e-17    6.2554e-18
1429.14307    3.4206e-17    4.3325e-17    7.2881e-18
1431.92676    6.1997e-17    7.8462e-17    1.3396e-17
1434.71582    3.8111e-17    4.5796e-17    1.5426e-17
1437.51038    3.6790e-17    4.6970e-17    6.7409e-18
1440.31030    3.0063e-17    3.7621e-17    7.7539e-18
1443.11572    3.8215e-17    4.7178e-17    1.1758e-17
1445.92676    1.9156e-17    2.3850e-17    5.3005e-18
1448.74316    2.2701e-17    2.8054e-17    6.8995e-18
1451.56494    9.3177e-17    1.2180e-16    8.6787e-18
1454.39233    2.1480e-17    2.6607e-17    6.3487e-18
1457.22522    2.3254e-17    2.9031e-17    6.2021e-18
1460.06360    1.7494e-17    2.1119e-17    6.7943e-18
1462.90747    2.8017e-17    3.5072e-17    7.1907e-18
1465.75696    1.6607e-17    2.0452e-17    5.2559e-18
1468.61206    2.3383e-17    2.7784e-17    1.0394e-17
1471.47253    2.8762e-17    3.5836e-17    7.8823e-18
1474.33862    8.7180e-17    1.1233e-16    1.2955e-17
1477.21045    6.9098e-17    8.7966e-17    1.3406e-17
1480.08777    2.1659e-17    2.6892e-17    6.2108e-18
1482.97058    4.6592e-17    5.7348e-17    1.4843e-17
1485.85913    4.0096e-17    5.0154e-17    1.0406e-17
1488.75342    4.7049e-17    5.9784e-17    9.4576e-18
1491.65332    4.6817e-17    5.9651e-17    8.9350e-18
1494.55859    4.6742e-17    5.8160e-17    1.3040e-17
1497.46985    1.7648e-17    2.0022e-17    1.0640e-17
1500.38647    1.7364e-17    2.0127e-17    9.2071e-18
1503.30896    2.7006e-17    3.2708e-17    1.0174e-17
1506.23706    3.7522e-17    4.4470e-17    1.7016e-17
1509.17090    2.8724e-17    3.5484e-17    8.7703e-18
1512.11060    4.0381e-17    4.8766e-17    1.5632e-17
1515.05591    2.1205e-17    2.4890e-17    1.0330e-17
1518.00684    8.3470e-18    8.9194e-18    6.6578e-18
1520.96362    3.3424e-17    3.8183e-17    1.9378e-17
1523.92627    3.1716e-17    3.6386e-17    1.7933e-17
1526.89453    4.1930e-17    5.0663e-17    1.6155e-17
1529.86865    1.1539e-17    1.2243e-17    9.4587e-18
1532.84839    2.1146e-17    2.5193e-17    9.2031e-18
1535.83411    1.3464e-17    1.5639e-17    7.0432e-18
1538.82568    1.6239e-17    1.8487e-17    9.6024e-18
1541.82300    1.5800e-17    1.8274e-17    8.4975e-18
1544.82617    1.3076e-17    1.4933e-17    7.5960e-18
1547.83521    3.4090e-17    4.0882e-17    1.4041e-17
1550.85010    5.8372e-17    6.6241e-17    3.5145e-17
1553.87085    1.9696e-17    2.2586e-17    1.1167e-17
1556.89746    3.7170e-17    4.2456e-17    2.1568e-17
1559.92993    3.8733e-17    3.9976e-17    3.5063e-17
1562.96863    3.3590e-17    3.6101e-17    2.6180e-17
1566.01282    1.6953e-17    1.7879e-17    1.4220e-17
1569.06311    5.2582e-17    5.6137e-17    4.2087e-17
1572.11938    5.7803e-17    6.5572e-17    3.4873e-17
1575.18152    5.8071e-17    6.2633e-17    4.4605e-17
1578.24963    6.8741e-17    7.5496e-17    4.8805e-17
1581.32373    5.9621e-17    6.3834e-17    4.7185e-17
1584.40381    2.4899e-17    2.7256e-17    1.7944e-17
1587.48999    3.5712e-17    3.8712e-17    2.6856e-17
1590.58215    1.8199e-17    1.8919e-17    1.6073e-17
1593.68018    4.4532e-17    4.6812e-17    3.7803e-17
1596.78442    3.6554e-17    3.8073e-17    3.2071e-17
1599.89465    2.8926e-17    3.0530e-17    2.4191e-17
1603.01086    2.8769e-17    3.1163e-17    2.1703e-17
1606.13330    3.8710e-17    4.3147e-17    2.5612e-17
1609.26172    2.1550e-17    2.4563e-17    1.2654e-17
1612.39636    3.3478e-17    3.7934e-17    2.0325e-17
1615.53674    5.8635e-18    5.5123e-18    6.9000e-18
1618.68347    4.0054e-17    3.9801e-17    4.0803e-17
1621.83630    6.5310e-17    6.4271e-17    6.8375e-17
1624.99548    4.1226e-17    4.2548e-17    3.7324e-17
1628.16064    8.4022e-17    8.6385e-17    7.7048e-17
1631.33203    4.7243e-17    4.6845e-17    4.8419e-17
1634.50952    7.0803e-17    7.1738e-17    6.8042e-17
1637.69312    6.3285e-17    6.1776e-17    6.7740e-17
1640.88306    8.1309e-17    9.0092e-17    5.5383e-17
1644.07922    3.4957e-17    3.6978e-17    2.8993e-17
1647.28162    3.3367e-17    3.5334e-17    2.7561e-17
1650.49023    5.0241e-17    4.9965e-17    5.1054e-17
1653.70496    5.5729e-17    5.8289e-17    4.8172e-17
1656.92603    6.7056e-17    8.3176e-17    1.9472e-17
1660.15369    2.8235e-17    2.8803e-17    2.6560e-17
1663.38721    2.2998e-17    2.6585e-17    1.2410e-17
1666.62720    1.2318e-17    1.2669e-17    1.1282e-17
1669.87317    1.2967e-17    1.3836e-17    1.0402e-17
1673.12585    1.9402e-17    2.0400e-17    1.6455e-17
1676.38489    3.8926e-17    4.0220e-17    3.5106e-17
1679.65027    2.8971e-17    2.9282e-17    2.8052e-17
1682.92188    2.0734e-17    2.2418e-17    1.5762e-17
1686.19958    4.3983e-17    5.2086e-17    2.0065e-17
1689.48413    3.3552e-17    3.5583e-17    2.7557e-17
1692.77502    2.1821e-17    2.2220e-17    2.0644e-17
1696.07227    1.4741e-17    1.5940e-17    1.1200e-17
1699.37573    1.3901e-17    1.4733e-17    1.1445e-17
1702.68567    5.6850e-17    5.7218e-17    5.5765e-17
1706.00232    2.1074e-17    2.1778e-17    1.8995e-17
1709.32544    6.2720e-17    6.6709e-17    5.0943e-17
1712.65491    2.5300e-17    2.5725e-17    2.4047e-17
1715.99060    4.9365e-17    5.2803e-17    3.9217e-17
1719.33301    3.7245e-17    3.8776e-17    3.2728e-17
1722.68188    5.8386e-17    6.1009e-17    5.0646e-17
1726.03735    5.9351e-17    6.2700e-17    4.9465e-17
1729.39941    1.7098e-17    1.6319e-17    1.9399e-17
1732.76807    2.7795e-17    2.9441e-17    2.2937e-17
1736.14307    1.3607e-17    1.3900e-17    1.2743e-17
1739.52466    1.7438e-17    1.5571e-17    2.2949e-17
1742.91296    2.0757e-17    2.2053e-17    1.6932e-17
1746.30786    3.2509e-17    3.2433e-17    3.2733e-17
1749.70935    2.9119e-17    2.9922e-17    2.6751e-17
1753.11755    5.4681e-18    4.7763e-18    7.5102e-18
1756.53223    1.1430e-17    1.1600e-17    1.0927e-17
1759.95325    3.3927e-17    3.5874e-17    2.8181e-17
1763.38147    2.4745e-17    2.5480e-17    2.2575e-17
1766.81628    1.2852e-17    1.2960e-17    1.2532e-17
1770.25745    1.4230e-17    1.2550e-17    1.9189e-17
1773.70581    4.9980e-17    4.9469e-17    5.1487e-17
1777.16064    1.8247e-17    1.9514e-17    1.4506e-17
1780.62207    1.9427e-17    1.8741e-17    2.1453e-17
1784.09045    6.8527e-17    6.9469e-17    6.5746e-17
1787.56555    1.1435e-16    1.2082e-16    9.5243e-17
1791.04749    1.8426e-17    1.8052e-17    1.9531e-17
1794.53601    6.6140e-17    6.4644e-17    7.0558e-17
1798.03137    4.0515e-17    4.4824e-17    2.7794e-17
1801.53357    1.5202e-17    1.3662e-17    1.9749e-17
1805.04248    4.0062e-17    4.1526e-17    3.5739e-17
1808.55847    3.5295e-17    3.3657e-17    4.0129e-17
1812.08130    2.8000e-17    2.6376e-17    3.2793e-17
1815.61096    2.2195e-17    2.1220e-17    2.5071e-17
1819.14722    2.1382e-17    2.1287e-17    2.1664e-17
1822.69067    2.3790e-17    2.5198e-17    1.9636e-17
1826.24084    2.6534e-17    2.7869e-17    2.2593e-17
1829.79797    2.6406e-17    2.8610e-17    1.9899e-17
1833.36206    3.3493e-17    3.4958e-17    2.9171e-17
1836.93311    1.2855e-17    1.3749e-17    1.0216e-17
1840.51111    4.1425e-17    4.2411e-17    3.8514e-17
1844.09607    2.8823e-17    2.8853e-17    2.8735e-17
1847.68799    2.4352e-17    2.6339e-17    1.8488e-17
1851.28687    2.9057e-17    2.8841e-17    2.9696e-17
1854.89282    1.2640e-17    1.2065e-17    1.4336e-17
1858.50586    2.0399e-17    2.1277e-17    1.7808e-17
1862.12585    3.3133e-17    2.9483e-17    4.3905e-17
1865.75293    2.2812e-17    2.2799e-17    2.2849e-17
1869.38696    2.2171e-17    2.3755e-17    1.7497e-17
1873.02820    9.6962e-18    9.1631e-18    1.1270e-17
1876.67651    3.8982e-17    3.8505e-17    4.0389e-17
1880.33191    3.1413e-17    3.3281e-17    2.5902e-17
1883.99438    5.0180e-17    4.7448e-17    5.8244e-17
1887.66406    3.4072e-17    3.3357e-17    3.6182e-17
1891.34082    1.8429e-17    1.8174e-17    1.9182e-17
1895.02490    1.7263e-17    1.6227e-17    2.0323e-17
1898.71606    3.8128e-17    3.7394e-17    4.0294e-17
1902.41431    3.5017e-17    3.2126e-17    4.3550e-17
1906.11987    2.9612e-17    3.0407e-17    2.7264e-17
1909.83252    2.5505e-17    2.5611e-17    2.5194e-17
1913.55261    2.5592e-17    2.4304e-17    2.9396e-17
1917.27979    3.9989e-17    3.8742e-17    4.3670e-17
1921.01428    2.7203e-17    2.4975e-17    3.3777e-17
1924.75610    2.4878e-17    2.3912e-17    2.7730e-17
1928.50513    3.3748e-17    3.7915e-17    2.1449e-17
1932.26147    2.1392e-17    2.3458e-17    1.5294e-17
1936.02515    2.9008e-17    2.7490e-17    3.3488e-17
1939.79614    2.0597e-17    2.0693e-17    2.0312e-17
1943.57446    3.3399e-17    3.4220e-17    3.0973e-17
1947.36011    4.7435e-17    4.6670e-17    4.9695e-17
1951.15332    1.3095e-17    1.2543e-17    1.4723e-17
1954.95374    1.8168e-17    1.9501e-17    1.4235e-17
1958.76160    3.9254e-17    4.1847e-17    3.1601e-17
1962.57690    4.0452e-17    4.2847e-17    3.3382e-17
1966.39966    5.8892e-17    6.7368e-17    3.3872e-17
1970.22974    4.6009e-17    4.7640e-17    4.1194e-17
1974.06738    3.6550e-17    3.9994e-17    2.6385e-17
1977.91248    2.0711e-17    1.9026e-17    2.5686e-17
1981.76514    1.3916e-17    1.2997e-17    1.6630e-17
1985.62524    2.6471e-17    2.6291e-17    2.7003e-17
1989.49280    2.1433e-17    2.1021e-17    2.2650e-17
1993.36792    2.4018e-17    2.3246e-17    2.6296e-17
1997.25061    2.0744e-17    1.9273e-17    2.5088e-17
2001.14087    3.8741e-17    4.0501e-17    3.3547e-17
2005.03870    2.4229e-17    2.4336e-17    2.3912e-17
2008.94409    5.0880e-17    5.2042e-17    4.7448e-17
2012.85718    4.1333e-17    4.3070e-17    3.6206e-17
2016.77783    3.0112e-17    3.2004e-17    2.4526e-17
2020.70605    2.1241e-17    2.1385e-17    2.0816e-17
2024.64209    2.6721e-17    2.7483e-17    2.4473e-17
2028.58569    4.3861e-17    4.6751e-17    3.5331e-17
2032.53687    3.5257e-17    3.8144e-17    2.6738e-17
2036.49585    1.5536e-17    1.5143e-17    1.6697e-17
2040.46265    2.3719e-17    2.3696e-17    2.3789e-17
2044.43701    2.3069e-17    2.0083e-17    3.1881e-17
2048.41919    1.3901e-17    1.4081e-17    1.3373e-17
2052.40918    1.5543e-17    1.5416e-17    1.5920e-17
2056.40674    3.0291e-17    3.1161e-17    2.7724e-17
2060.41211    2.7412e-17    2.3215e-17    3.9802e-17
2064.42554    4.0328e-17    3.9808e-17    4.1863e-17
2068.44678    4.6019e-17    4.4074e-17    5.1761e-17
2072.47559    4.5913e-17    4.4666e-17    4.9593e-17
2076.51221    4.4637e-17    4.4340e-17    4.5511e-17
2080.55713    3.4657e-17    3.2727e-17    4.0354e-17
2084.60938    1.5745e-17    1.5434e-17    1.6664e-17
2088.66992    2.2008e-17    2.0986e-17    2.5027e-17
2092.73828    2.0837e-17    2.0966e-17    2.0457e-17
2096.81445    2.3632e-17    2.5038e-17    1.9479e-17
2100.89868    3.2979e-17    3.5737e-17    2.4841e-17
2104.99072    3.0186e-17    3.1341e-17    2.6777e-17
2109.09082    7.1202e-17    7.5087e-17    5.9734e-17
2113.19922    1.9174e-17    1.8204e-17    2.2036e-17
2117.31519    7.7664e-17    8.2208e-17    6.4253e-17
2121.43945    9.5601e-18    9.6739e-18    9.2242e-18
2125.57129    2.0720e-17    2.1022e-17    1.9831e-17
2129.71143    3.5365e-17    3.7540e-17    2.8944e-17
2133.85986    2.8799e-17    2.9185e-17    2.7661e-17
2138.01611    3.1347e-17    3.3365e-17    2.5389e-17
2142.18066    3.8487e-17    4.0322e-17    3.3070e-17
2146.35303    1.8512e-17    1.9606e-17    1.5280e-17
2150.53369    3.0671e-17    3.3083e-17    2.3552e-17
2154.72266    1.8734e-17    1.9349e-17    1.6918e-17
2158.91968    2.7122e-17    2.7948e-17    2.4683e-17
2163.12500    2.9894e-17    3.3095e-17    2.0447e-17
2167.33813    3.4850e-17    3.8041e-17    2.5430e-17
2171.55957    2.0755e-17    2.1997e-17    1.7090e-17
2175.78955    3.7379e-17    4.0513e-17    2.8128e-17
2180.02759    1.4309e-17    1.4524e-17    1.3672e-17
2184.27393    4.0045e-17    4.2069e-17    3.4071e-17
2188.52832    4.0259e-17    4.2715e-17    3.3008e-17
2192.79102    1.4715e-17    1.5578e-17    1.2166e-17
2197.06226    1.8113e-17    1.7012e-17    2.1362e-17
2201.34180    1.9148e-17    2.1747e-17    1.1473e-17
2205.62939    2.7163e-17    2.9473e-17    2.0345e-17
2209.92554    3.8128e-17    4.0308e-17    3.1692e-17
2214.22998    4.9165e-17    5.4013e-17    3.4855e-17
2218.54297    3.5771e-17    4.0080e-17    2.3053e-17
2222.86426    5.5164e-17    5.5585e-17    5.3923e-17
2227.19409    4.8846e-17    5.1132e-17    4.2098e-17
2231.53223    5.2726e-17    5.3464e-17    5.0548e-17
2235.87891    4.4505e-17    4.7523e-17    3.5596e-17
2240.23389    6.3152e-17    6.7498e-17    5.0324e-17
2244.59717    6.4084e-17    6.8879e-17    4.9933e-17
2248.96924    6.8833e-17    7.1989e-17    5.9516e-17
2253.34985    6.7553e-17    7.0950e-17    5.7528e-17
2257.73901    5.4858e-17    5.9300e-17    4.1748e-17
2262.13672    6.4421e-17    6.6813e-17    5.7361e-17
2266.54297    8.7625e-17    8.7950e-17    8.6667e-17
2270.95752    8.3088e-17    8.3831e-17    8.0895e-17
2275.38086    1.0676e-16    1.0446e-16    1.1355e-16
2279.81299    6.8355e-17    6.7501e-17    7.0877e-17
2284.25366    5.3795e-17    5.2983e-17    5.6194e-17
2288.70288    3.7356e-17    3.6007e-17    4.1339e-17
2293.16089    6.3330e-17    6.4048e-17    6.1213e-17
2297.62744    3.5688e-17    3.8268e-17    2.8076e-17
2302.10303    2.9758e-17    3.1061e-17    2.5911e-17
2306.58691    8.3128e-17    9.0667e-17    6.0878e-17
2311.07959    8.0543e-17    8.6408e-17    6.3230e-17
2315.58105    6.3706e-17    6.6526e-17    5.5382e-17
2320.09155    4.9875e-17    5.0968e-17    4.6649e-17
2324.61060    5.7696e-17    6.0098e-17    5.0607e-17
2329.13843    1.8872e-16    1.7582e-16    2.2682e-16
2333.67529    1.5767e-16    1.3327e-16    2.2968e-16
2338.22070    1.6176e-16    1.4806e-16    2.0221e-16
2342.77490    1.4153e-16    1.3041e-16    1.7436e-16
2347.33838    4.1804e-16    3.6169e-16    5.8435e-16
2351.91064    5.1336e-17    5.7299e-17    3.3734e-17
2356.49170    8.2076e-17    9.0078e-17    5.8457e-17
2361.08154    5.5557e-16    4.8139e-16    7.7451e-16
2365.68066    2.7754e-16    2.6076e-16    3.2707e-16
2370.28833    2.1720e-16    1.9403e-16    2.8562e-16
2374.90527    1.5161e-16    1.4693e-16    1.6544e-16
2379.53101    2.5754e-16    2.2488e-16    3.5394e-16
2384.16602    2.6175e-16    2.4256e-16    3.1841e-16
2388.80981    3.1618e-16    2.8038e-16    4.2186e-16
2393.46289    6.1297e-16    5.1606e-16    8.9902e-16
2398.12476    2.8426e-16    2.5084e-16    3.8288e-16
2402.79590    4.1413e-16    3.6465e-16    5.6016e-16
2407.47607    2.4930e-16    2.2618e-16    3.1757e-16
2412.16528    5.8605e-16    5.0634e-16    8.2133e-16
2416.86377    1.0168e-16    1.0226e-16    9.9961e-17
2421.57129    5.4056e-17    5.8719e-17    4.0293e-17
2426.28809    1.3161e-16    1.3590e-16    1.1897e-16
2431.01392    2.1861e-16    2.2498e-16    1.9980e-16
2435.74902    1.8837e-16    1.9305e-16    1.7456e-16
2440.49365    6.7980e-17    6.4941e-17    7.6950e-17
2445.24707    1.3620e-16    1.3900e-16    1.2794e-16
2450.01001    9.5542e-17    1.0103e-16    7.9338e-17
2454.78223    1.1188e-16    1.1832e-16    9.2879e-17
2459.56348    1.5659e-16    1.5373e-16    1.6505e-16
2464.35425    2.3241e-16    2.1953e-16    2.7043e-16
2469.15430    1.8073e-16    1.8149e-16    1.7848e-16
2473.96387    1.2721e-16    1.3756e-16    9.6641e-17
2478.78271    9.8578e-17    1.0552e-16    7.8089e-17
2483.61084    1.0227e-16    1.0395e-16    9.7320e-17
2488.44849    1.3960e-16    1.3806e-16    1.4414e-16
2493.29541    1.1947e-16    1.1438e-16    1.3450e-16
2498.15186    9.3453e-17    9.2452e-17    9.6406e-17
2503.01782    9.6550e-17    9.7639e-17    9.3335e-17
2507.89307    1.3097e-16    1.4150e-16    9.9888e-17
2512.77808    1.4391e-16    1.4677e-16    1.3548e-16
2517.67236    1.1706e-16    1.1967e-16    1.0936e-16
2522.57642    9.7363e-17    1.0334e-16    7.9706e-17
2527.48975    2.1297e-16    2.1202e-16    2.1576e-16
2532.41309    5.3393e-17    5.5833e-17    4.6191e-17
2537.34570    1.8439e-16    1.9225e-16    1.6119e-16
2542.28760    1.1001e-16    1.0954e-16    1.1139e-16
2547.23975    1.4386e-16    1.4096e-16    1.5239e-16
2552.20117    1.1166e-16    1.1642e-16    9.7594e-17
2557.17236    6.0664e-17    6.5661e-17    4.5913e-17
2562.15332    2.8444e-16    2.5605e-16    3.6823e-16
2567.14404    1.0760e-16    1.0512e-16    1.1492e-16
2572.14404    8.6329e-17    8.6530e-17    8.5737e-17
2577.15430    8.3974e-17    8.0221e-17    9.5051e-17
2582.17383    1.1700e-16    1.1118e-16    1.3418e-16
2587.20361    8.9010e-17    9.5628e-17    6.9472e-17
2592.24292    9.2249e-17    8.6051e-17    1.1054e-16
2597.29199    4.0354e-16    3.4646e-16    5.7203e-16
2602.35107    3.9328e-17    4.1192e-17    3.3825e-17
2607.41992    3.9031e-16    3.3930e-16    5.4089e-16
2612.49854    7.1523e-16    5.9147e-16    1.0805e-15
2617.58740    2.1722e-16    1.7964e-16    3.2815e-16
2622.68604    2.1800e-16    1.9341e-16    2.9057e-16
2627.79443    6.2186e-16    5.1588e-16    9.3470e-16
2632.91284    6.5783e-16    5.4125e-16    1.0019e-15
2638.04126    4.4464e-17    4.1684e-17    5.2668e-17
2643.17969    5.7983e-17    5.3794e-17    7.0348e-17
2648.32812    4.1586e-17    3.8429e-17    5.0906e-17
2653.48633    4.6627e-17    4.6396e-17    4.7311e-17
2658.65479    2.8762e-17    2.7555e-17    3.2326e-17
2663.83350    2.9872e-17    2.8019e-17    3.5343e-17
2669.02197    5.6596e-17    5.7396e-17    5.4233e-17
2674.22070    1.2623e-17    1.0126e-17    1.9991e-17
2679.42969    3.9507e-17    3.9026e-17    4.0930e-17
2684.64868    5.7316e-17    6.0034e-17    4.9294e-17
2689.87793    1.3247e-17    1.3833e-17    1.1518e-17
2695.11719    1.0709e-16    1.0205e-16    1.2197e-16
2700.36670    2.3089e-17    2.2457e-17    2.4953e-17
2705.62646    4.5032e-17    4.5961e-17    4.2291e-17
2710.89648    9.2785e-17    9.0551e-17    9.9381e-17
2716.17676    2.9292e-16    2.5494e-16    4.0501e-16
2721.46729    4.3257e-17    4.6036e-17    3.5057e-17
2726.76831    2.2786e-16    1.9983e-16    3.1058e-16
2732.07959    1.3764e-16    1.2531e-16    1.7403e-16
2737.40112    3.1221e-16    2.6864e-16    4.4081e-16
2742.73291    1.2403e-16    1.0978e-16    1.6609e-16
2748.07520    5.8162e-16    5.1315e-16    7.8372e-16
2753.42798    4.2412e-16    3.7765e-16    5.6126e-16
2758.79102    3.9194e-17    3.8078e-17    4.2490e-17
2764.16479    1.5495e-16    1.4307e-16    1.9003e-16
2769.54883    2.4460e-16    2.2471e-16    3.0332e-16
2774.94336    2.6463e-16    2.3576e-16    3.4987e-16
2780.34863    4.8282e-17    4.8160e-17    4.8642e-17
2785.76416    8.9391e-17    9.4804e-17    7.3413e-17
2791.18994    4.1408e-17    4.4889e-17    3.1132e-17
2796.62695    4.2169e-17    4.8233e-17    2.4267e-17
2802.07422    3.3555e-17    3.5814e-17    2.6886e-17
2807.53198    5.8574e-17    6.4342e-17    4.1548e-17
2813.00049    2.2825e-17    2.4460e-17    1.7997e-17
2818.47949    3.9899e-17    4.4868e-17    2.5232e-17
2823.96948    6.4914e-17    7.4912e-17    3.5402e-17
2829.47021    8.1589e-17    8.0708e-17    8.4190e-17
2834.98145    9.4237e-17    9.5942e-17    8.9202e-17
2840.50342    1.1776e-16    1.3210e-16    7.5443e-17
2846.03613    1.2595e-16    1.4497e-16    6.9805e-17
2851.57959    6.1496e-17    6.2593e-17    5.8258e-17
2857.13379    1.1148e-16    1.2343e-16    7.6204e-17
2862.69922    6.8217e-17    7.6917e-17    4.2535e-17
2868.27490    7.3533e-17    7.8807e-17    5.7966e-17
2873.86182    4.1614e-17    4.2998e-17    3.7529e-17
2879.45947    5.3244e-17    5.4983e-17    4.8111e-17
2885.06836    6.0993e-17    6.1316e-17    6.0039e-17
2890.68774    6.6916e-17    6.4726e-17    7.3380e-17
2896.31860    4.2197e-17    4.3980e-17    3.6935e-17
2901.95972    2.6961e-17    2.7947e-17    2.4050e-17
2907.61230    3.7567e-17    3.6902e-17    3.9531e-17
2913.27563    1.0527e-17    9.4207e-18    1.3794e-17
2918.95020    4.4309e-17    4.5113e-17    4.1936e-17
2924.63574    4.3964e-17    4.0576e-17    5.3965e-17
2930.33228    1.0242e-17    1.0248e-17    1.0226e-17
2936.04004    2.0459e-17    1.9486e-17    2.3331e-17
2941.75903    6.3242e-17    5.7458e-17    8.0317e-17
2947.48877    7.0078e-17    6.5328e-17    8.4098e-17
2953.22998    3.8457e-17    3.4806e-17    4.9233e-17
2958.98242    3.4636e-17    3.3855e-17    3.6944e-17
2964.74585    7.8704e-17    7.2815e-17    9.6088e-17
2970.52075    5.8736e-17    5.5513e-17    6.8248e-17
2976.30664    2.4063e-17    2.4373e-17    2.3147e-17
2982.10376    1.5233e-16    1.3599e-16    2.0058e-16
2987.91187    6.3069e-17    5.5399e-17    8.5709e-17
2993.73218    1.4206e-17    1.2316e-17    1.9784e-17
2999.56348    2.3818e-17    2.4573e-17    2.1589e-17
3005.40601    6.4194e-17    5.4862e-17    9.1741e-17
3011.25977    3.0063e-17    2.7344e-17    3.8088e-17
3017.12500    2.9620e-17    2.7184e-17    3.6810e-17
3023.00195    1.7820e-17    1.5858e-17    2.3610e-17
3028.89014    1.9958e-17    1.8575e-17    2.4040e-17
3034.79004    2.4474e-17    2.3746e-17    2.6621e-17
3040.70117    1.8038e-17    1.5320e-17    2.6060e-17
3046.62402    4.7059e-17    5.0592e-17    3.6631e-17
3052.55811    1.3673e-17    1.3204e-17    1.5057e-17
3058.50391    9.1981e-18    8.6761e-18    1.0739e-17
3064.46143    1.8936e-17    1.9381e-17    1.7622e-17
3070.43018    4.1531e-17    4.3530e-17    3.5628e-17
3076.41064    5.9962e-17    6.5999e-17    4.2141e-17
3082.40332    1.2506e-17    1.2238e-17    1.3297e-17
3088.40698    6.3053e-18    6.6480e-18    5.2939e-18
3094.42261    1.1889e-17    1.2236e-17    1.0863e-17
3100.44971    9.3403e-18    9.0690e-18    1.0141e-17
3106.48901    2.6512e-17    2.4169e-17    3.3426e-17
3112.53979    1.6976e-17    1.5520e-17    2.1272e-17
3118.60229    1.1961e-17    1.1049e-17    1.4653e-17
3124.67676    1.2882e-18    8.8775e-19    2.4702e-18
3130.76318    1.4567e-17    1.3871e-17    1.6622e-17
3136.86133    6.7504e-18    5.9119e-18    9.2253e-18
3142.97119    1.9173e-17    1.8494e-17    2.1177e-17
3149.09302    7.5580e-18    7.7226e-18    7.0723e-18
3155.22681    6.4723e-18    6.4525e-18    6.5308e-18
3161.37256    8.3542e-17    8.1646e-17    8.9139e-17
3167.53027    5.3981e-17    4.9850e-17    6.6174e-17
3173.70020    2.4005e-19    1.6445e-19    4.6318e-19
3179.88184    3.5133e-17    3.7771e-17    2.7345e-17
3186.07568    9.2525e-17    8.5931e-17    1.1199e-16
3192.28149    1.0650e-16    9.8304e-17    1.3067e-16
3198.49951    6.4530e-17    5.4411e-17    9.4397e-17
3204.72949    9.8706e-18    9.5720e-18    1.0752e-17
3210.97168    8.7688e-17    7.9649e-17    1.1142e-16
3217.22607    1.3711e-18    9.4421e-19    2.6310e-18
3223.49268    1.2582e-17    1.0513e-17    1.8688e-17
3229.77148    6.7413e-17    6.2020e-17    8.3333e-17
3236.06226    2.3016e-17    2.2943e-17    2.3234e-17
3242.36572    1.3641e-17    1.3829e-17    1.3086e-17
3248.68115    3.9738e-17    4.2071e-17    3.2852e-17
3255.00879    3.5075e-17    3.5224e-17    3.4632e-17
3261.34912    2.3129e-17    2.3309e-17    2.2598e-17
3267.70093    2.6446e-17    2.4294e-17    3.2799e-17
3274.06616    4.8499e-18    3.7465e-18    8.1066e-18
3280.44336    4.1485e-17    3.9374e-17    4.7714e-17
3286.83301    3.2346e-17    3.0725e-17    3.7130e-17
3293.23535    2.6656e-17    2.5206e-17    3.0936e-17
3299.64990    3.2031e-17    2.9346e-17    3.9955e-17
3306.07690    2.4755e-17    2.4712e-17    2.4883e-17
3312.51660    3.4145e-17    3.0561e-17    4.4724e-17
3318.96875    1.0838e-17    9.6531e-18    1.4335e-17
3325.43359    1.6484e-17    1.5484e-17    1.9437e-17
3331.91064    3.6244e-18    2.5621e-18    6.7599e-18
3338.40063    1.8746e-17    1.8777e-17    1.8654e-17
3344.90332    2.4214e-18    1.9063e-18    3.9416e-18
3351.41846    6.7968e-19    4.7168e-19    1.2936e-18
3357.94629    2.1155e-17    1.9442e-17    2.6213e-17
3364.48682    3.3470e-17    3.2139e-17    3.7398e-17
3371.04004    3.2745e-17    3.1679e-17    3.5893e-17
3377.60645    4.5779e-18    4.4450e-18    4.9702e-18
3384.18481    1.8570e-17    1.6651e-17    2.4236e-17
3390.77686    2.0672e-17    1.9778e-17    2.3311e-17
3397.38159    8.9049e-18    7.3821e-18    1.3400e-17
3403.99902    3.9941e-18    2.8040e-18    7.5069e-18
3410.62915    5.1819e-18    5.4046e-18    4.5246e-18
3417.27271    2.5027e-17    2.2265e-17    3.3179e-17
3423.92847    9.7285e-18    6.9748e-18    1.7857e-17
3430.59766    1.1346e-17    1.0699e-17    1.3258e-17
3437.27979    1.0928e-17    1.1433e-17    9.4376e-18
3443.97534    1.0617e-17    8.1376e-18    1.7937e-17
3450.68359    2.7797e-17    2.4171e-17    3.8501e-17
3457.40479    1.8911e-17    1.6785e-17    2.5185e-17
3464.13916    1.0041e-17    8.0864e-18    1.5811e-17
3470.88647    9.5762e-18    8.7508e-18    1.2012e-17
3477.64697    3.1254e-17    2.7371e-17    4.2717e-17
3484.42090    2.7364e-17    2.6064e-17    3.1202e-17
3491.20776    1.2775e-17    1.1673e-17    1.6031e-17
3498.00781    2.3977e-17    2.1636e-17    3.0884e-17
3504.82129    1.6821e-17    1.3826e-17    2.5662e-17
3511.64771    3.5162e-18    2.5533e-18    6.3585e-18
3518.48804    1.7736e-17    1.4055e-17    2.8600e-17
3525.34131    1.8252e-17    1.4722e-17    2.8670e-17
3532.20776    8.2104e-18    6.4910e-18    1.3285e-17
3539.08813    1.0506e-17    9.1590e-18    1.4481e-17
3545.98145    4.9202e-18    3.5512e-18    8.9613e-18
3552.88818    1.0303e-17    8.9124e-18    1.4407e-17
3559.80884    1.0602e-17    8.5694e-18    1.6602e-17
3566.74292    9.9239e-18    8.6228e-18    1.3764e-17
3573.68994    1.0963e-18    7.6870e-19    2.0635e-18
3580.65112    8.1443e-19    5.7934e-19    1.5083e-18
3587.62500    8.9362e-18    6.7833e-18    1.5291e-17
3594.61304    5.9542e-19    4.0997e-19    1.1428e-18
3601.61499    3.6745e-18    2.6882e-18    6.5856e-18
3608.63013    1.5386e-18    1.0892e-18    2.8652e-18
3615.65894    3.7286e-18    3.0683e-18    5.6777e-18
3622.70166    1.3452e-17    1.4074e-17    1.1617e-17
3629.75806    1.2316e-18    9.2890e-19    2.1252e-18
3636.82837    4.0628e-18    3.6862e-18    5.1743e-18
3643.91138    7.0668e-18    7.7139e-18    5.1566e-18
3651.00928    2.0457e-19    1.4118e-19    3.9167e-19
3658.12085    1.1033e-17    1.0879e-17    1.1486e-17
3665.24609    1.5631e-19    1.0711e-19    3.0152e-19
3672.38525    2.5103e-19    1.7037e-19    4.8912e-19
3679.53857    1.4217e-18    8.7386e-19    3.0389e-18
3686.70557    8.5233e-19    5.2390e-19    1.8218e-18
3693.88647    7.2045e-19    4.9338e-19    1.3907e-18
3701.08154    3.4811e-18    2.4599e-18    6.4955e-18
3708.29053    1.0909e-18    7.3274e-19    2.1482e-18
3715.51343    1.3228e-18    8.6404e-19    2.6769e-18
3722.75049    6.4477e-18    4.8139e-18    1.1270e-17
3730.00171    4.7113e-18    4.2911e-18    5.9518e-18
3737.26709    2.4475e-19    1.6710e-19    4.7397e-19
3744.54639    6.9934e-18    5.0644e-18    1.2687e-17
3751.84009    5.6879e-18    6.0079e-18    4.7433e-18
3759.14795    9.1222e-18    8.6252e-18    1.0589e-17
3766.47021    1.3274e-17    1.3176e-17    1.3562e-17
3773.80664    1.0449e-19    7.1005e-20    2.0334e-19
3781.15723    1.7656e-17    1.5560e-17    2.3844e-17
3788.52197    3.9748e-18    2.9149e-18    7.1033e-18
3795.90137    3.9922e-18    3.2231e-18    6.2623e-18
3803.29492    9.7738e-19    6.6482e-19    1.8999e-18
3810.70312    6.3943e-18    5.4191e-18    9.2729e-18
3818.12549    2.2852e-19    1.5658e-19    4.4085e-19
3825.56250    2.0217e-17    1.9581e-17    2.2092e-17
3833.01416    2.7715e-18    1.9758e-18    5.1202e-18
3840.47998    2.2875e-19    1.5592e-19    4.4372e-19
3847.96045    3.9275e-18    3.5991e-18    4.8971e-18
3855.45557    2.7537e-19    1.8745e-19    5.3487e-19
3862.96533    6.5044e-19    4.4743e-19    1.2497e-18
3870.48950    6.9036e-18    7.0191e-18    6.5626e-18
3878.02832    2.8292e-19    1.9267e-19    5.4930e-19
3885.58203    2.6497e-19    1.8014e-19    5.1537e-19
3893.15039    5.2226e-18    3.9601e-18    8.9490e-18
3900.73340    1.1435e-18    7.9297e-19    2.1781e-18
3908.33154    1.2584e-17    1.0707e-17    1.8122e-17
3915.94409    1.1114e-17    8.8003e-18    1.7943e-17
3923.57153    2.6851e-18    2.0124e-18    4.6708e-18
3931.21387    1.1441e-17    9.4469e-18    1.7328e-17
3938.87109    2.1042e-17    1.8837e-17    2.7549e-17
3946.54346    1.0093e-17    8.4894e-18    1.4825e-17
3954.23047    1.3539e-18    9.3120e-19    2.6015e-18
3961.93262    9.5494e-18    7.4091e-18    1.5867e-17
3969.64941    1.5666e-17    1.2742e-17    2.4297e-17
3977.38159    1.0681e-17    1.0200e-17    1.2101e-17
3985.12866    8.9773e-18    6.6957e-18    1.5712e-17
3992.89111    7.8957e-18    6.4066e-18    1.2291e-17
4000.66846    1.3325e-17    1.2212e-17    1.6611e-17
4008.46094    1.9837e-18    1.4577e-18    3.5365e-18
4016.26880    1.6323e-18    1.1352e-18    3.0997e-18
4024.09155    4.6132e-18    4.3537e-18    5.3791e-18
4031.92969    1.5579e-18    1.0953e-18    2.9235e-18
4039.78320    3.4430e-19    2.3550e-19    6.6545e-19
4047.65186    3.7326e-19    2.5499e-19    7.2234e-19
4055.53589    2.0201e-18    1.4396e-18    3.7336e-18
4063.43506    6.9514e-18    5.5888e-18    1.0973e-17
4071.35010    2.3689e-18    1.6360e-18    4.5321e-18
4079.28027    7.9137e-18    5.7297e-18    1.4360e-17
4087.22607    5.3979e-18    3.9770e-18    9.5918e-18
4095.18701    1.5575e-18    1.0683e-18    3.0016e-18
4103.16357    1.8614e-18    1.2855e-18    3.5613e-18
4111.15576    3.4412e-18    2.6077e-18    5.9014e-18
4119.16357    1.0795e-17    9.1341e-18    1.5699e-17
4127.18652    1.1797e-17    1.0089e-17    1.6839e-17
4135.22559    5.5782e-18    4.3280e-18    9.2684e-18
4143.28027    1.5386e-18    1.0120e-18    3.0928e-18
4151.35059    1.4238e-18    9.7117e-19    2.7599e-18
4159.43652    3.9214e-18    2.7903e-18    7.2598e-18
4167.53857    2.0540e-18    1.4186e-18    3.9294e-18
4175.65625    3.4656e-17    3.1754e-17    4.3222e-17
4183.78906    6.1664e-18    4.4248e-18    1.1307e-17
4191.93848    2.1741e-19    1.4747e-19    4.2384e-19
4200.10352    1.2696e-18    8.6676e-19    2.4586e-18
4208.28418    2.6567e-18    1.8285e-18    5.1010e-18
4216.48145    3.7067e-19    2.5239e-19    7.1979e-19
4224.69434    8.3506e-19    5.6723e-19    1.6256e-18
4232.92334    2.3739e-17    2.1026e-17    3.1745e-17
4241.16846    3.4613e-18    2.3583e-18    6.7171e-18
4249.42920    4.8676e-18    4.4628e-18    6.0623e-18
4257.70605    1.2437e-17    1.0147e-17    1.9195e-17
4265.99902    4.3416e-19    2.9564e-19    8.4302e-19
4274.30859    1.4650e-17    1.2839e-17    1.9994e-17
4282.63428    4.8458e-19    3.2925e-19    9.4306e-19
4290.97607    4.4269e-18    3.3110e-18    7.7209e-18
4299.33398    2.2940e-17    2.1399e-17    2.7490e-17
4307.70801    8.9256e-19    6.0451e-19    1.7428e-18
4316.09863    1.1104e-17    9.7698e-18    1.5043e-17
4324.50586    3.6026e-18    2.5342e-18    6.7561e-18
4332.92920    1.0765e-17    1.0625e-17    1.1179e-17
4341.36914    1.2554e-17    1.0995e-17    1.7156e-17
4349.82520    1.5586e-17    1.4450e-17    1.8937e-17
4358.29785    8.9460e-18    6.3602e-18    1.6578e-17
4366.78662    6.8612e-18    5.7097e-18    1.0260e-17
4375.29199    1.9244e-17    1.7432e-17    2.4595e-17
4383.81445    2.3340e-17    2.1300e-17    2.9360e-17
4392.35352    2.1216e-19    1.4395e-19    4.1351e-19
4400.90869    1.1537e-17    1.0754e-17    1.3849e-17
4409.48047    1.4685e-17    1.4290e-17    1.5850e-17
4418.06934    1.1154e-17    1.0580e-17    1.2849e-17
4426.67480    4.5611e-19    3.0968e-19    8.8831e-19
4435.29736    9.9532e-18    8.2814e-18    1.4888e-17
4443.93652    1.8773e-18    1.2936e-18    3.6003e-18
4452.59277    7.1797e-18    5.1682e-18    1.3117e-17
4461.26562    3.9250e-18    2.7804e-18    7.3035e-18
4469.95508    1.1380e-17    1.0548e-17    1.3834e-17
4478.66162    1.5163e-18    1.0471e-18    2.9011e-18
4487.38477    1.8832e-17    1.8684e-17    1.9270e-17
4496.12549    4.1148e-19    2.8211e-19    7.9334e-19
4504.88281    1.1222e-17    1.0858e-17    1.2298e-17
4513.65771    9.8226e-18    9.3146e-18    1.1322e-17
4522.44922    2.6282e-17    2.5005e-17    3.0051e-17
4531.25830    8.4378e-18    7.5196e-18    1.1148e-17
4540.08447    9.7885e-18    9.5819e-18    1.0398e-17
4548.92773    1.4970e-17    1.4062e-17    1.7651e-17
4557.78809    1.0482e-17    1.0216e-17    1.1266e-17
4566.66602    2.8295e-19    1.9157e-19    5.5267e-19
4575.56055    1.4998e-17    1.3733e-17    1.8731e-17
4584.47314    3.5018e-17    3.0600e-17    4.8058e-17
4593.40283    1.3132e-17    1.1000e-17    1.9426e-17
4602.34961    2.4573e-18    1.7282e-18    4.6094e-18
4611.31445    1.1481e-18    8.0083e-19    2.1731e-18
4620.29590    1.3175e-17    1.2556e-17    1.5004e-17
4629.29590    1.6504e-17    1.5386e-17    1.9802e-17
4638.31250    1.4847e-18    1.0295e-18    2.8283e-18
4647.34668    1.0964e-17    9.5096e-18    1.5257e-17
4656.39941    2.9617e-18    2.1345e-18    5.4033e-18
4665.46875    1.3541e-17    1.1744e-17    1.8848e-17
4674.55664    5.3630e-18    3.9164e-18    9.6331e-18
4683.66113    1.3720e-19    9.2398e-20    2.6944e-19
4692.78418    1.3423e-19    9.0574e-20    2.6309e-19
4701.92480    8.8405e-20    5.9660e-20    1.7325e-19
4711.08301    6.9709e-19    1.2695e-19    2.3800e-18
4720.25977    2.2762e-18    1.6141e-18    4.2302e-18
4729.45361    7.2530e-18    5.6369e-18    1.2023e-17
4738.66602    3.9706e-18    2.7818e-18    7.4795e-18
4747.89551    3.3463e-19    2.2598e-19    6.5532e-19
4757.14355    1.1902e-18    8.2438e-19    2.2700e-18
4766.41016    3.5211e-20    2.3737e-20    6.9081e-20
4775.69385    4.8502e-19    3.2916e-19    9.4507e-19
4784.99609    9.7302e-21    6.5585e-21    1.9092e-20
4794.31641    1.6497e-19    1.1153e-19    3.2272e-19
4803.65430    8.8115e-20    5.9387e-20    1.7291e-19
4813.01074    1.6556e-18    1.1433e-18    3.1678e-18
4822.38574    6.0380e-18    4.2055e-18    1.1447e-17
4831.77930    7.2300e-18    5.1371e-18    1.3408e-17
4841.19043    6.7008e-18    4.9265e-18    1.1938e-17
4850.62012    2.5413e-18    1.7701e-18    4.8179e-18
4860.06836    1.4899e-18    1.0266e-18    2.8573e-18
4869.53467    1.1560e-17    8.1740e-18    2.1555e-17
4879.01953    8.5731e-19    5.7779e-19    1.6824e-18
4888.52295    2.1605e-18    1.4799e-18    4.1694e-18
4898.04492    3.8370e-18    2.6640e-18    7.2991e-18
4907.58545    2.2964e-18    1.5634e-18    4.4600e-18
4917.14453    7.9874e-20    5.3785e-20    1.5688e-19
4926.72168    2.4560e-17    2.1611e-17    3.3262e-17
4936.31836    1.5823e-19    1.0659e-19    3.1065e-19
4945.93311    9.5180e-19    6.4259e-19    1.8645e-18
4955.56689    1.8906e-18    1.3194e-18    3.5764e-18
4965.21973    1.5355e-19    1.0376e-19    3.0051e-19
4974.89062    1.7447e-18    1.1846e-18    3.3978e-18
4984.58105    4.8187e-19    3.2684e-19    9.3946e-19
4994.29004    7.2205e-18    5.1662e-18    1.3284e-17
5004.01758    2.1523e-18    1.4619e-18    4.1902e-18
5013.76465    2.9911e-17    2.5462e-17    4.3042e-17
5023.53027    1.8395e-18    1.3252e-18    3.3575e-18
5033.31543    3.1315e-19    2.1113e-19    6.1428e-19
5043.11914    1.5266e-18    1.0290e-18    2.9955e-18
5052.94238    5.1370e-19    3.4600e-19    1.0087e-18
5062.78418    1.8139e-18    1.2365e-18    3.5182e-18
5072.64551    2.1451e-18    1.4555e-18    4.1804e-18
5082.52637    1.2917e-18    8.9683e-19    2.4574e-18
5092.42578    7.8619e-19    5.3637e-19    1.5236e-18
5102.34473    5.7370e-18    4.6340e-18    8.9926e-18
5112.28320    7.3239e-19    4.9342e-19    1.4378e-18
5122.24121    2.7095e-18    1.8811e-18    5.1546e-18
5132.21777    8.9511e-18    6.4667e-18    1.6284e-17
5142.21484    4.7593e-18    3.4583e-18    8.5994e-18
5152.23047    5.9132e-18    4.2119e-18    1.0935e-17
5162.26660    8.0397e-18    5.8761e-18    1.4426e-17
5172.32129    4.0599e-17    3.3384e-17    6.1894e-17
5182.39648    1.8121e-18    1.2281e-18    3.5360e-18
5192.49023    1.2932e-18    9.2855e-19    2.3696e-18
5202.60449    1.1126e-17    1.0900e-17    1.1793e-17
5212.73779    1.5378e-19    1.0346e-19    3.0229e-19
5222.89160    1.4878e-18    1.0244e-18    2.8556e-18
5233.06445    1.2915e-17    1.2441e-17    1.4315e-17
5243.25781    1.3744e-18    9.4093e-19    2.6540e-18
5253.47021    1.4783e-17    1.2862e-17    2.0454e-17
5263.70312    7.7379e-18    6.4204e-18    1.1627e-17
5273.95557    2.0235e-17    1.8333e-17    2.5849e-17
5284.22852    1.6556e-17    1.5454e-17    1.9806e-17
5294.52100    5.3295e-19    3.6312e-19    1.0343e-18
5304.83398    2.3738e-19    1.6040e-19    4.6461e-19
5315.16650    2.7877e-17    2.5315e-17    3.5439e-17
5325.51953    9.2241e-18    8.6097e-18    1.1038e-17
5335.89258    4.9692e-18    3.6940e-18    8.7333e-18
5346.28564    3.1091e-18    2.2257e-18    5.7170e-18
5356.69922    4.0934e-19    2.7652e-19    8.0140e-19
5367.13281    8.7092e-18    7.9869e-18    1.0841e-17
5377.58691    1.0549e-18    7.1166e-19    2.0679e-18
5388.06152    1.1782e-19    7.9237e-20    2.3172e-19
5398.55664    7.5237e-19    5.1577e-19    1.4507e-18
5409.07178    5.3908e-18    4.0293e-18    9.4095e-18
5419.60742    9.6791e-20    6.5139e-20    1.9022e-19
5430.16406    1.5099e-17    1.2691e-17    2.2208e-17
5440.74121    2.1078e-18    1.4521e-18    4.0433e-18
5451.33887    2.1698e-18    1.5898e-18    3.8817e-18
5461.95703    1.1100e-18    7.8124e-19    2.0803e-18
5472.59570    3.0325e-18    2.1151e-18    5.7402e-18
5483.25488    4.2896e-19    2.9128e-19    8.3535e-19
5493.93555    1.2660e-18    8.5781e-19    2.4708e-18
5504.63672    1.2095e-18    8.4072e-19    2.2979e-18
5515.35840    4.4770e-19    3.0374e-19    8.7263e-19
5526.10156    3.1965e-18    2.2243e-18    6.0664e-18
5536.86523    6.1065e-18    4.5067e-18    1.0829e-17
5547.64941    2.2658e-18    1.5656e-18    4.3326e-18
5558.45557    9.8061e-20    6.5854e-20    1.9312e-19
5569.28271    2.7339e-18    1.8580e-18    5.3194e-18
5580.12988    1.9952e-19    1.3539e-19    3.8885e-19
5590.99902    2.4894e-18    1.6768e-18    4.8878e-18
5601.88965    2.0706e-19    1.3920e-19    4.0735e-19
5612.80078    2.9311e-19    1.9711e-19    5.7647e-19
5623.73340    5.8516e-18    4.3450e-18    1.0299e-17
5634.68750    1.2982e-19    8.7259e-20    2.5546e-19
5645.66211    2.4960e-19    1.6813e-19    4.9006e-19
5656.65918    4.7718e-18    3.6642e-18    8.0411e-18
5667.67676    1.4689e-18    9.8884e-19    2.8858e-18
5678.71680    1.8859e-19    1.2690e-19    3.7068e-19
5689.77734    2.1667e-18    1.4673e-18    4.2311e-18
5700.86035    2.1072e-19    1.4143e-19    4.1524e-19
5711.96484    2.3734e-19    1.6024e-19    4.6494e-19
5723.09033    3.2885e-18    2.3089e-18    6.1801e-18
5734.23779    2.8070e-18    1.9552e-18    5.3212e-18
5745.40723    6.5090e-19    4.4216e-19    1.2671e-18
5756.59766    3.2964e-19    2.2117e-19    6.4980e-19
5767.81104    1.0841e-19    7.2751e-20    2.1366e-19
5779.04492    1.0067e-18    6.8516e-19    1.9558e-18
5790.30176    6.5315e-19    4.4308e-19    1.2732e-18
5801.58008    3.6565e-19    2.4662e-19    7.1698e-19
5812.88037    2.5545e-18    2.0335e-18    4.0923e-18
5824.20264    1.2562e-18    8.6762e-19    2.4030e-18
5835.54688    2.7084e-18    2.0111e-18    4.7667e-18
5846.91357    8.4310e-20    5.6514e-20    1.6636e-19
5858.30225    1.1045e-18    7.4762e-19    2.1581e-18
5869.71289    9.0146e-19    6.0632e-19    1.7726e-18
5881.14600    4.0731e-20    2.7224e-20    8.0602e-20
5892.60156    7.9425e-19    5.4868e-19    1.5191e-18
5904.07910    9.1567e-19    6.2346e-19    1.7782e-18
5915.57910    3.9545e-18    2.8912e-18    7.0929e-18
5927.10156    2.9521e-18    2.0286e-18    5.6779e-18
5938.64648    1.0241e-19    6.8624e-20    2.0214e-19
5950.21387    2.3531e-18    1.8803e-18    3.7485e-18
5961.80371    8.3492e-19    5.5994e-19    1.6466e-18
5973.41602    9.1911e-19    6.3117e-19    1.7690e-18
5985.05127    7.4129e-19    5.0903e-19    1.4269e-18
5996.70850    7.7157e-18    5.7917e-18    1.3395e-17
6008.38867    9.5910e-20    6.4329e-20    1.8913e-19
6020.09229    1.6813e-18    1.1483e-18    3.2547e-18
6031.81836    2.6047e-19    1.7445e-19    5.1437e-19
6043.56738    3.4225e-18    2.3473e-18    6.5963e-18
6055.33887    2.5859e-18    1.8357e-18    4.8003e-18
6067.13428    1.1975e-18    8.2372e-19    2.3006e-18
6078.95117    7.6779e-18    5.5694e-18    1.3902e-17
6090.79150    4.1132e-19    2.8182e-19    7.9355e-19
6102.65527    2.5566e-18    1.7766e-18    4.8592e-18
6114.54199    5.6725e-18    4.0121e-18    1.0574e-17
6126.45215    2.1677e-18    1.4891e-18    4.1708e-18
6138.38525    7.7880e-19    5.2944e-19    1.5148e-18
6150.34131    1.1180e-17    1.0227e-17    1.3993e-17
6162.32178    9.9748e-19    6.8477e-19    1.9205e-18
6174.32422    7.5444e-18    5.4948e-18    1.3594e-17
6186.35059    2.0599e-18    1.4149e-18    3.9635e-18
6198.40088    1.5994e-18    1.0801e-18    3.1322e-18
6210.47314    1.4824e-19    9.9851e-20    2.9108e-19
6222.57031    1.0452e-18    7.1406e-19    2.0228e-18
6234.69043    1.4341e-17    1.1918e-17    2.1493e-17
6246.83496    8.6178e-18    7.6622e-18    1.1439e-17
6259.00195    7.5109e-19    5.0716e-19    1.4711e-18
6271.19385    4.5474e-19    3.0790e-19    8.8816e-19
6283.40869    5.7698e-19    3.9000e-19    1.1289e-18
6295.64795    1.1187e-18    8.1748e-19    2.0077e-18
6307.91016    4.0782e-18    2.8972e-18    7.5643e-18
6320.19678    9.0545e-18    8.3368e-18    1.1173e-17
6332.50781    2.0551e-18    1.4425e-18    3.8634e-18
6344.84180    3.0183e-18    2.0509e-18    5.8738e-18
6357.20020    2.4250e-19    1.6249e-19    4.7867e-19
6369.58252    9.0494e-18    6.7002e-18    1.5984e-17
6381.98926    7.4925e-18    6.2566e-18    1.1140e-17
6394.42041    1.7242e-19    1.1551e-19    3.4042e-19
6406.87549    4.1620e-18    3.1442e-18    7.1663e-18
6419.35449    5.7276e-18    5.2225e-18    7.2182e-18
6431.85840    7.7250e-18    6.0462e-18    1.2681e-17
6444.38672    2.9571e-18    2.1191e-18    5.4306e-18
6456.93896    8.9870e-18    8.1379e-18    1.1493e-17
6469.51514    1.1998e-18    8.0929e-19    2.3524e-18
6482.11719    4.2151e-18    2.9642e-18    7.9072e-18
6494.74268    5.8354e-18    4.4468e-18    9.9339e-18
6507.39355    2.5911e-18    1.8779e-18    4.6964e-18
6520.06836    1.0131e-17    8.0077e-18    1.6399e-17
6532.76855    2.6513e-18    1.7820e-18    5.2173e-18
6545.49316    2.3728e-20    1.5885e-20    4.6878e-20
6558.24268    1.1935e-18    5.2211e-19    3.1753e-18
6571.01611    4.2192e-18    2.8941e-18    8.1306e-18
6583.81543    2.2690e-18    1.6511e-18    4.0931e-18
6596.63965    3.9659e-19    2.6764e-19    7.7722e-19
6609.48828    1.9518e-18    1.3087e-18    3.8500e-18
6622.36230    4.0864e-18    2.7926e-18    7.9055e-18
6635.26172    1.4119e-20    9.4512e-21    2.7896e-20
6648.18506    2.9750e-18    2.0597e-18    5.6765e-18
6661.13525    1.4984e-18    1.0050e-18    2.9548e-18
6674.10986    6.4229e-19    4.3467e-19    1.2551e-18
6687.10938    1.4112e-18    9.4619e-19    2.7839e-18
6700.13428    1.5665e-19    1.0534e-19    3.0810e-19
6713.18506    1.8648e-19    1.2594e-19    3.6519e-19
6726.26123    6.1487e-19    4.1452e-19    1.2062e-18
6739.36279    7.3109e-21    4.8943e-21    1.4444e-20
6752.48926    6.6743e-20    4.4674e-20    1.3188e-19
6765.64258    7.4521e-19    5.0383e-19    1.4577e-18
6778.82031    8.4803e-20    5.6911e-20    1.6713e-19
6792.02441    1.4385e-19    9.6276e-20    2.8426e-19
6805.25439    2.7272e-19    1.8245e-19    5.3917e-19
6818.50928    7.3389e-19    4.9275e-19    1.4457e-18
6831.78955    5.9643e-19    3.9965e-19    1.1773e-18
6845.09717    2.5558e-20    1.7109e-20    5.0498e-20
6858.43018    1.6689e-18    1.1258e-18    3.2721e-18
6871.78906    1.1738e-18    7.8668e-19    2.3163e-18
6885.17432    1.3526e-19    9.1061e-20    2.6573e-19
6898.58447    1.4369e-20    9.6232e-21    2.8377e-20
6912.02246    1.6613e-18    1.1146e-18    3.2752e-18
6925.48486    4.2646e-19    2.8684e-19    8.3860e-19
6938.97412    7.9600e-20    5.3293e-20    1.5725e-19
6952.49023    5.0437e-19    3.4082e-19    9.8713e-19
6966.03271    1.5950e-19    1.0703e-19    3.1437e-19
6979.60059    1.6721e-19    1.1218e-19    3.2965e-19
6993.19629    2.4190e-19    1.6303e-19    4.7469e-19
