1000.97394    2.2489e-17    3.1393e-17    9.2480e-19
1002.92358    8.5744e-18    1.1852e-17    6.3661e-19
1004.87708    1.2995e-17    1.8083e-17    6.7020e-19
1006.83441    9.1486e-18    1.2753e-17    4.1930e-19
1008.79553    8.2650e-18    1.1518e-17    3.8742e-19
1010.76050    2.3030e-19    3.1038e-19    3.6358e-20
1012.72925    2.4552e-18    3.4074e-18    1.4903e-19
1014.70178    7.5964e-18    1.0612e-17    2.9276e-19
1016.67822    5.5135e-18    7.6731e-18    2.8328e-19
1018.65857    3.9509e-18    5.5410e-18    9.9996e-20
1020.64270    5.8776e-18    8.2592e-18    1.0981e-19
1022.63074    4.2698e-18    6.0122e-18    4.9731e-20
1024.62256    8.6957e-19    1.2145e-18    3.4097e-20
1026.61841    4.1522e-19    5.6919e-19    4.2306e-20
1028.61792    5.9387e-18    8.3717e-18    4.6330e-20
1030.62158    2.7368e-17    3.8573e-17    2.3301e-19
1032.62891    1.4103e-17    1.9848e-17    1.8914e-19
1034.64038    1.5666e-17    2.1987e-17    3.5743e-19
1036.65564    1.9686e-17    2.7748e-17    1.5868e-19
1038.67480    3.3949e-18    4.6970e-18    2.4138e-19
1040.69800    3.3350e-18    4.6642e-18    1.1580e-19
1042.72510    9.0273e-18    1.2520e-17    5.6864e-19
1044.75610    9.1797e-18    1.2564e-17    9.8405e-19
1046.79102    7.1423e-18    9.8384e-18    6.1286e-19
1048.83008    1.3143e-18    1.7883e-18    1.6622e-19
1050.87292    8.1650e-18    1.1353e-17    4.4525e-19
1052.91980    4.2019e-18    5.6431e-18    7.1133e-19
1054.97070    3.1789e-17    4.4565e-17    8.4793e-19
1057.02563    1.7306e-17    2.3289e-17    2.8148e-18
1059.08447    2.1650e-17    2.9996e-17    1.4373e-18
1061.14734    4.3310e-17    6.0032e-17    2.8138e-18
1063.21436    6.9737e-17    9.8363e-17    4.0895e-19
1065.28516    1.9252e-17    2.6826e-17    9.0671e-19
1067.36011    8.0328e-17    1.1266e-16    2.0210e-18
1069.43921    4.1826e-17    5.8601e-17    1.1991e-18
1071.52222    5.0834e-17    7.1332e-17    1.1913e-18
1073.60938    1.0944e-16    1.5385e-16    1.9008e-18
1075.70056    7.0412e-17    9.9088e-17    9.6281e-19
1077.79590    6.0270e-17    8.4076e-17    2.6160e-18
1079.89514    9.1507e-18    1.2357e-17    1.3859e-18
1081.99854    3.2701e-17    4.6090e-17    2.7639e-19
1084.10608    4.8133e-17    6.7705e-17    7.3268e-19
1086.21777    8.1265e-18    1.0626e-17    2.0720e-18
1088.33350    4.3547e-17    6.0904e-17    1.5119e-18
1090.45337    7.0875e-17    9.9158e-17    2.3776e-18
1092.57727    4.0502e-17    5.6967e-17    6.2582e-19
1094.70532    5.2135e-17    7.1350e-17    5.6014e-18
1096.83765    6.2183e-17    8.6773e-17    2.6306e-18
1098.97412    7.2476e-17    1.0211e-16    7.0408e-19
1101.11475    6.3639e-17    8.8391e-17    3.6934e-18
1103.25952    2.5876e-17    3.5431e-17    2.7358e-18
1105.40845    4.5788e-17    6.3506e-17    2.8786e-18
1107.56152    7.4354e-17    1.0394e-16    2.6987e-18
1109.71887    4.6068e-17    6.4515e-17    1.3905e-18
1111.88037    5.3181e-17    7.4631e-17    1.2305e-18
1114.04614    8.1101e-17    1.1386e-16    1.7606e-18
1116.21606    4.1205e-17    5.7842e-17    9.1296e-19
1118.39014    1.0622e-17    1.4299e-17    1.7191e-18
1120.56860    1.1084e-17    1.5270e-17    9.4613e-19
1122.75122    4.4840e-17    6.3107e-17    5.9781e-19
1124.93811    5.2421e-17    7.3193e-17    2.1136e-18
1127.12927    1.1235e-16    1.5836e-16    9.3181e-19
1129.32471    9.0557e-17    1.2701e-16    2.2648e-18
1131.52441    6.4426e-17    9.0398e-17    1.5241e-18
1133.72839    1.0935e-16    1.5412e-16    9.4102e-19
1135.93665    9.3461e-17    1.2934e-16    6.5642e-18
1138.14917    4.7094e-17    6.5568e-17    2.3506e-18
1140.36621    7.4802e-17    1.0371e-16    4.7873e-18
1142.58740    8.2264e-17    1.1541e-16    1.9992e-18
1144.81299    2.0505e-16    2.8777e-16    4.7099e-18
1147.04272    2.1588e-16    3.0258e-16    5.8897e-18
1149.27698    1.3846e-16    1.9449e-16    2.7828e-18
1151.51562    1.5436e-16    2.1658e-16    3.6822e-18
1153.75854    1.3387e-16    1.8716e-16    4.8289e-18
1156.00586    3.8128e-17    5.2731e-17    2.7607e-18
1158.25745    8.6614e-17    1.2052e-16    4.4985e-18
1160.51355    9.8485e-17    1.3595e-16    7.7459e-18
1162.77393    5.8648e-17    8.1382e-17    3.5885e-18
1165.03882    6.8442e-17    9.5454e-17    3.0232e-18
1167.30811    1.0162e-16    1.4053e-16    7.3770e-18
1169.58179    9.2023e-17    1.2838e-16    3.9651e-18
1171.85986    1.0332e-16    1.4313e-16    6.8876e-18
1174.14246    9.1784e-17    1.2764e-16    4.9348e-18
1176.42944    4.0221e-17    5.5510e-17    3.1913e-18
1178.72095    2.5503e-17    3.5595e-17    1.0606e-18
1181.01685    4.6039e-17    6.4461e-17    1.4242e-18
1183.31714    4.3314e-17    6.0674e-17    1.2693e-18
1185.62207    6.8553e-17    9.5270e-17    3.8487e-18
1187.93140    9.1397e-17    1.2720e-16    4.6940e-18
1190.24536    4.1349e-17    5.7808e-17    1.4867e-18
1192.56372    9.4477e-17    1.3250e-16    2.3861e-18
1194.88647    3.7658e-17    5.2431e-17    1.8799e-18
1197.21387    1.4411e-16    2.0180e-16    4.3796e-18
1199.54590    2.3745e-16    3.3385e-16    3.9690e-18
1201.88232    8.2764e-17    1.1576e-16    2.8447e-18
1204.22339    3.8118e-17    5.3117e-17    1.7931e-18
1206.56897    1.0657e-16    1.4847e-16    5.1008e-18
1208.91919    1.0765e-16    1.5055e-16    3.7514e-18
1211.27393    1.0049e-16    1.4019e-16    4.3160e-18
1213.63330    3.7596e-17    5.1510e-17    3.8968e-18
1215.99719    5.5784e-17    7.6388e-17    5.8841e-18
1218.36572    1.1896e-16    1.6418e-16    9.4403e-18
1220.73877    3.9862e-16    5.4006e-16    5.6067e-17
1223.11658    7.0426e-17    8.8870e-17    2.5759e-17
1225.49902    1.9334e-17    2.6710e-17    1.4703e-18
1227.88599    3.2564e-17    4.3624e-17    5.7805e-18
1230.27771    1.1234e-17    1.5551e-17    7.7803e-19
1232.67407    3.8454e-17    5.3909e-17    1.0239e-18
1235.07507    5.2578e-17    7.3670e-17    1.4947e-18
1237.48071    2.9005e-17    4.0655e-17    7.8972e-19
1239.89111    2.9037e-17    3.9932e-17    2.6513e-18
1242.30615    4.2551e-17    5.9298e-17    1.9920e-18
1244.72595    3.5392e-17    4.7730e-17    5.5092e-18
1247.15039    1.9058e-17    2.6607e-17    7.7637e-19
1249.57959    3.5830e-17    4.9700e-17    2.2390e-18
1252.01355    3.2867e-17    4.5762e-17    1.6376e-18
1254.45215    3.4726e-17    4.8195e-17    2.1069e-18
1256.89563    6.0036e-17    8.3110e-17    4.1523e-18
1259.34375    4.3831e-17    6.0582e-17    3.2630e-18
1261.79675    8.0149e-17    1.0760e-16    1.3656e-17
1264.25452    1.9322e-16    2.6754e-16    1.3246e-17
1266.71704    5.5084e-16    7.6780e-16    2.5403e-17
1269.18433    4.5629e-17    6.2741e-17    4.1847e-18
1271.65649    9.2018e-17    1.2756e-16    5.9356e-18
1274.13342    4.4740e-17    6.1644e-17    3.8010e-18
1276.61523    4.9412e-17    6.9049e-17    1.8552e-18
1279.10181    6.3990e-17    8.7581e-17    6.8576e-18
1281.59326    3.4247e-17    4.7060e-17    3.2151e-18
1284.08960    3.2492e-17    4.4254e-17    4.0058e-18
1286.59070    6.7945e-17    8.7502e-17    2.0582e-17
1289.09668    1.9593e-16    2.6133e-16    3.7539e-17
1291.60767    1.1010e-16    1.4704e-16    2.0618e-17
1294.12341    1.2383e-16    1.6347e-16    2.7818e-17
1296.64404    1.0011e-16    1.3745e-16    9.6823e-18
1299.16968    1.1996e-16    1.5899e-16    2.5443e-17
1301.70020    4.4579e-17    6.0302e-17    6.4998e-18
1304.23572    4.7427e-17    6.3532e-17    8.4233e-18
1306.77612    5.5717e-17    7.5251e-17    8.4090e-18
1309.32141    1.5816e-17    2.1562e-17    1.9018e-18
1311.87183    2.6932e-17    3.5697e-17    5.7032e-18
1314.42700    4.2498e-17    5.7647e-17    5.8106e-18
1316.98730    4.5689e-17    6.0426e-17    9.9990e-18
1319.55249    6.5208e-17    8.6681e-17    1.3205e-17
1322.12280    5.7185e-17    7.6388e-17    1.0679e-17
1324.69800    3.9247e-17    5.1929e-17    8.5312e-18
1327.27820    6.1659e-17    7.9764e-17    1.7813e-17
1329.86353    4.3445e-17    5.7024e-17    1.0558e-17
1332.45386    4.8853e-17    6.4555e-17    1.0824e-17
1335.04919    1.0783e-17    1.4628e-17    1.4691e-18
1337.64966    2.3981e-17    3.1689e-17    5.3137e-18
1340.25513    1.0040e-16    1.2351e-16    4.4419e-17
1342.86560    2.2401e-17    2.7111e-17    1.0996e-17
1345.48120    5.1173e-17    6.4743e-17    1.8310e-17
1348.10205    9.4332e-18    1.1869e-17    3.5340e-18
1350.72778    7.1579e-17    8.5765e-17    3.7222e-17
1353.35876    3.6915e-17    4.6342e-17    1.4084e-17
1355.99487    5.3921e-17    6.9077e-17    1.7214e-17
1358.63611    3.2724e-17    4.3989e-17    5.4418e-18
1361.28247    9.6627e-17    1.2391e-16    3.0554e-17
1363.93396    8.5442e-17    1.1297e-16    1.8767e-17
1366.59058    9.8045e-17    1.2436e-16    3.4314e-17
1369.25244    4.7776e-17    6.1709e-17    1.4031e-17
1371.91956    9.1900e-17    1.1575e-16    3.4146e-17
1374.59180    1.3160e-16    1.6710e-16    4.5624e-17
1377.26929    1.2436e-16    1.5671e-16    4.6022e-17
1379.95190    7.4163e-17    9.2609e-17    2.9491e-17
1382.63965    9.5212e-17    1.1615e-16    4.4510e-17
1385.33276    4.7007e-17    5.6382e-17    2.4301e-17
1388.03125    7.4801e-17    9.3607e-17    2.9256e-17
1390.73486    3.1953e-17    3.9910e-17    1.2681e-17
1393.44360    3.6241e-17    3.4917e-17    3.9448e-17
1396.15784    5.6730e-17    6.9703e-17    2.5310e-17
1398.87720    1.4745e-16    1.8888e-16    4.7108e-17
1401.60205    9.7969e-17    1.2828e-16    2.4554e-17
1404.33203    7.4489e-17    9.2829e-17    3.0074e-17
1407.06738    4.2963e-17    5.1648e-17    2.1931e-17
1409.80811    8.9708e-17    1.0778e-16    4.5938e-17
1412.55420    5.0523e-17    6.5014e-17    1.5426e-17
1415.30554    1.6347e-16    1.9712e-16    8.2001e-17
1418.06213    9.5447e-17    1.1292e-16    5.3137e-17
1420.82446    1.3240e-16    1.6223e-16    6.0131e-17
1423.59180    5.3301e-17    6.3300e-17    2.9086e-17
1426.36475    2.0033e-17    2.4702e-17    8.7239e-18
1429.14307    1.3010e-16    1.3753e-16    1.1211e-16
1431.92676    8.7730e-17    1.1057e-16    3.2406e-17
1434.71582    3.2760e-17    3.9835e-17    1.5626e-17
1437.51038    2.4945e-16    2.6921e-16    2.0158e-16
1440.31030    9.1752e-17    1.1281e-16    4.0759e-17
1443.11572    1.1646e-16    1.2941e-16    8.5081e-17
1445.92676    4.6283e-17    5.4167e-17    2.7188e-17
1448.74316    4.3474e-17    5.1831e-17    2.3236e-17
1451.56494    1.2392e-16    1.3316e-16    1.0155e-16
1454.39233    1.7531e-16    1.9092e-16    1.3753e-16
1457.22522    4.9705e-17    5.3032e-17    4.1646e-17
1460.06360    1.2515e-16    1.2790e-16    1.1852e-16
1462.90747    4.7417e-17    5.5718e-17    2.7315e-17
1465.75696    1.2326e-16    1.2152e-16    1.2748e-16
1468.61206    7.8774e-17    8.1092e-17    7.3161e-17
1471.47253    1.3194e-16    1.3408e-16    1.2678e-16
1474.33862    1.7260e-16    1.8795e-16    1.3543e-16
1477.21045    1.4415e-16    1.4574e-16    1.4030e-16
1480.08777    8.6026e-17    9.1402e-17    7.3005e-17
1482.97058    9.4220e-17    1.0115e-16    7.7428e-17
1485.85913    4.6202e-17    4.8149e-17    4.1485e-17
1488.75342    9.2735e-17    9.7288e-17    8.1707e-17
1491.65332    6.3728e-17    6.9062e-17    5.0808e-17
1494.55859    3.2467e-17    3.7099e-17    2.1250e-17
1497.46985    2.8230e-17    3.2646e-17    1.7535e-17
1500.38647    1.7659e-17    1.9838e-17    1.2382e-17
1503.30896    5.1808e-17    5.5600e-17    4.2625e-17
1506.23706    7.0000e-17    8.3899e-17    3.6339e-17
1509.17090    5.7927e-17    6.3354e-17    4.4784e-17
1512.11060    5.9146e-17    7.3220e-17    2.5059e-17
1515.05591    3.8702e-17    4.5565e-17    2.2083e-17
1518.00684    5.3413e-18    6.4709e-18    2.6057e-18
1520.96362    4.3206e-17    4.9060e-17    2.9028e-17
1523.92627    4.5506e-17    5.2721e-17    2.8034e-17
1526.89453    3.7122e-17    4.5730e-17    1.6277e-17
1529.86865    7.4845e-18    7.9881e-18    6.2650e-18
1532.84839    2.1931e-17    2.6809e-17    1.0117e-17
1535.83411    1.9709e-16    2.2079e-16    1.3969e-16
1538.82568    2.0373e-16    1.8144e-16    2.5772e-16
1541.82300    3.1378e-17    3.5578e-17    2.1207e-17
1544.82617    9.0081e-18    9.7273e-18    7.2663e-18
1547.83521    5.7634e-16    5.1567e-16    7.2329e-16
1550.85010    3.8469e-17    3.9797e-17    3.5255e-17
1553.87085    3.9507e-17    3.9874e-17    3.8619e-17
1556.89746    4.7776e-17    5.8590e-17    2.1586e-17
1559.92993    2.8616e-17    3.9286e-17    2.7751e-18
1562.96863    3.0505e-17    4.0185e-17    7.0624e-18
1566.01282    1.5240e-17    1.9540e-17    4.8252e-18
1569.06311    4.3062e-17    5.8469e-17    5.7465e-18
1572.11938    5.1169e-17    6.1110e-17    2.7093e-17
1575.18152    3.9378e-17    5.3392e-17    5.4392e-18
1578.24963    7.1612e-17    8.5046e-17    3.9078e-17
1581.32373    4.9596e-17    5.5638e-17    3.4964e-17
1584.40381    2.2956e-17    2.9451e-17    7.2278e-18
1587.48999    4.2763e-17    5.6317e-17    9.9381e-18
1590.58215    1.3280e-17    1.4631e-17    1.0009e-17
1593.68018    4.7576e-17    4.6844e-17    4.9348e-17
1596.78442    1.8457e-17    1.7119e-17    2.1699e-17
1599.89465    2.0964e-17    2.2221e-17    1.7920e-17
1603.01086    2.6308e-17    3.0693e-17    1.5687e-17
1606.13330    3.0615e-17    3.8229e-17    1.2176e-17
1609.26172    3.3028e-17    4.4161e-17    6.0650e-18
1612.39636    2.4612e-17    3.1703e-17    7.4385e-18
1615.53674    2.8690e-18    3.6036e-18    1.0900e-18
1618.68347    3.5874e-17    4.7763e-17    7.0822e-18
1621.83630    4.7989e-17    6.5229e-17    6.2364e-18
1624.99548    4.4701e-17    6.1564e-17    3.8602e-18
1628.16064    8.1248e-17    1.1186e-16    7.1016e-18
1631.33203    5.3036e-17    6.8702e-17    1.5097e-17
1634.50952    7.1981e-17    9.8818e-17    6.9848e-18
1637.69312    1.0071e-16    1.2447e-16    4.3188e-17
1640.88306    1.7687e-16    2.1952e-16    7.3579e-17
1644.07922    4.8942e-17    6.2691e-17    1.5644e-17
1647.28162    5.8805e-17    7.9792e-17    7.9784e-18
1650.49023    5.2659e-17    7.1418e-17    7.2269e-18
1653.70496    6.3080e-17    8.5920e-17    7.7647e-18
1656.92603    4.8459e-17    6.4396e-17    9.8630e-18
1660.15369    2.8061e-17    3.8835e-17    1.9662e-18
1663.38721    1.4197e-17    1.9531e-17    1.2803e-18
1666.62720    1.4410e-17    1.7835e-17    6.1138e-18
1669.87317    5.0953e-17    5.8717e-17    3.2148e-17
1673.12585    5.0688e-17    6.2244e-17    2.2701e-17
1676.38489    7.4455e-17    8.1214e-17    5.8088e-17
1679.65027    5.9377e-17    6.8162e-17    3.8103e-17
1682.92188    4.9831e-17    5.8064e-17    2.9893e-17
1686.19958    8.1960e-17    7.8281e-17    9.0868e-17
1689.48413    3.7865e-17    5.0340e-17    7.6511e-18
1692.77502    3.2820e-17    4.5017e-17    3.2808e-18
1696.07227    8.5543e-17    7.9447e-17    1.0030e-16
1699.37573    2.1178e-17    2.7921e-17    4.8477e-18
1702.68567    3.7204e-17    4.7767e-17    1.1622e-17
1706.00232    2.9655e-17    3.9466e-17    5.8931e-18
1709.32544    7.0077e-17    8.0497e-17    4.4842e-17
1712.65491    3.4077e-17    4.0903e-17    1.7544e-17
1715.99060    6.7922e-17    9.0608e-17    1.2981e-17
1719.33301    4.8388e-17    6.5514e-17    6.9101e-18
1722.68188    9.5127e-17    9.5153e-17    9.5063e-17
1726.03735    4.4465e-17    6.0542e-17    5.5286e-18
1729.39941    1.6595e-17    2.0996e-17    5.9370e-18
1732.76807    2.8325e-17    3.4446e-17    1.3503e-17
1736.14307    1.4611e-17    1.7464e-17    7.7024e-18
1739.52466    8.9451e-18    8.9246e-18    8.9948e-18
1742.91296    1.3636e-17    1.6273e-17    7.2496e-18
1746.30786    2.5662e-17    3.2085e-17    1.0107e-17
1749.70935    4.2515e-17    4.9316e-17    2.6044e-17
1753.11755    2.4911e-18    2.2703e-18    3.0256e-18
1756.53223    8.4296e-18    7.8964e-18    9.7210e-18
1759.95325    3.5314e-17    4.6903e-17    7.2485e-18
1763.38147    3.5695e-17    3.8203e-17    2.9622e-17
1766.81628    2.1234e-17    2.0463e-17    2.3099e-17
1770.25745    2.0847e-17    2.4639e-17    1.1663e-17
1773.70581    4.5882e-17    4.6969e-17    4.3249e-17
1777.16064    2.4750e-17    3.1273e-17    8.9498e-18
1780.62207    2.1636e-17    2.6888e-17    8.9189e-18
1784.09045    7.9125e-17    9.9765e-17    2.9138e-17
1787.56555    2.1085e-16    2.5861e-16    9.5178e-17
1791.04749    3.3141e-17    3.8123e-17    2.1074e-17
1794.53601    4.2361e-17    5.2253e-17    1.8405e-17
1798.03137    5.7726e-17    7.4993e-17    1.5908e-17
1801.53357    5.9831e-18    4.9439e-18    8.4997e-18
1805.04248    5.0211e-17    5.6338e-17    3.5372e-17
1808.55847    3.4111e-17    3.9403e-17    2.1293e-17
1812.08130    1.7426e-17    1.4402e-17    2.4749e-17
1815.61096    2.7642e-17    3.4196e-17    1.1770e-17
1819.14722    1.4435e-17    1.9100e-17    3.1368e-18
1822.69067    2.7565e-17    3.6026e-17    7.0749e-18
1826.24084    3.3544e-17    4.5155e-17    5.4242e-18
1829.79797    3.1233e-17    3.9834e-17    1.0405e-17
1833.36206    2.4977e-17    3.1992e-17    7.9851e-18
1836.93311    3.0292e-17    3.3896e-17    2.1562e-17
1840.51111    4.0638e-17    3.6076e-17    5.1688e-17
1844.09607    2.7464e-17    2.6506e-17    2.9784e-17
1847.68799    2.7344e-17    3.5418e-17    7.7883e-18
1851.28687    3.7558e-17    4.2355e-17    2.5939e-17
1854.89282    6.5796e-18    7.4609e-18    4.4452e-18
1858.50586    1.9877e-17    2.2262e-17    1.4103e-17
1862.12585    3.6880e-17    3.9579e-17    3.0345e-17
1865.75293    2.3482e-17    2.7397e-17    1.3999e-17
1869.38696    3.3593e-17    3.3330e-17    3.4230e-17
1873.02820    1.4377e-17    1.7381e-17    7.1013e-18
1876.67651    4.0187e-17    5.0499e-17    1.5214e-17
1880.33191    3.8352e-17    4.7026e-17    1.7344e-17
1883.99438    4.6641e-17    4.1250e-17    5.9696e-17
1887.66406    4.5277e-17    5.4062e-17    2.4002e-17
1891.34082    1.6721e-17    2.0353e-17    7.9270e-18
1895.02490    1.9564e-17    2.2942e-17    1.1384e-17
1898.71606    3.7867e-17    3.8775e-17    3.5667e-17
1902.41431    4.2289e-17    4.8473e-17    2.7312e-17
1906.11987    2.0290e-17    2.4248e-17    1.0706e-17
1909.83252    2.4929e-17    3.0050e-17    1.2526e-17
1913.55261    2.7944e-17    3.3747e-17    1.3889e-17
1917.27979    3.8868e-17    4.7496e-17    1.7973e-17
1921.01428    1.8107e-17    1.6876e-17    2.1090e-17
1924.75610    2.1865e-17    2.6324e-17    1.1066e-17
1928.50513    3.9586e-17    4.4158e-17    2.8511e-17
1932.26147    2.4038e-17    2.6487e-17    1.8107e-17
1936.02515    2.7372e-17    3.6085e-17    6.2714e-18
1939.79614    2.6550e-17    2.4154e-17    3.2353e-17
1943.57446    3.3302e-17    3.6967e-17    2.4427e-17
1947.36011    6.4665e-17    6.5554e-17    6.2512e-17
1951.15332    2.1571e-17    2.1882e-17    2.0818e-17
1954.95374    5.8756e-17    5.3713e-17    7.0968e-17
1958.76160    1.3843e-16    1.1070e-16    2.0558e-16
1962.57690    5.5611e-17    5.6817e-17    5.2690e-17
1966.39966    1.0453e-16    1.0411e-16    1.0556e-16
1970.22974    7.7875e-17    9.4740e-17    3.7031e-17
1974.06738    1.1619e-16    1.0325e-16    1.4752e-16
1977.91248    2.7693e-17    2.4720e-17    3.4891e-17
1981.76514    1.3690e-17    1.1192e-17    1.9737e-17
1985.62524    4.0455e-17    3.7606e-17    4.7356e-17
1989.49280    2.7102e-17    2.7496e-17    2.6150e-17
1993.36792    2.6068e-17    2.2094e-17    3.5694e-17
1997.25061    1.9065e-17    1.6286e-17    2.5795e-17
2001.14087    4.8404e-17    5.7595e-17    2.6145e-17
2005.03870    3.4413e-17    4.1261e-17    1.7829e-17
2008.94409    6.4878e-17    7.5591e-17    3.8931e-17
2012.85718    4.9324e-17    4.9593e-17    4.8673e-17
2016.77783    6.5950e-17    6.8224e-17    6.0442e-17
2020.70605    2.1664e-17    2.6151e-17    1.0798e-17
2024.64209    8.2609e-17    6.7623e-17    1.1890e-16
2028.58569    1.4976e-16    1.5035e-16    1.4834e-16
2032.53687    5.5897e-17    5.8779e-17    4.8916e-17
2036.49585    2.3792e-17    2.5126e-17    2.0562e-17
2040.46265    2.4182e-17    3.1968e-17    5.3268e-18
2044.43701    2.7636e-17    3.4628e-17    1.0701e-17
2048.41919    2.3584e-17    2.0277e-17    3.1594e-17
2052.40918    2.0904e-17    2.3061e-17    1.5680e-17
2056.40674    3.3969e-17    4.1835e-17    1.4917e-17
2060.41211    8.1512e-18    9.5175e-18    4.8421e-18
2064.42554    4.6578e-17    5.8675e-17    1.7279e-17
2068.44678    6.0291e-17    5.7872e-17    6.6149e-17
2072.47559    4.9043e-17    4.8730e-17    4.9802e-17
2076.51221    4.2904e-17    3.5576e-17    6.0653e-17
2080.55713    2.2142e-17    2.4003e-17    1.7635e-17
2084.60938    1.7204e-17    1.3786e-17    2.5481e-17
2088.66992    2.0900e-17    2.5480e-17    9.8057e-18
2092.73828    3.0262e-17    2.5606e-17    4.1538e-17
2096.81445    2.1056e-17    2.1968e-17    1.8848e-17
2100.89868    4.1979e-17    4.0628e-17    4.5252e-17
2104.99072    3.1759e-17    3.4704e-17    2.4626e-17
2109.09082    7.1550e-17    9.1883e-17    2.2305e-17
2113.19922    3.3297e-17    2.9572e-17    4.2318e-17
2117.31519    1.0335e-16    9.8798e-17    1.1438e-16
2121.43945    9.2787e-18    9.9433e-18    7.6690e-18
2125.57129    1.9808e-17    1.5529e-17    3.0169e-17
2129.71143    4.7874e-17    5.4340e-17    3.2214e-17
2133.85986    3.4694e-17    3.1225e-17    4.3096e-17
2138.01611    6.0020e-17    7.1913e-17    3.1218e-17
2142.18066    4.0142e-17    3.7938e-17    4.5480e-17
2146.35303    4.8945e-17    5.1906e-17    4.1775e-17
2150.53369    3.8331e-17    4.6383e-17    1.8831e-17
2154.72266    2.2561e-17    2.1860e-17    2.4259e-17
2158.91968    3.0325e-17    2.9698e-17    3.1842e-17
2163.12500    4.0681e-17    4.3056e-17    3.4930e-17
2167.33813    6.7656e-17    6.8696e-17    6.5136e-17
2171.55957    1.8604e-17    1.6035e-17    2.4825e-17
2175.78955    5.8170e-17    6.0552e-17    5.2400e-17
2180.02759    1.5295e-17    1.6510e-17    1.2351e-17
2184.27393    4.3248e-17    3.7199e-17    5.7899e-17
2188.52832    2.9526e-17    3.2227e-17    2.2984e-17
2192.79102    1.1257e-17    9.3946e-18    1.5766e-17
2197.06226    8.2213e-18    6.4592e-18    1.2489e-17
2201.34180    1.7305e-17    1.4213e-17    2.4794e-17
2205.62939    2.6569e-17    2.3920e-17    3.2985e-17
2209.92554    2.6885e-17    2.5058e-17    3.1310e-17
2214.22998    5.0911e-17    5.1178e-17    5.0263e-17
2218.54297    2.9799e-17    2.9498e-17    3.0529e-17
2222.86426    6.3833e-17    7.1118e-17    4.6190e-17
2227.19409    3.8444e-17    3.7452e-17    4.0846e-17
2231.53223    4.2195e-17    3.8989e-17    4.9961e-17
2235.87891    6.7659e-17    8.4385e-17    2.7150e-17
2240.23389    6.8488e-17    7.0046e-17    6.4714e-17
2244.59717    8.7323e-17    1.1101e-16    2.9966e-17
2248.96924    7.9857e-17    1.0134e-16    2.7835e-17
2253.34985    7.4625e-17    9.6793e-17    2.0937e-17
2257.73901    4.8648e-17    5.5723e-17    3.1511e-17
2262.13672    1.2454e-16    1.6318e-16    3.0953e-17
2266.54297    1.2269e-16    1.5738e-16    3.8667e-17
2270.95752    1.0000e-16    1.1578e-16    6.1798e-17
2275.38086    1.0541e-16    1.1876e-16    7.3064e-17
2279.81299    1.2437e-16    1.4303e-16    7.9177e-17
2284.25366    6.7315e-17    7.6637e-17    4.4740e-17
2288.70288    4.2200e-17    3.5943e-17    5.7355e-17
2293.16089    7.8755e-17    8.5434e-17    6.2580e-17
2297.62744    4.4761e-17    4.2250e-17    5.0842e-17
2302.10303    3.9215e-17    3.6533e-17    4.5710e-17
2306.58691    1.3747e-16    1.1639e-16    1.8851e-16
2311.07959    9.6599e-17    1.0235e-16    8.2667e-17
2315.58105    6.0487e-17    6.4523e-17    5.0711e-17
2320.09155    6.2107e-17    6.7900e-17    4.8078e-17
2324.61060    6.8691e-17    7.1884e-17    6.0958e-17
2329.13843    1.4982e-16    1.9304e-16    4.5139e-17
2333.67529    2.9237e-17    3.9668e-17    3.9742e-18
2338.22070    7.9547e-17    9.7582e-17    3.5869e-17
2342.77490    8.1805e-17    1.0552e-16    2.4374e-17
2347.33838    1.0557e-16    1.3021e-16    4.5906e-17
2351.91064    5.4144e-17    5.2988e-17    5.6944e-17
2356.49170    1.0140e-16    1.1158e-16    7.6740e-17
2361.08154    1.7753e-16    2.3366e-16    4.1582e-17
2365.68066    1.4394e-16    1.8585e-16    4.2430e-17
2370.28833    7.5942e-17    9.7559e-17    2.3589e-17
2374.90527    1.2046e-16    1.5180e-16    4.4573e-17
2379.53101    7.8156e-17    1.0311e-16    1.7712e-17
2384.16602    3.1660e-16    4.1839e-16    7.0078e-17
2388.80981    9.2890e-17    1.0371e-16    6.6688e-17
2393.46289    2.5892e-16    3.1014e-16    1.3487e-16
2398.12476    1.1830e-16    1.3766e-16    7.1417e-17
2402.79590    1.1041e-16    1.3386e-16    5.3609e-17
2407.47607    1.0815e-16    1.2463e-16    6.8250e-17
2412.16528    1.7503e-16    2.1529e-16    7.7527e-17
2416.86377    1.6534e-16    1.6346e-16    1.6988e-16
2421.57129    1.1299e-16    1.1349e-16    1.1176e-16
2426.28809    1.4825e-16    1.6987e-16    9.5871e-17
2431.01392    3.2471e-16    3.2134e-16    3.3287e-16
2435.74902    1.7823e-16    1.8680e-16    1.5746e-16
2440.49365    1.3000e-16    1.1779e-16    1.5957e-16
2445.24707    1.6213e-16    1.7053e-16    1.4178e-16
2450.01001    1.9501e-16    1.7554e-16    2.4217e-16
2454.78223    1.6712e-16    1.5035e-16    2.0773e-16
2459.56348    2.0196e-16    1.9506e-16    2.1868e-16
2464.35425    2.6029e-16    2.6619e-16    2.4601e-16
2469.15430    1.8406e-16    1.9791e-16    1.5054e-16
2473.96387    1.7768e-16    1.8208e-16    1.6700e-16
2478.78271    1.3653e-16    1.4186e-16    1.2363e-16
2483.61084    1.3872e-16    1.5400e-16    1.0172e-16
2488.44849    2.3026e-16    2.1111e-16    2.7662e-16
2493.29541    7.7968e-17    7.9122e-17    7.5173e-17
2498.15186    8.5706e-17    9.2435e-17    6.9410e-17
2503.01782    1.3326e-16    1.4418e-16    1.0680e-16
2507.89307    3.3219e-16    3.1032e-16    3.8513e-16
2512.77808    1.5986e-16    1.6755e-16    1.4125e-16
2517.67236    9.5507e-17    9.3306e-17    1.0084e-16
2522.57642    1.0961e-16    1.0818e-16    1.1306e-16
2527.48975    1.5506e-16    1.8163e-16    9.0710e-17
2532.41309    5.9823e-17    6.8328e-17    3.9226e-17
2537.34570    1.6789e-16    1.8788e-16    1.1947e-16
2542.28760    1.4397e-16    1.5553e-16    1.1598e-16
2547.23975    1.3356e-16    1.5001e-16    9.3714e-17
2552.20117    9.8842e-17    1.0157e-16    9.2245e-17
2557.17236    6.9648e-17    8.0715e-17    4.2845e-17
2562.15332    1.6971e-16    2.0273e-16    8.9725e-17
2567.14404    1.0431e-16    1.1976e-16    6.6893e-17
2572.14404    1.1915e-16    1.0968e-16    1.4210e-16
2577.15430    6.6809e-17    7.8419e-17    3.8691e-17
2582.17383    1.0715e-16    1.1061e-16    9.8770e-17
2587.20361    1.2708e-16    1.4595e-16    8.1394e-17
2592.24292    1.0922e-16    1.3649e-16    4.3172e-17
2597.29199    1.9400e-16    2.3815e-16    8.7074e-17
2602.35107    4.3057e-17    4.5920e-17    3.6125e-17
2607.41992    1.2811e-16    1.5193e-16    7.0432e-17
2612.49854    2.4632e-16    3.0412e-16    1.0633e-16
2617.58740    7.8159e-17    9.8264e-17    2.9468e-17
2622.68604    1.5380e-16    1.9238e-16    6.0354e-17
2627.79443    2.4177e-16    2.8132e-16    1.4599e-16
2632.91284    1.5240e-16    1.7154e-16    1.0602e-16
2638.04126    5.8815e-17    5.3305e-17    7.2159e-17
2643.17969    6.5899e-17    5.4719e-17    9.2975e-17
2648.32812    2.8230e-17    2.0918e-17    4.5937e-17
2653.48633    6.2841e-17    5.2896e-17    8.6928e-17
2658.65479    2.9011e-17    2.2288e-17    4.5294e-17
2663.83350    2.9695e-17    3.1139e-17    2.6197e-17
2669.02197    6.1984e-17    6.2511e-17    6.0708e-17
2674.22070    4.8118e-18    3.4727e-18    8.0548e-18
2679.42969    5.0468e-17    4.5887e-17    6.1562e-17
2684.64868    8.5103e-17    7.4864e-17    1.0990e-16
2689.87793    2.4655e-17    1.9727e-17    3.6590e-17
2695.11719    9.8446e-17    1.0845e-16    7.4228e-17
2700.36670    1.8174e-17    1.4993e-17    2.5876e-17
2705.62646    1.2477e-16    1.0667e-16    1.6859e-16
2710.89648    8.7458e-17    1.0351e-16    4.8591e-17
2716.17676    1.8006e-16    1.9964e-16    1.3265e-16
2721.46729    5.7087e-17    4.8197e-17    7.8617e-17
2726.76831    9.5215e-17    1.2069e-16    3.3513e-17
2732.07959    1.3329e-16    1.6903e-16    4.6744e-17
2737.40112    1.3567e-16    1.5028e-16    1.0028e-16
2742.73291    7.2142e-17    8.6830e-17    3.6570e-17
2748.07520    2.0369e-16    2.5708e-16    7.4367e-17
2753.42798    2.3282e-16    2.5331e-16    1.8321e-16
2758.79102    5.7026e-17    6.3680e-17    4.0912e-17
2764.16479    8.6533e-17    1.0092e-16    5.1687e-17
2769.54883    1.2813e-16    1.3135e-16    1.2031e-16
2774.94336    1.2863e-16    1.4093e-16    9.8855e-17
2780.34863    5.8500e-17    5.2868e-17    7.2141e-17
2785.76416    6.7025e-17    6.2811e-17    7.7229e-17
2791.18994    1.5052e-16    1.6281e-16    1.2076e-16
2796.62695    3.8120e-17    4.5328e-17    2.0661e-17
2802.07422    4.1192e-17    4.9398e-17    2.1318e-17
2807.53198    3.0264e-17    3.1076e-17    2.8295e-17
2813.00049    2.2994e-17    1.8892e-17    3.2931e-17
2818.47949    1.8486e-16    1.4369e-16    2.8457e-16
2823.96948    1.8015e-16    1.4805e-16    2.5788e-16
2829.47021    1.4771e-16    1.4772e-16    1.4770e-16
2834.98145    8.0461e-17    7.2209e-17    1.0045e-16
2840.50342    7.5245e-16    5.6366e-16    1.2097e-15
2846.03613    5.1252e-16    4.0500e-16    7.7292e-16
2851.57959    1.5155e-16    1.1054e-16    2.5086e-16
2857.13379    3.8443e-16    3.0434e-16    5.7840e-16
2862.69922    1.0200e-16    7.7878e-17    1.6043e-16
2868.27490    1.3332e-16    1.2131e-16    1.6243e-16
2873.86182    1.4903e-16    1.2422e-16    2.0911e-16
2879.45947    2.4051e-16    1.8557e-16    3.7358e-16
2885.06836    1.1136e-16    9.4593e-17    1.5196e-16
2890.68774    6.6797e-17    6.0298e-17    8.2537e-17
2896.31860    5.4542e-17    4.5252e-17    7.7040e-17
2901.95972    2.2246e-17    1.8266e-17    3.1887e-17
2907.61230    6.0476e-17    4.9477e-17    8.7112e-17
2913.27563    5.9393e-18    4.3941e-18    9.6815e-18
2918.95020    3.7813e-17    3.4808e-17    4.5089e-17
2924.63574    7.2871e-17    8.9560e-17    3.2452e-17
2930.33228    4.6299e-18    3.4350e-18    7.5238e-18
2936.04004    1.8086e-17    1.3500e-17    2.9193e-17
2941.75903    6.0275e-17    7.1235e-17    3.3730e-17
2947.48877    8.4050e-17    8.9534e-17    7.0769e-17
2953.22998    3.2949e-17    4.1311e-17    1.2699e-17
2958.98242    4.3751e-17    4.1608e-17    4.8939e-17
2964.74585    7.2482e-17    8.9047e-17    3.2363e-17
2970.52075    7.7050e-17    8.4128e-17    5.9908e-17
2976.30664    3.0733e-17    3.1244e-17    2.9496e-17
2982.10376    1.1817e-16    1.4065e-16    6.3752e-17
2987.91187    5.1351e-17    6.1847e-17    2.5933e-17
2993.73218    8.9749e-18    6.5614e-18    1.4820e-17
2999.56348    2.3331e-17    2.1714e-17    2.7249e-17
3005.40601    7.0208e-17    9.0202e-17    2.1785e-17
3011.25977    3.0580e-17    2.2762e-17    4.9514e-17
3017.12500    2.6074e-17    1.9460e-17    4.2091e-17
3023.00195    7.6966e-18    5.6641e-18    1.2619e-17
3028.89014    1.3991e-17    1.0271e-17    2.3001e-17
3034.79004    6.2881e-17    4.5908e-17    1.0399e-16
3040.70117    7.6926e-18    5.6501e-18    1.2639e-17
3046.62402    7.9847e-17    6.2604e-17    1.2161e-16
3052.55811    4.0911e-17    3.0027e-17    6.7268e-17
3058.50391    3.9254e-18    2.8577e-18    6.5112e-18
3064.46143    2.7824e-17    2.3803e-17    3.7561e-17
3070.43018    5.4843e-17    4.0198e-17    9.0312e-17
3076.41064    3.6822e-16    2.7210e-16    6.0101e-16
3082.40332    8.0993e-18    6.0691e-18    1.3016e-17
3088.40698    5.7344e-18    4.1938e-18    9.4657e-18
3094.42261    2.1809e-17    2.0094e-17    2.5964e-17
3100.44971    4.0725e-18    2.9853e-18    6.7054e-18
3106.48901    2.6578e-17    1.9540e-17    4.3624e-17
3112.53979    5.9725e-18    4.3570e-18    9.8849e-18
3118.60229    5.6428e-18    4.1220e-18    9.3259e-18
3124.67676    5.0397e-19    3.6863e-19    8.3174e-19
3130.76318    5.7520e-18    4.4485e-18    8.9088e-18
3136.86133    1.6668e-18    1.2211e-18    2.7462e-18
3142.97119    3.9688e-17    4.8406e-17    1.8573e-17
3149.09302    6.9447e-18    5.1727e-18    1.1236e-17
3155.22681    4.6807e-18    3.4214e-18    7.7306e-18
3161.37256    1.2910e-16    1.5503e-16    6.6297e-17
3167.53027    5.4235e-17    6.9070e-17    1.8309e-17
3173.70020    1.0647e-17    7.7386e-18    1.7692e-17
3179.88184    3.5796e-17    3.0779e-17    4.7946e-17
3186.07568    1.3483e-16    1.7280e-16    4.2889e-17
3192.28149    8.9182e-17    1.0661e-16    4.6976e-17
3198.49951    7.7929e-17    1.0216e-16    1.9252e-17
3204.72949    9.0241e-18    6.7835e-18    1.4451e-17
3210.97168    7.7098e-17    9.3560e-17    3.7230e-17
3217.22607    4.5714e-18    3.3214e-18    7.5986e-18
3223.49268    6.0239e-18    4.3898e-18    9.9813e-18
3229.77148    7.5019e-17    8.4021e-17    5.3220e-17
3236.06226    9.1379e-18    9.9607e-18    7.1453e-18
3242.36572    2.2472e-17    1.8521e-17    3.2041e-17
3248.68115    3.9870e-17    3.2458e-17    5.7821e-17
3255.00879    6.8788e-17    7.2431e-17    5.9965e-17
3261.34912    2.8735e-17    2.7034e-17    3.2855e-17
3267.70093    1.9004e-17    1.5292e-17    2.7994e-17
3274.06616    5.2597e-18    4.0578e-18    8.1706e-18
3280.44336    1.3512e-16    1.5399e-16    8.9406e-17
3286.83301    3.7575e-17    3.1918e-17    5.1275e-17
3293.23535    3.3209e-17    3.2683e-17    3.4484e-17
3299.64990    3.5440e-17    2.8650e-17    5.1882e-17
3306.07690    4.4703e-17    3.9734e-17    5.6739e-17
3312.51660    3.3279e-17    2.8473e-17    4.4917e-17
3318.96875    1.1098e-17    8.1219e-18    1.8307e-17
3325.43359    8.4112e-18    6.2679e-18    1.3602e-17
3331.91064    8.5934e-19    6.2535e-19    1.4260e-18
3338.40063    1.0795e-17    8.0179e-18    1.7522e-17
3344.90332    4.1181e-19    2.9981e-19    6.8306e-19
3351.41846    1.6989e-19    1.2356e-19    2.8210e-19
3357.94629    2.5449e-17    1.9359e-17    4.0197e-17
3364.48682    1.1619e-17    9.4735e-18    1.6817e-17
3371.04004    2.0189e-17    1.5179e-17    3.2322e-17
3377.60645    1.0536e-16    7.5916e-17    1.7667e-16
3384.18481    3.3484e-17    2.4402e-17    5.5478e-17
3390.77686    1.3946e-17    1.0239e-17    2.2922e-17
3397.38159    1.7287e-18    1.2540e-18    2.8783e-18
3403.99902    1.3331e-18    9.6844e-19    2.2163e-18
3410.62915    2.4658e-18    1.8496e-18    3.9580e-18
3417.27271    1.9261e-17    1.4596e-17    3.0558e-17
3423.92847    2.4580e-18    1.7849e-18    4.0882e-18
3430.59766    5.2613e-18    3.8323e-18    8.7224e-18
3437.27979    1.6598e-17    1.2930e-17    2.5479e-17
3443.97534    3.7360e-17    2.7041e-17    6.2350e-17
3450.68359    5.9252e-17    4.2578e-17    9.9633e-17
3457.40479    5.0010e-17    3.6374e-17    8.3034e-17
3464.13916    4.5228e-18    3.3262e-18    7.4208e-18
3470.88647    3.2654e-18    2.3938e-18    5.3762e-18
3477.64697    1.5260e-17    1.1712e-17    2.3852e-17
3484.42090    1.3664e-17    9.9379e-18    2.2688e-17
3491.20776    1.1959e-17    8.7461e-18    1.9739e-17
3498.00781    1.8711e-17    1.4151e-17    2.9756e-17
3504.82129    8.2989e-17    6.0112e-17    1.3839e-16
3511.64771    4.9549e-19    3.5931e-19    8.2532e-19
3518.48804    8.7132e-18    6.4764e-18    1.4130e-17
3525.34131    9.7857e-18    7.0982e-18    1.6294e-17
3532.20776    7.5194e-18    5.4295e-18    1.2581e-17
3539.08813    6.2999e-17    4.5483e-17    1.0542e-16
3545.98145    4.2477e-18    3.0573e-18    7.1306e-18
3552.88818    4.0071e-18    2.9391e-18    6.5935e-18
3559.80884    1.9434e-18    1.4039e-18    3.2499e-18
3566.74292    2.1368e-18    1.5413e-18    3.5790e-18
3573.68994    7.6216e-19    6.4941e-19    1.0352e-18
3580.65112    1.7291e-19    1.2506e-19    2.8877e-19
3587.62500    3.0639e-18    2.2168e-18    5.1155e-18
3594.61304    2.6222e-19    1.8973e-19    4.3780e-19
3601.61499    5.4967e-19    3.9793e-19    9.1714e-19
3608.63013    4.9195e-19    3.5588e-19    8.2150e-19
3615.65894    6.9545e-19    5.0218e-19    1.1635e-18
3622.70166    1.3042e-17    9.5853e-18    2.1412e-17
3629.75806    9.3051e-19    7.1650e-19    1.4488e-18
3636.82837    8.0528e-19    5.8217e-19    1.3456e-18
3643.91138    6.3997e-18    4.7660e-18    1.0356e-17
3651.00928    1.2860e-19    9.2984e-20    2.1486e-19
3658.12085    1.1197e-17    9.2397e-18    1.5937e-17
3665.24609    9.9282e-19    7.1728e-19    1.6601e-18
3672.38525    2.8244e-19    2.0380e-19    4.7291e-19
3679.53857    3.9804e-19    2.8557e-19    6.7044e-19
3686.70557    7.0428e-19    5.0072e-19    1.1973e-18
3693.88647    2.2148e-19    1.6003e-19    3.7029e-19
3701.08154    1.0510e-18    7.5903e-19    1.7581e-18
3708.29053    2.7710e-19    2.0049e-19    4.6266e-19
3715.51343    5.4965e-19    3.8544e-19    9.4733e-19
3722.75049    1.7922e-18    1.2945e-18    2.9975e-18
3730.00171    2.6864e-18    1.9339e-18    4.5089e-18
3737.26709    1.1770e-19    8.4996e-20    1.9691e-19
3744.54639    7.9805e-19    5.7627e-19    1.3352e-18
3751.84009    6.7060e-18    4.7994e-18    1.1324e-17
3759.14795    4.6924e-18    3.3683e-18    7.8992e-18
3766.47021    4.0259e-17    2.9858e-17    6.5449e-17
3773.80664    6.7305e-20    4.8687e-20    1.1239e-19
3781.15723    1.1322e-17    8.4282e-18    1.8330e-17
3788.52197    9.6413e-19    6.9791e-19    1.6089e-18
3795.90137    1.2670e-18    9.0136e-19    2.1526e-18
3803.29492    1.4225e-19    1.0255e-19    2.3839e-19
3810.70312    1.1004e-18    7.9321e-19    1.8444e-18
3818.12549    1.6964e-19    1.2246e-19    2.8389e-19
3825.56250    6.5189e-17    5.0923e-17    9.9739e-17
3833.01416    5.9810e-19    4.5140e-19    9.5339e-19
3840.47998    3.8073e-18    2.5392e-18    6.8784e-18
3847.96045    1.2512e-18    8.9883e-19    2.1046e-18
3855.45557    5.1914e-20    3.7449e-20    8.6944e-20
3862.96533    1.0611e-19    7.6567e-20    1.7768e-19
3870.48950    1.6451e-17    1.2054e-17    2.7099e-17
3878.02832    6.9755e-19    5.0291e-19    1.1689e-18
3885.58203    1.5978e-19    1.1497e-19    2.6833e-19
3893.15039    1.6790e-18    1.2117e-18    2.8106e-18
3900.73340    2.2875e-19    1.6501e-19    3.8311e-19
3908.33154    6.1013e-18    4.3892e-18    1.0248e-17
3915.94409    4.6392e-18    3.4144e-18    7.6055e-18
3923.57153    1.9164e-19    1.3809e-19    3.2133e-19
3931.21387    8.6633e-18    6.3999e-18    1.4145e-17
3938.87109    2.1816e-17    1.7616e-17    3.1987e-17
3946.54346    6.8257e-18    5.1166e-18    1.0965e-17
3954.23047    1.8422e-19    1.3275e-19    3.0885e-19
3961.93262    4.9935e-18    3.3940e-18    8.8673e-18
3969.64941    1.0111e-17    7.3857e-18    1.6710e-17
3977.38159    3.9220e-17    2.9377e-17    6.3058e-17
3985.12866    2.1316e-18    1.5480e-18    3.5450e-18
3992.89111    1.3464e-18    9.6794e-19    2.2628e-18
4000.66846    1.9074e-17    1.3889e-17    3.1631e-17
4008.46094    6.8954e-19    4.9645e-19    1.1572e-18
4016.26880    5.0944e-19    3.6626e-19    8.5617e-19
4024.09155    1.7713e-18    1.2660e-18    2.9950e-18
4031.92969    6.5515e-19    4.7027e-19    1.1029e-18
4039.78320    1.5029e-19    1.0807e-19    2.5254e-19
4047.65186    2.8640e-19    2.0587e-19    4.8145e-19
4055.53589    3.5805e-19    2.5694e-19    6.0292e-19
4063.43506    2.6227e-18    1.8853e-18    4.4088e-18
4071.35010    6.5656e-18    4.7225e-18    1.1029e-17
4079.28027    5.0295e-18    3.6163e-18    8.4521e-18
4087.22607    2.7690e-18    1.9887e-18    4.6589e-18
4095.18701    7.9701e-18    5.7299e-18    1.3395e-17
4103.16357    4.0792e-19    2.8797e-19    6.9844e-19
4111.15576    2.1486e-18    1.5426e-18    3.6162e-18
4119.16357    6.3039e-18    4.5879e-18    1.0460e-17
4127.18652    4.8292e-18    3.6886e-18    7.5918e-18
4135.22559    2.9233e-18    2.1012e-18    4.9143e-18
4143.28027    8.0979e-18    5.8165e-18    1.3623e-17
4151.35059    5.1640e-19    3.7091e-19    8.6878e-19
4159.43652    3.3794e-18    2.4272e-18    5.6854e-18
4167.53857    2.7418e-19    1.9703e-19    4.6102e-19
4175.65625    1.0907e-16    8.2469e-17    1.7350e-16
4183.78906    9.3642e-19    6.7297e-19    1.5745e-18
4191.93848    1.8933e-19    1.3581e-19    3.1895e-19
4200.10352    7.2654e-19    5.2113e-19    1.2240e-18
4208.28418    2.4575e-18    1.7793e-18    4.0999e-18
4216.48145    6.0533e-20    4.3477e-20    1.0184e-19
4224.69434    4.2951e-19    3.0840e-19    7.2281e-19
4232.92334    7.0044e-17    6.4551e-17    8.3345e-17
4241.16846    3.8114e-16    2.7506e-16    6.3805e-16
4249.42920    2.2326e-18    2.0314e-18    2.7201e-18
4257.70605    4.8673e-18    3.5135e-18    8.1459e-18
4265.99902    1.4951e-18    1.0721e-18    2.5198e-18
4274.30859    1.7960e-16    1.2930e-16    3.0143e-16
4282.63428    2.2599e-19    1.6221e-19    3.8043e-19
4290.97607    2.0541e-16    1.4820e-16    3.4396e-16
4299.33398    3.8181e-17    2.9400e-17    5.9445e-17
4307.70801    5.5583e-17    3.9883e-17    9.3607e-17
4316.09863    1.2093e-16    8.7018e-17    2.0306e-16
4324.50586    1.5665e-18    1.1233e-18    2.6401e-18
4332.92920    2.6854e-17    2.0584e-17    4.2039e-17
4341.36914    1.8053e-17    1.3367e-17    2.9402e-17
4349.82520    1.9209e-16    1.4266e-16    3.1181e-16
4358.29785    2.6366e-16    1.8960e-16    4.4303e-16
4366.78662    3.9536e-18    2.8406e-18    6.6494e-18
4375.29199    1.0819e-16    8.8833e-17    1.5508e-16
4383.81445    4.4857e-17    3.3296e-17    7.2857e-17
4392.35352    9.2913e-20    6.6582e-20    1.5668e-19
4400.90869    1.6491e-17    1.2298e-17    2.6645e-17
4409.48047    8.7983e-17    7.2290e-17    1.2599e-16
4418.06934    1.5735e-16    1.1756e-16    2.5370e-16
4426.67480    2.2719e-19    1.6276e-19    3.8323e-19
4435.29736    1.3842e-17    9.9864e-18    2.3180e-17
4443.93652    4.5786e-19    3.2802e-19    7.7233e-19
4452.59277    6.8587e-17    4.9157e-17    1.1564e-16
4461.26562    3.1697e-17    2.2688e-17    5.3516e-17
4469.95508    2.0748e-17    1.5286e-17    3.3975e-17
4478.66162    3.4700e-17    2.4851e-17    5.8551e-17
4487.38477    6.5265e-17    4.8702e-17    1.0538e-16
4496.12549    7.3188e-18    5.2384e-18    1.2357e-17
4504.88281    2.3873e-17    1.8975e-17    3.5736e-17
4513.65771    2.9124e-17    2.1304e-17    4.8062e-17
4522.44922    7.8235e-17    6.2231e-17    1.1699e-16
4531.25830    1.2872e-17    9.2908e-18    2.1544e-17
4540.08447    1.9922e-17    1.5539e-17    3.0538e-17
4548.92773    3.8068e-17    3.2019e-17    5.2718e-17
4557.78809    3.0974e-17    2.3561e-17    4.8927e-17
4566.66602    6.3594e-20    4.5538e-20    1.0732e-19
4575.56055    3.7384e-17    3.0215e-17    5.4745e-17
4584.47314    6.9423e-17    5.7594e-17    9.8074e-17
4593.40283    6.3553e-18    4.6280e-18    1.0539e-17
4602.34961    1.7508e-18    1.2505e-18    2.9625e-18
4611.31445    8.3490e-20    5.9703e-20    1.4110e-19
4620.29590    3.4320e-17    2.7355e-17    5.1187e-17
4629.29590    1.1918e-16    9.3528e-17    1.8132e-16
4638.31250    1.8444e-17    1.3180e-17    3.1191e-17
4647.34668    6.8434e-18    4.9967e-18    1.1316e-17
4656.39941    2.8102e-19    2.0094e-19    4.7495e-19
4665.46875    2.8860e-17    2.1286e-17    4.7204e-17
4674.55664    3.7751e-19    2.7000e-19    6.3787e-19
4683.66113    7.6932e-18    5.4955e-18    1.3016e-17
4692.78418    2.3731e-20    1.6972e-20    4.0100e-20
4701.92480    5.4022e-19    3.8591e-19    9.1392e-19
4711.08301    3.9180e-20    2.7886e-20    6.6533e-20
4720.25977    5.1555e-18    3.6826e-18    8.7228e-18
4729.45361    4.0209e-17    2.8736e-17    6.7997e-17
4738.66602    1.8200e-19    1.3020e-19    3.0746e-19
4747.89551    5.4592e-18    3.8985e-18    9.2390e-18
4757.14355    1.0231e-19    7.3135e-20    1.7295e-19
4766.41016    7.6493e-21    5.4683e-21    1.2931e-20
4775.69385    3.7186e-17    2.6543e-17    6.2963e-17
4784.99609    2.5209e-20    1.7958e-20    4.2768e-20
4794.31641    5.2439e-18    3.7350e-18    8.8982e-18
4803.65430    1.2994e-19    9.2552e-20    2.2047e-19
4813.01074    7.5197e-17    5.3720e-17    1.2721e-16
4822.38574    8.4217e-18    6.0016e-18    1.4283e-17
4831.77930    1.7741e-18    1.2653e-18    3.0066e-18
4841.19043    5.3977e-19    3.8528e-19    9.1392e-19
4850.62012    4.5083e-18    3.2115e-18    7.6488e-18
4860.06836    1.9142e-19    1.3660e-19    3.2419e-19
4869.53467    2.8294e-18    2.0161e-18    4.7991e-18
4879.01953    4.8787e-17    3.4825e-17    8.2599e-17
4888.52295    5.1002e-17    3.6410e-17    8.6344e-17
4898.04492    2.1777e-17    1.5522e-17    3.6924e-17
4907.58545    5.0461e-17    3.6017e-17    8.5442e-17
4917.14453    4.0518e-20    2.8880e-20    6.8705e-20
4926.72168    3.2948e-17    2.7711e-17    4.5633e-17
4936.31836    7.5869e-20    5.4080e-20    1.2864e-19
4945.93311    8.3229e-17    5.9463e-17    1.4079e-16
4955.56689    3.4573e-17    2.4651e-17    5.8602e-17
4965.21973    1.8639e-19    1.3260e-19    3.1668e-19
4974.89062    3.8334e-17    2.7291e-17    6.5080e-17
4984.58105    2.0584e-19    1.4657e-19    3.4940e-19
4994.29004    5.4482e-19    3.8853e-19    9.2336e-19
5004.01758    6.6195e-17    4.7194e-17    1.1221e-16
5013.76465    3.6173e-17    3.0062e-17    5.0971e-17
5023.53027    3.6065e-17    2.5671e-17    6.1236e-17
5033.31543    1.8392e-19    1.3092e-19    3.1228e-19
5043.11914    3.5701e-17    2.5410e-17    6.0625e-17
5052.94238    6.0836e-17    4.3358e-17    1.0317e-16
5062.78418    1.0053e-17    7.1562e-18    1.7069e-17
5072.64551    1.3788e-16    9.8445e-17    2.3337e-16
5082.52637    5.6349e-19    4.0112e-19    9.5672e-19
5092.42578    1.0094e-19    7.1844e-20    1.7141e-19
5102.34473    1.5217e-18    1.0846e-18    2.5803e-18
5112.28320    9.6284e-17    6.8605e-17    1.6332e-16
5122.24121    4.1286e-19    2.9351e-19    7.0191e-19
5132.21777    1.6017e-18    1.1388e-18    2.7226e-18
5142.21484    3.1932e-19    2.2752e-19    5.4165e-19
5152.23047    1.0148e-18    7.2155e-19    1.7252e-18
5162.26660    4.5683e-16    3.2799e-16    7.6886e-16
5172.32129    4.6153e-17    3.7483e-17    6.7152e-17
5182.39648    7.4278e-17    5.2822e-17    1.2624e-16
5192.49023    1.5215e-19    1.1467e-19    2.4291e-19
5202.60449    5.3220e-17    3.8866e-17    8.7981e-17
5212.73779    1.8373e-20    1.3067e-20    3.1223e-20
5222.89160    1.2057e-17    8.5724e-18    2.0495e-17
5233.06445    6.5341e-17    4.9730e-17    1.0315e-16
5243.25781    1.8611e-19    1.3230e-19    3.1643e-19
5253.47021    1.6609e-17    1.1922e-17    2.7960e-17
5263.70312    2.4061e-16    1.7214e-16    4.0641e-16
5273.95557    2.7627e-16    2.0339e-16    4.5276e-16
5284.22852    3.5932e-17    2.5463e-17    6.1289e-17
5294.52100    1.5945e-17    1.1330e-17    2.7122e-17
5304.83398    8.7681e-20    6.2307e-20    1.4913e-19
5315.16650    1.4695e-16    1.2472e-16    2.0079e-16
5325.51953    1.9819e-17    1.4404e-17    3.2933e-17
5335.89258    1.1305e-16    8.0580e-17    1.9168e-16
5346.28564    1.3301e-17    9.4505e-18    2.2627e-17
5356.69922    1.6841e-19    1.1966e-19    2.8646e-19
5367.13281    8.8985e-18    6.3901e-18    1.4974e-17
5377.58691    1.1926e-16    8.5012e-17    2.0220e-16
5388.06152    2.7642e-19    1.9628e-19    4.7050e-19
5398.55664    1.2586e-19    8.9357e-20    2.1427e-19
5409.07178    1.8335e-17    1.3018e-17    3.1210e-17
5419.60742    3.7084e-20    2.6349e-20    6.3084e-20
5430.16406    6.5885e-17    4.7168e-17    1.1121e-16
5440.74121    4.1363e-19    2.9365e-19    7.0421e-19
5451.33887    3.2298e-19    2.2941e-19    5.4961e-19
5461.95703    1.2742e-19    9.0452e-20    2.1696e-19
5472.59570    4.4902e-18    3.1878e-18    7.6446e-18
5483.25488    1.4678e-19    1.0421e-19    2.4988e-19
5493.93555    9.1769e-18    6.5140e-18    1.5626e-17
5504.63672    1.2961e-19    9.1976e-20    2.2077e-19
5515.35840    1.1892e-19    8.4391e-20    2.0254e-19
5526.10156    3.5805e-17    2.5412e-17    6.0976e-17
5536.86523    1.9621e-18    1.3983e-18    3.3275e-18
5547.64941    1.0729e-17    7.6129e-18    1.8276e-17
5558.45557    8.9705e-18    6.3649e-18    1.5281e-17
5569.28271    6.5120e-19    4.6209e-19    1.1092e-18
5580.12988    8.5316e-18    6.0534e-18    1.4533e-17
5590.99902    5.5806e-18    3.9596e-18    9.5065e-18
5601.88965    2.7071e-20    1.9201e-20    4.6129e-20
5612.80078    6.3150e-18    4.4785e-18    1.0763e-17
5623.73340    5.1867e-18    3.6879e-18    8.8166e-18
5634.68750    4.9387e-20    3.5025e-20    8.4168e-20
5645.66211    9.9186e-18    7.0340e-18    1.6905e-17
5656.65918    5.4695e-18    3.8805e-18    9.3178e-18
5667.67676    2.0367e-18    1.4444e-18    3.4709e-18
5678.71680    1.0149e-17    7.1974e-18    1.7296e-17
5689.77734    3.0649e-18    2.1736e-18    5.2234e-18
5700.86035    6.6727e-20    4.7320e-20    1.1373e-19
5711.96484    4.9169e-19    3.4853e-19    8.3839e-19
5723.09033    6.9396e-18    4.9196e-18    1.1832e-17
5734.23779    4.6226e-19    3.2786e-19    7.8777e-19
5745.40723    8.6637e-18    6.1412e-18    1.4773e-17
5756.59766    1.0115e-18    7.1703e-19    1.7246e-18
5767.81104    3.5670e-19    2.5286e-19    6.0820e-19
5779.04492    9.3582e-19    6.6334e-19    1.5957e-18
5790.30176    1.1085e-19    7.8553e-20    1.8907e-19
5801.58008    2.4548e-18    1.7395e-18    4.1870e-18
5812.88037    7.0092e-19    4.9589e-19    1.1975e-18
5824.20264    1.2131e-19    8.5959e-20    2.0691e-19
5835.54688    1.2255e-17    8.6637e-18    2.0954e-17
5846.91357    1.9491e-18    1.3811e-18    3.3247e-18
5858.30225    3.8481e-19    2.7267e-19    6.5639e-19
5869.71289    1.0287e-17    7.2876e-18    1.7551e-17
5881.14600    7.6988e-19    5.4532e-19    1.3137e-18
5892.60156    7.9648e-20    5.6982e-20    1.3454e-19
5904.07910    1.2395e-18    8.7800e-19    2.1151e-18
5915.57910    4.0315e-18    2.8558e-18    6.8789e-18
5927.10156    6.0317e-19    4.2726e-19    1.0292e-18
5938.64648    1.2054e-20    8.5373e-21    2.0571e-20
5950.21387    7.6664e-19    5.4266e-19    1.3091e-18
5961.80371    2.8463e-19    2.0157e-19    4.8581e-19
5973.41602    1.5036e-19    1.0650e-19    2.5659e-19
5985.05127    1.2502e-18    8.8529e-19    2.1338e-18
5996.70850    3.7931e-18    2.6686e-18    6.5163e-18
6008.38867    1.3863e-18    9.8163e-19    2.3662e-18
6020.09229    7.9426e-19    5.6229e-19    1.3561e-18
6031.81836    5.9240e-20    4.1940e-20    1.0114e-19
6043.56738    8.4169e-18    5.9592e-18    1.4369e-17
6055.33887    2.5335e-18    1.7935e-18    4.3255e-18
6067.13428    5.5432e-20    3.9236e-20    9.4658e-20
6078.95117    1.6488e-18    1.1671e-18    2.8156e-18
6090.79150    4.4246e-19    3.1316e-19    7.5560e-19
6102.65527    2.9095e-19    2.0586e-19    4.9701e-19
6114.54199    1.0170e-18    7.1880e-19    1.7390e-18
6126.45215    4.4835e-19    3.1705e-19    7.6636e-19
6138.38525    1.1585e-19    8.1960e-20    1.9792e-19
6150.34131    1.5137e-17    1.0758e-17    2.5744e-17
6162.32178    2.0794e-19    1.4715e-19    3.5517e-19
6174.32422    1.4881e-18    1.0524e-18    2.5434e-18
6186.35059    8.9661e-18    6.3437e-18    1.5317e-17
6198.40088    4.7584e-19    3.3666e-19    8.1292e-19
6210.47314    1.1847e-20    8.3814e-21    2.0238e-20
6222.57031    6.4321e-20    4.5507e-20    1.0989e-19
6234.69043    1.4174e-17    1.0079e-17    2.4091e-17
6246.83496    1.9426e-17    1.3850e-17    3.2929e-17
6259.00195    1.4496e-18    1.0254e-18    2.4769e-18
6271.19385    7.5856e-19    5.3656e-19    1.2962e-18
6283.40869    6.2027e-19    4.3881e-19    1.0597e-18
6295.64795    7.1713e-20    5.0730e-20    1.2253e-19
6307.91016    7.5551e-19    5.3415e-19    1.2916e-18
6320.19678    4.8979e-18    3.4643e-18    8.3697e-18
6332.50781    5.0176e-19    3.5481e-19    8.5767e-19
6344.84180    9.4344e-19    6.8264e-19    1.5751e-18
6357.20020    3.5112e-18    2.4827e-18    6.0019e-18
6369.58252    1.8592e-18    1.3253e-18    3.1522e-18
6381.98926    3.2544e-18    2.3011e-18    5.5631e-18
6394.42041    7.3061e-19    5.1660e-19    1.2489e-18
6406.87549    2.5291e-18    1.7915e-18    4.3156e-18
6419.35449    1.2834e-17    9.2016e-18    2.1629e-17
6431.85840    3.8027e-18    2.6796e-18    6.5228e-18
6444.38672    5.8601e-18    4.1429e-18    1.0019e-17
6456.93896    4.0174e-17    2.9433e-17    6.6187e-17
6469.51514    6.7144e-18    4.7459e-18    1.1482e-17
6482.11719    1.6668e-18    1.1779e-18    2.8508e-18
6494.74268    2.2908e-18    1.6191e-18    3.9173e-18
6507.39355    1.0239e-18    7.2357e-19    1.7512e-18
6520.06836    7.3810e-18    5.1817e-18    1.2707e-17
6532.76855    8.5839e-19    6.0660e-19    1.4682e-18
6545.49316    2.9151e-19    2.0601e-19    4.9860e-19
6558.24268    3.8671e-18    2.7501e-18    6.5722e-18
6571.01611    1.0688e-18    7.5515e-19    1.8286e-18
6583.81543    9.9513e-19    7.0311e-19    1.7024e-18
6596.63965    2.1564e-19    1.5236e-19    3.6889e-19
6609.48828    5.5857e-19    3.9463e-19    9.5561e-19
6622.36230    1.1274e-18    7.9646e-19    1.9290e-18
6635.26172    9.0374e-21    6.3845e-21    1.5462e-20
6648.18506    1.7771e-18    1.2554e-18    3.0405e-18
6661.13525    5.3851e-19    3.8048e-19    9.2124e-19
6674.10986    2.5492e-19    1.8004e-19    4.3626e-19
6687.10938    1.7205e-18    1.2155e-18    2.9437e-18
6700.13428    1.4301e-18    1.0103e-18    2.4467e-18
6713.18506    1.6046e-20    1.1336e-20    2.7454e-20
6726.26123    7.3900e-19    5.2208e-19    1.2644e-18
6739.36279    2.5747e-21    1.8189e-21    4.4051e-21
6752.48926    4.1393e-19    2.9242e-19    7.0821e-19
6765.64258    2.0662e-19    1.4597e-19    3.5352e-19
6778.82031    1.9644e-19    1.3878e-19    3.3609e-19
6792.02441    3.4525e-20    2.4390e-20    5.9069e-20
6805.25439    9.0951e-19    6.4253e-19    1.5561e-18
6818.50928    3.9978e-19    2.8242e-19    6.8399e-19
6831.78955    2.5162e-19    1.7776e-19    4.3050e-19
6845.09717    1.2532e-20    8.8532e-21    2.1441e-20
6858.43018    7.9533e-19    5.6187e-19    1.3608e-18
6871.78906    8.8289e-18    6.2376e-18    1.5105e-17
6885.17432    4.2172e-20    2.9793e-20    7.2151e-20
6898.58447    1.9902e-18    1.4060e-18    3.4050e-18
6912.02246    3.0593e-19    2.1611e-19    5.2345e-19
6925.48486    2.8052e-19    1.9817e-19    4.7995e-19
6938.97412    5.3395e-18    3.7722e-18    9.1353e-18
6952.49023    6.4417e-20    4.5502e-20    1.1023e-19
6966.03271    6.2583e-19    4.4207e-19    1.0709e-18
6979.60059    4.8156e-20    3.4020e-20    8.2392e-20
6993.19629    1.5734e-19    1.1115e-19    2.6919e-19
