1000  4.553974e+06  4.516272e+06  3.770156e+04 
1002  1.410404e+06  1.377637e+06  3.276684e+04 
1004  1.832533e+06  1.796776e+06  3.575655e+04 
1006  1.033276e+06  1.009486e+06  2.379041e+04 
1008  1.803637e+06  1.781707e+06  2.193030e+04 
1010  3.391032e+04  2.772469e+04  6.185633e+03 
1012  4.697742e+05  4.509825e+05  1.879168e+04 
1014  1.921005e+06  1.901222e+06  1.978207e+04 
1016  1.308202e+06  1.263612e+06  4.459004e+04 
1018  9.162903e+05  9.022086e+05  1.408169e+04 
1020  1.326122e+06  1.307148e+06  1.897401e+04 
1022  1.241173e+06  1.232232e+06  8.941439e+03 
1024  3.692351e+05  3.593502e+05  9.884906e+03 
1026  2.784733e+05  2.649346e+05  1.353871e+04 
1028  1.674476e+06  1.668051e+06  6.424773e+03 
1030  2.793551e+06  2.781618e+06  1.193282e+04 
1032  3.243738e+06  3.211353e+06  3.238467e+04 
1034  2.443976e+06  2.420854e+06  2.312188e+04 
1036  2.776018e+06  2.736213e+06  3.980505e+04 
1038  1.041652e+06  1.010364e+06  3.128818e+04 
1040  1.520136e+06  1.493285e+06  2.685168e+04 
1042  3.198001e+06  3.147502e+06  5.049903e+04 
1044  3.543170e+06  3.497649e+06  4.552086e+04 
1046  2.645773e+06  2.600976e+06  4.479739e+04 
1048  4.172359e+05  3.973590e+05  1.987696e+04 
1050  3.097976e+06  3.053051e+06  4.492542e+04 
1052  1.783112e+06  1.725122e+06  5.798914e+04 
1054  7.918701e+06  7.853273e+06  6.542785e+04 
1057  5.431013e+06  5.342258e+06  8.875551e+04 
1059  5.740782e+06  5.645064e+06  9.571696e+04 
1061  1.239074e+07  1.227375e+07  1.169968e+05 
1063  1.703751e+07  1.697756e+07  5.995029e+04 
1065  5.306052e+06  5.227818e+06  7.823335e+04 
1067  1.874595e+07  1.865576e+07  9.019200e+04 
1069  1.039141e+07  1.031759e+07  7.382336e+04 
1071  1.241237e+07  1.232330e+07  8.906688e+04 
1073  2.387121e+07  2.365913e+07  2.120862e+05 
1075  1.746540e+07  1.735793e+07  1.074694e+05 
1077  1.517596e+07  1.497011e+07  2.058508e+05 
1079  2.944938e+06  2.863713e+06  8.122448e+04 
1081  8.170570e+06  8.141431e+06  2.913872e+04 
1084  1.143360e+07  1.128662e+07  1.469741e+05 
1086  2.650135e+06  2.531444e+06  1.186912e+05 
1088  1.184298e+07  1.172670e+07  1.162749e+05 
1090  1.833085e+07  1.823513e+07  9.571315e+04 
1092  1.059222e+07  1.052607e+07  6.614790e+04 
1094  1.426649e+07  1.412483e+07  1.416616e+05 
1096  1.665921e+07  1.659647e+07  6.274493e+04 
1098  1.831855e+07  1.824109e+07  7.745627e+04 
1101  1.715184e+07  1.700166e+07  1.501818e+05 
1103  6.814089e+06  6.728968e+06  8.512045e+04 
1105  9.928548e+06  9.818093e+06  1.104545e+05 
1107  1.264189e+07  1.254395e+07  9.793648e+04 
1109  1.238622e+07  1.231094e+07  7.527720e+04 
1111  1.356962e+07  1.350654e+07  6.308175e+04 
1114  2.427819e+07  2.417759e+07  1.006019e+05 
1116  1.019203e+07  1.011562e+07  7.641242e+04 
1118  2.470334e+06  2.066428e+06  4.039060e+05 
1120  4.459562e+06  4.347598e+06  1.119631e+05 
1122  7.861666e+06  7.735688e+06  1.259776e+05 
1124  1.177843e+07  1.156854e+07  2.098864e+05 
1127  1.464824e+07  1.453526e+07  1.129829e+05 
1129  7.416734e+06  7.356380e+06  6.035410e+04 
1131  6.766210e+06  6.702064e+06  6.414670e+04 
1133  2.494285e+07  2.487350e+07  6.935354e+04 
1135  7.431483e+06  7.334330e+06  9.715236e+04 
1138  8.410901e+06  8.359626e+06  5.127460e+04 
1140  1.275672e+07  1.264742e+07  1.093027e+05 
1142  1.893356e+07  1.881273e+07  1.208256e+05 
1144  5.082628e+07  5.062366e+07  2.026192e+05 
1147  5.357388e+07  5.327137e+07  3.025071e+05 
1149  3.656521e+07  3.635000e+07  2.152080e+05 
1151  3.734253e+07  3.706819e+07  2.743425e+05 
1153  3.014288e+07  2.991982e+07  2.230537e+05 
1156  1.126582e+07  1.112036e+07  1.454629e+05 
1158  2.470666e+07  2.443172e+07  2.749375e+05 
1160  2.763301e+07  2.732962e+07  3.033898e+05 
1162  1.698840e+07  1.687552e+07  1.128773e+05 
1165  2.005091e+07  1.993436e+07  1.165556e+05 
1167  2.516559e+07  2.504750e+07  1.180935e+05 
1169  2.492677e+07  2.475550e+07  1.712702e+05 
1171  2.550481e+07  2.523098e+07  2.738357e+05 
1174  2.929379e+07  2.881633e+07  4.774585e+05 
1176  1.119510e+07  1.043416e+07  7.609394e+05 
1178  9.595967e+06  9.415284e+06  1.806832e+05 
1181  1.507048e+07  1.492052e+07  1.499508e+05 
1183  1.484159e+07  1.467965e+07  1.619375e+05 
1185  2.353097e+07  2.330751e+07  2.234608e+05 
1187  3.330311e+07  3.299295e+07  3.101565e+05 
1190  1.495369e+07  1.473598e+07  2.177096e+05 
1192  2.951834e+07  2.928293e+07  2.354072e+05 
1194  1.282479e+07  1.246233e+07  3.624607e+05 
1197  4.338510e+07  4.314168e+07  2.434194e+05 
1199  8.399417e+07  8.379118e+07  2.029896e+05 
1201  1.274320e+07  1.260928e+07  1.339278e+05 
1204  4.855322e+06  4.802852e+06  5.247025e+04 
1206  8.649523e+06  8.315469e+06  3.340537e+05 
1208  2.552905e+07  2.541451e+07  1.145450e+05 
1211  1.878117e+07  1.860166e+07  1.795048e+05 
1213  1.399191e+07  1.375611e+07  2.357971e+05 
1215  4.309849e+07  4.263511e+07  4.633807e+05 
1218  2.497513e+07  2.477114e+07  2.039893e+05 
1220  3.604837e+07  3.595819e+07  9.017869e+04 
1223  8.280764e+06  8.222424e+06  5.833881e+04 
1225  7.818554e+06  7.719522e+06  9.903225e+04 
1227  1.258505e+07  1.248942e+07  9.563333e+04 
1230  5.579145e+06  5.495895e+06  8.325004e+04 
1232  1.682704e+07  1.669540e+07  1.316431e+05 
1235  1.437450e+07  1.421496e+07  1.595381e+05 
1237  1.124627e+07  1.109799e+07  1.482788e+05 
1239  8.560870e+06  8.301448e+06  2.594216e+05 
1242  1.732264e+07  1.685597e+07  4.666714e+05 
1244  1.218871e+07  1.203424e+07  1.544714e+05 
1247  7.720504e+06  7.622289e+06  9.821538e+04 
1249  1.309103e+07  1.293493e+07  1.561005e+05 
1252  1.291214e+07  1.272597e+07  1.861780e+05 
1254  1.485207e+07  1.461765e+07  2.344160e+05 
1256  1.673094e+07  1.642410e+07  3.068409e+05 
1259  1.569725e+07  1.543178e+07  2.654607e+05 
1261  2.515031e+07  2.475834e+07  3.919659e+05 
1264  2.524026e+07  2.479664e+07  4.436230e+05 
1266  1.116428e+08  1.111361e+08  5.066866e+05 
1269  1.388376e+07  1.360205e+07  2.817142e+05 
1271  2.743854e+07  2.709675e+07  3.417883e+05 
1274  1.899362e+07  1.863867e+07  3.549521e+05 
1276  1.758373e+07  1.735601e+07  2.277158e+05 
1279  1.658701e+07  1.616071e+07  4.262972e+05 
1281  1.162762e+07  1.128812e+07  3.395019e+05 
1284  1.042856e+07  9.999780e+06  4.287800e+05 
1286  1.457170e+07  1.404845e+07  5.232545e+05 
1289  3.001121e+07  2.929060e+07  7.206046e+05 
1291  1.809518e+07  1.760418e+07  4.910009e+05 
1294  9.530181e+06  8.922054e+06  6.081274e+05 
1296  2.914724e+07  2.870814e+07  4.391010e+05 
1299  2.731003e+07  2.634963e+07  9.604003e+05 
1301  1.368583e+07  1.279875e+07  8.870804e+05 
1304  1.236886e+07  1.163328e+07  7.355842e+05 
1306  2.202612e+07  2.110660e+07  9.195281e+05 
1309  7.380773e+06  7.004898e+06  3.758749e+05 
1311  1.069568e+07  1.028162e+07  4.140583e+05 
1314  1.554773e+07  1.521037e+07  3.373598e+05 
1316  1.789054e+07  1.705776e+07  8.327859e+05 
1319  2.439129e+07  2.344944e+07  9.418493e+05 
1322  2.059547e+07  1.979761e+07  7.978621e+05 
1324  1.579229e+07  1.501272e+07  7.795784e+05 
1327  2.234295e+07  2.147335e+07  8.696046e+05 
1329  1.627787e+07  1.539064e+07  8.872329e+05 
1332  1.664067e+07  1.564182e+07  9.988446e+05 
1335  5.506184e+06  5.064797e+06  4.413864e+05 
1337  1.006616e+07  9.459377e+06  6.067883e+05 
1340  2.130754e+07  1.984824e+07  1.459306e+06 
1342  8.741196e+06  8.043963e+06  6.972331e+05 
1345  1.597319e+07  1.454838e+07  1.424813e+06 
1348  5.603392e+06  5.049324e+06  5.540679e+05 
1350  1.623195e+07  1.486416e+07  1.367793e+06 
1353  1.230572e+07  1.118594e+07  1.119787e+06 
1355  1.814517e+07  1.713346e+07  1.011713e+06 
1358  1.264598e+07  1.204197e+07  6.040084e+05 
1361  2.619161e+07  2.506984e+07  1.121775e+06 
1363  2.921057e+07  2.837104e+07  8.395259e+05 
1366  3.419493e+07  3.310876e+07  1.086170e+06 
1369  2.017134e+07  1.908739e+07  1.083953e+06 
1371  2.840946e+07  2.750343e+07  9.060289e+05 
1374  4.193874e+07  4.031979e+07  1.618954e+06 
1377  4.031144e+07  3.875588e+07  1.555558e+06 
1379  2.850904e+07  2.682564e+07  1.683399e+06 
1382  3.382848e+07  3.194893e+07  1.879549e+06 
1385  1.823816e+07  1.661530e+07  1.622864e+06 
1388  2.641938e+07  2.500636e+07  1.413018e+06 
1390  1.006023e+07  9.214898e+06  8.453324e+05 
1393  1.634605e+07  1.216834e+07  4.177716e+06 
1396  2.301238e+07  2.117656e+07  1.835819e+06 
1398  5.180044e+07  4.983117e+07  1.969267e+06 
1401  3.400722e+07  3.252036e+07  1.486855e+06 
1404  2.621356e+07  2.507022e+07  1.143346e+06 
1407  1.745571e+07  1.588664e+07  1.569072e+06 
1409  2.242081e+07  2.128173e+07  1.139077e+06 
1412  2.074158e+07  1.975618e+07  9.853986e+05 
1415  5.029210e+07  4.878315e+07  1.508950e+06 
1418  3.317382e+07  3.141990e+07  1.753918e+06 
1420  1.786164e+07  1.620338e+07  1.658253e+06 
1423  1.340830e+07  1.252339e+07  8.849152e+05 
1426  7.262072e+06  6.360490e+06  9.015823e+05 
1429  1.723963e+07  1.570580e+07  1.533830e+06 
1431  2.593974e+07  2.458648e+07  1.353254e+06 
1434  1.665238e+07  1.497131e+07  1.681069e+06 
1437  3.704370e+07  3.560754e+07  1.436159e+06 
1440  3.149134e+07  2.978503e+07  1.706310e+06 
1443  2.999590e+07  2.757043e+07  2.425476e+06 
1445  1.251649e+07  1.087641e+07  1.640080e+06 
1448  1.395914e+07  1.222677e+07  1.732365e+06 
1451  1.565972e+07  1.426312e+07  1.396604e+06 
1454  1.878802e+07  1.737044e+07  1.417573e+06 
1457  1.698162e+07  1.488005e+07  2.101569e+06 
1460  1.008632e+07  9.056072e+06  1.030251e+06 
1462  2.223869e+07  2.043164e+07  1.807049e+06 
1465  1.048836e+07  9.199008e+06  1.289352e+06 
1468  1.534833e+07  1.394099e+07  1.407335e+06 
1471  1.949076e+07  1.746112e+07  2.029640e+06 
1474  3.158481e+07  2.981280e+07  1.772010e+06 
1477  2.926062e+07  2.635511e+07  2.905510e+06 
1480  2.101675e+07  1.978772e+07  1.229025e+06 
1482  2.588748e+07  2.380471e+07  2.082769e+06 
1485  2.312092e+07  1.991932e+07  3.201606e+06 
1488  3.789402e+07  3.285917e+07  5.034850e+06 
1491  2.823097e+07  2.505070e+07  3.180271e+06 
1494  1.898796e+07  1.611596e+07  2.872002e+06 
1497  1.306673e+07  1.164942e+07  1.417312e+06 
1500  9.964727e+06  8.831524e+06  1.133203e+06 
1503  2.196278e+07  1.966646e+07  2.296316e+06 
1506  3.053892e+07  2.832614e+07  2.212785e+06 
1509  2.061694e+07  1.887447e+07  1.742463e+06 
1512  2.508882e+07  2.268109e+07  2.407724e+06 
1515  1.540173e+07  1.400622e+07  1.395504e+06 
1518  3.402434e+06  2.886501e+06  5.159338e+05 
1520  1.372571e+07  1.206674e+07  1.658963e+06 
1523  2.237919e+07  2.002246e+07  2.356730e+06 
1526  1.665085e+07  1.473898e+07  1.911870e+06 
1529  4.349868e+06  3.310877e+06  1.038991e+06 
1532  9.639480e+06  8.336008e+06  1.303472e+06 
1535  5.041136e+06  4.458166e+06  5.829701e+05 
1538  6.998036e+06  5.533102e+06  1.464934e+06 
1541  6.792399e+06  5.400054e+06  1.392345e+06 
1544  5.588024e+06  4.636168e+06  9.518558e+05 
1547  9.858877e+06  6.191480e+06  3.667397e+06 
1550  1.852456e+07  1.364710e+07  4.877462e+06 
1553  1.359919e+07  1.135450e+07  2.244692e+06 
1556  1.532556e+07  1.397545e+07  1.350111e+06 
1559  1.236698e+07  1.165556e+07  7.114203e+05 
1562  1.460327e+07  1.339492e+07  1.208353e+06 
1566  7.826890e+06  6.903576e+06  9.233145e+05 
1569  1.783339e+07  1.679909e+07  1.034303e+06 
1572  2.348041e+07  2.006353e+07  3.416876e+06 
1575  2.029673e+07  1.908212e+07  1.214615e+06 
1578  3.077947e+07  2.790297e+07  2.876502e+06 
1581  2.623690e+07  2.102683e+07  5.210070e+06 
1584  9.625693e+06  8.786307e+06  8.393862e+05 
1587  1.617834e+07  1.505719e+07  1.121145e+06 
1590  7.379000e+06  6.084458e+06  1.294542e+06 
1593  2.297758e+07  1.811198e+07  4.865603e+06 
1596  1.214079e+07  8.326292e+06  3.814495e+06 
1599  1.206237e+07  9.791827e+06  2.270542e+06 
1603  1.056067e+07  9.552883e+06  1.007792e+06 
1606  1.729277e+07  1.517422e+07  2.118555e+06 
1609  1.445438e+07  1.321213e+07  1.242254e+06 
1612  1.510911e+07  1.386423e+07  1.244882e+06 
1615  2.095419e+06  1.889962e+06  2.054569e+05 
1618  1.619400e+07  1.468056e+07  1.513433e+06 
1621  2.174342e+07  2.016256e+07  1.580856e+06 
1624  1.771460e+07  1.673609e+07  9.785059e+05 
1628  2.667264e+07  2.554283e+07  1.129808e+06 
1631  2.033711e+07  1.891307e+07  1.424040e+06 
1634  2.790628e+07  2.660270e+07  1.303580e+06 
1637  2.037067e+07  1.908065e+07  1.290025e+06 
1640  5.421095e+07  5.146519e+07  2.745755e+06 
1644  1.856720e+07  1.741711e+07  1.150097e+06 
1647  2.334213e+07  2.239633e+07  9.457991e+05 
1650  2.047720e+07  1.940144e+07  1.075753e+06 
1653  2.813252e+07  2.674118e+07  1.391334e+06 
1656  1.854614e+07  1.820608e+07  3.400626e+05 
1660  1.331419e+07  1.272646e+07  5.877394e+05 
1663  9.201822e+06  8.585651e+06  6.161708e+05 
1666  7.982469e+06  6.824988e+06  1.157481e+06 
1669  5.272004e+06  4.947028e+06  3.249760e+05 
1673  1.192035e+07  1.130985e+07  6.105063e+05 
1676  1.653497e+07  1.516830e+07  1.366664e+06 
1679  1.408313e+07  1.313858e+07  9.445458e+05 
1682  1.251683e+07  1.141186e+07  1.104967e+06 
1686  1.115248e+07  9.742396e+06  1.410080e+06 
1689  2.016763e+07  1.878649e+07  1.381134e+06 
1692  1.478848e+07  1.415082e+07  6.376661e+05 
1696  1.261896e+07  1.127493e+07  1.344031e+06 
1699  1.044502e+07  9.676449e+06  7.685730e+05 
1702  1.769238e+07  1.573719e+07  1.955192e+06 
1706  1.467310e+07  1.377894e+07  8.941561e+05 
1709  3.128446e+07  2.715233e+07  4.132129e+06 
1712  1.443431e+07  1.277200e+07  1.662313e+06 
1715  3.181667e+07  2.996626e+07  1.850405e+06 
1719  2.527121e+07  2.416211e+07  1.109093e+06 
1722  3.677231e+07  3.254485e+07  4.227464e+06 
1726  2.301115e+07  2.123707e+07  1.774080e+06 
1729  8.776956e+06  7.674216e+06  1.102740e+06 
1732  1.625396e+07  1.415160e+07  2.102369e+06 
1736  7.336131e+06  6.530872e+06  8.052592e+05 
1739  5.227571e+06  3.777667e+06  1.449904e+06 
1742  8.674114e+06  7.397345e+06  1.276769e+06 
1746  1.413930e+07  1.260909e+07  1.530214e+06 
1749  1.437079e+07  1.334739e+07  1.023394e+06 
1753  1.782235e+06  1.157657e+06  6.245782e+05 
1756  6.550656e+06  4.520916e+06  2.029740e+06 
1759  1.586249e+07  1.449045e+07  1.372044e+06 
1763  1.198630e+07  1.005958e+07  1.926720e+06 
1766  8.170688e+06  7.013442e+06  1.157247e+06 
1770  8.937234e+06  8.016174e+06  9.210600e+05 
1773  2.769919e+07  2.124965e+07  6.449534e+06 
1777  1.314773e+07  1.200442e+07  1.143304e+06 
1780  1.148270e+07  1.024290e+07  1.239805e+06 
1784  3.035605e+07  2.912690e+07  1.229152e+06 
1787  7.518130e+07  7.241720e+07  2.764101e+06 
1791  1.301599e+07  1.109246e+07  1.923532e+06 
1794  2.213759e+07  1.881848e+07  3.319107e+06 
1798  2.769966e+07  2.592684e+07  1.772813e+06 
1801  3.268896e+06  1.920000e+06  1.348896e+06 
1805  2.491711e+07  2.060445e+07  4.312660e+06 
1808  1.747325e+07  1.522723e+07  2.246014e+06 
1812  9.357212e+06  5.605763e+06  3.751448e+06 
1815  1.286866e+07  1.163518e+07  1.233480e+06 
1819  8.354771e+06  7.649311e+06  7.054601e+05 
1822  1.587607e+07  1.487941e+07  9.966626e+05 
1826  1.935566e+07  1.804070e+07  1.314962e+06 
1829  2.298644e+07  1.984348e+07  3.142963e+06 
1833  1.864196e+07  1.542479e+07  3.217175e+06 
1836  1.481837e+07  1.355701e+07  1.261365e+06 
1840  1.203987e+07  1.059881e+07  1.441063e+06 
1844  1.701377e+07  1.334279e+07  3.670978e+06 
1847  1.781476e+07  1.643979e+07  1.374977e+06 
1851  1.682352e+07  1.475738e+07  2.066143e+06 
1854  7.706453e+06  4.660322e+06  3.046131e+06 
1858  1.288015e+07  1.104402e+07  1.836122e+06 
1862  9.389838e+06  6.882292e+06  2.507546e+06 
1865  1.314933e+07  1.118976e+07  1.959572e+06 
1869  1.948881e+07  1.557404e+07  3.914770e+06 
1873  7.279782e+06  6.118806e+06  1.160976e+06 
1876  2.385151e+07  2.169837e+07  2.153142e+06 
1880  1.945324e+07  1.759791e+07  1.855335e+06 
1883  2.032671e+07  1.404593e+07  6.280781e+06 
1887  1.612665e+07  1.312025e+07  3.006402e+06 
1891  9.629726e+06  8.125239e+06  1.504487e+06 
1895  7.374564e+06  5.582795e+06  1.791769e+06 
1898  2.131087e+07  1.810040e+07  3.210462e+06 
1902  2.081389e+07  1.724976e+07  3.564132e+06 
1906  1.493195e+07  1.235678e+07  2.575174e+06 
1909  1.751269e+07  1.493121e+07  2.581482e+06 
1913  1.572031e+07  1.332122e+07  2.399088e+06 
1917  2.023347e+07  1.764620e+07  2.587273e+06 
1921  1.033459e+07  6.108254e+06  4.226332e+06 
1924  9.017507e+06  6.704366e+06  2.313141e+06 
1928  2.650179e+07  2.227648e+07  4.225310e+06 
1932  1.526956e+07  1.260121e+07  2.668353e+06 
1936  1.735526e+07  1.578588e+07  1.569378e+06 
1939  1.404148e+07  1.078778e+07  3.253705e+06 
1943  2.246048e+07  1.858383e+07  3.876650e+06 
1947  3.801637e+07  3.215687e+07  5.859506e+06 
1951  9.946206e+06  8.081916e+06  1.864290e+06 
1954  1.827482e+07  1.523241e+07  3.042408e+06 
1958  1.944883e+07  1.347608e+07  5.972751e+06 
1962  2.490649e+07  1.910757e+07  5.798916e+06 
1966  4.442174e+07  3.740648e+07  7.015266e+06 
1970  2.919776e+07  2.407952e+07  5.118237e+06 
1974  4.232632e+07  3.302519e+07  9.301122e+06 
1977  1.415802e+07  9.584330e+06  4.573687e+06 
1981  8.119396e+06  5.923954e+06  2.195443e+06 
1985  2.162728e+07  1.771731e+07  3.909976e+06 
1989  1.760675e+07  1.388193e+07  3.724822e+06 
1993  1.275854e+07  8.749287e+06  4.009249e+06 
1997  8.883752e+06  5.834382e+06  3.049370e+06 
2001  2.866564e+07  2.559709e+07  3.068549e+06 
2005  2.366105e+07  2.101365e+07  2.647396e+06 
2008  4.007889e+07  3.519396e+07  4.884928e+06 
2012  3.422383e+07  2.753914e+07  6.684692e+06 
2016  3.142190e+07  2.674658e+07  4.675317e+06 
2020  1.693243e+07  1.452298e+07  2.409448e+06 
2024  1.914645e+07  1.407270e+07  5.073744e+06 
2028  3.598998e+07  3.003617e+07  5.953802e+06 
2032  3.852887e+07  3.268962e+07  5.839252e+06 
2036  1.477587e+07  1.264480e+07  2.131068e+06 
2040  1.819519e+07  1.681293e+07  1.382262e+06 
2044  1.852771e+07  1.661585e+07  1.911864e+06 
2048  1.332537e+07  9.773827e+06  3.551539e+06 
2052  1.594830e+07  1.341463e+07  2.533678e+06 
2056  2.837390e+07  2.477876e+07  3.595142e+06 
2060  6.339740e+06  4.749880e+06  1.589860e+06 
2064  3.519110e+07  3.158056e+07  3.610534e+06 
2068  3.240302e+07  2.318634e+07  9.216672e+06 
2072  3.614802e+07  2.809765e+07  8.050374e+06 
2076  3.260201e+07  2.202771e+07  1.057430e+07 
2080  1.599666e+07  1.249000e+07  3.506668e+06 
2084  1.323372e+07  9.287165e+06  3.946550e+06 
2088  1.547457e+07  1.365457e+07  1.820008e+06 
2092  1.715700e+07  1.309112e+07  4.065880e+06 
2096  1.362541e+07  1.045989e+07  3.165519e+06 
2100  2.942959e+07  2.344993e+07  5.979664e+06 
2104  2.206988e+07  1.853427e+07  3.535608e+06 
2109  5.393389e+07  4.964402e+07  4.289872e+06 
2113  1.434514e+07  1.195977e+07  2.385362e+06 
2117  6.668531e+07  5.169606e+07  1.498925e+07 
2121  8.790512e+06  6.887046e+06  1.903465e+06 
2125  1.599973e+07  1.033870e+07  5.661022e+06 
2129  3.382560e+07  2.990076e+07  3.924841e+06 
2133  2.353485e+07  1.827583e+07  5.259022e+06 
2138  3.556441e+07  3.204328e+07  3.521138e+06 
2142  3.153927e+07  2.475563e+07  6.783642e+06 
2146  2.188866e+07  1.800100e+07  3.887658e+06 
2150  2.992498e+07  2.635555e+07  3.569430e+06 
2154  1.760983e+07  1.278970e+07  4.820127e+06 
2158  2.653890e+07  2.090221e+07  5.636688e+06 
2163  3.192354e+07  2.731029e+07  4.613245e+06 
2167  4.730236e+07  3.982498e+07  7.477380e+06 
2171  1.595900e+07  1.136276e+07  4.596244e+06 
2175  4.525729e+07  3.764410e+07  7.613186e+06 
2180  1.395588e+07  1.170818e+07  2.247704e+06 
2184  3.136497e+07  2.365931e+07  7.705660e+06 
2188  2.722681e+07  2.214610e+07  5.080709e+06 
2192  1.623762e+07  1.222935e+07  4.008261e+06 
2197  1.327787e+07  8.952776e+06  4.325090e+06 
2201  2.177280e+07  1.577714e+07  5.995657e+06 
2205  2.812716e+07  2.130972e+07  6.817441e+06 
2209  3.603356e+07  3.000090e+07  6.032656e+06 
2214  5.105456e+07  4.290063e+07  8.153926e+06 
2218  4.019596e+07  3.230560e+07  7.890364e+06 
2222  4.677983e+07  4.114694e+07  5.632898e+06 
2227  4.067866e+07  3.267530e+07  8.003366e+06 
2231  3.910354e+07  3.078683e+07  8.316714e+06 
2235  3.420072e+07  2.675783e+07  7.442882e+06 
2240  5.722625e+07  4.756483e+07  9.661424e+06 
2244  4.369896e+07  3.834818e+07  5.350780e+06 
2248  5.818346e+07  5.129524e+07  6.888225e+06 
2253  5.260177e+07  4.733919e+07  5.262580e+06 
2257  5.045473e+07  4.355274e+07  6.901998e+06 
2262  4.770529e+07  4.246568e+07  5.239614e+06 
2266  6.651999e+07  6.152978e+07  4.990205e+06 
2270  6.266840e+07  5.596159e+07  6.706816e+06 
2275  7.328718e+07  6.323980e+07  1.004739e+07 
2279  5.403199e+07  4.181756e+07  1.221443e+07 
2284  4.408759e+07  3.840414e+07  5.683450e+06 
2288  2.979559e+07  2.237891e+07  7.416680e+06 
2293  5.430029e+07  4.833597e+07  5.964323e+06 
2297  3.552495e+07  2.711193e+07  8.413021e+06 
2302  3.158318e+07  2.665574e+07  4.927448e+06 
2306  8.951392e+07  6.840572e+07  2.110820e+07 
2311  6.919917e+07  5.966144e+07  9.537730e+06 
2315  4.101585e+07  3.499446e+07  6.021396e+06 
2320  4.722027e+07  4.150089e+07  5.719380e+06 
2324  5.243024e+07  4.405914e+07  8.371108e+06 
2329  8.967390e+07  8.310626e+07  6.567651e+06 
2333  3.213925e+07  2.623906e+07  5.900192e+06 
2338  6.498594e+07  5.760520e+07  7.380738e+06 
2342  6.395021e+07  5.699874e+07  6.951469e+06 
2347  8.034794e+07  6.855424e+07  1.179370e+07 
2351  5.477224e+07  4.546575e+07  9.306489e+06 
2356  7.067368e+07  6.029306e+07  1.038061e+07 
2361  9.048528e+07  7.767857e+07  1.280671e+07 
2365  1.003812e+08  8.918450e+07  1.119674e+07 
2370  5.871295e+07  5.073610e+07  7.976857e+06 
2374  8.219258e+07  7.333506e+07  8.857521e+06 
2379  6.270134e+07  5.279886e+07  9.902485e+06 
2384  1.021543e+08  9.365241e+07  8.501882e+06 
2388  8.940915e+07  7.204599e+07  1.736316e+07 
2393  1.075593e+08  8.578222e+07  2.177706e+07 
2398  8.582536e+07  7.262075e+07  1.320461e+07 
2402  1.015022e+08  8.364398e+07  1.785826e+07 
2407  6.490938e+07  5.299498e+07  1.191440e+07 
2412  1.196942e+08  1.006729e+08  1.902128e+07 
2416  8.717454e+07  7.725899e+07  9.915549e+06 
2421  7.792842e+07  6.726014e+07  1.066828e+07 
2426  1.139242e+08  1.031224e+08  1.080183e+07 
2431  1.498300e+08  1.318762e+08  1.795378e+07 
2435  1.349091e+08  1.185637e+08  1.634532e+07 
2440  5.562988e+07  4.713956e+07  8.490320e+06 
2445  1.149197e+08  1.006204e+08  1.429933e+07 
2450  8.541158e+07  7.269858e+07  1.271300e+07 
2454  9.970305e+07  8.442601e+07  1.527704e+07 
2459  1.208881e+08  1.055842e+08  1.530390e+07 
2464  1.368654e+08  1.249397e+08  1.192563e+07 
2469  1.226207e+08  1.098764e+08  1.274430e+07 
2473  1.082762e+08  9.666730e+07  1.160895e+07 
2478  1.051371e+08  9.432295e+07  1.081411e+07 
2483  8.845408e+07  7.558464e+07  1.286944e+07 
2488  1.114325e+08  9.702561e+07  1.440686e+07 
2493  5.480088e+07  4.730584e+07  7.495046e+06 
2498  7.733570e+07  6.699588e+07  1.033983e+07 
2503  9.937646e+07  8.652421e+07  1.285225e+07 
2507  1.134480e+08  1.001676e+08  1.328036e+07 
2512  1.229945e+08  1.082496e+08  1.474492e+07 
2517  8.302721e+07  6.904642e+07  1.398080e+07 
2522  9.130840e+07  7.811766e+07  1.319073e+07 
2527  1.154928e+08  1.030331e+08  1.245963e+07 
2532  4.128846e+07  3.606632e+07  5.222144e+06 
2537  1.169930e+08  1.060258e+08  1.096718e+07 
2542  1.094778e+08  9.699475e+07  1.248304e+07 
2547  1.119859e+08  1.009736e+08  1.101227e+07 
2552  8.030817e+07  6.890393e+07  1.140424e+07 
2557  6.451474e+07  5.727400e+07  7.240736e+06 
2562  1.051981e+08  9.441739e+07  1.078073e+07 
2567  7.917069e+07  6.912402e+07  1.004666e+07 
2572  8.502479e+07  7.095618e+07  1.406862e+07 
2577  5.588690e+07  4.741287e+07  8.474023e+06 
2582  7.349101e+07  6.254485e+07  1.094616e+07 
2587  8.867143e+07  7.797826e+07  1.069317e+07 
2592  6.120135e+07  5.613698e+07  5.064366e+06 
2597  1.259860e+08  1.058208e+08  2.016521e+07 
2602  4.343896e+07  3.643730e+07  7.001658e+06 
2607  1.090302e+08  9.096656e+07  1.806363e+07 
2612  1.484168e+08  1.215098e+08  2.690699e+07 
2617  5.416479e+07  4.521776e+07  8.947033e+06 
2622  1.071476e+08  9.455893e+07  1.258866e+07 
2627  1.526326e+08  1.279574e+08  2.467525e+07 
2632  1.136794e+08  8.751227e+07  2.616714e+07 
2638  4.554793e+07  3.547724e+07  1.007069e+07 
2643  6.261209e+07  4.652766e+07  1.608443e+07 
2648  3.246490e+07  2.121669e+07  1.124820e+07 
2653  5.241708e+07  4.021317e+07  1.220391e+07 
2658  2.889709e+07  1.983840e+07  9.058694e+06 
2663  2.774262e+07  2.356976e+07  4.172865e+06 
2669  5.737889e+07  4.887859e+07  8.500301e+06 
2674  5.045077e+06  2.788436e+06  2.256642e+06 
2679  4.298532e+07  3.260030e+07  1.038503e+07 
2684  8.125638e+07  6.305790e+07  1.819849e+07 
2689  1.949083e+07  1.462726e+07  4.863575e+06 
2695  7.082257e+07  5.979184e+07  1.103073e+07 
2700  2.362116e+07  1.511071e+07  8.510446e+06 
2705  7.366979e+07  6.296036e+07  1.070943e+07 
2710  6.671696e+07  5.853481e+07  8.182142e+06 
2716  9.386514e+07  7.689750e+07  1.696764e+07 
2721  5.798248e+07  4.314610e+07  1.483637e+07 
2726  6.162839e+07  5.225307e+07  9.375321e+06 
2732  6.679192e+07  5.528518e+07  1.150675e+07 
2737  7.774970e+07  6.404404e+07  1.370566e+07 
2742  4.460694e+07  3.542024e+07  9.186690e+06 
2748  1.066186e+08  9.059447e+07  1.602411e+07 
2753  1.358500e+08  1.100841e+08  2.576590e+07 
2758  4.136415e+07  3.271890e+07  8.645245e+06 
2764  6.517602e+07  5.613406e+07  9.041958e+06 
2769  9.462335e+07  7.786230e+07  1.676106e+07 
2774  9.959413e+07  7.943272e+07  2.016141e+07 
2780  4.548275e+07  3.607501e+07  9.407740e+06 
2785  7.766891e+07  6.206183e+07  1.560708e+07 
2791  3.363036e+07  2.622576e+07  7.404601e+06 
2796  3.199689e+07  2.801483e+07  3.982064e+06 
2802  4.136508e+07  3.593837e+07  5.426716e+06 
2807  3.390174e+07  2.558274e+07  8.318999e+06 
2813  2.716982e+07  1.936911e+07  7.800706e+06 
2818  4.533617e+07  3.314923e+07  1.218693e+07 
2823  6.957667e+07  5.781696e+07  1.175971e+07 
2829  7.303942e+07  6.190529e+07  1.113412e+07 
2834  9.338763e+07  7.231218e+07  2.107545e+07 
2840  1.056032e+08  8.478850e+07  2.081474e+07 
2846  1.002233e+08  7.826546e+07  2.195784e+07 
2851  6.573720e+07  5.152695e+07  1.421025e+07 
2857  9.372798e+07  7.254562e+07  2.118236e+07 
2862  5.995360e+07  4.288390e+07  1.706970e+07 
2868  1.017482e+08  8.028164e+07  2.146660e+07 
2873  3.549993e+07  2.644972e+07  9.050210e+06 
2879  5.142832e+07  3.614164e+07  1.528669e+07 
2885  5.863108e+07  4.661339e+07  1.201770e+07 
2890  6.626976e+07  5.134497e+07  1.492479e+07 
2896  6.009722e+07  4.695584e+07  1.314138e+07 
2901  3.181024e+07  2.444818e+07  7.362069e+06 
2907  3.819588e+07  2.556126e+07  1.263462e+07 
2913  1.034386e+07  6.179621e+06  4.164235e+06 
2918  5.632200e+07  3.965279e+07  1.666921e+07 
2924  4.092992e+07  3.092035e+07  1.000957e+07 
2930  1.065062e+07  6.204524e+06  4.446092e+06 
2936  1.460882e+07  8.459654e+06  6.149166e+06 
2941  4.269239e+07  3.461097e+07  8.081424e+06 
2947  6.627589e+07  5.261752e+07  1.365837e+07 
2953  3.389850e+07  2.694862e+07  6.949872e+06 
2958  3.841081e+07  2.954760e+07  8.863208e+06 
2964  5.083730e+07  4.291901e+07  7.918286e+06 
2970  6.598524e+07  5.273621e+07  1.324903e+07 
2976  2.740105e+07  1.964983e+07  7.751218e+06 
2982  7.629734e+07  6.036661e+07  1.593074e+07 
2987  3.584644e+07  2.982492e+07  6.021518e+06 
2993  9.793592e+06  5.256502e+06  4.537089e+06 
2999  2.803706e+07  2.250105e+07  5.536019e+06 
3005  2.767713e+07  2.496014e+07  2.716982e+06 
3011  2.869461e+07  1.906159e+07  9.633017e+06 
3017  3.088958e+07  2.032493e+07  1.056465e+07 
3023  1.385659e+07  7.750826e+06  6.105762e+06 
3028  1.951778e+07  1.146403e+07  8.053743e+06 
3034  1.565792e+07  8.721290e+06  6.936631e+06 
3040  1.166290e+07  6.450409e+06  5.212490e+06 
3046  5.306668e+07  3.820727e+07  1.485941e+07 
3052  9.359067e+06  5.273023e+06  4.086044e+06 
3058  8.166002e+06  4.636230e+06  3.529772e+06 
3064  3.274951e+07  2.490781e+07  7.841694e+06 
3070  3.943793e+07  2.538199e+07  1.405594e+07 
3076  6.623162e+07  4.549201e+07  2.073962e+07 
3082  1.528967e+07  9.684101e+06  5.605568e+06 
3088  1.068100e+07  6.460284e+06  4.220716e+06 
3094  2.464061e+07  2.042759e+07  4.213013e+06 
3100  8.954592e+06  5.223834e+06  3.730758e+06 
3106  1.724624e+07  9.673347e+06  7.572895e+06 
3112  1.073856e+07  5.857604e+06  4.880957e+06 
3118  9.574216e+06  5.334500e+06  4.239716e+06 
3124  6.389377e+05  3.295539e+05  3.093838e+05 
3130  1.374174e+07  8.086640e+06  5.655098e+06 
3136  4.189728e+06  2.268603e+06  1.921126e+06 
3142  2.104527e+07  1.669606e+07  4.349210e+06 
3149  1.314592e+07  8.637869e+06  4.508046e+06 
3155  7.865059e+06  4.564154e+06  3.300905e+06 
3161  7.864101e+07  6.529876e+07  1.334225e+07 
3167  4.533040e+07  3.984671e+07  5.483696e+06 
3173  8.947581e+04  4.636726e+04  4.310855e+04 
3179  3.746375e+07  3.085644e+07  6.607304e+06 
3186  7.418086e+07  6.468131e+07  9.499546e+06 
3192  7.892527e+07  6.337021e+07  1.555506e+07 
3198  3.171621e+07  2.832914e+07  3.387072e+06 
3204  1.365671e+07  8.541461e+06  5.115246e+06 
3210  7.064560e+07  5.743604e+07  1.320956e+07 
3217  4.015368e+05  2.063234e+05  1.952134e+05 
3223  9.221128e+06  4.929500e+06  4.291628e+06 
3229  6.546702e+07  4.994772e+07  1.551930e+07 
3236  1.367949e+07  1.027282e+07  3.406672e+06 
3242  2.562533e+07  1.986019e+07  5.765144e+06 
3248  6.168215e+07  4.442246e+07  1.725969e+07 
3255  5.752280e+07  3.798714e+07  1.953567e+07 
3261  3.625001e+07  2.919499e+07  7.055018e+06 
3267  2.804405e+07  1.606067e+07  1.198338e+07 
3274  1.714760e+06  9.243217e+05  7.904380e+05 
3280  5.937766e+07  3.989573e+07  1.948193e+07 
3286  4.575798e+07  3.280691e+07  1.295106e+07 
3293  3.157214e+07  1.968685e+07  1.188529e+07 
3299  3.247836e+07  2.376682e+07  8.711539e+06 
3306  4.152874e+07  3.034324e+07  1.118550e+07 
3312  3.686740e+07  2.766843e+07  9.198967e+06 
3318  1.208126e+07  6.777127e+06  5.304128e+06 
3325  1.955800e+07  1.192828e+07  7.629720e+06 
3331  1.257954e+06  6.434868e+05  6.144669e+05 
3338  2.506345e+07  1.496026e+07  1.010319e+07 
3344  1.030368e+06  5.288730e+05  5.014948e+05 
3351  2.109578e+05  1.083688e+05  1.025891e+05 
3357  3.070849e+07  2.168130e+07  9.027190e+06 
3364  2.574345e+07  1.597287e+07  9.770582e+06 
3371  3.659189e+07  2.163781e+07  1.495408e+07 
3377  5.038898e+06  2.787888e+06  2.251010e+06 
3384  1.844879e+07  1.132938e+07  7.119407e+06 
3390  1.803788e+07  1.029988e+07  7.737992e+06 
3397  4.002008e+06  2.109700e+06  1.892308e+06 
3403  1.402618e+06  7.196183e+05  6.829999e+05 
3410  8.450774e+06  5.069924e+06  3.380851e+06 
3417  2.015727e+07  1.174440e+07  8.412874e+06 
3423  5.013375e+06  2.546330e+06  2.467044e+06 
3430  1.135192e+07  6.319282e+06  5.032642e+06 
3437  2.330469e+07  1.699089e+07  6.313804e+06 
3443  3.831686e+06  1.933067e+06  1.898619e+06 
3450  2.904972e+07  1.961111e+07  9.438611e+06 
3457  2.228180e+07  1.280540e+07  9.476395e+06 
3464  5.082324e+06  2.653238e+06  2.429085e+06 
3470  9.961208e+06  5.811356e+06  4.149852e+06 
3477  2.174443e+07  1.215516e+07  9.589275e+06 
3484  2.629846e+07  1.497310e+07  1.132536e+07 
3491  1.328064e+07  8.094497e+06  5.186146e+06 
3498  1.930534e+07  1.075471e+07  8.550622e+06 
3504  7.239053e+06  3.816792e+06  3.422260e+06 
3511  8.222424e+05  4.209711e+05  4.012714e+05 
3518  7.627522e+06  3.995249e+06  3.632272e+06 
3525  1.206714e+07  6.252249e+06  5.814896e+06 
3532  5.882696e+06  2.941620e+06  2.941076e+06 
3539  7.542648e+06  4.015817e+06  3.526832e+06 
3545  1.580574e+06  8.115161e+05  7.690581e+05 
3552  1.128435e+07  5.788040e+06  5.496309e+06 
3559  6.194401e+06  3.252287e+06  2.942114e+06 
3566  6.971225e+06  3.879063e+06  3.092162e+06 
3573  4.916294e+05  2.950068e+05  1.966227e+05 
3580  2.290951e+05  1.172634e+05  1.118317e+05 
3587  4.539636e+06  3.079654e+06  1.459982e+06 
3594  2.041605e+05  1.042741e+05  9.988644e+04 
3601  1.044288e+06  5.364126e+05  5.078751e+05 
3608  6.198481e+05  3.167326e+05  3.031155e+05 
3615  2.118820e+06  1.106089e+06  1.012732e+06 
3622  2.529934e+07  1.531182e+07  9.987518e+06 
3629  5.034674e+05  3.187971e+05  1.846704e+05 
3636  3.390319e+06  1.802792e+06  1.587527e+06 
3643  1.740186e+07  1.159656e+07  5.805307e+06 
3651  6.814289e+04  3.487163e+04  3.327127e+04 
3658  2.131425e+07  1.638945e+07  4.924806e+06 
3665  6.111430e+04  3.120535e+04  2.990896e+04 
3672  9.000870e+04  4.454184e+04  4.546686e+04 
3679  6.383805e+05  2.967018e+05  3.416787e+05 
3686  7.619445e+05  3.880021e+05  3.739424e+05 
3693  2.732847e+05  1.400799e+05  1.332048e+05 
3701  1.802736e+06  9.318684e+05  8.708677e+05 
3708  3.748719e+05  1.909355e+05  1.839364e+05 
3715  8.391775e+05  3.969040e+05  4.422735e+05 
3722  1.842634e+06  9.256056e+05  9.170290e+05 
3730  5.969753e+06  3.184063e+06  2.785690e+06 
3737  1.016784e+05  7.589409e+04  2.578430e+04 
3744  1.651820e+06  8.571354e+05  7.946842e+05 
3751  1.179028e+07  7.273328e+06  4.516955e+06 
3759  1.124082e+07  6.160136e+06  5.080680e+06 
3766  2.141133e+07  1.333705e+07  8.074276e+06 
3773  4.953164e+04  2.549405e+04  2.403758e+04 
3781  1.245691e+07  6.866557e+06  5.590350e+06 
3788  1.003314e+06  5.183888e+05  4.849258e+05 
3795  8.728545e+05  3.768742e+05  4.959803e+05 
3803  2.537950e+05  1.261325e+05  1.276624e+05 
3810  4.127952e+06  2.173643e+06  1.954309e+06 
3818  1.017302e+05  1.599774e+04  8.573249e+04 
3825  2.524664e+07  1.640930e+07  8.837330e+06 
3833  4.984017e+05  2.888082e+05  2.095934e+05 
3840  6.205812e+04  3.568148e+04  2.637665e+04 
3847  4.053736e+06  2.150562e+06  1.903174e+06 
3855  9.343278e+04  5.062587e+04  4.280691e+04 
3862  2.353658e+05  1.214722e+05  1.138935e+05 
3870  1.059279e+07  6.674546e+06  3.918247e+06 
3878  1.226391e+05  6.296122e+04  5.967791e+04 
3885  1.449903e+05  7.385370e+04  7.113661e+04 
3893  1.379239e+06  7.103532e+05  6.688856e+05 
3900  4.647638e+05  2.377991e+05  2.269647e+05 
3908  9.241374e+06  4.951823e+06  4.289551e+06 
3915  6.062200e+06  3.137870e+06  2.924331e+06 
3923  1.407693e+06  7.193476e+05  6.883452e+05 
3931  7.713162e+06  4.193728e+06  3.519435e+06 
3938  2.793812e+07  1.567887e+07  1.225926e+07 
3946  8.283886e+06  4.356480e+06  3.927405e+06 
3954  4.003465e+05  2.038649e+05  1.964816e+05 
3961  4.451202e+06  1.501816e+06  2.949386e+06 
3969  3.307364e+06  2.118514e+06  1.188850e+06 
3977  1.487387e+07  9.447041e+06  5.426828e+06 
3985  3.298644e+06  1.685922e+06  1.612721e+06 
3992  4.584942e+06  2.398126e+06  2.186815e+06 
4000  1.479422e+07  8.855929e+06  5.938293e+06 
4008  1.410385e+06  7.194020e+05  6.909831e+05 
4016  4.838891e+05  2.462458e+05  2.376434e+05 
4024  5.383351e+06  2.878655e+06  2.504696e+06 
4031  3.684464e+05  2.016782e+05  1.667682e+05 
4039  1.203503e+05  6.122021e+04  5.913005e+04 
4047  1.099243e+05  5.599752e+04  5.392678e+04 
4055  1.180850e+06  5.989733e+05  5.818766e+05 
4063  5.154235e+06  2.687594e+06  2.466642e+06 
4071  1.091441e+06  5.553694e+05  5.360714e+05 
4079  3.283653e+06  1.681348e+06  1.602305e+06 
4087  1.252118e+06  6.415035e+05  6.106141e+05 
4095  6.486465e+05  3.296193e+05  3.190272e+05 
4103  4.550752e+05  2.315234e+05  2.235518e+05 
4111  2.237455e+06  1.144356e+06  1.093098e+06 
4119  6.552041e+06  3.536105e+06  3.015936e+06 
4127  7.570518e+06  4.284678e+06  3.285840e+06 
4135  1.828248e+06  9.462406e+05  8.820072e+05 
4143  7.337137e+05  2.446058e+05  4.891079e+05 
4151  5.753076e+05  2.922410e+05  2.830666e+05 
4159  1.195223e+06  6.090598e+05  5.861629e+05 
4167  4.279102e+05  2.087043e+05  2.192059e+05 
4175  4.273730e+07  2.769407e+07  1.504323e+07 
4183  1.810209e+06  9.244133e+05  8.857961e+05 
4191  8.196286e+04  4.155268e+04  4.041018e+04 
4200  5.092907e+05  2.583751e+05  2.509156e+05 
4208  6.272545e+05  3.238936e+05  3.033609e+05 
4216  1.288147e+05  6.536522e+04  6.344945e+04 
4224  2.742408e+05  1.438986e+05  1.303422e+05 
4232  2.954487e+07  2.300544e+07  6.539433e+06 
4241  7.643929e+05  3.866638e+05  3.777291e+05 
4249  5.309198e+06  3.474827e+06  1.834372e+06 
4257  6.010102e+06  3.203416e+06  2.806686e+06 
4265  1.391650e+05  7.874962e+04  6.041538e+04 
4274  1.143946e+07  6.492989e+06  4.946468e+06 
4282  2.738894e+05  1.389426e+05  1.349468e+05 
4290  2.174664e+06  1.125443e+06  1.049221e+06 
4299  3.107048e+07  2.082442e+07  1.024606e+07 
4307  2.277179e+05  1.157528e+05  1.119651e+05 
4316  1.016472e+07  5.667342e+06  4.497375e+06 
4324  2.282503e+06  1.157960e+06  1.124542e+06 
4332  1.871650e+07  1.277076e+07  5.945746e+06 
4341  1.463927e+07  8.399881e+06  6.239385e+06 
4349  2.340516e+07  1.752020e+07  5.884960e+06 
4358  5.392322e+06  2.735638e+06  2.656684e+06 
4366  3.567322e+06  1.883909e+06  1.683413e+06 
4375  2.784656e+07  2.056789e+07  7.278668e+06 
4383  3.029966e+07  1.917597e+07  1.112369e+07 
4392  7.884473e+04  3.558777e+04  4.325696e+04 
4400  1.717820e+07  1.028499e+07  6.893210e+06 
4409  2.759648e+07  1.850740e+07  9.089076e+06 
4418  1.768784e+07  1.216239e+07  5.525445e+06 
4426  1.508782e+05  7.637072e+04  7.450748e+04 
4435  6.706002e+06  3.547646e+06  3.158356e+06 
4443  9.071479e+05  4.592563e+05  4.478917e+05 
4452  4.872533e+06  2.474697e+06  2.397836e+06 
4461  2.040160e+06  1.035058e+06  1.005101e+06 
4469  1.599474e+07  9.563607e+06  6.431133e+06 
4478  6.307222e+05  3.001989e+05  3.305233e+05 
4487  3.184466e+07  2.025621e+07  1.158845e+07 
4496  1.827581e+05  9.296939e+04  8.978870e+04 
4504  1.995083e+07  1.475719e+07  5.193638e+06 
4513  1.393589e+07  8.290941e+06  5.644950e+06 
4522  4.510506e+07  3.186834e+07  1.323672e+07 
4531  7.445505e+06  4.069248e+06  3.376257e+06 
4540  1.821782e+07  1.266576e+07  5.552062e+06 
4548  2.446300e+07  1.841114e+07  6.051864e+06 
4557  1.822109e+07  1.132326e+07  6.897834e+06 
4566  1.110963e+05  5.612349e+04  5.497279e+04 
4575  2.307521e+07  1.612566e+07  6.949542e+06 
4584  4.135354e+07  2.840888e+07  1.294466e+07 
4593  1.140088e+07  6.280670e+06  5.120209e+06 
4602  9.347408e+05  4.736447e+05  4.610962e+05 
4611  4.975980e+05  2.518199e+05  2.457781e+05 
4620  2.421378e+07  1.642255e+07  7.791226e+06 
4629  2.872455e+07  1.899591e+07  9.728639e+06 
4638  5.307685e+05  2.687911e+05  2.619774e+05 
4647  1.055256e+07  5.805101e+06  4.747461e+06 
4656  6.589372e+05  3.348752e+05  3.240620e+05 
4665  1.543286e+07  8.659283e+06  6.773577e+06 
4674  1.661594e+06  8.445323e+05  8.170621e+05 
4683  4.299766e+04  2.050463e+04  2.249304e+04 
4692  5.266461e+04  2.656174e+04  2.610287e+04 
4701  4.597347e+04  2.318756e+04  2.278591e+04 
4711  2.070943e+05  3.944240e+04  1.676519e+05 
4720  4.911331e+05  2.491579e+05  2.419752e+05 
4729  2.903439e+06  1.494647e+06  1.408791e+06 
4738  9.584635e+05  4.847334e+05  4.737302e+05 
4747  1.771480e+05  8.987112e+04  8.727685e+04 
4757  4.456995e+05  2.252116e+05  2.204879e+05 
4766  1.381131e+04  6.959734e+03  6.851571e+03 
4775  1.928295e+05  9.729878e+04  9.553074e+04 
4784  3.279700e+03  1.652329e+03  1.627371e+03 
4794  5.237163e+04  2.638603e+04  2.598560e+04 
4803  6.485792e+04  3.267937e+04  3.217855e+04 
4813  5.568911e+05  2.813332e+05  2.755579e+05 
4822  1.807906e+06  9.135677e+05  8.943387e+05 
4831  2.236860e+06  1.133835e+06  1.103026e+06 
4841  2.459652e+06  1.251077e+06  1.208574e+06 
4850  6.068445e+05  3.064403e+05  3.004042e+05 
4860  3.295498e+05  1.663118e+05  1.632380e+05 
4869  3.345926e+06  1.693308e+06  1.652618e+06 
4879  2.694011e+05  1.355925e+05  1.338086e+05 
4888  6.943179e+05  3.501317e+05  3.441862e+05 
4898  1.460718e+06  7.370724e+05  7.236461e+05 
4907  4.827463e+05  2.432035e+05  2.395428e+05 
4917  4.662795e+04  2.346671e+04  2.316124e+04 
4926  3.873631e+07  2.957637e+07  9.159938e+06 
4936  9.539928e+04  4.801934e+04  4.737994e+04 
4945  2.608324e+05  1.312888e+05  1.295436e+05 
4955  1.156990e+06  5.854898e+05  5.715004e+05 
4965  6.037858e+04  3.040601e+04  2.997257e+04 
4974  1.074385e+06  5.410644e+05  5.333208e+05 
4984  2.843799e+05  1.432464e+05  1.411334e+05 
4994  2.388681e+06  1.207256e+06  1.181424e+06 
5004  7.194612e+05  3.624838e+05  3.569774e+05 
5013  4.353520e+07  3.315738e+07  1.037782e+07 
5023  8.674600e+05  5.146462e+05  3.528137e+05 
5033  6.069589e+04  3.052224e+04  3.017365e+04 
5043  9.216009e+05  4.560091e+05  4.655918e+05 
5052  1.152414e+05  5.701233e+04  5.822907e+04 
5062  1.005670e+06  5.083407e+05  4.973288e+05 
5072  8.824486e+05  1.960977e+05  6.863509e+05 
5082  2.661088e+05  1.340515e+05  1.320573e+05 
5092  4.137769e+05  2.086025e+05  2.051743e+05 
5102  5.980212e+06  3.151173e+06  2.829039e+06 
5112  1.554840e+05  7.813380e+04  7.735019e+04 
5122  7.702725e+05  3.883669e+05  3.819057e+05 
5132  3.380361e+06  1.716264e+06  1.664097e+06 
5142  1.574843e+06  7.981453e+05  7.766974e+05 
5152  1.723208e+06  8.705929e+05  8.526147e+05 
5162  3.851027e+06  1.971160e+06  1.879867e+06 
5172  4.986582e+07  3.712014e+07  1.274568e+07 
5182  3.857737e+05  1.990280e+05  1.867457e+05 
5192  6.082400e+05  4.138312e+05  1.944089e+05 
5202  2.513962e+07  1.830857e+07  6.831052e+06 
5212  7.358013e+04  3.697643e+04  3.660370e+04 
5222  7.566391e+05  3.810351e+05  3.756041e+05 
5233  2.674680e+07  1.952084e+07  7.225955e+06 
5243  3.756118e+05  1.890925e+05  1.865192e+05 
5253  1.670458e+07  9.415199e+06  7.289376e+06 
5263  5.364576e+06  2.854760e+06  2.509817e+06 
5273  3.634854e+07  2.547516e+07  1.087338e+07 
5284  4.041330e+07  2.698507e+07  1.342824e+07 
5294  2.234603e+05  1.125721e+05  1.108882e+05 
5304  1.121647e+05  5.635484e+04  5.580987e+04 
5315  3.891758e+07  2.821610e+07  1.070148e+07 
5325  1.596850e+07  9.292823e+06  6.675681e+06 
5335  1.646918e+06  8.383331e+05  8.085849e+05 
5346  7.774315e+05  3.935145e+05  3.839171e+05 
5356  3.096411e+05  1.554500e+05  1.541911e+05 
5367  1.356690e+07  7.624456e+06  5.942448e+06 
5377  3.189194e+05  1.601325e+05  1.587869e+05 
5388  3.933195e+04  1.974428e+04  1.958767e+04 
5398  2.586201e+05  1.301857e+05  1.284345e+05 
5409  1.925812e+06  9.807331e+05  9.450787e+05 
5419  6.842834e+04  3.445713e+04  3.397121e+04 
5430  1.986626e+07  1.090272e+07  8.963539e+06 
5440  7.926038e+05  3.992788e+05  3.933250e+05 
5451  1.138551e+06  5.777388e+05  5.608121e+05 
5461  7.332998e+05  3.692542e+05  3.640456e+05 
5472  7.766839e+05  3.915842e+05  3.850996e+05 
5483  2.012721e+05  1.011167e+05  1.001555e+05 
5493  4.555695e+05  2.287995e+05  2.267700e+05 
5504  5.478226e+05  2.766648e+05  2.711578e+05 
5515  2.147606e+05  1.078897e+05  1.068709e+05 
5526  3.090758e+06  1.541696e+06  1.549062e+06 
5536  2.462265e+06  1.250408e+06  1.211856e+06 
5547  8.574796e+05  4.321745e+05  4.253052e+05 
5558  3.427948e+04  1.719058e+04  1.708891e+04 
5569  2.427889e+06  1.209879e+06  1.218010e+06 
5580  1.405537e+05  7.061870e+04  6.993502e+04 
5590  1.846897e+06  9.203192e+05  9.265779e+05 
5601  6.038843e+04  3.027632e+04  3.011211e+04 
5612  1.301812e+05  6.419595e+04  6.598529e+04 
5623  2.707810e+06  1.374819e+06  1.332991e+06 
5634  7.026888e+04  3.523540e+04  3.503348e+04 
5645  9.122111e+04  4.574848e+04  4.547262e+04 
5656  2.219964e+06  1.136052e+06  1.083912e+06 
5667  1.193326e+06  5.983102e+05  5.950159e+05 
5678  7.814893e+04  4.007843e+04  3.807050e+04 
5689  1.696377e+06  8.532480e+05  8.431291e+05 
5700  1.782388e+05  8.939136e+04  8.884745e+04 
5711  8.751238e+04  4.387743e+04  4.363495e+04 
5723  8.140975e+05  4.103186e+05  4.037788e+05 
5734  7.001305e+05  3.524956e+05  3.476348e+05 
5745  2.934374e+05  1.473200e+05  1.461174e+05 
5756  1.586906e+05  7.952844e+04  7.916213e+04 
5767  6.433911e+04  3.224483e+04  3.209428e+04 
5779  2.849239e+05  1.429822e+05  1.419418e+05 
5790  3.333962e+05  1.673904e+05  1.660059e+05 
5801  1.751262e+05  8.777400e+04  8.735224e+04 
5812  2.651092e+06  1.360888e+06  1.290205e+06 
5824  5.076616e+05  2.552916e+05  2.523700e+05 
5835  1.799244e+06  9.162360e+05  8.830081e+05 
5846  9.102466e+04  4.559200e+04  4.543266e+04 
5858  3.651784e+05  1.830169e+05  1.821615e+05 
5869  2.249373e+05  1.119037e+05  1.130336e+05 
5881  4.193674e+04  2.086535e+04  2.107139e+04 
5892  3.626823e+05  2.763038e+05  8.637855e+04 
5904  2.618345e+05  1.312867e+05  1.305477e+05 
5915  2.405867e+06  1.211654e+06  1.194213e+06 
5927  7.930560e+05  3.982340e+05  3.948220e+05 
5938  6.303779e+04  3.155735e+04  3.148044e+04 
5950  2.353649e+06  1.211484e+06  1.142165e+06 
5961  5.199920e+05  2.603751e+05  2.596169e+05 
5973  2.824312e+05  1.420642e+05  1.403671e+05 
5985  2.007862e+05  1.006584e+05  1.001278e+05 
5996  4.794316e+06  2.433662e+06  2.360655e+06 
6008  5.769100e+04  2.888152e+04  2.880948e+04 
6020  4.689881e+05  2.351359e+05  2.338521e+05 
6031  1.599261e+05  8.004572e+04  7.988035e+04 
6043  1.215059e+06  6.081902e+05  6.068686e+05 
6055  1.155207e+06  5.805382e+05  5.746685e+05 
6067  3.502312e+05  1.754997e+05  1.747316e+05 
6078  4.450564e+06  2.249074e+06  2.201490e+06 
6090  1.446933e+05  7.205043e+04  7.264284e+04 
6102  1.282294e+06  6.433778e+05  6.389161e+05 
6114  2.071218e+06  1.042270e+06  1.028949e+06 
6126  7.837512e+05  3.941410e+05  3.896103e+05 
6138  2.207209e+05  1.105460e+05  1.101749e+05 
6150  1.950860e+07  1.113519e+07  8.373415e+06 
6162  4.247815e+05  2.145065e+05  2.102750e+05 
6174  4.954452e+06  2.509797e+06  2.444655e+06 
6186  1.504979e+06  7.538970e+05  7.510819e+05 
6198  7.410501e+05  3.708603e+05  3.701898e+05 
6210  7.111368e+04  3.558812e+04  3.552556e+04 
6222  2.379725e+05  1.192137e+05  1.187588e+05 
6234  1.629116e+07  9.129985e+06  7.161172e+06 
6246  1.676309e+07  1.038283e+07  6.380255e+06 
6259  5.179786e+05  2.591297e+05  2.588488e+05 
6271  1.954252e+05  9.776819e+04  9.765702e+04 
6283  1.544449e+05  7.729028e+04  7.715462e+04 
6295  6.765149e+05  3.418013e+05  3.347136e+05 
6307  2.240320e+06  1.125776e+06  1.114544e+06 
6320  8.748258e+06  4.621826e+06  4.126432e+06 
6332  1.272884e+06  6.373843e+05  6.354999e+05 
6344  1.379223e+06  1.107183e+06  2.720407e+05 
6357  7.846933e+04  3.923611e+04  3.923322e+04 
6369  3.892149e+06  2.336361e+06  1.555788e+06 
6381  6.010781e+06  3.081154e+06  2.929626e+06 
6394  7.369223e+04  3.685266e+04  3.683958e+04 
6406  1.975790e+06  1.007544e+06  9.682453e+05 
6419  1.024237e+07  5.747984e+06  4.494385e+06 
6431  7.662109e+06  3.913943e+06  3.748166e+06 
6444  2.028758e+06  1.019279e+06  1.009479e+06 
6456  2.036507e+07  1.339052e+07  6.974554e+06 
6469  5.550353e+05  2.778217e+05  2.772137e+05 
6482  2.950588e+06  1.484926e+06  1.465662e+06 
6494  3.692279e+06  1.881596e+06  1.810683e+06 
6507  1.474325e+06  7.424819e+05  7.318432e+05 
6520  1.320375e+07  6.810404e+06  6.393348e+06 
6532  1.274893e+06  6.375921e+05  6.373007e+05 
6545  1.314736e+04  6.573755e+03  6.573609e+03 
6558  1.259801e+06  6.706789e+05  5.891220e+05 
6571  2.381725e+06  1.193790e+06  1.187935e+06 
6583  1.420939e+06  7.121088e+05  7.088304e+05 
6596  2.304156e+05  1.155059e+05  1.149097e+05 
6609  1.350145e+06  6.760721e+05  6.740729e+05 
6622  2.135418e+06  1.071957e+06  1.063460e+06 
6635  1.019980e+04  5.099912e+03  5.099886e+03 
6648  3.205138e+06  1.616938e+06  1.588199e+06 
6661  6.354754e+05  3.179091e+05  3.175662e+05 
6674  3.677031e+05  1.663287e+04  3.510702e+05 
6687  1.093637e+06  5.468674e+05  5.467694e+05 
6700  1.075134e+05  5.372765e+04  5.378573e+04 
6713  7.216138e+04  3.628893e+04  3.587245e+04 
6726  4.943623e+05  2.472913e+05  2.470710e+05 
6739  4.773565e+03  2.385218e+03  2.388347e+03 
6752  6.609398e+04  3.304629e+04  3.304770e+04 
6765  6.226846e+05  3.110871e+05  3.115975e+05 
6778  3.740995e+04  1.870702e+04  1.870293e+04 
6792  1.119483e+05  5.597380e+04  5.597454e+04 
6805  1.546943e+05  7.732962e+04  7.736473e+04 
6818  8.747458e+05  4.374810e+05  4.372648e+05 
6831  4.634860e+05  2.315687e+05  2.319173e+05 
6845  1.465705e+04  7.328730e+03  7.328320e+03 
6858  1.795557e+06  8.985932e+05  8.969635e+05 
6871  8.129299e+05  4.064873e+05  4.064425e+05 
6885  9.130075e+04  4.566211e+04  4.563864e+04 
6898  7.791529e+03  3.896003e+03  3.895526e+03 
6912  1.184047e+06  5.925946e+05  5.914522e+05 
6925  4.517419e+05  2.252095e+05  2.265324e+05 
6938  8.303680e+04  4.151895e+04  4.151785e+04 
6952  3.183072e+05  1.593297e+05  1.589775e+05 
6966  8.808829e+04  4.405409e+04  4.403420e+04 
6979  1.451905e+05  7.258223e+04  7.260827e+04 
6993  2.622284e+05  1.312054e+05  1.310231e+05 
