1000  1.468956e+06  1.456146e+06  1.281000e+04 
1002  4.720292e+05  4.605388e+05  1.149044e+04 
1004  6.357313e+05  6.232203e+05  1.251099e+04 
1006  3.691318e+05  3.605460e+05  8.585823e+03 
1008  5.692898e+05  5.619034e+05  7.386376e+03 
1010  1.232136e+04  1.047603e+04  1.845331e+03 
1012  1.559419e+05  1.488836e+05  7.058278e+03 
1014  6.307055e+05  6.233905e+05  7.315012e+03 
1016  4.193451e+05  4.037623e+05  1.558273e+04 
1018  2.984124e+05  2.937800e+05  4.632479e+03 
1020  4.260911e+05  4.196754e+05  6.415672e+03 
1022  4.104937e+05  4.073566e+05  3.137085e+03 
1024  1.303897e+05  1.265858e+05  3.803941e+03 
1026  9.814218e+04  9.291150e+04  5.230676e+03 
1028  5.567758e+05  5.546390e+05  2.136755e+03 
1030  9.037388e+05  8.993265e+05  4.412227e+03 
1032  1.023798e+06  1.001657e+06  2.214126e+04 
1034  7.917156e+05  7.829471e+05  8.768520e+03 
1036  9.826438e+05  9.687733e+05  1.387053e+04 
1038  3.157463e+05  3.058262e+05  9.920195e+03 
1040  4.721072e+05  4.631056e+05  9.001640e+03 
1042  9.958028e+05  9.797525e+05  1.605028e+04 
1044  1.136667e+06  1.120818e+06  1.584865e+04 
1046  8.376886e+05  8.224440e+05  1.524457e+04 
1048  1.304576e+05  1.238278e+05  6.629803e+03 
1050  9.307007e+05  9.169294e+05  1.377131e+04 
1052  5.339652e+05  5.155311e+05  1.843416e+04 
1054  2.565540e+06  2.541841e+06  2.369908e+04 
1057  1.755759e+06  1.724458e+06  3.130166e+04 
1059  1.861762e+06  1.828159e+06  3.360364e+04 
1061  3.912517e+06  3.873482e+06  3.903546e+04 
1063  5.466572e+06  5.442636e+06  2.393601e+04 
1065  1.709153e+06  1.681722e+06  2.743167e+04 
1067  6.030584e+06  5.998154e+06  3.243059e+04 
1069  3.282303e+06  3.256666e+06  2.563681e+04 
1071  3.952344e+06  3.920866e+06  3.147861e+04 
1073  7.195773e+06  7.117869e+06  7.790418e+04 
1075  5.529329e+06  5.491349e+06  3.797999e+04 
1077  4.907739e+06  4.831914e+06  7.582466e+04 
1079  9.282883e+05  9.004236e+05  2.786470e+04 
1081  2.735860e+06  2.725880e+06  9.980220e+03 
1084  3.783900e+06  3.732474e+06  5.142605e+04 
1086  8.024613e+05  7.615128e+05  4.094849e+04 
1088  3.828454e+06  3.790526e+06  3.792830e+04 
1090  5.979246e+06  5.944902e+06  3.434490e+04 
1092  3.472462e+06  3.450296e+06  2.216568e+04 
1094  4.455974e+06  4.406728e+06  4.924673e+04 
1096  5.355929e+06  5.334228e+06  2.170132e+04 
1098  5.993152e+06  5.964444e+06  2.870822e+04 
1101  5.447619e+06  5.396849e+06  5.077020e+04 
1103  2.158674e+06  2.129172e+06  2.950236e+04 
1105  3.159415e+06  3.121414e+06  3.800131e+04 
1107  3.954550e+06  3.921026e+06  3.352436e+04 
1109  3.901260e+06  3.875513e+06  2.574743e+04 
1111  4.418866e+06  4.395462e+06  2.340298e+04 
1114  7.785114e+06  7.751342e+06  3.377167e+04 
1116  3.300416e+06  3.271943e+06  2.847319e+04 
1118  7.733584e+05  6.313834e+05  1.419750e+05 
1120  1.368278e+06  1.332586e+06  3.569195e+04 
1122  2.543382e+06  2.495094e+06  4.828781e+04 
1124  3.781757e+06  3.706099e+06  7.565763e+04 
1127  4.663948e+06  4.623326e+06  4.062224e+04 
1129  2.404587e+06  2.381849e+06  2.273762e+04 
1131  2.057200e+06  2.035594e+06  2.160641e+04 
1133  8.363718e+06  8.338778e+06  2.493968e+04 
1135  2.443485e+06  2.411462e+06  3.202273e+04 
1138  2.795000e+06  2.776974e+06  1.802536e+04 
1140  4.252286e+06  4.213291e+06  3.899442e+04 
1142  6.307308e+06  6.262936e+06  4.437134e+04 
1144  1.735208e+07  1.727273e+07  7.934448e+04 
1147  1.752981e+07  1.741965e+07  1.101525e+05 
1149  1.218025e+07  1.209827e+07  8.198264e+04 
1151  1.256586e+07  1.245997e+07  1.058947e+05 
1153  1.053089e+07  1.044438e+07  8.650310e+04 
1156  3.604854e+06  3.554979e+06  4.987463e+04 
1158  8.317431e+06  8.217355e+06  1.000758e+05 
1160  8.802516e+06  8.696850e+06  1.056659e+05 
1162  5.497461e+06  5.456062e+06  4.139917e+04 
1165  6.841616e+06  6.801370e+06  4.024545e+04 
1167  8.490617e+06  8.448312e+06  4.230497e+04 
1169  8.598103e+06  8.534841e+06  6.326243e+04 
1171  8.594732e+06  8.494282e+06  1.004499e+05 
1174  9.688580e+06  9.500362e+06  1.882181e+05 
1176  3.756723e+06  3.427501e+06  3.292220e+05 
1178  3.269103e+06  3.200026e+06  6.907729e+04 
1181  4.938346e+06  4.881192e+06  5.715412e+04 
1183  4.900216e+06  4.841578e+06  5.863900e+04 
1185  7.642886e+06  7.562630e+06  8.025553e+04 
1187  1.090661e+07  1.079546e+07  1.111480e+05 
1190  4.916222e+06  4.835099e+06  8.112275e+04 
1192  9.734961e+06  9.648266e+06  8.669482e+04 
1194  4.381998e+06  4.236225e+06  1.457730e+05 
1197  1.423538e+07  1.411593e+07  1.194542e+05 
1199  2.336407e+07  2.327222e+07  9.185133e+04 
1201  3.823722e+06  3.748501e+06  7.522105e+04 
1204  1.719258e+06  1.698516e+06  2.074141e+04 
1206  3.061904e+06  2.929975e+06  1.319297e+05 
1208  8.876414e+06  8.832863e+06  4.355092e+04 
1211  6.874864e+06  6.802794e+06  7.207059e+04 
1213  4.974610e+06  4.873097e+06  1.015130e+05 
1215  1.505243e+07  1.482960e+07  2.228270e+05 
1218  8.831156e+06  8.733126e+06  9.802982e+04 
1220  1.252493e+07  1.248811e+07  3.681932e+04 
1223  2.775241e+06  2.753797e+06  2.144462e+04 
1225  2.769455e+06  2.729941e+06  3.951412e+04 
1227  4.174188e+06  4.139819e+06  3.436881e+04 
1230  1.985543e+06  1.953177e+06  3.236552e+04 
1232  5.738230e+06  5.689562e+06  4.866864e+04 
1235  4.956217e+06  4.895358e+06  6.085962e+04 
1237  3.808223e+06  3.754210e+06  5.401317e+04 
1239  2.945654e+06  2.806136e+06  1.395183e+05 
1242  5.732486e+06  5.486862e+06  2.456240e+05 
1244  3.961764e+06  3.907432e+06  5.433275e+04 
1247  2.581736e+06  2.548489e+06  3.324732e+04 
1249  4.233460e+06  4.179694e+06  5.376690e+04 
1252  4.173978e+06  4.111483e+06  6.249479e+04 
1254  5.048862e+06  4.961628e+06  8.723519e+04 
1256  5.693918e+06  5.564546e+06  1.293715e+05 
1259  5.035322e+06  4.933538e+06  1.017842e+05 
1261  8.170051e+06  8.027086e+06  1.429645e+05 
1264  8.171393e+06  7.891570e+06  2.798226e+05 
1266  3.159685e+07  3.129630e+07  3.005516e+05 
1269  4.589632e+06  4.464048e+06  1.255839e+05 
1271  9.135670e+06  8.978747e+06  1.569233e+05 
1274  6.014324e+06  5.893626e+06  1.206981e+05 
1276  6.269040e+06  6.182664e+06  8.637647e+04 
1279  5.247560e+06  5.103006e+06  1.445546e+05 
1281  3.848144e+06  3.733532e+06  1.146126e+05 
1284  3.378288e+06  3.231932e+06  1.463561e+05 
1286  4.697768e+06  4.516701e+06  1.810677e+05 
1289  1.024802e+07  9.930559e+06  3.174614e+05 
1291  6.355176e+06  6.143989e+06  2.111870e+05 
1294  3.294887e+06  3.096904e+06  1.979827e+05 
1296  9.904959e+06  9.749653e+06  1.553057e+05 
1299  9.245612e+06  8.891245e+06  3.543670e+05 
1301  4.753548e+06  4.421114e+06  3.324334e+05 
1304  4.285274e+06  4.011042e+06  2.742321e+05 
1306  7.254030e+06  6.928793e+06  3.252363e+05 
1309  2.550001e+06  2.411013e+06  1.389877e+05 
1311  3.530542e+06  3.388126e+06  1.424158e+05 
1314  5.101322e+06  4.982602e+06  1.187198e+05 
1316  5.797774e+06  5.513601e+06  2.841729e+05 
1319  7.860542e+06  7.543479e+06  3.170623e+05 
1322  6.715382e+06  6.439664e+06  2.757186e+05 
1324  5.176380e+06  4.898404e+06  2.779768e+05 
1327  7.333850e+06  7.034400e+06  2.994512e+05 
1329  5.246744e+06  4.942490e+06  3.042544e+05 
1332  5.791188e+06  5.430151e+06  3.610376e+05 
1335  1.940391e+06  1.800656e+06  1.397358e+05 
1337  3.225598e+06  3.027236e+06  1.983617e+05 
1340  7.005845e+06  6.474116e+06  5.317287e+05 
1342  2.555052e+06  2.339965e+06  2.150866e+05 
1345  5.200132e+06  4.660108e+06  5.400229e+05 
1348  1.487616e+06  1.328675e+06  1.589417e+05 
1350  5.024154e+06  4.572896e+06  4.512587e+05 
1353  3.838836e+06  3.466588e+06  3.722477e+05 
1355  5.902130e+06  5.548030e+06  3.541007e+05 
1358  4.032814e+06  3.833257e+06  1.995566e+05 
1361  8.925126e+06  8.493544e+06  4.315821e+05 
1363  8.528156e+06  8.251056e+06  2.770991e+05 
1366  1.121657e+07  1.082342e+07  3.931451e+05 
1369  6.564556e+06  6.197331e+06  3.672252e+05 
1371  9.273249e+06  8.941184e+06  3.320651e+05 
1374  1.367000e+07  1.310835e+07  5.616550e+05 
1377  1.290575e+07  1.237974e+07  5.260131e+05 
1379  9.058333e+06  8.490178e+06  5.681553e+05 
1382  1.081228e+07  1.017549e+07  6.367959e+05 
1385  5.900986e+06  5.336166e+06  5.648202e+05 
1388  8.500246e+06  7.997522e+06  5.027237e+05 
1390  3.385503e+06  3.088183e+06  2.973199e+05 
1393  5.546510e+06  3.956249e+06  1.590260e+06 
1396  7.344624e+06  6.724234e+06  6.203907e+05 
1398  1.662850e+07  1.594875e+07  6.797521e+05 
1401  1.112090e+07  1.056567e+07  5.552371e+05 
1404  8.323418e+06  7.919950e+06  4.034691e+05 
1407  5.459943e+06  4.942248e+06  5.176954e+05 
1409  7.059928e+06  6.671088e+06  3.888411e+05 
1412  6.598522e+06  6.269656e+06  3.288666e+05 
1415  1.627266e+07  1.574953e+07  5.231249e+05 
1418  1.077258e+07  1.014869e+07  6.238970e+05 
1420  5.579526e+06  5.030056e+06  5.494700e+05 
1423  4.369093e+06  4.068310e+06  3.007835e+05 
1426  2.276334e+06  1.983648e+06  2.926855e+05 
1429  5.676498e+06  5.153123e+06  5.233750e+05 
1431  8.175968e+06  7.728734e+06  4.472338e+05 
1434  4.957766e+06  4.447904e+06  5.098614e+05 
1437  1.189710e+07  1.140023e+07  4.968698e+05 
1440  9.763545e+06  9.214852e+06  5.486926e+05 
1443  9.311887e+06  8.514503e+06  7.973841e+05 
1445  3.913622e+06  3.366892e+06  5.467298e+05 
1448  4.364218e+06  3.791372e+06  5.728451e+05 
1451  5.104503e+06  4.603412e+06  5.010906e+05 
1454  6.011624e+06  5.531315e+06  4.803097e+05 
1457  5.188574e+06  4.505612e+06  6.829614e+05 
1460  3.269598e+06  2.911544e+06  3.580536e+05 
1462  6.950764e+06  6.351618e+06  5.991467e+05 
1465  3.278636e+06  2.848066e+06  4.305699e+05 
1468  4.849502e+06  4.383422e+06  4.660796e+05 
1471  6.273178e+06  5.558358e+06  7.148193e+05 
1474  1.030955e+07  9.649610e+06  6.599426e+05 
1477  9.463484e+06  8.443000e+06  1.020484e+06 
1480  6.913318e+06  6.489030e+06  4.242876e+05 
1482  8.283975e+06  7.560736e+06  7.232382e+05 
1485  7.357068e+06  6.283866e+06  1.073202e+06 
1488  1.173737e+07  1.006035e+07  1.677016e+06 
1491  9.175867e+06  8.107240e+06  1.068627e+06 
1494  6.479428e+06  5.551702e+06  9.277268e+05 
1497  3.951548e+06  3.507962e+06  4.435864e+05 
1500  3.006832e+06  2.642624e+06  3.642083e+05 
1503  6.696884e+06  5.964715e+06  7.321689e+05 
1506  9.483569e+06  8.787998e+06  6.955708e+05 
1509  6.632592e+06  6.055816e+06  5.767768e+05 
1512  7.962244e+06  7.193640e+06  7.686039e+05 
1515  4.658084e+06  4.210722e+06  4.473611e+05 
1518  1.029393e+06  8.656233e+05  1.637693e+05 
1520  4.322048e+06  3.798592e+06  5.234565e+05 
1523  6.692646e+06  5.933086e+06  7.595600e+05 
1526  5.266430e+06  4.631252e+06  6.351774e+05 
1529  1.320698e+06  9.927256e+05  3.279730e+05 
1532  3.005721e+06  2.583804e+06  4.219172e+05 
1535  1.646052e+06  1.450504e+06  1.955471e+05 
1538  2.154424e+06  1.693361e+06  4.610622e+05 
1541  2.220840e+06  1.759380e+06  4.614605e+05 
1544  1.710919e+06  1.405593e+06  3.053257e+05 
1547  3.105883e+06  1.827195e+06  1.278688e+06 
1550  5.393206e+06  3.678923e+06  1.714283e+06 
1553  4.167820e+06  3.445162e+06  7.226579e+05 
1556  4.808111e+06  4.326527e+06  4.815842e+05 
1559  3.739715e+06  3.529393e+06  2.103220e+05 
1562  4.425706e+06  4.058433e+06  3.672737e+05 
1566  2.242130e+06  1.957975e+06  2.841552e+05 
1569  5.398980e+06  5.095374e+06  3.036061e+05 
1572  7.038852e+06  5.917566e+06  1.121285e+06 
1575  5.877803e+06  5.547186e+06  3.306170e+05 
1578  9.686644e+06  8.743898e+06  9.427462e+05 
1581  8.005112e+06  6.233578e+06  1.771533e+06 
1584  2.935373e+06  2.668730e+06  2.666427e+05 
1587  5.147296e+06  4.795780e+06  3.515155e+05 
1590  2.181802e+06  1.755455e+06  4.263474e+05 
1593  6.877653e+06  5.364427e+06  1.513226e+06 
1596  3.646354e+06  2.466850e+06  1.179504e+06 
1599  3.615192e+06  2.887075e+06  7.281173e+05 
1603  3.318184e+06  2.973508e+06  3.446764e+05 
1606  5.525227e+06  4.838216e+06  6.870114e+05 
1609  4.517426e+06  4.120646e+06  3.967810e+05 
1612  4.732844e+06  4.323488e+06  4.093561e+05 
1615  5.746351e+05  5.106591e+05  6.397598e+04 
1618  4.997138e+06  4.532896e+06  4.642424e+05 
1621  6.623191e+06  6.138621e+06  4.845702e+05 
1624  5.548076e+06  5.232210e+06  3.158657e+05 
1628  8.746598e+06  8.355340e+06  3.912589e+05 
1631  6.353454e+06  5.912718e+06  4.407361e+05 
1634  8.919050e+06  8.472266e+06  4.467836e+05 
1637  6.412192e+06  6.032313e+06  3.798796e+05 
1640  1.705326e+07  1.615773e+07  8.955258e+05 
1644  5.552998e+06  5.199248e+06  3.537505e+05 
1647  7.403864e+06  7.103465e+06  3.003987e+05 
1650  6.330590e+06  6.010874e+06  3.197166e+05 
1653  8.467635e+06  8.060575e+06  4.070601e+05 
1656  6.435491e+06  6.333456e+06  1.020355e+05 
1660  3.890253e+06  3.706595e+06  1.836582e+05 
1663  2.656179e+06  2.457856e+06  1.983226e+05 
1666  2.312814e+06  1.989401e+06  3.234133e+05 
1669  1.523701e+06  1.426155e+06  9.754652e+04 
1673  3.507161e+06  3.324578e+06  1.825824e+05 
1676  4.978179e+06  4.539110e+06  4.390683e+05 
1679  4.243023e+06  3.951146e+06  2.918768e+05 
1682  3.964152e+06  3.601073e+06  3.630798e+05 
1686  3.415916e+06  2.910606e+06  5.053105e+05 
1689  6.150307e+06  5.715836e+06  4.344713e+05 
1692  4.528663e+06  4.335620e+06  1.930432e+05 
1696  3.783704e+06  3.365344e+06  4.183600e+05 
1699  3.214021e+06  2.982672e+06  2.313493e+05 
1702  5.219940e+06  4.626643e+06  5.932964e+05 
1706  4.324269e+06  4.062111e+06  2.621580e+05 
1709  9.510798e+06  8.202122e+06  1.308676e+06 
1712  4.329533e+06  3.797390e+06  5.321428e+05 
1715  9.913507e+06  9.303335e+06  6.101722e+05 
1719  7.556384e+06  7.224856e+06  3.315269e+05 
1722  1.147984e+07  1.005868e+07  1.421160e+06 
1726  6.955296e+06  6.421446e+06  5.338490e+05 
1729  2.582534e+06  2.254712e+06  3.278225e+05 
1732  4.793394e+06  4.153783e+06  6.396109e+05 
1736  2.204447e+06  1.968171e+06  2.362759e+05 
1739  1.526654e+06  1.076489e+06  4.501654e+05 
1742  2.741900e+06  2.356294e+06  3.856064e+05 
1746  4.209806e+06  3.765922e+06  4.438838e+05 
1749  4.470838e+06  4.136891e+06  3.339473e+05 
1753  5.136844e+05  3.311820e+05  1.825024e+05 
1756  1.894186e+06  1.293481e+06  6.007048e+05 
1759  4.977764e+06  4.556418e+06  4.213453e+05 
1763  3.664102e+06  3.070774e+06  5.933276e+05 
1766  2.395608e+06  2.042562e+06  3.530461e+05 
1770  2.574012e+06  2.308181e+06  2.658311e+05 
1773  8.028985e+06  5.847928e+06  2.181058e+06 
1777  4.014334e+06  3.658156e+06  3.561789e+05 
1780  3.414516e+06  3.041438e+06  3.730778e+05 
1784  1.016931e+07  9.739068e+06  4.302450e+05 
1787  2.573450e+07  2.471240e+07  1.022103e+06 
1791  4.050300e+06  3.455216e+06  5.950833e+05 
1794  6.759238e+06  5.764043e+06  9.951952e+05 
1798  8.746532e+06  8.198144e+06  5.483880e+05 
1801  9.485111e+05  5.544474e+05  3.940637e+05 
1805  7.911550e+06  6.537206e+06  1.374344e+06 
1808  5.292426e+06  4.535298e+06  7.571278e+05 
1812  2.839422e+06  1.682138e+06  1.157284e+06 
1815  3.907110e+06  3.542446e+06  3.646637e+05 
1819  2.529266e+06  2.311060e+06  2.182058e+05 
1822  4.628999e+06  4.338589e+06  2.904102e+05 
1826  5.561878e+06  5.168062e+06  3.938158e+05 
1829  6.254972e+06  5.439886e+06  8.150870e+05 
1833  5.096879e+06  4.243444e+06  8.534346e+05 
1836  4.460327e+06  4.063582e+06  3.967445e+05 
1840  3.814744e+06  3.339204e+06  4.755399e+05 
1844  4.789804e+06  3.654864e+06  1.134940e+06 
1847  5.060913e+06  4.667126e+06  3.937866e+05 
1851  5.024666e+06  4.369870e+06  6.547961e+05 
1854  1.776751e+06  9.917486e+05  7.850021e+05 
1858  3.664272e+06  3.128446e+06  5.358259e+05 
1862  2.849569e+06  2.057448e+06  7.921213e+05 
1865  3.916818e+06  3.311661e+06  6.051566e+05 
1869  5.511696e+06  4.345586e+06  1.166110e+06 
1873  2.059429e+06  1.723960e+06  3.354686e+05 
1876  7.010075e+06  6.354272e+06  6.558028e+05 
1880  5.939754e+06  5.375664e+06  5.640899e+05 
1883  6.364041e+06  4.251330e+06  2.112711e+06 
1887  5.320956e+06  4.294012e+06  1.026944e+06 
1891  2.753524e+06  2.310220e+06  4.433039e+05 
1895  2.096961e+06  1.552371e+06  5.445895e+05 
1898  6.229055e+06  5.269116e+06  9.599389e+05 
1902  6.798505e+06  5.620056e+06  1.178450e+06 
1906  4.379525e+06  3.610990e+06  7.685346e+05 
1909  5.014746e+06  4.276550e+06  7.381964e+05 
1913  4.625958e+06  3.899500e+06  7.264586e+05 
1917  6.162270e+06  5.328601e+06  8.336686e+05 
1921  3.116061e+06  1.804016e+06  1.312046e+06 
1924  2.671382e+06  1.959121e+06  7.122616e+05 
1928  7.798526e+06  6.472770e+06  1.325755e+06 
1932  4.585980e+06  3.711280e+06  8.746999e+05 
1936  5.085707e+06  4.616574e+06  4.691337e+05 
1939  4.332732e+06  3.300587e+06  1.032144e+06 
1943  6.696562e+06  5.501474e+06  1.195088e+06 
1947  1.140345e+07  9.580437e+06  1.823010e+06 
1951  2.898587e+06  2.313363e+06  5.852239e+05 
1954  5.397572e+06  4.468450e+06  9.291215e+05 
1958  5.948174e+06  3.975707e+06  1.972467e+06 
1962  6.683522e+06  5.093572e+06  1.589951e+06 
1966  1.305484e+07  1.098298e+07  2.071854e+06 
1970  8.535093e+06  7.104586e+06  1.430507e+06 
1974  1.244251e+07  9.203799e+06  3.238708e+06 
1977  3.908220e+06  2.599684e+06  1.308537e+06 
1981  2.373652e+06  1.706904e+06  6.667478e+05 
1985  6.633508e+06  5.360516e+06  1.272992e+06 
1989  5.174304e+06  4.048579e+06  1.125725e+06 
1993  3.794446e+06  2.483335e+06  1.311111e+06 
1997  2.665994e+06  1.709760e+06  9.562348e+05 
2001  8.445405e+06  7.521484e+06  9.239209e+05 
2005  6.848437e+06  6.069802e+06  7.786356e+05 
2008  1.169779e+07  1.026517e+07  1.432621e+06 
2012  1.002137e+07  8.018131e+06  2.003242e+06 
2016  9.453788e+06  7.949295e+06  1.504493e+06 
2020  4.822517e+06  4.126880e+06  6.956372e+05 
2024  5.871010e+06  4.230092e+06  1.640917e+06 
2028  1.079018e+07  8.935696e+06  1.854480e+06 
2032  1.117710e+07  9.432947e+06  1.744154e+06 
2036  4.328775e+06  3.677702e+06  6.510731e+05 
2040  5.301368e+06  4.888087e+06  4.132807e+05 
2044  5.440962e+06  4.872050e+06  5.689121e+05 
2048  3.949759e+06  2.879525e+06  1.070234e+06 
2052  4.478876e+06  3.734306e+06  7.445689e+05 
2056  8.034740e+06  6.994383e+06  1.040356e+06 
2060  2.008974e+06  1.515610e+06  4.933637e+05 
2064  1.010970e+07  9.054486e+06  1.055219e+06 
2068  9.620774e+06  6.819084e+06  2.801690e+06 
2072  1.048316e+07  8.059353e+06  2.423811e+06 
2076  9.699920e+06  6.502963e+06  3.196957e+06 
2080  4.764079e+06  3.689203e+06  1.074876e+06 
2084  3.878274e+06  2.662981e+06  1.215294e+06 
2088  4.434934e+06  3.914969e+06  5.199646e+05 
2092  5.003281e+06  3.782140e+06  1.221140e+06 
2096  3.838659e+06  2.907475e+06  9.311842e+05 
2100  8.801016e+06  6.923244e+06  1.877773e+06 
2104  6.739808e+06  5.635714e+06  1.104094e+06 
2109  1.589304e+07  1.461596e+07  1.277083e+06 
2113  4.355829e+06  3.628222e+06  7.276068e+05 
2117  2.009058e+07  1.522415e+07  4.866430e+06 
2121  2.382220e+06  1.854807e+06  5.274126e+05 
2125  4.570732e+06  2.928685e+06  1.642046e+06 
2129  9.797612e+06  8.605474e+06  1.192138e+06 
2133  6.999479e+06  5.399174e+06  1.600305e+06 
2138  1.030223e+07  9.231438e+06  1.070789e+06 
2142  9.084197e+06  7.070031e+06  2.014166e+06 
2146  6.140728e+06  5.037241e+06  1.103487e+06 
2150  8.607641e+06  7.586431e+06  1.021210e+06 
2154  4.859052e+06  3.478423e+06  1.380628e+06 
2158  7.376027e+06  5.759148e+06  1.616879e+06 
2163  9.185990e+06  7.842920e+06  1.343071e+06 
2167  1.359383e+07  1.139182e+07  2.202006e+06 
2171  4.628083e+06  3.255549e+06  1.372534e+06 
2175  1.311765e+07  1.085383e+07  2.263825e+06 
2180  3.799121e+06  3.194946e+06  6.041755e+05 
2184  9.155869e+06  6.873674e+06  2.282195e+06 
2188  7.834056e+06  6.326924e+06  1.507132e+06 
2192  3.997471e+06  2.875962e+06  1.121509e+06 
2197  3.108675e+06  1.951426e+06  1.157250e+06 
2201  5.703359e+06  3.993761e+06  1.709598e+06 
2205  7.417301e+06  5.501771e+06  1.915530e+06 
2209  9.379994e+06  7.591258e+06  1.788737e+06 
2214  1.338506e+07  1.104661e+07  2.338452e+06 
2218  1.031012e+07  8.080410e+06  2.229706e+06 
2222  1.363422e+07  1.195287e+07  1.681354e+06 
2227  1.118226e+07  8.687259e+06  2.494998e+06 
2231  1.083837e+07  8.380317e+06  2.458051e+06 
2235  9.331906e+06  7.328706e+06  2.003200e+06 
2240  1.588105e+07  1.298730e+07  2.893746e+06 
2244  1.210789e+07  1.047139e+07  1.636498e+06 
2248  1.546223e+07  1.348622e+07  1.976003e+06 
2253  1.477279e+07  1.325140e+07  1.521388e+06 
2257  1.316050e+07  1.115254e+07  2.007962e+06 
2262  1.396195e+07  1.244209e+07  1.519863e+06 
2266  1.931851e+07  1.789713e+07  1.421384e+06 
2270  1.824314e+07  1.621362e+07  2.029519e+06 
2275  2.122434e+07  1.819959e+07  3.024744e+06 
2279  1.613346e+07  1.236882e+07  3.764635e+06 
2284  1.265974e+07  1.097392e+07  1.685815e+06 
2288  8.672889e+06  6.469068e+06  2.203822e+06 
2293  1.622131e+07  1.444698e+07  1.774330e+06 
2297  1.034638e+07  7.888727e+06  2.457650e+06 
2302  8.877957e+06  7.450471e+06  1.427486e+06 
2306  2.700751e+07  2.035916e+07  6.648344e+06 
2311  2.031916e+07  1.746235e+07  2.856813e+06 
2315  1.234027e+07  1.051430e+07  1.825969e+06 
2320  1.384264e+07  1.216466e+07  1.677986e+06 
2324  1.554263e+07  1.298787e+07  2.554762e+06 
2329  2.655118e+07  2.460414e+07  1.947047e+06 
2333  8.697268e+06  6.994923e+06  1.702345e+06 
2338  1.855007e+07  1.646241e+07  2.087658e+06 
2342  1.856188e+07  1.644587e+07  2.116001e+06 
2347  2.292633e+07  1.960354e+07  3.322796e+06 
2351  1.385831e+07  1.103405e+07  2.824261e+06 
2356  2.057361e+07  1.752720e+07  3.046414e+06 
2361  2.658106e+07  2.276841e+07  3.812647e+06 
2365  2.883900e+07  2.547569e+07  3.363312e+06 
2370  1.522349e+07  1.315563e+07  2.067859e+06 
2374  2.413684e+07  2.130569e+07  2.831154e+06 
2379  1.861346e+07  1.545036e+07  3.163096e+06 
2384  3.169072e+07  2.867636e+07  3.014361e+06 
2388  2.660082e+07  2.110301e+07  5.497804e+06 
2393  3.762501e+07  2.872395e+07  8.901055e+06 
2398  2.584938e+07  2.160569e+07  4.243693e+06 
2402  2.986395e+07  2.428031e+07  5.583644e+06 
2407  1.857429e+07  1.514835e+07  3.425941e+06 
2412  3.678276e+07  3.048305e+07  6.299708e+06 
2416  2.569278e+07  2.277267e+07  2.920111e+06 
2421  2.290376e+07  1.973305e+07  3.170711e+06 
2426  3.384118e+07  3.056802e+07  3.273160e+06 
2431  4.530524e+07  3.962946e+07  5.675778e+06 
2435  3.824525e+07  3.347671e+07  4.768544e+06 
2440  1.562059e+07  1.333571e+07  2.284885e+06 
2445  3.246244e+07  2.848409e+07  3.978353e+06 
2450  2.541978e+07  2.151448e+07  3.905299e+06 
2454  2.777645e+07  2.345524e+07  4.321202e+06 
2459  3.563838e+07  3.075187e+07  4.886506e+06 
2464  4.106606e+07  3.758000e+07  3.486052e+06 
2469  3.635259e+07  3.260901e+07  3.743576e+06 
2473  3.141221e+07  2.804279e+07  3.369414e+06 
2478  3.131686e+07  2.801406e+07  3.302799e+06 
2483  2.765625e+07  2.340878e+07  4.247472e+06 
2488  3.284551e+07  2.851023e+07  4.335280e+06 
2493  1.576564e+07  1.353727e+07  2.228375e+06 
2498  2.278906e+07  1.968654e+07  3.102521e+06 
2503  2.953143e+07  2.562592e+07  3.905512e+06 
2507  3.260637e+07  2.856479e+07  4.041580e+06 
2512  3.628315e+07  3.183862e+07  4.444528e+06 
2517  2.485261e+07  2.036773e+07  4.484878e+06 
2522  2.573320e+07  2.183776e+07  3.895448e+06 
2527  3.462088e+07  3.080824e+07  3.812644e+06 
2532  1.241560e+07  1.076928e+07  1.646317e+06 
2537  3.512432e+07  3.181719e+07  3.307130e+06 
2542  3.263415e+07  2.888860e+07  3.745545e+06 
2547  3.272446e+07  2.949595e+07  3.228514e+06 
2552  2.357253e+07  2.017202e+07  3.400519e+06 
2557  1.901394e+07  1.688500e+07  2.128946e+06 
2562  3.005552e+07  2.703808e+07  3.017431e+06 
2567  2.291900e+07  1.991423e+07  3.004770e+06 
2572  2.549208e+07  2.127643e+07  4.215650e+06 
2577  1.567905e+07  1.325736e+07  2.421684e+06 
2582  2.183972e+07  1.852385e+07  3.315872e+06 
2587  2.699684e+07  2.338563e+07  3.611211e+06 
2592  1.765300e+07  1.619216e+07  1.460840e+06 
2597  4.138674e+07  3.360939e+07  7.777354e+06 
2602  1.233705e+07  1.031949e+07  2.017557e+06 
2607  3.356253e+07  2.736782e+07  6.194716e+06 
2612  4.946506e+07  3.877735e+07  1.068771e+07 
2617  1.746678e+07  1.405132e+07  3.415457e+06 
2622  3.223942e+07  2.818187e+07  4.057554e+06 
2627  5.267458e+07  4.200594e+07  1.066863e+07 
2632  3.853302e+07  2.835215e+07  1.018087e+07 
2638  1.319634e+07  1.022196e+07  2.974378e+06 
2643  1.805370e+07  1.333144e+07  4.722258e+06 
2648  8.570150e+06  5.542522e+06  3.027629e+06 
2653  1.470561e+07  1.134489e+07  3.360720e+06 
2658  8.085051e+06  5.501669e+06  2.583382e+06 
2663  7.585442e+06  6.607171e+06  9.782711e+05 
2669  1.625855e+07  1.394668e+07  2.311868e+06 
2674  1.083484e+06  5.926485e+05  4.908358e+05 
2679  1.217842e+07  9.256489e+06  2.921928e+06 
2684  2.347701e+07  1.814823e+07  5.328774e+06 
2689  5.398772e+06  4.035590e+06  1.363182e+06 
2695  2.040227e+07  1.718174e+07  3.220529e+06 
2700  6.347775e+06  4.015768e+06  2.332007e+06 
2705  2.141466e+07  1.824935e+07  3.165311e+06 
2710  1.927251e+07  1.695807e+07  2.314434e+06 
2716  2.706914e+07  2.213109e+07  4.938048e+06 
2721  1.669978e+07  1.235223e+07  4.347544e+06 
2726  1.785057e+07  1.522880e+07  2.621770e+06 
2732  2.361246e+07  1.911122e+07  4.501240e+06 
2737  2.200332e+07  1.806049e+07  3.942826e+06 
2742  1.347318e+07  1.077583e+07  2.697355e+06 
2748  3.263554e+07  2.792223e+07  4.713308e+06 
2753  3.974570e+07  3.175648e+07  7.989214e+06 
2758  1.407368e+07  1.082735e+07  3.246333e+06 
2764  1.863941e+07  1.615343e+07  2.485984e+06 
2769  2.775094e+07  2.285762e+07  4.893326e+06 
2774  3.089442e+07  2.387531e+07  7.019104e+06 
2780  1.306744e+07  1.029881e+07  2.768624e+06 
2785  2.061705e+07  1.632647e+07  4.290576e+06 
2791  9.898320e+06  7.667600e+06  2.230720e+06 
2796  9.319049e+06  8.111395e+06  1.207654e+06 
2802  1.203829e+07  1.043363e+07  1.604654e+06 
2807  8.519266e+06  6.379515e+06  2.139751e+06 
2813  7.560417e+06  5.327048e+06  2.233369e+06 
2818  1.148316e+07  8.088048e+06  3.395110e+06 
2823  1.912851e+07  1.574319e+07  3.385318e+06 
2829  2.122547e+07  1.800118e+07  3.224292e+06 
2834  2.601158e+07  1.984276e+07  6.168823e+06 
2840  3.023214e+07  2.333141e+07  6.900736e+06 
2846  2.861408e+07  2.210526e+07  6.508824e+06 
2851  1.982816e+07  1.544982e+07  4.378343e+06 
2857  2.652296e+07  2.041012e+07  6.112839e+06 
2862  1.656457e+07  1.169983e+07  4.864741e+06 
2868  2.931711e+07  2.293401e+07  6.383100e+06 
2873  1.019785e+07  7.573832e+06  2.624019e+06 
2879  1.465642e+07  1.023739e+07  4.419030e+06 
2885  1.571577e+07  1.269686e+07  3.018916e+06 
2890  1.931310e+07  1.486383e+07  4.449273e+06 
2896  1.715366e+07  1.328489e+07  3.868774e+06 
2901  8.818922e+06  6.730986e+06  2.087936e+06 
2907  1.132616e+07  7.576404e+06  3.749751e+06 
2913  2.739813e+06  1.617448e+06  1.122366e+06 
2918  1.699614e+07  1.191060e+07  5.085545e+06 
2924  1.520020e+07  1.168408e+07  3.516124e+06 
2930  2.810320e+06  1.618057e+06  1.192262e+06 
2936  3.850908e+06  2.254778e+06  1.596130e+06 
2941  1.286213e+07  1.039579e+07  2.466345e+06 
2947  1.929083e+07  1.510362e+07  4.187204e+06 
2953  1.089381e+07  8.787914e+06  2.105892e+06 
2958  1.140874e+07  8.791343e+06  2.617399e+06 
2964  1.445234e+07  1.225218e+07  2.200163e+06 
2970  1.999734e+07  1.604958e+07  3.947768e+06 
2976  8.257559e+06  5.926411e+06  2.331148e+06 
2982  2.250653e+07  1.786921e+07  4.637328e+06 
2987  9.912401e+06  8.322126e+06  1.590275e+06 
2993  2.671316e+06  1.423253e+06  1.248064e+06 
2999  7.827508e+06  6.266324e+06  1.561184e+06 
3005  7.856378e+06  7.154118e+06  7.022590e+05 
3011  8.169004e+06  5.347778e+06  2.821225e+06 
3017  8.579132e+06  5.551974e+06  3.027158e+06 
3023  3.705294e+06  2.050633e+06  1.654661e+06 
3028  5.203438e+06  3.025412e+06  2.178027e+06 
3034  3.300992e+06  1.789567e+06  1.511426e+06 
3040  3.115226e+06  1.706903e+06  1.408323e+06 
3046  1.451569e+07  1.043150e+07  4.084194e+06 
3052  2.133600e+06  1.178570e+06  9.550298e+05 
3058  2.240534e+06  1.261877e+06  9.786567e+05 
3064  9.263433e+06  7.034092e+06  2.229342e+06 
3070  1.056750e+07  6.743100e+06  3.824398e+06 
3076  1.682239e+07  1.141086e+07  5.411527e+06 
3082  4.088786e+06  2.562900e+06  1.525886e+06 
3088  2.848269e+06  1.697300e+06  1.150968e+06 
3094  7.017688e+06  5.799273e+06  1.218414e+06 
3100  2.402673e+06  1.388024e+06  1.014649e+06 
3106  4.733132e+06  2.632970e+06  2.100162e+06 
3112  2.788154e+06  1.512677e+06  1.275476e+06 
3118  2.517082e+06  1.393982e+06  1.123100e+06 
3124  1.768039e+05  9.115125e+04  8.565262e+04 
3130  3.623080e+06  2.116150e+06  1.506930e+06 
3136  1.057339e+06  5.696528e+05  4.876864e+05 
3142  6.176622e+06  5.005205e+06  1.171416e+06 
3149  3.548528e+06  2.301774e+06  1.246754e+06 
3155  2.069667e+06  1.190032e+06  8.796344e+05 
3161  2.446410e+07  1.988266e+07  4.581440e+06 
3167  1.267650e+07  1.122525e+07  1.451256e+06 
3173  2.904517e+04  1.501246e+04  1.403271e+04 
3179  1.109936e+07  9.087819e+06  2.011545e+06 
3186  2.196813e+07  1.939207e+07  2.576058e+06 
3192  2.205832e+07  1.785162e+07  4.206707e+06 
3198  9.879794e+06  8.988880e+06  8.909141e+05 
3204  3.854842e+06  2.441708e+06  1.413133e+06 
3210  1.973788e+07  1.615453e+07  3.583349e+06 
3217  1.122540e+05  5.762446e+04  5.462957e+04 
3223  2.446623e+06  1.302943e+06  1.143680e+06 
3229  1.832089e+07  1.403613e+07  4.284759e+06 
3236  4.558216e+06  3.288703e+06  1.269514e+06 
3242  7.127776e+06  5.492507e+06  1.635268e+06 
3248  1.710733e+07  1.216854e+07  4.938786e+06 
3255  2.025532e+07  1.329165e+07  6.963669e+06 
3261  1.022025e+07  8.203168e+06  2.017079e+06 
3267  8.650788e+06  4.910607e+06  3.740182e+06 
3274  4.512251e+05  2.398128e+05  2.114123e+05 
3280  2.731756e+07  1.803456e+07  9.282997e+06 
3286  1.331527e+07  9.407499e+06  3.907767e+06 
3293  1.067893e+07  6.642437e+06  4.036490e+06 
3299  1.058741e+07  7.472106e+06  3.115301e+06 
3306  1.326611e+07  9.462327e+06  3.803780e+06 
3312  1.147974e+07  8.368946e+06  3.110788e+06 
3318  3.255314e+06  1.810995e+06  1.444319e+06 
3325  5.166278e+06  3.114117e+06  2.052161e+06 
3331  3.424748e+05  1.750270e+05  1.674478e+05 
3338  6.622634e+06  3.908608e+06  2.714026e+06 
3344  2.629205e+05  1.345897e+05  1.283308e+05 
3351  4.419617e+04  2.264352e+04  2.155265e+04 
3357  8.740271e+06  6.079234e+06  2.661037e+06 
3364  7.028317e+06  4.351465e+06  2.676852e+06 
3371  9.559592e+06  5.115786e+06  4.443806e+06 
3377  1.338792e+06  7.333661e+05  6.054259e+05 
3384  5.058556e+06  3.042780e+06  2.015776e+06 
3390  4.756094e+06  2.678340e+06  2.077754e+06 
3397  1.024525e+06  5.383828e+05  4.861423e+05 
3403  4.130971e+05  2.116575e+05  2.014396e+05 
3410  2.161480e+06  1.280184e+06  8.812950e+05 
3417  5.776936e+06  3.363039e+06  2.413897e+06 
3423  1.393108e+06  7.041427e+05  6.889653e+05 
3430  2.865280e+06  1.580233e+06  1.285047e+06 
3437  6.518204e+06  4.716461e+06  1.801744e+06 
3443  1.033846e+06  5.191082e+05  5.147375e+05 
3450  8.085828e+06  5.358586e+06  2.727241e+06 
3457  6.607115e+06  3.736269e+06  2.870846e+06 
3464  1.772064e+06  9.263952e+05  8.456693e+05 
3470  2.570204e+06  1.482988e+06  1.087215e+06 
3477  7.464993e+06  4.181800e+06  3.283193e+06 
3484  6.909869e+06  3.899471e+06  3.010398e+06 
3491  3.566048e+06  2.157824e+06  1.408223e+06 
3498  5.110940e+06  2.843581e+06  2.267359e+06 
3504  2.190848e+06  1.153882e+06  1.036966e+06 
3511  2.058497e+05  1.052167e+05  1.006330e+05 
3518  2.195936e+06  1.154254e+06  1.041682e+06 
3525  3.145128e+06  1.602050e+06  1.543079e+06 
3532  1.633916e+06  8.105632e+05  8.233524e+05 
3539  1.940959e+06  1.028757e+06  9.122021e+05 
3545  4.048623e+05  2.075769e+05  1.972854e+05 
3552  2.954474e+06  1.488198e+06  1.466276e+06 
3559  1.575938e+06  8.240118e+05  7.519259e+05 
3566  1.809551e+06  9.838801e+05  8.256708e+05 
3573  1.483302e+05  8.587385e+04  6.245636e+04 
3580  5.592083e+04  2.859650e+04  2.732432e+04 
3587  1.286726e+06  8.340589e+05  4.526673e+05 
3594  5.509716e+04  2.812658e+04  2.697058e+04 
3601  2.706283e+05  1.388516e+05  1.317767e+05 
3608  1.484661e+05  7.580584e+04  7.266030e+04 
3615  5.301552e+05  2.757666e+05  2.543886e+05 
3622  6.820788e+06  4.073531e+06  2.747257e+06 
3629  1.476242e+05  9.211488e+04  5.550931e+04 
3636  8.305689e+05  4.392744e+05  3.912945e+05 
3643  4.630786e+06  3.025437e+06  1.605349e+06 
3651  1.468161e+04  7.502894e+03  7.178720e+03 
3658  5.782527e+06  4.402178e+06  1.380350e+06 
3665  1.630794e+04  8.325690e+03  7.982250e+03 
3672  2.564476e+04  1.265156e+04  1.299320e+04 
3679  1.690112e+05  7.642762e+04  9.258355e+04 
3686  2.108654e+05  1.065505e+05  1.043149e+05 
3693  6.936147e+04  3.556695e+04  3.379452e+04 
3701  4.832394e+05  2.500119e+05  2.332275e+05 
3708  9.782402e+04  4.978128e+04  4.804273e+04 
3715  2.290174e+05  1.057942e+05  1.232232e+05 
3722  4.626579e+05  2.339250e+05  2.287329e+05 
3730  1.569874e+06  8.322269e+05  7.376472e+05 
3737  2.608088e+04  1.669298e+04  9.387901e+03 
3744  4.152106e+05  2.142905e+05  2.009200e+05 
3751  3.256326e+06  1.976959e+06  1.279368e+06 
3759  3.004288e+06  1.634356e+06  1.369932e+06 
3766  5.879289e+06  3.672077e+06  2.207212e+06 
3773  1.594406e+04  8.249998e+03  7.694060e+03 
3781  3.245631e+06  1.791710e+06  1.453921e+06 
3788  2.532339e+05  1.305614e+05  1.226725e+05 
3795  2.481444e+05  1.075770e+05  1.405674e+05 
3803  7.541064e+04  3.739125e+04  3.801938e+04 
3810  9.914380e+05  5.207182e+05  4.707198e+05 
3818  2.436831e+04  4.229369e+03  2.013894e+04 
3825  6.889083e+06  4.547442e+06  2.341642e+06 
3833  1.367024e+05  7.556632e+04  6.113610e+04 
3840  1.581784e+04  9.529085e+03  6.288754e+03 
3847  1.036078e+06  5.468301e+05  4.892482e+05 
3855  2.377504e+04  1.287652e+04  1.089851e+04 
3862  5.881279e+04  3.020872e+04  2.860407e+04 
3870  2.872212e+06  1.812166e+06  1.060046e+06 
3878  3.766124e+04  1.926379e+04  1.839745e+04 
3885  4.414419e+04  2.246620e+04  2.167799e+04 
3893  3.021263e+05  1.560284e+05  1.460979e+05 
3900  1.279870e+05  6.543175e+04  6.255524e+04 
3908  2.425882e+06  1.290152e+06  1.135730e+06 
3915  2.163827e+06  1.119417e+06  1.044410e+06 
3923  1.675801e+05  8.519562e+04  8.238445e+04 
3931  2.707680e+06  1.422273e+06  1.285407e+06 
3938  1.047005e+07  5.776004e+06  4.694044e+06 
3946  3.142492e+06  1.651309e+06  1.491184e+06 
3954  9.462502e+04  4.813009e+04  4.649494e+04 
3961  1.213511e+06  4.317452e+05  7.817655e+05 
3969  1.713714e+06  8.272815e+05  8.864322e+05 
3977  4.118803e+06  2.637490e+06  1.481312e+06 
3985  1.136139e+06  5.802389e+05  5.559001e+05 
3992  1.151943e+06  5.999020e+05  5.520409e+05 
4000  3.969688e+06  2.379464e+06  1.590224e+06 
4008  3.811350e+05  1.942649e+05  1.868702e+05 
4016  1.313812e+05  6.680589e+04  6.457536e+04 
4024  1.400066e+06  7.432031e+05  6.568631e+05 
4031  9.322786e+04  4.998611e+04  4.324175e+04 
4039  2.937439e+04  1.491673e+04  1.445766e+04 
4047  2.077230e+04  1.056289e+04  1.020941e+04 
4055  2.952229e+05  1.495001e+05  1.457228e+05 
4063  1.411868e+06  7.332973e+05  6.785710e+05 
4071  3.303897e+05  1.678887e+05  1.625010e+05 
4079  9.834852e+05  5.024016e+05  4.810836e+05 
4087  3.223679e+05  1.650968e+05  1.572711e+05 
4095  1.823767e+05  9.256045e+04  8.981620e+04 
4103  1.204915e+05  6.120944e+04  5.928210e+04 
4111  4.995800e+05  2.550869e+05  2.444931e+05 
4119  1.727594e+06  9.406365e+05  7.869578e+05 
4127  1.930388e+06  1.100076e+06  8.303121e+05 
4135  4.825725e+05  2.496578e+05  2.329146e+05 
4143  2.217801e+05  8.214359e+04  1.396365e+05 
4151  1.389379e+05  7.048360e+04  6.845426e+04 
4159  2.783537e+05  1.416404e+05  1.367133e+05 
4167  1.144873e+05  5.658586e+04  5.790141e+04 
4175  1.217542e+07  7.979443e+06  4.195972e+06 
4183  4.749571e+05  2.421204e+05  2.328367e+05 
4191  2.150011e+04  1.089391e+04  1.060620e+04 
4200  1.360210e+05  6.894536e+04  6.707559e+04 
4208  2.248376e+05  1.156983e+05  1.091393e+05 
4216  2.454818e+04  1.244478e+04  1.210340e+04 
4224  1.054053e+05  5.357913e+04  5.182619e+04 
4232  8.635240e+06  6.832522e+06  1.802718e+06 
4241  5.140977e+05  2.595465e+05  2.545512e+05 
4249  1.404164e+06  9.200341e+05  4.841297e+05 
4257  1.595717e+06  8.520940e+05  7.436234e+05 
4265  2.920541e+04  1.570444e+04  1.350096e+04 
4274  3.146635e+06  1.778363e+06  1.368272e+06 
4282  6.594848e+04  3.340721e+04  3.254127e+04 
4290  7.240521e+05  3.678773e+05  3.561748e+05 
4299  8.703342e+06  5.878230e+06  2.825111e+06 
4307  1.472384e+05  7.455941e+04  7.267898e+04 
4316  3.000814e+06  1.681708e+06  1.319106e+06 
4324  5.937631e+05  3.000596e+05  2.937035e+05 
4332  5.203932e+06  3.587689e+06  1.616243e+06 
4341  4.273187e+06  2.489699e+06  1.783488e+06 
4349  6.728591e+06  5.080102e+06  1.648489e+06 
4358  1.696817e+06  8.573509e+05  8.394658e+05 
4366  9.863810e+05  5.217465e+05  4.646345e+05 
4375  8.168506e+06  6.121293e+06  2.047214e+06 
4383  8.910362e+06  5.641036e+06  3.269326e+06 
4392  1.463632e+04  7.073406e+03  7.562912e+03 
4400  4.853595e+06  2.920079e+06  1.933516e+06 
4409  9.356575e+06  6.475140e+06  2.881436e+06 
4418  4.997715e+06  3.447781e+06  1.549934e+06 
4426  3.245670e+04  1.641261e+04  1.604409e+04 
4435  2.083950e+06  1.109068e+06  9.748814e+05 
4443  2.374804e+05  1.200374e+05  1.174430e+05 
4452  1.368919e+06  6.918612e+05  6.770576e+05 
4461  5.900130e+05  2.980552e+05  2.919578e+05 
4469  4.649262e+06  2.817106e+06  1.832156e+06 
4478  2.140705e+05  1.075139e+05  1.065566e+05 
4487  9.440604e+06  6.112347e+06  3.328257e+06 
4496  2.670019e+04  1.361803e+04  1.308216e+04 
4504  5.502798e+06  4.119050e+06  1.383748e+06 
4513  4.027141e+06  2.427759e+06  1.599382e+06 
4522  1.324357e+07  9.534765e+06  3.708808e+06 
4531  2.088120e+06  1.148116e+06  9.400038e+05 
4540  5.035676e+06  3.546582e+06  1.489094e+06 
4548  6.952162e+06  5.323026e+06  1.629135e+06 
4557  5.513322e+06  3.492696e+06  2.020626e+06 
4566  2.515212e+04  1.269432e+04  1.245780e+04 
4575  6.466377e+06  4.582422e+06  1.883955e+06 
4584  1.228766e+07  8.553197e+06  3.734460e+06 
4593  3.029926e+06  1.667513e+06  1.362413e+06 
4602  2.016756e+05  1.020538e+05  9.962180e+04 
4611  1.061810e+05  5.369696e+04  5.248401e+04 
4620  7.054512e+06  4.840956e+06  2.213557e+06 
4629  9.744910e+06  6.654001e+06  3.090909e+06 
4638  1.074107e+05  5.422634e+04  5.318438e+04 
4647  2.946266e+06  1.622331e+06  1.323935e+06 
4656  1.633429e+05  8.300890e+04  8.033397e+04 
4665  4.993839e+06  2.838030e+06  2.155810e+06 
4674  5.609871e+05  2.852346e+05  2.757526e+05 
4683  1.887057e+04  9.420351e+03  9.450221e+03 
4692  1.509047e+04  7.603312e+03  7.487161e+03 
4701  1.510129e+04  7.608292e+03  7.493003e+03 
4711  5.867741e+04  1.029774e+04  4.837966e+04 
4720  1.305304e+05  6.617347e+04  6.435694e+04 
4729  7.963158e+05  4.098524e+05  3.864634e+05 
4738  3.580471e+05  1.811065e+05  1.769405e+05 
4747  5.350522e+04  2.710345e+04  2.640176e+04 
4757  1.121656e+05  5.664442e+04  5.552114e+04 
4766  3.038762e+03  1.531003e+03  1.507759e+03 
4775  7.147661e+04  3.598413e+04  3.549247e+04 
4784  5.762872e+02  2.901649e+02  2.861223e+02 
4794  1.267472e+04  6.377378e+03  6.297346e+03 
4803  1.828221e+04  9.204798e+03  9.077418e+03 
4813  1.864311e+05  9.397943e+04  9.245166e+04 
4822  8.925931e+05  4.498532e+05  4.427399e+05 
4831  7.804633e+05  3.947962e+05  3.856671e+05 
4841  7.718914e+05  3.930002e+05  3.788912e+05 
4850  2.153052e+05  1.087112e+05  1.065939e+05 
4860  1.077358e+05  5.440502e+04  5.333077e+04 
4869  1.316370e+06  6.656304e+05  6.507398e+05 
4879  1.074779e+05  5.406921e+04  5.340869e+04 
4888  2.215915e+05  1.116616e+05  1.099298e+05 
4898  3.960008e+05  1.997287e+05  1.962721e+05 
4907  3.109787e+05  1.565784e+05  1.544004e+05 
4917  1.283762e+04  6.460219e+03  6.377400e+03 
4926  1.196569e+07  9.250774e+06  2.714913e+06 
4936  2.712612e+04  1.364528e+04  1.348085e+04 
4945  1.337934e+05  6.725444e+04  6.653892e+04 
4955  3.165790e+05  1.599331e+05  1.566459e+05 
4965  1.557341e+04  7.834347e+03  7.739063e+03 
4974  3.007150e+05  1.512381e+05  1.494769e+05 
4984  6.496820e+04  3.268197e+04  3.228623e+04 
4994  8.871074e+05  4.489809e+05  4.381265e+05 
5004  2.570805e+05  1.293640e+05  1.277165e+05 
5013  1.429247e+07  1.098829e+07  3.304185e+06 
5023  2.498714e+05  1.447348e+05  1.051367e+05 
5033  1.977727e+04  9.942257e+03  9.835014e+03 
5043  2.594970e+05  1.286617e+05  1.308353e+05 
5052  8.006711e+04  3.965788e+04  4.040923e+04 
5062  2.657243e+05  1.337264e+05  1.319979e+05 
5072  3.564437e+05  1.118109e+05  2.446327e+05 
5082  6.680753e+04  3.363127e+04  3.317627e+04 
5092  1.014513e+05  5.111011e+04  5.034115e+04 
5102  1.599384e+06  8.368874e+05  7.624968e+05 
5112  1.272769e+05  6.391847e+04  6.335847e+04 
5122  2.518922e+05  1.269909e+05  1.249013e+05 
5132  1.099452e+06  5.569233e+05  5.425289e+05 
5142  5.408898e+05  2.743430e+05  2.665467e+05 
5152  5.927854e+05  2.995364e+05  2.932490e+05 
5162  1.470826e+06  7.469118e+05  7.239143e+05 
5172  1.839928e+07  1.372620e+07  4.673082e+06 
5182  1.742096e+05  8.765362e+04  8.655602e+04 
5192  1.662559e+05  1.125351e+05  5.372079e+04 
5202  7.813010e+06  5.831052e+06  1.981959e+06 
5212  1.708899e+04  8.583555e+03  8.505438e+03 
5222  2.074825e+05  1.043410e+05  1.031415e+05 
5233  8.362974e+06  6.300446e+06  2.062528e+06 
5243  1.131880e+05  5.696334e+04  5.622464e+04 
5253  5.107412e+06  2.891035e+06  2.216377e+06 
5263  1.614618e+06  8.529138e+05  7.617045e+05 
5273  1.149024e+07  8.358502e+06  3.131738e+06 
5284  1.468670e+07  1.010367e+07  4.583028e+06 
5294  5.730433e+04  2.877932e+04  2.852501e+04 
5304  2.103477e+04  1.056128e+04  1.047350e+04 
5315  1.351423e+07  1.025126e+07  3.262970e+06 
5325  4.780170e+06  2.823124e+06  1.957046e+06 
5335  5.166517e+05  2.623582e+05  2.542935e+05 
5346  2.199044e+05  1.113425e+05  1.085619e+05 
5356  8.351558e+04  4.190697e+04  4.160861e+04 
5367  3.811400e+06  2.149374e+06  1.662026e+06 
5377  1.919700e+05  9.632596e+04  9.564408e+04 
5388  2.596061e+04  1.302605e+04  1.293456e+04 
5398  6.344403e+04  3.191715e+04  3.152687e+04 
5409  5.192116e+05  2.643442e+05  2.548674e+05 
5419  1.510898e+04  7.610409e+03  7.498576e+03 
5430  6.307982e+06  3.510231e+06  2.797750e+06 
5440  2.083788e+05  1.048564e+05  1.035224e+05 
5451  2.856462e+05  1.447182e+05  1.409281e+05 
5461  1.824021e+05  9.169789e+04  9.070421e+04 
5472  2.287767e+05  1.153690e+05  1.134077e+05 
5483  3.975783e+04  1.995146e+04  1.980637e+04 
5493  1.549642e+05  7.778412e+04  7.718003e+04 
5504  1.000688e+05  5.026727e+04  4.980150e+04 
5515  5.499902e+04  2.759466e+04  2.740436e+04 
5526  8.286018e+05  4.116411e+05  4.169607e+05 
5536  7.375694e+05  3.752296e+05  3.623398e+05 
5547  2.461126e+05  1.239058e+05  1.222068e+05 
5558  1.729791e+04  8.671227e+03  8.626685e+03 
5569  6.312803e+05  3.134173e+05  3.178630e+05 
5580  4.061034e+04  2.036308e+04  2.024726e+04 
5590  4.829816e+05  2.399363e+05  2.430454e+05 
5601  2.053981e+04  1.029493e+04  1.024488e+04 
5612  4.002880e+04  1.997828e+04  2.005052e+04 
5623  7.045409e+05  3.576688e+05  3.468722e+05 
5634  1.832427e+04  9.184726e+03  9.139541e+03 
5645  2.490332e+04  1.247981e+04  1.242352e+04 
5656  6.059369e+05  3.103575e+05  2.955793e+05 
5667  3.544247e+05  1.776073e+05  1.768173e+05 
5678  2.973712e+04  1.493347e+04  1.480366e+04 
5689  4.891628e+05  2.451902e+05  2.439726e+05 
5700  5.391349e+04  2.701794e+04  2.689556e+04 
5711  2.047206e+04  1.025673e+04  1.021533e+04 
5723  2.128289e+05  1.072486e+05  1.055803e+05 
5734  1.880843e+05  9.470996e+04  9.337434e+04 
5745  8.018316e+04  4.019458e+04  3.998857e+04 
5756  4.198042e+04  2.102737e+04  2.095305e+04 
5767  1.788248e+04  8.958096e+03  8.924383e+03 
5779  9.349859e+04  4.688485e+04  4.661374e+04 
5790  8.226368e+04  4.127531e+04  4.098837e+04 
5801  4.684231e+04  2.346374e+04  2.337857e+04 
5812  6.638690e+05  3.398147e+05  3.240543e+05 
5824  1.311912e+05  6.592080e+04  6.527041e+04 
5835  4.829714e+05  2.451914e+05  2.377800e+05 
5846  3.161170e+04  1.583027e+04  1.578143e+04 
5858  1.353292e+05  6.779395e+04  6.753530e+04 
5869  9.787972e+04  4.882112e+04  4.905859e+04 
5881  1.329923e+04  6.621560e+03  6.677671e+03 
5892  9.642781e+04  6.859612e+04  2.783170e+04 
5904  6.113356e+04  3.061441e+04  3.051915e+04 
5915  7.905401e+05  3.960201e+05  3.945201e+05 
5927  2.816568e+05  1.413663e+05  1.402905e+05 
5938  1.816809e+04  9.093744e+03  9.074345e+03 
5950  6.039926e+05  3.099431e+05  2.940496e+05 
5961  1.380063e+05  6.906833e+04  6.893797e+04 
5973  5.902204e+04  2.964595e+04  2.937608e+04 
5985  4.557164e+04  2.279193e+04  2.277971e+04 
5996  2.239458e+06  1.135860e+06  1.103598e+06 
6008  1.705267e+04  8.533968e+03  8.518703e+03 
6020  1.178321e+05  5.901254e+04  5.881955e+04 
6031  4.736596e+04  2.369956e+04  2.366641e+04 
6043  3.947770e+05  1.971265e+05  1.976505e+05 
6055  2.680763e+05  1.342459e+05  1.338304e+05 
6067  7.487947e+04  3.746140e+04  3.741807e+04 
6078  1.488482e+06  7.515802e+05  7.369016e+05 
6090  2.257743e+04  1.120895e+04  1.136848e+04 
6102  3.295752e+05  1.645582e+05  1.650170e+05 
6114  7.029184e+05  3.537535e+05  3.491649e+05 
6126  3.183343e+05  1.595451e+05  1.587892e+05 
6138  7.698739e+04  3.854698e+04  3.844042e+04 
6150  5.240777e+06  2.987070e+06  2.253708e+06 
6162  1.157845e+05  5.796207e+04  5.782244e+04 
6174  1.332457e+06  6.722033e+05  6.602539e+05 
6186  4.943688e+05  2.472510e+05  2.471178e+05 
6198  2.538315e+05  1.269405e+05  1.268910e+05 
6210  1.872953e+04  9.369366e+03  9.360164e+03 
6222  6.098513e+04  3.051511e+04  3.047002e+04 
6234  4.481013e+06  2.506319e+06  1.974694e+06 
6246  4.680688e+06  2.903138e+06  1.777550e+06 
6259  1.705601e+05  8.528287e+04  8.527723e+04 
6271  5.252531e+04  2.624946e+04  2.627585e+04 
6283  6.068684e+04  3.036274e+04  3.032410e+04 
6295  1.622271e+05  8.184616e+04  8.038097e+04 
6307  6.252191e+05  3.124545e+05  3.127646e+05 
6320  2.844076e+06  1.458090e+06  1.385986e+06 
6332  3.463239e+05  1.726960e+05  1.736280e+05 
6344  4.491048e+05  3.637031e+05  8.540179e+04 
6357  3.058943e+04  1.529517e+04  1.529426e+04 
6369  1.361840e+06  8.277340e+05  5.341056e+05 
6381  1.937599e+06  9.787018e+05  9.588974e+05 
6394  2.679604e+04  1.339873e+04  1.339731e+04 
6406  5.201984e+05  2.652728e+05  2.549256e+05 
6419  2.772218e+06  1.562439e+06  1.209779e+06 
6431  3.090573e+06  1.579631e+06  1.510942e+06 
6444  5.390665e+05  2.695384e+05  2.695281e+05 
6456  5.854124e+06  3.909239e+06  1.944885e+06 
6469  1.721539e+05  8.609537e+04  8.605852e+04 
6482  8.335812e+05  4.173556e+05  4.162256e+05 
6494  1.179358e+06  5.926799e+05  5.866777e+05 
6507  4.623632e+05  2.317198e+05  2.306434e+05 
6520  6.130354e+06  3.159150e+06  2.971204e+06 
6532  4.159782e+05  2.080188e+05  2.079595e+05 
6545  4.358686e+03  2.179360e+03  2.179326e+03 
6558  4.222542e+05  2.465905e+05  1.756637e+05 
6571  7.059777e+05  3.531331e+05  3.528446e+05 
6583  4.583348e+05  2.291908e+05  2.291440e+05 
6596  5.398179e+04  2.700873e+04  2.697306e+04 
6609  3.900394e+05  1.952366e+05  1.948027e+05 
6622  6.803584e+05  3.405558e+05  3.398027e+05 
6635  3.182340e+03  1.591170e+03  1.591170e+03 
6648  1.062829e+06  5.334101e+05  5.294190e+05 
6661  1.944216e+05  9.723051e+04  9.719107e+04 
6674  9.694361e+04  5.404412e+03  9.153920e+04 
6687  3.172900e+05  1.585675e+05  1.587225e+05 
6700  3.065489e+04  1.531892e+04  1.533597e+04 
6713  1.864031e+04  9.352635e+03  9.287675e+03 
6726  1.559275e+05  7.797005e+04  7.795742e+04 
6739  1.639620e+03  8.192982e+02  8.203223e+02 
6752  2.043257e+04  1.021593e+04  1.021663e+04 
6765  1.839484e+05  9.186574e+04  9.208262e+04 
6778  2.928821e+04  1.464502e+04  1.464319e+04 
6792  3.128037e+04  1.563935e+04  1.564102e+04 
6805  5.141320e+04  2.570041e+04  2.571279e+04 
6818  2.769952e+05  1.385073e+05  1.384879e+05 
6831  1.233671e+05  6.160673e+04  6.176035e+04 
6845  4.687875e+03  2.343992e+03  2.343884e+03 
6858  5.674137e+05  2.837405e+05  2.836732e+05 
6871  2.468941e+05  1.233897e+05  1.235044e+05 
6885  2.521204e+04  1.261223e+04  1.259981e+04 
6898  3.343083e+03  1.671583e+03  1.671499e+03 
6912  3.161871e+05  1.580710e+05  1.581161e+05 
6925  1.450786e+05  7.239422e+04  7.268437e+04 
6938  3.145629e+04  1.572818e+04  1.572811e+04 
6952  8.395973e+04  4.201299e+04  4.194675e+04 
6966  2.062502e+04  1.031486e+04  1.031016e+04 
6979  4.286741e+04  2.142835e+04  2.143906e+04 
6993  8.431978e+04  4.216676e+04  4.215302e+04 
