1000.00   1.8811e-16
1002.00   1.5679e-16
1004.00   1.4588e-16
1006.00   1.0930e-16
1008.00   6.5107e-17
1010.00   1.0665e-16
1012.00   4.5987e-17
1014.00   1.3595e-16
1016.00   5.5430e-17
1018.00   8.4440e-17
1020.00   1.0971e-16
1022.00   1.1382e-16
1024.00   2.9786e-17
1026.00   7.5426e-18
1028.00   6.3105e-17
1030.00   1.2316e-16
1032.00   2.1827e-16
1034.00   1.7237e-16
1036.00   3.2705e-16
1038.00   6.9127e-17
1040.00   5.9506e-17
1042.00   1.9601e-16
1044.00   1.1324e-16
1046.00   2.1815e-16
1048.00   2.8422e-17
1050.00   1.0832e-16
1052.00   1.0029e-16
1054.00   1.8753e-16
1056.00   4.1620e-16
1058.00   2.8862e-16
1060.00   4.5241e-16
1062.00   4.9023e-16
1064.00   9.0104e-16
1066.00   3.8164e-16
1068.00   1.0296e-15
1070.00   5.1320e-16
1072.00   7.4894e-16
1074.00   2.0854e-15
1076.00   1.8045e-15
1078.00   5.2789e-16
1080.00   1.9215e-16
1082.00   4.2480e-16
1084.00   5.4138e-16
1086.00   3.9596e-16
1088.00   6.1063e-16
1090.00   7.2082e-16
1092.00   5.2416e-16
1094.00   9.5657e-16
1096.00   7.4091e-16
1098.00   9.6838e-16
1100.00   1.2569e-15
1102.00   3.9373e-16
1104.00   2.9878e-16
1106.00   5.6454e-16
1108.00   8.8241e-16
1110.00   8.5211e-16
1112.00   1.0299e-15
1114.00   1.6252e-15
1116.00   9.4058e-16
1118.00   1.7378e-16
1120.00   2.4368e-16
1122.00   7.6223e-16
1124.00   4.8403e-16
1126.00   1.4465e-15
1128.00   1.1515e-15
1130.00   6.7133e-16
1132.00   8.8280e-16
1134.00   1.2943e-15
1136.00   5.6472e-16
1138.00   4.8135e-16
1140.00   8.0194e-16
1142.00   7.4420e-16
1144.00   2.7629e-15
1146.00   2.1193e-15
1148.00   3.4354e-15
1150.00   1.9989e-15
1152.00   1.4271e-15
1154.00   1.8058e-15
1156.00   6.3989e-16
1158.00   1.4455e-15
1160.00   1.9928e-15
1162.00   1.0014e-15
1164.00   8.4961e-16
1166.00   1.5213e-15
1168.00   1.0092e-15
1170.00   1.5489e-15
1172.00   1.3578e-15
1174.00   1.8284e-15
1176.00   1.2559e-15
1178.00   5.9077e-16
1180.00   4.0194e-16
1182.00   8.5954e-16
1184.00   1.2000e-15
1186.00   8.0637e-16
1188.00   1.7324e-15
1190.00   5.3255e-16
1192.00   1.7232e-15
1194.00   7.6188e-16
1196.00   9.0895e-16
1198.00   4.1816e-15
1200.00   4.2091e-15
1202.00   1.7857e-15
1204.00   2.1681e-16
1206.00   2.9704e-16
1208.00   6.0538e-16
1210.00   1.2790e-15
1212.00   5.3834e-16
1214.00   2.6670e-16
1216.00   4.7967e-16
1218.00   4.8399e-16
1220.00   2.3899e-15
1222.00   5.6756e-17
1224.00   3.4678e-16
1226.00   2.5641e-16
1228.00   5.2855e-16
1230.00   1.1324e-16
1232.00   6.4692e-16
1234.00   6.6655e-16
1236.00   3.6164e-16
1238.00   7.1169e-16
1240.00   5.7520e-16
1242.00   9.0149e-16
1244.00   4.9413e-16
1246.00   3.4133e-16
1248.00   4.7874e-16
1250.00   2.4542e-16
1252.00   6.1682e-16
1254.00   4.3892e-16
1256.00   7.2251e-16
1258.00   1.7374e-15
1260.00   5.8493e-16
1262.00   1.2706e-15
1264.00   5.6035e-15
1266.00   1.3244e-14
1268.00   4.7006e-16
1270.00   1.1996e-15
1272.00   2.3879e-15
1274.00   7.3747e-16
1276.00   8.5793e-16
1278.00   4.7791e-16
1280.00   8.5113e-16
1282.00   3.6287e-16
1284.00   5.8405e-16
1286.00   5.9371e-16
1288.00   2.7374e-15
1290.00   1.5708e-15
1292.00   2.7554e-15
1294.00   9.3229e-16
1296.00   1.9070e-15
1298.00   5.5037e-16
1300.00   1.5557e-15
1302.00   7.4803e-16
1304.00   9.3823e-16
1306.00   7.3743e-16
1308.00   5.4526e-16
1310.00   3.2678e-16
1312.00   3.3476e-16
1314.00   7.6225e-16
1316.00   5.7374e-16
1318.00   9.0088e-16
1320.00   9.0729e-16
1322.00   7.8046e-16
1324.00   1.1439e-15
1326.00   4.2440e-16
1328.00   9.0834e-16
1330.00   7.8081e-16
1332.00   8.3340e-16
1334.00   3.6977e-16
1336.00   2.4880e-16
1338.00   3.8440e-16
1340.00   1.7198e-15
1342.00   9.2642e-16
1344.00   3.5339e-16
1346.00   1.6466e-15
1348.00   1.0762e-16
1350.00   3.8698e-16
1352.00   7.6000e-16
1354.00   1.5347e-15
1356.00   7.5157e-16
1358.00   5.5424e-16
1360.00   1.3778e-15
1362.00   1.6046e-15
1364.00   8.9622e-16
1366.00   2.1315e-15
1368.00   7.0817e-16
1370.00   5.8992e-16
1372.00   1.3369e-15
1374.00   2.2189e-15
1376.00   1.0594e-15
1378.00   1.6030e-15
1380.00   1.0250e-15
1382.00   1.3895e-15
1384.00   1.0918e-15
1386.00   7.3193e-16
1388.00   1.4190e-15
1390.00   2.1781e-16
1392.00   9.2841e-16
1394.00   1.1634e-15
1396.00   9.2504e-16
1398.00   7.9179e-16
1400.00   2.1841e-15
1402.00   1.4679e-15
1404.00   1.2231e-15
1406.00   4.5386e-16
1408.00   4.8151e-16
1410.00   7.2322e-16
1412.00   4.7484e-16
1414.00   8.5702e-16
1416.00   1.9243e-15
1418.00   1.5061e-15
1420.00   6.3002e-16
1422.00   2.9784e-16
1424.00   7.0459e-16
1426.00   3.1747e-16
1428.00   9.7969e-16
1430.00   1.0062e-15
1432.00   9.0892e-16
1434.00   4.2536e-16
1436.00   8.1392e-16
1438.00   1.0904e-15
1440.00   9.6630e-16
1442.00   1.3361e-15
1444.00   7.6523e-16
1446.00   6.3583e-16
1448.00   7.4791e-16
1450.00   4.2754e-16
1452.00   1.3349e-15
1454.00   1.3784e-15
1456.00   4.9315e-16
1458.00   3.0648e-16
1460.00   8.2408e-16
1462.00   6.2868e-16
1464.00   7.9294e-16
1466.00   7.7703e-16
1468.00   7.8644e-16
1470.00   4.2524e-16
1472.00   1.1018e-15
1474.00   2.0858e-15
1476.00   4.1167e-16
1478.00   1.6173e-15
1480.00   8.0227e-16
1482.00   1.4041e-16
1484.00   1.3893e-15
1486.00   1.0514e-15
1488.00   6.7578e-16
1490.00   1.3143e-15
1492.00   1.0569e-15
1494.00   6.1605e-16
1496.00   5.9900e-16
1498.00   1.5128e-16
1500.00   2.1720e-16
1502.00   5.1384e-16
1504.00   5.5419e-16
1506.00   8.6443e-16
1508.00   1.1250e-15
1510.00   1.6289e-16
1512.00   9.1006e-16
1514.00   5.0002e-16
1516.00   2.6357e-16
1518.00   8.2694e-17
1520.00   4.9125e-16
1522.00   6.9743e-16
1524.00   4.2937e-16
1526.00   4.1484e-16
1528.00   6.0337e-16
1530.00   5.8790e-17
1532.00   3.1521e-16
1534.00   1.2884e-15
1536.00   2.0156e-16
1538.00   2.5097e-16
1540.00   8.3437e-16
1542.00   3.6236e-16
1544.00   2.0575e-16
1546.00   5.2355e-16
1548.00   7.2629e-16
1550.00   5.8613e-16
1552.00   7.9591e-16
1554.00   3.5642e-16
1556.00   6.7339e-16
1558.00   1.8877e-16
1560.00   3.7566e-16
1562.00   3.1859e-16
1564.00   2.8782e-16
1566.00   2.4427e-16
1568.00   1.6879e-16
1570.00   5.1416e-16
1572.00   7.6995e-16
1574.00   8.1860e-16
1576.00   9.7485e-17
1578.00   9.0456e-16
1580.00   8.6840e-16
1582.00   4.7392e-16
1584.00   1.6882e-16
1586.00   5.7441e-16
1588.00   5.0406e-16
1590.00   1.4136e-16
1592.00   2.6448e-16
1594.00   9.5539e-16
1596.00   2.3476e-16
1598.00   2.9664e-16
1600.00   4.6733e-16
1602.00   4.7253e-16
1604.00   1.6467e-16
1606.00   7.2917e-16
1608.00   4.1082e-16
1610.00   2.0467e-16
1612.00   1.2674e-16
1614.00   2.9922e-16
1616.00   4.6735e-17
1618.00   4.3546e-16
1620.00   2.0515e-16
1622.00   5.7698e-16
1624.00   3.1953e-16
1626.00   7.9265e-16
1628.00   6.3147e-16
1630.00   1.1494e-15
1632.00   6.1985e-16
1634.00   7.4355e-16
1636.00   1.3931e-15
1638.00   4.2797e-16
1640.00   2.8444e-15
1642.00   1.1931e-15
1644.00   6.3747e-16
1646.00   5.4811e-16
1648.00   3.5328e-16
1650.00   8.9422e-16
1652.00   1.1791e-16
1654.00   7.5739e-16
1656.00   7.5798e-16
1658.00   6.8467e-16
1660.00   1.7882e-16
1662.00   2.5204e-16
1664.00   2.0968e-16
1666.00   1.3806e-16
1668.00   1.7282e-16
1670.00   3.7694e-16
1672.00   1.6588e-16
1674.00   7.6370e-16
1676.00   1.3596e-15
1678.00   1.6486e-16
1680.00   6.9956e-16
1682.00   1.3027e-15
1684.00   2.6451e-16
1686.00   2.0942e-16
1688.00   1.1113e-15
1690.00   6.4168e-16
1692.00   1.2761e-16
1694.00   3.6399e-16
1696.00   1.2540e-16
1698.00   3.2420e-16
1700.00   1.8706e-16
1702.00   5.5498e-16
1704.00   3.4735e-16
1706.00   1.3943e-16
1708.00   3.9029e-16
1710.00   9.9521e-16
1712.00   2.9256e-16
1714.00   3.8666e-16
1716.00   8.1545e-16
1718.00   5.0421e-16
1720.00   4.0234e-16
1722.00   4.7667e-16
1724.00   1.4672e-15
1726.00   6.3316e-16
1728.00   1.7479e-16
1730.00   6.6606e-17
1732.00   5.1076e-16
1734.00   1.9393e-16
1736.00   7.6511e-17
1738.00   3.4829e-16
1740.00   4.5277e-17
1742.00   2.3624e-16
1744.00   3.0994e-17
1746.00   3.3628e-16
1748.00   4.1663e-16
1750.00   7.1351e-16
1752.00   3.9607e-17
1754.00   3.0766e-17
1756.00   3.4455e-17
1758.00   1.8747e-16
1760.00   3.0342e-16
1762.00   6.1267e-16
1764.00   2.1742e-16
1766.00   1.0428e-16
1768.00   4.2317e-16
1770.00   2.0744e-16
1772.00   1.2288e-16
1774.00   8.4884e-16
1776.00   2.1433e-16
1778.00   2.5160e-16
1780.00   1.0042e-16
1782.00   3.2902e-16
1784.00   1.6247e-16
1786.00   2.5022e-15
1788.00   1.3511e-15
1790.00   3.7381e-16
1792.00   4.0371e-16
1794.00   8.3680e-16
1796.00   3.3956e-16
1798.00   7.8529e-16
1800.00   2.3107e-17
1802.00   1.5281e-16
1804.00   5.3967e-16
1806.00   4.4257e-16
1808.00   2.9519e-16
1810.00   2.8082e-16
1812.00   2.5543e-16
1814.00   9.9420e-17
1816.00   3.4943e-16
1818.00   2.0757e-16
1820.00   4.5199e-17
1822.00   1.6002e-16
1824.00   4.0320e-16
1826.00   2.8391e-16
1828.00   4.8835e-16
1830.00   1.9133e-16
1832.00   2.6644e-16
1834.00   2.9062e-16
1836.00   4.3507e-16
1838.00   1.5022e-18
1840.00   5.2748e-16
1842.00   1.8599e-16
1844.00   5.1004e-16
1846.00   1.6295e-16
1848.00   2.9150e-16
1850.00   1.1270e-16
1852.00   4.2273e-16
1854.00   2.0598e-16
1856.00   1.4690e-16
1858.00   8.4069e-17
1860.00   1.8905e-16
1862.00   6.3217e-16
1864.00   2.9801e-16
1866.00   2.0076e-16
1868.00   1.8817e-16
1870.00   3.5178e-16
1872.00   2.0499e-16
1874.00   1.2217e-16
1876.00   2.5339e-16
1878.00   3.4020e-16
1880.00   3.4713e-16
1882.00   1.9456e-16
1884.00   9.2468e-16
1886.00   2.8704e-16
1888.00   6.9220e-16
1890.00   1.6330e-16
1892.00   1.3811e-16
1894.00   9.2907e-17
1896.00   2.4926e-16
1898.00   2.4917e-16
1900.00   6.3487e-16
1902.00   6.7123e-16
1904.00   4.8740e-16
1906.00   4.0089e-16
1908.00   8.5299e-17
1910.00   3.3020e-16
1912.00   3.5591e-16
1914.00   7.6999e-17
1916.00   2.9685e-16
1918.00   4.8070e-16
1920.00   4.1382e-16
1922.00   1.2590e-16
1924.00   4.2012e-17
1926.00   7.4964e-16
1928.00   4.0496e-16
1930.00   2.1970e-16
1932.00   2.3721e-16
1934.00   1.9884e-16
1936.00   3.3033e-16
1938.00   5.3324e-17
1940.00   4.3996e-16
1942.00   1.5712e-16
1944.00   5.1490e-16
1946.00   3.2678e-16
1948.00   8.0169e-16
1950.00   1.0044e-16
1952.00   3.4502e-16
1954.00   1.3793e-16
1956.00   5.0574e-16
1958.00   2.9978e-15
1960.00   2.7130e-17
1962.00   3.6056e-16
1964.00   2.6658e-16
1966.00   2.5000e-15
1968.00   7.6152e-16
1970.00   2.5490e-15
1972.00   3.4885e-16
1974.00   2.8647e-15
1976.00   3.7896e-15
1978.00   2.6784e-16
1980.00   8.8417e-17
1982.00   1.5044e-17
1984.00   3.4753e-16
1986.00   5.4971e-16
1988.00   1.4099e-16
1990.00   2.9003e-16
1992.00   1.8000e-16
1994.00   4.9752e-16
1996.00   3.3898e-16
1998.00   1.4656e-16
2000.00   8.2836e-16
2002.00   5.4285e-17
2004.00   3.3373e-16
2006.00   2.2355e-16
2008.00   7.7495e-16
2010.00   3.8272e-16
2012.00   2.8022e-16
2014.00   5.6970e-16
2016.00   8.8628e-16
2018.00   3.5906e-16
2020.00   3.5094e-16
2022.00   6.5979e-17
2024.00   5.4756e-16
2026.00   2.2635e-16
2028.00   2.9927e-16
2030.00   7.6637e-16
2032.00   5.5541e-16
2034.00   3.5019e-16
2036.00   1.9305e-16
2038.00   1.5780e-16
2040.00   4.6229e-16
2042.00   1.4517e-17
2044.00   4.1701e-16
2046.00   3.5501e-17
2048.00   3.2990e-16
2050.00   3.3411e-17
2052.00   2.3190e-16
2054.00   1.5624e-16
2056.00   2.9486e-16
2058.00   3.2487e-16
2060.00   3.9146e-17
2062.00   3.7073e-16
2064.00   2.9671e-16
2066.00   3.0066e-16
2068.00   4.7922e-16
2070.00   8.5007e-16
2072.00   4.5007e-16
2074.00   3.8134e-16
2076.00   1.7488e-16
2078.00   7.9194e-16
2080.00   2.7148e-16
2082.00   1.8926e-16
2084.00   1.7291e-16
2086.00   1.8560e-16
2088.00   3.4435e-16
2090.00   1.9915e-17
2092.00   1.8501e-16
2094.00   4.0227e-16
2096.00   2.0520e-16
2098.00   1.9966e-16
2100.00   2.7249e-16
2102.00   5.1467e-16
2104.00   1.9366e-17
2106.00   8.7142e-16
2108.00   5.1713e-16
2110.00   7.8000e-16
2112.00   6.3310e-17
2114.00   3.5749e-16
2116.00   1.6065e-15
2118.00   1.7851e-16
2120.00   1.8186e-16
2122.00   1.7079e-16
2124.00   2.5870e-17
2126.00   3.0264e-16
2128.00   3.8822e-16
2130.00   4.6007e-16
2132.00   4.7508e-16
2134.00   2.9228e-16
2136.00   2.0516e-16
2138.00   4.9623e-16
2140.00   2.0352e-16
2142.00   7.1269e-16
2144.00   1.1764e-16
2146.00   2.8358e-16
2148.00   2.7280e-16
2150.00   3.8690e-16
2152.00   3.7336e-16
2154.00   1.5530e-16
2156.00   2.7458e-16
2158.00   3.6064e-16
2160.00   3.9933e-16
2162.00   4.6792e-16
2164.00   3.4856e-16
2166.00   3.9140e-16
2168.00   6.1487e-16
2170.00   2.5493e-16
2172.00   1.1830e-16
2174.00   7.5418e-16
2176.00   2.6488e-16
2178.00   3.2688e-16
2180.00   2.0105e-16
2182.00   1.1915e-16
2184.00   7.1618e-16
2186.00   1.1216e-16
2188.00   5.6334e-16
2190.00   2.4057e-16
2192.00   4.4142e-17
2194.00   2.1481e-16
2196.00   1.3509e-16
2198.00   1.3293e-16
2200.00   1.8101e-17
2202.00   2.7563e-16
2204.00   3.4423e-16
2206.00   3.4873e-16
2208.00   1.2009e-16
2210.00   3.7997e-16
2212.00   3.6142e-16
2214.00   5.1764e-16
2216.00   3.0839e-16
2218.00   2.6439e-16
2220.00   3.5574e-16
2222.00   4.2835e-16
2224.00   7.1107e-16
2226.00   3.3896e-16
2228.00   6.0590e-16
2230.00   3.3611e-16
2232.00   5.5512e-16
2234.00   6.3740e-16
2236.00   5.6857e-16
2238.00   5.8305e-16
2240.00   4.2508e-16
2242.00   6.7999e-16
2244.00   7.4402e-16
2246.00   6.9500e-16
2248.00   1.3264e-16
2250.00   9.0830e-16
2252.00   2.6430e-16
2254.00   9.2076e-16
2256.00   8.7927e-16
2258.00   3.4016e-16
2260.00   9.0318e-16
2262.00   3.6515e-16
2264.00   6.1203e-16
2266.00   1.1148e-15
2268.00   7.5131e-16
2270.00   7.6701e-16
2272.00   8.3677e-16
2274.00   8.6803e-16
2276.00   1.0812e-15
2278.00   7.5399e-16
2280.00   8.0883e-16
2282.00   3.1417e-16
2284.00   5.4953e-16
2286.00   4.3963e-16
2288.00   5.3086e-16
2290.00   2.8872e-16
2292.00   2.6403e-16
2294.00   1.2371e-15
2296.00   4.2147e-16
2298.00   3.9323e-16
2300.00   2.3015e-16
2302.00   2.5250e-16
2304.00   5.8230e-16
2306.00   5.6206e-16
2308.00   1.9041e-15
2310.00   3.9949e-16
2312.00   1.0227e-15
2314.00   1.1744e-15
2316.00   6.9329e-17
2318.00   8.4929e-16
2320.00   5.7131e-19
2322.00   5.2562e-16
2324.00   2.5772e-16
2326.00   1.1415e-15
2328.00   1.1140e-15
2330.00   6.9398e-16
2332.00   1.9843e-15
2334.00   1.6530e-17
2336.00   5.1432e-17
2338.00   1.0232e-15
2340.00   9.9399e-16
2342.00   2.0861e-16
2344.00   1.8883e-15
2346.00   1.0511e-15
2348.00   2.6716e-15
2350.00   6.9039e-18
2352.00   1.0029e-15
2354.00   5.0894e-16
2356.00   1.0091e-15
2358.00   3.8664e-16
2360.00   3.6779e-15
2362.00   1.1269e-15
2364.00   2.0753e-15
2366.00   1.8338e-15
2368.00   9.2936e-16
2370.00   9.6630e-16
2372.00   6.0734e-16
2374.00   1.5261e-15
2376.00   7.1978e-16
2378.00   1.7681e-16
2380.00   2.5451e-15
2382.00   4.0866e-15
2384.00   1.5791e-15
2386.00   1.0997e-15
2388.00   2.7365e-15
2390.00   3.7656e-16
2392.00   1.1046e-15
2394.00   7.9215e-16
2396.00   8.2131e-15
2398.00   1.5378e-16
2400.00   2.9113e-15
2402.00   1.0687e-15
2404.00   3.2364e-15
2406.00   2.1490e-15
2408.00   1.3853e-15
2410.00   2.4830e-15
2412.00   1.6240e-15
2414.00   2.1419e-15
2416.00   9.8773e-16
2418.00   1.2166e-15
2420.00   3.4480e-16
2422.00   7.5856e-16
2424.00   1.9320e-15
2426.00   9.6229e-16
2428.00   1.7096e-15
2430.00   3.7780e-15
2432.00   3.8050e-15
2434.00   2.0417e-15
2436.00   1.0697e-15
2438.00   6.4257e-16
2440.00   1.1710e-15
2442.00   6.2283e-16
2444.00   3.8519e-16
2446.00   1.9354e-15
2448.00   4.5958e-15
2450.00   1.1215e-15
2452.00   6.7703e-16
2454.00   9.7677e-16
2456.00   1.3578e-15
2458.00   1.5029e-15
2460.00   1.4239e-15
2462.00   1.6237e-15
2464.00   2.1940e-15
2466.00   1.7224e-15
2468.00   8.5450e-16
2470.00   2.1849e-15
2472.00   1.2017e-15
2474.00   2.1531e-15
2476.00   8.5078e-16
2478.00   8.4891e-16
2480.00   8.6893e-16
2482.00   1.5664e-15
2484.00   1.1568e-15
2486.00   7.4541e-16
2488.00   1.0021e-15
2490.00   1.4513e-15
2492.00   6.6600e-16
2494.00   8.9189e-16
2496.00   4.4639e-16
2498.00   1.2372e-15
2500.00   5.3281e-16
2502.00   7.0495e-16
2504.00   1.0171e-15
2506.00   1.5950e-15
2508.00   9.8594e-16
2510.00   1.1595e-15
2512.00   1.6029e-15
2514.00   1.1901e-15
2516.00   5.9865e-16
2518.00   5.8873e-16
2520.00   1.6942e-15
2522.00   1.4820e-15
2524.00   2.7490e-16
2526.00   2.3609e-15
2528.00   6.0864e-16
2530.00   1.2572e-15
2532.00   4.1498e-16
2534.00   2.7908e-16
2536.00   8.9053e-16
2538.00   2.0282e-15
2540.00   1.3754e-15
2542.00   1.3786e-15
2544.00   6.7413e-16
2546.00   8.6351e-16
2548.00   8.2074e-16
2550.00   1.4568e-15
2552.00   6.0520e-16
2554.00   6.7402e-16
2556.00   7.0636e-16
2558.00   5.4082e-16
2560.00   1.3296e-15
2562.00   1.5558e-15
2564.00   7.6826e-16
2566.00   1.6745e-15
2568.00   6.5044e-16
2570.00   7.0619e-16
2572.00   1.0008e-15
2574.00   6.7076e-16
2576.00   4.5398e-16
2578.00   7.5529e-16
2580.00   1.7452e-16
2582.00   1.6101e-15
2584.00   5.4705e-16
2586.00   1.5034e-15
2588.00   1.1559e-15
2590.00   3.5517e-16
2592.00   9.5225e-16
2594.00   2.4925e-16
2596.00   2.5616e-16
2598.00   5.2125e-15
2600.00   2.6180e-15
2602.00   1.1979e-17
2604.00   5.2561e-16
2606.00   1.5877e-15
2608.00   3.7240e-15
2610.00   1.0647e-15
2612.00   7.4615e-15
2614.00   3.0758e-15
2616.00   9.9175e-18
2618.00   3.0260e-15
2620.00   1.9249e-15
2622.00   1.4395e-15
2624.00   7.4095e-16
2626.00   1.3446e-14
2628.00   2.9696e-15
2630.00   9.4073e-16
2632.00   9.4511e-15
2634.00   6.1924e-16
2636.00   5.2964e-16
2638.00   4.2871e-16
2640.00   3.1726e-16
2642.00   6.4064e-16
2644.00   3.9643e-16
2646.00   4.3883e-16
2648.00   3.8263e-17
2650.00   6.4802e-16
2652.00   7.3218e-16
2654.00   3.6521e-16
2656.00   3.1405e-17
2658.00   3.5638e-16
2660.00   2.6127e-16
2662.00   2.4240e-17
2664.00   5.0044e-16
2666.00   5.7450e-16
2668.00   1.3459e-16
2670.00   6.1889e-16
2672.00   9.9250e-17
2674.00   5.3245e-18
2676.00   1.9004e-16
2678.00   4.1837e-16
2680.00   1.2105e-16
2682.00   6.1510e-16
2684.00   9.2075e-16
2686.00   3.4131e-16
2688.00   1.5119e-17
2690.00   2.1558e-16
2692.00   1.2508e-15
2694.00   3.3520e-16
2696.00   4.1552e-17
2698.00   7.1713e-16
2700.00   4.5109e-16
2702.00   1.2965e-17
2704.00   6.7982e-16
2706.00   9.0105e-16
2708.00   4.3726e-16
2710.00   1.1476e-15
2712.00   5.1450e-16
2714.00   7.6452e-16
2716.00   1.9483e-15
2718.00   1.4106e-15
2720.00   3.2364e-16
2722.00   8.8539e-16
2724.00   1.2049e-15
2726.00   1.1224e-16
2728.00   7.8066e-16
2730.00   1.1589e-15
2732.00   3.3244e-15
2734.00   1.6364e-16
2736.00   9.3512e-16
2738.00   7.0252e-16
2740.00   1.4890e-15
2742.00   3.1382e-16
2744.00   1.2420e-15
2746.00   2.1110e-15
2748.00   3.0204e-16
2750.00   2.6882e-15
2752.00   8.5949e-16
2754.00   1.0822e-15
2756.00   3.5649e-15
2758.00   3.5716e-16
2760.00   1.1485e-15
2762.00   1.2895e-15
2764.00   4.7764e-16
2766.00   1.2211e-18
2768.00   2.0426e-15
2770.00   5.8214e-16
2772.00   1.6289e-15
2774.00   1.0436e-15
2776.00   1.3262e-15
2778.00   3.8956e-16
2780.00   5.0156e-16
2782.00   4.4314e-16
2784.00   4.6025e-16
2786.00   9.1720e-16
2788.00   4.8804e-16
2790.00   1.4852e-16
2792.00   2.1991e-16
2794.00   3.6008e-16
2796.00   1.0231e-16
2798.00   1.1694e-16
2800.00   7.7105e-16
2802.00   1.2461e-18
2804.00   3.8993e-16
2806.00   4.3299e-16
2808.00   4.4807e-17
2810.00   1.1798e-16
2812.00   2.5913e-16
2814.00   3.4183e-16
2816.00   1.6234e-17
2818.00   1.6803e-16
2820.00   1.7983e-15
2822.00   2.8557e-16
2824.00   2.4164e-15
2826.00   5.6483e-16
2828.00   7.0101e-16
2830.00   2.9786e-16
2832.00   1.9819e-15
2834.00   5.7428e-16
2836.00   7.0113e-16
2838.00   7.7194e-16
2840.00   4.2750e-15
2842.00   2.6496e-16
2844.00   1.3642e-15
2846.00   2.7412e-15
2848.00   3.2794e-15
2850.00   6.0322e-16
2852.00   1.5637e-15
2854.00   2.5635e-16
2856.00   2.0278e-15
2858.00   1.7023e-15
2860.00   1.1812e-16
2862.00   3.5741e-16
2864.00   7.1124e-16
2866.00   1.3134e-15
2868.00   1.1977e-15
2870.00   1.4011e-15
2872.00   1.1354e-15
2874.00   1.8893e-16
2876.00   6.6092e-17
2878.00   1.4101e-16
2880.00   8.6491e-16
2882.00   9.9837e-16
2884.00   6.0217e-16
2886.00   7.3705e-16
2888.00   6.0603e-16
2890.00   4.6059e-16
2892.00   5.0556e-16
2894.00   2.1062e-16
2896.00   5.2071e-16
2898.00   5.6564e-16
2900.00   9.1348e-18
2902.00   5.6435e-16
2904.00   5.9592e-18
2906.00   3.7664e-16
2908.00   5.5192e-16
2910.00   2.5648e-16
2912.00   1.4968e-17
2914.00   1.5183e-17
2916.00   5.7431e-16
2918.00   6.5761e-16
2920.00   1.9274e-16
2922.00   7.4549e-17
2924.00   1.2951e-16
2926.00   1.6590e-15
2928.00   2.0567e-18
2930.00   1.6838e-16
2932.00   5.6867e-17
2934.00   2.6327e-16
2936.00   1.3142e-16
2938.00   4.7912e-17
2940.00   6.6904e-16
2942.00   3.2905e-18
2944.00   4.7015e-16
2946.00   6.4170e-16
2948.00   5.1621e-16
2950.00   3.6795e-16
2952.00   1.0444e-16
2954.00   8.0454e-16
2956.00   1.2641e-17
2958.00   1.8356e-17
2960.00   4.5848e-16
2962.00   4.7165e-16
2964.00   4.1476e-16
2966.00   7.5531e-16
2968.00   7.6170e-17
2970.00   1.2608e-15
2972.00   3.0488e-16
2974.00   3.2934e-17
2976.00   7.0050e-16
2978.00   2.5804e-17
2980.00   1.0700e-15
2982.00   1.7669e-16
2984.00   1.1251e-15
2986.00   8.2075e-16
2988.00   2.2465e-17
2990.00   1.4496e-17
2992.00   9.1395e-17
2994.00   1.5386e-16
2996.00   1.9891e-17
2998.00   2.7066e-16
3000.00   1.3181e-16
3002.00   1.1279e-15
3004.00   2.3605e-17
3006.00   6.2919e-18
3008.00   2.9061e-18
3010.00   7.6512e-16
3012.00   5.7414e-18
3014.00   4.0880e-16
3016.00   4.8238e-16
3018.00   2.7937e-16
3020.00   1.9867e-16
3022.00   9.7262e-17
3024.00   3.2168e-16
3026.00   8.5722e-17
3028.00   3.8191e-17
3030.00   2.0550e-16
3032.00   7.5675e-18
3034.00   2.4919e-16
3036.00   4.8707e-16
3038.00   1.3452e-16
3040.00   4.8993e-17
3042.00   1.3051e-17
3044.00   4.5541e-16
3046.00   1.3022e-16
3048.00   9.6252e-16
3050.00   1.8762e-16
3052.00   1.1826e-17
3054.00   2.9400e-18
3056.00   9.1205e-16
3058.00   2.7303e-17
3060.00   1.3155e-18
3062.00   1.8540e-16
3064.00   3.8170e-19
3066.00   3.7970e-16
3068.00   2.5250e-16
3070.00   3.4052e-16
3072.00   7.0503e-16
3074.00   1.0860e-17
3076.00   1.2187e-15
3078.00   1.2763e-15
3080.00   2.6219e-16
3082.00   1.8761e-17
3084.00   2.1759e-16
3086.00   4.6721e-19
3088.00   8.1815e-19
3090.00   1.8017e-16
3092.00   5.7235e-19
3094.00   2.4981e-19
3096.00   3.4502e-16
3098.00   2.5378e-17
3100.00   2.4466e-19
3102.00   1.6781e-16
3104.00   5.0175e-18
3106.00   4.4266e-16
3108.00   1.4945e-17
3110.00   9.6325e-19
3112.00   1.2890e-19
3114.00   1.9438e-16
3116.00   2.0980e-16
3118.00   6.6368e-18
3120.00   3.4812e-17
3122.00   6.5940e-18
3124.00   1.7751e-19
3126.00   7.8587e-18
3128.00   7.8172e-19
3130.00   3.3134e-17
3132.00   2.1198e-16
3134.00   1.2063e-17
3136.00   6.7750e-17
3138.00   8.5685e-18
3140.00   1.5257e-17
3142.00   5.7089e-16
3144.00   5.0942e-17
3146.00   2.0950e-16
3148.00   1.0801e-19
3150.00   2.1804e-18
3152.00   9.7687e-18
3154.00   3.3580e-18
3156.00   1.2822e-16
3158.00   2.3772e-16
3160.00   1.6296e-17
3162.00   8.9186e-16
3164.00   1.1837e-15
3166.00   6.5936e-16
3168.00   5.1647e-18
3170.00   3.6002e-16
3172.00   1.0200e-19
3174.00   1.1252e-18
3176.00   4.1985e-17
3178.00   8.2228e-16
3180.00   8.3994e-18
3182.00   4.0053e-19
3184.00   7.5572e-16
3186.00   1.0723e-15
3188.00   3.1495e-16
3190.00   2.4238e-16
3192.00   7.8363e-16
3194.00   4.7555e-16
3196.00   9.5648e-16
3198.00   6.0375e-18
3200.00   3.1829e-18
3202.00   8.0552e-19
3204.00   2.3574e-16
3206.00   2.7901e-19
3208.00   3.7068e-18
3210.00   7.9668e-16
3212.00   8.2602e-17
3214.00   5.6930e-16
3216.00   7.6039e-18
3218.00   2.2805e-18
3220.00   9.6515e-18
3222.00   8.9235e-18
3224.00   1.1003e-16
3226.00   3.0480e-17
3228.00   7.1153e-16
3230.00   2.4794e-16
3232.00   3.7541e-16
3234.00   3.1470e-16
3236.00   2.1033e-18
3238.00   3.9171e-16
3240.00   7.1042e-18
3242.00   3.1064e-19
3244.00   4.0013e-16
3246.00   9.9498e-18
3248.00   5.4510e-16
3250.00   5.0892e-16
3252.00   3.0417e-16
3254.00   1.4643e-17
3256.00   1.8390e-15
3258.00   6.6605e-16
3260.00   3.7158e-16
3262.00   3.0010e-17
3264.00   5.6296e-16
3266.00   1.9124e-17
3268.00   1.9988e-16
3270.00   7.5259e-17
3272.00   3.8409e-19
3274.00   2.3281e-17
3276.00   4.1275e-17
3278.00   4.3950e-15
3280.00   1.8936e-17
3282.00   1.2802e-15
3284.00   3.8262e-17
3286.00   7.8217e-16
3288.00   2.2668e-17
3290.00   1.7474e-16
3292.00   2.6471e-17
3294.00   1.5916e-19
3296.00   1.1252e-15
3298.00   3.4738e-16
3300.00   2.3052e-17
3302.00   8.7675e-16
3304.00   6.7853e-16
3306.00   4.9881e-16
3308.00   1.7234e-20
3310.00   7.1921e-17
3312.00   5.0789e-16
3314.00   4.5339e-16
3316.00   6.4758e-18
3318.00   1.2660e-17
3320.00   3.1267e-17
3322.00   1.6638e-16
3324.00   8.7605e-17
3326.00   4.0073e-17
3328.00   1.6735e-16
3330.00   2.4227e-17
3332.00   9.3478e-19
3334.00   2.0758e-18
3336.00   2.2929e-16
3338.00   2.0921e-16
3340.00   5.3138e-19
3342.00   1.6339e-17
3344.00   1.3711e-18
3346.00   7.7494e-20
3348.00   7.2665e-19
3350.00   2.0364e-19
3352.00   2.9724e-18
3354.00   9.2953e-19
3356.00   2.5378e-18
3358.00   4.0798e-16
3360.00   1.8633e-16
3362.00   2.0182e-16
3364.00   5.6579e-17
3366.00   3.7103e-16
3368.00   1.6953e-17
3370.00   1.6609e-16
3372.00   4.3542e-16
3374.00   7.6940e-19
3376.00   3.8920e-16
3378.00   3.7235e-19
3380.00   1.3256e-16
3382.00   9.8469e-17
3384.00   7.1101e-19
3386.00   3.3708e-17
3388.00   9.0908e-17
3390.00   3.5913e-17
3392.00   3.4774e-16
3394.00   5.3993e-18
3396.00   6.8799e-17
3398.00   1.0689e-17
3400.00   2.2966e-18
3402.00   5.8300e-18
3404.00   7.1678e-18
3406.00   1.6150e-17
3408.00   2.4027e-18
3410.00   1.1449e-16
3412.00   2.1678e-18
3414.00   1.1153e-16
3416.00   3.0529e-16
3418.00   2.4223e-19
3420.00   5.6099e-17
3422.00   2.2403e-18
3424.00   6.2142e-19
3426.00   9.3803e-17
3428.00   6.8381e-17
3430.00   9.3665e-17
3432.00   1.6264e-18
3434.00   3.1526e-18
3436.00   2.9056e-16
3438.00   4.4473e-18
3440.00   1.6118e-16
3442.00   2.1776e-17
3444.00   7.8098e-17
3446.00   9.5290e-18
3448.00   2.7480e-18
3450.00   9.1558e-17
3452.00   4.5176e-16
3454.00   4.5221e-17
3456.00   6.4487e-16
3458.00   2.8546e-17
3460.00   1.5185e-18
3462.00   8.9545e-20
3464.00   2.2913e-16
3466.00   7.0598e-18
3468.00   4.1398e-19
3470.00   1.2029e-16
3472.00   2.9246e-17
3474.00   1.6801e-18
3476.00   5.6812e-16
3478.00   9.7861e-17
3480.00   1.9651e-16
3482.00   1.6306e-16
3484.00   1.0848e-16
3486.00   2.0787e-16
3488.00   4.0639e-19
3490.00   2.3568e-16
3492.00   9.8923e-19
3494.00   2.6932e-16
3496.00   1.9840e-16
3498.00   1.8097e-17
3500.00   1.0795e-16
3502.00   1.2723e-16
3504.00   2.9367e-16
3506.00   8.3308e-18
3508.00   1.3638e-16
3510.00   3.4004e-18
3512.00   1.4878e-17
3514.00   2.2152e-18
3516.00   5.1306e-17
3518.00   4.1655e-17
3520.00   1.0140e-17
3522.00   3.2359e-16
3524.00   4.4485e-18
3526.00   6.0435e-17
3528.00   4.6502e-17
3530.00   1.7447e-17
3532.00   1.1899e-16
3534.00   9.0380e-19
3536.00   1.8878e-16
3538.00   2.7337e-16
3540.00   1.0741e-16
3542.00   4.9643e-17
3544.00   1.0109e-17
3546.00   3.3115e-19
3548.00   2.3479e-17
3550.00   4.8590e-18
3552.00   7.0358e-18
3554.00   3.2379e-17
3556.00   1.4234e-16
3558.00   8.3018e-17
3560.00   9.1853e-18
3562.00   1.0373e-18
3564.00   2.8599e-17
3566.00   7.9538e-17
3568.00   2.4168e-18
3570.00   8.3672e-19
3572.00   4.9183e-19
3574.00   1.3429e-18
3576.00   9.0343e-18
3578.00   8.1808e-19
3580.00   5.5164e-19
3582.00   1.8971e-20
3584.00   2.8956e-18
3586.00   2.4763e-17
3588.00   1.7145e-17
3590.00   4.9408e-17
3592.00   2.9790e-19
3594.00   1.2793e-18
3596.00   2.4352e-18
3598.00   2.6805e-18
3600.00   2.2939e-18
3602.00   1.8877e-17
3604.00   1.2262e-18
3606.00   9.2141e-18
3608.00   1.2237e-18
3610.00   3.5754e-18
3612.00   9.6767e-19
3614.00   2.8525e-17
3616.00   4.0898e-19
3618.00   3.9492e-18
3620.00   7.2020e-19
3622.00   1.8896e-16
3624.00   1.9033e-16
3626.00   2.7366e-18
3628.00   9.1419e-18
3630.00   1.0699e-18
3632.00   2.7079e-18
3634.00   1.3897e-18
3636.00   4.1296e-17
3638.00   1.7327e-18
3640.00   1.3701e-19
3642.00   2.1298e-16
3644.00   1.5309e-18
3646.00   3.5853e-18
3648.00   1.3416e-18
3650.00   1.9458e-19
3652.00   8.5783e-19
3654.00   6.5685e-20
3656.00   2.7931e-16
3658.00   1.1568e-18
3660.00   5.0879e-19
3662.00   7.9118e-18
3664.00   4.1049e-18
3666.00   1.0854e-18
3668.00   1.2585e-18
3670.00   6.3382e-19
3672.00   1.5718e-19
3674.00   1.4826e-18
3676.00   7.5705e-19
3678.00   9.4745e-20
3680.00   2.9599e-18
3682.00   5.6367e-18
3684.00   7.9212e-19
3686.00   1.6078e-17
3688.00   1.0104e-18
3690.00   9.7059e-19
3692.00   2.2354e-19
3694.00   1.8888e-18
3696.00   3.0472e-18
3698.00   2.9732e-17
3700.00   2.5270e-18
3702.00   7.3437e-22
3704.00   3.4600e-18
3706.00   2.7292e-20
3708.00   3.1198e-19
3710.00   8.1686e-18
3712.00   7.4745e-18
3714.00   1.0078e-18
3716.00   1.5378e-18
3718.00   3.5891e-19
3720.00   1.9974e-17
3722.00   3.9183e-18
3724.00   1.5110e-17
3726.00   1.3169e-17
3728.00   9.0276e-17
3730.00   6.0194e-19
3732.00   1.6853e-19
3734.00   3.0650e-19
3736.00   5.3839e-19
3738.00   1.4827e-18
3740.00   3.4192e-19
3742.00   1.2540e-17
3744.00   3.6499e-18
3746.00   2.6373e-17
3748.00   1.8001e-16
3750.00   1.9851e-18
3752.00   3.0719e-20
3754.00   6.6938e-18
3756.00   4.1563e-17
3758.00   2.1165e-17
3760.00   1.0771e-16
3762.00   1.2473e-16
3764.00   4.1591e-16
3766.00   1.4511e-18
3768.00   1.0298e-18
3770.00   2.3379e-19
3772.00   1.1293e-19
3774.00   1.6251e-19
3776.00   5.3836e-19
3778.00   6.6044e-18
3780.00   1.2451e-16
3782.00   3.3843e-17
3784.00   2.2404e-16
3786.00   3.5555e-17
3788.00   3.1993e-18
3790.00   2.0282e-19
3792.00   1.5591e-18
3794.00   2.6091e-19
3796.00   7.0801e-19
3798.00   4.3598e-17
3800.00   7.3760e-19
3802.00   1.2397e-18
3804.00   1.0159e-18
3806.00   5.4951e-18
3808.00   7.8179e-19
3810.00   6.6883e-19
3812.00   5.3212e-19
3814.00   5.4626e-17
3816.00   6.7157e-21
3818.00   1.1411e-19
3820.00   1.5797e-18
3822.00   1.0557e-16
3824.00   6.0745e-16
3826.00   7.6899e-20
3828.00   5.7568e-17
3830.00   1.0064e-18
3832.00   1.1601e-20
3834.00   1.7687e-17
3836.00   4.9716e-20
3838.00   1.2188e-17
3840.00   8.5662e-20
3842.00   2.8652e-19
3844.00   4.2363e-19
3846.00   5.3978e-17
3848.00   7.6385e-19
3850.00   5.8907e-19
3852.00   1.2807e-19
3854.00   4.7845e-20
3856.00   6.6332e-19
3858.00   6.0672e-19
3860.00   7.7906e-19
3862.00   3.4597e-19
3864.00   2.6279e-18
3866.00   2.1429e-19
3868.00   1.3209e-19
3870.00   3.1567e-19
3872.00   2.7483e-16
3874.00   3.0920e-18
3876.00   1.4954e-18
3878.00   5.1344e-19
3880.00   4.6693e-19
3882.00   3.8350e-18
3884.00   2.6995e-18
3886.00   1.2498e-19
3888.00   7.2256e-21
3890.00   1.6777e-19
3892.00   1.5153e-20
3894.00   9.1263e-19
3896.00   5.1802e-17
3898.00   1.9156e-20
3900.00   4.0231e-19
3902.00   8.1227e-21
3904.00   8.1370e-18
3906.00   7.3878e-17
3908.00   1.0240e-16
3910.00   1.8834e-17
3912.00   1.8743e-19
3914.00   2.8595e-16
3916.00   1.0313e-17
3918.00   9.5513e-18
3920.00   9.4299e-19
3922.00   2.0865e-18
3924.00   2.0688e-18
3926.00   3.1606e-19
3928.00   1.1454e-17
3930.00   3.6572e-16
3932.00   1.3156e-17
3934.00   3.6049e-19
3936.00   9.5741e-17
3938.00   1.0343e-15
3940.00   2.6018e-18
3942.00   1.3335e-19
3944.00   6.4760e-19
3946.00   4.2851e-16
3948.00   4.8890e-20
3950.00   2.1861e-18
3952.00   3.5665e-18
3954.00   3.1145e-19
3956.00   1.2437e-19
3958.00   2.4726e-17
3960.00   1.8884e-17
3962.00   9.8557e-19
3964.00   1.1087e-16
3966.00   2.5851e-17
3968.00   1.8190e-18
3970.00   8.9088e-16
3972.00   2.0511e-18
3974.00   5.2037e-16
3976.00   9.2396e-18
3978.00   1.1958e-18
3980.00   8.4583e-19
3982.00   1.5636e-16
3984.00   3.5485e-18
3986.00   2.5130e-19
3988.00   4.4594e-19
3990.00   5.3748e-17
3992.00   4.6379e-19
3994.00   1.5341e-19
3996.00   1.8868e-17
3998.00   2.8939e-20
4000.00   2.1520e-18
4002.00   3.7421e-16
4004.00   1.2127e-17
4006.00   3.9060e-20
4008.00   2.2769e-17
4010.00   4.6643e-19
4012.00   5.5319e-18
4014.00   1.4352e-18
4016.00   3.1632e-18
4018.00   1.8699e-18
4020.00   1.9326e-18
4022.00   4.8866e-18
4024.00   6.5839e-17
4026.00   1.6204e-19
4028.00   1.7190e-18
4030.00   1.7430e-20
4032.00   3.9542e-19
4034.00   8.2547e-18
4036.00   3.2751e-19
4038.00   1.3831e-19
4040.00   1.1122e-18
4042.00   1.1368e-18
4044.00   1.4989e-19
4046.00   9.0052e-19
4048.00   8.5922e-20
4050.00   9.0123e-19
4052.00   4.4256e-19
4054.00   1.8897e-20
4056.00   1.6507e-19
4058.00   1.0680e-17
4060.00   5.8032e-20
4062.00   9.5381e-17
4064.00   4.6444e-18
4066.00   1.2373e-20
4068.00   3.3559e-17
4070.00   9.0808e-18
4072.00   1.0247e-19
4074.00   3.8220e-18
4076.00   3.7834e-17
4078.00   3.6030e-17
4080.00   1.0645e-17
4082.00   1.6516e-18
4084.00   8.7427e-18
4086.00   2.8361e-19
4088.00   5.0884e-17
4090.00   1.5940e-19
4092.00   4.5460e-18
4094.00   5.7667e-18
4096.00   3.3413e-18
4098.00   2.6268e-17
4100.00   7.3122e-19
4102.00   1.3422e-18
4104.00   9.3637e-18
4106.00   8.6065e-19
4108.00   3.5650e-18
4110.00   1.2806e-18
4112.00   2.5603e-17
4114.00   7.8193e-18
4116.00   5.8335e-20
4118.00   4.5154e-19
4120.00   1.5100e-17
4122.00   2.4367e-16
4124.00   3.8938e-17
4126.00   2.1619e-19
4128.00   1.8465e-16
4130.00   2.6359e-19
4132.00   2.6473e-18
4134.00   1.8608e-18
4136.00   1.7423e-18
4138.00   7.3871e-17
4140.00   9.9262e-19
4142.00   2.0659e-19
4144.00   1.9532e-17
4146.00   2.0454e-17
4148.00   3.1177e-18
4150.00   3.7504e-18
4152.00   5.1963e-18
4154.00   1.7700e-18
4156.00   2.1260e-19
4158.00   1.0300e-17
4160.00   2.4765e-17
4162.00   3.0732e-18
4164.00   7.9783e-19
4166.00   2.4170e-19
4168.00   1.3061e-17
4170.00   3.1697e-18
4172.00   5.1932e-18
4174.00   4.7217e-16
4176.00   3.6237e-18
4178.00   9.2631e-16
4180.00   8.0248e-17
4182.00   3.5857e-18
4184.00   2.7447e-17
4186.00   4.7111e-19
4188.00   1.8728e-18
4190.00   1.7270e-18
4192.00   1.8230e-21
4194.00   3.9349e-20
4196.00   4.2079e-19
4198.00   1.9276e-18
4200.00   7.0245e-19
4202.00   8.0633e-18
4204.00   4.1571e-20
4206.00   6.5160e-18
4208.00   3.7775e-19
4210.00   1.9658e-17
4212.00   1.0612e-17
4214.00   8.0695e-19
4216.00   2.5380e-20
4218.00   1.7477e-19
4220.00   3.5781e-19
4222.00   1.3776e-18
4224.00   9.1683e-18
4226.00   8.6083e-19
4228.00   1.1128e-18
4230.00   1.2720e-21
4232.00   4.7821e-17
4234.00   6.8707e-16
4236.00   5.0181e-19
4238.00   1.4948e-18
4240.00   1.4621e-19
4242.00   1.4578e-18
4244.00   2.3266e-15
4246.00   5.3917e-21
4248.00   8.3137e-17
4250.00   1.4008e-18
4252.00   3.6195e-18
4254.00   3.2226e-19
4256.00   1.8070e-17
4258.00   2.2530e-16
4260.00   4.2797e-20
4262.00   1.7155e-20
4264.00   5.6126e-19
4266.00   1.7868e-18
4268.00   4.6011e-18
4270.00   1.5162e-18
4272.00   1.5038e-20
4274.00   2.1862e-16
4276.00   1.0208e-15
4278.00   1.1996e-16
4280.00   1.4376e-19
4282.00   1.8463e-18
4284.00   6.7168e-20
4286.00   1.5078e-18
4288.00   1.6401e-15
4290.00   3.0118e-19
4292.00   3.0317e-17
4294.00   5.0562e-20
4296.00   4.1208e-16
4298.00   3.9695e-20
4300.00   1.6000e-17
4302.00   1.9620e-17
4304.00   4.0133e-16
4306.00   3.0621e-16
4308.00   8.6361e-20
4310.00   3.6557e-19
4312.00   2.0407e-17
4314.00   3.4244e-16
4316.00   3.6400e-19
4318.00   3.3393e-18
4320.00   6.2348e-16
4322.00   3.6909e-18
4324.00   9.2270e-20
4326.00   3.2309e-17
4328.00   9.3358e-19
4330.00   1.2341e-17
4332.00   4.5322e-16
4334.00   4.8660e-20
4336.00   2.1744e-18
4338.00   4.1857e-16
4340.00   2.4193e-17
4342.00   1.0185e-18
4344.00   2.2559e-17
4346.00   4.6461e-16
4348.00   4.0266e-18
4350.00   2.6468e-19
4352.00   1.0276e-15
4354.00   2.8212e-19
4356.00   3.4089e-18
4358.00   6.6896e-16
4360.00   1.2108e-15
4362.00   2.8912e-17
4364.00   1.0308e-17
4366.00   6.1304e-19
4368.00   8.6090e-20
4370.00   1.6292e-16
4372.00   8.8287e-16
4374.00   1.6962e-19
4376.00   1.9871e-18
4378.00   1.5921e-18
4380.00   1.7221e-18
4382.00   3.5941e-17
4384.00   5.4482e-16
4386.00   3.8214e-16
4388.00   2.7138e-19
4390.00   3.3080e-22
4392.00   6.1095e-19
4394.00   2.3891e-19
4396.00   3.9821e-20
4398.00   4.1417e-16
4400.00   5.1101e-19
4402.00   9.3742e-18
4404.00   3.0933e-20
4406.00   4.8858e-19
4408.00   4.3824e-19
4410.00   3.0143e-18
4412.00   5.4294e-20
4414.00   1.5562e-15
4416.00   6.4669e-16
4418.00   1.4253e-19
4420.00   2.8474e-18
4422.00   2.4378e-18
4424.00   3.0824e-19
4426.00   2.5574e-19
4428.00   7.8057e-19
4430.00   8.1116e-19
4432.00   2.9396e-17
4434.00   3.6741e-19
4436.00   1.0688e-18
4438.00   6.2849e-20
4440.00   2.9075e-16
4442.00   1.5507e-18
4444.00   8.8128e-18
4446.00   2.0217e-18
4448.00   1.7926e-18
4450.00   7.4309e-19
4452.00   5.9688e-16
4454.00   1.3147e-18
4456.00   2.3776e-17
4458.00   1.6940e-16
4460.00   1.0639e-19
4462.00   4.1106e-17
4464.00   4.1088e-19
4466.00   4.3978e-18
4468.00   3.1991e-19
4470.00   9.5896e-18
4472.00   5.7874e-16
4474.00   2.7745e-16
4476.00   9.9496e-20
4478.00   4.3483e-19
4480.00   1.7972e-17
4482.00   3.1594e-21
4484.00   1.8747e-19
4486.00   5.7077e-20
4488.00   8.0466e-17
4490.00   6.5464e-16
4492.00   5.6173e-16
4494.00   9.8780e-19
4496.00   8.8223e-20
4498.00   5.2071e-19
4500.00   1.8542e-19
4502.00   4.8306e-19
4504.00   1.6167e-18
4506.00   3.7482e-19
4508.00   4.0752e-16
4510.00   2.3798e-17
4512.00   5.2661e-20
4514.00   3.9757e-17
4516.00   4.9050e-16
4518.00   5.6787e-20
4520.00   6.8578e-16
4522.00   4.5477e-16
4524.00   2.6665e-18
4526.00   1.0815e-17
4528.00   2.3610e-17
4530.00   3.4306e-18
4532.00   3.5472e-20
4534.00   2.8694e-16
4536.00   2.4814e-19
4538.00   7.6821e-19
4540.00   4.4852e-21
4542.00   3.9161e-16
4544.00   1.8002e-19
4546.00   7.8229e-20
4548.00   1.7434e-19
4550.00   5.5413e-16
4552.00   9.3436e-20
4554.00   1.5256e-19
4556.00   5.7885e-16
4558.00   1.7507e-20
4560.00   6.2198e-20
4562.00   1.1737e-19
4564.00   7.6484e-19
4566.00   2.6130e-20
4568.00   4.6795e-19
4570.00   2.6241e-19
4572.00   1.3031e-19
4574.00   2.6363e-20
4576.00   5.2566e-16
4578.00   6.4497e-18
4580.00   7.8373e-17
4582.00   3.9418e-16
4584.00   6.6133e-16
4586.00   3.6468e-18
4588.00   3.3413e-19
4590.00   8.1083e-19
4592.00   1.6378e-18
4594.00   4.5357e-18
4596.00   2.6834e-16
4598.00   2.0903e-17
4600.00   3.9270e-22
4602.00   1.9842e-18
4604.00   9.9518e-18
4606.00   6.4748e-19
4608.00   5.0694e-20
4610.00   5.0125e-19
4612.00   3.9387e-18
4614.00   1.2850e-19
4616.00   2.8217e-20
4618.00   1.9456e-19
4620.00   5.5769e-16
4622.00   6.1416e-19
4624.00   3.6274e-19
4626.00   1.0442e-18
4628.00   1.0645e-17
4630.00   1.0487e-15
4632.00   2.1728e-16
4634.00   2.4689e-18
4636.00   1.8227e-19
4638.00   6.1056e-19
4640.00   9.8339e-17
4642.00   1.1099e-19
4644.00   5.7085e-18
4646.00   6.5826e-22
4648.00   2.8050e-16
4650.00   5.4168e-20
4652.00   3.3968e-19
4654.00   1.0065e-20
4656.00   1.8965e-17
4658.00   7.1858e-19
4660.00   3.5233e-20
4662.00   8.8599e-19
4664.00   4.3808e-17
4666.00   5.9369e-16
4668.00   1.0632e-18
4670.00   6.0997e-17
4672.00   1.2927e-19
4674.00   3.2189e-21
4676.00   7.3255e-20
4678.00   1.3880e-19
4680.00   6.8652e-21
4682.00   2.0801e-21
4684.00   2.8240e-19
4686.00   3.2700e-19
4688.00   4.6684e-17
4690.00   3.1308e-20
4692.00   5.0269e-20
4694.00   6.0339e-20
4696.00   6.3783e-19
4698.00   5.4920e-19
4700.00   1.7388e-19
4702.00   3.1450e-19
4704.00   3.9844e-18
4706.00   4.8618e-19
4708.00   1.3902e-19
4710.00   5.7627e-19
4712.00   5.7502e-22
4714.00   4.5119e-18
4716.00   2.8435e-17
4718.00   2.9203e-19
4720.00   1.8076e-17
4722.00   3.6009e-19
4724.00   2.4513e-19
4726.00   3.1125e-20
4728.00   2.1346e-16
4730.00   2.5743e-19
4732.00   7.5235e-17
4734.00   5.2699e-20
4736.00   1.9118e-20
4738.00   2.1254e-18
4740.00   6.1761e-20
4742.00   6.3879e-20
4744.00   4.4296e-17
4746.00   1.9211e-17
4748.00   3.6462e-20
4750.00   1.2174e-17
4752.00   5.1340e-20
4754.00   3.4877e-19
4756.00   5.3623e-19
4758.00   8.3386e-20
4760.00   5.2433e-18
4762.00   1.4427e-20
4764.00   3.9423e-20
4766.00   7.2351e-20
4768.00   1.0423e-19
4770.00   7.9123e-21
4772.00   1.0172e-17
4774.00   1.9279e-16
4776.00   1.4074e-19
4778.00   1.4533e-18
4780.00   4.1000e-20
4782.00   8.1208e-21
4784.00   7.6394e-21
4786.00   2.1031e-19
4788.00   3.7935e-22
4790.00   2.3821e-20
4792.00   4.3000e-20
4794.00   4.7680e-22
4796.00   2.3231e-19
4798.00   2.8557e-17
4800.00   5.6324e-19
4802.00   1.4473e-19
4804.00   4.5132e-19
4806.00   6.4160e-20
4808.00   2.2124e-19
4810.00   4.5301e-18
4812.00   5.5685e-20
4814.00   4.4103e-16
4816.00   2.1056e-19
4818.00   1.0810e-18
4820.00   3.3190e-20
4822.00   3.1637e-20
4824.00   5.3584e-19
4826.00   5.6805e-16
4828.00   2.7337e-20
4830.00   5.0267e-19
4832.00   2.0280e-17
4834.00   8.4196e-17
4836.00   1.2916e-19
4838.00   5.4829e-20
4840.00   7.5863e-17
4842.00   2.1788e-19
4844.00   1.0644e-18
4846.00   1.8461e-18
4848.00   2.4142e-17
4850.00   3.6799e-20
4852.00   2.0895e-17
4854.00   3.5108e-20
4856.00   1.3534e-17
4858.00   1.7482e-20
4860.00   4.4607e-20
4862.00   2.4857e-20
4864.00   2.1395e-20
4866.00   3.2140e-19
4868.00   1.7284e-16
4870.00   2.7038e-17
4872.00   2.4504e-17
4874.00   2.5196e-16
4876.00   3.6829e-18
4878.00   1.3940e-19
4880.00   3.7684e-19
4882.00   3.5586e-20
4884.00   8.7506e-20
4886.00   6.5012e-18
4888.00   6.5587e-20
4890.00   2.8127e-16
4892.00   1.3409e-18
4894.00   2.1774e-17
4896.00   1.2486e-18
4898.00   9.0842e-17
4900.00   4.6599e-20
4902.00   6.1082e-18
4904.00   1.8477e-16
4906.00   2.6156e-16
4908.00   1.4401e-21
4910.00   1.5691e-20
4912.00   3.7131e-19
4914.00   1.0212e-21
4916.00   2.0031e-20
4918.00   1.4859e-19
4920.00   1.1300e-19
4922.00   1.9786e-18
4924.00   7.8483e-16
4926.00   9.8979e-20
4928.00   1.3006e-18
4930.00   5.1148e-21
4932.00   2.3091e-18
4934.00   1.2867e-20
4936.00   7.3109e-19
4938.00   3.6211e-20
4940.00   4.3219e-20
4942.00   6.1480e-20
4944.00   4.2698e-19
4946.00   2.9700e-19
4948.00   4.8922e-16
4950.00   1.6816e-16
4952.00   8.1668e-18
4954.00   2.3983e-17
4956.00   6.1313e-20
4958.00   3.9001e-18
4960.00   6.3336e-20
4962.00   9.0285e-20
4964.00   1.3243e-20
4966.00   7.0189e-19
4968.00   5.8413e-19
4970.00   8.7008e-20
4972.00   2.7386e-19
4974.00   1.9577e-16
4976.00   1.9137e-17
4978.00   3.7223e-20
4980.00   8.8967e-20
4982.00   6.6068e-21
4984.00   1.3627e-21
4986.00   2.0600e-19
4988.00   3.5018e-18
4990.00   4.7677e-21
4992.00   8.6761e-18
4994.00   8.8857e-17
4996.00   4.2729e-20
4998.00   3.4979e-18
5000.00   1.1796e-17
5002.00   1.1653e-20
5004.00   1.0455e-19
5006.00   3.6061e-16
5008.00   4.7894e-21
5010.00   2.8013e-21
5012.00   1.4287e-21
5014.00   6.5477e-20
5016.00   2.0314e-18
5018.00   9.4120e-16
5020.00   1.8208e-16
5022.00   1.1513e-18
5024.00   2.1350e-20
5026.00   1.4836e-20
5028.00   6.2039e-18
5030.00   5.1314e-19
5032.00   6.4371e-22
5034.00   6.3754e-21
5036.00   2.4714e-18
5038.00   1.4817e-21
5040.00   7.3206e-17
5042.00   5.4253e-20
5044.00   1.2014e-16
5046.00   1.0099e-17
5048.00   2.2286e-17
5050.00   3.2207e-16
5052.00   1.6420e-19
5054.00   9.3061e-20
5056.00   3.1105e-19
5058.00   1.9219e-20
5060.00   3.6175e-17
5062.00   4.0733e-20
5064.00   8.7461e-21
5066.00   9.4782e-18
5068.00   3.1456e-22
5070.00   2.2222e-19
5072.00   7.4823e-16
5074.00   7.0669e-18
5076.00   8.5011e-17
5078.00   2.3784e-20
5080.00   9.5980e-20
5082.00   5.6129e-22
5084.00   1.4563e-18
5086.00   9.3076e-18
5088.00   2.4796e-20
5090.00   1.6123e-19
5092.00   2.2111e-21
5094.00   3.4490e-18
5096.00   2.2587e-19
5098.00   3.9489e-21
5100.00   8.0106e-17
5102.00   4.2014e-19
5104.00   8.4580e-21
5106.00   3.7428e-20
5108.00   1.2277e-16
5110.00   1.2391e-20
5112.00   4.9370e-16
5114.00   1.4351e-22
5116.00   2.5001e-20
5118.00   2.4228e-21
5120.00   2.3536e-17
5122.00   7.6778e-20
5124.00   7.6435e-19
5126.00   2.1174e-18
5128.00   1.8540e-17
5130.00   2.1554e-19
5132.00   6.5072e-17
5134.00   1.3079e-19
5136.00   2.9063e-17
5138.00   8.3191e-21
5140.00   7.5840e-21
5142.00   1.0974e-19
5144.00   4.1392e-20
5146.00   5.3906e-17
5148.00   8.3664e-20
5150.00   1.9413e-17
5152.00   3.6824e-21
5154.00   4.7957e-17
5156.00   4.8460e-21
5158.00   2.9967e-15
5160.00   2.2412e-17
5162.00   2.1744e-17
5164.00   3.9066e-17
5166.00   9.6376e-20
5168.00   3.4789e-19
5170.00   1.2812e-15
5172.00   2.8207e-16
5174.00   3.1552e-24
5176.00   7.4873e-21
5178.00   3.6623e-18
5180.00   2.6062e-18
5182.00   1.7555e-16
5184.00   2.4339e-16
5186.00   6.2967e-18
5188.00   1.0191e-19
5190.00   5.7621e-22
5192.00   1.8788e-18
5194.00   6.9775e-20
5196.00   4.5225e-22
5198.00   7.9534e-16
5200.00   8.0625e-18
5202.00   2.3719e-22
5204.00   2.7037e-20
5206.00   7.1426e-19
5208.00   3.5486e-21
5210.00   6.0196e-19
5212.00   3.6469e-20
5214.00   2.6871e-20
5216.00   1.5742e-19
5218.00   2.2338e-18
5220.00   7.3172e-17
5222.00   1.6027e-20
5224.00   5.4288e-20
5226.00   1.0469e-19
5228.00   5.6224e-18
5230.00   9.4235e-24
5232.00   5.4120e-19
5234.00   8.1122e-16
5236.00   1.1451e-18
5238.00   1.0565e-17
5240.00   6.0085e-19
5242.00   4.3098e-20
5244.00   4.5270e-19
5246.00   3.3938e-20
5248.00   3.8510e-20
5250.00   2.6989e-19
5252.00   1.0217e-18
5254.00   4.3397e-16
5256.00   1.4007e-16
5258.00   1.1181e-18
5260.00   3.2153e-19
5262.00   1.5774e-15
5264.00   1.1661e-16
5266.00   1.3101e-22
5268.00   2.2405e-16
5270.00   1.3928e-19
5272.00   5.8545e-17
5274.00   7.8086e-16
5276.00   8.7873e-16
5278.00   7.4855e-18
5280.00   1.3188e-18
5282.00   6.0359e-20
5284.00   9.8228e-16
5286.00   1.8902e-19
5288.00   5.4262e-20
5290.00   6.4094e-20
5292.00   6.6168e-19
5294.00   2.8407e-19
5296.00   9.5686e-17
5298.00   8.3057e-19
5300.00   1.6514e-19
5302.00   1.4890e-20
5304.00   1.3946e-18
5306.00   1.0144e-20
5308.00   7.5541e-20
5310.00   1.5106e-19
5312.00   1.5454e-20
5314.00   1.9154e-18
5316.00   1.3330e-15
5318.00   1.7257e-20
5320.00   5.2527e-19
5322.00   5.9340e-20
5324.00   2.4313e-18
5326.00   4.6753e-16
5328.00   2.6125e-20
5330.00   9.9006e-20
5332.00   2.5242e-19
5334.00   6.8912e-16
5336.00   2.1223e-19
5338.00   3.7861e-17
5340.00   3.6517e-19
5342.00   8.6934e-20
5344.00   1.6128e-19
5346.00   2.5421e-17
5348.00   6.9168e-17
5350.00   5.2344e-20
5352.00   1.5943e-19
5354.00   1.7679e-19
5356.00   3.3500e-20
5358.00   2.4856e-18
5360.00   4.2713e-19
5362.00   3.1604e-16
5364.00   1.6426e-18
5366.00   2.4887e-19
5368.00   1.0402e-19
5370.00   2.3577e-19
5372.00   5.6269e-21
5374.00   1.8597e-22
5376.00   7.1701e-16
5378.00   1.1657e-19
5380.00   4.1591e-19
5382.00   1.5517e-18
5384.00   5.7800e-18
5386.00   8.4303e-20
5388.00   2.5481e-18
5390.00   2.7278e-20
5392.00   1.5604e-20
5394.00   3.0697e-18
5396.00   3.4742e-19
5398.00   1.7282e-20
5400.00   1.9621e-20
5402.00   1.1409e-19
5404.00   1.5724e-19
5406.00   5.8437e-20
5408.00   1.7289e-18
5410.00   1.3208e-18
5412.00   8.0872e-17
5414.00   4.6096e-17
5416.00   8.0089e-20
5418.00   1.6519e-20
5420.00   6.1791e-19
5422.00   2.3939e-19
5424.00   3.4344e-19
5426.00   5.7633e-16
5428.00   4.3906e-17
5430.00   1.1795e-21
5432.00   1.1683e-17
5434.00   2.3458e-16
5436.00   9.8347e-19
5438.00   2.5721e-18
5440.00   3.7674e-18
5442.00   9.9587e-20
5444.00   3.1875e-19
5446.00   8.1486e-18
5448.00   3.5889e-21
5450.00   1.2461e-17
5452.00   6.8483e-19
5454.00   1.2990e-19
5456.00   1.9522e-20
5458.00   5.7312e-20
5460.00   4.6523e-20
5462.00   1.1105e-24
5464.00   3.3577e-22
5466.00   6.6130e-18
5468.00   1.2951e-18
5470.00   6.7886e-19
5472.00   2.1424e-20
5474.00   6.6341e-21
5476.00   1.5734e-21
5478.00   4.2836e-17
5480.00   1.6059e-20
5482.00   2.0285e-19
5484.00   2.4038e-19
5486.00   1.8189e-18
5488.00   8.9434e-19
5490.00   1.0477e-20
5492.00   1.7261e-21
5494.00   4.1286e-23
5496.00   4.1575e-17
5498.00   9.4889e-18
5500.00   1.8277e-18
5502.00   1.7676e-18
5504.00   7.9791e-20
5506.00   5.9257e-19
5508.00   4.7401e-19
5510.00   1.4613e-18
5512.00   1.1943e-19
5514.00   1.9009e-19
5516.00   3.0795e-21
5518.00   5.3798e-19
5520.00   1.1978e-18
5522.00   1.0338e-19
5524.00   3.9386e-20
5526.00   2.8411e-18
5528.00   1.5770e-16
5530.00   3.3959e-17
5532.00   4.1825e-18
5534.00   7.9419e-17
5536.00   3.9963e-20
5538.00   1.3061e-18
5540.00   2.1484e-19
5542.00   4.2993e-19
5544.00   7.3909e-18
5546.00   9.4742e-18
5548.00   7.2043e-20
5550.00   6.1339e-20
5552.00   3.6111e-17
5554.00   1.9307e-19
5556.00   4.9290e-17
5558.00   1.0512e-20
5560.00   1.3450e-19
5562.00   8.2173e-21
5564.00   5.3194e-21
5566.00   3.1979e-18
5568.00   2.6218e-17
5570.00   1.1910e-19
5572.00   2.7545e-19
5574.00   3.2487e-19
5576.00   1.2030e-22
5578.00   6.0088e-20
5580.00   2.8712e-17
5582.00   1.4020e-18
5584.00   2.0230e-21
5586.00   1.6819e-18
5588.00   3.8290e-17
5590.00   4.1185e-21
5592.00   2.2259e-18
5594.00   1.3706e-22
5596.00   6.5257e-19
5598.00   1.4996e-20
5600.00   1.0394e-19
5602.00   7.1513e-20
5604.00   2.6818e-21
5606.00   1.1383e-20
5608.00   2.6019e-18
5610.00   2.5726e-20
5612.00   8.7407e-19
5614.00   2.1893e-17
5616.00   2.6310e-19
5618.00   4.1828e-19
5620.00   1.1162e-19
5622.00   7.0000e-20
5624.00   1.2395e-17
5626.00   2.0966e-18
5628.00   5.8390e-17
5630.00   7.5317e-19
5632.00   4.6039e-19
5634.00   7.1403e-20
5636.00   5.3458e-20
5638.00   3.7153e-19
5640.00   1.0251e-19
5642.00   9.3157e-22
5644.00   7.1742e-18
5646.00   2.5161e-21
5648.00   2.6675e-18
5650.00   2.5505e-17
5652.00   3.0013e-18
5654.00   1.6515e-17
5656.00   4.7160e-18
5658.00   7.4537e-17
5660.00   2.6100e-19
5662.00   5.3920e-19
5664.00   9.1610e-19
5666.00   3.2862e-18
5668.00   5.1673e-20
5670.00   1.8441e-17
5672.00   9.8020e-22
5674.00   3.6765e-17
5676.00   4.1856e-19
5678.00   8.1216e-20
5680.00   4.9257e-19
5682.00   1.2612e-19
5684.00   3.0009e-19
5686.00   1.9678e-22
5688.00   8.2570e-22
5690.00   4.0194e-17
5692.00   4.1323e-18
5694.00   3.4426e-22
5696.00   2.1092e-19
5698.00   5.9485e-24
5700.00   1.1806e-18
5702.00   4.8083e-21
5704.00   3.5917e-19
5706.00   9.4890e-20
5708.00   6.4104e-19
5710.00   3.6572e-20
5712.00   3.5722e-18
5714.00   1.1233e-20
5716.00   2.3982e-18
5718.00   1.5874e-17
5720.00   7.8335e-22
5722.00   9.4985e-18
5724.00   7.5730e-20
5726.00   2.0417e-17
5728.00   8.7827e-20
5730.00   4.5669e-19
5732.00   1.3659e-17
5734.00   8.3956e-19
5736.00   1.0398e-22
5738.00   4.7292e-18
5740.00   4.0976e-21
5742.00   8.7329e-19
5744.00   8.0703e-19
5746.00   4.1884e-17
5748.00   1.3509e-18
5750.00   1.6300e-18
5752.00   2.2995e-20
5754.00   2.0571e-18
5756.00   3.3503e-18
5758.00   3.2869e-19
5760.00   2.6010e-19
5762.00   6.0059e-19
5764.00   3.6100e-22
5766.00   9.0478e-19
5768.00   9.0911e-19
5770.00   1.2820e-20
5772.00   5.8105e-21
5774.00   7.7998e-20
5776.00   4.5977e-19
5778.00   2.1432e-19
5780.00   9.5381e-18
5782.00   6.7637e-18
5784.00   2.1799e-19
5786.00   6.2770e-21
5788.00   3.7337e-20
5790.00   1.3033e-19
5792.00   7.9261e-20
5794.00   3.0964e-19
5796.00   3.0208e-18
5798.00   9.1690e-18
5800.00   2.6806e-20
5802.00   9.8489e-19
5804.00   3.7311e-19
5806.00   2.6767e-20
5808.00   6.0211e-19
5810.00   2.8982e-19
5812.00   1.7023e-18
5814.00   2.4673e-17
5816.00   1.6024e-21
5818.00   4.0577e-20
5820.00   8.3618e-25
5822.00   9.0780e-20
5824.00   4.1991e-18
5826.00   2.4910e-18
5828.00   9.1925e-22
5830.00   9.8215e-18
5832.00   5.0281e-19
5834.00   9.6846e-19
5836.00   5.5363e-17
5838.00   9.6649e-22
5840.00   2.2447e-21
5842.00   1.3774e-18
5844.00   1.4107e-18
5846.00   4.9683e-22
5848.00   4.9555e-18
5850.00   5.6904e-20
5852.00   7.7139e-20
5854.00   1.2965e-17
5856.00   1.3068e-19
5858.00   6.5314e-19
5860.00   6.2847e-19
5862.00   1.1402e-18
5864.00   8.8265e-18
5866.00   7.1649e-21
5868.00   1.4864e-19
5870.00   5.4228e-17
5872.00   1.1124e-21
5874.00   4.3398e-20
5876.00   2.4937e-20
5878.00   9.0334e-21
5880.00   7.0614e-19
5882.00   9.8016e-21
5884.00   4.4031e-21
5886.00   6.2346e-20
5888.00   1.2332e-20
5890.00   2.2245e-22
5892.00   4.4855e-18
5894.00   9.6648e-21
5896.00   2.1045e-19
5898.00   3.3154e-18
5900.00   3.1454e-21
5902.00   7.9233e-18
5904.00   1.4438e-19
5906.00   6.9478e-20
5908.00   2.1908e-19
5910.00   1.4571e-18
5912.00   4.8562e-20
5914.00   4.8868e-17
5916.00   1.2172e-21
5918.00   2.2583e-21
5920.00   6.0579e-20
5922.00   5.3770e-18
5924.00   1.5485e-17
5926.00   2.9802e-19
5928.00   5.3407e-22
5930.00   5.9669e-19
5932.00   2.2556e-17
5934.00   1.8004e-21
5936.00   7.6249e-23
5938.00   3.2898e-20
5940.00   5.2350e-20
5942.00   1.6745e-20
5944.00   2.9689e-19
5946.00   7.6941e-19
5948.00   1.0055e-19
5950.00   2.3187e-20
5952.00   2.0347e-17
5954.00   4.9132e-22
5956.00   6.1906e-18
5958.00   1.9355e-21
5960.00   1.0851e-21
5962.00   6.6305e-18
5964.00   8.3169e-21
5966.00   1.0218e-22
5968.00   2.0533e-18
5970.00   6.3887e-19
5972.00   3.9827e-19
5974.00   4.0118e-20
5976.00   7.9309e-21
5978.00   1.7071e-21
5980.00   2.8665e-21
5982.00   8.6819e-18
5984.00   3.3629e-19
5986.00   2.2351e-18
5988.00   2.6428e-20
5990.00   5.4646e-20
5992.00   2.6947e-16
5994.00   3.3939e-18
5996.00   5.2425e-20
5998.00   9.5548e-20
6000.00   7.3670e-21
6002.00   5.9544e-20
6004.00   1.5832e-18
6006.00   3.8231e-19
6008.00   4.0966e-21
6010.00   4.0196e-22
6012.00   1.8558e-21
6014.00   1.1193e-19
6016.00   4.7875e-18
6018.00   4.2814e-18
6020.00   8.1072e-22
6022.00   9.0058e-18
6024.00   9.8218e-20
6026.00   4.2431e-22
6028.00   9.4083e-20
6030.00   6.9110e-21
6032.00   6.6870e-19
6034.00   8.0244e-19
6036.00   1.5285e-19
6038.00   9.2392e-21
6040.00   3.2704e-19
6042.00   2.5825e-20
6044.00   1.1836e-16
6046.00   1.1604e-17
6048.00   6.4555e-19
6050.00   8.8973e-18
6052.00   7.4931e-20
6054.00   1.2021e-20
6056.00   1.9683e-23
6058.00   9.4866e-20
6060.00   1.0434e-17
6062.00   3.4520e-21
6064.00   5.9009e-19
6066.00   1.2041e-24
6068.00   4.0352e-19
6070.00   2.0815e-18
6072.00   1.0151e-19
6074.00   3.0155e-20
6076.00   2.4175e-19
6078.00   2.7079e-17
6080.00   3.0541e-19
6082.00   2.2625e-22
6084.00   6.7429e-17
6086.00   1.8398e-20
6088.00   3.4766e-18
6090.00   4.8735e-23
6092.00   4.0979e-20
6094.00   2.9196e-19
6096.00   6.7902e-20
6098.00   6.8927e-20
6100.00   1.8434e-19
6102.00   4.7435e-24
6104.00   1.7039e-17
6106.00   1.3041e-19
6108.00   1.1197e-19
6110.00   3.0890e-25
6112.00   3.1910e-21
6114.00   4.6852e-17
6116.00   1.4302e-17
6118.00   6.5591e-19
6120.00   2.6807e-18
6122.00   1.9966e-18
6124.00   2.9190e-23
6126.00   2.1110e-20
6128.00   4.6678e-26
6130.00   3.4388e-17
6132.00   1.4636e-20
6134.00   4.7907e-19
6136.00   1.5703e-20
6138.00   1.5679e-21
6140.00   1.1719e-22
6142.00   6.6494e-18
6144.00   1.4535e-21
6146.00   9.2729e-20
6148.00   1.8507e-16
6150.00   1.9098e-16
6152.00   2.1138e-19
6154.00   2.9931e-18
6156.00   1.2787e-18
6158.00   2.0127e-18
6160.00   6.0342e-19
6162.00   3.8339e-22
6164.00   1.6451e-18
6166.00   2.3178e-19
6168.00   7.1126e-20
6170.00   1.0114e-20
6172.00   1.4509e-17
6174.00   7.5510e-21
6176.00   2.2925e-17
6178.00   4.4454e-19
6180.00   1.7193e-17
6182.00   4.6243e-22
6184.00   1.6465e-18
6186.00   2.7294e-17
6188.00   2.9205e-17
6190.00   1.5738e-19
6192.00   2.1180e-20
6194.00   2.7620e-22
6196.00   2.1285e-18
6198.00   4.5832e-19
6200.00   1.1118e-17
6202.00   1.1653e-19
6204.00   4.9712e-19
6206.00   3.4551e-22
6208.00   1.7289e-21
6210.00   4.6546e-21
6212.00   3.1313e-25
6214.00   3.1440e-19
6216.00   5.8819e-21
6218.00   6.8320e-19
6220.00   3.8698e-18
6222.00   3.9451e-19
6224.00   5.4568e-22
6226.00   5.1452e-26
6228.00   9.2631e-20
6230.00   1.2531e-17
6232.00   1.0235e-18
6234.00   1.4513e-17
6236.00   2.2229e-20
6238.00   2.5083e-16
6240.00   8.8477e-17
6242.00   3.4928e-21
6244.00   2.9982e-19
6246.00   5.6653e-21
6248.00   3.5225e-16
6250.00   1.6872e-24
6252.00   1.4676e-21
6254.00   1.5133e-20
6256.00   1.7332e-18
6258.00   3.0898e-20
6260.00   2.1258e-19
6262.00   4.6457e-18
6264.00   5.3386e-18
6266.00   1.3227e-20
6268.00   5.5468e-21
6270.00   1.0550e-18
6272.00   9.2397e-20
6274.00   1.7239e-18
6276.00   2.8666e-18
6278.00   1.7798e-21
6280.00   8.2152e-18
6282.00   9.8062e-21
6284.00   1.8870e-22
6286.00   2.9796e-23
6288.00   8.8174e-21
6290.00   5.5782e-18
6292.00   3.6708e-20
6294.00   1.4287e-19
6296.00   1.0244e-21
6298.00   5.2104e-20
6300.00   3.9107e-20
6302.00   4.2963e-19
6304.00   1.7454e-19
6306.00   2.7563e-17
6308.00   1.3434e-17
6310.00   8.4783e-19
6312.00   5.0823e-23
6314.00   3.9661e-21
6316.00   5.8555e-19
6318.00   1.4960e-16
6320.00   3.6056e-18
6322.00   6.3041e-19
6324.00   9.2624e-24
6326.00   5.7174e-19
6328.00   3.2995e-19
6330.00   2.3692e-19
6332.00   1.1871e-17
6334.00   1.0704e-23
6336.00   1.1382e-20
6338.00   5.8396e-18
6340.00   1.6407e-19
6342.00   4.9567e-20
6344.00   2.7115e-21
6346.00   2.9754e-18
6348.00   1.8906e-17
6350.00   2.0181e-18
6352.00   3.1206e-25
6354.00   1.4841e-17
6356.00   5.4040e-20
6358.00   6.8784e-21
6360.00   1.5541e-18
6362.00   4.8432e-19
6364.00   1.4834e-20
6366.00   1.2641e-20
6368.00   1.1380e-25
6370.00   9.1845e-17
6372.00   2.1938e-17
6374.00   8.6137e-21
6376.00   1.3409e-22
6378.00   7.8917e-20
6380.00   6.6118e-19
6382.00   1.8953e-20
6384.00   7.6024e-17
6386.00   2.0131e-17
6388.00   2.7104e-18
6390.00   7.6211e-21
6392.00   9.9086e-20
6394.00   7.4092e-20
6396.00   2.5929e-18
6398.00   6.8883e-19
6400.00   7.5233e-20
6402.00   2.3237e-18
6404.00   2.7951e-18
6406.00   2.9747e-20
6408.00   5.1311e-17
6410.00   1.6004e-18
6412.00   5.7931e-21
6414.00   6.7904e-25
6416.00   2.8231e-16
6418.00   1.3806e-19
6420.00   1.8136e-20
6422.00   1.0656e-20
6424.00   4.2255e-20
6426.00   2.0346e-22
6428.00   6.7002e-19
6430.00   4.8143e-22
6432.00   3.1524e-16
6434.00   1.6535e-18
6436.00   7.1188e-20
6438.00   3.0443e-22
6440.00   2.1640e-17
6442.00   6.9426e-18
6444.00   6.5518e-20
6446.00   1.5336e-17
6448.00   2.6019e-24
6450.00   6.0392e-21
6452.00   1.9084e-20
6454.00   1.0215e-19
6456.00   5.2639e-16
6458.00   1.6021e-22
6460.00   6.2337e-22
6462.00   5.5494e-21
6464.00   5.9378e-24
6466.00   9.3675e-18
6468.00   3.3825e-19
6470.00   3.2711e-23
6472.00   7.2684e-20
6474.00   2.1833e-17
6476.00   1.1868e-24
6478.00   4.9284e-26
6480.00   3.0328e-19
6482.00   2.8088e-17
6484.00   1.3187e-19
6486.00   1.4285e-17
6488.00   1.0576e-18
6490.00   1.4384e-22
6492.00   2.1187e-17
6494.00   3.9590e-17
6496.00   1.5181e-21
6498.00   3.1809e-22
6500.00   7.7099e-22
6502.00   6.9694e-23
6504.00   3.6132e-21
6506.00   5.1364e-18
6508.00   1.8181e-17
6510.00   2.2359e-19
6512.00   1.2666e-18
6514.00   5.2990e-20
6516.00   6.3247e-16
6518.00   1.5950e-17
6520.00   1.7982e-20
6522.00   8.5101e-21
6524.00   2.3553e-20
6526.00   2.3882e-23
6528.00   3.8220e-18
6530.00   1.2044e-18
6532.00   1.6089e-17
6534.00   3.0981e-19
6536.00   9.9028e-22
6538.00   1.1461e-19
6540.00   2.3446e-20
6542.00   4.0479e-21
6544.00   8.9282e-19
6546.00   3.0346e-26
6548.00   4.4261e-20
6550.00   1.1854e-19
6552.00   1.7692e-20
6554.00   1.1162e-20
6556.00   3.9050e-20
6558.00   1.3188e-17
6560.00   3.0616e-18
6562.00   1.7511e-17
6564.00   3.3109e-22
6566.00   2.0315e-19
6568.00   2.3085e-23
6570.00   2.4181e-19
6572.00   1.8612e-17
6574.00   1.6204e-17
6576.00   1.1082e-24
6578.00   3.6759e-20
6580.00   5.4928e-20
6582.00   3.0510e-18
6584.00   5.0183e-19
6586.00   2.0873e-17
6588.00   1.9082e-18
6590.00   1.1735e-23
6592.00   3.4836e-20
6594.00   5.0118e-19
6596.00   1.5049e-18
6598.00   6.4924e-19
6600.00   4.5719e-20
6602.00   1.1777e-19
6604.00   2.8920e-20
6606.00   5.5252e-20
6608.00   4.8191e-21
6610.00   5.4538e-18
6612.00   9.4001e-18
6614.00   3.7848e-18
6616.00   1.0291e-20
6618.00   9.2430e-18
6620.00   1.6018e-24
6622.00   3.2699e-21
6624.00   2.1883e-17
6626.00   3.7482e-20
6628.00   2.6163e-18
6630.00   3.3835e-26
6632.00   1.6839e-19
6634.00   7.9828e-22
6636.00   1.2652e-24
6638.00   6.0393e-21
6640.00   4.5904e-20
6642.00   5.4006e-20
6644.00   8.1245e-21
6646.00   2.4506e-26
6648.00   4.6619e-23
6650.00   4.7939e-18
6652.00   3.4525e-17
6654.00   4.2904e-20
6656.00   4.0086e-19
6658.00   3.9205e-18
6660.00   7.3033e-20
6662.00   5.8896e-20
6664.00   2.5411e-22
6666.00   8.2431e-18
6668.00   6.1601e-20
6670.00   9.0041e-20
6672.00   9.3443e-19
6674.00   2.7273e-20
6676.00   1.0397e-21
6678.00   3.9736e-18
6680.00   1.6064e-19
6682.00   9.5434e-18
6684.00   7.4706e-22
6686.00   5.1551e-20
6688.00   1.8998e-19
6690.00   5.4696e-18
6692.00   1.1748e-19
6694.00   3.6045e-18
6696.00   2.2777e-24
6698.00   1.5157e-19
6700.00   6.6578e-18
6702.00   2.7568e-20
6704.00   6.8116e-19
6706.00   6.4805e-19
6708.00   1.1807e-23
6710.00   1.0136e-19
6712.00   7.3798e-22
6714.00   2.8179e-20
6716.00   1.0788e-22
6718.00   3.1884e-22
6720.00   1.9376e-20
6722.00   5.9833e-23
6724.00   1.2323e-19
6726.00   2.7412e-22
6728.00   6.1984e-26
6730.00   8.6837e-18
6732.00   4.0507e-19
6734.00   7.6642e-23
6736.00   4.4180e-21
6738.00   3.0432e-25
6740.00   2.8810e-25
6742.00   1.1666e-20
6744.00   5.3222e-20
6746.00   1.2281e-18
6748.00   3.0935e-21
6750.00   6.1670e-19
6752.00   1.7155e-23
6754.00   1.3516e-20
6756.00   2.7648e-22
6758.00   2.8193e-20
6760.00   1.9216e-19
6762.00   7.4269e-21
6764.00   2.1380e-19
6766.00   4.6420e-20
6768.00   9.9444e-18
6770.00   4.0775e-20
6772.00   1.0828e-20
6774.00   4.9990e-22
6776.00   6.3683e-18
6778.00   4.2467e-22
6780.00   1.7574e-20
6782.00   1.5099e-21
6784.00   6.8169e-23
6786.00   1.1719e-20
6788.00   3.9410e-19
6790.00   3.0793e-21
6792.00   2.7451e-19
6794.00   8.1637e-20
6796.00   4.4849e-19
6798.00   3.3941e-21
6800.00   1.6177e-18
6802.00   4.6681e-20
6804.00   1.1647e-19
6806.00   1.3567e-22
6808.00   2.9320e-27
6810.00   5.1042e-18
6812.00   1.6658e-20
6814.00   3.9680e-20
6816.00   9.6332e-19
6818.00   6.2070e-22
6820.00   4.6055e-18
6822.00   3.7953e-18
6824.00   1.7092e-20
6826.00   5.1814e-19
6828.00   7.7242e-20
6830.00   7.3497e-19
6832.00   3.4764e-18
6834.00   3.0485e-21
6836.00   7.3095e-25
6838.00   4.0947e-19
6840.00   1.7857e-20
6842.00   9.1309e-24
6844.00   1.9349e-20
6846.00   2.1223e-21
6848.00   2.6092e-20
6850.00   4.2308e-21
6852.00   2.5518e-21
6854.00   7.7377e-25
6856.00   9.5985e-18
6858.00   4.9968e-20
6860.00   1.8920e-20
6862.00   1.0272e-17
6864.00   2.4483e-19
6866.00   2.8929e-18
6868.00   1.4302e-21
6870.00   2.6125e-18
6872.00   5.5706e-18
6874.00   3.9891e-17
6876.00   1.0901e-20
6878.00   1.6675e-18
6880.00   3.3017e-25
6882.00   7.0724e-20
6884.00   8.9736e-22
6886.00   2.6744e-20
6888.00   3.2162e-21
6890.00   8.0376e-19
6892.00   6.7500e-20
6894.00   8.8907e-23
6896.00   7.3028e-18
6898.00   1.2496e-26
6900.00   2.0012e-26
6902.00   6.2930e-21
6904.00   1.8411e-25
6906.00   1.7559e-18
6908.00   3.6219e-18
6910.00   1.3850e-21
6912.00   3.8766e-18
6914.00   3.0940e-18
6916.00   2.2288e-21
6918.00   3.4854e-20
6920.00   3.8152e-26
6922.00   6.5879e-20
6924.00   4.7295e-18
6926.00   7.6394e-19
6928.00   5.4454e-21
6930.00   1.0748e-18
6932.00   2.1634e-19
6934.00   5.6223e-19
6936.00   3.7535e-21
6938.00   5.5162e-22
6940.00   2.4867e-19
6942.00   9.8699e-18
6944.00   1.5862e-17
6946.00   6.0432e-19
6948.00   7.6943e-19
6950.00   1.1361e-18
6952.00   1.9955e-22
6954.00   1.0293e-23
6956.00   6.0640e-24
6958.00   1.8826e-19
6960.00   1.5265e-19
6962.00   5.4341e-20
6964.00   1.5823e-19
6966.00   3.3944e-18
6968.00   4.9039e-22
6970.00   7.0757e-21
6972.00   1.9475e-21
6974.00   2.1410e-20
6976.00   3.0688e-22
6978.00   2.2875e-18
6980.00   6.3418e-22
6982.00   1.9683e-21
6984.00   9.4374e-21
6986.00   3.3406e-20
6988.00   4.1709e-21
6990.00   4.0597e-21
6992.00   6.8374e-20
6994.00   1.3497e-18
6996.00   1.0997e-18
6998.00   1.1076e-22
7000.00   4.5863e-19
7002.00   2.0697e-21
7004.00   1.1294e-21
7006.00   2.7961e-22
7008.00   5.3708e-20
7010.00   8.2627e-19
7012.00   1.6782e-18
7014.00   1.2895e-20
7016.00   7.9894e-19
7018.00   1.0902e-18
7020.00   1.6716e-22
7022.00   1.7607e-19
7024.00   9.8948e-22
7026.00   4.0021e-22
7028.00   6.3611e-24
7030.00   6.7771e-19
7032.00   1.8504e-19
7034.00   6.8583e-20
7036.00   2.7732e-21
7038.00   8.4002e-20
7040.00   1.7880e-20
7042.00   1.1029e-20
7044.00   6.3846e-23
7046.00   2.0908e-20
7048.00   4.9899e-18
7050.00   1.8321e-26
7052.00   4.1959e-23
7054.00   2.8032e-18
7056.00   6.8815e-24
7058.00   5.1325e-20
7060.00   9.0049e-19
7062.00   1.2886e-24
7064.00   8.3565e-19
7066.00   9.1927e-21
7068.00   7.7401e-19
7070.00   1.1082e-21
7072.00   1.1054e-24
7074.00   2.6692e-21
7076.00   5.3440e-19
7078.00   2.1227e-21
7080.00   2.8404e-21
7082.00   1.0149e-20
7084.00   2.6597e-20
7086.00   1.3040e-24
7088.00   3.2408e-19
7090.00   1.0874e-19
7092.00   6.3359e-20
7094.00   6.2259e-20
7096.00   7.2344e-23
7098.00   3.8085e-19
7100.00   1.7388e-22
7102.00   1.2277e-22
7104.00   7.0228e-19
7106.00   8.7974e-21
7108.00   8.4929e-22
7110.00   1.9292e-17
7112.00   5.4964e-19
7114.00   1.2104e-18
7116.00   5.4932e-20
7118.00   4.4763e-19
7120.00   3.1395e-23
7122.00   6.8877e-25
7124.00   2.4261e-19
7126.00   1.2812e-22
7128.00   3.0676e-19
7130.00   5.9457e-19
7132.00   4.5127e-18
7134.00   2.7601e-20
7136.00   6.0274e-18
7138.00   1.5419e-20
7140.00   4.4763e-19
7142.00   1.8404e-23
7144.00   1.0583e-24
7146.00   1.5106e-19
7148.00   1.2552e-19
7150.00   1.6713e-19
7152.00   3.8348e-20
7154.00   1.1795e-23
7156.00   2.8480e-16
7158.00   3.0780e-20
7160.00   9.8269e-24
7162.00   8.6423e-19
7164.00   9.9477e-19
7166.00   1.0746e-20
7168.00   5.4551e-19
7170.00   4.7667e-19
7172.00   7.7337e-17
7174.00   1.4805e-19
7176.00   4.5167e-25
7178.00   2.9456e-20
7180.00   2.9308e-17
7182.00   4.9211e-18
7184.00   6.5565e-18
7186.00   7.6848e-19
7188.00   3.0251e-25
7190.00   1.1107e-21
7192.00   1.6530e-17
7194.00   6.1816e-18
7196.00   5.6195e-22
7198.00   2.6890e-21
7200.00   7.9837e-20
7202.00   7.3211e-19
7204.00   1.6928e-18
7206.00   5.5644e-19
7208.00   1.3271e-23
7210.00   1.2870e-22
7212.00   1.6211e-18
7214.00   4.4958e-19
7216.00   7.4513e-19
7218.00   3.6001e-20
7220.00   1.1602e-27
7222.00   7.1366e-17
7224.00   7.6785e-17
7226.00   2.3010e-18
7228.00   2.3424e-21
7230.00   2.8113e-20
7232.00   4.3358e-22
7234.00   9.3450e-21
7236.00   2.5914e-22
7238.00   5.9137e-20
7240.00   2.0939e-20
7242.00   2.1756e-21
7244.00   1.6725e-19
7246.00   5.2007e-20
7248.00   9.7375e-19
7250.00   4.6421e-19
7252.00   2.1671e-24
7254.00   2.5201e-18
7256.00   9.8852e-27
7258.00   2.7448e-24
7260.00   6.1099e-21
7262.00   2.3192e-19
7264.00   7.1169e-18
7266.00   1.0574e-18
7268.00   1.1406e-18
7270.00   2.6221e-21
7272.00   7.1097e-27
7274.00   3.7453e-19
7276.00   4.2672e-19
7278.00   4.0297e-18
7280.00   1.8852e-18
7282.00   3.4497e-18
7284.00   8.0078e-23
7286.00   2.2294e-19
7288.00   8.3284e-18
7290.00   1.1339e-17
7292.00   1.6976e-23
7294.00   2.6352e-20
7296.00   7.2611e-21
7298.00   7.2779e-21
7300.00   2.3975e-20
7302.00   7.2714e-17
7304.00   3.3488e-19
7306.00   5.4935e-19
7308.00   1.0429e-16
7310.00   7.3977e-17
7312.00   1.7660e-21
7314.00   2.6371e-21
7316.00   2.7173e-20
7318.00   7.9407e-19
7320.00   8.1976e-17
7322.00   6.7674e-19
7324.00   1.4801e-20
7326.00   1.2306e-22
7328.00   3.8313e-19
7330.00   3.8107e-19
7332.00   1.3231e-19
7334.00   2.8136e-18
7336.00   1.8759e-17
7338.00   5.1936e-24
7340.00   2.2616e-28
7342.00   3.0797e-21
7344.00   2.6687e-23
7346.00   2.9045e-22
7348.00   1.9840e-26
7350.00   2.3622e-19
7352.00   1.6610e-17
7354.00   7.1636e-20
7356.00   4.9406e-22
7358.00   9.6442e-19
7360.00   7.3355e-21
7362.00   5.5978e-20
7364.00   3.5553e-23
7366.00   5.9312e-20
7368.00   2.7360e-21
7370.00   2.3672e-18
7372.00   9.0562e-23
7374.00   3.0181e-22
7376.00   1.8508e-25
7378.00   1.4443e-21
7380.00   9.0488e-21
7382.00   3.9333e-20
7384.00   5.2882e-23
7386.00   3.8211e-20
7388.00   5.6951e-17
7390.00   4.9347e-20
7392.00   8.1013e-24
7394.00   9.5517e-22
7396.00   1.7802e-22
7398.00   1.5735e-20
7400.00   2.9081e-18
7402.00   2.5433e-18
7404.00   2.3369e-26
7406.00   6.6597e-20
7408.00   1.2407e-20
7410.00   1.0406e-17
7412.00   4.1026e-21
7414.00   3.0205e-19
7416.00   8.5985e-21
7418.00   2.9445e-18
7420.00   3.6146e-18
7422.00   7.8607e-20
7424.00   1.8135e-19
7426.00   1.5394e-18
7428.00   1.8799e-20
7430.00   2.0690e-18
7432.00   1.6458e-19
7434.00   1.0500e-20
7436.00   3.4868e-19
7438.00   2.6259e-20
7440.00   7.2346e-21
7442.00   1.2006e-19
7444.00   1.7129e-26
7446.00   3.0000e-18
7448.00   5.5646e-25
7450.00   1.0266e-16
7452.00   8.8252e-17
7454.00   1.4678e-18
7456.00   7.1764e-20
7458.00   2.3220e-23
7460.00   2.2122e-23
7462.00   1.7424e-16
7464.00   3.3687e-21
7466.00   2.8384e-18
7468.00   8.7295e-25
7470.00   1.4614e-21
7472.00   1.1006e-20
7474.00   9.9769e-23
7476.00   1.1836e-21
7478.00   4.8862e-24
7480.00   3.5029e-18
7482.00   1.0759e-18
7484.00   5.2870e-26
7486.00   2.7832e-20
7488.00   8.5246e-19
7490.00   1.8535e-22
7492.00   1.4347e-20
7494.00   4.0289e-23
7496.00   5.4405e-22
7498.00   8.9134e-20
7500.00   5.7379e-19
7502.00   4.6881e-19
7504.00   1.0521e-18
7506.00   1.0154e-19
7508.00   2.3510e-22
7510.00   4.7198e-21
7512.00   2.3906e-25
7514.00   4.5338e-20
7516.00   8.1523e-17
7518.00   5.6740e-20
7520.00   1.2973e-17
7522.00   1.9006e-21
7524.00   8.4135e-20
7526.00   5.2418e-20
7528.00   3.4293e-22
7530.00   3.7780e-22
7532.00   7.7295e-20
7534.00   9.9779e-17
7536.00   1.8668e-23
7538.00   1.6590e-22
7540.00   4.3005e-19
7542.00   8.5940e-21
7544.00   2.4244e-19
7546.00   4.1288e-26
7548.00   5.6662e-20
7550.00   7.8892e-22
7552.00   1.0495e-19
7554.00   4.6870e-19
7556.00   3.3031e-21
7558.00   7.0664e-21
7560.00   1.1105e-19
7562.00   1.8619e-20
7564.00   9.5563e-20
7566.00   2.0688e-20
7568.00   4.7591e-19
7570.00   2.0196e-21
7572.00   7.3833e-22
7574.00   7.0435e-27
7576.00   7.2937e-19
7578.00   6.2534e-25
7580.00   1.1516e-17
7582.00   5.9060e-20
7584.00   3.0989e-18
7586.00   5.8627e-21
7588.00   3.0057e-21
7590.00   2.2708e-26
7592.00   2.0976e-21
7594.00   4.7723e-21
7596.00   5.4255e-20
7598.00   6.0858e-20
7600.00   5.9735e-20
7602.00   9.2912e-21
7604.00   3.8572e-21
7606.00   5.0457e-20
7608.00   1.7218e-23
7610.00   1.1491e-19
7612.00   5.3673e-26
7614.00   2.3384e-18
7616.00   4.3731e-19
7618.00   3.3155e-18
7620.00   3.2518e-19
7622.00   9.6980e-20
7624.00   9.7071e-23
7626.00   7.9120e-23
7628.00   1.0132e-26
7630.00   7.3371e-21
7632.00   1.3776e-21
7634.00   3.6559e-20
7636.00   1.0439e-22
7638.00   9.6536e-18
7640.00   2.3143e-20
7642.00   1.1724e-19
7644.00   8.7368e-21
7646.00   3.2881e-19
7648.00   6.6722e-18
7650.00   2.4560e-21
7652.00   2.4735e-22
7654.00   1.1792e-18
7656.00   9.2694e-17
7658.00   1.3357e-17
7660.00   4.8174e-18
7662.00   1.3855e-24
7664.00   2.4515e-22
7666.00   3.3308e-18
7668.00   1.7463e-21
7670.00   1.6324e-23
7672.00   3.0321e-17
7674.00   4.7656e-20
7676.00   3.7947e-19
7678.00   5.0909e-21
7680.00   1.9592e-25
7682.00   1.5697e-24
7684.00   4.6112e-23
7686.00   1.8791e-17
7688.00   4.8737e-20
7690.00   3.3401e-19
7692.00   2.0589e-20
7694.00   5.4198e-19
7696.00   4.1474e-21
7698.00   2.9086e-18
7700.00   4.2223e-19
7702.00   4.0210e-20
7704.00   1.2367e-24
7706.00   3.0758e-20
7708.00   1.9849e-20
7710.00   1.0916e-18
7712.00   2.7978e-16
7714.00   3.1961e-20
7716.00   1.2755e-19
7718.00   4.6696e-24
7720.00   3.2503e-18
7722.00   5.5537e-25
7724.00   5.5868e-20
7726.00   9.5304e-23
7728.00   8.4466e-23
7730.00   2.6098e-20
7732.00   1.6209e-20
7734.00   9.3884e-19
7736.00   2.9509e-23
7738.00   1.0685e-17
7740.00   8.9747e-19
7742.00   5.9634e-19
7744.00   4.1949e-23
7746.00   5.0345e-21
7748.00   2.4996e-20
7750.00   6.6226e-25
7752.00   1.9088e-22
7754.00   8.4422e-24
7756.00   4.4712e-22
7758.00   7.0776e-19
7760.00   1.7720e-23
7762.00   3.3746e-20
7764.00   8.2646e-18
7766.00   8.9923e-20
7768.00   3.8183e-24
7770.00   1.2294e-27
7772.00   5.1960e-23
7774.00   3.4084e-19
7776.00   8.0786e-24
7778.00   4.4999e-18
7780.00   7.0456e-23
7782.00   1.2133e-22
7784.00   3.8799e-19
7786.00   2.9425e-23
7788.00   3.8987e-20
7790.00   3.3195e-21
7792.00   1.3659e-19
7794.00   3.0492e-20
7796.00   3.7205e-26
7798.00   3.0985e-18
7800.00   7.2049e-26
7802.00   5.6998e-18
7804.00   1.9584e-19
7806.00   1.5211e-17
7808.00   1.1027e-18
7810.00   2.0819e-22
7812.00   3.4987e-21
7814.00   8.9367e-18
7816.00   1.4388e-19
7818.00   3.2429e-19
7820.00   1.9863e-19
7822.00   2.9911e-23
7824.00   2.3244e-20
7826.00   1.7545e-20
7828.00   1.2751e-23
7830.00   9.2369e-19
7832.00   4.1231e-18
7834.00   1.4991e-19
7836.00   4.3496e-18
7838.00   2.0036e-19
7840.00   2.0042e-18
7842.00   1.6011e-17
7844.00   2.3404e-19
7846.00   3.6511e-20
7848.00   4.6264e-19
7850.00   5.6810e-26
7852.00   9.4971e-20
7854.00   9.2660e-22
7856.00   7.9651e-21
7858.00   5.5408e-25
7860.00   6.3841e-20
7862.00   4.2148e-20
7864.00   8.4553e-23
7866.00   4.5524e-17
7868.00   1.3402e-21
7870.00   2.9805e-20
7872.00   9.6809e-19
7874.00   6.6489e-19
7876.00   1.3017e-23
7878.00   6.3929e-23
7880.00   8.8549e-23
7882.00   6.1970e-19
7884.00   7.4246e-23
7886.00   1.0420e-18
7888.00   3.2444e-22
7890.00   3.6139e-23
7892.00   6.1684e-19
7894.00   3.1517e-18
7896.00   5.3285e-19
7898.00   2.7511e-17
7900.00   3.5564e-18
7902.00   2.0423e-23
7904.00   1.9977e-20
7906.00   2.1519e-20
7908.00   7.7520e-24
7910.00   1.0596e-25
7912.00   2.2974e-21
7914.00   4.4433e-18
7916.00   1.3581e-21
7918.00   5.7604e-17
7920.00   3.4543e-27
7922.00   4.5650e-19
7924.00   3.4230e-26
7926.00   6.3706e-19
7928.00   3.3073e-22
7930.00   2.3939e-19
7932.00   3.0902e-20
7934.00   2.3947e-19
7936.00   1.5976e-23
7938.00   8.1705e-19
7940.00   7.7302e-21
7942.00   6.7756e-21
7944.00   4.0704e-27
7946.00   2.9294e-20
7948.00   8.2234e-19
7950.00   4.2045e-22
7952.00   6.8823e-19
7954.00   2.9012e-19
7956.00   2.0464e-19
7958.00   6.2839e-20
7960.00   3.1174e-27
7962.00   3.5613e-24
7964.00   4.2943e-25
7966.00   7.9723e-21
7968.00   2.9980e-19
7970.00   8.5821e-19
7972.00   1.3058e-22
7974.00   1.5645e-19
7976.00   3.5587e-17
7978.00   1.0331e-19
7980.00   2.5668e-20
7982.00   5.3078e-18
7984.00   2.3234e-20
7986.00   2.0564e-20
7988.00   1.6802e-20
7990.00   3.1891e-22
7992.00   2.1008e-22
7994.00   1.1750e-19
7996.00   2.7727e-18
7998.00   2.6333e-19
8000.00   1.2088e-20
8002.00   6.0246e-22
8004.00   1.4683e-21
8006.00   1.4476e-21
8008.00   1.9700e-18
8010.00   3.6544e-21
8012.00   2.2063e-18
8014.00   3.5838e-19
8016.00   6.6099e-20
8018.00   5.4300e-19
8020.00   4.3306e-23
8022.00   7.3788e-20
8024.00   8.7428e-20
8026.00   1.6726e-22
8028.00   7.6286e-21
8030.00   1.5972e-17
8032.00   1.8600e-18
8034.00   4.3759e-23
8036.00   6.6059e-20
8038.00   2.6188e-18
8040.00   2.4368e-22
8042.00   7.9620e-19
8044.00   5.8429e-20
8046.00   2.0631e-26
8048.00   1.0015e-21
8050.00   1.0770e-20
8052.00   8.1519e-21
8054.00   2.0848e-17
8056.00   3.2340e-26
8058.00   4.8653e-23
8060.00   7.8653e-18
8062.00   8.4099e-21
8064.00   2.8443e-18
8066.00   1.0332e-23
8068.00   3.7816e-20
8070.00   2.1686e-19
8072.00   4.3338e-25
8074.00   3.2723e-18
8076.00   5.1706e-18
8078.00   1.0471e-19
8080.00   1.1331e-18
8082.00   9.3848e-26
8084.00   1.4602e-17
8086.00   1.3194e-18
8088.00   4.8224e-23
8090.00   2.1885e-20
8092.00   1.0873e-18
8094.00   3.6219e-20
8096.00   1.6940e-18
8098.00   8.7000e-21
8100.00   3.1983e-27
8102.00   4.6521e-22
8104.00   1.2016e-18
8106.00   4.3223e-20
8108.00   1.4013e-18
8110.00   4.1413e-23
8112.00   5.7198e-21
8114.00   5.4131e-20
8116.00   5.7833e-26
8118.00   1.3570e-19
8120.00   2.2157e-18
8122.00   1.9381e-19
8124.00   2.4559e-19
8126.00   3.4189e-21
8128.00   1.1068e-19
8130.00   1.5101e-20
8132.00   4.1867e-20
8134.00   1.9078e-23
8136.00   1.4752e-17
8138.00   2.9477e-25
8140.00   2.3411e-21
8142.00   3.1376e-20
8144.00   1.8699e-20
8146.00   2.6635e-20
8148.00   6.3440e-19
8150.00   8.4651e-23
8152.00   2.0407e-19
8154.00   6.9468e-22
8156.00   9.3123e-21
8158.00   2.4663e-19
8160.00   1.3661e-18
8162.00   1.4944e-24
8164.00   2.5707e-19
8166.00   3.6007e-25
8168.00   1.9989e-18
8170.00   1.2074e-23
8172.00   3.3945e-19
8174.00   5.2303e-19
8176.00   4.4009e-27
8178.00   8.2611e-21
8180.00   9.6134e-25
8182.00   2.2398e-21
8184.00   5.4719e-21
8186.00   5.7496e-20
8188.00   1.1534e-23
8190.00   7.2584e-19
8192.00   1.9397e-19
8194.00   2.9854e-21
8196.00   4.0787e-23
8198.00   1.0382e-18
8200.00   4.8844e-21
8202.00   2.4274e-19
8204.00   7.2943e-19
8206.00   9.9573e-20
8208.00   1.8992e-17
8210.00   5.2578e-18
8212.00   3.3085e-18
8214.00   9.0766e-22
8216.00   2.2105e-19
8218.00   3.6224e-20
8220.00   3.6529e-21
8222.00   1.2534e-18
8224.00   3.2793e-24
8226.00   3.0799e-23
8228.00   2.6872e-17
8230.00   1.3218e-21
8232.00   7.0558e-22
8234.00   6.7200e-19
8236.00   5.5761e-25
8238.00   2.3615e-18
8240.00   6.0134e-21
8242.00   3.8875e-19
8244.00   2.6837e-25
8246.00   4.4721e-19
8248.00   1.7246e-18
8250.00   7.1715e-18
8252.00   1.3787e-19
8254.00   1.3558e-20
8256.00   1.9856e-20
8258.00   9.6610e-20
8260.00   1.4195e-17
8262.00   2.3164e-20
8264.00   7.7084e-18
8266.00   3.4256e-21
8268.00   1.1905e-23
8270.00   9.4969e-22
8272.00   8.0805e-21
8274.00   6.8403e-19
8276.00   1.5038e-18
8278.00   8.7110e-20
8280.00   7.8457e-22
8282.00   9.9518e-20
8284.00   1.8917e-18
8286.00   4.0518e-22
8288.00   2.8546e-17
8290.00   2.8401e-18
8292.00   3.6340e-23
8294.00   6.5359e-19
8296.00   6.7007e-20
8298.00   2.6354e-20
8300.00   1.7849e-18
8302.00   4.1102e-18
8304.00   6.5187e-20
8306.00   7.6183e-18
8308.00   5.7360e-20
8310.00   3.4414e-18
8312.00   3.3299e-21
8314.00   3.5344e-20
8316.00   1.4087e-20
8318.00   1.4295e-25
8320.00   3.6187e-21
8322.00   1.2210e-18
8324.00   2.5476e-19
8326.00   6.1525e-27
8328.00   2.3860e-22
8330.00   3.2687e-19
8332.00   9.5129e-22
8334.00   6.3071e-20
8336.00   4.4277e-22
8338.00   8.5890e-19
8340.00   9.4604e-20
8342.00   1.1364e-20
8344.00   3.2189e-19
8346.00   7.8701e-21
8348.00   1.2008e-20
8350.00   2.0532e-23
8352.00   2.7704e-19
8354.00   1.5385e-21
8356.00   6.3141e-20
8358.00   1.5487e-17
8360.00   2.8896e-21
8362.00   8.7769e-26
8364.00   1.6222e-23
8366.00   6.8259e-19
8368.00   5.4753e-18
8370.00   4.6834e-24
8372.00   7.6415e-19
8374.00   2.7475e-20
8376.00   6.3087e-19
8378.00   5.0225e-19
8380.00   7.2388e-26
8382.00   2.1379e-18
8384.00   7.9489e-27
8386.00   3.9642e-18
8388.00   5.2049e-19
8390.00   6.4550e-20
8392.00   1.8240e-19
8394.00   9.7655e-26
8396.00   6.1137e-19
8398.00   6.3168e-18
8400.00   5.5225e-22
8402.00   1.8110e-22
8404.00   2.6334e-17
8406.00   4.8599e-20
8408.00   3.4050e-19
8410.00   1.7982e-21
8412.00   4.7878e-19
8414.00   1.5831e-19
8416.00   2.7534e-19
8418.00   7.5691e-24
8420.00   1.9125e-18
8422.00   2.4492e-21
8424.00   1.0678e-17
8426.00   6.6610e-27
8428.00   3.9136e-21
8430.00   1.4338e-22
8432.00   7.8190e-20
8434.00   7.5534e-20
8436.00   6.8060e-19
8438.00   9.0964e-20
8440.00   7.6737e-21
8442.00   4.8625e-25
8444.00   4.7700e-18
8446.00   1.5637e-20
8448.00   4.9575e-22
8450.00   6.2843e-22
8452.00   7.7716e-19
8454.00   1.1085e-18
8456.00   3.8771e-24
8458.00   1.3176e-21
8460.00   3.4658e-23
8462.00   1.3849e-24
8464.00   7.0366e-22
8466.00   2.8244e-19
8468.00   3.4458e-19
8470.00   1.4452e-17
8472.00   5.1448e-19
8474.00   3.5458e-19
8476.00   9.7247e-21
8478.00   7.4996e-21
8480.00   2.7216e-19
8482.00   2.0283e-19
8484.00   2.1834e-19
8486.00   3.1880e-18
8488.00   9.8797e-24
8490.00   2.2125e-17
8492.00   2.5106e-19
8494.00   6.8666e-22
8496.00   1.5428e-19
8498.00   4.0257e-20
8500.00   1.5588e-17
8502.00   3.2961e-24
8504.00   1.5415e-18
8506.00   9.9149e-20
8508.00   5.6135e-18
8510.00   5.1959e-24
8512.00   4.4302e-22
8514.00   2.0545e-19
8516.00   1.0162e-22
8518.00   3.0250e-18
8520.00   1.9209e-25
8522.00   6.1299e-22
8524.00   6.2328e-19
8526.00   8.0285e-21
8528.00   5.4468e-19
8530.00   5.8091e-21
8532.00   1.0666e-20
8534.00   2.1757e-23
8536.00   4.2490e-22
8538.00   7.0123e-23
8540.00   1.9529e-22
8542.00   1.1203e-24
8544.00   3.1798e-20
8546.00   3.2539e-18
8548.00   3.2029e-19
8550.00   1.3964e-18
8552.00   1.7493e-21
8554.00   1.4220e-18
8556.00   3.2567e-19
8558.00   1.6245e-19
8560.00   7.7458e-28
8562.00   9.5320e-25
8564.00   8.2663e-20
8566.00   2.0462e-21
8568.00   3.2613e-21
8570.00   1.4390e-20
8572.00   3.5959e-20
8574.00   2.9105e-18
8576.00   1.2106e-19
8578.00   3.2492e-21
8580.00   5.4692e-20
8582.00   8.2403e-20
8584.00   3.6821e-22
8586.00   1.2455e-22
8588.00   1.7039e-24
8590.00   2.8585e-20
8592.00   9.9136e-22
8594.00   2.4267e-20
8596.00   4.1760e-17
8598.00   2.9716e-21
8600.00   2.8315e-18
8602.00   1.9972e-20
8604.00   1.4065e-19
8606.00   6.0405e-19
8608.00   1.5324e-25
8610.00   1.5387e-24
8612.00   5.0926e-19
8614.00   3.9265e-25
8616.00   2.7050e-17
8618.00   1.2160e-22
8620.00   1.8369e-21
8622.00   1.4691e-21
8624.00   1.3304e-22
8626.00   4.6259e-19
8628.00   4.8428e-19
8630.00   6.7294e-20
8632.00   1.8706e-23
8634.00   7.5271e-20
8636.00   6.1060e-20
8638.00   1.1769e-22
8640.00   1.1868e-21
8642.00   4.0087e-18
8644.00   8.9425e-23
8646.00   2.0468e-24
8648.00   2.4151e-24
8650.00   9.7275e-19
8652.00   2.2727e-24
8654.00   6.4498e-19
8656.00   5.9792e-20
8658.00   3.7915e-26
8660.00   4.1258e-21
8662.00   3.2071e-22
8664.00   1.9646e-19
8666.00   1.2587e-21
8668.00   1.2079e-20
8670.00   1.2298e-20
8672.00   5.0167e-18
8674.00   5.3966e-24
8676.00   3.1170e-19
8678.00   1.0680e-18
8680.00   1.4623e-26
8682.00   5.9467e-25
8684.00   4.9414e-18
8686.00   1.9294e-24
8688.00   1.4438e-22
8690.00   1.2891e-19
8692.00   4.7852e-23
8694.00   9.9396e-22
8696.00   3.0264e-18
8698.00   1.1064e-26
8700.00   6.9255e-22
8702.00   3.4799e-22
8704.00   1.2096e-19
8706.00   8.1438e-19
8708.00   8.2807e-19
8710.00   2.1552e-26
8712.00   1.3274e-25
8714.00   7.4120e-20
8716.00   8.1793e-18
8718.00   9.1766e-22
8720.00   1.1607e-19
8722.00   9.0430e-17
8724.00   5.3318e-23
8726.00   2.6502e-26
8728.00   9.2675e-23
8730.00   3.4002e-24
8732.00   4.3902e-20
8734.00   1.0538e-18
8736.00   2.1497e-20
8738.00   8.2337e-27
8740.00   5.1147e-19
8742.00   3.2241e-24
8744.00   3.5333e-20
8746.00   1.1973e-19
8748.00   1.0540e-20
8750.00   4.4940e-19
8752.00   1.9736e-19
8754.00   4.5493e-21
8756.00   7.9199e-19
8758.00   1.5365e-18
8760.00   1.5702e-21
8762.00   6.3591e-19
8764.00   1.2016e-20
8766.00   1.2568e-22
8768.00   1.2624e-26
8770.00   7.2996e-25
8772.00   1.7416e-22
8774.00   2.7744e-23
8776.00   3.2846e-19
8778.00   3.3917e-25
8780.00   7.5054e-25
8782.00   4.1236e-22
8784.00   7.3369e-23
8786.00   3.2770e-26
8788.00   2.7155e-22
8790.00   1.1035e-22
8792.00   8.1853e-22
8794.00   4.7643e-19
8796.00   4.8611e-21
8798.00   6.1794e-22
8800.00   6.1417e-25
8802.00   8.7748e-29
8804.00   9.2116e-22
8806.00   9.6669e-18
8808.00   3.9334e-22
8810.00   1.0965e-18
8812.00   1.1428e-20
8814.00   6.7588e-21
8816.00   3.2513e-16
8818.00   9.7254e-22
8820.00   5.9097e-20
8822.00   7.0134e-25
8824.00   2.4098e-18
8826.00   5.2858e-19
8828.00   6.4464e-17
8830.00   1.5286e-22
8832.00   1.8507e-25
8834.00   3.6887e-22
8836.00   5.5404e-23
8838.00   2.3297e-20
8840.00   1.9979e-24
8842.00   8.9660e-21
8844.00   8.3825e-21
8846.00   1.2482e-20
8848.00   1.8717e-18
8850.00   1.0742e-20
8852.00   1.7703e-19
8854.00   9.3362e-21
8856.00   1.5464e-22
8858.00   9.7237e-21
8860.00   2.4786e-18
8862.00   3.2235e-20
8864.00   1.2099e-20
8866.00   3.3310e-28
8868.00   1.4242e-17
8870.00   7.3537e-19
8872.00   7.0514e-28
8874.00   1.8629e-17
8876.00   4.1573e-20
8878.00   1.9952e-25
8880.00   3.9312e-25
8882.00   5.2160e-21
8884.00   3.7445e-20
8886.00   3.7457e-18
8888.00   3.9101e-26
8890.00   3.0416e-19
8892.00   1.5982e-17
8894.00   6.3127e-23
8896.00   3.1531e-21
8898.00   3.6791e-19
8900.00   1.4277e-24
8902.00   5.2898e-21
8904.00   1.1847e-23
8906.00   9.9101e-23
8908.00   1.9468e-21
8910.00   3.2987e-23
8912.00   3.1990e-19
8914.00   4.8299e-25
8916.00   3.4243e-24
8918.00   1.4967e-21
8920.00   1.2947e-17
8922.00   1.0654e-19
8924.00   3.8625e-21
8926.00   1.3563e-16
8928.00   4.2042e-22
8930.00   2.0088e-26
8932.00   4.9901e-20
8934.00   5.2359e-20
8936.00   5.3352e-27
8938.00   1.6135e-16
8940.00   5.8994e-22
8942.00   4.8320e-24
8944.00   8.9028e-20
8946.00   5.8609e-18
8948.00   2.1662e-23
8950.00   6.0422e-20
8952.00   5.2982e-24
8954.00   1.5056e-26
8956.00   6.1647e-17
8958.00   1.1157e-23
8960.00   2.0590e-19
8962.00   1.9039e-22
8964.00   1.9528e-24
8966.00   5.9769e-20
8968.00   1.5464e-20
8970.00   7.3317e-20
8972.00   1.3996e-21
8974.00   9.3429e-27
8976.00   7.3777e-21
8978.00   2.5628e-28
8980.00   1.6246e-22
8982.00   1.3916e-18
8984.00   4.7822e-25
8986.00   5.2261e-21
8988.00   4.1007e-21
8990.00   3.9016e-18
8992.00   5.7490e-24
8994.00   4.2008e-21
8996.00   3.0797e-25
8998.00   1.3376e-25
9000.00   1.2671e-19
9002.00   3.6566e-21
9004.00   1.5607e-26
9006.00   5.6297e-18
9008.00   5.8322e-27
9010.00   1.9204e-21
9012.00   4.8067e-24
9014.00   9.0589e-18
9016.00   1.3461e-25
9018.00   3.0466e-26
9020.00   9.7898e-20
9022.00   3.6336e-25
9024.00   2.1412e-20
9026.00   3.1284e-19
9028.00   4.0405e-19
9030.00   2.6803e-19
9032.00   1.1078e-22
9034.00   6.0977e-18
9036.00   8.3369e-19
9038.00   2.7069e-19
9040.00   8.5751e-27
9042.00   2.2423e-21
9044.00   6.2571e-23
9046.00   2.6013e-27
9048.00   1.7904e-19
9050.00   6.4466e-20
9052.00   3.6708e-17
9054.00   2.4676e-25
9056.00   1.9201e-19
9058.00   5.6026e-19
9060.00   2.3489e-20
9062.00   2.1466e-16
9064.00   9.8393e-23
9066.00   6.8016e-20
9068.00   1.9858e-23
9070.00   1.3347e-16
9072.00   7.0761e-22
9074.00   7.8374e-20
9076.00   4.3138e-17
9078.00   9.3990e-17
9080.00   3.8281e-19
9082.00   3.3356e-20
9084.00   1.3498e-18
9086.00   3.1245e-24
9088.00   2.1079e-21
9090.00   1.7425e-18
9092.00   8.3467e-23
9094.00   3.6226e-26
9096.00   6.9223e-18
9098.00   4.1199e-21
9100.00   3.4724e-21
9102.00   3.1907e-22
9104.00   1.8975e-19
9106.00   3.3865e-20
9108.00   1.4600e-27
9110.00   2.1457e-21
9112.00   5.1666e-19
9114.00   3.6670e-20
9116.00   8.3268e-18
9118.00   4.4436e-21
9120.00   6.5748e-27
9122.00   1.1983e-17
9124.00   1.1064e-26
9126.00   3.4825e-19
9128.00   7.2051e-22
9130.00   1.5797e-19
9132.00   6.7979e-19
9134.00   1.4043e-18
9136.00   5.2016e-21
9138.00   4.9325e-20
9140.00   1.4691e-24
9142.00   4.6426e-23
9144.00   8.7318e-24
9146.00   3.7336e-21
9148.00   2.0940e-25
9150.00   4.4014e-23
9152.00   3.1105e-22
9154.00   2.6551e-20
9156.00   1.0293e-17
9158.00   2.3304e-26
9160.00   3.2797e-23
9162.00   5.4521e-27
9164.00   4.8025e-20
9166.00   1.5455e-24
9168.00   6.0785e-19
9170.00   1.1885e-20
9172.00   1.0440e-17
9174.00   2.9898e-26
9176.00   1.4685e-16
9178.00   7.1337e-17
9180.00   5.7043e-18
9182.00   3.2598e-20
9184.00   1.3860e-21
9186.00   1.4725e-26
9188.00   1.3891e-17
9190.00   1.8166e-22
9192.00   1.4915e-19
9194.00   8.6993e-20
9196.00   6.5220e-17
9198.00   8.5564e-23
9200.00   1.0575e-19
9202.00   2.8139e-18
9204.00   1.8964e-16
9206.00   1.4120e-24
9208.00   2.7330e-25
9210.00   9.8381e-17
9212.00   3.0161e-19
9214.00   8.4298e-19
9216.00   5.2848e-21
9218.00   1.5352e-24
9220.00   9.4248e-23
9222.00   4.9656e-20
9224.00   1.3410e-21
9226.00   1.7340e-17
9228.00   4.6145e-20
9230.00   2.0447e-25
9232.00   2.9229e-18
9234.00   1.5799e-20
9236.00   2.6715e-26
9238.00   7.1194e-19
9240.00   7.1470e-22
9242.00   9.7943e-19
9244.00   2.5771e-20
9246.00   1.7055e-21
9248.00   1.0114e-19
9250.00   5.7153e-21
9252.00   1.4086e-17
9254.00   4.4739e-22
9256.00   3.2600e-26
9258.00   2.5544e-18
9260.00   4.7084e-24
9262.00   4.2630e-29
9264.00   4.7669e-20
9266.00   2.5316e-24
9268.00   1.1987e-17
9270.00   1.2989e-22
9272.00   8.6625e-18
9274.00   6.0288e-19
9276.00   3.5512e-27
9278.00   1.4743e-24
9280.00   1.3510e-28
9282.00   5.8029e-20
9284.00   1.1385e-20
9286.00   3.9811e-19
9288.00   1.2150e-24
9290.00   2.4101e-18
9292.00   1.6592e-27
9294.00   1.5483e-22
9296.00   5.1744e-17
9298.00   9.3470e-19
9300.00   4.0331e-22
9302.00   3.2090e-27
9304.00   1.2600e-17
9306.00   1.9502e-20
9308.00   2.3182e-22
9310.00   1.4627e-21
9312.00   3.5157e-23
9314.00   3.9113e-24
9316.00   5.1007e-18
9318.00   8.8766e-24
9320.00   5.6708e-19
9322.00   1.8010e-19
9324.00   9.5166e-18
9326.00   1.9560e-17
9328.00   5.6661e-18
9330.00   8.2818e-20
9332.00   1.3133e-27
9334.00   3.8038e-24
9336.00   5.9576e-21
9338.00   8.7653e-22
9340.00   4.9435e-24
9342.00   1.7124e-17
9344.00   1.4822e-28
9346.00   1.2689e-22
9348.00   1.3160e-19
9350.00   9.5576e-19
9352.00   1.8464e-18
9354.00   6.4014e-27
9356.00   2.2770e-19
9358.00   7.1092e-19
9360.00   6.1914e-25
9362.00   2.1240e-21
9364.00   4.2623e-25
9366.00   4.2386e-21
9368.00   1.1465e-17
9370.00   5.0984e-26
9372.00   3.2450e-20
9374.00   3.0484e-20
9376.00   8.0902e-18
9378.00   2.3986e-22
9380.00   2.5697e-21
9382.00   6.8057e-19
9384.00   9.6962e-19
9386.00   6.3766e-21
9388.00   1.2518e-17
9390.00   1.9376e-22
9392.00   5.5245e-20
9394.00   3.8357e-21
9396.00   2.4051e-28
9398.00   6.2155e-27
9400.00   1.3150e-17
9402.00   2.5518e-24
9404.00   3.1114e-19
9406.00   3.1812e-21
9408.00   3.6392e-18
9410.00   1.1857e-18
9412.00   7.4034e-21
9414.00   3.6583e-20
9416.00   6.9300e-25
9418.00   6.3255e-18
9420.00   7.1764e-22
9422.00   6.2733e-22
9424.00   9.2631e-22
9426.00   2.9535e-20
9428.00   1.0049e-16
9430.00   2.1964e-21
9432.00   1.2281e-18
9434.00   7.8223e-29
9436.00   2.5571e-18
9438.00   2.2304e-20
9440.00   8.1221e-21
9442.00   5.6751e-20
9444.00   3.6176e-25
9446.00   1.6122e-19
9448.00   1.2442e-21
9450.00   1.7820e-26
9452.00   1.1714e-20
9454.00   2.1899e-25
9456.00   2.0525e-20
9458.00   1.0160e-21
9460.00   5.5298e-23
9462.00   1.4183e-22
9464.00   5.5964e-18
9466.00   7.9595e-19
9468.00   1.2374e-19
9470.00   7.3870e-18
9472.00   7.9333e-22
9474.00   9.2792e-17
9476.00   3.0760e-21
9478.00   6.2190e-21
9480.00   1.2896e-25
9482.00   2.1966e-19
9484.00   6.6541e-24
9486.00   3.9347e-21
9488.00   8.0922e-25
9490.00   2.1366e-19
9492.00   3.4369e-20
9494.00   1.2960e-27
9496.00   3.1469e-20
9498.00   2.3900e-17
9500.00   2.2237e-20
9502.00   6.3420e-27
9504.00   1.0673e-21
9506.00   6.5585e-27
9508.00   2.3897e-22
9510.00   1.7941e-17
9512.00   2.4600e-26
9514.00   8.0476e-18
9516.00   1.0037e-24
9518.00   5.4423e-20
9520.00   3.1677e-20
9522.00   1.7743e-23
9524.00   9.4836e-20
9526.00   3.6782e-18
9528.00   1.2865e-17
9530.00   7.9963e-24
9532.00   8.4101e-18
9534.00   1.0156e-17
9536.00   2.3101e-19
9538.00   3.4059e-25
9540.00   3.3176e-21
9542.00   3.3144e-20
9544.00   1.1963e-26
9546.00   7.1772e-20
9548.00   1.2249e-20
9550.00   1.2422e-17
9552.00   1.5818e-19
9554.00   8.7057e-23
9556.00   2.2218e-16
9558.00   9.9286e-20
9560.00   6.3179e-17
9562.00   3.2916e-27
9564.00   2.8402e-20
9566.00   6.9237e-19
9568.00   4.1199e-20
9570.00   1.2196e-18
9572.00   6.7297e-17
9574.00   4.6662e-21
9576.00   5.1753e-27
9578.00   1.8102e-21
9580.00   2.1762e-20
9582.00   1.6095e-21
9584.00   2.6629e-26
9586.00   3.4814e-22
9588.00   4.1573e-25
9590.00   1.4231e-18
9592.00   1.0983e-20
9594.00   1.9893e-23
9596.00   3.2895e-19
9598.00   8.1311e-20
9600.00   5.2727e-23
9602.00   2.6405e-21
9604.00   1.0546e-27
9606.00   6.5036e-19
9608.00   1.1612e-20
9610.00   2.6999e-21
9612.00   1.0723e-22
9614.00   1.6754e-17
9616.00   3.8225e-27
9618.00   1.1801e-17
9620.00   3.9361e-24
9622.00   3.8847e-26
9624.00   1.0160e-26
9626.00   3.2547e-27
9628.00   9.5315e-27
9630.00   2.9437e-20
9632.00   1.0390e-20
9634.00   4.7220e-18
9636.00   8.9275e-25
9638.00   3.4051e-20
9640.00   4.2742e-21
9642.00   2.8147e-21
9644.00   1.7597e-26
9646.00   8.4063e-21
9648.00   2.0945e-24
9650.00   5.6449e-24
9652.00   1.8275e-18
9654.00   1.0478e-28
9656.00   2.9939e-18
9658.00   2.1111e-24
9660.00   4.1507e-23
9662.00   4.8506e-18
9664.00   6.6125e-20
9666.00   1.1731e-26
9668.00   2.9915e-23
9670.00   3.1802e-19
9672.00   1.9946e-19
9674.00   1.9297e-22
9676.00   1.0872e-19
9678.00   2.6759e-22
9680.00   1.0459e-17
9682.00   1.7663e-17
9684.00   3.0549e-21
9686.00   1.7909e-22
9688.00   2.4672e-27
9690.00   1.5643e-24
9692.00   2.1847e-25
9694.00   4.3096e-27
9696.00   4.9705e-20
9698.00   2.3103e-23
9700.00   2.3030e-21
9702.00   1.2191e-26
9704.00   1.1431e-20
9706.00   3.7507e-24
9708.00   3.3155e-25
9710.00   3.0004e-26
9712.00   1.5731e-19
9714.00   3.7021e-20
9716.00   2.0178e-26
9718.00   1.4018e-19
9720.00   1.2254e-24
9722.00   6.5971e-20
9724.00   6.1268e-21
9726.00   1.7956e-25
9728.00   1.6606e-23
9730.00   3.2202e-20
9732.00   2.9569e-19
9734.00   8.1664e-22
9736.00   2.9771e-20
9738.00   7.0840e-20
9740.00   1.0740e-22
9742.00   1.9125e-19
9744.00   2.0820e-19
9746.00   6.3415e-19
9748.00   2.4555e-20
9750.00   6.7158e-20
9752.00   1.4825e-25
9754.00   6.3680e-23
9756.00   2.8351e-19
9758.00   3.7836e-28
9760.00   3.2809e-24
9762.00   2.4855e-26
9764.00   2.8213e-19
9766.00   3.3983e-19
9768.00   5.5911e-22
9770.00   5.0992e-23
9772.00   5.4973e-23
9774.00   6.0943e-25
9776.00   1.5083e-26
9778.00   6.0228e-25
9780.00   6.8421e-22
9782.00   3.6523e-20
9784.00   1.0332e-28
9786.00   4.5874e-25
9788.00   1.1782e-18
9790.00   8.2074e-21
9792.00   5.3975e-25
9794.00   1.8257e-23
9796.00   9.4862e-19
9798.00   7.5468e-21
9800.00   9.1798e-21
9802.00   1.3412e-25
9804.00   3.1025e-21
9806.00   9.1264e-20
9808.00   1.2118e-19
9810.00   4.9782e-22
9812.00   3.8563e-17
9814.00   8.2803e-24
9816.00   9.3152e-20
9818.00   4.2675e-25
9820.00   2.2066e-23
9822.00   1.3309e-23
9824.00   6.9870e-24
9826.00   1.4614e-19
9828.00   6.7128e-21
9830.00   1.1699e-22
9832.00   5.7831e-30
9834.00   6.5060e-28
9836.00   7.1303e-27
9838.00   1.1911e-20
9840.00   1.7012e-27
9842.00   7.7140e-21
9844.00   5.6231e-18
9846.00   3.5801e-23
9848.00   3.7042e-19
9850.00   2.3298e-18
9852.00   2.5948e-25
9854.00   1.1610e-24
9856.00   8.5377e-26
9858.00   4.2391e-22
9860.00   3.7427e-22
9862.00   8.9069e-20
9864.00   3.6479e-23
9866.00   3.4897e-25
9868.00   1.5840e-18
9870.00   2.3108e-23
9872.00   1.7587e-21
9874.00   4.6620e-21
9876.00   4.3697e-21
9878.00   1.0466e-25
9880.00   6.4018e-18
9882.00   5.8115e-18
9884.00   3.1125e-23
9886.00   1.8304e-25
9888.00   1.7310e-24
9890.00   8.0881e-27
9892.00   3.0625e-23
9894.00   2.4469e-17
9896.00   8.8011e-19
9898.00   2.8464e-21
9900.00   5.2546e-19
9902.00   8.0603e-24
9904.00   4.8258e-19
9906.00   5.0600e-20
9908.00   2.4046e-19
9910.00   1.9052e-17
9912.00   7.6358e-18
9914.00   1.6559e-25
9916.00   1.2910e-22
9918.00   2.4753e-22
9920.00   1.5831e-19
9922.00   5.4635e-21
9924.00   1.0388e-20
9926.00   1.3939e-21
9928.00   2.3165e-27
9930.00   1.4565e-26
9932.00   8.2157e-21
9934.00   2.2608e-22
9936.00   7.0287e-22
9938.00   1.7653e-20
9940.00   1.8177e-22
9942.00   9.1967e-22
9944.00   1.4539e-21
9946.00   2.2261e-18
9948.00   6.3578e-25
9950.00   6.2264e-18
9952.00   3.5104e-26
9954.00   4.0629e-20
9956.00   3.8645e-17
9958.00   5.7921e-20
9960.00   4.4790e-25
9962.00   2.2731e-21
9964.00   3.7907e-27
9966.00   1.6079e-27
9968.00   1.5669e-22
9970.00   2.0580e-20
9972.00   4.4417e-22
9974.00   2.8002e-28
9976.00   1.1068e-18
9978.00   9.1886e-21
9980.00   1.1676e-25
9982.00   3.0433e-20
9984.00   1.7894e-20
9986.00   2.2142e-23
9988.00   1.1496e-28
9990.00   2.0867e-23
9992.00   1.6864e-20
9994.00   6.5757e-21
9996.00   1.4443e-21
9998.00   4.3866e-16
10000.00   2.8353e-25
