1000.00   2.2545e-16
1002.00   2.7060e-16
1004.00   1.7440e-16
1006.00   9.8062e-17
1008.00   7.3823e-17
1010.00   1.5362e-16
1012.00   5.0822e-17
1014.00   2.0326e-16
1016.00   7.5506e-17
1018.00   1.1892e-16
1020.00   1.4954e-16
1022.00   1.2520e-16
1024.00   8.0966e-17
1026.00   5.8758e-17
1028.00   1.1412e-16
1030.00   1.2468e-16
1032.00   1.8492e-16
1034.00   1.9503e-16
1036.00   3.6713e-16
1038.00   1.4474e-16
1040.00   1.4073e-16
1042.00   3.4107e-16
1044.00   2.2612e-16
1046.00   3.2554e-16
1048.00   6.6505e-17
1050.00   2.0109e-16
1052.00   2.7198e-16
1054.00   2.8906e-16
1056.00   5.8585e-16
1058.00   3.5313e-16
1060.00   6.1433e-16
1062.00   9.0174e-16
1064.00   1.1991e-15
1066.00   4.5198e-16
1068.00   9.4800e-16
1070.00   5.0499e-16
1072.00   7.9897e-16
1074.00   1.9786e-15
1076.00   1.7872e-15
1078.00   6.5578e-16
1080.00   2.9950e-16
1082.00   3.7559e-16
1084.00   5.5967e-16
1086.00   4.5139e-16
1088.00   6.1588e-16
1090.00   7.6518e-16
1092.00   6.3671e-16
1094.00   8.9755e-16
1096.00   6.9589e-16
1098.00   7.1898e-16
1100.00   1.1263e-15
1102.00   4.0643e-16
1104.00   4.1788e-16
1106.00   6.6077e-16
1108.00   1.1748e-15
1110.00   1.0417e-15
1112.00   1.9368e-15
1114.00   3.6599e-15
1116.00   1.4593e-15
1118.00   1.8902e-16
1120.00   3.8250e-16
1122.00   5.5708e-16
1124.00   5.5374e-16
1126.00   1.2819e-15
1128.00   1.0240e-15
1130.00   5.8872e-16
1132.00   9.0243e-16
1134.00   1.6109e-15
1136.00   6.3489e-16
1138.00   3.8128e-16
1140.00   9.1691e-16
1142.00   7.1345e-16
1144.00   3.9128e-15
1146.00   2.0295e-15
1148.00   2.7612e-15
1150.00   2.3141e-15
1152.00   1.1812e-15
1154.00   1.7249e-15
1156.00   1.1382e-15
1158.00   1.5604e-15
1160.00   1.6731e-15
1162.00   1.2140e-15
1164.00   1.2845e-15
1166.00   2.0995e-15
1168.00   1.8191e-15
1170.00   2.1189e-15
1172.00   2.1280e-15
1174.00   2.2493e-15
1176.00   1.0776e-15
1178.00   9.3537e-16
1180.00   6.1533e-16
1182.00   1.2341e-15
1184.00   1.6078e-15
1186.00   1.3125e-15
1188.00   2.3168e-15
1190.00   1.3444e-15
1192.00   1.9120e-15
1194.00   8.5285e-16
1196.00   1.2152e-15
1198.00   4.8403e-15
1200.00   1.2511e-15
1202.00   7.6696e-16
1204.00   3.8927e-16
1206.00   3.7898e-16
1208.00   9.6637e-16
1210.00   4.3379e-15
1212.00   1.8227e-15
1214.00   1.6729e-15
1216.00   4.2617e-15
1218.00   1.1279e-15
1220.00   7.0911e-15
1222.00   2.9537e-16
1224.00   1.0086e-15
1226.00   9.3337e-16
1228.00   1.2823e-15
1230.00   4.8619e-16
1232.00   1.5475e-15
1234.00   1.4232e-15
1236.00   9.6748e-16
1238.00   1.2426e-15
1240.00   8.8329e-16
1242.00   1.4862e-15
1244.00   1.0523e-15
1246.00   8.4506e-16
1248.00   7.5102e-16
1250.00   5.4983e-16
1252.00   1.1050e-15
1254.00   9.1978e-16
1256.00   1.1902e-15
1258.00   2.2272e-15
1260.00   1.0677e-15
1262.00   1.5554e-15
1264.00   8.8354e-16
1266.00   1.7778e-15
1268.00   8.3960e-16
1270.00   7.1602e-16
1272.00   1.5775e-15
1274.00   1.0797e-15
1276.00   1.4689e-15
1278.00   8.6850e-16
1280.00   1.1937e-15
1282.00   7.7553e-16
1284.00   1.2142e-15
1286.00   8.1025e-16
1288.00   1.0169e-15
1290.00   1.7464e-15
1292.00   1.1419e-15
1294.00   6.1650e-16
1296.00   3.8276e-15
1298.00   6.7672e-16
1300.00   3.0694e-15
1302.00   1.3904e-15
1304.00   1.3510e-15
1306.00   1.2243e-15
1308.00   8.5698e-16
1310.00   7.7666e-16
1312.00   6.3424e-16
1314.00   1.1404e-15
1316.00   7.8939e-16
1318.00   1.4754e-15
1320.00   1.1644e-15
1322.00   1.0538e-15
1324.00   1.6991e-15
1326.00   6.3280e-16
1328.00   1.0322e-15
1330.00   9.8127e-16
1332.00   1.1782e-15
1334.00   4.3118e-16
1336.00   4.5297e-16
1338.00   6.1216e-16
1340.00   1.3220e-15
1342.00   5.2615e-16
1344.00   5.0421e-16
1346.00   8.9435e-16
1348.00   2.1266e-16
1350.00   7.4121e-16
1352.00   7.0039e-16
1354.00   1.6171e-15
1356.00   6.2292e-16
1358.00   8.2670e-16
1360.00   1.0167e-15
1362.00   1.5978e-15
1364.00   1.0581e-15
1366.00   1.2147e-15
1368.00   9.5168e-16
1370.00   7.5836e-16
1372.00   1.1612e-15
1374.00   1.8244e-15
1376.00   1.1881e-15
1378.00   1.3030e-15
1380.00   1.2117e-15
1382.00   1.4444e-15
1384.00   1.3250e-15
1386.00   8.5188e-16
1388.00   1.1708e-15
1390.00   3.5692e-16
1392.00   8.7933e-16
1394.00   6.2088e-16
1396.00   1.0135e-15
1398.00   8.1929e-16
1400.00   1.8081e-15
1402.00   1.0429e-15
1404.00   1.0046e-15
1406.00   6.9455e-16
1408.00   6.0100e-16
1410.00   7.8978e-16
1412.00   6.5110e-16
1414.00   1.1393e-15
1416.00   1.4323e-15
1418.00   1.4568e-15
1420.00   8.3453e-16
1422.00   5.4339e-16
1424.00   1.0354e-15
1426.00   4.9887e-16
1428.00   9.6406e-16
1430.00   7.6192e-16
1432.00   1.0544e-15
1434.00   7.5424e-16
1436.00   1.0045e-15
1438.00   8.5081e-16
1440.00   9.0277e-16
1442.00   1.1215e-15
1444.00   7.6344e-16
1446.00   5.6612e-16
1448.00   4.1002e-16
1450.00   7.7309e-16
1452.00   1.2365e-15
1454.00   5.6449e-16
1456.00   6.4104e-16
1458.00   5.1822e-16
1460.00   3.9058e-16
1462.00   9.0464e-16
1464.00   5.5093e-16
1466.00   3.9925e-16
1468.00   5.3770e-16
1470.00   7.3945e-16
1472.00   4.3214e-16
1474.00   1.7541e-15
1476.00   5.1973e-16
1478.00   1.6277e-15
1480.00   5.4473e-16
1482.00   3.4236e-16
1484.00   1.6572e-15
1486.00   1.0261e-15
1488.00   6.5144e-16
1490.00   1.2426e-15
1492.00   1.1725e-15
1494.00   1.2381e-15
1496.00   7.2301e-16
1498.00   2.5093e-16
1500.00   3.5856e-16
1502.00   6.7929e-16
1504.00   6.2596e-16
1506.00   8.7545e-16
1508.00   1.0505e-15
1510.00   3.7931e-16
1512.00   9.2673e-16
1514.00   3.7849e-16
1516.00   3.8912e-16
1518.00   1.4417e-16
1520.00   3.8630e-16
1522.00   9.0559e-16
1524.00   6.4009e-16
1526.00   7.0578e-16
1528.00   8.3462e-16
1530.00   1.1958e-16
1532.00   5.8421e-16
1534.00   2.6281e-16
1536.00   1.4640e-16
1538.00   2.6828e-16
1540.00   2.5578e-16
1542.00   3.3752e-16
1544.00   3.3170e-16
1546.00   3.9899e-16
1548.00   3.8591e-16
1550.00   6.5553e-16
1552.00   8.8966e-16
1554.00   3.2713e-16
1556.00   1.0064e-15
1558.00   3.3632e-16
1560.00   6.1684e-16
1562.00   3.8990e-16
1564.00   4.8197e-16
1566.00   4.4529e-16
1568.00   2.6119e-16
1570.00   8.9490e-16
1572.00   1.3817e-15
1574.00   1.4521e-15
1576.00   1.6826e-16
1578.00   1.1212e-15
1580.00   1.5149e-15
1582.00   7.3518e-16
1584.00   3.0084e-16
1586.00   6.5701e-16
1588.00   7.6075e-16
1590.00   2.5929e-16
1592.00   3.5893e-16
1594.00   1.1073e-15
1596.00   3.9977e-16
1598.00   4.3729e-16
1600.00   8.0670e-16
1602.00   6.4575e-16
1604.00   2.9819e-16
1606.00   1.0219e-15
1608.00   4.4944e-16
1610.00   4.2679e-16
1612.00   3.2690e-16
1614.00   5.0502e-16
1616.00   8.0308e-17
1618.00   4.7070e-16
1620.00   3.1771e-16
1622.00   5.8532e-16
1624.00   5.6948e-16
1626.00   9.4207e-16
1628.00   9.8848e-16
1630.00   1.0532e-15
1632.00   6.7175e-16
1634.00   7.8345e-16
1636.00   6.5579e-16
1638.00   5.6062e-16
1640.00   1.1541e-15
1642.00   1.0038e-15
1644.00   6.6026e-16
1646.00   5.0048e-16
1648.00   4.3333e-16
1650.00   7.9301e-16
1652.00   2.1780e-16
1654.00   9.2649e-16
1656.00   8.3482e-16
1658.00   9.7581e-16
1660.00   3.1946e-16
1662.00   4.3343e-16
1664.00   3.3669e-16
1666.00   1.4103e-16
1668.00   2.4353e-16
1670.00   1.8955e-16
1672.00   7.4299e-17
1674.00   5.1528e-16
1676.00   6.7082e-16
1678.00   2.6889e-16
1680.00   3.2404e-16
1682.00   5.6866e-16
1684.00   3.3864e-16
1686.00   4.0385e-16
1688.00   6.9258e-16
1690.00   7.9217e-16
1692.00   2.6621e-16
1694.00   4.7821e-16
1696.00   1.8099e-16
1698.00   4.3522e-16
1700.00   2.4658e-16
1702.00   7.5990e-16
1704.00   5.7616e-16
1706.00   2.4088e-16
1708.00   5.2154e-16
1710.00   1.3576e-15
1712.00   3.3807e-16
1714.00   6.2106e-16
1716.00   9.5779e-16
1718.00   7.9577e-16
1720.00   6.0895e-16
1722.00   7.3439e-16
1724.00   1.2713e-15
1726.00   8.6116e-16
1728.00   2.5231e-16
1730.00   8.0480e-17
1732.00   7.2060e-16
1734.00   2.2685e-16
1736.00   1.5902e-16
1738.00   4.9544e-16
1740.00   8.9202e-17
1742.00   4.8951e-16
1744.00   8.7052e-17
1746.00   5.5411e-16
1748.00   5.6912e-16
1750.00   3.9605e-16
1752.00   6.6016e-17
1754.00   5.0806e-17
1756.00   6.2349e-17
1758.00   3.3714e-16
1760.00   4.0649e-16
1762.00   5.0545e-16
1764.00   3.6498e-16
1766.00   1.7920e-16
1768.00   2.5794e-16
1770.00   3.1119e-16
1772.00   1.5272e-16
1774.00   1.0728e-15
1776.00   3.0264e-16
1778.00   3.8126e-16
1780.00   1.1954e-16
1782.00   4.8299e-16
1784.00   3.2122e-16
1786.00   1.5366e-15
1788.00   8.9105e-16
1790.00   4.5685e-16
1792.00   2.7965e-16
1794.00   1.0277e-15
1796.00   5.4428e-16
1798.00   8.6751e-16
1800.00   7.3160e-17
1802.00   1.8682e-16
1804.00   8.0859e-16
1806.00   4.7159e-16
1808.00   5.1260e-16
1810.00   4.3282e-16
1812.00   3.6335e-16
1814.00   2.0998e-16
1816.00   5.4763e-16
1818.00   2.8233e-16
1820.00   1.2307e-16
1822.00   1.6883e-16
1824.00   5.2706e-16
1826.00   3.2107e-16
1828.00   5.1875e-16
1830.00   3.8724e-16
1832.00   3.6962e-16
1834.00   6.6697e-16
1836.00   3.6063e-16
1838.00   2.4558e-18
1840.00   6.7282e-16
1842.00   3.4180e-16
1844.00   6.7620e-16
1846.00   2.5986e-16
1848.00   5.0175e-16
1850.00   8.8381e-17
1852.00   6.3093e-16
1854.00   1.7390e-16
1856.00   2.4729e-16
1858.00   1.5473e-16
1860.00   2.9704e-16
1862.00   5.3482e-16
1864.00   4.1984e-16
1866.00   1.4421e-16
1868.00   2.4201e-16
1870.00   3.0937e-16
1872.00   2.0843e-16
1874.00   2.3282e-16
1876.00   3.3772e-16
1878.00   4.4417e-16
1880.00   4.5139e-16
1882.00   2.7715e-16
1884.00   9.8009e-16
1886.00   3.9693e-16
1888.00   4.0214e-16
1890.00   2.4078e-16
1892.00   9.7419e-17
1894.00   5.0527e-17
1896.00   2.8995e-16
1898.00   3.6860e-16
1900.00   5.1009e-16
1902.00   4.4698e-16
1904.00   6.8891e-16
1906.00   4.1989e-16
1908.00   1.4289e-16
1910.00   3.6080e-16
1912.00   4.4434e-16
1914.00   1.4453e-16
1916.00   3.5914e-16
1918.00   5.0826e-16
1920.00   6.0329e-16
1922.00   1.1581e-16
1924.00   7.3064e-17
1926.00   5.7812e-16
1928.00   5.2409e-16
1930.00   2.9833e-16
1932.00   3.3370e-16
1934.00   2.8275e-16
1936.00   4.2439e-16
1938.00   9.5606e-17
1940.00   4.5954e-16
1942.00   2.0538e-16
1944.00   5.5322e-16
1946.00   4.8480e-16
1948.00   7.3691e-16
1950.00   7.2334e-17
1952.00   1.7985e-16
1954.00   9.8813e-17
1956.00   3.3157e-16
1958.00   9.6649e-16
1960.00   4.2420e-17
1962.00   6.1276e-16
1964.00   3.8901e-16
1966.00   9.6849e-16
1968.00   9.3458e-16
1970.00   5.9570e-16
1972.00   5.6110e-16
1974.00   2.8417e-16
1976.00   7.7183e-16
1978.00   2.4940e-16
1980.00   1.1488e-16
1982.00   2.2626e-17
1984.00   4.2999e-16
1986.00   6.0422e-16
1988.00   1.9490e-16
1990.00   3.1223e-16
1992.00   2.7531e-16
1994.00   1.9562e-16
1996.00   3.4413e-16
1998.00   4.8074e-17
2000.00   9.1808e-16
2002.00   8.5385e-17
2004.00   4.0317e-16
2006.00   2.7412e-16
2008.00   7.7811e-16
2010.00   4.8497e-16
2012.00   3.1566e-16
2014.00   7.0721e-16
2016.00   6.4091e-16
2018.00   4.5729e-16
2020.00   4.4572e-16
2022.00   7.7508e-17
2024.00   5.7916e-16
2026.00   3.0813e-16
2028.00   4.2861e-16
2030.00   6.1640e-16
2032.00   5.4218e-16
2034.00   4.6643e-16
2036.00   1.5418e-16
2038.00   2.2717e-16
2040.00   5.8876e-16
2042.00   2.3874e-17
2044.00   5.4360e-16
2046.00   4.9429e-17
2048.00   3.4669e-16
2050.00   4.1495e-17
2052.00   3.2810e-16
2054.00   1.5884e-16
2056.00   3.6594e-16
2058.00   4.5736e-16
2060.00   8.2189e-17
2062.00   4.3710e-16
2064.00   4.6379e-16
2066.00   4.0595e-16
2068.00   5.1727e-16
2070.00   7.4411e-16
2072.00   5.2784e-16
2074.00   4.9004e-16
2076.00   2.2507e-16
2078.00   8.3358e-16
2080.00   3.9171e-16
2082.00   2.4450e-16
2084.00   1.3463e-16
2086.00   1.9421e-16
2088.00   3.7598e-16
2090.00   2.5309e-17
2092.00   1.5453e-16
2094.00   3.1227e-16
2096.00   2.5288e-16
2098.00   1.4188e-16
2100.00   2.5724e-16
2102.00   5.1507e-16
2104.00   2.5735e-17
2106.00   7.2452e-16
2108.00   7.2882e-16
2110.00   1.0426e-15
2112.00   1.4690e-17
2114.00   4.1679e-16
2116.00   1.6313e-15
2118.00   2.2081e-16
2120.00   2.4328e-16
2122.00   1.7438e-16
2124.00   3.3332e-17
2126.00   3.4180e-16
2128.00   3.9306e-16
2130.00   6.1445e-16
2132.00   5.5633e-16
2134.00   3.4384e-16
2136.00   2.2760e-16
2138.00   5.9714e-16
2140.00   2.3686e-16
2142.00   7.4465e-16
2144.00   1.3806e-16
2146.00   2.3503e-16
2148.00   2.4561e-16
2150.00   4.6720e-16
2152.00   4.6244e-16
2154.00   1.7172e-16
2156.00   2.4616e-16
2158.00   2.5850e-16
2160.00   3.9997e-16
2162.00   5.1451e-16
2164.00   4.2940e-16
2166.00   4.3237e-16
2168.00   5.8080e-16
2170.00   2.4025e-16
2172.00   8.5414e-17
2174.00   7.4938e-16
2176.00   2.9933e-16
2178.00   4.1564e-16
2180.00   2.7838e-16
2182.00   1.3691e-16
2184.00   7.2014e-16
2186.00   1.4355e-16
2188.00   7.0448e-16
2190.00   3.2914e-16
2192.00   1.6587e-16
2194.00   2.3282e-16
2196.00   1.3254e-16
2198.00   2.9724e-16
2200.00   2.8887e-17
2202.00   4.1281e-16
2204.00   4.5128e-16
2206.00   4.3313e-16
2208.00   2.6033e-16
2210.00   5.2793e-16
2212.00   4.5974e-16
2214.00   6.6715e-16
2216.00   6.1020e-16
2218.00   5.3460e-16
2220.00   5.1784e-16
2222.00   4.6547e-16
2224.00   8.6062e-16
2226.00   4.4496e-16
2228.00   7.8518e-16
2230.00   3.0462e-16
2232.00   6.6867e-16
2234.00   6.6154e-16
2236.00   4.3131e-16
2238.00   7.0220e-16
2240.00   5.0078e-16
2242.00   8.0595e-16
2244.00   7.8466e-16
2246.00   7.1906e-16
2248.00   2.8170e-16
2250.00   1.0903e-15
2252.00   3.4120e-16
2254.00   9.7578e-16
2256.00   1.2118e-15
2258.00   4.8474e-16
2260.00   7.5957e-16
2262.00   4.9618e-16
2264.00   6.9961e-16
2266.00   1.0462e-15
2268.00   7.0298e-16
2270.00   5.9017e-16
2272.00   9.1751e-16
2274.00   8.5305e-16
2276.00   1.0682e-15
2278.00   5.2909e-16
2280.00   6.5636e-16
2282.00   3.9255e-16
2284.00   6.3282e-16
2286.00   4.4697e-16
2288.00   5.3878e-16
2290.00   2.7073e-16
2292.00   2.4739e-16
2294.00   1.1026e-15
2296.00   4.3901e-16
2298.00   4.4269e-16
2300.00   3.6308e-16
2302.00   2.6140e-16
2304.00   6.4949e-16
2306.00   5.5886e-16
2308.00   1.3740e-15
2310.00   5.9383e-16
2312.00   9.7629e-16
2314.00   1.1274e-15
2316.00   1.2402e-16
2318.00   8.6895e-16
2320.00   5.9550e-18
2322.00   5.1360e-16
2324.00   2.8099e-16
2326.00   1.0250e-15
2328.00   1.0152e-15
2330.00   6.6050e-16
2332.00   1.3090e-15
2334.00   1.5233e-16
2336.00   7.1596e-17
2338.00   8.6131e-16
2340.00   1.0922e-15
2342.00   2.1407e-16
2344.00   1.3778e-15
2346.00   1.1044e-15
2348.00   1.8827e-15
2350.00   1.1037e-16
2352.00   1.2388e-15
2354.00   5.7250e-16
2356.00   1.0550e-15
2358.00   4.9079e-16
2360.00   2.5155e-15
2362.00   8.9721e-16
2364.00   1.6882e-15
2366.00   1.5897e-15
2368.00   8.2521e-16
2370.00   9.7290e-16
2372.00   6.2216e-16
2374.00   9.5635e-16
2376.00   7.7900e-16
2378.00   2.6902e-16
2380.00   1.7306e-15
2382.00   1.0633e-15
2384.00   1.0996e-15
2386.00   1.0104e-15
2388.00   2.0653e-15
2390.00   5.8719e-16
2392.00   5.3733e-16
2394.00   7.5270e-16
2396.00   2.7720e-15
2398.00   3.1510e-16
2400.00   1.8876e-15
2402.00   1.1867e-15
2404.00   2.0254e-15
2406.00   1.3178e-15
2408.00   6.4999e-16
2410.00   1.6122e-15
2412.00   1.1387e-15
2414.00   1.4781e-15
2416.00   9.3540e-16
2418.00   1.0216e-15
2420.00   3.9527e-16
2422.00   6.8525e-16
2424.00   1.4978e-15
2426.00   8.6338e-16
2428.00   1.3949e-15
2430.00   1.9923e-15
2432.00   1.5858e-15
2434.00   1.6171e-15
2436.00   1.0018e-15
2438.00   7.9894e-16
2440.00   1.0917e-15
2442.00   3.1347e-16
2444.00   6.2317e-16
2446.00   1.4747e-15
2448.00   1.2419e-15
2450.00   1.0040e-15
2452.00   7.2572e-16
2454.00   1.1004e-15
2456.00   8.0966e-16
2458.00   1.0775e-15
2460.00   1.1022e-15
2462.00   1.0425e-15
2464.00   1.6598e-15
2466.00   1.4040e-15
2468.00   7.2506e-16
2470.00   1.7479e-15
2472.00   1.3047e-15
2474.00   1.4058e-15
2476.00   6.5224e-16
2478.00   9.6491e-16
2480.00   7.9682e-16
2482.00   1.4089e-15
2484.00   8.2223e-16
2486.00   5.5532e-16
2488.00   7.0215e-16
2490.00   1.4142e-15
2492.00   7.0695e-16
2494.00   6.8620e-16
2496.00   3.4768e-16
2498.00   1.1903e-15
2500.00   4.6586e-16
2502.00   6.7140e-16
2504.00   9.3999e-16
2506.00   1.2564e-15
2508.00   9.2968e-16
2510.00   1.1495e-15
2512.00   1.3428e-15
2514.00   1.1249e-15
2516.00   6.2129e-16
2518.00   6.5356e-16
2520.00   1.7416e-15
2522.00   1.1912e-15
2524.00   3.5707e-16
2526.00   2.0482e-15
2528.00   5.7386e-16
2530.00   1.1738e-15
2532.00   2.0700e-16
2534.00   3.3236e-16
2536.00   8.6301e-16
2538.00   2.0862e-15
2540.00   1.1478e-15
2542.00   9.2976e-16
2544.00   6.3108e-16
2546.00   7.5369e-16
2548.00   8.6500e-16
2550.00   1.5202e-15
2552.00   5.6321e-16
2554.00   6.0716e-16
2556.00   7.2966e-16
2558.00   5.9965e-16
2560.00   1.2535e-15
2562.00   1.1266e-15
2564.00   7.6092e-16
2566.00   1.1996e-15
2568.00   6.4871e-16
2570.00   5.2643e-16
2572.00   6.1340e-16
2574.00   6.5710e-16
2576.00   3.8600e-16
2578.00   7.4435e-16
2580.00   2.6894e-16
2582.00   1.0437e-15
2584.00   4.9298e-16
2586.00   8.3707e-16
2588.00   1.0776e-15
2590.00   3.2235e-16
2592.00   1.0437e-15
2594.00   2.8360e-16
2596.00   2.7674e-16
2598.00   2.0774e-15
2600.00   1.0296e-15
2602.00   2.1832e-17
2604.00   5.5083e-16
2606.00   1.1708e-15
2608.00   1.6742e-15
2610.00   9.4451e-16
2612.00   2.3040e-15
2614.00   1.5618e-15
2616.00   2.0141e-17
2618.00   1.0640e-15
2620.00   1.2577e-15
2622.00   6.1017e-16
2624.00   7.0433e-16
2626.00   2.3672e-15
2628.00   1.2316e-15
2630.00   9.1049e-16
2632.00   3.0552e-15
2634.00   4.2097e-16
2636.00   4.8680e-16
2638.00   4.3302e-16
2640.00   2.6372e-16
2642.00   6.8119e-16
2644.00   3.5039e-16
2646.00   4.4424e-16
2648.00   6.2528e-17
2650.00   6.2988e-16
2652.00   6.9559e-16
2654.00   3.6174e-16
2656.00   6.4589e-17
2658.00   3.4480e-16
2660.00   2.6156e-16
2662.00   4.7520e-17
2664.00   4.9033e-16
2666.00   6.0945e-16
2668.00   2.4660e-16
2670.00   4.9036e-16
2672.00   1.9813e-16
2674.00   9.3543e-18
2676.00   2.2215e-16
2678.00   3.3326e-16
2680.00   1.8103e-16
2682.00   4.9431e-16
2684.00   7.8021e-16
2686.00   3.4642e-16
2688.00   1.5199e-17
2690.00   2.2263e-16
2692.00   8.5437e-16
2694.00   4.1716e-16
2696.00   8.5568e-17
2698.00   6.5430e-16
2700.00   4.2083e-16
2702.00   4.6713e-17
2704.00   5.5749e-16
2706.00   3.0642e-16
2708.00   3.6549e-16
2710.00   9.9812e-16
2712.00   4.5048e-16
2714.00   5.9191e-16
2716.00   1.2262e-15
2718.00   6.8782e-16
2720.00   3.2029e-16
2722.00   7.7484e-16
2724.00   8.7876e-16
2726.00   1.1468e-16
2728.00   8.1405e-16
2730.00   7.0827e-16
2732.00   7.9300e-16
2734.00   2.6502e-16
2736.00   6.6340e-16
2738.00   2.7360e-16
2740.00   9.4532e-16
2742.00   4.3952e-16
2744.00   7.5388e-16
2746.00   1.6723e-15
2748.00   4.6375e-16
2750.00   2.0162e-15
2752.00   8.9847e-16
2754.00   8.5847e-16
2756.00   1.9166e-15
2758.00   3.3801e-16
2760.00   2.8990e-16
2762.00   1.2050e-15
2764.00   4.6357e-16
2766.00   2.5544e-17
2768.00   1.4728e-15
2770.00   6.5834e-16
2772.00   1.2784e-15
2774.00   3.2455e-16
2776.00   8.6308e-16
2778.00   4.9500e-16
2780.00   4.3726e-16
2782.00   1.2703e-16
2784.00   6.0928e-16
2786.00   6.7130e-16
2788.00   5.5284e-16
2790.00   2.1054e-16
2792.00   1.7290e-16
2794.00   4.4072e-16
2796.00   3.3928e-16
2798.00   1.1736e-16
2800.00   7.0280e-16
2802.00   4.0943e-18
2804.00   3.4543e-16
2806.00   5.5107e-16
2808.00   9.8212e-17
2810.00   2.9316e-16
2812.00   2.5734e-16
2814.00   3.3486e-16
2816.00   2.8935e-17
2818.00   2.9699e-16
2820.00   6.1989e-16
2822.00   2.6981e-16
2824.00   6.9347e-16
2826.00   5.6893e-16
2828.00   6.6238e-16
2830.00   2.4896e-16
2832.00   7.6547e-16
2834.00   6.4149e-16
2836.00   4.8665e-16
2838.00   8.0573e-16
2840.00   1.6838e-15
2842.00   2.4968e-16
2844.00   6.8761e-16
2846.00   6.8536e-16
2848.00   1.5243e-15
2850.00   4.5117e-16
2852.00   3.5717e-16
2854.00   2.8050e-16
2856.00   1.1688e-15
2858.00   1.0374e-15
2860.00   1.3262e-16
2862.00   2.6519e-16
2864.00   7.7282e-16
2866.00   4.4718e-16
2868.00   8.2942e-16
2870.00   1.0109e-15
2872.00   6.5262e-16
2874.00   1.1803e-16
2876.00   6.3073e-17
2878.00   1.4309e-16
2880.00   5.5576e-16
2882.00   3.5495e-16
2884.00   5.0524e-16
2886.00   6.2256e-16
2888.00   6.3523e-16
2890.00   3.3186e-16
2892.00   3.4785e-16
2894.00   2.0595e-16
2896.00   3.2475e-16
2898.00   4.9993e-16
2900.00   1.9854e-17
2902.00   6.1209e-16
2904.00   6.8611e-18
2906.00   3.7351e-16
2908.00   2.5685e-16
2910.00   2.6031e-16
2912.00   2.8462e-17
2914.00   2.8769e-17
2916.00   3.6529e-16
2918.00   5.0105e-16
2920.00   2.0534e-16
2922.00   8.2462e-17
2924.00   1.3331e-16
2926.00   4.4507e-16
2928.00   7.9039e-18
2930.00   1.4911e-16
2932.00   6.1120e-17
2934.00   2.3183e-16
2936.00   1.2812e-16
2938.00   5.8168e-17
2940.00   3.6965e-16
2942.00   7.6893e-18
2944.00   3.4241e-16
2946.00   4.3920e-16
2948.00   3.3874e-16
2950.00   3.1118e-16
2952.00   9.8733e-17
2954.00   4.5932e-16
2956.00   1.3466e-17
2958.00   5.0749e-17
2960.00   4.4274e-16
2962.00   2.5327e-16
2964.00   3.5024e-16
2966.00   5.0706e-16
2968.00   1.1786e-16
2970.00   6.8477e-16
2972.00   2.6477e-16
2974.00   5.5949e-18
2976.00   3.9745e-16
2978.00   1.9136e-17
2980.00   7.1100e-16
2982.00   1.7356e-16
2984.00   6.5298e-16
2986.00   5.2463e-16
2988.00   5.4512e-17
2990.00   2.1010e-17
2992.00   8.6878e-17
2994.00   1.4475e-16
2996.00   1.5581e-18
2998.00   2.5523e-16
3000.00   1.1434e-16
3002.00   6.8441e-16
3004.00   2.8506e-17
3006.00   2.9069e-18
3008.00   1.2500e-18
3010.00   3.3417e-16
3012.00   9.3452e-18
3014.00   2.9572e-16
3016.00   1.7157e-16
3018.00   2.2625e-16
3020.00   2.0978e-16
3022.00   1.0821e-16
3024.00   1.9491e-16
3026.00   1.0523e-16
3028.00   7.7153e-17
3030.00   1.9346e-16
3032.00   9.6225e-18
3034.00   1.4978e-16
3036.00   1.9844e-16
3038.00   1.8078e-16
3040.00   6.4406e-17
3042.00   2.6245e-17
3044.00   3.3991e-16
3046.00   1.9027e-16
3048.00   3.8396e-16
3050.00   1.6016e-16
3052.00   2.1033e-17
3054.00   3.3487e-18
3056.00   3.6073e-16
3058.00   3.2021e-17
3060.00   1.6993e-18
3062.00   1.5827e-16
3064.00   7.4594e-19
3066.00   2.8350e-16
3068.00   1.9133e-16
3070.00   2.5677e-16
3072.00   3.1929e-16
3074.00   1.1867e-17
3076.00   5.6690e-16
3078.00   5.3239e-16
3080.00   2.5144e-16
3082.00   2.4021e-17
3084.00   1.9204e-16
3086.00   1.7611e-19
3088.00   1.7020e-19
3090.00   1.6356e-16
3092.00   1.2099e-18
3094.00   3.8103e-20
3096.00   2.6840e-16
3098.00   3.0771e-17
3100.00   5.4367e-19
3102.00   1.5811e-16
3104.00   1.2088e-17
3106.00   3.3427e-16
3108.00   2.1608e-17
3110.00   1.1507e-18
3112.00   1.0504e-19
3114.00   1.8502e-16
3116.00   1.8447e-16
3118.00   1.3064e-17
3120.00   3.9320e-17
3122.00   1.1434e-17
3124.00   3.1781e-19
3126.00   1.0019e-17
3128.00   1.1305e-18
3130.00   3.9039e-17
3132.00   2.2664e-16
3134.00   2.4135e-17
3136.00   7.8081e-17
3138.00   1.6144e-17
3140.00   2.1050e-17
3142.00   2.7070e-16
3144.00   6.1664e-17
3146.00   1.7570e-16
3148.00   1.7297e-19
3150.00   2.7897e-18
3152.00   1.4925e-17
3154.00   3.6761e-18
3156.00   1.3573e-16
3158.00   1.6358e-16
3160.00   2.5187e-17
3162.00   5.1035e-16
3164.00   7.0716e-16
3166.00   5.0637e-16
3168.00   7.3163e-18
3170.00   2.6190e-16
3172.00   3.4265e-19
3174.00   1.5304e-18
3176.00   2.1769e-18
3178.00   6.0914e-16
3180.00   1.0755e-17
3182.00   7.8926e-19
3184.00   3.6308e-16
3186.00   5.7861e-16
3188.00   2.5357e-16
3190.00   2.5100e-16
3192.00   5.1513e-16
3194.00   3.9913e-16
3196.00   4.0783e-16
3198.00   1.7498e-17
3200.00   9.1524e-20
3202.00   1.8147e-18
3204.00   2.1822e-16
3206.00   7.2380e-19
3208.00   5.8689e-18
3210.00   6.2611e-16
3212.00   8.7213e-17
3214.00   3.3092e-16
3216.00   7.3873e-18
3218.00   4.0061e-18
3220.00   5.5132e-18
3222.00   1.2810e-17
3224.00   1.2248e-16
3226.00   4.5920e-17
3228.00   4.2704e-16
3230.00   1.8714e-16
3232.00   2.9620e-16
3234.00   9.3529e-17
3236.00   3.5711e-18
3238.00   3.3614e-16
3240.00   8.5726e-18
3242.00   5.1333e-19
3244.00   3.2742e-16
3246.00   1.1956e-17
3248.00   4.2132e-16
3250.00   4.4246e-16
3252.00   2.9275e-16
3254.00   2.5465e-19
3256.00   3.7305e-16
3258.00   4.7087e-16
3260.00   2.7002e-16
3262.00   4.4740e-17
3264.00   1.7950e-16
3266.00   2.4078e-18
3268.00   1.9980e-16
3270.00   9.4919e-17
3272.00   8.1947e-19
3274.00   2.6744e-17
3276.00   1.5396e-17
3278.00   4.5299e-16
3280.00   2.6937e-17
3282.00   3.1806e-16
3284.00   4.9264e-17
3286.00   4.2248e-16
3288.00   3.8147e-17
3290.00   1.4439e-16
3292.00   1.8661e-17
3294.00   2.6358e-19
3296.00   4.9325e-16
3298.00   2.6051e-16
3300.00   3.1748e-17
3302.00   2.8523e-16
3304.00   2.1778e-16
3306.00   3.4405e-16
3308.00   4.5821e-20
3310.00   9.7289e-17
3312.00   3.1201e-16
3314.00   1.6227e-16
3316.00   6.7829e-18
3318.00   8.7740e-18
3320.00   4.0023e-17
3322.00   1.5829e-16
3324.00   1.1258e-16
3326.00   4.8176e-17
3328.00   1.6900e-16
3330.00   3.0738e-17
3332.00   3.5410e-18
3334.00   1.7034e-18
3336.00   2.1354e-16
3338.00   1.7577e-16
3340.00   1.7364e-18
3342.00   2.2769e-17
3344.00   1.9827e-18
3346.00   1.8137e-19
3348.00   2.9655e-19
3350.00   1.5721e-19
3352.00   3.4634e-18
3354.00   4.4508e-18
3356.00   2.0247e-18
3358.00   2.8697e-16
3360.00   1.6732e-16
3362.00   2.2186e-16
3364.00   3.5651e-17
3366.00   3.9958e-16
3368.00   2.0017e-17
3370.00   1.6145e-16
3372.00   5.5033e-16
3374.00   8.6155e-19
3376.00   8.7631e-17
3378.00   9.1904e-19
3380.00   1.2181e-16
3382.00   8.5322e-17
3384.00   4.2100e-18
3386.00   1.0113e-16
3388.00   2.9605e-18
3390.00   4.7120e-17
3392.00   3.5869e-16
3394.00   7.6500e-18
3396.00   7.4861e-17
3398.00   1.3638e-17
3400.00   3.6873e-18
3402.00   2.3009e-18
3404.00   1.0316e-17
3406.00   3.7485e-17
3408.00   3.8430e-19
3410.00   1.2250e-16
3412.00   3.4803e-18
3414.00   1.5528e-16
3416.00   1.5854e-16
3418.00   3.4554e-19
3420.00   6.2567e-17
3422.00   3.1363e-18
3424.00   6.3881e-19
3426.00   1.2961e-16
3428.00   9.7546e-17
3430.00   1.0978e-16
3432.00   3.4348e-18
3434.00   1.7634e-18
3436.00   2.2946e-16
3438.00   7.1166e-18
3440.00   5.4392e-17
3442.00   3.6931e-17
3444.00   4.8629e-17
3446.00   1.0680e-17
3448.00   4.5645e-18
3450.00   2.8433e-17
3452.00   3.7039e-16
3454.00   8.3813e-17
3456.00   2.2919e-16
3458.00   2.6126e-17
3460.00   3.4610e-18
3462.00   2.7162e-21
3464.00   9.4949e-17
3466.00   1.0911e-17
3468.00   1.6270e-19
3470.00   1.3676e-16
3472.00   4.2079e-17
3474.00   2.3112e-18
3476.00   2.5706e-16
3478.00   7.4451e-17
3480.00   7.6986e-17
3482.00   1.8830e-16
3484.00   1.0517e-16
3486.00   2.1336e-16
3488.00   4.6136e-19
3490.00   1.8707e-16
3492.00   3.6927e-19
3494.00   1.3488e-16
3496.00   1.2810e-16
3498.00   3.0478e-17
3500.00   1.0863e-16
3502.00   7.9729e-19
3504.00   7.6644e-17
3506.00   2.3915e-18
3508.00   7.0424e-17
3510.00   4.0744e-18
3512.00   1.4207e-17
3514.00   2.7589e-18
3516.00   6.3956e-17
3518.00   2.6121e-17
3520.00   9.8269e-18
3522.00   2.2489e-16
3524.00   1.3424e-18
3526.00   6.7631e-17
3528.00   7.2247e-17
3530.00   2.1004e-17
3532.00   2.3108e-17
3534.00   9.7330e-19
3536.00   7.5778e-17
3538.00   7.6838e-17
3540.00   1.3876e-17
3542.00   5.6017e-17
3544.00   9.2050e-18
3546.00   4.3156e-19
3548.00   2.9479e-17
3550.00   5.9446e-18
3552.00   1.1813e-17
3554.00   3.4679e-17
3556.00   1.4318e-16
3558.00   1.1699e-16
3560.00   1.3583e-17
3562.00   2.1440e-18
3564.00   3.2897e-17
3566.00   9.4382e-17
3568.00   4.4276e-18
3570.00   1.7566e-18
3572.00   1.1087e-18
3574.00   1.8539e-19
3576.00   1.3522e-17
3578.00   8.6452e-19
3580.00   3.8565e-19
3582.00   2.8381e-20
3584.00   4.6531e-18
3586.00   4.0771e-17
3588.00   1.9427e-17
3590.00   6.8091e-17
3592.00   4.9008e-19
3594.00   1.6443e-18
3596.00   1.3258e-19
3598.00   3.3573e-18
3600.00   2.9789e-18
3602.00   2.2077e-17
3604.00   1.2069e-18
3606.00   1.2388e-17
3608.00   1.8697e-18
3610.00   3.2415e-18
3612.00   1.8119e-18
3614.00   3.8220e-17
3616.00   5.2118e-19
3618.00   4.4556e-18
3620.00   1.5911e-18
3622.00   1.4999e-16
3624.00   1.8613e-16
3626.00   4.5343e-20
3628.00   1.3379e-17
3630.00   1.3124e-18
3632.00   1.7472e-18
3634.00   4.3768e-20
3636.00   5.8196e-17
3638.00   4.6053e-18
3640.00   3.0913e-19
3642.00   1.8290e-16
3644.00   1.6607e-18
3646.00   4.7853e-18
3648.00   2.2768e-18
3650.00   4.7178e-19
3652.00   1.9486e-19
3654.00   1.1418e-19
3656.00   2.2992e-16
3658.00   2.0681e-18
3660.00   5.8684e-19
3662.00   1.3058e-17
3664.00   2.4298e-19
3666.00   2.5178e-19
3668.00   3.9919e-19
3670.00   4.1324e-19
3672.00   2.2170e-19
3674.00   1.3800e-18
3676.00   6.5269e-19
3678.00   1.0682e-19
3680.00   3.3472e-18
3682.00   1.0754e-17
3684.00   3.3159e-19
3686.00   1.5480e-17
3688.00   5.7146e-19
3690.00   9.8849e-19
3692.00   4.2276e-19
3694.00   5.1851e-18
3696.00   2.5031e-18
3698.00   3.5594e-17
3700.00   4.4145e-18
3702.00   8.5079e-22
3704.00   5.3676e-18
3706.00   6.6377e-20
3708.00   5.2093e-19
3710.00   1.6327e-17
3712.00   1.3079e-17
3714.00   2.2085e-18
3716.00   3.0124e-18
3718.00   6.6704e-19
3720.00   1.1648e-17
3722.00   3.6189e-19
3724.00   9.6436e-18
3726.00   1.8439e-17
3728.00   9.2000e-17
3730.00   8.9061e-19
3732.00   2.2548e-19
3734.00   5.1602e-19
3736.00   1.6078e-19
3738.00   2.7219e-18
3740.00   2.4922e-19
3742.00   1.0579e-17
3744.00   3.4156e-18
3746.00   2.2501e-17
3748.00   1.4256e-16
3750.00   4.7881e-18
3752.00   4.4225e-20
3754.00   6.1297e-18
3756.00   5.5948e-17
3758.00   2.3737e-17
3760.00   1.0949e-16
3762.00   1.0753e-16
3764.00   1.7011e-16
3766.00   9.6379e-19
3768.00   1.6276e-18
3770.00   1.6364e-19
3772.00   2.9282e-19
3774.00   3.5163e-19
3776.00   4.8734e-19
3778.00   9.9365e-18
3780.00   5.2811e-17
3782.00   4.1647e-17
3784.00   1.1985e-16
3786.00   2.5456e-17
3788.00   1.7274e-18
3790.00   4.0810e-19
3792.00   4.9723e-19
3794.00   2.2406e-19
3796.00   1.3767e-18
3798.00   2.8727e-17
3800.00   1.1450e-18
3802.00   2.0792e-18
3804.00   1.6378e-18
3806.00   2.1059e-18
3808.00   8.7573e-18
3810.00   1.0080e-18
3812.00   1.4308e-18
3814.00   6.7439e-17
3816.00   2.0547e-20
3818.00   3.8588e-20
3820.00   2.6868e-18
3822.00   6.4960e-17
3824.00   2.0663e-16
3826.00   5.4530e-20
3828.00   7.3798e-17
3830.00   2.0831e-18
3832.00   1.6427e-20
3834.00   1.1796e-17
3836.00   4.5971e-19
3838.00   5.3559e-19
3840.00   7.3202e-19
3842.00   3.7984e-19
3844.00   7.9796e-19
3846.00   6.3992e-17
3848.00   8.5885e-19
3850.00   2.2433e-19
3852.00   2.7023e-19
3854.00   2.3114e-19
3856.00   1.5820e-18
3858.00   8.6477e-19
3860.00   1.2690e-18
3862.00   8.8257e-19
3864.00   3.4178e-18
3866.00   3.2464e-19
3868.00   2.6450e-19
3870.00   1.2889e-19
3872.00   1.3466e-16
3874.00   3.6954e-19
3876.00   3.0597e-18
3878.00   9.7955e-19
3880.00   7.1919e-19
3882.00   7.3274e-19
3884.00   4.8192e-18
3886.00   1.1113e-19
3888.00   8.9369e-21
3890.00   1.2018e-19
3892.00   2.9010e-20
3894.00   7.4964e-18
3896.00   2.4734e-17
3898.00   4.5732e-20
3900.00   8.0763e-19
3902.00   1.8054e-20
3904.00   1.5308e-17
3906.00   8.5947e-17
3908.00   5.6723e-17
3910.00   3.7660e-17
3912.00   2.4239e-18
3914.00   8.9638e-17
3916.00   2.6124e-18
3918.00   1.7342e-17
3920.00   2.9147e-17
3922.00   4.5783e-18
3924.00   3.5305e-18
3926.00   3.5678e-18
3928.00   2.4648e-17
3930.00   1.0724e-16
3932.00   8.3059e-18
3934.00   5.6121e-19
3936.00   9.7468e-17
3938.00   2.7744e-16
3940.00   3.2502e-18
3942.00   1.1981e-18
3944.00   6.8482e-19
3946.00   1.2676e-16
3948.00   4.0973e-19
3950.00   3.3063e-18
3952.00   5.5363e-18
3954.00   1.1523e-18
3956.00   2.0051e-19
3958.00   1.1846e-17
3960.00   3.3855e-17
3962.00   2.6021e-18
3964.00   4.3921e-17
3966.00   1.2684e-17
3968.00   1.1789e-18
3970.00   1.7894e-16
3972.00   3.6363e-18
3974.00   1.7473e-16
3976.00   1.5540e-17
3978.00   2.2618e-18
3980.00   6.3916e-19
3982.00   5.8835e-17
3984.00   4.0889e-18
3986.00   3.1971e-19
3988.00   6.7006e-19
3990.00   6.1506e-17
3992.00   2.6742e-18
3994.00   2.3260e-19
3996.00   3.0798e-17
3998.00   5.7250e-20
4000.00   3.6124e-18
4002.00   2.0571e-16
4004.00   1.3857e-17
4006.00   5.4915e-20
4008.00   2.1454e-17
4010.00   5.5307e-19
4012.00   6.0507e-18
4014.00   2.6029e-18
4016.00   3.3346e-18
4018.00   9.9531e-19
4020.00   1.5378e-18
4022.00   3.1916e-18
4024.00   7.8228e-17
4026.00   5.7716e-19
4028.00   1.1071e-18
4030.00   8.5011e-21
4032.00   6.2354e-19
4034.00   7.0013e-18
4036.00   6.8191e-19
4038.00   6.8645e-20
4040.00   1.5914e-18
4042.00   3.5080e-19
4044.00   6.6218e-19
4046.00   1.5987e-18
4048.00   7.8924e-19
4050.00   5.6387e-19
4052.00   9.4056e-19
4054.00   1.9907e-19
4056.00   2.4399e-19
4058.00   2.3535e-17
4060.00   5.0328e-19
4062.00   9.0758e-17
4064.00   2.9919e-18
4066.00   6.8023e-20
4068.00   8.9134e-18
4070.00   1.5343e-17
4072.00   1.5267e-19
4074.00   6.1334e-18
4076.00   3.3243e-17
4078.00   6.5297e-17
4080.00   1.6957e-18
4082.00   4.3268e-19
4084.00   1.3881e-18
4086.00   7.1242e-19
4088.00   2.5032e-17
4090.00   3.5709e-19
4092.00   6.4833e-18
4094.00   9.1110e-18
4096.00   1.7019e-19
4098.00   2.2328e-18
4100.00   1.4454e-19
4102.00   1.9701e-18
4104.00   5.7677e-18
4106.00   1.4892e-18
4108.00   1.8796e-17
4110.00   1.7683e-18
4112.00   2.9053e-17
4114.00   4.8232e-19
4116.00   1.3150e-19
4118.00   1.0731e-17
4120.00   9.1715e-18
4122.00   9.7898e-17
4124.00   2.7892e-17
4126.00   1.0565e-19
4128.00   1.0178e-16
4130.00   1.3255e-20
4132.00   1.4004e-18
4134.00   1.0588e-18
4136.00   3.1574e-18
4138.00   3.3862e-17
4140.00   2.2230e-18
4142.00   1.5340e-19
4144.00   1.7432e-17
4146.00   8.7287e-20
4148.00   4.0671e-18
4150.00   6.6709e-18
4152.00   5.8745e-18
4154.00   2.9953e-18
4156.00   4.7993e-19
4158.00   4.8202e-18
4160.00   1.1509e-17
4162.00   1.1608e-17
4164.00   1.1275e-18
4166.00   3.2356e-19
4168.00   6.4003e-18
4170.00   1.1974e-18
4172.00   7.6046e-18
4174.00   2.0927e-16
4176.00   4.4343e-18
4178.00   2.4742e-16
4180.00   8.7831e-17
4182.00   3.3038e-18
4184.00   1.4132e-17
4186.00   3.0825e-18
4188.00   1.3648e-18
4190.00   1.6458e-18
4192.00   2.9708e-20
4194.00   1.0551e-19
4196.00   8.1453e-19
4198.00   1.0131e-19
4200.00   9.9180e-19
4202.00   1.1947e-17
4204.00   9.0835e-20
4206.00   3.9216e-18
4208.00   6.5623e-19
4210.00   1.2068e-17
4212.00   1.9033e-18
4214.00   1.9276e-18
4216.00   3.7159e-20
4218.00   7.6832e-19
4220.00   8.8059e-19
4222.00   2.4369e-18
4224.00   4.2482e-18
4226.00   1.7146e-18
4228.00   6.6092e-19
4230.00   1.7383e-20
4232.00   1.6034e-18
4234.00   2.7566e-16
4236.00   9.9375e-19
4238.00   2.5192e-18
4240.00   2.2130e-19
4242.00   2.0264e-18
4244.00   9.9910e-18
4246.00   6.2935e-21
4248.00   8.9340e-17
4250.00   2.3149e-18
4252.00   6.1076e-19
4254.00   5.3322e-19
4256.00   3.0071e-17
4258.00   8.8375e-17
4260.00   7.4001e-19
4262.00   1.7392e-19
4264.00   1.1350e-18
4266.00   6.5017e-19
4268.00   1.4172e-18
4270.00   3.5508e-18
4272.00   1.9533e-20
4274.00   1.1177e-16
4276.00   4.2689e-18
4278.00   5.1491e-17
4280.00   4.7686e-19
4282.00   3.8358e-18
4284.00   5.4753e-20
4286.00   2.4179e-18
4288.00   5.9578e-18
4290.00   6.8267e-19
4292.00   4.8825e-17
4294.00   6.8886e-20
4296.00   1.4266e-16
4298.00   1.1138e-19
4300.00   3.0852e-17
4302.00   4.3611e-17
4304.00   1.8778e-16
4306.00   1.2086e-18
4308.00   2.1859e-21
4310.00   5.9081e-19
4312.00   4.8763e-18
4314.00   1.4810e-16
4316.00   1.9879e-19
4318.00   1.7252e-18
4320.00   3.0673e-18
4322.00   2.5539e-18
4324.00   9.5173e-20
4326.00   3.1375e-17
4328.00   4.0910e-18
4330.00   1.1952e-18
4332.00   1.9519e-16
4334.00   5.6397e-20
4336.00   1.0079e-19
4338.00   1.4636e-16
4340.00   3.4252e-17
4342.00   1.7094e-18
4344.00   2.2799e-17
4346.00   2.5227e-18
4348.00   8.7946e-19
4350.00   4.2274e-19
4352.00   2.2294e-16
4354.00   1.6993e-18
4356.00   1.5012e-18
4358.00   4.2743e-17
4360.00   1.0432e-17
4362.00   2.5860e-17
4364.00   3.3348e-19
4366.00   1.1199e-18
4368.00   1.6535e-19
4370.00   6.1107e-17
4372.00   2.6635e-16
4374.00   2.9605e-19
4376.00   3.6341e-18
4378.00   2.6293e-18
4380.00   2.1250e-18
4382.00   4.4699e-19
4384.00   1.8489e-16
4386.00   1.8272e-16
4388.00   1.0803e-18
4390.00   1.3928e-20
4392.00   8.0951e-19
4394.00   5.0927e-19
4396.00   3.2971e-19
4398.00   1.8918e-16
4400.00   3.3638e-18
4402.00   8.6139e-18
4404.00   2.7873e-20
4406.00   9.0911e-19
4408.00   2.0699e-19
4410.00   3.0550e-18
4412.00   1.1037e-19
4414.00   2.9076e-16
4416.00   1.7491e-16
4418.00   1.0789e-18
4420.00   4.5012e-19
4422.00   2.7017e-18
4424.00   1.6670e-18
4426.00   4.0215e-19
4428.00   1.8028e-20
4430.00   2.8912e-18
4432.00   2.5665e-18
4434.00   1.3079e-18
4436.00   7.1753e-19
4438.00   4.5125e-19
4440.00   1.1411e-16
4442.00   1.3122e-18
4444.00   9.7578e-18
4446.00   3.4664e-18
4448.00   1.7675e-18
4450.00   3.1529e-18
4452.00   4.5456e-17
4454.00   1.4446e-18
4456.00   2.5498e-17
4458.00   6.0067e-19
4460.00   1.9373e-19
4462.00   3.0583e-17
4464.00   3.8557e-19
4466.00   5.3478e-18
4468.00   2.9559e-19
4470.00   2.1922e-19
4472.00   1.6567e-16
4474.00   1.9142e-17
4476.00   2.0817e-19
4478.00   5.7216e-19
4480.00   1.0790e-17
4482.00   6.4135e-21
4484.00   3.9378e-20
4486.00   2.4048e-19
4488.00   1.0991e-18
4490.00   1.9781e-16
4492.00   1.4771e-16
4494.00   3.5751e-18
4496.00   1.3036e-19
4498.00   1.6382e-19
4500.00   5.0314e-19
4502.00   6.6666e-19
4504.00   1.9532e-18
4506.00   7.5096e-19
4508.00   1.9283e-16
4510.00   4.3853e-18
4512.00   1.3370e-18
4514.00   1.3769e-19
4516.00   1.6003e-16
4518.00   3.1771e-19
4520.00   2.2333e-16
4522.00   2.0234e-16
4524.00   5.9394e-18
4526.00   1.6735e-17
4528.00   9.9490e-20
4530.00   5.4713e-18
4532.00   2.6693e-19
4534.00   1.0569e-16
4536.00   5.5753e-19
4538.00   9.5368e-19
4540.00   1.8912e-20
4542.00   1.4884e-16
4544.00   3.1595e-19
4546.00   8.6702e-19
4548.00   3.3999e-19
4550.00   2.2276e-16
4552.00   9.4740e-20
4554.00   2.0552e-19
4556.00   1.9586e-16
4558.00   1.7301e-20
4560.00   4.7061e-19
4562.00   2.0277e-19
4564.00   1.1392e-18
4566.00   1.2445e-20
4568.00   1.0225e-18
4570.00   5.7933e-19
4572.00   1.9084e-19
4574.00   4.5017e-20
4576.00   2.0318e-16
4578.00   5.6406e-18
4580.00   3.8910e-17
4582.00   1.5029e-16
4584.00   2.6556e-16
4586.00   3.2524e-18
4588.00   4.5892e-19
4590.00   8.8677e-19
4592.00   1.9609e-18
4594.00   3.0107e-18
4596.00   1.4551e-16
4598.00   2.9898e-17
4600.00   4.3758e-22
4602.00   1.2467e-18
4604.00   1.9942e-18
4606.00   1.2868e-18
4608.00   7.7004e-20
4610.00   6.0629e-19
4612.00   5.3527e-18
4614.00   2.3756e-18
4616.00   7.9785e-20
4618.00   9.6169e-20
4620.00   2.2640e-16
4622.00   4.2167e-19
4624.00   8.8083e-19
4626.00   1.6897e-18
4628.00   7.0321e-18
4630.00   2.7802e-16
4632.00   1.9620e-18
4634.00   1.1702e-17
4636.00   2.8904e-19
4638.00   3.3494e-18
4640.00   5.0409e-19
4642.00   1.6861e-19
4644.00   2.6239e-18
4646.00   1.2506e-20
4648.00   1.4033e-16
4650.00   1.0419e-19
4652.00   9.0162e-19
4654.00   1.7896e-20
4656.00   1.1497e-17
4658.00   7.8729e-19
4660.00   8.9292e-20
4662.00   1.0075e-19
4664.00   7.2376e-18
4666.00   1.9054e-16
4668.00   3.2004e-19
4670.00   2.9653e-17
4672.00   1.9899e-20
4674.00   3.4688e-21
4676.00   7.1450e-19
4678.00   2.4479e-19
4680.00   1.2817e-20
4682.00   2.6312e-21
4684.00   5.4068e-19
4686.00   4.0547e-19
4688.00   2.9293e-19
4690.00   6.6735e-20
4692.00   1.1627e-19
4694.00   2.3627e-20
4696.00   1.5215e-18
4698.00   5.6388e-19
4700.00   2.0734e-19
4702.00   1.4617e-19
4704.00   1.2529e-19
4706.00   1.5576e-19
4708.00   3.6112e-19
4710.00   9.0747e-19
4712.00   9.5050e-22
4714.00   2.6463e-18
4716.00   1.3515e-19
4718.00   3.7597e-19
4720.00   8.1886e-18
4722.00   6.6169e-19
4724.00   2.8653e-19
4726.00   7.0330e-20
4728.00   5.1035e-18
4730.00   2.7957e-19
4732.00   4.6409e-17
4734.00   1.0723e-19
4736.00   5.9968e-21
4738.00   2.6275e-18
4740.00   8.1224e-20
4742.00   1.5606e-19
4744.00   1.6660e-17
4746.00   7.8030e-19
4748.00   7.3378e-20
4750.00   1.1359e-18
4752.00   6.7220e-20
4754.00   3.9801e-19
4756.00   7.4715e-19
4758.00   1.3531e-19
4760.00   6.9031e-18
4762.00   5.0347e-20
4764.00   1.5807e-19
4766.00   3.1263e-20
4768.00   1.8555e-19
4770.00   2.2286e-20
4772.00   8.4478e-20
4774.00   6.4999e-19
4776.00   1.5026e-19
4778.00   3.4441e-18
4780.00   1.2518e-19
4782.00   1.1707e-20
4784.00   5.3832e-20
4786.00   1.6322e-20
4788.00   2.3644e-21
4790.00   6.2755e-19
4792.00   2.8141e-19
4794.00   2.8397e-21
4796.00   4.6282e-20
4798.00   4.1657e-19
4800.00   3.2357e-21
4802.00   1.9698e-19
4804.00   5.6774e-19
4806.00   1.4323e-19
4808.00   4.3603e-19
4810.00   5.8006e-18
4812.00   9.5306e-20
4814.00   1.4923e-18
4816.00   2.8990e-18
4818.00   3.5433e-19
4820.00   2.2396e-20
4822.00   9.8104e-20
4824.00   3.5505e-18
4826.00   3.4399e-17
4828.00   8.1406e-21
4830.00   6.7677e-19
4832.00   1.9001e-17
4834.00   2.3176e-17
4836.00   2.6789e-18
4838.00   1.0718e-19
4840.00   3.5839e-17
4842.00   1.1851e-18
4844.00   2.2995e-18
4846.00   2.2699e-18
4848.00   9.2195e-18
4850.00   6.0918e-20
4852.00   7.0969e-20
4854.00   4.5874e-20
4856.00   5.0914e-18
4858.00   4.6155e-20
4860.00   1.6855e-19
4862.00   5.8484e-20
4864.00   3.7540e-20
4866.00   6.0402e-18
4868.00   3.0345e-17
4870.00   1.2696e-17
4872.00   1.0151e-17
4874.00   9.8016e-19
4876.00   8.5693e-18
4878.00   1.5960e-19
4880.00   1.0099e-18
4882.00   1.8241e-22
4884.00   1.0081e-19
4886.00   3.6142e-18
4888.00   3.0146e-20
4890.00   1.1626e-17
4892.00   1.9311e-18
4894.00   1.1077e-17
4896.00   8.9124e-18
4898.00   5.6027e-19
4900.00   5.1615e-19
4902.00   1.2818e-17
4904.00   7.6277e-18
4906.00   1.0977e-18
4908.00   2.1848e-21
4910.00   1.5493e-20
4912.00   8.7779e-19
4914.00   8.0494e-21
4916.00   3.8659e-20
4918.00   7.9802e-20
4920.00   2.0503e-19
4922.00   1.6843e-18
4924.00   2.9075e-16
4926.00   8.0336e-20
4928.00   3.8097e-19
4930.00   6.7809e-21
4932.00   1.4883e-18
4934.00   1.4009e-19
4936.00   1.1298e-18
4938.00   5.7005e-20
4940.00   1.3321e-19
4942.00   5.5798e-20
4944.00   5.2414e-19
4946.00   1.0247e-18
4948.00   2.4605e-18
4950.00   1.3656e-18
4952.00   6.9735e-18
4954.00   1.4041e-17
4956.00   8.3094e-22
4958.00   4.0266e-20
4960.00   1.0016e-19
4962.00   3.5529e-19
4964.00   2.1081e-20
4966.00   1.4621e-20
4968.00   8.6553e-19
4970.00   3.0591e-18
4972.00   8.1350e-20
4974.00   1.4017e-18
4976.00   1.8667e-17
4978.00   2.4510e-20
4980.00   1.2057e-18
4982.00   2.2949e-20
4984.00   1.9364e-21
4986.00   5.7012e-21
4988.00   7.3664e-18
4990.00   9.7462e-21
4992.00   4.6296e-18
4994.00   3.0967e-17
4996.00   1.0803e-19
4998.00   6.5451e-18
5000.00   1.1227e-17
5002.00   2.3208e-19
5004.00   1.6384e-19
5006.00   3.2113e-18
5008.00   8.3650e-21
5010.00   5.7560e-21
5012.00   2.8763e-21
5014.00   7.3078e-19
5016.00   3.8941e-18
5018.00   3.0396e-16
5020.00   1.2351e-17
5022.00   2.0895e-18
5024.00   3.5775e-20
5026.00   2.6945e-19
5028.00   3.8140e-20
5030.00   8.5466e-19
5032.00   2.6611e-21
5034.00   1.4873e-20
5036.00   7.6901e-19
5038.00   2.3180e-21
5040.00   7.4600e-19
5042.00   1.2920e-19
5044.00   1.6930e-18
5046.00   1.8377e-17
5048.00   2.5722e-18
5050.00   1.3182e-18
5052.00   4.2569e-20
5054.00   1.5712e-19
5056.00   2.7767e-19
5058.00   1.0098e-20
5060.00   1.0678e-18
5062.00   3.4713e-19
5064.00   7.7843e-20
5066.00   2.5144e-17
5068.00   1.5727e-21
5070.00   1.2476e-19
5072.00   3.4881e-18
5074.00   8.3216e-18
5076.00   2.1203e-18
5078.00   7.5308e-20
5080.00   2.9778e-19
5082.00   7.1546e-21
5084.00   5.7084e-19
5086.00   4.1672e-18
5088.00   2.7631e-20
5090.00   2.9944e-19
5092.00   3.6128e-21
5094.00   5.8466e-18
5096.00   3.0821e-18
5098.00   6.2907e-21
5100.00   7.0358e-17
5102.00   3.7560e-19
5104.00   1.7863e-20
5106.00   9.2527e-20
5108.00   6.0750e-19
5110.00   1.8457e-19
5112.00   1.5720e-18
5114.00   4.7241e-22
5116.00   4.3241e-20
5118.00   2.7726e-21
5120.00   8.7282e-18
5122.00   1.2631e-19
5124.00   1.5110e-18
5126.00   2.6339e-18
5128.00   2.4440e-17
5130.00   6.0847e-19
5132.00   1.5300e-17
5134.00   3.1683e-19
5136.00   1.0675e-17
5138.00   2.6954e-20
5140.00   1.8135e-20
5142.00   6.7438e-21
5144.00   1.4334e-19
5146.00   2.5221e-17
5148.00   6.2681e-20
5150.00   7.9660e-18
5152.00   4.6964e-21
5154.00   1.7820e-17
5156.00   4.1843e-20
5158.00   1.3664e-17
5160.00   3.1008e-17
5162.00   7.9679e-18
5164.00   5.4404e-19
5166.00   2.7872e-19
5168.00   2.8817e-19
5170.00   3.2631e-16
5172.00   2.0792e-17
5174.00   2.0111e-22
5176.00   8.2004e-21
5178.00   1.2613e-18
5180.00   1.2024e-18
5182.00   2.1134e-18
5184.00   1.3553e-18
5186.00   5.0216e-19
5188.00   3.6880e-19
5190.00   6.4607e-22
5192.00   3.4780e-18
5194.00   1.2460e-19
5196.00   9.6037e-22
5198.00   1.9760e-16
5200.00   4.4564e-20
5202.00   4.8013e-22
5204.00   7.5089e-20
5206.00   1.3336e-18
5208.00   4.8517e-21
5210.00   2.4326e-18
5212.00   7.4009e-20
5214.00   2.6544e-19
5216.00   3.3312e-19
5218.00   3.5614e-18
5220.00   2.3270e-19
5222.00   1.5349e-21
5224.00   3.1314e-20
5226.00   2.0508e-19
5228.00   1.0245e-17
5230.00   1.1593e-22
5232.00   3.9439e-19
5234.00   2.0852e-16
5236.00   2.8573e-18
5238.00   4.0797e-18
5240.00   1.1009e-18
5242.00   7.8063e-20
5244.00   8.7900e-19
5246.00   4.6624e-19
5248.00   6.8719e-20
5250.00   5.9593e-19
5252.00   1.3034e-18
5254.00   1.3106e-16
5256.00   5.0764e-17
5258.00   2.7861e-18
5260.00   2.2541e-18
5262.00   5.2024e-18
5264.00   6.3757e-17
5266.00   3.1334e-22
5268.00   1.0421e-18
5270.00   2.8419e-19
5272.00   5.9513e-17
5274.00   4.1549e-18
5276.00   2.2989e-16
5278.00   3.1062e-18
5280.00   1.6482e-19
5282.00   4.8402e-20
5284.00   2.8339e-16
5286.00   1.4373e-18
5288.00   1.7503e-19
5290.00   2.4273e-19
5292.00   1.0145e-18
5294.00   1.8335e-18
5296.00   3.4912e-19
5298.00   1.6436e-18
5300.00   2.0068e-19
5302.00   1.3706e-19
5304.00   1.7540e-18
5306.00   3.4180e-21
5308.00   1.2295e-19
5310.00   7.4794e-20
5312.00   1.3951e-20
5314.00   3.4661e-18
5316.00   3.1108e-16
5318.00   7.2082e-21
5320.00   7.6995e-19
5322.00   9.2338e-20
5324.00   6.2147e-18
5326.00   1.5219e-16
5328.00   9.0291e-20
5330.00   8.9882e-20
5332.00   4.6749e-20
5334.00   2.8977e-18
5336.00   5.3140e-19
5338.00   2.2559e-17
5340.00   7.0915e-19
5342.00   5.8921e-20
5344.00   1.3247e-19
5346.00   1.2616e-17
5348.00   2.2999e-19
5350.00   5.0152e-19
5352.00   3.6750e-19
5354.00   1.1123e-18
5356.00   5.8898e-20
5358.00   6.6907e-18
5360.00   4.1786e-20
5362.00   1.3825e-16
5364.00   1.9515e-19
5366.00   3.1577e-19
5368.00   7.4809e-20
5370.00   2.6770e-19
5372.00   1.3574e-19
5374.00   3.4013e-21
5376.00   2.3362e-18
5378.00   1.6504e-19
5380.00   7.2917e-19
5382.00   1.4862e-18
5384.00   5.2857e-19
5386.00   1.6317e-19
5388.00   3.5824e-19
5390.00   4.4372e-20
5392.00   9.6040e-21
5394.00   3.3033e-18
5396.00   4.4286e-19
5398.00   2.3089e-20
5400.00   7.3435e-20
5402.00   1.5411e-19
5404.00   5.2039e-20
5406.00   7.8839e-19
5408.00   1.8541e-18
5410.00   1.5775e-19
5412.00   4.9173e-19
5414.00   2.8273e-17
5416.00   1.6309e-19
5418.00   4.6267e-19
5420.00   2.0306e-19
5422.00   3.6726e-19
5424.00   2.2015e-19
5426.00   1.6862e-16
5428.00   3.9331e-17
5430.00   3.7274e-20
5432.00   6.1679e-18
5434.00   8.3667e-19
5436.00   6.1062e-19
5438.00   3.1275e-19
5440.00   3.3722e-18
5442.00   1.1548e-19
5444.00   6.1940e-19
5446.00   7.0582e-18
5448.00   3.2830e-20
5450.00   1.5288e-17
5452.00   5.4494e-19
5454.00   1.8299e-19
5456.00   8.4842e-20
5458.00   1.0711e-19
5460.00   2.0731e-19
5462.00   3.4290e-23
5464.00   3.9021e-22
5466.00   1.0978e-17
5468.00   2.4514e-18
5470.00   4.4463e-19
5472.00   4.8603e-20
5474.00   1.0217e-20
5476.00   2.0771e-20
5478.00   1.0591e-17
5480.00   3.1524e-20
5482.00   2.7224e-19
5484.00   1.8502e-18
5486.00   5.3277e-19
5488.00   2.0625e-18
5490.00   4.1587e-20
5492.00   3.2426e-21
5494.00   1.8065e-21
5496.00   3.3015e-19
5498.00   3.6152e-18
5500.00   4.8132e-18
5502.00   1.3317e-17
5504.00   1.5695e-19
5506.00   5.3838e-19
5508.00   5.5727e-19
5510.00   2.9077e-18
5512.00   1.8677e-21
5514.00   2.9893e-19
5516.00   5.2493e-20
5518.00   5.3862e-19
5520.00   1.4827e-18
5522.00   1.3542e-19
5524.00   2.6672e-21
5526.00   4.7294e-18
5528.00   4.7891e-19
5530.00   3.4771e-17
5532.00   4.8619e-18
5534.00   3.3222e-17
5536.00   1.6154e-19
5538.00   8.8958e-19
5540.00   2.7741e-19
5542.00   5.3155e-19
5544.00   9.8647e-18
5546.00   2.2483e-18
5548.00   1.3032e-19
5550.00   9.3761e-20
5552.00   1.6932e-19
5554.00   2.3808e-19
5556.00   2.0495e-19
5558.00   2.1687e-20
5560.00   1.5610e-19
5562.00   8.3045e-21
5564.00   1.2753e-22
5566.00   4.0414e-18
5568.00   2.9836e-17
5570.00   2.6971e-19
5572.00   3.6607e-19
5574.00   1.3848e-19
5576.00   2.2919e-21
5578.00   9.3073e-20
5580.00   3.0340e-19
5582.00   2.4779e-18
5584.00   5.2795e-20
5586.00   3.8276e-20
5588.00   2.3942e-17
5590.00   8.6863e-20
5592.00   9.3220e-19
5594.00   1.2781e-21
5596.00   1.1461e-18
5598.00   2.0145e-20
5600.00   1.5930e-19
5602.00   5.3214e-19
5604.00   4.1915e-21
5606.00   1.3149e-20
5608.00   1.2848e-18
5610.00   2.6669e-20
5612.00   7.0614e-19
5614.00   1.0440e-19
5616.00   2.4359e-19
5618.00   7.1694e-19
5620.00   1.5069e-19
5622.00   1.1576e-19
5624.00   1.5548e-17
5626.00   3.7200e-18
5628.00   2.0641e-17
5630.00   5.4596e-19
5632.00   5.1039e-19
5634.00   9.5597e-20
5636.00   4.4302e-22
5638.00   5.1399e-19
5640.00   3.0463e-19
5642.00   8.9701e-22
5644.00   1.4472e-18
5646.00   8.7334e-22
5648.00   1.7415e-20
5650.00   1.3129e-19
5652.00   3.9638e-18
5654.00   2.0391e-19
5656.00   9.6451e-19
5658.00   2.6878e-17
5660.00   5.7001e-20
5662.00   7.6010e-20
5664.00   1.2080e-18
5666.00   7.4067e-20
5668.00   4.5538e-20
5670.00   3.1981e-17
5672.00   1.6362e-21
5674.00   8.9279e-19
5676.00   5.3556e-19
5678.00   1.4040e-19
5680.00   1.7229e-20
5682.00   2.2403e-19
5684.00   8.2982e-21
5686.00   3.5281e-22
5688.00   9.8871e-22
5690.00   4.1052e-17
5692.00   3.5346e-19
5694.00   4.0224e-22
5696.00   3.0528e-19
5698.00   6.0038e-23
5700.00   3.2441e-18
5702.00   7.5161e-21
5704.00   4.1614e-19
5706.00   2.7259e-19
5708.00   1.9475e-19
5710.00   3.1013e-20
5712.00   3.4129e-19
5714.00   2.2481e-20
5716.00   1.1271e-18
5718.00   1.8359e-18
5720.00   1.9140e-21
5722.00   5.3998e-18
5724.00   9.0212e-21
5726.00   6.1147e-18
5728.00   1.5464e-19
5730.00   8.3490e-19
5732.00   7.9604e-18
5734.00   1.0769e-19
5736.00   2.0357e-22
5738.00   2.9765e-18
5740.00   6.6744e-21
5742.00   4.6009e-20
5744.00   8.4152e-19
5746.00   3.0795e-18
5748.00   1.3793e-18
5750.00   2.0070e-19
5752.00   4.0445e-20
5754.00   3.0850e-18
5756.00   1.0993e-19
5758.00   8.6855e-19
5760.00   3.2301e-19
5762.00   3.0030e-19
5764.00   2.3734e-20
5766.00   1.0376e-18
5768.00   8.5479e-20
5770.00   2.3693e-20
5772.00   1.1365e-20
5774.00   1.0230e-19
5776.00   3.6517e-20
5778.00   5.1840e-21
5780.00   2.8602e-18
5782.00   7.3199e-19
5784.00   3.4970e-19
5786.00   2.0875e-20
5788.00   8.1673e-21
5790.00   2.9708e-19
5792.00   1.3972e-19
5794.00   1.4174e-19
5796.00   4.9384e-18
5798.00   7.9554e-19
5800.00   4.2605e-20
5802.00   1.7194e-18
5804.00   4.7319e-19
5806.00   4.0843e-20
5808.00   5.1067e-19
5810.00   2.7919e-19
5812.00   6.7378e-19
5814.00   2.8354e-17
5816.00   2.8646e-21
5818.00   3.3578e-20
5820.00   9.3383e-26
5822.00   1.7785e-19
5824.00   3.1673e-18
5826.00   3.9097e-18
5828.00   1.1856e-20
5830.00   3.4241e-18
5832.00   6.7945e-19
5834.00   1.2342e-18
5836.00   2.0123e-17
5838.00   3.3804e-21
5840.00   3.7865e-21
5842.00   1.5144e-18
5844.00   9.5492e-21
5846.00   1.0261e-21
5848.00   4.8508e-20
5850.00   3.1072e-20
5852.00   1.8497e-19
5854.00   2.6662e-18
5856.00   1.9961e-19
5858.00   7.4228e-20
5860.00   8.7138e-19
5862.00   1.5128e-18
5864.00   2.2274e-18
5866.00   1.1573e-20
5868.00   2.5807e-19
5870.00   5.9231e-19
5872.00   4.5111e-21
5874.00   8.7161e-20
5876.00   2.7372e-20
5878.00   1.8917e-20
5880.00   6.9803e-19
5882.00   1.3691e-20
5884.00   3.9814e-21
5886.00   7.9324e-20
5888.00   2.1205e-20
5890.00   7.2163e-22
5892.00   5.9542e-18
5894.00   1.3907e-20
5896.00   3.4169e-19
5898.00   6.9683e-19
5900.00   2.9718e-20
5902.00   3.1420e-18
5904.00   1.9851e-19
5906.00   1.1195e-19
5908.00   1.6270e-19
5910.00   5.0238e-19
5912.00   3.6847e-22
5914.00   4.7919e-17
5916.00   2.5921e-21
5918.00   4.9441e-21
5920.00   1.2663e-19
5922.00   1.5651e-18
5924.00   1.1304e-18
5926.00   1.1226e-18
5928.00   8.4889e-22
5930.00   3.0135e-19
5932.00   7.9119e-18
5934.00   2.3872e-21
5936.00   1.6963e-22
5938.00   1.5618e-20
5940.00   7.3702e-20
5942.00   3.4658e-20
5944.00   1.3933e-18
5946.00   1.0851e-18
5948.00   1.5047e-19
5950.00   4.1103e-20
5952.00   2.5854e-17
5954.00   1.6155e-21
5956.00   3.1135e-18
5958.00   4.1042e-21
5960.00   1.6568e-20
5962.00   1.4238e-17
5964.00   1.0362e-20
5966.00   2.4590e-22
5968.00   3.9620e-18
5970.00   4.5913e-20
5972.00   2.4651e-19
5974.00   8.3822e-20
5976.00   2.0895e-20
5978.00   5.3117e-23
5980.00   4.2251e-21
5982.00   3.2174e-18
5984.00   4.0185e-19
5986.00   7.1002e-19
5988.00   5.5323e-20
5990.00   6.5751e-22
5992.00   5.9533e-17
5994.00   1.8690e-18
5996.00   9.8791e-20
5998.00   1.2573e-19
6000.00   5.5596e-22
6002.00   5.5009e-21
6004.00   3.7597e-19
6006.00   6.5529e-19
6008.00   5.8895e-21
6010.00   1.6492e-21
6012.00   7.4551e-20
6014.00   1.8525e-19
6016.00   2.4405e-18
6018.00   3.0945e-18
6020.00   1.7670e-21
6022.00   2.5939e-18
6024.00   1.1460e-19
6026.00   6.7281e-22
6028.00   1.2057e-19
6030.00   1.9784e-20
6032.00   1.2917e-18
6034.00   2.3088e-18
6036.00   2.9462e-19
6038.00   3.1196e-21
6040.00   1.1612e-18
6042.00   9.4097e-21
6044.00   4.5406e-18
6046.00   1.2520e-17
6048.00   9.1161e-19
6050.00   1.0708e-17
6052.00   1.0512e-21
6054.00   2.4416e-20
6056.00   1.4188e-22
6058.00   2.6785e-19
6060.00   1.2524e-17
6062.00   6.2991e-21
6064.00   7.5506e-19
6066.00   4.3989e-24
6068.00   2.3460e-18
6070.00   2.3934e-18
6072.00   2.1578e-19
6074.00   5.1641e-20
6076.00   1.5467e-21
6078.00   3.4115e-17
6080.00   9.0613e-19
6082.00   6.8160e-22
6084.00   3.0833e-17
6086.00   6.3991e-20
6088.00   2.5972e-18
6090.00   1.0977e-22
6092.00   4.7063e-20
6094.00   2.7235e-20
6096.00   1.5075e-19
6098.00   8.9395e-21
6100.00   2.5802e-19
6102.00   1.2271e-23
6104.00   1.6130e-17
6106.00   2.7435e-19
6108.00   1.7108e-19
6110.00   5.1811e-25
6112.00   6.5450e-21
6114.00   1.7528e-17
6116.00   5.2636e-18
6118.00   1.0577e-18
6120.00   2.7949e-18
6122.00   2.7201e-18
6124.00   3.0844e-22
6126.00   4.8391e-20
6128.00   1.4718e-25
6130.00   8.3145e-18
6132.00   4.1351e-20
6134.00   1.0424e-18
6136.00   1.7868e-20
6138.00   6.4357e-22
6140.00   6.9248e-22
6142.00   2.4254e-18
6144.00   2.8048e-21
6146.00   1.3813e-19
6148.00   7.3698e-17
6150.00   7.7116e-17
6152.00   3.8052e-19
6154.00   4.1554e-18
6156.00   1.5712e-18
6158.00   2.1652e-18
6160.00   5.0830e-19
6162.00   2.3196e-21
6164.00   1.7668e-18
6166.00   5.0041e-19
6168.00   9.0254e-22
6170.00   6.0803e-21
6172.00   1.7773e-17
6174.00   7.9339e-20
6176.00   2.4582e-17
6178.00   2.1049e-19
6180.00   2.2313e-17
6182.00   8.7729e-22
6184.00   2.1241e-18
6186.00   2.2084e-17
6188.00   1.5228e-19
6190.00   3.4195e-19
6192.00   7.8446e-20
6194.00   5.8227e-22
6196.00   5.2155e-19
6198.00   6.4107e-19
6200.00   1.2706e-17
6202.00   2.0397e-19
6204.00   5.7259e-19
6206.00   8.2000e-22
6208.00   3.4036e-21
6210.00   7.0938e-21
6212.00   1.7412e-23
6214.00   5.4598e-19
6216.00   8.7404e-21
6218.00   1.9913e-19
6220.00   1.1637e-18
6222.00   2.3499e-18
6224.00   1.5488e-21
6226.00   6.8918e-26
6228.00   1.5035e-19
6230.00   2.7853e-18
6232.00   3.6948e-19
6234.00   2.0329e-17
6236.00   3.8816e-20
6238.00   9.3762e-17
6240.00   3.8033e-17
6242.00   6.9186e-21
6244.00   6.2968e-19
6246.00   1.7902e-20
6248.00   1.2275e-16
6250.00   2.4679e-24
6252.00   3.5899e-21
6254.00   8.3209e-23
6256.00   4.9599e-19
6258.00   7.8659e-20
6260.00   2.7716e-19
6262.00   1.1196e-18
6264.00   6.8457e-18
6266.00   1.9713e-20
6268.00   1.0320e-20
6270.00   2.5135e-19
6272.00   1.2521e-19
6274.00   2.2055e-18
6276.00   7.7603e-21
6278.00   8.0622e-22
6280.00   1.7317e-18
6282.00   1.9820e-20
6284.00   2.9254e-22
6286.00   4.5476e-23
6288.00   6.0509e-22
6290.00   8.6411e-18
6292.00   3.2074e-20
6294.00   9.5046e-20
6296.00   1.8255e-21
6298.00   6.7900e-20
6300.00   6.3432e-20
6302.00   2.0523e-20
6304.00   5.6437e-21
6306.00   2.3298e-17
6308.00   2.7725e-18
6310.00   8.0211e-19
6312.00   1.1111e-22
6314.00   9.8158e-21
6316.00   1.4708e-19
6318.00   1.4891e-16
6320.00   4.4494e-18
6322.00   3.1952e-19
6324.00   3.1341e-22
6326.00   1.1853e-18
6328.00   2.1255e-19
6330.00   2.0399e-21
6332.00   1.3076e-17
6334.00   1.4110e-23
6336.00   2.0015e-20
6338.00   2.8700e-18
6340.00   2.8129e-19
6342.00   1.3726e-20
6344.00   2.5571e-20
6346.00   1.3981e-18
6348.00   2.1241e-17
6350.00   2.5402e-18
6352.00   8.5351e-25
6354.00   1.5976e-19
6356.00   9.6176e-20
6358.00   1.6898e-20
6360.00   3.5526e-19
6362.00   1.3926e-18
6364.00   3.2603e-20
6366.00   3.0636e-20
6368.00   1.0135e-23
6370.00   2.6468e-17
6372.00   3.0716e-17
6374.00   1.2296e-20
6376.00   1.5668e-22
6378.00   2.8229e-21
6380.00   2.0382e-18
6382.00   7.8759e-20
6384.00   9.0772e-17
6386.00   2.4714e-17
6388.00   1.9979e-19
6390.00   1.2230e-20
6392.00   1.8994e-19
6394.00   1.3860e-19
6396.00   2.3390e-19
6398.00   4.3035e-19
6400.00   1.3534e-19
6402.00   1.1395e-18
6404.00   1.7489e-19
6406.00   5.2573e-20
6408.00   2.2173e-17
6410.00   2.0381e-18
6412.00   6.5034e-21
6414.00   2.0126e-24
6416.00   8.2340e-17
6418.00   8.6006e-20
6420.00   2.0633e-20
6422.00   9.9453e-20
6424.00   9.8079e-20
6426.00   3.7748e-22
6428.00   1.5035e-18
6430.00   2.1681e-21
6432.00   7.3389e-17
6434.00   2.1975e-18
6436.00   1.4074e-19
6438.00   2.0660e-22
6440.00   4.6521e-19
6442.00   9.8392e-18
6444.00   9.9151e-20
6446.00   1.6059e-17
6448.00   2.4593e-23
6450.00   8.0497e-21
6452.00   3.0252e-20
6454.00   1.7000e-19
6456.00   1.3049e-16
6458.00   1.9539e-22
6460.00   1.0067e-21
6462.00   3.8367e-21
6464.00   1.9679e-23
6466.00   9.6333e-18
6468.00   6.5347e-19
6470.00   1.5324e-22
6472.00   5.4634e-22
6474.00   1.4281e-19
6476.00   1.4386e-24
6478.00   6.7852e-26
6480.00   3.2341e-19
6482.00   2.2857e-17
6484.00   4.4378e-20
6486.00   1.3944e-17
6488.00   1.5399e-18
6490.00   9.7829e-25
6492.00   2.6718e-17
6494.00   4.7966e-17
6496.00   3.0950e-21
6498.00   9.9654e-22
6500.00   2.6091e-21
6502.00   7.6341e-23
6504.00   1.6982e-21
6506.00   6.0529e-18
6508.00   2.2109e-17
6510.00   4.2321e-19
6512.00   7.3860e-19
6514.00   1.1566e-19
6516.00   1.1118e-16
6518.00   1.8798e-17
6520.00   2.5702e-19
6522.00   1.1488e-20
6524.00   3.4266e-20
6526.00   5.6829e-22
6528.00   4.0486e-18
6530.00   1.8192e-18
6532.00   1.7905e-17
6534.00   7.1440e-19
6536.00   5.9798e-24
6538.00   2.0759e-19
6540.00   3.6444e-20
6542.00   6.6259e-21
6544.00   5.9775e-20
6546.00   4.2439e-26
6548.00   8.2348e-20
6550.00   4.8033e-20
6552.00   3.0643e-20
6554.00   2.9521e-20
6556.00   1.0790e-19
6558.00   6.3237e-19
6560.00   3.2683e-18
6562.00   1.8854e-17
6564.00   5.5447e-22
6566.00   6.4878e-20
6568.00   3.2059e-23
6570.00   3.5113e-19
6572.00   2.0615e-17
6574.00   1.4225e-17
6576.00   1.0900e-24
6578.00   9.0585e-20
6580.00   7.9397e-20
6582.00   3.7683e-18
6584.00   3.2406e-21
6586.00   2.4599e-17
6588.00   2.3783e-19
6590.00   1.8569e-23
6592.00   4.6875e-19
6594.00   1.5416e-18
6596.00   1.6819e-18
6598.00   7.6986e-19
6600.00   1.0464e-19
6602.00   2.2069e-20
6604.00   5.1826e-21
6606.00   4.5298e-22
6608.00   6.3528e-21
6610.00   8.7257e-18
6612.00   2.0519e-17
6614.00   3.9702e-18
6616.00   2.5378e-20
6618.00   1.0329e-17
6620.00   2.2215e-23
6622.00   7.6976e-21
6624.00   2.4893e-17
6626.00   1.2297e-19
6628.00   3.5867e-18
6630.00   1.7626e-26
6632.00   2.7024e-20
6634.00   3.1397e-21
6636.00   2.2887e-24
6638.00   1.7085e-20
6640.00   1.8233e-19
6642.00   6.0522e-21
6644.00   1.9200e-20
6646.00   8.6933e-26
6648.00   2.2473e-23
6650.00   5.3679e-18
6652.00   3.7508e-17
6654.00   9.2966e-20
6656.00   1.4146e-19
6658.00   7.7960e-18
6660.00   9.2140e-21
6662.00   7.0490e-20
6664.00   2.3718e-21
6666.00   8.7452e-18
6668.00   9.1652e-20
6670.00   1.7736e-19
6672.00   5.1428e-21
6674.00   5.6331e-20
6676.00   2.0746e-21
6678.00   4.2204e-18
6680.00   2.7986e-19
6682.00   1.9582e-17
6684.00   1.0578e-21
6686.00   2.7392e-21
6688.00   1.9987e-19
6690.00   9.2584e-20
6692.00   1.3536e-19
6694.00   3.3084e-18
6696.00   4.5402e-24
6698.00   1.7017e-20
6700.00   5.4912e-19
6702.00   5.4682e-20
6704.00   1.1899e-18
6706.00   7.7424e-19
6708.00   3.2807e-23
6710.00   1.8723e-19
6712.00   1.3437e-21
6714.00   4.8492e-20
6716.00   2.4190e-22
6718.00   4.3459e-22
6720.00   2.2763e-20
6722.00   1.7335e-22
6724.00   2.3072e-19
6726.00   5.7370e-22
6728.00   8.4451e-26
6730.00   1.1841e-17
6732.00   4.1753e-19
6734.00   9.2594e-25
6736.00   1.9220e-20
6738.00   1.2401e-23
6740.00   1.1529e-23
6742.00   1.4277e-20
6744.00   6.3693e-20
6746.00   8.0051e-21
6748.00   3.6770e-21
6750.00   1.3693e-18
6752.00   8.1713e-23
6754.00   4.3294e-21
6756.00   3.5526e-22
6758.00   3.3755e-20
6760.00   2.9549e-19
6762.00   1.0733e-20
6764.00   8.7131e-20
6766.00   7.2736e-20
6768.00   1.3601e-17
6770.00   7.4028e-20
6772.00   2.6884e-20
6774.00   7.1272e-22
6776.00   7.9987e-19
6778.00   3.2354e-21
6780.00   2.2402e-20
6782.00   2.1146e-21
6784.00   9.6253e-23
6786.00   1.9022e-20
6788.00   9.4495e-19
6790.00   4.5863e-21
6792.00   2.9290e-19
6794.00   2.9641e-20
6796.00   6.3529e-19
6798.00   7.1192e-21
6800.00   4.5784e-18
6802.00   6.0047e-20
6804.00   2.3325e-19
6806.00   3.8363e-22
6808.00   8.2813e-27
6810.00   1.7058e-20
6812.00   2.4545e-20
6814.00   7.8216e-20
6816.00   1.9108e-18
6818.00   1.3174e-21
6820.00   8.5956e-18
6822.00   4.1630e-18
6824.00   2.4877e-20
6826.00   7.5408e-19
6828.00   1.5072e-19
6830.00   1.5012e-20
6832.00   3.5605e-18
6834.00   5.6077e-21
6836.00   1.8152e-24
6838.00   6.1126e-19
6840.00   1.8225e-20
6842.00   1.3580e-22
6844.00   2.3334e-20
6846.00   3.9688e-21
6848.00   5.5018e-20
6850.00   1.7126e-20
6852.00   2.9782e-21
6854.00   4.7240e-25
6856.00   1.9777e-17
6858.00   1.0772e-19
6860.00   2.9026e-20
6862.00   7.7034e-18
6864.00   5.7474e-19
6866.00   6.2566e-18
6868.00   3.5374e-20
6870.00   2.4815e-18
6872.00   1.9683e-18
6874.00   8.7654e-19
6876.00   6.9799e-23
6878.00   4.7223e-18
6880.00   8.3049e-25
6882.00   2.5890e-20
6884.00   1.0895e-21
6886.00   3.6940e-20
6888.00   9.6135e-21
6890.00   1.4042e-18
6892.00   9.2548e-20
6894.00   3.0663e-22
6896.00   1.2151e-19
6898.00   7.0024e-25
6900.00   1.2219e-25
6902.00   1.0740e-20
6904.00   6.9452e-25
6906.00   2.3307e-18
6908.00   3.3726e-18
6910.00   1.7575e-21
6912.00   4.9629e-18
6914.00   3.9935e-18
6916.00   3.9071e-21
6918.00   9.4896e-20
6920.00   6.6664e-26
6922.00   1.5010e-21
6924.00   3.7072e-18
6926.00   4.7895e-19
6928.00   3.6053e-21
6930.00   1.3562e-18
6932.00   2.8982e-19
6934.00   4.7976e-21
6936.00   2.9112e-21
6938.00   1.5308e-21
6940.00   2.8882e-19
6942.00   3.4802e-19
6944.00   7.6805e-20
6946.00   1.1511e-18
6948.00   1.2507e-18
6950.00   1.9833e-18
6952.00   1.5208e-21
6954.00   1.0149e-23
6956.00   4.6004e-23
6958.00   2.2291e-19
6960.00   1.5292e-19
6962.00   8.7345e-20
6964.00   4.3468e-19
6966.00   5.3010e-19
6968.00   2.6848e-21
6970.00   1.0909e-20
6972.00   5.0273e-21
6974.00   2.9014e-20
6976.00   6.5666e-22
6978.00   3.1295e-18
6980.00   4.8881e-21
6982.00   7.8178e-21
6984.00   1.8791e-21
6986.00   6.9200e-20
6988.00   4.3024e-21
6990.00   7.4998e-21
6992.00   1.4046e-19
6994.00   1.1947e-18
6996.00   1.9743e-18
6998.00   1.7993e-21
7000.00   4.7200e-19
7002.00   8.2201e-21
7004.00   2.9940e-21
7006.00   4.1262e-22
7008.00   1.0338e-19
7010.00   1.6049e-18
7012.00   1.5282e-18
7014.00   1.8493e-21
7016.00   1.6428e-18
7018.00   2.1849e-20
7020.00   6.9255e-22
7022.00   2.4643e-19
7024.00   7.0374e-22
7026.00   6.1146e-22
7028.00   7.6756e-24
7030.00   7.0338e-21
7032.00   4.0084e-19
7034.00   1.0690e-19
7036.00   6.7315e-21
7038.00   1.0765e-19
7040.00   1.8763e-20
7042.00   1.3067e-20
7044.00   1.0095e-22
7046.00   2.7389e-20
7048.00   3.1044e-19
7050.00   4.7787e-26
7052.00   1.2485e-22
7054.00   3.5209e-19
7056.00   2.6484e-23
7058.00   3.2814e-20
7060.00   1.9396e-18
7062.00   4.5384e-24
7064.00   1.8245e-18
7066.00   1.5021e-20
7068.00   2.3238e-19
7070.00   1.3842e-21
7072.00   3.9734e-25
7074.00   1.1812e-20
7076.00   5.1385e-19
7078.00   8.2192e-21
7080.00   7.3861e-21
7082.00   1.2104e-20
7084.00   4.6517e-20
7086.00   3.0780e-25
7088.00   3.9318e-19
7090.00   1.3648e-19
7092.00   7.8796e-20
7094.00   2.8863e-21
7096.00   1.0262e-22
7098.00   4.6595e-19
7100.00   1.5794e-22
7102.00   1.7246e-21
7104.00   1.8928e-18
7106.00   1.5020e-20
7108.00   2.4604e-21
7110.00   1.5137e-17
7112.00   3.4126e-19
7114.00   1.4644e-18
7116.00   1.5234e-19
7118.00   9.1499e-19
7120.00   9.3643e-23
7122.00   2.5773e-24
7124.00   3.3476e-19
7126.00   2.3917e-22
7128.00   5.7812e-19
7130.00   6.1631e-19
7132.00   4.8432e-20
7134.00   7.7119e-20
7136.00   6.3908e-18
7138.00   4.4443e-20
7140.00   6.9578e-19
7142.00   1.3157e-23
7144.00   3.8385e-23
7146.00   1.7293e-19
7148.00   1.4826e-19
7150.00   3.7223e-19
7152.00   9.8337e-20
7154.00   1.8370e-22
7156.00   7.3330e-19
7158.00   2.3453e-19
7160.00   3.5280e-24
7162.00   3.8520e-19
7164.00   1.4089e-18
7166.00   2.4029e-21
7168.00   4.4802e-19
7170.00   5.4742e-19
7172.00   1.8940e-19
7174.00   2.6369e-21
7176.00   3.2362e-25
7178.00   2.8079e-20
7180.00   1.0692e-17
7182.00   1.8120e-18
7184.00   5.8033e-18
7186.00   5.2051e-20
7188.00   4.3140e-25
7190.00   2.8431e-21
7192.00   6.3456e-18
7194.00   6.4879e-18
7196.00   2.2378e-21
7198.00   1.4004e-22
7200.00   9.1579e-20
7202.00   7.5437e-21
7204.00   2.6026e-20
7206.00   6.6604e-20
7208.00   2.0115e-23
7210.00   2.3964e-22
7212.00   2.2676e-18
7214.00   1.4351e-21
7216.00   8.4178e-19
7218.00   5.7423e-20
7220.00   1.9887e-27
7222.00   3.6011e-17
7224.00   3.7710e-17
7226.00   3.1900e-18
7228.00   3.0186e-21
7230.00   3.2056e-20
7232.00   6.5798e-23
7234.00   1.3952e-20
7236.00   4.1449e-22
7238.00   1.2677e-19
7240.00   3.6527e-20
7242.00   5.8473e-21
7244.00   2.7107e-19
7246.00   9.1512e-20
7248.00   1.2658e-19
7250.00   5.8440e-20
7252.00   1.1263e-22
7254.00   2.3198e-18
7256.00   9.6042e-27
7258.00   9.6873e-23
7260.00   8.9750e-21
7262.00   3.2640e-19
7264.00   7.7801e-18
7266.00   1.5292e-18
7268.00   1.2787e-20
7270.00   5.3328e-22
7272.00   1.5298e-26
7274.00   6.6889e-19
7276.00   8.7728e-19
7278.00   1.0142e-18
7280.00   5.6154e-19
7282.00   3.6633e-18
7284.00   2.2779e-22
7286.00   2.6391e-19
7288.00   8.2922e-18
7290.00   4.9119e-18
7292.00   1.6482e-23
7294.00   3.5380e-20
7296.00   1.1679e-22
7298.00   1.7429e-20
7300.00   6.3351e-20
7302.00   2.8420e-17
7304.00   4.9808e-19
7306.00   5.9858e-19
7308.00   4.7230e-17
7310.00   3.7162e-17
7312.00   5.9427e-21
7314.00   3.8518e-21
7316.00   4.0366e-20
7318.00   8.7870e-19
7320.00   4.0406e-17
7322.00   7.5801e-19
7324.00   5.9880e-20
7326.00   4.9836e-22
7328.00   1.9917e-21
7330.00   2.0894e-21
7332.00   8.3466e-19
7334.00   3.6659e-18
7336.00   1.3202e-17
7338.00   1.4266e-23
7340.00   4.7567e-28
7342.00   8.1810e-21
7344.00   3.3807e-23
7346.00   5.4560e-22
7348.00   6.5161e-25
7350.00   6.5393e-19
7352.00   7.5204e-18
7354.00   7.9496e-20
7356.00   3.6519e-21
7358.00   1.8534e-19
7360.00   1.2261e-20
7362.00   6.1805e-20
7364.00   2.3100e-22
7366.00   7.5660e-20
7368.00   9.9595e-21
7370.00   5.0536e-19
7372.00   4.2612e-22
7374.00   1.1023e-21
7376.00   3.7289e-25
7378.00   2.6569e-21
7380.00   1.0859e-20
7382.00   9.6762e-21
7384.00   1.1615e-22
7386.00   6.8294e-20
7388.00   1.4406e-19
7390.00   1.3282e-21
7392.00   7.8995e-23
7394.00   1.3225e-21
7396.00   7.2221e-21
7398.00   1.6718e-20
7400.00   2.6505e-18
7402.00   3.8390e-18
7404.00   4.1921e-26
7406.00   8.9628e-20
7408.00   1.3240e-20
7410.00   9.6032e-18
7412.00   9.8044e-21
7414.00   3.4107e-19
7416.00   2.2059e-20
7418.00   3.4201e-18
7420.00   4.3811e-18
7422.00   3.2920e-20
7424.00   3.1921e-19
7426.00   2.0435e-18
7428.00   7.6387e-23
7430.00   2.8824e-18
7432.00   9.9348e-20
7434.00   1.3408e-20
7436.00   6.1511e-19
7438.00   2.3300e-21
7440.00   1.5429e-20
7442.00   9.8790e-22
7444.00   2.8157e-26
7446.00   3.4923e-18
7448.00   1.3583e-24
7450.00   4.6020e-17
7452.00   2.1380e-19
7454.00   2.1367e-18
7456.00   1.0918e-19
7458.00   5.7972e-22
7460.00   3.0164e-22
7462.00   6.3262e-17
7464.00   5.8833e-21
7466.00   2.6059e-18
7468.00   2.1339e-22
7470.00   2.5454e-21
7472.00   1.5020e-21
7474.00   2.5108e-22
7476.00   3.8582e-21
7478.00   1.3539e-23
7480.00   1.7153e-18
7482.00   8.0625e-19
7484.00   1.0913e-25
7486.00   6.1993e-20
7488.00   1.2314e-18
7490.00   5.3799e-22
7492.00   3.6832e-20
7494.00   1.0553e-22
7496.00   6.5237e-22
7498.00   1.9233e-19
7500.00   9.4581e-19
7502.00   6.2231e-19
7504.00   1.2001e-18
7506.00   3.2432e-22
7508.00   1.8682e-24
7510.00   2.1897e-21
7512.00   4.5825e-24
7514.00   5.8431e-20
7516.00   5.9643e-17
7518.00   9.1578e-20
7520.00   1.2035e-17
7522.00   3.8799e-21
7524.00   5.2390e-21
7526.00   6.7683e-20
7528.00   9.6755e-22
7530.00   1.1737e-21
7532.00   5.6007e-20
7534.00   4.1169e-17
7536.00   7.7917e-23
7538.00   4.3438e-22
7540.00   7.5283e-21
7542.00   2.6661e-20
7544.00   1.2289e-19
7546.00   1.6001e-25
7548.00   1.1049e-19
7550.00   1.2195e-21
7552.00   1.2577e-20
7554.00   6.8058e-19
7556.00   2.3356e-21
7558.00   3.9545e-21
7560.00   1.5365e-19
7562.00   2.7207e-20
7564.00   1.7959e-19
7566.00   1.9730e-20
7568.00   6.8790e-19
7570.00   2.7798e-21
7572.00   1.6767e-20
7574.00   1.6346e-26
7576.00   1.1654e-18
7578.00   5.5381e-25
7580.00   9.7609e-18
7582.00   3.5043e-22
7584.00   3.8930e-18
7586.00   6.6840e-21
7588.00   3.0772e-21
7590.00   8.6060e-26
7592.00   4.9058e-21
7594.00   1.0528e-20
7596.00   3.1042e-22
7598.00   8.7037e-20
7600.00   1.1047e-19
7602.00   1.7252e-20
7604.00   1.3166e-20
7606.00   6.0867e-20
7608.00   4.9135e-23
7610.00   1.7407e-19
7612.00   5.8935e-26
7614.00   5.0515e-19
7616.00   3.0800e-19
7618.00   2.8135e-18
7620.00   6.8253e-19
7622.00   4.8127e-21
7624.00   1.5955e-22
7626.00   3.2464e-21
7628.00   1.4265e-26
7630.00   5.5667e-23
7632.00   3.1091e-21
7634.00   1.1095e-20
7636.00   1.3532e-22
7638.00   3.9754e-18
7640.00   2.9490e-20
7642.00   6.1212e-20
7644.00   1.8774e-20
7646.00   5.7595e-19
7648.00   6.0260e-18
7650.00   3.2408e-21
7652.00   5.2638e-22
7654.00   1.5861e-18
7656.00   4.6138e-17
7658.00   1.6990e-17
7660.00   5.9132e-18
7662.00   2.1731e-24
7664.00   3.5065e-22
7666.00   7.8766e-21
7668.00   3.6447e-21
7670.00   2.7259e-22
7672.00   2.1734e-18
7674.00   1.9815e-21
7676.00   5.0647e-19
7678.00   9.1369e-21
7680.00   2.6024e-25
7682.00   1.8727e-24
7684.00   7.8827e-23
7686.00   9.7975e-18
7688.00   1.7569e-19
7690.00   6.2383e-19
7692.00   3.4546e-20
7694.00   6.4416e-19
7696.00   5.7647e-21
7698.00   4.0707e-18
7700.00   6.6284e-19
7702.00   9.0979e-20
7704.00   1.4923e-24
7706.00   4.8510e-20
7708.00   3.5158e-20
7710.00   1.7089e-19
7712.00   8.6026e-17
7714.00   8.7971e-20
7716.00   3.6364e-20
7718.00   1.1795e-23
7720.00   2.7440e-20
7722.00   5.8792e-23
7724.00   2.7176e-20
7726.00   2.1349e-22
7728.00   5.5620e-24
7730.00   6.6994e-20
7732.00   1.2186e-22
7734.00   2.5769e-21
7736.00   3.7718e-22
7738.00   1.0880e-17
7740.00   5.0034e-19
7742.00   1.4894e-18
7744.00   8.6999e-23
7746.00   7.1333e-20
7748.00   1.1746e-20
7750.00   2.4501e-23
7752.00   3.7763e-22
7754.00   2.0258e-23
7756.00   9.1714e-22
7758.00   1.1568e-18
7760.00   2.3035e-24
7762.00   1.0069e-19
7764.00   2.7070e-19
7766.00   8.2106e-20
7768.00   1.6621e-23
7770.00   1.3762e-27
7772.00   5.7501e-23
7774.00   2.6955e-19
7776.00   1.2042e-23
7778.00   9.1669e-19
7780.00   3.1918e-23
7782.00   3.1067e-22
7784.00   5.2000e-19
7786.00   2.0341e-24
7788.00   1.7193e-19
7790.00   7.3649e-21
7792.00   2.2254e-19
7794.00   4.3609e-19
7796.00   5.3646e-26
7798.00   4.8815e-18
7800.00   2.0236e-25
7802.00   6.9962e-18
7804.00   2.3135e-19
7806.00   9.0067e-18
7808.00   1.1518e-18
7810.00   1.6048e-21
7812.00   5.3457e-21
7814.00   7.0336e-18
7816.00   3.0643e-21
7818.00   3.7665e-19
7820.00   1.3209e-19
7822.00   1.0839e-22
7824.00   4.0850e-20
7826.00   3.1043e-20
7828.00   1.3238e-23
7830.00   1.8459e-18
7832.00   6.7489e-18
7834.00   3.8942e-19
7836.00   5.1816e-18
7838.00   9.7458e-20
7840.00   2.3292e-18
7842.00   7.5343e-18
7844.00   3.6246e-19
7846.00   1.7556e-19
7848.00   5.4233e-19
7850.00   5.5783e-26
7852.00   1.5194e-19
7854.00   1.0373e-21
7856.00   8.4073e-20
7858.00   2.8622e-25
7860.00   7.1571e-19
7862.00   4.5078e-20
7864.00   1.1483e-22
7866.00   5.4230e-18
7868.00   1.8585e-21
7870.00   5.4249e-20
7872.00   1.9540e-18
7874.00   1.0702e-20
7876.00   4.1668e-23
7878.00   5.6105e-22
7880.00   9.5304e-22
7882.00   9.5448e-20
7884.00   1.6564e-22
7886.00   7.6714e-19
7888.00   4.9002e-22
7890.00   8.8231e-25
7892.00   1.4152e-20
7894.00   5.1312e-18
7896.00   2.8387e-21
7898.00   3.4652e-18
7900.00   2.6526e-19
7902.00   4.6098e-23
7904.00   9.6001e-20
7906.00   2.9224e-20
7908.00   5.8339e-23
7910.00   1.4106e-25
7912.00   1.7181e-22
7914.00   4.6695e-18
7916.00   2.7410e-21
7918.00   7.2517e-18
7920.00   4.1265e-27
7922.00   6.2924e-19
7924.00   4.7997e-26
7926.00   8.5614e-19
7928.00   5.3829e-22
7930.00   4.8642e-19
7932.00   6.3186e-21
7934.00   4.3474e-19
7936.00   3.3073e-23
7938.00   6.9169e-19
7940.00   1.3527e-20
7942.00   1.3947e-20
7944.00   9.8591e-28
7946.00   3.3231e-22
7948.00   7.9380e-19
7950.00   5.0317e-22
7952.00   4.1523e-19
7954.00   2.1527e-21
7956.00   4.1111e-19
7958.00   1.9458e-22
7960.00   5.8363e-27
7962.00   4.0011e-23
7964.00   1.6162e-23
7966.00   9.2576e-21
7968.00   3.9077e-19
7970.00   1.0343e-18
7972.00   1.0725e-21
7974.00   4.1396e-19
7976.00   1.9770e-18
7978.00   1.5709e-19
7980.00   4.2162e-20
7982.00   4.9370e-18
7984.00   2.1237e-21
7986.00   2.9259e-19
7988.00   2.6051e-20
7990.00   7.0521e-22
7992.00   5.3154e-22
7994.00   2.1663e-20
7996.00   3.5068e-18
7998.00   2.0861e-19
8000.00   1.4507e-22
8002.00   4.6440e-21
8004.00   1.9905e-21
8006.00   5.2802e-21
8008.00   1.0531e-19
8010.00   1.1968e-21
8012.00   2.5320e-18
8014.00   2.5374e-20
8016.00   8.6144e-20
8018.00   9.1330e-19
8020.00   9.1060e-23
8022.00   6.3049e-22
8024.00   2.2890e-19
8026.00   4.3474e-22
8028.00   2.4972e-21
8030.00   1.9102e-18
8032.00   1.1853e-18
8034.00   9.0047e-23
8036.00   8.4322e-20
8038.00   6.7631e-19
8040.00   3.1321e-22
8042.00   8.2074e-19
8044.00   1.1571e-19
8046.00   8.7202e-27
8048.00   1.6499e-21
8050.00   2.9660e-20
8052.00   1.7002e-20
8054.00   2.4910e-18
8056.00   5.1636e-26
8058.00   6.2961e-23
8060.00   8.7672e-18
8062.00   1.0125e-20
8064.00   3.8076e-18
8066.00   1.1411e-23
8068.00   1.0429e-19
8070.00   2.7813e-19
8072.00   1.5333e-25
8074.00   3.7407e-18
8076.00   4.5021e-18
8078.00   2.2841e-20
8080.00   1.7813e-19
8082.00   1.6510e-25
8084.00   1.8341e-18
8086.00   7.0735e-20
8088.00   1.0138e-22
8090.00   2.9908e-20
8092.00   2.3611e-19
8094.00   2.4184e-19
8096.00   1.6030e-18
8098.00   1.3497e-21
8100.00   5.6211e-27
8102.00   5.9792e-22
8104.00   1.3429e-18
8106.00   1.8527e-19
8108.00   1.5339e-19
8110.00   7.3218e-22
8112.00   1.5852e-20
8114.00   8.3773e-21
8116.00   1.3808e-25
8118.00   1.8561e-19
8120.00   8.6638e-21
8122.00   7.6162e-22
8124.00   2.5884e-19
8126.00   4.3798e-21
8128.00   1.5271e-19
8130.00   1.6627e-20
8132.00   5.6279e-20
8134.00   1.1832e-22
8136.00   1.6135e-18
8138.00   4.8314e-25
8140.00   6.3327e-21
8142.00   3.2915e-22
8144.00   3.4034e-20
8146.00   6.5697e-20
8148.00   5.6104e-19
8150.00   1.1525e-22
8152.00   1.0019e-19
8154.00   1.3073e-21
8156.00   4.9421e-21
8158.00   6.0998e-20
8160.00   1.3425e-18
8162.00   2.2145e-24
8164.00   4.6338e-20
8166.00   1.2438e-24
8168.00   2.0844e-18
8170.00   2.4824e-23
8172.00   1.6414e-19
8174.00   6.2412e-19
8176.00   5.1406e-27
8178.00   5.0609e-20
8180.00   2.3227e-24
8182.00   3.2373e-20
8184.00   1.0930e-20
8186.00   7.7368e-20
8188.00   1.4367e-23
8190.00   8.6334e-19
8192.00   1.9024e-20
8194.00   6.5527e-21
8196.00   1.8944e-22
8198.00   5.4895e-21
8200.00   3.7478e-20
8202.00   2.8520e-19
8204.00   6.1233e-19
8206.00   4.7320e-19
8208.00   1.4549e-17
8210.00   4.5585e-18
8212.00   2.1158e-18
8214.00   1.2895e-21
8216.00   1.7067e-19
8218.00   3.7344e-20
8220.00   9.0466e-21
8222.00   6.4151e-19
8224.00   2.2776e-24
8226.00   1.5225e-22
8228.00   2.2324e-17
8230.00   7.8785e-21
8232.00   1.1054e-21
8234.00   7.0367e-19
8236.00   1.8691e-24
8238.00   2.3452e-18
8240.00   5.5350e-21
8242.00   6.2350e-19
8244.00   7.2507e-25
8246.00   3.5317e-20
8248.00   2.2203e-19
8250.00   3.5232e-18
8252.00   2.5893e-21
8254.00   4.9497e-21
8256.00   7.1342e-21
8258.00   1.7055e-19
8260.00   3.0322e-18
8262.00   3.9713e-20
8264.00   8.0263e-18
8266.00   4.1445e-21
8268.00   2.6144e-23
8270.00   1.4153e-21
8272.00   1.6385e-20
8274.00   7.4087e-19
8276.00   1.5783e-18
8278.00   1.0866e-19
8280.00   1.5762e-21
8282.00   5.3121e-22
8284.00   1.3897e-18
8286.00   1.1090e-21
8288.00   2.8174e-17
8290.00   2.4551e-18
8292.00   6.8382e-23
8294.00   6.0860e-20
8296.00   8.9561e-20
8298.00   2.2631e-21
8300.00   7.0604e-19
8302.00   7.3938e-18
8304.00   3.0753e-20
8306.00   2.6212e-18
8308.00   6.4593e-19
8310.00   3.4325e-18
8312.00   3.4801e-21
8314.00   8.3780e-20
8316.00   2.4685e-20
8318.00   2.3522e-25
8320.00   8.9366e-21
8322.00   1.5608e-18
8324.00   3.6172e-19
8326.00   6.1742e-27
8328.00   1.2960e-21
8330.00   4.1819e-19
8332.00   1.2804e-23
8334.00   1.7679e-19
8336.00   1.8551e-21
8338.00   7.9606e-19
8340.00   1.7001e-19
8342.00   4.3450e-21
8344.00   4.2238e-19
8346.00   1.1298e-20
8348.00   1.6125e-20
8350.00   4.6082e-24
8352.00   3.5680e-19
8354.00   3.1160e-21
8356.00   1.2453e-19
8358.00   1.3181e-17
8360.00   1.9312e-21
8362.00   2.2406e-25
8364.00   4.3342e-23
8366.00   1.2435e-18
8368.00   2.4219e-18
8370.00   7.0341e-24
8372.00   2.5714e-19
8374.00   3.4628e-20
8376.00   6.9493e-19
8378.00   2.3170e-19
8380.00   5.1599e-25
8382.00   1.5982e-18
8384.00   4.0992e-26
8386.00   3.3111e-18
8388.00   2.7505e-21
8390.00   1.0124e-19
8392.00   8.2150e-20
8394.00   1.7756e-25
8396.00   7.0987e-19
8398.00   7.8692e-18
8400.00   1.3577e-21
8402.00   1.5889e-22
8404.00   1.4013e-17
8406.00   8.0160e-20
8408.00   2.2562e-19
8410.00   3.2514e-21
8412.00   2.5360e-21
8414.00   1.6580e-19
8416.00   3.6131e-19
8418.00   8.9471e-23
8420.00   6.9021e-19
8422.00   6.2154e-21
8424.00   7.7716e-18
8426.00   1.0201e-26
8428.00   3.7798e-21
8430.00   3.2175e-22
8432.00   1.2860e-19
8434.00   1.0166e-19
8436.00   3.0754e-19
8438.00   4.7058e-20
8440.00   1.7597e-20
8442.00   5.3698e-25
8444.00   4.3906e-18
8446.00   4.0870e-21
8448.00   7.4006e-22
8450.00   1.9473e-22
8452.00   8.8824e-19
8454.00   1.4248e-18
8456.00   9.3955e-24
8458.00   1.3300e-21
8460.00   4.9974e-22
8462.00   2.4175e-24
8464.00   4.2373e-23
8466.00   1.8283e-19
8468.00   6.1245e-20
8470.00   1.1982e-17
8472.00   7.8433e-19
8474.00   4.5068e-19
8476.00   1.2584e-20
8478.00   9.5713e-21
8480.00   3.4687e-19
8482.00   7.9191e-20
8484.00   2.5367e-19
8486.00   3.0668e-18
8488.00   7.7047e-23
8490.00   1.6793e-17
8492.00   3.4973e-19
8494.00   1.8715e-21
8496.00   1.9855e-19
8498.00   7.2913e-20
8500.00   1.3204e-17
8502.00   4.2344e-24
8504.00   8.2485e-19
8506.00   2.0486e-19
8508.00   4.1349e-18
8510.00   1.8333e-22
8512.00   1.2853e-21
8514.00   2.3659e-19
8516.00   1.1969e-22
8518.00   2.7398e-18
8520.00   1.4337e-24
8522.00   6.7681e-22
8524.00   5.8516e-20
8526.00   1.9691e-21
8528.00   3.5510e-19
8530.00   1.0595e-20
8532.00   1.0940e-20
8534.00   6.3526e-23
8536.00   9.8783e-22
8538.00   8.2175e-23
8540.00   7.0985e-22
8542.00   1.4543e-23
8544.00   2.4516e-19
8546.00   8.8577e-20
8548.00   3.0540e-19
8550.00   9.9085e-19
8552.00   3.6883e-21
8554.00   1.8876e-18
8556.00   4.4444e-19
8558.00   2.3976e-19
8560.00   1.4369e-27
8562.00   6.4157e-23
8564.00   7.0358e-20
8566.00   2.5103e-21
8568.00   6.7370e-21
8570.00   3.0707e-22
8572.00   1.6516e-20
8574.00   3.9497e-19
8576.00   1.1751e-19
8578.00   4.9813e-21
8580.00   7.8814e-20
8582.00   1.0623e-19
8584.00   1.0980e-21
8586.00   1.7608e-22
8588.00   1.1011e-23
8590.00   4.7746e-20
8592.00   4.1089e-21
8594.00   7.6272e-22
8596.00   5.0557e-18
8598.00   1.0148e-20
8600.00   7.8071e-20
8602.00   8.0990e-20
8604.00   1.5062e-19
8606.00   2.9439e-19
8608.00   2.8887e-24
8610.00   1.4296e-23
8612.00   3.6136e-19
8614.00   3.4825e-23
8616.00   8.4227e-19
8618.00   3.9091e-22
8620.00   2.6329e-21
8622.00   2.5584e-21
8624.00   8.4379e-22
8626.00   7.0339e-19
8628.00   7.0810e-19
8630.00   9.2891e-20
8632.00   2.3929e-22
8634.00   5.7467e-20
8636.00   9.2631e-20
8638.00   2.7043e-22
8640.00   8.9309e-22
8642.00   4.9002e-18
8644.00   5.3376e-22
8646.00   2.4924e-24
8648.00   1.2872e-23
8650.00   2.1135e-18
8652.00   3.2982e-24
8654.00   9.9119e-21
8656.00   1.0732e-19
8658.00   4.5646e-26
8660.00   1.0364e-21
8662.00   1.3489e-21
8664.00   2.6259e-19
8666.00   2.7863e-21
8668.00   1.5681e-20
8670.00   2.5908e-20
8672.00   1.5145e-18
8674.00   3.5572e-23
8676.00   2.9494e-19
8678.00   1.0106e-18
8680.00   2.7055e-26
8682.00   8.4888e-25
8684.00   4.3020e-18
8686.00   2.1904e-24
8688.00   1.5640e-22
8690.00   1.5805e-19
8692.00   1.3149e-22
8694.00   6.0579e-22
8696.00   8.4292e-20
8698.00   7.2802e-26
8700.00   1.3500e-21
8702.00   6.1311e-22
8704.00   1.0563e-19
8706.00   2.2305e-20
8708.00   4.4062e-21
8710.00   6.7488e-26
8712.00   3.3688e-24
8714.00   1.1703e-19
8716.00   3.3862e-20
8718.00   1.9172e-21
8720.00   1.4420e-19
8722.00   1.2553e-17
8724.00   1.8401e-22
8726.00   1.2832e-25
8728.00   1.1177e-22
8730.00   4.5576e-23
8732.00   8.0237e-20
8734.00   5.6135e-21
8736.00   4.2089e-20
8738.00   5.2839e-25
8740.00   6.9324e-19
8742.00   5.7770e-24
8744.00   6.3522e-20
8746.00   2.6606e-19
8748.00   1.2883e-22
8750.00   5.9520e-19
8752.00   2.4884e-19
8754.00   1.0816e-20
8756.00   1.4379e-18
8758.00   2.6278e-18
8760.00   2.0139e-21
8762.00   8.4216e-19
8764.00   2.5391e-20
8766.00   2.7320e-22
8768.00   1.1060e-26
8770.00   4.2397e-24
8772.00   3.1547e-22
8774.00   5.3985e-23
8776.00   2.7734e-19
8778.00   1.1587e-24
8780.00   3.5163e-24
8782.00   8.3442e-22
8784.00   2.4174e-22
8786.00   1.4749e-26
8788.00   3.4708e-22
8790.00   1.4645e-22
8792.00   2.1612e-21
8794.00   6.9191e-19
8796.00   1.7569e-20
8798.00   6.3439e-22
8800.00   2.1809e-23
8802.00   4.4158e-28
8804.00   1.0748e-21
8806.00   1.2891e-19
8808.00   2.1386e-22
8810.00   9.7782e-19
8812.00   2.3280e-21
8814.00   6.3552e-23
8816.00   2.1809e-17
8818.00   2.2377e-21
8820.00   7.8278e-20
8822.00   9.3085e-25
8824.00   1.4213e-19
8826.00   7.4851e-20
8828.00   3.4897e-18
8830.00   9.3992e-23
8832.00   5.5807e-24
8834.00   4.6118e-22
8836.00   1.9888e-22
8838.00   4.7822e-20
8840.00   4.6822e-24
8842.00   9.7137e-21
8844.00   1.8680e-20
8846.00   2.4227e-20
8848.00   3.5337e-18
8850.00   2.1091e-20
8852.00   8.8628e-22
8854.00   4.6266e-21
8856.00   3.7639e-22
8858.00   4.7205e-21
8860.00   7.1822e-20
8862.00   2.4224e-22
8864.00   1.8402e-20
8866.00   1.3058e-27
8868.00   1.5714e-17
8870.00   3.0904e-19
8872.00   1.3001e-27
8874.00   1.7438e-17
8876.00   2.2846e-20
8878.00   1.1835e-23
8880.00   4.6274e-25
8882.00   1.3120e-20
8884.00   1.8172e-20
8886.00   1.5781e-20
8888.00   7.4045e-25
8890.00   3.8914e-19
8892.00   4.1044e-19
8894.00   3.2029e-22
8896.00   8.1851e-22
8898.00   7.5638e-19
8900.00   3.5402e-24
8902.00   1.6692e-21
8904.00   1.8552e-23
8906.00   1.2650e-22
8908.00   4.1367e-21
8910.00   5.6143e-23
8912.00   4.6562e-21
8914.00   6.1047e-24
8916.00   5.1934e-24
8918.00   3.5460e-21
8920.00   1.1902e-17
8922.00   1.3078e-19
8924.00   8.9108e-21
8926.00   4.1641e-17
8928.00   2.2213e-22
8930.00   2.5507e-26
8932.00   2.7778e-22
8934.00   7.5636e-20
8936.00   1.1195e-26
8938.00   1.9534e-17
8940.00   7.7834e-22
8942.00   1.0597e-23
8944.00   1.7283e-19
8946.00   2.0208e-18
8948.00   2.8654e-22
8950.00   8.0019e-20
8952.00   1.8392e-24
8954.00   2.1493e-24
8956.00   5.3202e-18
8958.00   2.9133e-22
8960.00   3.8581e-19
8962.00   2.3155e-22
8964.00   5.6144e-24
8966.00   7.6291e-20
8968.00   5.0040e-20
8970.00   5.3353e-21
8972.00   3.6752e-21
8974.00   1.7337e-25
8976.00   4.0546e-21
8978.00   5.3350e-28
8980.00   2.3456e-22
8982.00   3.4540e-19
8984.00   1.4581e-24
8986.00   6.4644e-21
8988.00   6.2091e-21
8990.00   4.5420e-18
8992.00   7.2135e-24
8994.00   9.2386e-21
8996.00   2.0094e-23
8998.00   5.6375e-24
9000.00   1.2936e-19
9002.00   7.0445e-21
9004.00   6.8894e-25
9006.00   4.4719e-18
9008.00   1.2386e-26
9010.00   4.3664e-21
9012.00   1.1873e-22
9014.00   4.0464e-18
9016.00   1.8735e-25
9018.00   3.1767e-26
9020.00   1.5373e-19
9022.00   4.1723e-25
9024.00   2.6282e-20
9026.00   1.2724e-19
9028.00   5.1596e-19
9030.00   1.0856e-19
9032.00   1.6275e-22
9034.00   1.3218e-20
9036.00   1.2272e-20
9038.00   4.4452e-19
9040.00   1.6272e-26
9042.00   1.1451e-20
9044.00   8.4289e-23
9046.00   3.8918e-27
9048.00   2.1371e-19
9050.00   1.1255e-19
9052.00   1.0525e-18
9054.00   1.0767e-23
9056.00   3.7676e-19
9058.00   3.6836e-19
9060.00   3.7961e-20
9062.00   1.1614e-17
9064.00   1.7702e-22
9066.00   8.6022e-20
9068.00   4.3143e-23
9070.00   9.4280e-18
9072.00   1.8718e-21
9074.00   7.0722e-20
9076.00   6.0940e-18
9078.00   9.5320e-18
9080.00   6.4118e-19
9082.00   3.8490e-20
9084.00   9.3908e-21
9086.00   3.5616e-24
9088.00   3.6015e-21
9090.00   2.7396e-18
9092.00   1.7991e-22
9094.00   2.5980e-26
9096.00   5.7840e-18
9098.00   8.8561e-21
9100.00   7.7634e-21
9102.00   6.0935e-22
9104.00   1.2981e-19
9106.00   3.6183e-20
9108.00   6.5448e-27
9110.00   4.6297e-21
9112.00   1.9820e-19
9114.00   5.0157e-20
9116.00   7.2189e-18
9118.00   1.0430e-20
9120.00   8.3499e-27
9122.00   1.1538e-17
9124.00   1.7710e-25
9126.00   3.5667e-19
9128.00   1.8057e-21
9130.00   2.1278e-19
9132.00   3.1547e-19
9134.00   1.2042e-20
9136.00   1.0181e-20
9138.00   8.1236e-20
9140.00   6.3745e-24
9142.00   1.4937e-23
9144.00   6.9093e-23
9146.00   7.5374e-21
9148.00   2.5381e-25
9150.00   9.4703e-23
9152.00   1.0449e-21
9154.00   3.3858e-20
9156.00   9.5490e-18
9158.00   3.1590e-26
9160.00   2.7670e-22
9162.00   1.2447e-25
9164.00   9.5264e-20
9166.00   2.1234e-24
9168.00   8.7860e-19
9170.00   1.8922e-20
9172.00   8.6731e-18
9174.00   9.4635e-25
9176.00   1.5028e-17
9178.00   8.6665e-18
9180.00   5.3977e-18
9182.00   3.7000e-20
9184.00   5.1462e-23
9186.00   2.6585e-26
9188.00   1.1567e-17
9190.00   2.3562e-22
9192.00   7.0088e-20
9194.00   1.1130e-19
9196.00   5.6284e-18
9198.00   2.2610e-22
9200.00   1.8935e-19
9202.00   3.8789e-18
9204.00   2.0969e-17
9206.00   8.9031e-24
9208.00   5.3077e-24
9210.00   6.9660e-18
9212.00   1.0734e-19
9214.00   3.2779e-19
9216.00   3.0065e-23
9218.00   5.2930e-25
9220.00   1.4732e-22
9222.00   4.8110e-20
9224.00   2.7189e-21
9226.00   4.1937e-20
9228.00   7.1150e-20
9230.00   2.4096e-25
9232.00   1.6397e-20
9234.00   2.4134e-20
9236.00   1.0409e-26
9238.00   1.0800e-18
9240.00   5.1075e-22
9242.00   2.0425e-18
9244.00   3.9646e-20
9246.00   2.6978e-21
9248.00   2.0761e-19
9250.00   4.8451e-21
9252.00   9.1159e-18
9254.00   5.9296e-22
9256.00   1.6492e-24
9258.00   3.3747e-18
9260.00   4.7709e-23
9262.00   7.9221e-29
9264.00   6.0289e-20
9266.00   1.1670e-23
9268.00   5.8407e-20
9270.00   1.8705e-22
9272.00   6.8757e-18
9274.00   1.1398e-18
9276.00   2.0133e-26
9278.00   1.6734e-24
9280.00   2.3024e-28
9282.00   9.3627e-20
9284.00   1.7552e-20
9286.00   2.5051e-19
9288.00   3.0525e-24
9290.00   3.4917e-18
9292.00   2.5374e-27
9294.00   5.2113e-22
9296.00   1.7168e-17
9298.00   7.7038e-19
9300.00   8.7235e-22
9302.00   5.4607e-28
9304.00   9.8500e-18
9306.00   3.0118e-20
9308.00   5.4594e-22
9310.00   2.8545e-21
9312.00   7.1788e-23
9314.00   1.4419e-22
9316.00   7.0548e-18
9318.00   6.8904e-24
9320.00   8.6029e-19
9322.00   1.7283e-19
9324.00   1.2754e-18
9326.00   1.8256e-18
9328.00   5.3123e-18
9330.00   3.6754e-20
9332.00   4.0416e-26
9334.00   5.1951e-23
9336.00   4.3947e-21
9338.00   1.1188e-21
9340.00   1.1694e-23
9342.00   1.4778e-18
9344.00   3.0320e-28
9346.00   2.0582e-22
9348.00   1.6230e-19
9350.00   1.8088e-18
9352.00   1.0931e-20
9354.00   3.8686e-25
9356.00   3.4934e-19
9358.00   1.4819e-18
9360.00   7.6634e-25
9362.00   2.3920e-21
9364.00   7.7921e-25
9366.00   3.6139e-21
9368.00   2.4401e-19
9370.00   1.2180e-24
9372.00   4.0665e-20
9374.00   6.3691e-20
9376.00   1.9141e-18
9378.00   4.1396e-22
9380.00   2.3824e-21
9382.00   3.6696e-21
9384.00   4.5284e-21
9386.00   6.6617e-21
9388.00   1.2215e-19
9390.00   3.5901e-22
9392.00   1.0430e-19
9394.00   5.0037e-21
9396.00   4.4939e-28
9398.00   1.8899e-26
9400.00   2.7938e-20
9402.00   6.6036e-24
9404.00   7.1160e-20
9406.00   6.2458e-21
9408.00   2.9811e-18
9410.00   1.6214e-18
9412.00   1.2926e-20
9414.00   5.7184e-20
9416.00   1.3489e-24
9418.00   5.3100e-18
9420.00   1.1083e-21
9422.00   1.3613e-21
9424.00   2.0034e-21
9426.00   2.5594e-20
9428.00   1.9955e-17
9430.00   3.0934e-21
9432.00   3.6332e-18
9434.00   2.7642e-28
9436.00   2.0389e-18
9438.00   7.2267e-21
9440.00   1.5158e-20
9442.00   1.1858e-19
9444.00   4.1749e-25
9446.00   1.1954e-19
9448.00   2.4674e-22
9450.00   1.7136e-24
9452.00   2.8331e-20
9454.00   4.8138e-24
9456.00   2.2714e-20
9458.00   1.5979e-21
9460.00   9.5655e-25
9462.00   1.4487e-22
9464.00   5.2712e-18
9466.00   4.2062e-21
9468.00   1.8053e-19
9470.00   6.1773e-20
9472.00   1.6514e-21
9474.00   8.6407e-18
9476.00   4.8451e-21
9478.00   9.2294e-21
9480.00   8.4987e-24
9482.00   4.3263e-21
9484.00   1.3185e-23
9486.00   1.7912e-23
9488.00   7.7619e-25
9490.00   9.6768e-22
9492.00   3.8897e-20
9494.00   8.0359e-28
9496.00   3.5440e-20
9498.00   2.8473e-18
9500.00   2.4821e-20
9502.00   3.6133e-26
9504.00   1.5643e-21
9506.00   2.3435e-25
9508.00   5.8805e-22
9510.00   1.8065e-17
9512.00   1.1116e-25
9514.00   3.1951e-20
9516.00   3.3466e-24
9518.00   2.1608e-21
9520.00   1.0388e-19
9522.00   4.8280e-23
9524.00   5.9155e-20
9526.00   3.4217e-20
9528.00   3.1096e-18
9530.00   1.8118e-23
9532.00   5.4551e-18
9534.00   9.6770e-18
9536.00   1.0880e-19
9538.00   6.9805e-25
9540.00   5.2381e-21
9542.00   6.0558e-20
9544.00   1.8476e-26
9546.00   1.0709e-19
9548.00   9.9769e-21
9550.00   9.4519e-18
9552.00   2.1364e-20
9554.00   1.7171e-22
9556.00   7.2729e-17
9558.00   1.6555e-19
9560.00   1.3459e-18
9562.00   2.0597e-27
9564.00   7.4533e-20
9566.00   2.8627e-19
9568.00   8.4996e-20
9570.00   1.5352e-18
9572.00   8.4722e-18
9574.00   3.0430e-23
9576.00   5.5001e-25
9578.00   6.3938e-21
9580.00   2.6198e-20
9582.00   2.0600e-21
9584.00   2.9471e-25
9586.00   7.6409e-22
9588.00   8.0797e-25
9590.00   4.1776e-19
9592.00   1.9075e-20
9594.00   2.1847e-23
9596.00   2.3785e-19
9598.00   6.2872e-20
9600.00   5.6453e-22
9602.00   5.7106e-21
9604.00   1.2518e-27
9606.00   6.6592e-19
9608.00   3.9900e-21
9610.00   5.6926e-21
9612.00   1.5713e-21
9614.00   1.5802e-19
9616.00   6.2864e-27
9618.00   9.6145e-18
9620.00   1.4315e-23
9622.00   4.7998e-26
9624.00   2.0382e-26
9626.00   4.8495e-27
9628.00   5.6002e-27
9630.00   3.1109e-20
9632.00   1.7733e-20
9634.00   4.1332e-18
9636.00   1.5609e-23
9638.00   7.2562e-20
9640.00   4.7756e-21
9642.00   3.7917e-21
9644.00   2.9909e-26
9646.00   7.5878e-21
9648.00   2.9508e-24
9650.00   7.2751e-24
9652.00   2.2637e-20
9654.00   2.1730e-28
9656.00   5.2631e-18
9658.00   5.5611e-24
9660.00   6.0333e-23
9662.00   4.3828e-18
9664.00   8.1376e-20
9666.00   1.6644e-26
9668.00   3.5802e-23
9670.00   8.6963e-20
9672.00   2.3258e-19
9674.00   8.9428e-22
9676.00   1.3344e-19
9678.00   5.1385e-22
9680.00   8.7538e-18
9682.00   7.0061e-20
9684.00   5.9891e-21
9686.00   6.2939e-22
9688.00   4.6606e-27
9690.00   2.6092e-24
9692.00   3.4959e-25
9694.00   1.4631e-26
9696.00   4.2501e-20
9698.00   6.4427e-24
9700.00   4.7153e-21
9702.00   1.1944e-26
9704.00   9.3158e-21
9706.00   5.6751e-23
9708.00   3.2301e-25
9710.00   4.9539e-26
9712.00   9.2502e-22
9714.00   4.0487e-20
9716.00   5.2836e-25
9718.00   1.8913e-19
9720.00   5.6841e-24
9722.00   2.5789e-20
9724.00   6.4749e-21
9726.00   1.8704e-25
9728.00   1.4972e-23
9730.00   3.6803e-20
9732.00   1.5942e-21
9734.00   1.9666e-23
9736.00   9.7887e-20
9738.00   7.8423e-20
9740.00   5.4228e-22
9742.00   2.2234e-19
9744.00   4.5431e-19
9746.00   1.2948e-18
9748.00   3.8384e-20
9750.00   1.4726e-19
9752.00   3.9653e-26
9754.00   1.5740e-22
9756.00   1.3784e-20
9758.00   5.9368e-28
9760.00   3.8312e-23
9762.00   2.8711e-26
9764.00   4.3128e-19
9766.00   7.4176e-19
9768.00   1.6097e-21
9770.00   9.2210e-23
9772.00   2.0508e-23
9774.00   5.7428e-25
9776.00   2.5848e-26
9778.00   8.0742e-25
9780.00   1.4602e-21
9782.00   4.8369e-20
9784.00   2.8156e-28
9786.00   9.5705e-25
9788.00   2.0380e-18
9790.00   3.2268e-23
9792.00   7.6066e-25
9794.00   3.9808e-22
9796.00   4.0756e-19
9798.00   1.3398e-20
9800.00   2.1919e-20
9802.00   3.2960e-23
9804.00   1.9685e-23
9806.00   1.5778e-19
9808.00   3.0721e-19
9810.00   1.2707e-21
9812.00   5.2244e-18
9814.00   4.3188e-26
9816.00   1.5610e-19
9818.00   2.8720e-25
9820.00   3.3463e-23
9822.00   1.5400e-23
9824.00   3.6284e-23
9826.00   1.5975e-19
9828.00   5.6961e-21
9830.00   2.2545e-22
9832.00   1.2874e-29
9834.00   1.9334e-25
9836.00   5.0680e-25
9838.00   7.9844e-21
9840.00   2.7075e-27
9842.00   1.2446e-20
9844.00   5.1951e-18
9846.00   1.6588e-22
9848.00   7.8107e-19
9850.00   7.7345e-20
9852.00   6.7850e-25
9854.00   6.0878e-24
9856.00   5.5000e-26
9858.00   5.9334e-22
9860.00   2.0010e-23
9862.00   1.9214e-20
9864.00   1.9579e-24
9866.00   3.5095e-24
9868.00   1.6209e-18
9870.00   2.6387e-23
9872.00   4.5708e-21
9874.00   5.3282e-21
9876.00   5.5905e-21
9878.00   4.6010e-25
9880.00   1.3624e-19
9882.00   9.5436e-20
9884.00   4.2966e-23
9886.00   2.4954e-25
9888.00   1.3677e-23
9890.00   1.0316e-26
9892.00   3.1337e-23
9894.00   2.9217e-18
9896.00   1.4274e-18
9898.00   1.4295e-23
9900.00   1.2791e-18
9902.00   1.9069e-23
9904.00   9.4355e-19
9906.00   1.1780e-19
9908.00   3.8998e-19
9910.00   1.5776e-19
9912.00   8.4307e-20
9914.00   1.9270e-25
9916.00   2.3388e-22
9918.00   1.1455e-24
9920.00   2.6664e-19
9922.00   5.7895e-21
9924.00   1.4986e-20
9926.00   8.2998e-24
9928.00   3.5303e-27
9930.00   1.5053e-25
9932.00   9.2590e-21
9934.00   3.7932e-22
9936.00   8.8281e-22
9938.00   2.0411e-20
9940.00   3.6809e-22
9942.00   4.3602e-24
9944.00   1.7014e-23
9946.00   7.3120e-19
9948.00   7.1665e-25
9950.00   2.9739e-20
9952.00   4.8319e-26
9954.00   8.1831e-20
9956.00   1.8591e-17
9958.00   3.1650e-21
9960.00   1.0815e-24
9962.00   5.1837e-21
9964.00   1.5615e-26
9966.00   2.7540e-27
9968.00   3.1898e-22
9970.00   2.1800e-20
9972.00   9.7946e-22
9974.00   5.2307e-28
9976.00   1.3934e-19
9978.00   1.0291e-20
9980.00   1.3620e-25
9982.00   5.6374e-20
9984.00   2.7778e-20
9986.00   3.4459e-23
9988.00   2.3975e-28
9990.00   2.9408e-23
9992.00   2.4168e-20
9994.00   1.0219e-20
9996.00   1.2381e-21
9998.00   1.4898e-16
10000.00   2.9556e-24
