1000.00   7.0787e-15
1002.00   1.0423e-14
1004.00   4.7869e-15
1006.00   3.6343e-15
1008.00   6.8284e-16
1010.00   7.9647e-15
1012.00   2.0938e-15
1014.00   3.6836e-15
1016.00   3.9353e-15
1018.00   2.4606e-15
1020.00   3.5005e-15
1022.00   3.4490e-15
1024.00   2.7752e-15
1026.00   3.6021e-15
1028.00   1.5137e-14
1030.00   2.1616e-14
1032.00   4.1054e-14
1034.00   2.9078e-14
1036.00   9.6277e-14
1038.00   7.7586e-15
1040.00   6.9278e-15
1042.00   2.5623e-14
1044.00   2.0846e-14
1046.00   2.0350e-14
1048.00   8.2771e-16
1050.00   1.5369e-14
1052.00   9.5139e-15
1054.00   2.0586e-14
1056.00   5.2388e-13
1058.00   1.7657e-14
1060.00   2.9503e-13
1062.00   1.3585e-13
1064.00   6.7264e-13
1066.00   6.5109e-14
1068.00   4.3606e-13
1070.00   6.6826e-14
1072.00   2.7003e-13
1074.00   5.3392e-13
1076.00   5.7453e-13
1078.00   2.9898e-14
1080.00   8.7768e-15
1082.00   1.3380e-13
1084.00   5.0128e-14
1086.00   1.9636e-14
1088.00   1.0880e-13
1090.00   7.5646e-14
1092.00   3.9027e-14
1094.00   1.1717e-13
1096.00   6.0295e-14
1098.00   1.0516e-13
1100.00   7.2698e-14
1102.00   9.0882e-14
1104.00   4.4017e-14
1106.00   5.5425e-14
1108.00   1.0428e-13
1110.00   1.0562e-13
1112.00   3.3874e-13
1114.00   3.6636e-13
1116.00   1.3955e-13
1118.00   7.3318e-15
1120.00   1.5165e-14
1122.00   3.8062e-13
1124.00   5.5897e-14
1126.00   2.7309e-13
1128.00   1.8147e-13
1130.00   6.0415e-14
1132.00   5.0205e-13
1134.00   5.0945e-13
1136.00   3.4318e-14
1138.00   4.6217e-14
1140.00   2.5096e-14
1142.00   7.3510e-14
1144.00   2.0673e-12
1146.00   2.6083e-13
1148.00   8.7376e-13
1150.00   4.5001e-13
1152.00   2.3875e-13
1154.00   1.9474e-13
1156.00   6.6192e-14
1158.00   3.5246e-14
1160.00   8.3784e-14
1162.00   4.3170e-14
1164.00   5.7681e-14
1166.00   7.5237e-14
1168.00   1.5002e-13
1170.00   2.1296e-13
1172.00   1.2030e-13
1174.00   1.6408e-13
1176.00   1.3948e-13
1178.00   3.0620e-14
1180.00   8.2894e-14
1182.00   5.8532e-14
1184.00   1.7446e-13
1186.00   8.7130e-14
1188.00   1.8145e-13
1190.00   5.6142e-14
1192.00   1.5008e-13
1194.00   8.4163e-14
1196.00   1.2845e-13
1198.00   4.6367e-13
1200.00   3.1284e-13
1202.00   3.5085e-14
1204.00   3.7014e-14
1206.00   7.4048e-14
1208.00   1.2702e-13
1210.00   4.1157e-13
1212.00   1.4493e-13
1214.00   2.0543e-13
1216.00   3.1939e-13
1218.00   1.9562e-13
1220.00   1.4628e-12
1222.00   6.2130e-15
1224.00   1.1772e-13
1226.00   4.4870e-14
1228.00   1.0437e-13
1230.00   9.3484e-15
1232.00   5.5359e-14
1234.00   5.2351e-14
1236.00   2.4620e-14
1238.00   5.3684e-14
1240.00   4.1084e-14
1242.00   1.0770e-13
1244.00   4.5204e-14
1246.00   2.4017e-14
1248.00   7.1964e-14
1250.00   1.9019e-14
1252.00   4.9919e-14
1254.00   2.9391e-14
1256.00   4.9405e-14
1258.00   4.9212e-14
1260.00   1.3229e-13
1262.00   1.5475e-13
1264.00   2.6554e-14
1266.00   2.2083e-13
1268.00   9.6370e-14
1270.00   5.4431e-14
1272.00   9.2050e-14
1274.00   5.8789e-14
1276.00   7.3865e-14
1278.00   3.2767e-14
1280.00   5.1911e-14
1282.00   2.3636e-14
1284.00   1.9115e-14
1286.00   1.5702e-14
1288.00   2.9467e-14
1290.00   1.1717e-13
1292.00   2.1528e-14
1294.00   3.6540e-14
1296.00   7.5958e-14
1298.00   2.0907e-14
1300.00   6.0288e-14
1302.00   6.8855e-14
1304.00   6.3976e-14
1306.00   3.8642e-14
1308.00   1.5557e-14
1310.00   1.2387e-14
1312.00   8.5202e-15
1314.00   4.7688e-14
1316.00   2.7418e-14
1318.00   4.1868e-14
1320.00   2.8937e-14
1322.00   3.7355e-14
1324.00   3.4767e-14
1326.00   7.4735e-15
1328.00   2.4321e-14
1330.00   2.4020e-14
1332.00   8.1345e-15
1334.00   7.7812e-15
1336.00   1.1512e-14
1338.00   1.5400e-14
1340.00   4.0054e-14
1342.00   4.0082e-15
1344.00   9.2216e-15
1346.00   1.4671e-14
1348.00   3.2090e-15
1350.00   4.8295e-15
1352.00   1.7653e-14
1354.00   1.4564e-14
1356.00   2.2345e-14
1358.00   1.0950e-13
1360.00   6.2391e-14
1362.00   1.0729e-13
1364.00   1.1859e-13
1366.00   8.3898e-14
1368.00   7.7804e-14
1370.00   8.1247e-15
1372.00   1.6874e-13
1374.00   9.3919e-14
1376.00   1.8128e-13
1378.00   6.8787e-14
1380.00   9.0811e-14
1382.00   3.3561e-14
1384.00   5.6151e-14
1386.00   5.0675e-14
1388.00   3.6920e-14
1390.00   3.7066e-15
1392.00   1.3944e-13
1394.00   1.7685e-14
1396.00   2.9842e-14
1398.00   3.3753e-14
1400.00   1.7359e-13
1402.00   1.0807e-13
1404.00   3.1856e-14
1406.00   2.0769e-14
1408.00   5.0796e-14
1410.00   3.9650e-14
1412.00   4.8026e-14
1414.00   4.9026e-14
1416.00   9.8475e-14
1418.00   3.7459e-14
1420.00   3.2748e-14
1422.00   6.5916e-15
1424.00   6.9789e-14
1426.00   1.7508e-14
1428.00   3.2823e-14
1430.00   8.3684e-14
1432.00   6.0682e-14
1434.00   1.4258e-14
1436.00   5.4845e-14
1438.00   4.3355e-14
1440.00   4.0027e-14
1442.00   4.8094e-14
1444.00   1.0746e-14
1446.00   5.1961e-15
1448.00   1.7912e-14
1450.00   1.5592e-14
1452.00   6.5264e-14
1454.00   3.1757e-14
1456.00   6.5349e-15
1458.00   1.0721e-14
1460.00   5.3863e-15
1462.00   1.2332e-14
1464.00   1.9751e-14
1466.00   4.5091e-15
1468.00   1.2769e-14
1470.00   1.5861e-14
1472.00   1.1739e-14
1474.00   6.9581e-14
1476.00   2.2194e-14
1478.00   3.8118e-14
1480.00   1.3020e-14
1482.00   2.7621e-15
1484.00   5.4499e-14
1486.00   1.6976e-14
1488.00   1.5185e-14
1490.00   2.3740e-14
1492.00   2.7759e-14
1494.00   2.8724e-14
1496.00   2.8404e-14
1498.00   1.5473e-15
1500.00   3.8530e-15
1502.00   9.1427e-15
1504.00   1.3818e-14
1506.00   3.9374e-14
1508.00   1.6535e-14
1510.00   3.5757e-15
1512.00   2.5317e-14
1514.00   1.7320e-14
1516.00   2.1889e-14
1518.00   1.5852e-15
1520.00   9.3755e-15
1522.00   1.6414e-14
1524.00   2.5854e-14
1526.00   4.7440e-14
1528.00   2.7073e-14
1530.00   1.1261e-15
1532.00   1.5375e-14
1534.00   3.7062e-15
1536.00   1.4320e-15
1538.00   2.5974e-15
1540.00   4.5052e-15
1542.00   2.1142e-15
1544.00   2.0027e-15
1546.00   1.1419e-14
1548.00   7.5076e-15
1550.00   2.7797e-14
1552.00   2.4319e-14
1554.00   1.6582e-14
1556.00   2.0446e-14
1558.00   8.4193e-15
1560.00   6.3867e-13
1562.00   5.4876e-15
1564.00   4.1569e-13
1566.00   2.7274e-14
1568.00   4.1632e-14
1570.00   5.1020e-13
1572.00   1.1101e-13
1574.00   4.4816e-13
1576.00   6.3619e-14
1578.00   1.1982e-13
1580.00   1.9683e-13
1582.00   2.3751e-14
1584.00   1.2637e-13
1586.00   3.8499e-14
1588.00   1.0638e-13
1590.00   1.7527e-15
1592.00   2.4467e-15
1594.00   2.6433e-14
1596.00   2.2977e-15
1598.00   2.0159e-15
1600.00   7.0944e-14
1602.00   4.6320e-14
1604.00   3.5628e-14
1606.00   9.2825e-14
1608.00   4.2478e-13
1610.00   3.1546e-14
1612.00   4.2096e-14
1614.00   1.8796e-13
1616.00   2.0647e-15
1618.00   1.0251e-13
1620.00   2.6227e-15
1622.00   1.6932e-13
1624.00   5.2138e-14
1626.00   4.9494e-14
1628.00   6.1237e-14
1630.00   2.1960e-13
1632.00   8.8809e-14
1634.00   6.1680e-14
1636.00   3.0390e-13
1638.00   5.4237e-13
1640.00   1.0324e-13
1642.00   1.4056e-13
1644.00   1.9698e-13
1646.00   6.0213e-14
1648.00   4.2934e-14
1650.00   3.3078e-13
1652.00   1.1117e-14
1654.00   2.1615e-13
1656.00   2.6152e-14
1658.00   1.0621e-13
1660.00   8.8759e-14
1662.00   9.8182e-15
1664.00   1.3997e-14
1666.00   6.2381e-16
1668.00   2.7201e-14
1670.00   5.6863e-14
1672.00   8.2806e-16
1674.00   1.5062e-13
1676.00   3.3166e-13
1678.00   2.2720e-14
1680.00   9.0680e-14
1682.00   2.2376e-13
1684.00   2.0239e-14
1686.00   5.2308e-14
1688.00   2.8048e-14
1690.00   5.6717e-14
1692.00   1.4226e-14
1694.00   1.9733e-14
1696.00   5.1935e-15
1698.00   9.5677e-15
1700.00   2.0840e-14
1702.00   4.2375e-13
1704.00   9.8370e-15
1706.00   3.0267e-15
1708.00   4.0637e-14
1710.00   1.0061e-13
1712.00   7.0362e-15
1714.00   8.2929e-15
1716.00   7.4394e-14
1718.00   6.2036e-14
1720.00   5.0048e-14
1722.00   2.6561e-14
1724.00   3.0947e-14
1726.00   2.5419e-13
1728.00   5.5488e-15
1730.00   2.5289e-16
1732.00   2.5978e-14
1734.00   1.8856e-15
1736.00   3.3461e-15
1738.00   5.8732e-15
1740.00   3.6669e-16
1742.00   8.5392e-15
1744.00   1.0940e-15
1746.00   1.1205e-13
1748.00   4.0430e-14
1750.00   5.8603e-14
1752.00   4.0759e-16
1754.00   1.8057e-16
1756.00   4.5621e-16
1758.00   1.5517e-15
1760.00   2.6888e-14
1762.00   1.7963e-13
1764.00   4.0091e-14
1766.00   3.9086e-15
1768.00   2.1339e-15
1770.00   8.0932e-15
1772.00   5.0314e-14
1774.00   2.0800e-14
1776.00   8.9661e-15
1778.00   1.2649e-14
1780.00   7.5536e-16
1782.00   3.8154e-14
1784.00   7.3159e-15
1786.00   5.2415e-13
1788.00   1.5943e-13
1790.00   1.2040e-14
1792.00   2.2953e-15
1794.00   7.2251e-14
1796.00   6.9683e-15
1798.00   1.0113e-13
1800.00   3.3542e-16
1802.00   1.7467e-15
1804.00   5.2937e-15
1806.00   2.9779e-15
1808.00   8.0631e-15
1810.00   4.7546e-14
1812.00   2.8748e-15
1814.00   1.4967e-15
1816.00   1.7792e-14
1818.00   3.5971e-14
1820.00   2.1947e-15
1822.00   1.2762e-14
1824.00   3.9543e-14
1826.00   1.5669e-14
1828.00   1.8528e-14
1830.00   8.2689e-15
1832.00   1.9671e-14
1834.00   2.2439e-14
1836.00   4.4005e-14
1838.00   1.4165e-17
1840.00   6.7879e-15
1842.00   8.4055e-15
1844.00   7.2336e-15
1846.00   2.4020e-14
1848.00   3.8151e-14
1850.00   6.7446e-16
1852.00   9.4908e-15
1854.00   1.6347e-15
1856.00   1.5732e-15
1858.00   7.1508e-16
1860.00   2.3590e-15
1862.00   4.7790e-15
1864.00   6.8886e-14
1866.00   3.5699e-16
1868.00   9.4252e-16
1870.00   4.8154e-15
1872.00   4.0276e-15
1874.00   8.8849e-15
1876.00   9.4951e-15
1878.00   1.2794e-13
1880.00   7.3219e-14
1882.00   2.5598e-15
1884.00   9.3267e-15
1886.00   2.4198e-15
1888.00   1.0766e-13
1890.00   2.9316e-15
1892.00   4.4146e-15
1894.00   1.3488e-15
1896.00   1.8419e-14
1898.00   1.0531e-14
1900.00   5.6462e-15
1902.00   4.0908e-15
1904.00   3.5195e-14
1906.00   2.3365e-15
1908.00   4.3914e-16
1910.00   3.1725e-14
1912.00   3.3205e-14
1914.00   8.6338e-16
1916.00   1.1652e-14
1918.00   3.2784e-14
1920.00   3.9175e-15
1922.00   1.3483e-15
1924.00   2.1209e-16
1926.00   4.2627e-14
1928.00   2.5948e-14
1930.00   1.2581e-14
1932.00   3.5387e-14
1934.00   2.3129e-15
1936.00   1.1558e-13
1938.00   6.6969e-16
1940.00   4.3607e-15
1942.00   2.8203e-15
1944.00   2.5761e-14
1946.00   4.3976e-15
1948.00   3.4859e-14
1950.00   2.4281e-15
1952.00   1.0279e-15
1954.00   2.7495e-15
1956.00   3.6782e-15
1958.00   1.5734e-14
1960.00   9.8811e-17
1962.00   8.2664e-15
1964.00   1.2992e-15
1966.00   2.3457e-14
1968.00   9.6281e-15
1970.00   1.6047e-14
1972.00   3.2273e-15
1974.00   1.2557e-15
1976.00   1.3831e-14
1978.00   1.7221e-15
1980.00   2.6707e-16
1982.00   6.6776e-17
1984.00   3.3593e-15
1986.00   1.2858e-14
1988.00   1.4146e-14
1990.00   1.6088e-15
1992.00   1.6583e-15
1994.00   1.1668e-15
1996.00   2.5157e-15
1998.00   2.3191e-16
2000.00   1.1271e-13
2002.00   3.4973e-16
2004.00   2.0204e-14
2006.00   4.2659e-15
2008.00   1.1745e-14
2010.00   6.6126e-14
2012.00   2.2613e-15
2014.00   8.3241e-15
2016.00   6.6235e-15
2018.00   4.7402e-15
2020.00   6.3065e-15
2022.00   2.8479e-16
2024.00   5.5458e-15
2026.00   2.7173e-15
2028.00   1.3368e-14
2030.00   5.6751e-15
2032.00   1.4634e-14
2034.00   3.9951e-15
2036.00   8.9080e-16
2038.00   1.2898e-14
2040.00   4.5074e-14
2042.00   1.0462e-16
2044.00   2.5668e-14
2046.00   2.8239e-16
2048.00   5.1721e-15
2050.00   1.0002e-16
2052.00   1.7864e-14
2054.00   1.2588e-15
2056.00   2.5479e-14
2058.00   4.7412e-15
2060.00   2.5583e-16
2062.00   8.2422e-15
2064.00   2.1852e-14
2066.00   1.4159e-14
2068.00   3.3419e-15
2070.00   2.3276e-14
2072.00   5.4145e-14
2074.00   3.6878e-15
2076.00   7.0595e-16
2078.00   9.5231e-15
2080.00   9.7700e-15
2082.00   1.1995e-15
2084.00   7.6905e-16
2086.00   1.8027e-15
2088.00   5.1003e-14
2090.00   6.6612e-17
2092.00   1.4732e-15
2094.00   6.9692e-15
2096.00   1.5015e-15
2098.00   5.0771e-15
2100.00   3.6562e-15
2102.00   8.9629e-15
2104.00   8.8231e-17
2106.00   1.2962e-14
2108.00   2.9424e-14
2110.00   8.3749e-14
2112.00   1.3425e-16
2114.00   1.0955e-14
2116.00   2.0015e-14
2118.00   2.6002e-14
2120.00   3.3049e-14
2122.00   1.1268e-15
2124.00   8.1760e-17
2126.00   3.0260e-15
2128.00   3.9779e-15
2130.00   1.4538e-14
2132.00   1.9766e-14
2134.00   1.4964e-15
2136.00   6.9723e-15
2138.00   1.3996e-14
2140.00   1.1321e-15
2142.00   9.4415e-15
2144.00   2.3688e-16
2146.00   1.2123e-15
2148.00   3.8013e-15
2150.00   3.0573e-14
2152.00   1.2631e-14
2154.00   4.2232e-16
2156.00   1.0084e-15
2158.00   4.6693e-15
2160.00   1.8511e-15
2162.00   5.5915e-15
2164.00   1.6245e-14
2166.00   1.4163e-14
2168.00   8.2313e-15
2170.00   9.3493e-16
2172.00   2.7722e-16
2174.00   1.3345e-14
2176.00   7.2332e-15
2178.00   3.3112e-15
2180.00   3.4897e-15
2182.00   1.6237e-16
2184.00   3.1637e-15
2186.00   3.5679e-16
2188.00   1.1125e-14
2190.00   2.4463e-15
2192.00   8.8998e-17
2194.00   9.2989e-16
2196.00   6.3592e-16
2198.00   5.4685e-16
2200.00   1.1481e-16
2202.00   1.8832e-15
2204.00   4.9310e-15
2206.00   1.4468e-15
2208.00   2.9567e-16
2210.00   2.6410e-15
2212.00   4.3600e-15
2214.00   2.5731e-14
2216.00   1.5554e-15
2218.00   1.3984e-15
2220.00   1.5536e-14
2222.00   4.9986e-15
2224.00   6.3844e-14
2226.00   5.7243e-15
2228.00   3.1629e-15
2230.00   9.7766e-16
2232.00   4.8820e-15
2234.00   3.6824e-15
2236.00   2.2185e-15
2238.00   1.5025e-14
2240.00   2.6772e-15
2242.00   4.2327e-14
2244.00   1.0060e-14
2246.00   1.0353e-14
2248.00   1.2537e-15
2250.00   1.4445e-14
2252.00   4.3174e-16
2254.00   8.0987e-15
2256.00   4.9337e-14
2258.00   4.8702e-15
2260.00   6.9496e-15
2262.00   2.1472e-15
2264.00   2.1856e-14
2266.00   1.2411e-13
2268.00   6.0380e-15
2270.00   8.7416e-15
2272.00   5.7712e-14
2274.00   1.0658e-13
2276.00   1.6793e-13
2278.00   5.7692e-15
2280.00   4.6675e-15
2282.00   2.6752e-15
2284.00   1.7299e-14
2286.00   4.0169e-15
2288.00   9.1243e-15
2290.00   2.0078e-15
2292.00   1.3316e-15
2294.00   4.0715e-14
2296.00   4.7229e-15
2298.00   1.2085e-14
2300.00   3.0495e-15
2302.00   1.2161e-15
2304.00   2.8450e-14
2306.00   5.5246e-15
2308.00   3.7578e-14
2310.00   3.3999e-15
2312.00   3.4763e-14
2314.00   4.2022e-14
2316.00   4.8141e-16
2318.00   1.7790e-14
2320.00   3.9657e-18
2322.00   2.6866e-14
2324.00   1.3105e-14
2326.00   4.6824e-14
2328.00   1.1987e-13
2330.00   7.3365e-14
2332.00   2.4791e-13
2334.00   1.7021e-16
2336.00   1.2887e-16
2338.00   1.2373e-13
2340.00   5.0428e-14
2342.00   1.3999e-15
2344.00   5.1096e-13
2346.00   1.1446e-13
2348.00   6.0713e-13
2350.00   5.1343e-17
2352.00   3.7676e-14
2354.00   5.1166e-15
2356.00   2.8609e-14
2358.00   1.2584e-14
2360.00   7.2213e-13
2362.00   1.7185e-13
2364.00   1.4559e-13
2366.00   1.9445e-13
2368.00   2.1781e-13
2370.00   1.2241e-13
2372.00   1.1359e-14
2374.00   2.4433e-13
2376.00   1.4414e-13
2378.00   9.6599e-16
2380.00   1.9674e-13
2382.00   1.1799e-12
2384.00   6.3272e-14
2386.00   2.8609e-14
2388.00   3.7966e-13
2390.00   2.6262e-15
2392.00   2.3024e-14
2394.00   7.2849e-15
2396.00   8.1742e-13
2398.00   8.8558e-16
2400.00   3.4016e-13
2402.00   2.7368e-14
2404.00   4.1999e-13
2406.00   2.7159e-13
2408.00   2.1907e-15
2410.00   2.7416e-13
2412.00   1.8975e-13
2414.00   1.4502e-13
2416.00   3.6101e-14
2418.00   7.1366e-14
2420.00   4.1982e-15
2422.00   1.0664e-14
2424.00   1.4235e-13
2426.00   2.2696e-14
2428.00   1.6396e-13
2430.00   1.4964e-13
2432.00   1.5273e-13
2434.00   3.0362e-13
2436.00   4.5103e-14
2438.00   2.8434e-14
2440.00   2.2900e-13
2442.00   1.1037e-15
2444.00   6.4038e-14
2446.00   3.4137e-13
2448.00   5.3756e-14
2450.00   3.4140e-14
2452.00   3.7750e-14
2454.00   8.8265e-14
2456.00   1.7763e-14
2458.00   1.8207e-13
2460.00   1.3319e-13
2462.00   1.3554e-13
2464.00   3.1793e-13
2466.00   1.1624e-13
2468.00   5.2477e-14
2470.00   1.3169e-13
2472.00   2.8370e-14
2474.00   2.0756e-14
2476.00   1.2748e-14
2478.00   3.0151e-14
2480.00   1.4729e-14
2482.00   5.8032e-14
2484.00   1.0127e-14
2486.00   7.0823e-15
2488.00   2.3205e-14
2490.00   1.8467e-13
2492.00   9.8455e-15
2494.00   3.2362e-13
2496.00   2.8179e-14
2498.00   1.9738e-13
2500.00   3.2395e-14
2502.00   5.5985e-14
2504.00   6.7083e-14
2506.00   1.4972e-13
2508.00   1.4851e-14
2510.00   1.0980e-14
2512.00   2.1477e-13
2514.00   7.2014e-14
2516.00   2.0183e-14
2518.00   2.0881e-14
2520.00   1.0627e-13
2522.00   1.0309e-13
2524.00   6.7669e-16
2526.00   4.2771e-13
2528.00   1.2161e-14
2530.00   1.4257e-13
2532.00   1.1195e-16
2534.00   1.0150e-13
2536.00   2.7405e-14
2538.00   7.0050e-14
2540.00   1.5730e-13
2542.00   9.6305e-14
2544.00   4.1736e-14
2546.00   1.1976e-13
2548.00   5.3123e-14
2550.00   1.5834e-13
2552.00   3.1093e-14
2554.00   4.4071e-15
2556.00   1.3403e-14
2558.00   4.5073e-14
2560.00   1.0156e-13
2562.00   2.6611e-13
2564.00   1.3618e-13
2566.00   1.1477e-13
2568.00   4.1017e-14
2570.00   1.1769e-14
2572.00   3.3645e-15
2574.00   1.2964e-13
2576.00   3.1483e-14
2578.00   6.6348e-14
2580.00   2.1977e-16
2582.00   6.1622e-14
2584.00   3.7894e-14
2586.00   2.2906e-13
2588.00   5.8180e-14
2590.00   1.9239e-14
2592.00   1.2607e-13
2594.00   9.2308e-15
2596.00   7.0195e-15
2598.00   2.9545e-13
2600.00   8.6858e-13
2602.00   3.5118e-17
2604.00   3.3697e-15
2606.00   7.4427e-14
2608.00   2.5625e-13
2610.00   2.9210e-14
2612.00   3.3957e-13
2614.00   1.6260e-13
2616.00   7.5687e-17
2618.00   9.3542e-14
2620.00   4.7647e-14
2622.00   3.6536e-14
2624.00   9.4440e-15
2626.00   2.4457e-13
2628.00   1.3610e-13
2630.00   2.8539e-14
2632.00   3.7591e-13
2634.00   8.0216e-15
2636.00   1.6198e-15
2638.00   1.1636e-14
2640.00   1.2955e-14
2642.00   8.5408e-15
2644.00   1.8265e-15
2646.00   6.8406e-15
2648.00   1.3996e-16
2650.00   1.0663e-14
2652.00   2.1276e-14
2654.00   1.6862e-15
2656.00   4.3939e-16
2658.00   8.9801e-16
2660.00   1.1039e-15
2662.00   1.2570e-16
2664.00   3.3299e-14
2666.00   4.4232e-14
2668.00   4.4205e-16
2670.00   4.2264e-14
2672.00   4.4964e-16
2674.00   4.2574e-17
2676.00   4.3314e-15
2678.00   4.0886e-14
2680.00   7.7081e-16
2682.00   1.3324e-14
2684.00   2.6291e-14
2686.00   4.1962e-15
2688.00   5.2110e-17
2690.00   1.6494e-15
2692.00   5.2703e-14
2694.00   3.1832e-15
2696.00   3.2148e-16
2698.00   1.0273e-14
2700.00   3.9420e-15
2702.00   1.6624e-16
2704.00   3.5128e-14
2706.00   1.5252e-14
2708.00   6.3340e-15
2710.00   3.5887e-14
2712.00   6.6761e-15
2714.00   6.3036e-14
2716.00   1.7861e-13
2718.00   1.2271e-14
2720.00   3.0478e-15
2722.00   1.7353e-14
2724.00   1.4968e-13
2726.00   7.2152e-16
2728.00   6.0351e-14
2730.00   1.0711e-13
2732.00   8.8476e-15
2734.00   2.1673e-15
2736.00   5.7618e-14
2738.00   1.4649e-15
2740.00   1.9907e-13
2742.00   2.8812e-15
2744.00   1.1388e-13
2746.00   2.1226e-13
2748.00   3.5165e-15
2750.00   2.6597e-13
2752.00   9.3182e-15
2754.00   5.6108e-15
2756.00   5.5797e-13
2758.00   6.7433e-15
2760.00   1.7404e-16
2762.00   9.3227e-14
2764.00   6.0756e-15
2766.00   2.3390e-17
2768.00   1.8205e-13
2770.00   5.1681e-15
2772.00   1.7050e-13
2774.00   4.0632e-15
2776.00   2.3541e-15
2778.00   6.5214e-15
2780.00   7.4547e-15
2782.00   5.6644e-16
2784.00   1.4288e-15
2786.00   5.2464e-15
2788.00   1.4093e-15
2790.00   8.1971e-16
2792.00   7.5673e-16
2794.00   2.6650e-15
2796.00   7.8225e-16
2798.00   2.5842e-16
2800.00   1.1835e-14
2802.00   3.4355e-18
2804.00   1.0933e-14
2806.00   2.1208e-15
2808.00   4.2834e-16
2810.00   3.1749e-16
2812.00   4.5294e-16
2814.00   2.9394e-15
2816.00   1.6652e-16
2818.00   3.9712e-16
2820.00   5.9426e-15
2822.00   3.2503e-15
2824.00   1.9341e-14
2826.00   5.0892e-15
2828.00   1.3184e-13
2830.00   8.8472e-16
2832.00   4.1862e-14
2834.00   1.6833e-15
2836.00   1.7894e-15
2838.00   1.1838e-13
2840.00   3.3074e-14
2842.00   6.3559e-16
2844.00   3.2753e-15
2846.00   5.9529e-15
2848.00   2.9997e-14
2850.00   5.4972e-15
2852.00   1.0777e-15
2854.00   6.6161e-16
2856.00   8.8374e-15
2858.00   8.2825e-15
2860.00   3.1566e-16
2862.00   1.6588e-16
2864.00   3.0232e-15
2866.00   5.2217e-15
2868.00   8.4407e-15
2870.00   6.1304e-15
2872.00   5.2193e-15
2874.00   2.9520e-17
2876.00   9.8315e-17
2878.00   2.7140e-16
2880.00   8.0874e-16
2882.00   3.0859e-15
2884.00   2.3368e-15
2886.00   7.6613e-14
2888.00   5.0451e-14
2890.00   3.2334e-15
2892.00   7.4829e-16
2894.00   3.2143e-16
2896.00   3.3901e-15
2898.00   4.2099e-15
2900.00   4.6385e-17
2902.00   2.3512e-15
2904.00   2.1794e-17
2906.00   1.3313e-15
2908.00   1.1170e-16
2910.00   6.4347e-16
2912.00   1.1698e-16
2914.00   1.0928e-16
2916.00   3.2088e-16
2918.00   3.1044e-15
2920.00   7.8737e-16
2922.00   9.5970e-17
2924.00   1.5657e-16
2926.00   1.3630e-15
2928.00   1.7620e-17
2930.00   2.6792e-16
2932.00   4.9154e-17
2934.00   3.6535e-16
2936.00   2.0162e-16
2938.00   7.4000e-17
2940.00   3.0115e-16
2942.00   3.8384e-17
2944.00   2.9997e-14
2946.00   1.3184e-15
2948.00   1.2109e-14
2950.00   1.0428e-14
2952.00   8.4107e-17
2954.00   1.3452e-15
2956.00   1.7285e-17
2958.00   3.7925e-17
2960.00   4.2416e-15
2962.00   1.1407e-16
2964.00   5.2894e-15
2966.00   1.3170e-14
2968.00   3.5432e-16
2970.00   4.7212e-15
2972.00   1.4328e-15
2974.00   1.9004e-17
2976.00   5.2942e-16
2978.00   4.7997e-17
2980.00   1.9306e-15
2982.00   5.4988e-16
2984.00   1.0846e-13
2986.00   2.4990e-14
2988.00   3.8134e-16
2990.00   2.9342e-17
2992.00   6.7891e-17
2994.00   7.8601e-16
2996.00   8.5311e-18
2998.00   4.4768e-15
3000.00   1.7911e-16
3002.00   3.8702e-14
3004.00   3.9799e-17
3006.00   1.0515e-17
3008.00   3.4581e-17
3010.00   1.0427e-15
3012.00   3.6439e-17
3014.00   1.3621e-15
3016.00   1.2264e-15
3018.00   1.0807e-15
3020.00   3.6494e-16
3022.00   1.6032e-16
3024.00   2.9222e-16
3026.00   1.3659e-16
3028.00   4.0499e-16
3030.00   6.9171e-16
3032.00   3.8794e-17
3034.00   2.1397e-16
3036.00   6.7864e-16
3038.00   4.0396e-16
3040.00   2.7529e-16
3042.00   9.7004e-17
3044.00   5.9035e-15
3046.00   7.1288e-16
3048.00   3.6934e-15
3050.00   3.2540e-16
3052.00   1.0918e-16
3054.00   3.3188e-18
3056.00   5.7468e-16
3058.00   3.1758e-17
3060.00   2.2615e-18
3062.00   3.6410e-16
3064.00   1.8889e-18
3066.00   4.5464e-15
3068.00   6.3332e-16
3070.00   7.9618e-16
3072.00   2.4127e-15
3074.00   1.3525e-17
3076.00   3.8650e-15
3078.00   3.6217e-15
3080.00   6.3180e-16
3082.00   1.9441e-17
3084.00   5.4420e-16
3086.00   9.9586e-19
3088.00   1.2903e-18
3090.00   6.1142e-16
3092.00   4.4107e-18
3094.00   2.4281e-19
3096.00   5.9733e-15
3098.00   3.1138e-17
3100.00   1.9907e-18
3102.00   2.5624e-16
3104.00   4.1135e-17
3106.00   3.0127e-16
3108.00   6.8959e-17
3110.00   6.0542e-18
3112.00   3.1189e-19
3114.00   1.4118e-16
3116.00   1.8873e-16
3118.00   1.0631e-16
3120.00   3.1763e-17
3122.00   4.2200e-17
3124.00   1.6070e-18
3126.00   3.2128e-17
3128.00   4.2804e-18
3130.00   3.2073e-17
3132.00   2.8058e-16
3134.00   5.3789e-17
3136.00   7.2303e-17
3138.00   7.6131e-17
3140.00   4.8230e-17
3142.00   8.6532e-16
3144.00   6.1923e-17
3146.00   4.3585e-16
3148.00   1.2562e-18
3150.00   1.7691e-17
3152.00   7.1977e-17
3154.00   8.7656e-18
3156.00   2.3083e-16
3158.00   2.3565e-16
3160.00   3.5352e-17
3162.00   3.3966e-15
3164.00   8.7290e-15
3166.00   3.8027e-15
3168.00   4.0196e-18
3170.00   2.0000e-15
3172.00   1.4228e-18
3174.00   8.1917e-18
3176.00   1.4605e-17
3178.00   5.8726e-15
3180.00   5.3973e-17
3182.00   1.3546e-17
3184.00   4.2552e-15
3186.00   7.6049e-15
3188.00   1.9447e-15
3190.00   4.3080e-16
3192.00   1.0431e-14
3194.00   9.1781e-15
3196.00   1.4057e-14
3198.00   1.7402e-17
3200.00   1.3726e-18
3202.00   4.7595e-18
3204.00   7.5401e-16
3206.00   3.6771e-18
3208.00   1.7555e-17
3210.00   4.2832e-15
3212.00   1.0125e-16
3214.00   6.9570e-15
3216.00   1.6253e-17
3218.00   1.1799e-17
3220.00   1.0533e-17
3222.00   4.0648e-17
3224.00   4.5421e-16
3226.00   9.2433e-17
3228.00   4.1569e-15
3230.00   3.6557e-16
3232.00   2.3775e-15
3234.00   1.1991e-17
3236.00   8.2138e-17
3238.00   2.0715e-15
3240.00   4.9479e-18
3242.00   2.4800e-18
3244.00   3.5785e-15
3246.00   4.2468e-17
3248.00   3.4161e-15
3250.00   1.1479e-15
3252.00   5.9652e-16
3254.00   1.8855e-18
3256.00   1.3901e-16
3258.00   4.2093e-15
3260.00   4.4954e-15
3262.00   1.0680e-16
3264.00   2.2031e-17
3266.00   1.0322e-17
3268.00   3.9910e-16
3270.00   7.8908e-17
3272.00   2.4001e-17
3274.00   2.0816e-17
3276.00   2.0057e-17
3278.00   1.8686e-16
3280.00   4.3673e-17
3282.00   1.1995e-16
3284.00   8.0667e-17
3286.00   7.2465e-15
3288.00   8.8463e-17
3290.00   2.8663e-16
3292.00   7.2948e-17
3294.00   7.6447e-19
3296.00   3.3003e-16
3298.00   2.0087e-15
3300.00   7.7318e-17
3302.00   7.1024e-16
3304.00   6.1942e-17
3306.00   4.0018e-15
3308.00   2.1395e-19
3310.00   7.5173e-16
3312.00   6.8077e-15
3314.00   3.8199e-17
3316.00   7.3321e-18
3318.00   1.9479e-17
3320.00   1.0337e-16
3322.00   9.0907e-16
3324.00   3.9175e-16
3326.00   5.6169e-17
3328.00   4.0461e-16
3330.00   4.9556e-17
3332.00   2.3211e-17
3334.00   6.1081e-18
3336.00   3.4367e-16
3338.00   3.2233e-16
3340.00   6.2931e-18
3342.00   2.7890e-17
3344.00   8.0595e-18
3346.00   8.7523e-19
3348.00   1.5404e-18
3350.00   9.4240e-19
3352.00   1.2125e-17
3354.00   1.7452e-17
3356.00   2.5832e-18
3358.00   1.9050e-15
3360.00   3.6020e-16
3362.00   2.8508e-16
3364.00   1.2298e-17
3366.00   1.2530e-15
3368.00   2.4498e-17
3370.00   1.5699e-16
3372.00   8.5215e-15
3374.00   1.3485e-18
3376.00   1.1332e-16
3378.00   2.5506e-18
3380.00   2.8188e-16
3382.00   3.2021e-16
3384.00   7.4717e-18
3386.00   3.4845e-16
3388.00   5.9778e-18
3390.00   1.1531e-16
3392.00   1.7479e-15
3394.00   1.6412e-17
3396.00   6.2959e-17
3398.00   4.2975e-17
3400.00   1.4267e-17
3402.00   4.5646e-18
3404.00   3.1512e-17
3406.00   1.0470e-16
3408.00   4.2891e-18
3410.00   1.7325e-16
3412.00   1.7516e-17
3414.00   3.0489e-16
3416.00   8.9923e-17
3418.00   1.0601e-18
3420.00   1.6344e-16
3422.00   1.5604e-17
3424.00   5.9003e-19
3426.00   3.4541e-16
3428.00   2.0281e-16
3430.00   1.5007e-16
3432.00   1.0075e-17
3434.00   4.5192e-18
3436.00   1.6655e-15
3438.00   2.8586e-17
3440.00   6.2031e-17
3442.00   1.0016e-16
3444.00   1.2771e-17
3446.00   6.7493e-18
3448.00   1.8187e-17
3450.00   1.3397e-17
3452.00   1.7256e-15
3454.00   3.4221e-16
3456.00   6.1867e-16
3458.00   4.7012e-17
3460.00   1.3566e-17
3462.00   2.7781e-20
3464.00   8.4483e-18
3466.00   2.5574e-17
3468.00   5.7097e-19
3470.00   2.1693e-16
3472.00   9.8431e-17
3474.00   9.0924e-18
3476.00   2.1990e-17
3478.00   1.7421e-16
3480.00   8.7038e-18
3482.00   5.4197e-16
3484.00   1.1773e-16
3486.00   2.8283e-16
3488.00   5.7663e-19
3490.00   2.9628e-16
3492.00   1.7893e-18
3494.00   4.9344e-17
3496.00   3.2087e-17
3498.00   1.9275e-16
3500.00   1.2539e-16
3502.00   6.8146e-18
3504.00   2.3444e-17
3506.00   7.8536e-18
3508.00   1.4120e-17
3510.00   2.2131e-17
3512.00   8.6456e-18
3514.00   3.0018e-18
3516.00   2.1867e-16
3518.00   3.7230e-18
3520.00   3.0226e-17
3522.00   8.5392e-16
3524.00   7.0326e-18
3526.00   2.8271e-16
3528.00   4.1283e-16
3530.00   8.8089e-17
3532.00   2.0843e-17
3534.00   9.2437e-19
3536.00   5.5379e-17
3538.00   7.2810e-17
3540.00   3.4871e-17
3542.00   6.6381e-17
3544.00   3.3872e-17
3546.00   1.2565e-18
3548.00   3.2924e-17
3550.00   1.8903e-17
3552.00   2.1558e-17
3554.00   8.9752e-17
3556.00   1.9411e-16
3558.00   2.1360e-16
3560.00   2.1590e-17
3562.00   1.8241e-17
3564.00   2.4992e-17
3566.00   9.3156e-17
3568.00   1.0561e-17
3570.00   8.4508e-18
3572.00   3.3787e-18
3574.00   1.5983e-18
3576.00   3.8953e-17
3578.00   2.8525e-18
3580.00   1.7850e-18
3582.00   1.3133e-19
3584.00   2.8272e-18
3586.00   1.1434e-16
3588.00   2.1598e-17
3590.00   2.8353e-16
3592.00   3.3852e-18
3594.00   4.2749e-18
3596.00   2.5238e-18
3598.00   6.8830e-18
3600.00   2.6356e-18
3602.00   2.5340e-17
3604.00   6.2578e-18
3606.00   2.8866e-17
3608.00   4.6954e-18
3610.00   6.8080e-18
3612.00   7.3471e-18
3614.00   3.6445e-17
3616.00   2.7457e-18
3618.00   1.4048e-17
3620.00   5.3548e-18
3622.00   7.4444e-16
3624.00   4.1196e-16
3626.00   1.0232e-18
3628.00   3.3478e-17
3630.00   1.3157e-18
3632.00   1.1197e-17
3634.00   1.8383e-18
3636.00   4.3415e-17
3638.00   1.8920e-17
3640.00   1.2688e-18
3642.00   5.5127e-16
3644.00   2.3918e-18
3646.00   1.0599e-17
3648.00   9.8063e-18
3650.00   2.4927e-18
3652.00   2.4576e-18
3654.00   5.0177e-19
3656.00   1.8869e-15
3658.00   7.6839e-18
3660.00   7.7212e-19
3662.00   1.1663e-17
3664.00   2.4660e-18
3666.00   1.7826e-18
3668.00   3.4733e-18
3670.00   8.0295e-19
3672.00   1.1780e-18
3674.00   3.2068e-18
3676.00   1.2233e-18
3678.00   4.5087e-19
3680.00   1.6303e-18
3682.00   1.0636e-17
3684.00   1.6695e-18
3686.00   3.6435e-17
3688.00   2.0334e-18
3690.00   3.8911e-18
3692.00   1.3992e-18
3694.00   2.4264e-17
3696.00   4.4438e-18
3698.00   5.2942e-17
3700.00   3.0670e-17
3702.00   3.5629e-21
3704.00   2.9771e-17
3706.00   4.4342e-19
3708.00   1.9457e-18
3710.00   8.3366e-17
3712.00   3.0256e-17
3714.00   7.3388e-18
3716.00   1.7553e-17
3718.00   2.3141e-18
3720.00   3.7753e-18
3722.00   4.5767e-18
3724.00   1.2963e-18
3726.00   1.5672e-17
3728.00   2.5801e-16
3730.00   6.6970e-18
3732.00   5.5117e-19
3734.00   2.5901e-18
3736.00   6.1865e-19
3738.00   8.5124e-18
3740.00   3.0595e-18
3742.00   5.0466e-18
3744.00   2.3026e-18
3746.00   8.2151e-18
3748.00   5.6219e-16
3750.00   2.2831e-17
3752.00   4.3342e-19
3754.00   2.5244e-17
3756.00   7.2095e-17
3758.00   4.8808e-17
3760.00   2.3191e-16
3762.00   3.5566e-16
3764.00   9.8192e-17
3766.00   1.9067e-18
3768.00   7.9714e-18
3770.00   1.7016e-18
3772.00   1.3954e-18
3774.00   9.0607e-19
3776.00   2.5339e-18
3778.00   1.8180e-17
3780.00   1.0444e-17
3782.00   3.0344e-17
3784.00   2.3126e-17
3786.00   7.4780e-17
3788.00   1.4426e-18
3790.00   1.1449e-18
3792.00   2.4293e-18
3794.00   6.7021e-19
3796.00   7.8246e-18
3798.00   1.1131e-17
3800.00   5.7292e-18
3802.00   7.3569e-18
3804.00   1.8279e-18
3806.00   8.7046e-19
3808.00   6.6829e-18
3810.00   4.5252e-18
3812.00   8.3310e-18
3814.00   6.4483e-17
3816.00   7.5634e-20
3818.00   3.8478e-19
3820.00   1.6151e-17
3822.00   8.5735e-18
3824.00   1.7373e-16
3826.00   3.6422e-19
3828.00   7.1391e-17
3830.00   7.2826e-18
3832.00   7.3583e-20
3834.00   2.7463e-18
3836.00   3.0759e-19
3838.00   5.1928e-18
3840.00   9.6423e-19
3842.00   3.2315e-19
3844.00   2.8077e-18
3846.00   5.2576e-17
3848.00   6.0131e-18
3850.00   6.5635e-20
3852.00   1.0393e-18
3854.00   2.5858e-19
3856.00   9.6059e-18
3858.00   1.7522e-18
3860.00   4.7376e-18
3862.00   4.7231e-18
3864.00   5.0832e-18
3866.00   1.5782e-18
3868.00   1.4996e-18
3870.00   2.5868e-18
3872.00   8.1629e-17
3874.00   2.0844e-18
3876.00   1.9399e-17
3878.00   5.8785e-18
3880.00   2.5999e-18
3882.00   6.6606e-18
3884.00   4.4302e-17
3886.00   6.8715e-19
3888.00   4.3968e-20
3890.00   8.3076e-19
3892.00   1.0518e-19
3894.00   2.2241e-18
3896.00   7.7108e-18
3898.00   8.5174e-20
3900.00   4.2515e-18
3902.00   9.0662e-20
3904.00   6.9781e-17
3906.00   1.6039e-16
3908.00   1.5022e-17
3910.00   2.7920e-16
3912.00   1.8741e-18
3914.00   1.9870e-17
3916.00   1.7523e-17
3918.00   2.8802e-17
3920.00   6.3974e-18
3922.00   2.7825e-17
3924.00   8.7948e-18
3926.00   2.9326e-18
3928.00   1.3857e-16
3930.00   3.7465e-18
3932.00   5.1392e-17
3934.00   8.5191e-19
3936.00   1.7437e-16
3938.00   7.8659e-17
3940.00   1.2936e-17
3942.00   8.3544e-19
3944.00   2.4476e-18
3946.00   3.8389e-18
3948.00   2.7726e-19
3950.00   3.5112e-17
3952.00   5.8519e-18
3954.00   5.3018e-18
3956.00   7.8080e-19
3958.00   9.7293e-18
3960.00   8.7486e-17
3962.00   1.2990e-17
3964.00   2.9831e-17
3966.00   2.6526e-17
3968.00   7.8336e-19
3970.00   1.6490e-17
3972.00   1.8545e-17
3974.00   1.0729e-16
3976.00   2.9384e-17
3978.00   1.8004e-17
3980.00   4.7835e-19
3982.00   2.0252e-17
3984.00   1.2384e-17
3986.00   6.6168e-19
3988.00   3.8275e-18
3990.00   4.8644e-17
3992.00   1.8133e-18
3994.00   1.2136e-18
3996.00   4.8686e-16
3998.00   2.8166e-19
4000.00   9.5173e-18
4002.00   1.7460e-16
4004.00   2.7961e-17
4006.00   9.3797e-20
4008.00   2.3225e-17
4010.00   1.6336e-18
4012.00   3.7595e-18
4014.00   1.1480e-17
4016.00   2.3342e-17
4018.00   2.3528e-18
4020.00   1.4880e-17
4022.00   3.4231e-17
4024.00   7.8338e-17
4026.00   1.5427e-18
4028.00   1.3483e-17
4030.00   2.6698e-20
4032.00   2.5685e-18
4034.00   4.3512e-18
4036.00   2.4276e-18
4038.00   2.3072e-19
4040.00   1.8394e-18
4042.00   2.9941e-18
4044.00   6.9084e-19
4046.00   2.0969e-18
4048.00   1.7141e-18
4050.00   4.2545e-19
4052.00   3.8384e-18
4054.00   5.9945e-20
4056.00   1.1477e-18
4058.00   6.6369e-17
4060.00   4.1036e-19
4062.00   2.9120e-16
4064.00   6.6666e-19
4066.00   5.0126e-20
4068.00   1.0104e-16
4070.00   5.6636e-17
4072.00   7.0334e-19
4074.00   3.3192e-17
4076.00   4.1270e-17
4078.00   3.1140e-16
4080.00   6.7449e-17
4082.00   7.6313e-19
4084.00   7.1970e-18
4086.00   6.0321e-18
4088.00   2.5540e-18
4090.00   5.0172e-19
4092.00   1.1607e-16
4094.00   3.2328e-17
4096.00   1.5900e-18
4098.00   1.1631e-17
4100.00   1.4571e-18
4102.00   4.9131e-18
4104.00   4.5340e-18
4106.00   8.7265e-18
4108.00   2.0363e-17
4110.00   7.2407e-18
4112.00   4.1641e-17
4114.00   3.9742e-18
4116.00   3.7888e-19
4118.00   3.0518e-18
4120.00   7.4351e-19
4122.00   1.7055e-17
4124.00   2.6802e-18
4126.00   6.2176e-19
4128.00   2.3695e-17
4130.00   3.7776e-19
4132.00   2.1313e-18
4134.00   1.3984e-18
4136.00   1.4723e-17
4138.00   5.5369e-18
4140.00   4.1907e-18
4142.00   5.4261e-19
4144.00   6.5381e-17
4146.00   5.9257e-19
4148.00   5.7335e-17
4150.00   1.5663e-17
4152.00   9.1264e-18
4154.00   1.6691e-17
4156.00   1.9768e-18
4158.00   1.5794e-17
4160.00   1.3174e-18
4162.00   4.6714e-17
4164.00   1.7565e-18
4166.00   1.9488e-18
4168.00   7.6657e-18
4170.00   2.6616e-19
4172.00   5.0799e-18
4174.00   1.9479e-16
4176.00   1.1108e-17
4178.00   6.4615e-17
4180.00   1.3721e-16
4182.00   1.7984e-17
4184.00   1.9516e-18
4186.00   3.7251e-18
4188.00   2.1523e-17
4190.00   3.6715e-18
4192.00   1.0789e-20
4194.00   3.3653e-19
4196.00   1.5112e-18
4198.00   6.8066e-19
4200.00   1.5845e-18
4202.00   3.6068e-17
4204.00   3.3197e-19
4206.00   5.5330e-19
4208.00   2.4821e-18
4210.00   1.2723e-16
4212.00   1.2255e-18
4214.00   9.3823e-18
4216.00   2.0576e-19
4218.00   6.8048e-19
4220.00   2.3163e-18
4222.00   1.1497e-17
4224.00   6.6706e-17
4226.00   8.1111e-18
4228.00   1.1827e-18
4230.00   1.3393e-20
4232.00   1.5215e-17
4234.00   7.5561e-16
4236.00   5.3927e-18
4238.00   7.2868e-18
4240.00   8.1551e-19
4242.00   1.2451e-18
4244.00   4.7446e-17
4246.00   2.9073e-20
4248.00   1.9264e-16
4250.00   1.0314e-17
4252.00   8.8887e-19
4254.00   1.6215e-18
4256.00   1.8415e-16
4258.00   1.5905e-17
4260.00   2.3983e-19
4262.00   6.8196e-20
4264.00   2.5230e-18
4266.00   1.8824e-18
4268.00   4.7453e-18
4270.00   1.9436e-18
4272.00   4.9946e-20
4274.00   3.1824e-17
4276.00   2.5084e-17
4278.00   5.8810e-18
4280.00   1.2067e-18
4282.00   3.5502e-17
4284.00   1.5715e-19
4286.00   4.9528e-18
4288.00   3.1228e-17
4290.00   3.2452e-18
4292.00   3.1008e-16
4294.00   2.6512e-19
4296.00   3.1328e-17
4298.00   2.7515e-19
4300.00   1.5785e-16
4302.00   2.2452e-16
4304.00   1.8144e-16
4306.00   6.9111e-18
4308.00   7.4931e-21
4310.00   1.1657e-18
4312.00   1.7149e-16
4314.00   2.8535e-17
4316.00   9.9071e-19
4318.00   3.1180e-17
4320.00   8.9619e-18
4322.00   7.1241e-18
4324.00   9.8138e-20
4326.00   3.4306e-17
4328.00   3.4838e-18
4330.00   6.4180e-18
4332.00   1.4127e-16
4334.00   6.1016e-20
4336.00   2.2201e-18
4338.00   2.6429e-17
4340.00   2.8744e-16
4342.00   4.0735e-18
4344.00   2.4585e-17
4346.00   1.1569e-17
4348.00   2.2461e-18
4350.00   5.9242e-19
4352.00   4.0142e-16
4354.00   2.0843e-18
4356.00   4.8212e-18
4358.00   1.0222e-16
4360.00   2.6947e-17
4362.00   2.6437e-17
4364.00   8.5281e-18
4366.00   3.0343e-18
4368.00   5.9987e-19
4370.00   9.9877e-18
4372.00   3.7381e-16
4374.00   5.5149e-19
4376.00   7.2261e-18
4378.00   5.1746e-18
4380.00   2.5708e-18
4382.00   1.3448e-18
4384.00   2.8611e-17
4386.00   1.5201e-16
4388.00   5.0861e-19
4390.00   2.7978e-22
4392.00   2.7663e-18
4394.00   2.1152e-18
4396.00   4.1616e-19
4398.00   4.3163e-17
4400.00   3.0436e-18
4402.00   9.5033e-18
4404.00   1.9316e-20
4406.00   3.1073e-18
4408.00   6.1466e-19
4410.00   1.3722e-17
4412.00   3.1956e-19
4414.00   1.7948e-16
4416.00   1.3340e-16
4418.00   6.5360e-19
4420.00   5.2506e-19
4422.00   1.0935e-17
4424.00   2.6768e-18
4426.00   1.5735e-18
4428.00   1.1536e-19
4430.00   9.3972e-18
4432.00   3.5738e-18
4434.00   3.3401e-18
4436.00   7.3061e-19
4438.00   3.4440e-19
4440.00   1.2693e-17
4442.00   4.7742e-18
4444.00   1.4650e-17
4446.00   1.6395e-17
4448.00   1.8996e-18
4450.00   1.6629e-18
4452.00   6.4226e-17
4454.00   2.2485e-18
4456.00   2.7798e-17
4458.00   2.4633e-18
4460.00   9.8897e-19
4462.00   2.7165e-17
4464.00   1.0820e-18
4466.00   7.9401e-18
4468.00   1.5509e-19
4470.00   3.1638e-19
4472.00   1.0600e-16
4474.00   2.5864e-17
4476.00   1.1119e-18
4478.00   2.3578e-18
4480.00   1.1624e-17
4482.00   2.8848e-20
4484.00   3.7275e-20
4486.00   2.2984e-19
4488.00   2.0526e-18
4490.00   1.0823e-16
4492.00   5.0857e-17
4494.00   8.6057e-19
4496.00   1.4821e-19
4498.00   6.3466e-19
4500.00   8.2165e-19
4502.00   7.4962e-19
4504.00   2.3757e-18
4506.00   5.9555e-18
4508.00   2.7954e-16
4510.00   5.0811e-18
4512.00   2.5483e-19
4514.00   5.3914e-19
4516.00   4.6352e-17
4518.00   2.3950e-19
4520.00   1.1306e-16
4522.00   3.3041e-16
4524.00   3.4962e-18
4526.00   1.5180e-17
4528.00   3.3069e-19
4530.00   5.2472e-18
4532.00   4.7134e-19
4534.00   1.6528e-17
4536.00   1.5086e-18
4538.00   1.6612e-18
4540.00   2.0712e-20
4542.00   1.3744e-16
4544.00   1.6248e-18
4546.00   5.9173e-19
4548.00   1.2435e-18
4550.00   4.2401e-16
4552.00   1.8183e-19
4554.00   7.8709e-19
4556.00   5.7677e-17
4558.00   3.8944e-20
4560.00   7.5503e-19
4562.00   1.4304e-18
4564.00   1.0521e-18
4566.00   2.3110e-20
4568.00   9.0205e-19
4570.00   3.4258e-18
4572.00   4.6244e-19
4574.00   1.3127e-19
4576.00   2.2677e-16
4578.00   1.5242e-18
4580.00   1.7502e-17
4582.00   2.6346e-17
4584.00   3.8086e-16
4586.00   3.4336e-18
4588.00   2.3167e-18
4590.00   9.6665e-19
4592.00   1.9376e-18
4594.00   9.7551e-19
4596.00   5.5761e-17
4598.00   2.6488e-17
4600.00   7.7845e-22
4602.00   1.3180e-19
4604.00   5.8881e-18
4606.00   1.5020e-18
4608.00   2.6811e-19
4610.00   2.0678e-18
4612.00   5.0135e-18
4614.00   6.4024e-19
4616.00   2.7135e-19
4618.00   5.7257e-19
4620.00   1.3907e-16
4622.00   4.3173e-19
4624.00   5.8949e-18
4626.00   3.9506e-18
4628.00   1.8163e-18
4630.00   1.5348e-16
4632.00   4.4318e-18
4634.00   9.5716e-18
4636.00   1.9922e-18
4638.00   7.6476e-18
4640.00   1.3248e-18
4642.00   7.1166e-19
4644.00   3.5270e-19
4646.00   2.6421e-21
4648.00   1.6899e-17
4650.00   5.2032e-19
4652.00   2.9539e-18
4654.00   9.0604e-20
4656.00   1.3987e-18
4658.00   4.7958e-19
4660.00   1.1272e-19
4662.00   7.3393e-20
4664.00   5.0801e-18
4666.00   2.7359e-17
4668.00   6.8133e-19
4670.00   4.4801e-18
4672.00   1.0517e-19
4674.00   1.0849e-20
4676.00   4.6955e-19
4678.00   1.3515e-18
4680.00   3.4782e-20
4682.00   9.4343e-21
4684.00   2.0329e-18
4686.00   1.8953e-18
4688.00   8.2340e-19
4690.00   2.7926e-19
4692.00   2.2428e-19
4694.00   6.8354e-20
4696.00   8.9628e-18
4698.00   2.1495e-18
4700.00   1.1555e-18
4702.00   2.2278e-18
4704.00   4.5621e-19
4706.00   9.8652e-19
4708.00   2.0078e-18
4710.00   1.4085e-18
4712.00   2.7300e-21
4714.00   2.6058e-19
4716.00   4.1150e-19
4718.00   1.3917e-18
4720.00   8.1423e-19
4722.00   4.4855e-18
4724.00   2.8447e-19
4726.00   3.5058e-19
4728.00   6.0253e-18
4730.00   4.0894e-19
4732.00   2.9574e-18
4734.00   2.8931e-19
4736.00   1.9457e-20
4738.00   8.9735e-18
4740.00   2.5112e-19
4742.00   2.4874e-18
4744.00   7.1654e-18
4746.00   6.3255e-19
4748.00   1.6991e-19
4750.00   3.3226e-18
4752.00   2.5231e-19
4754.00   2.2553e-18
4756.00   6.0639e-19
4758.00   2.1896e-19
4760.00   5.9009e-18
4762.00   2.8717e-19
4764.00   3.2682e-19
4766.00   5.8114e-20
4768.00   9.8800e-19
4770.00   5.4493e-20
4772.00   4.2494e-19
4774.00   2.5722e-18
4776.00   2.8631e-19
4778.00   1.4331e-17
4780.00   2.6333e-19
4782.00   2.6874e-20
4784.00   2.3017e-20
4786.00   5.5093e-20
4788.00   2.7375e-21
4790.00   9.7712e-20
4792.00   5.4870e-19
4794.00   7.9739e-21
4796.00   1.9367e-18
4798.00   1.5575e-18
4800.00   1.2562e-20
4802.00   7.1775e-19
4804.00   1.9395e-18
4806.00   3.5177e-19
4808.00   9.1380e-19
4810.00   4.2550e-18
4812.00   4.2607e-19
4814.00   5.5227e-18
4816.00   1.3041e-18
4818.00   1.2937e-19
4820.00   6.3664e-20
4822.00   1.3015e-19
4824.00   2.3140e-18
4826.00   5.6572e-17
4828.00   4.9209e-20
4830.00   8.6502e-19
4832.00   6.1507e-17
4834.00   1.9439e-17
4836.00   7.7023e-19
4838.00   1.5551e-19
4840.00   1.9146e-18
4842.00   1.7657e-18
4844.00   9.2366e-18
4846.00   1.5736e-18
4848.00   8.0673e-19
4850.00   1.7535e-19
4852.00   2.8542e-19
4854.00   1.1417e-19
4856.00   2.1573e-19
4858.00   6.2351e-20
4860.00   1.8511e-19
4862.00   1.0496e-19
4864.00   1.1219e-19
4866.00   2.4577e-18
4868.00   1.3208e-18
4870.00   5.4360e-19
4872.00   6.1115e-18
4874.00   4.3052e-18
4876.00   3.9277e-17
4878.00   3.0492e-19
4880.00   3.3018e-18
4882.00   8.3058e-22
4884.00   8.3475e-19
4886.00   3.4386e-19
4888.00   2.2472e-19
4890.00   4.3523e-17
4892.00   3.0427e-18
4894.00   1.6624e-18
4896.00   7.4621e-18
4898.00   1.0180e-17
4900.00   3.2305e-19
4902.00   8.2365e-17
4904.00   5.1875e-19
4906.00   3.7904e-18
4908.00   5.8998e-21
4910.00   4.2798e-20
4912.00   4.2830e-18
4914.00   1.2650e-21
4916.00   3.6424e-20
4918.00   7.7734e-20
4920.00   7.1739e-19
4922.00   1.2481e-17
4924.00   8.1248e-16
4926.00   4.1281e-19
4928.00   2.3533e-18
4930.00   1.4589e-20
4932.00   1.0173e-17
4934.00   1.2925e-19
4936.00   7.0463e-18
4938.00   1.2702e-19
4940.00   3.9458e-19
4942.00   5.8905e-19
4944.00   3.6839e-19
4946.00   4.7325e-18
4948.00   7.4021e-18
4950.00   2.7982e-18
4952.00   5.2185e-17
4954.00   3.8647e-17
4956.00   6.8434e-20
4958.00   1.1495e-19
4960.00   1.1667e-19
4962.00   2.7766e-18
4964.00   4.9385e-20
4966.00   3.4534e-20
4968.00   7.9220e-19
4970.00   6.1227e-19
4972.00   5.2081e-19
4974.00   2.9445e-18
4976.00   1.0570e-16
4978.00   1.6079e-19
4980.00   4.8443e-19
4982.00   1.3270e-19
4984.00   5.2904e-21
4986.00   7.4143e-20
4988.00   7.2331e-17
4990.00   2.5847e-20
4992.00   3.5984e-18
4994.00   8.7611e-19
4996.00   2.9934e-19
4998.00   2.0056e-17
5000.00   2.7638e-17
5002.00   7.6203e-20
5004.00   1.2021e-18
5006.00   1.1465e-17
5008.00   3.8054e-20
5010.00   2.8132e-20
5012.00   1.3194e-20
5014.00   4.2992e-19
5016.00   9.5546e-18
5018.00   1.1131e-15
5020.00   9.5117e-18
5022.00   5.6142e-18
5024.00   1.0299e-19
5026.00   8.0307e-20
5028.00   6.9527e-19
5030.00   1.5763e-17
5032.00   5.2037e-21
5034.00   1.0349e-19
5036.00   1.3379e-19
5038.00   6.6334e-22
5040.00   4.2559e-18
5042.00   1.3745e-18
5044.00   1.9021e-18
5046.00   1.5840e-16
5048.00   1.0344e-17
5050.00   4.1594e-18
5052.00   2.8067e-19
5054.00   4.4804e-19
5056.00   4.7623e-19
5058.00   4.4329e-20
5060.00   6.4557e-18
5062.00   1.0196e-19
5064.00   4.9141e-20
5066.00   5.2998e-17
5068.00   6.3953e-21
5070.00   1.3202e-19
5072.00   1.2687e-17
5074.00   1.5258e-17
5076.00   5.7151e-18
5078.00   4.6806e-19
5080.00   3.0929e-18
5082.00   4.7410e-21
5084.00   3.0426e-18
5086.00   4.1846e-19
5088.00   1.5239e-19
5090.00   8.7549e-19
5092.00   1.3115e-20
5094.00   1.2160e-17
5096.00   2.1421e-17
5098.00   2.5106e-20
5100.00   8.7816e-17
5102.00   3.2438e-19
5104.00   9.1089e-20
5106.00   4.0817e-19
5108.00   2.7033e-18
5110.00   6.6446e-20
5112.00   4.6716e-18
5114.00   1.9837e-21
5116.00   2.7429e-19
5118.00   9.1375e-22
5120.00   2.3328e-19
5122.00   4.5023e-19
5124.00   8.9804e-18
5126.00   4.1267e-18
5128.00   1.8931e-17
5130.00   1.8474e-18
5132.00   6.8456e-19
5134.00   1.2273e-18
5136.00   3.2073e-19
5138.00   2.5431e-19
5140.00   4.9614e-20
5142.00   4.7131e-21
5144.00   8.9893e-19
5146.00   6.9701e-19
5148.00   2.4634e-20
5150.00   6.3511e-19
5152.00   1.2988e-20
5154.00   4.9704e-19
5156.00   7.9913e-21
5158.00   4.2477e-17
5160.00   2.4761e-17
5162.00   2.4193e-19
5164.00   1.0984e-18
5166.00   1.0869e-18
5168.00   1.4227e-18
5170.00   1.1685e-15
5172.00   1.2613e-17
5174.00   4.7412e-23
5176.00   5.0201e-20
5178.00   3.9946e-20
5180.00   5.8772e-20
5182.00   2.2811e-18
5184.00   2.6030e-18
5186.00   2.6666e-18
5188.00   2.6916e-18
5190.00   3.8714e-21
5192.00   1.0360e-17
5194.00   4.5827e-19
5196.00   2.5896e-21
5198.00   3.1301e-16
5200.00   2.1790e-19
5202.00   3.3005e-21
5204.00   2.7619e-19
5206.00   1.1291e-17
5208.00   1.1120e-20
5210.00   8.0499e-18
5212.00   5.3424e-19
5214.00   4.4560e-20
5216.00   3.1655e-18
5218.00   8.8144e-18
5220.00   7.4500e-19
5222.00   6.4985e-21
5224.00   2.1558e-19
5226.00   1.2061e-18
5228.00   1.6268e-17
5230.00   4.2112e-23
5232.00   9.4790e-19
5234.00   3.3277e-16
5236.00   1.0026e-17
5238.00   1.3360e-18
5240.00   2.1373e-18
5242.00   3.3109e-19
5244.00   3.9730e-18
5246.00   2.8935e-19
5248.00   1.9067e-19
5250.00   3.1134e-18
5252.00   3.6175e-18
5254.00   3.2543e-17
5256.00   1.6652e-18
5258.00   9.5568e-18
5260.00   1.4758e-17
5262.00   1.5259e-17
5264.00   8.7376e-18
5266.00   1.9166e-21
5268.00   2.9582e-18
5270.00   9.1520e-19
5272.00   1.0421e-16
5274.00   1.7835e-17
5276.00   3.8125e-16
5278.00   3.5903e-18
5280.00   9.4417e-19
5282.00   8.5310e-20
5284.00   1.4865e-16
5286.00   1.2003e-18
5288.00   1.9135e-19
5290.00   1.0719e-18
5292.00   2.7572e-18
5294.00   1.4435e-18
5296.00   1.1659e-18
5298.00   7.8705e-18
5300.00   1.7145e-19
5302.00   9.3923e-20
5304.00   3.4966e-18
5306.00   9.8857e-21
5308.00   2.2502e-19
5310.00   3.0847e-19
5312.00   2.4986e-20
5314.00   1.0063e-17
5316.00   6.1460e-16
5318.00   2.6060e-20
5320.00   1.6176e-18
5322.00   8.1300e-19
5324.00   3.6082e-17
5326.00   3.2266e-17
5328.00   1.0709e-19
5330.00   2.2050e-19
5332.00   9.5866e-19
5334.00   1.0339e-17
5336.00   3.6551e-18
5338.00   2.2865e-18
5340.00   1.1331e-18
5342.00   9.5318e-20
5344.00   8.1030e-19
5346.00   8.5332e-19
5348.00   8.9898e-19
5350.00   2.4514e-19
5352.00   1.9077e-18
5354.00   1.1591e-18
5356.00   1.7003e-19
5358.00   4.0450e-17
5360.00   3.7110e-19
5362.00   2.0916e-17
5364.00   6.2186e-18
5366.00   2.7783e-19
5368.00   3.5785e-19
5370.00   7.6882e-19
5372.00   4.2044e-20
5374.00   2.0990e-21
5376.00   7.5820e-18
5378.00   4.1554e-19
5380.00   2.2998e-18
5382.00   2.2843e-18
5384.00   1.5632e-17
5386.00   2.4611e-19
5388.00   9.3330e-18
5390.00   9.8192e-20
5392.00   6.5986e-20
5394.00   1.7281e-18
5396.00   5.7851e-19
5398.00   5.3599e-20
5400.00   3.9993e-19
5402.00   3.6052e-19
5404.00   2.0432e-20
5406.00   8.3732e-19
5408.00   1.3982e-18
5410.00   5.0565e-18
5412.00   3.8677e-18
5414.00   1.8014e-18
5416.00   5.9844e-19
5418.00   1.5427e-19
5420.00   1.1259e-18
5422.00   1.4476e-18
5424.00   1.5125e-18
5426.00   2.6285e-17
5428.00   6.2631e-17
5430.00   7.3389e-21
5432.00   7.8895e-19
5434.00   5.8608e-18
5436.00   2.9366e-20
5438.00   9.8982e-18
5440.00   5.0512e-18
5442.00   2.6064e-19
5444.00   9.7795e-18
5446.00   3.6064e-18
5448.00   4.4304e-20
5450.00   1.1251e-17
5452.00   6.0239e-19
5454.00   3.8062e-19
5456.00   7.3940e-20
5458.00   4.9356e-19
5460.00   9.2706e-19
5462.00   1.3356e-23
5464.00   1.1255e-21
5466.00   1.8299e-17
5468.00   3.8791e-18
5470.00   1.8357e-19
5472.00   1.5399e-19
5474.00   5.7714e-20
5476.00   2.1481e-20
5478.00   1.8294e-18
5480.00   9.5634e-20
5482.00   2.9133e-19
5484.00   1.5864e-18
5486.00   6.4233e-19
5488.00   1.0394e-17
5490.00   2.0237e-19
5492.00   1.5573e-20
5494.00   4.0157e-22
5496.00   1.7189e-18
5498.00   1.5566e-18
5500.00   1.7544e-17
5502.00   1.1650e-17
5504.00   1.0992e-18
5506.00   1.7470e-18
5508.00   5.3578e-19
5510.00   1.2899e-17
5512.00   6.1333e-20
5514.00   2.3998e-18
5516.00   8.9973e-21
5518.00   2.4795e-18
5520.00   5.2042e-18
5522.00   5.8168e-19
5524.00   6.8506e-21
5526.00   2.0311e-17
5528.00   1.3170e-18
5530.00   4.1069e-17
5532.00   5.5337e-18
5534.00   1.7953e-18
5536.00   6.8969e-19
5538.00   5.4537e-18
5540.00   1.5711e-18
5542.00   2.2449e-18
5544.00   1.1863e-17
5546.00   4.2606e-19
5548.00   2.8023e-19
5550.00   6.8501e-20
5552.00   1.7538e-18
5554.00   1.1158e-18
5556.00   8.5139e-19
5558.00   3.7780e-20
5560.00   6.0625e-19
5562.00   7.4471e-20
5564.00   5.2970e-22
5566.00   4.1931e-18
5568.00   3.4501e-17
5570.00   1.8241e-18
5572.00   1.6279e-18
5574.00   8.2548e-19
5576.00   2.9847e-21
5578.00   3.6538e-19
5580.00   2.3777e-18
5582.00   1.6795e-17
5584.00   4.6712e-20
5586.00   2.0935e-19
5588.00   2.8571e-17
5590.00   1.0233e-19
5592.00   4.5035e-20
5594.00   1.4392e-21
5596.00   9.3316e-18
5598.00   2.2129e-20
5600.00   6.2374e-19
5602.00   4.4632e-19
5604.00   1.2666e-20
5606.00   2.2694e-20
5608.00   4.1878e-18
5610.00   3.9009e-20
5612.00   6.6240e-19
5614.00   1.1134e-18
5616.00   1.6062e-18
5618.00   6.1160e-18
5620.00   8.3700e-19
5622.00   2.9473e-19
5624.00   1.0398e-17
5626.00   1.5954e-17
5628.00   4.8577e-18
5630.00   1.0307e-18
5632.00   5.7016e-19
5634.00   2.8076e-19
5636.00   2.1829e-20
5638.00   1.6340e-18
5640.00   4.4748e-18
5642.00   9.0482e-22
5644.00   2.9608e-18
5646.00   2.1299e-23
5648.00   3.7863e-19
5650.00   1.3188e-18
5652.00   3.8771e-18
5654.00   2.7210e-19
5656.00   2.5075e-18
5658.00   2.8958e-18
5660.00   8.8780e-20
5662.00   1.6818e-19
5664.00   7.4119e-18
5666.00   8.3362e-19
5668.00   9.7945e-20
5670.00   2.6165e-16
5672.00   4.5784e-21
5674.00   3.1454e-18
5676.00   2.7294e-18
5678.00   7.5781e-19
5680.00   2.5509e-19
5682.00   5.5264e-19
5684.00   2.4935e-20
5686.00   1.0978e-21
5688.00   3.4850e-21
5690.00   3.2349e-16
5692.00   1.1505e-18
5694.00   6.5878e-22
5696.00   2.3614e-19
5698.00   1.3662e-22
5700.00   2.0095e-17
5702.00   6.7297e-20
5704.00   2.0282e-18
5706.00   2.4417e-18
5708.00   2.2784e-19
5710.00   1.9368e-19
5712.00   1.3277e-18
5714.00   5.2269e-20
5716.00   9.5695e-18
5718.00   1.0156e-17
5720.00   6.0593e-21
5722.00   4.6849e-19
5724.00   7.2986e-21
5726.00   7.7986e-19
5728.00   6.9517e-19
5730.00   2.6634e-18
5732.00   5.8689e-18
5734.00   4.1676e-19
5736.00   2.7817e-22
5738.00   2.8490e-19
5740.00   2.6192e-20
5742.00   2.2929e-19
5744.00   1.9182e-18
5746.00   1.6533e-17
5748.00   6.8251e-19
5750.00   7.4946e-19
5752.00   2.0691e-19
5754.00   1.4291e-17
5756.00   4.6135e-19
5758.00   2.8827e-18
5760.00   3.0968e-19
5762.00   2.4898e-18
5764.00   2.2378e-21
5766.00   9.6741e-18
5768.00   3.4905e-19
5770.00   7.6359e-20
5772.00   4.2579e-20
5774.00   5.2437e-20
5776.00   1.7040e-19
5778.00   1.1514e-20
5780.00   2.4578e-19
5782.00   4.2894e-18
5784.00   1.0700e-18
5786.00   6.2135e-20
5788.00   2.5831e-20
5790.00   1.4955e-18
5792.00   6.9485e-19
5794.00   6.5921e-21
5796.00   1.4019e-17
5798.00   3.5085e-18
5800.00   5.1941e-20
5802.00   8.8590e-18
5804.00   3.1372e-19
5806.00   1.7710e-19
5808.00   3.4996e-18
5810.00   1.7176e-18
5812.00   1.2422e-18
5814.00   2.2648e-17
5816.00   1.0151e-20
5818.00   3.8749e-21
5820.00   4.1752e-25
5822.00   4.0320e-18
5824.00   2.1066e-18
5826.00   3.6193e-18
5828.00   7.9374e-21
5830.00   8.6891e-17
5832.00   1.1676e-18
5834.00   6.9005e-19
5836.00   2.2887e-17
5838.00   1.9092e-20
5840.00   1.0233e-20
5842.00   9.1956e-18
5844.00   3.3237e-20
5846.00   4.2579e-20
5848.00   9.5586e-20
5850.00   1.6563e-19
5852.00   1.0612e-18
5854.00   1.2963e-19
5856.00   1.3095e-19
5858.00   5.6128e-19
5860.00   6.3315e-18
5862.00   1.6807e-18
5864.00   3.6399e-20
5866.00   3.6847e-20
5868.00   1.5197e-18
5870.00   3.0365e-18
5872.00   2.1539e-20
5874.00   4.3571e-19
5876.00   1.8028e-20
5878.00   1.4023e-19
5880.00   5.8882e-18
5882.00   9.2036e-20
5884.00   4.4432e-20
5886.00   2.9702e-19
5888.00   1.7791e-19
5890.00   2.6165e-21
5892.00   7.4270e-18
5894.00   1.0214e-20
5896.00   2.2707e-18
5898.00   2.0737e-19
5900.00   3.1370e-20
5902.00   6.0244e-18
5904.00   2.5131e-19
5906.00   1.1413e-19
5908.00   3.0421e-19
5910.00   9.5246e-20
5912.00   1.5357e-20
5914.00   3.0721e-16
5916.00   9.1365e-21
5918.00   1.9870e-20
5920.00   9.3317e-19
5922.00   1.8817e-18
5924.00   7.1415e-20
5926.00   5.6528e-19
5928.00   2.7155e-21
5930.00   1.1472e-18
5932.00   7.7704e-19
5934.00   6.0445e-21
5936.00   4.8163e-22
5938.00   8.8354e-20
5940.00   1.9992e-19
5942.00   1.9372e-19
5944.00   4.8559e-18
5946.00   6.9824e-19
5948.00   1.0731e-18
5950.00   1.3393e-19
5952.00   3.3627e-17
5954.00   5.9060e-21
5956.00   1.3620e-17
5958.00   6.3670e-21
5960.00   7.4838e-21
5962.00   1.0399e-16
5964.00   5.1191e-20
5966.00   2.0437e-22
5968.00   3.2796e-18
5970.00   1.0086e-21
5972.00   2.7565e-19
5974.00   4.0560e-19
5976.00   2.8717e-20
5978.00   2.3798e-21
5980.00   1.1815e-20
5982.00   2.6970e-17
5984.00   1.4240e-18
5986.00   2.8860e-19
5988.00   2.7344e-19
5990.00   4.2670e-20
5992.00   1.5867e-18
5994.00   3.8807e-19
5996.00   3.1325e-19
5998.00   3.3130e-19
6000.00   8.2522e-21
6002.00   5.9146e-20
6004.00   4.0317e-18
6006.00   5.5897e-18
6008.00   2.4293e-20
6010.00   6.8571e-21
6012.00   4.6417e-21
6014.00   5.8528e-19
6016.00   1.9738e-17
6018.00   5.8557e-18
6020.00   9.6971e-21
6022.00   4.8443e-20
6024.00   6.7951e-20
6026.00   1.7106e-21
6028.00   2.3270e-19
6030.00   1.7694e-19
6032.00   3.3087e-18
6034.00   2.0673e-17
6036.00   2.3565e-18
6038.00   8.9422e-21
6040.00   8.1731e-19
6042.00   2.8889e-22
6044.00   5.1227e-18
6046.00   8.7430e-18
6048.00   1.6102e-18
6050.00   6.7298e-17
6052.00   8.3993e-20
6054.00   1.8696e-20
6056.00   9.4529e-23
6058.00   9.8165e-19
6060.00   3.1362e-17
6062.00   2.8019e-20
6064.00   4.5420e-19
6066.00   1.9949e-23
6068.00   1.1605e-18
6070.00   1.5522e-18
6072.00   1.6615e-18
6074.00   2.1579e-19
6076.00   3.5840e-20
6078.00   1.1948e-16
6080.00   1.8156e-18
6082.00   4.5442e-21
6084.00   8.6931e-19
6086.00   2.0755e-20
6088.00   5.3002e-18
6090.00   4.7035e-22
6092.00   3.0179e-20
6094.00   5.4736e-20
6096.00   3.0822e-19
6098.00   8.3588e-20
6100.00   1.7444e-19
6102.00   4.5172e-23
6104.00   1.0039e-17
6106.00   1.7591e-18
6108.00   1.0472e-18
6110.00   8.2195e-25
6112.00   3.0613e-20
6114.00   7.5011e-19
6116.00   5.2095e-19
6118.00   1.1431e-18
6120.00   1.5325e-18
6122.00   3.3739e-18
6124.00   2.6917e-22
6126.00   2.7358e-19
6128.00   6.4381e-25
6130.00   6.8780e-19
6132.00   2.7208e-21
6134.00   2.9106e-18
6136.00   3.0933e-20
6138.00   2.6808e-21
6140.00   3.2266e-22
6142.00   6.3945e-20
6144.00   1.3506e-20
6146.00   1.3941e-18
6148.00   3.6045e-17
6150.00   3.4996e-17
6152.00   1.0626e-18
6154.00   3.1500e-18
6156.00   9.9129e-18
6158.00   1.3547e-18
6160.00   4.5045e-19
6162.00   8.7122e-21
6164.00   1.0524e-18
6166.00   2.0657e-18
6168.00   5.3108e-20
6170.00   6.4695e-21
6172.00   3.6348e-17
6174.00   5.0684e-20
6176.00   1.6302e-17
6178.00   2.2138e-20
6180.00   1.7011e-17
6182.00   9.3327e-22
6184.00   3.4047e-18
6186.00   7.9860e-17
6188.00   1.4626e-18
6190.00   1.6442e-18
6192.00   2.1012e-19
6194.00   3.7338e-21
6196.00   3.5337e-19
6198.00   1.3532e-18
6200.00   3.0463e-17
6202.00   1.0516e-18
6204.00   2.7445e-19
6206.00   1.1357e-20
6208.00   1.2634e-20
6210.00   3.0753e-20
6212.00   6.1409e-25
6214.00   1.4216e-18
6216.00   7.9577e-21
6218.00   4.9256e-21
6220.00   2.5169e-19
6222.00   8.7913e-19
6224.00   1.4963e-20
6226.00   2.7011e-25
6228.00   2.9912e-18
6230.00   8.6769e-19
6232.00   2.0667e-18
6234.00   1.0640e-16
6236.00   1.9973e-19
6238.00   3.6484e-17
6240.00   5.3061e-18
6242.00   2.9304e-20
6244.00   2.6071e-18
6246.00   6.5599e-20
6248.00   1.6452e-16
6250.00   5.9943e-24
6252.00   7.4400e-21
6254.00   1.6455e-22
6256.00   1.1889e-20
6258.00   1.5934e-19
6260.00   5.4812e-19
6262.00   2.8388e-17
6264.00   2.5431e-17
6266.00   1.4132e-19
6268.00   1.0305e-19
6270.00   1.2426e-20
6272.00   1.9171e-19
6274.00   1.6809e-18
6276.00   1.6290e-20
6278.00   3.9396e-23
6280.00   2.0160e-19
6282.00   8.1311e-19
6284.00   8.9278e-22
6286.00   1.7078e-22
6288.00   4.1827e-21
6290.00   5.8394e-18
6292.00   3.2370e-20
6294.00   5.7821e-20
6296.00   8.2818e-21
6298.00   1.3424e-19
6300.00   2.5739e-19
6302.00   1.9035e-19
6304.00   1.4533e-19
6306.00   1.8592e-17
6308.00   1.6831e-19
6310.00   3.3937e-18
6312.00   5.3665e-22
6314.00   1.9750e-20
6316.00   2.4034e-21
6318.00   9.1414e-16
6320.00   1.0081e-17
6322.00   4.7871e-18
6324.00   6.1307e-23
6326.00   4.5901e-18
6328.00   8.8948e-19
6330.00   1.5403e-19
6332.00   9.8974e-18
6334.00   3.8426e-23
6336.00   2.9803e-20
6338.00   4.1793e-17
6340.00   1.9127e-18
6342.00   8.2195e-21
6344.00   1.6786e-20
6346.00   1.1899e-17
6348.00   5.1852e-17
6350.00   1.6586e-18
6352.00   4.2186e-24
6354.00   1.7274e-18
6356.00   1.5142e-19
6358.00   6.5834e-20
6360.00   6.5468e-20
6362.00   1.2461e-17
6364.00   1.9243e-19
6366.00   1.7331e-20
6368.00   3.3069e-24
6370.00   6.3765e-19
6372.00   1.5802e-16
6374.00   4.0476e-20
6376.00   3.4337e-22
6378.00   2.8155e-20
6380.00   6.9883e-18
6382.00   2.2917e-19
6384.00   5.5841e-16
6386.00   1.1495e-16
6388.00   2.1444e-20
6390.00   4.0504e-20
6392.00   4.9759e-19
6394.00   6.3214e-19
6396.00   7.3134e-19
6398.00   5.7067e-18
6400.00   5.6136e-19
6402.00   1.7277e-17
6404.00   5.3658e-19
6406.00   1.3945e-19
6408.00   3.0893e-18
6410.00   1.2168e-18
6412.00   1.0308e-20
6414.00   8.2792e-24
6416.00   2.4130e-17
6418.00   8.1639e-20
6420.00   3.5695e-20
6422.00   1.8276e-19
6424.00   1.1909e-18
6426.00   1.2481e-21
6428.00   4.9571e-18
6430.00   1.1929e-21
6432.00   1.7592e-18
6434.00   1.5912e-18
6436.00   5.8265e-19
6438.00   5.5167e-22
6440.00   1.8041e-18
6442.00   5.0791e-17
6444.00   6.7105e-19
6446.00   1.4646e-17
6448.00   2.1454e-24
6450.00   2.1623e-20
6452.00   1.3174e-19
6454.00   8.9916e-19
6456.00   1.9854e-16
6458.00   4.1368e-22
6460.00   1.7696e-21
6462.00   2.4139e-21
6464.00   1.4938e-22
6466.00   2.2155e-17
6468.00   1.7875e-18
6470.00   7.3466e-23
6472.00   8.4099e-21
6474.00   1.1770e-18
6476.00   1.1577e-24
6478.00   3.5958e-25
6480.00   1.6464e-19
6482.00   2.7232e-17
6484.00   8.1685e-19
6486.00   4.1902e-17
6488.00   1.8824e-18
6490.00   2.1223e-23
6492.00   1.4683e-16
6494.00   2.3082e-16
6496.00   1.9264e-20
6498.00   3.3659e-21
6500.00   7.7363e-21
6502.00   4.2156e-22
6504.00   1.4419e-20
6506.00   2.1546e-17
6508.00   1.0509e-16
6510.00   2.0485e-18
6512.00   5.0936e-18
6514.00   6.3559e-19
6516.00   2.8715e-18
6518.00   9.7247e-17
6520.00   1.2787e-19
6522.00   1.3848e-20
6524.00   3.3634e-19
6526.00   6.6999e-22
6528.00   3.9858e-18
6530.00   1.8191e-17
6532.00   2.1694e-17
6534.00   2.6682e-18
6536.00   1.0629e-22
6538.00   7.2841e-19
6540.00   1.8236e-19
6542.00   1.8114e-20
6544.00   5.0025e-19
6546.00   1.6667e-25
6548.00   2.4049e-19
6550.00   7.2680e-19
6552.00   1.5989e-19
6554.00   9.1595e-20
6556.00   3.7522e-19
6558.00   2.0412e-17
6560.00   3.9026e-18
6562.00   1.0234e-16
6564.00   1.5571e-21
6566.00   1.9050e-19
6568.00   1.0744e-22
6570.00   2.2721e-18
6572.00   6.1759e-17
6574.00   1.2992e-17
6576.00   1.5267e-24
6578.00   1.0062e-18
6580.00   5.4675e-19
6582.00   1.0728e-17
6584.00   7.1956e-20
6586.00   1.2924e-16
6588.00   6.8272e-18
6590.00   7.4802e-23
6592.00   3.2373e-18
6594.00   5.2964e-18
6596.00   9.2941e-18
6598.00   2.3002e-18
6600.00   4.5135e-19
6602.00   1.7712e-19
6604.00   8.3843e-20
6606.00   9.1914e-21
6608.00   2.2130e-20
6610.00   3.5977e-17
6612.00   1.3675e-16
6614.00   3.8435e-18
6616.00   5.2542e-20
6618.00   1.5643e-17
6620.00   1.3660e-23
6622.00   5.4106e-20
6624.00   9.7931e-17
6626.00   4.4957e-19
6628.00   3.4174e-18
6630.00   1.2578e-26
6632.00   6.3443e-19
6634.00   1.5316e-20
6636.00   1.0527e-24
6638.00   5.4613e-20
6640.00   1.6782e-18
6642.00   1.7832e-19
6644.00   8.4095e-20
6646.00   2.9564e-25
6648.00   1.6870e-23
6650.00   1.0698e-17
6652.00   1.0669e-16
6654.00   1.6015e-18
6656.00   2.0633e-20
6658.00   2.1247e-16
6660.00   2.7386e-19
6662.00   6.3135e-19
6664.00   2.2262e-21
6666.00   8.8071e-18
6668.00   7.8197e-19
6670.00   6.0312e-18
6672.00   1.8674e-20
6674.00   2.7464e-19
6676.00   5.7800e-21
6678.00   3.8266e-18
6680.00   8.2467e-19
6682.00   1.8769e-16
6684.00   2.6622e-21
6686.00   2.4121e-20
6688.00   1.9004e-19
6690.00   8.8707e-19
6692.00   1.6384e-19
6694.00   3.2714e-18
6696.00   5.2643e-24
6698.00   3.0252e-20
6700.00   1.0358e-18
6702.00   2.3044e-19
6704.00   6.1263e-18
6706.00   5.5645e-19
6708.00   8.2283e-23
6710.00   1.4534e-18
6712.00   2.8698e-21
6714.00   2.2393e-19
6716.00   1.5119e-21
6718.00   9.2317e-22
6720.00   9.4669e-20
6722.00   4.7890e-22
6724.00   7.0401e-19
6726.00   1.7756e-21
6728.00   2.6511e-25
6730.00   4.8906e-17
6732.00   9.4909e-19
6734.00   1.3444e-23
6736.00   1.5719e-19
6738.00   5.2100e-24
6740.00   5.8023e-24
6742.00   1.4093e-20
6744.00   5.7556e-19
6746.00   1.3788e-19
6748.00   1.1195e-20
6750.00   9.3073e-18
6752.00   9.4939e-22
6754.00   9.6405e-21
6756.00   1.1131e-21
6758.00   3.0441e-19
6760.00   9.0499e-19
6762.00   4.7059e-20
6764.00   5.4251e-20
6766.00   4.8350e-19
6768.00   5.5793e-17
6770.00   4.1152e-19
6772.00   3.0087e-19
6774.00   9.1571e-22
6776.00   2.3879e-17
6778.00   2.1475e-20
6780.00   2.3084e-20
6782.00   4.5076e-21
6784.00   1.9057e-22
6786.00   2.6246e-20
6788.00   8.5563e-18
6790.00   1.0877e-20
6792.00   3.0954e-19
6794.00   7.8145e-22
6796.00   1.4774e-18
6798.00   5.2561e-20
6800.00   2.3969e-17
6802.00   1.4485e-19
6804.00   1.0722e-18
6806.00   2.4806e-21
6808.00   5.8601e-26
6810.00   6.3085e-20
6812.00   2.7320e-20
6814.00   2.4430e-19
6816.00   7.9008e-18
6818.00   1.8946e-21
6820.00   7.2824e-17
6822.00   1.1743e-17
6824.00   3.0733e-20
6826.00   6.2225e-19
6828.00   4.0559e-19
6830.00   8.1458e-20
6832.00   3.3345e-18
6834.00   2.7212e-20
6836.00   1.0678e-23
6838.00   1.1023e-18
6840.00   1.6358e-19
6842.00   5.3295e-23
6844.00   6.0606e-20
6846.00   1.0637e-20
6848.00   2.6885e-19
6850.00   5.6680e-20
6852.00   3.1872e-21
6854.00   8.6342e-25
6856.00   1.4626e-16
6858.00   6.9819e-19
6860.00   1.9911e-19
6862.00   5.0191e-17
6864.00   4.0399e-18
6866.00   2.5843e-17
6868.00   9.6228e-21
6870.00   2.3511e-18
6872.00   2.1466e-18
6874.00   9.0484e-18
6876.00   1.7127e-21
6878.00   2.4655e-17
6880.00   2.5840e-24
6882.00   1.3373e-19
6884.00   3.4163e-21
6886.00   1.6873e-19
6888.00   6.8608e-20
6890.00   6.4536e-18
6892.00   3.2733e-19
6894.00   6.7028e-22
6896.00   2.8227e-19
6898.00   5.1065e-26
6900.00   7.6072e-26
6902.00   2.7165e-20
6904.00   7.5346e-24
6906.00   2.5721e-18
6908.00   3.0271e-18
6910.00   4.9722e-21
6912.00   1.6228e-17
6914.00   1.3734e-17
6916.00   3.2625e-20
6918.00   1.4366e-19
6920.00   2.6247e-25
6922.00   1.0489e-20
6924.00   9.5278e-18
6926.00   4.6125e-18
6928.00   1.5585e-21
6930.00   1.1550e-18
6932.00   5.8094e-19
6934.00   1.7138e-20
6936.00   4.9607e-21
6938.00   7.5083e-21
6940.00   1.8098e-18
6942.00   1.2553e-17
6944.00   6.6432e-19
6946.00   4.3185e-18
6948.00   1.7627e-18
6950.00   2.7391e-18
6952.00   1.0092e-20
6954.00   1.9773e-23
6956.00   5.9605e-23
6958.00   6.0733e-19
6960.00   7.9235e-20
6962.00   6.9952e-19
6964.00   2.1494e-18
6966.00   5.6994e-19
6968.00   4.5052e-21
6970.00   3.8351e-20
6972.00   3.4024e-20
6974.00   4.4422e-20
6976.00   3.6754e-21
6978.00   1.2838e-17
6980.00   4.0852e-21
6982.00   7.1959e-20
6984.00   6.9641e-22
6986.00   3.0833e-19
6988.00   1.2667e-20
6990.00   5.5666e-20
6992.00   6.2144e-19
6994.00   2.9394e-18
6996.00   8.6342e-18
6998.00   5.6240e-22
7000.00   4.1446e-18
7002.00   3.6800e-20
7004.00   2.5199e-20
7006.00   9.8300e-22
7008.00   2.3569e-19
7010.00   5.7449e-18
7012.00   9.6072e-18
7014.00   4.8743e-20
7016.00   1.0821e-17
7018.00   7.8339e-20
7020.00   5.7330e-22
7022.00   1.6688e-19
7024.00   3.0034e-22
7026.00   2.0828e-21
7028.00   2.1582e-23
7030.00   7.0660e-19
7032.00   1.6521e-18
7034.00   2.8307e-19
7036.00   3.5398e-20
7038.00   1.0991e-19
7040.00   1.6481e-20
7042.00   1.0978e-20
7044.00   1.9549e-22
7046.00   6.8257e-20
7048.00   5.1975e-18
7050.00   1.7474e-25
7052.00   4.5027e-22
7054.00   1.0512e-17
7056.00   1.2023e-22
7058.00   1.9973e-19
7060.00   5.8241e-17
7062.00   2.3608e-23
7064.00   1.2872e-17
7066.00   6.1051e-20
7068.00   1.6140e-19
7070.00   4.0829e-21
7072.00   4.3725e-25
7074.00   8.1590e-20
7076.00   3.2950e-19
7078.00   3.9946e-20
7080.00   2.5453e-20
7082.00   1.0945e-19
7084.00   4.4658e-19
7086.00   1.8049e-25
7088.00   3.4642e-18
7090.00   2.8797e-19
7092.00   4.0243e-19
7094.00   2.8709e-21
7096.00   1.6679e-22
7098.00   1.4021e-18
7100.00   3.0959e-22
7102.00   6.2315e-22
7104.00   5.5225e-18
7106.00   1.2583e-19
7108.00   6.1997e-21
7110.00   3.8930e-17
7112.00   1.6413e-20
7114.00   5.7822e-18
7116.00   5.1863e-19
7118.00   4.3500e-18
7120.00   2.6612e-22
7122.00   1.3215e-24
7124.00   1.3835e-18
7126.00   1.1625e-21
7128.00   1.7051e-18
7130.00   5.5968e-19
7132.00   2.0657e-19
7134.00   4.4943e-19
7136.00   4.6233e-18
7138.00   1.6339e-19
7140.00   2.7062e-18
7142.00   5.3097e-24
7144.00   7.1756e-24
7146.00   9.4507e-19
7148.00   1.7921e-19
7150.00   1.9790e-18
7152.00   6.2654e-19
7154.00   2.4629e-22
7156.00   1.0771e-18
7158.00   1.5531e-18
7160.00   1.7831e-23
7162.00   1.6908e-18
7164.00   3.1782e-18
7166.00   9.5229e-21
7168.00   6.7670e-19
7170.00   3.6258e-19
7172.00   2.6754e-19
7174.00   1.9029e-20
7176.00   1.9757e-24
7178.00   1.8645e-19
7180.00   1.0850e-18
7182.00   1.8253e-19
7184.00   1.4278e-17
7186.00   8.6213e-19
7188.00   1.0482e-24
7190.00   1.0148e-20
7192.00   2.1774e-18
7194.00   4.5201e-18
7196.00   2.0560e-20
7198.00   3.7382e-21
7200.00   6.9881e-20
7202.00   7.6309e-19
7204.00   1.9286e-18
7206.00   2.1297e-18
7208.00   3.8157e-23
7210.00   2.0292e-21
7212.00   1.4328e-18
7214.00   5.6997e-21
7216.00   5.8225e-19
7218.00   1.8255e-19
7220.00   1.1595e-26
7222.00   6.3794e-18
7224.00   7.6904e-18
7226.00   1.1111e-17
7228.00   7.6711e-21
7230.00   2.0088e-20
7232.00   4.4408e-22
7234.00   2.8723e-20
7236.00   1.4911e-21
7238.00   1.0563e-18
7240.00   1.1704e-19
7242.00   2.1558e-20
7244.00   3.2320e-19
7246.00   7.5912e-19
7248.00   2.1296e-19
7250.00   1.7447e-18
7252.00   4.2388e-23
7254.00   4.5023e-18
7256.00   4.1628e-26
7258.00   2.0070e-23
7260.00   6.8399e-21
7262.00   1.8351e-19
7264.00   6.3905e-18
7266.00   6.7030e-18
7268.00   3.2604e-20
7270.00   4.9952e-21
7272.00   8.9310e-26
7274.00   2.9144e-18
7276.00   4.3365e-18
7278.00   6.8142e-18
7280.00   6.9032e-19
7282.00   2.4523e-18
7284.00   8.6843e-22
7286.00   3.2243e-19
7288.00   6.8894e-18
7290.00   4.4229e-19
7292.00   5.9813e-23
7294.00   8.3079e-20
7296.00   1.6891e-21
7298.00   8.2206e-20
7300.00   5.3671e-19
7302.00   2.8524e-18
7304.00   2.9055e-19
7306.00   4.4054e-19
7308.00   8.8763e-18
7310.00   5.3963e-18
7312.00   4.5497e-20
7314.00   7.0503e-21
7316.00   9.7515e-20
7318.00   8.6775e-19
7320.00   1.6367e-17
7322.00   4.5134e-18
7324.00   1.9828e-19
7326.00   1.6457e-21
7328.00   9.1023e-21
7330.00   1.9908e-20
7332.00   7.5012e-19
7334.00   2.7210e-18
7336.00   3.3422e-17
7338.00   8.8071e-23
7340.00   4.1536e-27
7342.00   5.0605e-20
7344.00   1.2854e-22
7346.00   1.5455e-21
7348.00   4.4647e-25
7350.00   2.3097e-18
7352.00   2.3565e-18
7354.00   2.3754e-19
7356.00   2.4117e-20
7358.00   1.5528e-18
7360.00   4.2161e-20
7362.00   1.5489e-19
7364.00   9.1608e-23
7366.00   7.8666e-20
7368.00   7.9399e-20
7370.00   4.2861e-18
7372.00   4.2090e-22
7374.00   2.8971e-21
7376.00   9.7683e-25
7378.00   1.2652e-20
7380.00   9.7291e-20
7382.00   5.3553e-20
7384.00   1.1598e-22
7386.00   2.2769e-19
7388.00   2.1772e-19
7390.00   1.8661e-20
7392.00   2.1594e-23
7394.00   3.2556e-21
7396.00   3.9736e-22
7398.00   1.3251e-19
7400.00   6.2442e-18
7402.00   2.7326e-17
7404.00   1.5648e-25
7406.00   9.8538e-20
7408.00   1.3995e-20
7410.00   1.8607e-17
7412.00   5.3408e-20
7414.00   5.6373e-19
7416.00   1.8135e-19
7418.00   1.8758e-17
7420.00   1.4431e-17
7422.00   1.6135e-21
7424.00   1.3879e-18
7426.00   2.3095e-18
7428.00   5.3261e-22
7430.00   1.8257e-18
7432.00   3.4744e-19
7434.00   6.0983e-20
7436.00   2.9459e-18
7438.00   7.1158e-21
7440.00   2.6120e-20
7442.00   3.6297e-20
7444.00   7.5973e-26
7446.00   8.5529e-18
7448.00   5.8357e-24
7450.00   7.1638e-18
7452.00   2.5942e-19
7454.00   1.3824e-17
7456.00   6.7237e-19
7458.00   2.0540e-22
7460.00   1.4115e-22
7462.00   1.7304e-17
7464.00   2.9910e-20
7466.00   5.0950e-18
7468.00   4.6655e-23
7470.00   8.1427e-21
7472.00   7.2039e-21
7474.00   2.4453e-21
7476.00   1.1708e-20
7478.00   1.3733e-22
7480.00   9.7695e-20
7482.00   1.4195e-18
7484.00   3.3155e-25
7486.00   2.5829e-19
7488.00   9.8439e-18
7490.00   4.7590e-21
7492.00   1.5066e-19
7494.00   2.9910e-22
7496.00   5.8912e-21
7498.00   5.7682e-18
7500.00   6.6283e-18
7502.00   6.0415e-19
7504.00   6.3774e-19
7506.00   1.0604e-21
7508.00   2.6038e-23
7510.00   1.1342e-20
7512.00   3.8262e-24
7514.00   9.5655e-20
7516.00   1.5388e-16
7518.00   5.7920e-20
7520.00   2.2943e-17
7522.00   1.7655e-20
7524.00   1.2888e-20
7526.00   4.5235e-20
7528.00   4.2997e-21
7530.00   3.5640e-21
7532.00   1.0551e-19
7534.00   6.1184e-18
7536.00   2.8416e-22
7538.00   1.7654e-21
7540.00   1.7980e-20
7542.00   1.1939e-19
7544.00   6.2310e-20
7546.00   6.1395e-25
7548.00   5.7861e-19
7550.00   2.8977e-21
7552.00   7.6799e-20
7554.00   5.5318e-18
7556.00   2.2717e-22
7558.00   3.2493e-22
7560.00   1.2065e-18
7562.00   1.4371e-19
7564.00   5.4991e-19
7566.00   6.5443e-20
7568.00   7.0720e-19
7570.00   6.7839e-21
7572.00   5.3727e-21
7574.00   1.2133e-25
7576.00   7.4067e-18
7578.00   2.0157e-24
7580.00   1.8012e-17
7582.00   6.3150e-21
7584.00   2.5435e-18
7586.00   2.8408e-20
7588.00   2.7798e-20
7590.00   4.6429e-25
7592.00   2.2525e-20
7594.00   5.5371e-20
7596.00   3.3392e-21
7598.00   6.9032e-19
7600.00   8.2076e-19
7602.00   4.8379e-20
7604.00   9.6631e-20
7606.00   3.3165e-20
7608.00   1.6779e-22
7610.00   9.4241e-19
7612.00   1.8941e-25
7614.00   3.5145e-18
7616.00   2.4084e-18
7618.00   4.6917e-18
7620.00   4.3866e-18
7622.00   3.1054e-20
7624.00   1.6795e-22
7626.00   1.6839e-22
7628.00   6.3979e-26
7630.00   2.1854e-21
7632.00   1.5366e-20
7634.00   1.1437e-20
7636.00   2.1856e-22
7638.00   4.9993e-17
7640.00   1.7864e-20
7642.00   1.7180e-19
7644.00   1.4135e-19
7646.00   2.9717e-18
7648.00   1.1085e-17
7650.00   2.7283e-20
7652.00   4.4186e-21
7654.00   4.4981e-18
7656.00   3.9679e-18
7658.00   9.7579e-17
7660.00   2.7915e-17
7662.00   7.2847e-24
7664.00   1.5729e-21
7666.00   9.5312e-21
7668.00   2.2017e-20
7670.00   9.1979e-23
7672.00   2.6028e-20
7674.00   1.7018e-20
7676.00   3.0976e-19
7678.00   3.9884e-20
7680.00   4.7991e-25
7682.00   3.4187e-24
7684.00   3.4105e-22
7686.00   1.6332e-17
7688.00   2.2848e-19
7690.00   5.1030e-17
7692.00   7.0221e-20
7694.00   3.3649e-18
7696.00   1.4954e-20
7698.00   1.3022e-17
7700.00   1.6706e-18
7702.00   1.0772e-18
7704.00   1.3607e-24
7706.00   4.2782e-19
7708.00   2.7734e-19
7710.00   5.3436e-19
7712.00   1.9076e-16
7714.00   6.8796e-19
7716.00   6.6032e-22
7718.00   4.7954e-23
7720.00   1.3424e-19
7722.00   6.1994e-23
7724.00   1.4616e-21
7726.00   1.3994e-21
7728.00   2.1853e-23
7730.00   2.4168e-19
7732.00   4.9520e-21
7734.00   1.0922e-20
7736.00   5.5035e-23
7738.00   2.9504e-17
7740.00   4.6597e-18
7742.00   3.4958e-17
7744.00   2.8762e-22
7746.00   7.3021e-20
7748.00   9.9741e-20
7750.00   1.2394e-23
7752.00   7.2300e-22
7754.00   7.7407e-23
7756.00   4.5334e-21
7758.00   2.8863e-18
7760.00   9.9102e-24
7762.00   1.7790e-19
7764.00   1.0385e-19
7766.00   2.2848e-19
7768.00   1.5093e-23
7770.00   3.2587e-27
7772.00   1.7172e-22
7774.00   6.8754e-19
7776.00   2.7402e-23
7778.00   1.2964e-20
7780.00   6.7559e-23
7782.00   1.6006e-21
7784.00   1.0420e-18
7786.00   3.4106e-24
7788.00   2.0865e-19
7790.00   2.3479e-21
7792.00   4.3895e-18
7794.00   4.4609e-19
7796.00   2.2348e-25
7798.00   1.3089e-17
7800.00   1.4352e-24
7802.00   3.3026e-17
7804.00   2.8594e-19
7806.00   6.3761e-17
7808.00   6.8255e-19
7810.00   1.3411e-21
7812.00   1.7975e-20
7814.00   7.2473e-17
7816.00   2.0798e-19
7818.00   2.1328e-19
7820.00   8.6179e-20
7822.00   5.0039e-22
7824.00   2.8537e-19
7826.00   2.2016e-19
7828.00   1.3369e-23
7830.00   8.4739e-18
7832.00   1.0646e-16
7834.00   1.3405e-18
7836.00   2.7057e-17
7838.00   5.2338e-21
7840.00   1.2871e-18
7842.00   1.1114e-18
7844.00   1.4712e-18
7846.00   2.2931e-19
7848.00   2.9420e-19
7850.00   1.2907e-25
7852.00   2.5832e-19
7854.00   6.0661e-22
7856.00   7.7134e-20
7858.00   1.3552e-24
7860.00   6.6056e-19
7862.00   1.0964e-19
7864.00   4.6800e-22
7866.00   1.7428e-16
7868.00   6.4889e-21
7870.00   3.2240e-19
7872.00   8.0708e-17
7874.00   1.2857e-20
7876.00   6.3825e-22
7878.00   8.7464e-22
7880.00   6.4987e-21
7882.00   4.8410e-19
7884.00   9.2818e-22
7886.00   7.2999e-18
7888.00   7.4997e-22
7890.00   5.3173e-24
7892.00   8.9550e-19
7894.00   1.0059e-16
7896.00   7.9898e-21
7898.00   1.0340e-16
7900.00   9.2115e-20
7902.00   3.6724e-22
7904.00   1.2511e-19
7906.00   4.4031e-20
7908.00   1.7722e-22
7910.00   5.3801e-25
7912.00   9.1039e-23
7914.00   1.2449e-17
7916.00   1.9148e-20
7918.00   2.1648e-16
7920.00   1.2751e-26
7922.00   5.4672e-19
7924.00   2.4791e-25
7926.00   3.4355e-18
7928.00   8.2640e-22
7930.00   2.7667e-18
7932.00   1.7705e-22
7934.00   3.7495e-18
7936.00   3.5110e-22
7938.00   2.5279e-18
7940.00   6.8577e-20
7942.00   5.1365e-20
7944.00   3.4532e-27
7946.00   8.9903e-22
7948.00   1.9982e-18
7950.00   8.2559e-22
7952.00   2.9165e-18
7954.00   7.1208e-20
7956.00   1.6412e-17
7958.00   4.9296e-22
7960.00   2.0551e-26
7962.00   3.6773e-23
7964.00   2.0418e-24
7966.00   6.5548e-21
7968.00   2.4202e-19
7970.00   1.1972e-18
7972.00   3.3538e-22
7974.00   3.4825e-18
7976.00   5.6099e-17
7978.00   8.5337e-19
7980.00   2.9500e-19
7982.00   5.8385e-17
7984.00   8.3662e-21
7986.00   3.0215e-19
7988.00   7.3264e-20
7990.00   3.4007e-21
7992.00   2.1056e-21
7994.00   2.0327e-20
7996.00   3.1922e-18
7998.00   1.0533e-18
8000.00   6.0452e-23
8002.00   3.8820e-21
8004.00   5.9015e-21
8006.00   4.2038e-20
8008.00   4.4205e-19
8010.00   4.7094e-21
8012.00   1.6059e-18
8014.00   8.0197e-20
8016.00   2.0494e-19
8018.00   3.2881e-18
8020.00   7.8667e-22
8022.00   4.7406e-20
8024.00   9.2822e-19
8026.00   1.4417e-21
8028.00   9.5598e-20
8030.00   6.1153e-17
8032.00   2.3296e-19
8034.00   9.5353e-22
8036.00   3.3879e-19
8038.00   5.1384e-18
8040.00   7.2940e-22
8042.00   2.3059e-18
8044.00   1.3721e-19
8046.00   3.7797e-26
8048.00   1.4523e-20
8050.00   1.8333e-19
8052.00   1.2559e-19
8054.00   7.9812e-17
8056.00   1.2497e-25
8058.00   1.6390e-22
8060.00   8.8136e-18
8062.00   1.2661e-19
8064.00   7.6009e-18
8066.00   2.8522e-23
8068.00   5.9200e-19
8070.00   1.6681e-19
8072.00   8.0129e-26
8074.00   3.9097e-18
8076.00   9.6508e-18
8078.00   1.1442e-19
8080.00   1.8497e-18
8082.00   7.3419e-25
8084.00   5.4753e-17
8086.00   2.9610e-19
8088.00   4.1286e-21
8090.00   1.8565e-20
8092.00   8.3905e-19
8094.00   7.6281e-19
8096.00   1.6226e-18
8098.00   4.4248e-21
8100.00   2.6690e-26
8102.00   1.3918e-21
8104.00   9.0427e-19
8106.00   4.0114e-19
8108.00   4.4943e-18
8110.00   2.2196e-21
8112.00   1.6141e-19
8114.00   2.3371e-20
8116.00   2.0850e-24
8118.00   1.1550e-19
8120.00   4.9373e-20
8122.00   2.4003e-21
8124.00   5.7140e-19
8126.00   1.7574e-20
8128.00   1.1976e-18
8130.00   1.0009e-19
8132.00   4.6098e-19
8134.00   6.7328e-22
8136.00   5.0522e-17
8138.00   3.9460e-25
8140.00   3.0507e-20
8142.00   1.8737e-20
8144.00   1.0273e-19
8146.00   3.5441e-19
8148.00   1.3827e-18
8150.00   2.8614e-22
8152.00   1.4615e-18
8154.00   3.2647e-21
8156.00   1.5684e-21
8158.00   3.2037e-19
8160.00   6.5385e-18
8162.00   4.5820e-24
8164.00   3.3759e-19
8166.00   1.1996e-24
8168.00   1.1584e-18
8170.00   9.1176e-23
8172.00   6.4137e-21
8174.00   4.8259e-19
8176.00   8.4477e-27
8178.00   5.7101e-20
8180.00   8.9329e-24
8182.00   3.2823e-20
8184.00   5.8645e-20
8186.00   2.9567e-19
8188.00   4.1332e-23
8190.00   9.1773e-19
8192.00   6.8041e-20
8194.00   2.7508e-20
8196.00   6.2156e-22
8198.00   6.3867e-20
8200.00   3.1274e-20
8202.00   2.3022e-19
8204.00   4.0645e-19
8206.00   1.9425e-18
8208.00   1.2587e-17
8210.00   1.3958e-17
8212.00   2.4615e-18
8214.00   3.3082e-21
8216.00   9.2557e-19
8218.00   3.5844e-20
8220.00   4.6822e-20
8222.00   9.1222e-18
8224.00   2.4918e-23
8226.00   2.2695e-22
8228.00   2.8100e-16
8230.00   3.6616e-21
8232.00   6.2595e-21
8234.00   6.7046e-19
8236.00   1.4334e-23
8238.00   1.1975e-18
8240.00   1.0718e-20
8242.00   3.3649e-18
8244.00   1.7962e-24
8246.00   1.2598e-19
8248.00   6.4661e-18
8250.00   5.1483e-17
8252.00   1.1043e-20
8254.00   1.6869e-19
8256.00   5.4054e-21
8258.00   7.0699e-19
8260.00   2.5068e-18
8262.00   1.6872e-19
8264.00   1.0715e-17
8266.00   2.2407e-21
8268.00   1.8749e-22
8270.00   2.8468e-21
8272.00   9.3418e-20
8274.00   9.0671e-19
8276.00   1.5003e-18
8278.00   5.9714e-20
8280.00   8.8652e-21
8282.00   4.9426e-21
8284.00   9.0978e-18
8286.00   8.3284e-21
8288.00   4.9982e-16
8290.00   5.5852e-18
8292.00   1.9970e-22
8294.00   2.3786e-19
8296.00   5.2739e-20
8298.00   2.9045e-20
8300.00   1.3069e-17
8302.00   7.1264e-17
8304.00   4.2979e-19
8306.00   3.9665e-17
8308.00   5.9391e-19
8310.00   4.4499e-18
8312.00   4.7206e-21
8314.00   5.9621e-19
8316.00   2.3623e-19
8318.00   5.1241e-25
8320.00   4.7485e-20
8322.00   3.9443e-18
8324.00   8.7953e-19
8326.00   1.7461e-26
8328.00   6.4873e-22
8330.00   2.3848e-19
8332.00   7.5409e-22
8334.00   9.6482e-19
8336.00   2.1418e-21
8338.00   7.1110e-19
8340.00   7.4290e-19
8342.00   1.5722e-20
8344.00   2.5276e-19
8346.00   5.7626e-20
8348.00   3.8144e-20
8350.00   3.7014e-23
8352.00   2.2072e-19
8354.00   2.1865e-20
8356.00   6.5545e-19
8358.00   7.3614e-17
8360.00   3.3565e-22
8362.00   3.4123e-24
8364.00   4.9872e-23
8366.00   7.1453e-18
8368.00   4.6338e-17
8370.00   3.0056e-23
8372.00   4.7334e-18
8374.00   3.3981e-20
8376.00   3.8189e-19
8378.00   1.3643e-19
8380.00   2.6019e-25
8382.00   7.5849e-19
8384.00   1.5158e-26
8386.00   8.0273e-18
8388.00   3.1945e-20
8390.00   5.1575e-19
8392.00   2.0127e-18
8394.00   7.9389e-25
8396.00   7.3271e-19
8398.00   6.5041e-17
8400.00   5.9744e-21
8402.00   9.9925e-22
8404.00   1.0035e-17
8406.00   8.5519e-20
8408.00   1.0249e-19
8410.00   3.2538e-20
8412.00   7.1145e-21
8414.00   1.2253e-18
8416.00   2.0553e-19
8418.00   5.2677e-23
8420.00   9.9275e-18
8422.00   2.4602e-20
8424.00   5.1346e-17
8426.00   4.1643e-26
8428.00   3.5392e-21
8430.00   3.2513e-22
8432.00   1.3249e-19
8434.00   5.9028e-20
8436.00   9.0857e-21
8438.00   2.8620e-20
8440.00   1.1838e-19
8442.00   3.2283e-24
8444.00   8.5216e-18
8446.00   6.4816e-22
8448.00   5.3242e-21
8450.00   5.3215e-23
8452.00   9.3211e-19
8454.00   1.4052e-18
8456.00   6.2740e-23
8458.00   5.1499e-21
8460.00   5.0843e-22
8462.00   1.5017e-23
8464.00   4.8557e-22
8466.00   6.5677e-20
8468.00   7.4554e-19
8470.00   2.9399e-17
8472.00   3.3984e-18
8474.00   4.6864e-19
8476.00   1.0213e-20
8478.00   1.0387e-20
8480.00   3.0282e-19
8482.00   1.4182e-19
8484.00   2.7904e-19
8486.00   2.1064e-18
8488.00   3.4756e-23
8490.00   1.4626e-16
8492.00   9.9354e-19
8494.00   1.1110e-20
8496.00   1.8408e-19
8498.00   4.0528e-19
8500.00   7.4067e-17
8502.00   1.2341e-23
8504.00   1.7236e-17
8506.00   8.3511e-18
8508.00   2.7062e-17
8510.00   2.8342e-24
8512.00   4.7633e-21
8514.00   1.5253e-19
8516.00   2.5115e-22
8518.00   5.0434e-18
8520.00   4.5225e-24
8522.00   1.6962e-21
8524.00   8.5972e-19
8526.00   5.2235e-22
8528.00   1.4729e-19
8530.00   1.1725e-19
8532.00   2.9717e-20
8534.00   4.4962e-22
8536.00   3.9108e-21
8538.00   8.4897e-23
8540.00   2.0305e-21
8542.00   1.8486e-22
8544.00   2.0486e-19
8546.00   5.7194e-18
8548.00   3.5231e-19
8550.00   4.2365e-19
8552.00   9.4073e-21
8554.00   1.8277e-18
8556.00   2.7787e-19
8558.00   4.4497e-19
8560.00   7.6190e-27
8562.00   4.1214e-24
8564.00   1.1730e-19
8566.00   9.6322e-21
8568.00   2.4498e-20
8570.00   2.0847e-20
8572.00   1.1002e-19
8574.00   4.8259e-19
8576.00   4.6316e-19
8578.00   8.7720e-21
8580.00   3.0256e-19
8582.00   7.3602e-20
8584.00   1.5125e-21
8586.00   2.8732e-22
8588.00   1.9808e-23
8590.00   3.3704e-19
8592.00   1.8068e-20
8594.00   2.3923e-20
8596.00   1.9805e-17
8598.00   4.6597e-20
8600.00   1.7139e-18
8602.00   3.5927e-19
8604.00   2.3124e-19
8606.00   4.4763e-18
8608.00   3.0806e-24
8610.00   9.3952e-24
8612.00   1.5415e-19
8614.00   8.3190e-25
8616.00   7.5709e-19
8618.00   1.6187e-21
8620.00   2.0583e-20
8622.00   9.6958e-21
8624.00   9.1480e-22
8626.00   3.8212e-18
8628.00   4.2963e-19
8630.00   5.6361e-20
8632.00   3.4840e-23
8634.00   1.6861e-19
8636.00   5.0322e-19
8638.00   1.8017e-21
8640.00   2.0273e-21
8642.00   3.7309e-18
8644.00   1.9941e-22
8646.00   2.2607e-24
8648.00   9.5562e-24
8650.00   1.0163e-17
8652.00   3.3891e-24
8654.00   5.1447e-19
8656.00   5.9582e-19
8658.00   2.8457e-25
8660.00   1.6997e-23
8662.00   1.9811e-21
8664.00   1.6994e-19
8666.00   1.2818e-20
8668.00   3.9707e-20
8670.00   2.2652e-19
8672.00   5.9861e-18
8674.00   1.4602e-23
8676.00   2.5986e-19
8678.00   8.9038e-19
8680.00   7.7338e-26
8682.00   3.7514e-24
8684.00   6.0745e-18
8686.00   3.8000e-24
8688.00   9.9896e-23
8690.00   6.9961e-19
8692.00   9.2662e-22
8694.00   9.7550e-23
8696.00   5.3298e-18
8698.00   4.6335e-26
8700.00   3.1451e-21
8702.00   1.5800e-21
8704.00   3.7180e-19
8706.00   1.0072e-18
8708.00   4.7651e-20
8710.00   2.2864e-25
8712.00   1.1229e-24
8714.00   7.9849e-19
8716.00   1.8018e-19
8718.00   1.4212e-20
8720.00   1.0998e-19
8722.00   6.8309e-17
8724.00   3.7085e-22
8726.00   3.1112e-25
8728.00   7.0281e-22
8730.00   1.6661e-23
8732.00   3.2124e-19
8734.00   5.2351e-20
8736.00   2.0952e-19
8738.00   2.2863e-25
8740.00   3.3599e-18
8742.00   1.4327e-23
8744.00   1.3246e-19
8746.00   1.3404e-18
8748.00   3.2170e-21
8750.00   3.2721e-18
8752.00   1.8060e-19
8754.00   4.3991e-20
8756.00   7.9932e-18
8758.00   8.0474e-18
8760.00   1.9340e-21
8762.00   4.6174e-18
8764.00   2.2152e-19
8766.00   1.3130e-21
8768.00   3.0694e-26
8770.00   3.9591e-24
8772.00   1.7537e-21
8774.00   1.5196e-22
8776.00   1.0111e-18
8778.00   4.0954e-25
8780.00   4.7056e-24
8782.00   2.3707e-21
8784.00   2.5488e-21
8786.00   5.9455e-26
8788.00   1.2782e-21
8790.00   4.1839e-22
8792.00   9.6818e-21
8794.00   3.5730e-18
8796.00   5.0551e-20
8798.00   5.7275e-21
8800.00   3.1681e-25
8802.00   2.8148e-27
8804.00   6.3730e-22
8806.00   7.6610e-18
8808.00   2.5258e-23
8810.00   6.5181e-19
8812.00   3.3899e-23
8814.00   4.0077e-21
8816.00   1.2383e-16
8818.00   4.8727e-21
8820.00   4.2909e-19
8822.00   1.1837e-24
8824.00   3.6159e-18
8826.00   2.9373e-19
8828.00   1.4989e-17
8830.00   1.5331e-22
8832.00   3.4404e-24
8834.00   5.6738e-21
8836.00   5.7047e-22
8838.00   1.7546e-19
8840.00   2.0342e-23
8842.00   6.3807e-21
8844.00   8.0791e-20
8846.00   1.4365e-19
8848.00   9.1881e-18
8850.00   1.1145e-19
8852.00   8.4374e-21
8854.00   4.2541e-20
8856.00   3.0554e-21
8858.00   2.5843e-22
8860.00   3.1523e-18
8862.00   1.3279e-20
8864.00   7.9770e-20
8866.00   5.1433e-27
8868.00   4.9756e-17
8870.00   2.4146e-19
8872.00   1.1026e-26
8874.00   7.8995e-17
8876.00   2.1568e-21
8878.00   3.4393e-24
8880.00   5.5010e-25
8882.00   5.6973e-20
8884.00   9.7680e-22
8886.00   8.7750e-20
8888.00   1.2979e-24
8890.00   1.5599e-18
8892.00   1.7140e-18
8894.00   1.6553e-22
8896.00   9.2857e-23
8898.00   2.7781e-18
8900.00   1.3120e-23
8902.00   6.6977e-20
8904.00   6.4432e-23
8906.00   4.9167e-22
8908.00   2.3218e-20
8910.00   1.4038e-22
8912.00   2.6486e-19
8914.00   9.5086e-25
8916.00   6.5882e-24
8918.00   1.4447e-20
8920.00   4.2769e-17
8922.00   2.6639e-19
8924.00   2.9648e-20
8926.00   1.6036e-15
8928.00   4.0054e-22
8930.00   4.8061e-26
8932.00   2.4877e-21
8934.00   1.2449e-19
8936.00   4.0424e-26
8938.00   7.6521e-17
8940.00   1.5882e-21
8942.00   4.3638e-23
8944.00   1.0245e-18
8946.00   5.5478e-20
8948.00   1.1543e-22
8950.00   4.3872e-19
8952.00   6.2225e-25
8954.00   4.9535e-25
8956.00   2.1228e-17
8958.00   4.7027e-23
8960.00   4.1082e-18
8962.00   6.7868e-22
8964.00   2.5304e-23
8966.00   3.0653e-19
8968.00   2.1445e-19
8970.00   6.6276e-23
8972.00   1.5757e-20
8974.00   3.5329e-26
8976.00   3.8349e-22
8978.00   1.7950e-27
8980.00   1.9025e-21
8982.00   1.6448e-18
8984.00   1.1946e-24
8986.00   1.3031e-20
8988.00   2.7382e-20
8990.00   3.0637e-18
8992.00   1.0737e-23
8994.00   5.4506e-20
8996.00   1.9217e-24
8998.00   2.0899e-24
9000.00   8.2566e-20
9002.00   5.6109e-20
9004.00   3.3396e-25
9006.00   1.0315e-17
9008.00   2.0567e-25
9010.00   2.2080e-20
9012.00   1.1452e-22
9014.00   6.8245e-18
9016.00   1.8176e-25
9018.00   4.7197e-26
9020.00   8.6793e-19
9022.00   6.4816e-25
9024.00   5.3537e-20
9026.00   6.5049e-20
9028.00   2.0722e-18
9030.00   7.3096e-21
9032.00   1.1023e-21
9034.00   1.4594e-20
9036.00   6.9025e-19
9038.00   1.6028e-18
9040.00   8.1656e-26
9042.00   4.7463e-20
9044.00   1.7320e-22
9046.00   1.1518e-26
9048.00   1.3465e-18
9050.00   1.0848e-18
9052.00   5.7819e-18
9054.00   5.3553e-24
9056.00   1.9909e-18
9058.00   1.5092e-18
9060.00   3.3758e-19
9062.00   4.8525e-17
9064.00   9.3764e-22
9066.00   5.4653e-20
9068.00   2.0794e-22
9070.00   2.9882e-17
9072.00   6.7534e-21
9074.00   1.6728e-19
9076.00   3.0141e-17
9078.00   3.4956e-17
9080.00   2.0183e-18
9082.00   9.3016e-20
9084.00   8.9811e-20
9086.00   5.7236e-24
9088.00   8.5537e-21
9090.00   1.4103e-17
9092.00   1.0952e-21
9094.00   1.6989e-25
9096.00   5.7325e-17
9098.00   4.2313e-20
9100.00   4.7038e-20
9102.00   2.3707e-21
9104.00   1.0908e-19
9106.00   1.1198e-19
9108.00   2.7651e-26
9110.00   1.9123e-20
9112.00   5.9352e-20
9114.00   2.8472e-20
9116.00   4.9155e-18
9118.00   3.3098e-20
9120.00   4.1364e-26
9122.00   4.6844e-17
9124.00   1.6379e-25
9126.00   3.2210e-18
9128.00   6.9604e-21
9130.00   6.1757e-19
9132.00   1.2173e-18
9134.00   3.1101e-20
9136.00   5.0543e-20
9138.00   9.2401e-20
9140.00   2.7046e-23
9142.00   6.2625e-23
9144.00   6.8504e-23
9146.00   3.1109e-19
9148.00   3.6936e-25
9150.00   3.8993e-22
9152.00   7.9901e-21
9154.00   1.2030e-19
9156.00   3.4109e-17
9158.00   4.3186e-26
9160.00   5.2063e-22
9162.00   1.0414e-25
9164.00   2.4926e-18
9166.00   9.7344e-24
9168.00   5.3678e-19
9170.00   1.2702e-19
9172.00   1.7575e-17
9174.00   1.2552e-25
9176.00   7.2719e-17
9178.00   3.3904e-17
9180.00   2.4222e-17
9182.00   6.4158e-20
9184.00   8.6868e-22
9186.00   6.5748e-26
9188.00   7.9089e-17
9190.00   4.1334e-22
9192.00   5.9515e-19
9194.00   4.0972e-19
9196.00   2.2459e-17
9198.00   7.5040e-22
9200.00   8.2848e-19
9202.00   1.6928e-17
9204.00   1.6136e-16
9206.00   1.5709e-23
9208.00   6.9229e-23
9210.00   2.2168e-17
9212.00   3.1274e-21
9214.00   6.7928e-20
9216.00   2.7271e-22
9218.00   2.3174e-26
9220.00   1.3221e-21
9222.00   1.3797e-19
9224.00   1.5498e-20
9226.00   4.5373e-20
9228.00   6.0793e-20
9230.00   4.6805e-25
9232.00   4.3869e-20
9234.00   1.5511e-20
9236.00   4.8344e-26
9238.00   5.8674e-18
9240.00   4.1801e-21
9242.00   9.8815e-18
9244.00   2.0053e-20
9246.00   8.1552e-21
9248.00   8.5337e-18
9250.00   1.7636e-20
9252.00   6.9311e-17
9254.00   3.2410e-21
9256.00   1.0362e-25
9258.00   5.5118e-17
9260.00   1.2194e-23
9262.00   4.2623e-28
9264.00   4.3776e-20
9266.00   5.7545e-23
9268.00   1.8321e-19
9270.00   4.6352e-22
9272.00   1.5838e-17
9274.00   7.1256e-18
9276.00   3.5826e-26
9278.00   2.8946e-24
9280.00   6.2126e-28
9282.00   9.7325e-20
9284.00   8.8582e-21
9286.00   1.2776e-19
9288.00   1.2685e-23
9290.00   1.8073e-17
9292.00   8.6890e-27
9294.00   3.9886e-21
9296.00   6.2618e-16
9298.00   2.0954e-18
9300.00   3.5953e-21
9302.00   1.4439e-26
9304.00   4.5348e-17
9306.00   1.5673e-20
9308.00   3.0210e-21
9310.00   1.8831e-20
9312.00   4.6029e-22
9314.00   7.2977e-23
9316.00   1.3178e-16
9318.00   2.9292e-23
9320.00   4.6735e-18
9322.00   5.4160e-19
9324.00   6.6458e-18
9326.00   7.1186e-18
9328.00   1.8979e-17
9330.00   3.5515e-21
9332.00   1.9233e-25
9334.00   1.7970e-23
9336.00   2.8682e-20
9338.00   4.4954e-21
9340.00   4.5405e-23
9342.00   5.9104e-18
9344.00   2.8158e-27
9346.00   7.4373e-22
9348.00   5.1117e-19
9350.00   4.7731e-18
9352.00   1.2238e-19
9354.00   6.8784e-26
9356.00   9.3581e-19
9358.00   7.1749e-18
9360.00   1.8086e-24
9362.00   5.7397e-21
9364.00   1.8011e-24
9366.00   1.3114e-20
9368.00   1.6610e-17
9370.00   2.2368e-25
9372.00   6.0286e-20
9374.00   2.0657e-19
9376.00   7.2271e-18
9378.00   1.2734e-21
9380.00   7.6882e-21
9382.00   1.1346e-20
9384.00   4.6962e-20
9386.00   5.1477e-21
9388.00   7.4227e-18
9390.00   1.9409e-21
9392.00   6.5057e-19
9394.00   9.9028e-21
9396.00   1.4326e-27
9398.00   5.7542e-26
9400.00   2.9713e-20
9402.00   5.8911e-23
9404.00   2.2975e-21
9406.00   1.3951e-20
9408.00   1.4063e-17
9410.00   6.5806e-18
9412.00   1.2456e-19
9414.00   2.6849e-20
9416.00   1.2390e-24
9418.00   5.2493e-17
9420.00   3.4249e-21
9422.00   6.5344e-21
9424.00   8.2558e-21
9426.00   1.7341e-19
9428.00   2.2421e-16
9430.00   1.7271e-20
9432.00   5.3148e-17
9434.00   7.9628e-28
9436.00   1.4572e-17
9438.00   9.8222e-20
9440.00   1.1576e-19
9442.00   5.7278e-19
9444.00   4.7108e-25
9446.00   2.4175e-19
9448.00   6.5987e-22
9450.00   4.5142e-24
9452.00   1.2400e-19
9454.00   2.2032e-25
9456.00   1.7033e-20
9458.00   4.8347e-21
9460.00   3.5150e-24
9462.00   5.2531e-22
9464.00   3.1982e-18
9466.00   4.8853e-20
9468.00   1.0376e-19
9470.00   1.3983e-19
9472.00   3.9491e-21
9474.00   3.3772e-17
9476.00   2.9683e-20
9478.00   1.2266e-20
9480.00   1.3054e-25
9482.00   4.6009e-20
9484.00   4.7437e-23
9486.00   1.9946e-22
9488.00   8.0093e-25
9490.00   1.0562e-20
9492.00   4.1781e-20
9494.00   2.6029e-27
9496.00   5.8954e-20
9498.00   9.1497e-17
9500.00   3.7361e-20
9502.00   4.1910e-25
9504.00   3.4501e-21
9506.00   1.1117e-25
9508.00   5.5358e-21
9510.00   7.0120e-17
9512.00   1.4182e-25
9514.00   1.5931e-19
9516.00   1.3950e-23
9518.00   1.5832e-20
9520.00   3.7973e-19
9522.00   4.1620e-22
9524.00   3.1319e-19
9526.00   2.1781e-18
9528.00   1.2068e-17
9530.00   8.9824e-23
9532.00   4.1381e-17
9534.00   1.0156e-16
9536.00   6.7239e-19
9538.00   2.6979e-24
9540.00   3.4797e-20
9542.00   6.5293e-19
9544.00   5.1006e-26
9546.00   2.5824e-19
9548.00   2.5308e-20
9550.00   6.4148e-18
9552.00   1.3411e-19
9554.00   3.5959e-22
9556.00   2.7843e-15
9558.00   4.2465e-19
9560.00   9.1535e-17
9562.00   7.4997e-27
9564.00   3.3602e-19
9566.00   7.3136e-19
9568.00   3.1133e-19
9570.00   5.5357e-18
9572.00   2.5293e-16
9574.00   2.1043e-21
9576.00   3.4143e-25
9578.00   2.1466e-20
9580.00   1.5903e-19
9582.00   8.2495e-21
9584.00   9.6565e-26
9586.00   4.5028e-21
9588.00   1.5084e-24
9590.00   1.7968e-18
9592.00   1.5544e-19
9594.00   9.4625e-23
9596.00   8.8009e-19
9598.00   5.3607e-19
9600.00   9.2522e-22
9602.00   2.3588e-20
9604.00   1.3802e-26
9606.00   6.0164e-18
9608.00   9.4335e-21
9610.00   4.9808e-20
9612.00   5.4985e-21
9614.00   9.9382e-18
9616.00   3.3053e-26
9618.00   6.9170e-17
9620.00   6.6002e-23
9622.00   1.1303e-25
9624.00   3.7437e-26
9626.00   2.8800e-26
9628.00   2.6949e-26
9630.00   3.0644e-20
9632.00   4.6879e-20
9634.00   9.8839e-18
9636.00   2.0240e-23
9638.00   4.1509e-19
9640.00   7.2216e-21
9642.00   7.7151e-21
9644.00   8.1271e-26
9646.00   2.8934e-20
9648.00   8.0943e-24
9650.00   1.6891e-23
9652.00   7.3111e-20
9654.00   9.8174e-28
9656.00   5.7180e-17
9658.00   1.9770e-23
9660.00   4.8996e-22
9662.00   8.7845e-18
9664.00   1.6749e-19
9666.00   6.0788e-26
9668.00   5.8905e-23
9670.00   7.2207e-19
9672.00   5.6435e-19
9674.00   2.9341e-21
9676.00   2.7183e-19
9678.00   2.8616e-21
9680.00   8.6811e-17
9682.00   3.1441e-19
9684.00   2.9718e-20
9686.00   1.9604e-21
9688.00   3.9235e-26
9690.00   3.9018e-24
9692.00   8.7467e-25
9694.00   8.1030e-26
9696.00   2.3572e-19
9698.00   6.1776e-24
9700.00   2.2045e-20
9702.00   1.6787e-26
9704.00   2.3723e-20
9706.00   7.3689e-23
9708.00   4.2281e-25
9710.00   2.7304e-25
9712.00   1.9273e-20
9714.00   7.9849e-20
9716.00   3.8038e-25
9718.00   1.6111e-18
9720.00   1.8648e-23
9722.00   4.5337e-20
9724.00   6.3861e-21
9726.00   3.1270e-25
9728.00   3.5983e-23
9730.00   8.8283e-20
9732.00   1.7049e-20
9734.00   1.8669e-22
9736.00   3.5720e-19
9738.00   6.2579e-20
9740.00   5.6622e-22
9742.00   5.3031e-19
9744.00   1.7047e-18
9746.00   5.6389e-18
9748.00   8.7327e-20
9750.00   1.7796e-18
9752.00   1.0842e-25
9754.00   8.4903e-22
9756.00   9.2776e-20
9758.00   2.7852e-27
9760.00   2.6303e-23
9762.00   1.4412e-25
9764.00   2.8031e-19
9766.00   4.0763e-18
9768.00   5.9038e-21
9770.00   2.3955e-22
9772.00   5.5294e-23
9774.00   1.8226e-24
9776.00   4.0034e-26
9778.00   1.7504e-24
9780.00   6.0338e-21
9782.00   2.6519e-19
9784.00   2.4729e-27
9786.00   3.4242e-24
9788.00   7.2856e-18
9790.00   1.8229e-22
9792.00   1.5247e-24
9794.00   5.2129e-22
9796.00   3.5802e-18
9798.00   4.8920e-20
9800.00   8.0317e-20
9802.00   7.1613e-24
9804.00   3.4876e-22
9806.00   1.0005e-18
9808.00   1.2146e-18
9810.00   4.7210e-21
9812.00   1.0083e-16
9814.00   2.6770e-25
9816.00   7.6239e-19
9818.00   3.0031e-25
9820.00   1.4935e-22
9822.00   3.4945e-23
9824.00   5.8252e-23
9826.00   4.7663e-19
9828.00   2.0785e-20
9830.00   1.8010e-21
9832.00   5.9301e-29
9834.00   5.0970e-25
9836.00   3.1820e-26
9838.00   1.0723e-20
9840.00   1.9689e-26
9842.00   7.4827e-20
9844.00   3.2271e-18
9846.00   5.4424e-22
9848.00   6.8341e-18
9850.00   3.4359e-18
9852.00   4.3860e-24
9854.00   2.1763e-23
9856.00   4.2217e-26
9858.00   4.0126e-22
9860.00   8.3804e-23
9862.00   9.9611e-20
9864.00   8.2215e-24
9866.00   9.0968e-25
9868.00   1.4647e-17
9870.00   5.9311e-23
9872.00   1.8551e-20
9874.00   5.1118e-20
9876.00   2.2410e-20
9878.00   2.4402e-24
9880.00   9.2534e-18
9882.00   4.1357e-18
9884.00   8.9360e-23
9886.00   8.8836e-25
9888.00   2.3284e-23
9890.00   2.4171e-26
9892.00   6.6222e-23
9894.00   9.3890e-17
9896.00   8.3471e-18
9898.00   1.3616e-22
9900.00   5.3492e-18
9902.00   7.3847e-23
9904.00   4.6881e-18
9906.00   4.6681e-19
9908.00   2.2806e-18
9910.00   7.7794e-18
9912.00   5.6866e-18
9914.00   5.8580e-25
9916.00   1.2998e-21
9918.00   1.2244e-23
9920.00   1.4441e-18
9922.00   5.7048e-21
9924.00   8.2894e-20
9926.00   1.4910e-22
9928.00   1.5164e-26
9930.00   9.7209e-27
9932.00   1.4435e-20
9934.00   9.6163e-22
9936.00   2.3380e-21
9938.00   1.9833e-19
9940.00   2.0932e-21
9942.00   4.6216e-23
9944.00   7.7078e-23
9946.00   1.8055e-17
9948.00   1.1921e-24
9950.00   2.2717e-19
9952.00   5.8752e-26
9954.00   3.1395e-18
9956.00   2.8704e-16
9958.00   3.1615e-20
9960.00   9.3371e-25
9962.00   2.5927e-20
9964.00   1.8061e-25
9966.00   8.4405e-27
9968.00   6.7208e-21
9970.00   2.1456e-20
9972.00   2.6701e-21
9974.00   1.3994e-27
9976.00   4.1598e-18
9978.00   1.5516e-20
9980.00   1.4787e-25
9982.00   2.6211e-19
9984.00   1.7648e-20
9986.00   2.2078e-23
9988.00   7.7783e-28
9990.00   5.8967e-23
9992.00   7.8569e-20
9994.00   6.5843e-21
9996.00   1.1601e-20
9998.00   3.1487e-15
10000.00   3.6775e-23
