1000.00   1.4242e-16
1002.00   1.2101e-16
1004.00   9.8334e-17
1006.00   5.9917e-17
1008.00   4.7848e-17
1010.00   8.8378e-17
1012.00   3.3995e-17
1014.00   1.1308e-16
1016.00   4.3110e-17
1018.00   6.9994e-17
1020.00   9.0537e-17
1022.00   7.1269e-17
1024.00   3.5604e-17
1026.00   1.4538e-17
1028.00   5.3856e-17
1030.00   8.7197e-17
1032.00   6.6913e-17
1034.00   1.2394e-16
1036.00   1.3455e-16
1038.00   6.9330e-17
1040.00   6.7169e-17
1042.00   1.9389e-16
1044.00   1.2295e-16
1046.00   1.9462e-16
1048.00   3.3732e-17
1050.00   1.0626e-16
1052.00   1.3233e-16
1054.00   1.6840e-16
1056.00   3.2197e-16
1058.00   2.2213e-16
1060.00   3.4792e-16
1062.00   3.4350e-16
1064.00   5.7032e-16
1066.00   3.1027e-16
1068.00   6.2247e-16
1070.00   3.3542e-16
1072.00   5.2257e-16
1074.00   1.2599e-15
1076.00   1.1653e-15
1078.00   3.9254e-16
1080.00   1.7519e-16
1082.00   2.3847e-16
1084.00   3.5154e-16
1086.00   2.7557e-16
1088.00   4.2192e-16
1090.00   4.8391e-16
1092.00   3.3719e-16
1094.00   5.7109e-16
1096.00   5.4680e-16
1098.00   6.0147e-16
1100.00   7.7079e-16
1102.00   2.6765e-16
1104.00   2.3948e-16
1106.00   4.1171e-16
1108.00   7.4262e-16
1110.00   6.6731e-16
1112.00   6.2034e-16
1114.00   8.8180e-16
1116.00   6.5839e-16
1118.00   1.1171e-16
1120.00   2.2158e-16
1122.00   4.2837e-16
1124.00   3.4109e-16
1126.00   8.7710e-16
1128.00   6.7218e-16
1130.00   3.7149e-16
1132.00   5.6844e-16
1134.00   6.4535e-16
1136.00   3.3585e-16
1138.00   2.6804e-16
1140.00   5.0528e-16
1142.00   3.9899e-16
1144.00   1.4287e-15
1146.00   1.2855e-15
1148.00   1.8449e-15
1150.00   1.2147e-15
1152.00   7.1330e-16
1154.00   9.3463e-16
1156.00   5.1328e-16
1158.00   9.4784e-16
1160.00   1.2027e-15
1162.00   6.8942e-16
1164.00   6.9502e-16
1166.00   1.0612e-15
1168.00   8.7838e-16
1170.00   9.8150e-16
1172.00   8.8893e-16
1174.00   1.3351e-15
1176.00   6.9930e-16
1178.00   4.9866e-16
1180.00   3.4142e-16
1182.00   6.5177e-16
1184.00   9.1385e-16
1186.00   7.6647e-16
1188.00   1.3725e-15
1190.00   5.9044e-16
1192.00   1.1854e-15
1194.00   5.1022e-16
1196.00   7.1588e-16
1198.00   1.3248e-15
1200.00   6.5409e-16
1202.00   3.7733e-16
1204.00   2.0325e-16
1206.00   1.5453e-16
1208.00   4.8279e-16
1210.00   5.5956e-16
1212.00   4.9669e-16
1214.00   3.0777e-16
1216.00   2.0329e-16
1218.00   3.5187e-16
1220.00   8.5880e-16
1222.00   6.2177e-17
1224.00   4.0177e-16
1226.00   3.5348e-16
1228.00   5.7356e-16
1230.00   1.5529e-16
1232.00   6.6517e-16
1234.00   6.2974e-16
1236.00   3.8735e-16
1238.00   5.6688e-16
1240.00   4.5914e-16
1242.00   7.7227e-16
1244.00   4.9980e-16
1246.00   3.8124e-16
1248.00   3.9778e-16
1250.00   2.5331e-16
1252.00   5.5600e-16
1254.00   4.0165e-16
1256.00   6.2106e-16
1258.00   6.9074e-16
1260.00   5.7290e-16
1262.00   8.9970e-16
1264.00   4.6886e-16
1266.00   1.1277e-15
1268.00   4.0494e-16
1270.00   3.7708e-16
1272.00   7.9105e-16
1274.00   6.3916e-16
1276.00   4.9317e-16
1278.00   4.0387e-16
1280.00   7.1079e-16
1282.00   3.4402e-16
1284.00   4.7881e-16
1286.00   4.1211e-16
1288.00   5.1577e-16
1290.00   8.6498e-16
1292.00   5.7331e-16
1294.00   3.3236e-16
1296.00   7.5099e-16
1298.00   3.5688e-16
1300.00   7.2534e-16
1302.00   5.4540e-16
1304.00   5.3027e-16
1306.00   6.3563e-16
1308.00   4.3945e-16
1310.00   3.3874e-16
1312.00   2.9543e-16
1314.00   6.4653e-16
1316.00   4.6400e-16
1318.00   7.8716e-16
1320.00   7.1510e-16
1322.00   5.8934e-16
1324.00   9.3199e-16
1326.00   3.3681e-16
1328.00   6.6746e-16
1330.00   5.8646e-16
1332.00   5.6118e-16
1334.00   1.8917e-16
1336.00   2.2404e-16
1338.00   3.4753e-16
1340.00   8.1261e-16
1342.00   3.0278e-16
1344.00   2.7697e-16
1346.00   5.1927e-16
1348.00   1.6361e-16
1350.00   4.2216e-16
1352.00   4.9607e-16
1354.00   6.8632e-16
1356.00   3.3313e-16
1358.00   4.8134e-16
1360.00   6.1237e-16
1362.00   7.9557e-16
1364.00   6.6089e-16
1366.00   8.5572e-16
1368.00   5.4241e-16
1370.00   4.2551e-16
1372.00   7.5750e-16
1374.00   1.3081e-15
1376.00   7.5071e-16
1378.00   9.9320e-16
1380.00   7.3411e-16
1382.00   9.2952e-16
1384.00   6.9879e-16
1386.00   5.4204e-16
1388.00   7.2819e-16
1390.00   1.7305e-16
1392.00   5.9135e-16
1394.00   4.9637e-16
1396.00   6.7761e-16
1398.00   4.8620e-16
1400.00   1.2741e-15
1402.00   8.2782e-16
1404.00   8.0020e-16
1406.00   4.2941e-16
1408.00   3.8143e-16
1410.00   4.5281e-16
1412.00   3.7522e-16
1414.00   6.9634e-16
1416.00   1.0514e-15
1418.00   9.4001e-16
1420.00   5.1981e-16
1422.00   2.9534e-16
1424.00   5.4988e-16
1426.00   2.9528e-16
1428.00   6.1838e-16
1430.00   5.4366e-16
1432.00   4.8399e-16
1434.00   4.3866e-16
1436.00   6.4739e-16
1438.00   6.1340e-16
1440.00   6.5855e-16
1442.00   7.4796e-16
1444.00   4.5994e-16
1446.00   3.4206e-16
1448.00   2.5030e-16
1450.00   3.4115e-16
1452.00   3.5952e-16
1454.00   3.6039e-16
1456.00   3.8627e-16
1458.00   2.9561e-16
1460.00   2.1568e-16
1462.00   5.2396e-16
1464.00   3.7412e-16
1466.00   2.2510e-16
1468.00   3.6650e-16
1470.00   3.8199e-16
1472.00   3.7013e-16
1474.00   7.5009e-16
1476.00   3.3033e-16
1478.00   8.8787e-16
1480.00   4.0524e-16
1482.00   1.9613e-16
1484.00   1.0491e-15
1486.00   5.9756e-16
1488.00   4.8647e-16
1490.00   9.1172e-16
1492.00   7.1732e-16
1494.00   6.3490e-16
1496.00   5.2485e-16
1498.00   1.4912e-16
1500.00   2.1416e-16
1502.00   4.2418e-16
1504.00   4.6061e-16
1506.00   6.2416e-16
1508.00   7.0769e-16
1510.00   1.9363e-16
1512.00   6.1815e-16
1514.00   3.8792e-16
1516.00   2.5670e-16
1518.00   9.0087e-17
1520.00   2.8046e-16
1522.00   5.6222e-16
1524.00   3.7114e-16
1526.00   4.1680e-16
1528.00   5.7775e-16
1530.00   7.5012e-17
1532.00   3.6052e-16
1534.00   1.3636e-16
1536.00   8.3798e-17
1538.00   1.7933e-16
1540.00   1.5151e-16
1542.00   1.8515e-16
1544.00   2.0118e-16
1546.00   1.5408e-16
1548.00   3.0175e-16
1550.00   4.8811e-16
1552.00   7.6757e-16
1554.00   2.3610e-16
1556.00   6.4588e-16
1558.00   2.0204e-16
1560.00   3.9061e-16
1562.00   2.5518e-16
1564.00   3.4339e-16
1566.00   3.1268e-16
1568.00   1.7955e-16
1570.00   5.2887e-16
1572.00   8.0684e-16
1574.00   9.6788e-16
1576.00   1.1075e-16
1578.00   6.9255e-16
1580.00   9.3571e-16
1582.00   4.5334e-16
1584.00   2.1561e-16
1586.00   3.9443e-16
1588.00   4.6344e-16
1590.00   1.6216e-16
1592.00   2.5900e-16
1594.00   7.6120e-16
1596.00   2.6975e-16
1598.00   2.6554e-16
1600.00   4.4769e-16
1602.00   4.0900e-16
1604.00   1.9462e-16
1606.00   6.4798e-16
1608.00   3.1360e-16
1610.00   2.4355e-16
1612.00   1.7302e-16
1614.00   3.0187e-16
1616.00   7.2229e-17
1618.00   3.4272e-16
1620.00   2.2484e-16
1622.00   4.2059e-16
1624.00   3.4925e-16
1626.00   4.8565e-16
1628.00   3.8517e-16
1630.00   6.7959e-16
1632.00   4.4722e-16
1634.00   5.3000e-16
1636.00   5.6348e-16
1638.00   4.3990e-16
1640.00   8.4871e-16
1642.00   7.5690e-16
1644.00   4.5562e-16
1646.00   3.7301e-16
1648.00   2.5909e-16
1650.00   6.2749e-16
1652.00   1.4011e-16
1654.00   6.9519e-16
1656.00   4.9746e-16
1658.00   5.4456e-16
1660.00   2.2997e-16
1662.00   2.6865e-16
1664.00   2.4706e-16
1666.00   9.4174e-17
1668.00   1.7035e-16
1670.00   1.2895e-16
1672.00   3.7707e-17
1674.00   3.6959e-16
1676.00   4.4934e-16
1678.00   1.7501e-16
1680.00   2.1826e-16
1682.00   3.5497e-16
1684.00   2.2473e-16
1686.00   2.6293e-16
1688.00   2.5823e-16
1690.00   5.3271e-16
1692.00   1.8411e-16
1694.00   3.0122e-16
1696.00   1.2818e-16
1698.00   3.0791e-16
1700.00   1.6569e-16
1702.00   5.4950e-16
1704.00   3.8144e-16
1706.00   1.7677e-16
1708.00   3.8295e-16
1710.00   9.1856e-16
1712.00   2.5724e-16
1714.00   4.3645e-16
1716.00   6.7602e-16
1718.00   5.6661e-16
1720.00   4.1841e-16
1722.00   4.1413e-16
1724.00   9.9706e-16
1726.00   6.6569e-16
1728.00   1.8973e-16
1730.00   5.3296e-17
1732.00   4.7173e-16
1734.00   1.7601e-16
1736.00   1.0447e-16
1738.00   3.4793e-16
1740.00   5.5406e-17
1742.00   2.7971e-16
1744.00   5.2389e-17
1746.00   3.9067e-16
1748.00   4.1093e-16
1750.00   2.6776e-16
1752.00   4.6977e-17
1754.00   3.7723e-17
1756.00   4.3339e-17
1758.00   2.1537e-16
1760.00   2.9096e-16
1762.00   3.8361e-16
1764.00   2.3270e-16
1766.00   1.0945e-16
1768.00   1.6497e-16
1770.00   2.1549e-16
1772.00   1.5024e-16
1774.00   8.4920e-16
1776.00   2.4479e-16
1778.00   2.4006e-16
1780.00   7.4922e-17
1782.00   3.9975e-16
1784.00   1.9184e-16
1786.00   9.6982e-16
1788.00   5.6991e-16
1790.00   3.4237e-16
1792.00   2.2529e-16
1794.00   6.9312e-16
1796.00   3.7020e-16
1798.00   5.1948e-16
1800.00   4.5630e-17
1802.00   1.3208e-16
1804.00   4.8049e-16
1806.00   3.2214e-16
1808.00   2.9897e-16
1810.00   3.0375e-16
1812.00   2.1370e-16
1814.00   1.2517e-16
1816.00   3.3335e-16
1818.00   1.9064e-16
1820.00   6.4204e-17
1822.00   1.7038e-16
1824.00   3.9578e-16
1826.00   2.2847e-16
1828.00   3.8327e-16
1830.00   3.2563e-16
1832.00   2.6082e-16
1834.00   4.9079e-16
1836.00   3.2574e-16
1838.00   1.6117e-18
1840.00   3.2044e-16
1842.00   2.6113e-16
1844.00   5.0290e-16
1846.00   2.0972e-16
1848.00   4.1519e-16
1850.00   1.0039e-16
1852.00   4.3052e-16
1854.00   1.3902e-16
1856.00   2.7147e-16
1858.00   1.0720e-16
1860.00   2.1663e-16
1862.00   3.2973e-16
1864.00   2.8039e-16
1866.00   1.1399e-16
1868.00   1.7593e-16
1870.00   2.9606e-16
1872.00   2.2378e-16
1874.00   1.4239e-16
1876.00   2.4820e-16
1878.00   3.3765e-16
1880.00   3.2801e-16
1882.00   1.7916e-16
1884.00   6.5647e-16
1886.00   2.6494e-16
1888.00   3.5924e-16
1890.00   1.7543e-16
1892.00   1.3005e-16
1894.00   7.4064e-17
1896.00   2.2771e-16
1898.00   2.8749e-16
1900.00   4.3937e-16
1902.00   2.9299e-16
1904.00   5.0338e-16
1906.00   3.4049e-16
1908.00   1.1025e-16
1910.00   3.4721e-16
1912.00   3.4725e-16
1914.00   8.3127e-17
1916.00   2.6082e-16
1918.00   4.1836e-16
1920.00   3.8967e-16
1922.00   1.0689e-16
1924.00   4.9841e-17
1926.00   5.0475e-16
1928.00   4.4908e-16
1930.00   2.3745e-16
1932.00   2.6743e-16
1934.00   1.8942e-16
1936.00   3.6687e-16
1938.00   5.6025e-17
1940.00   3.7331e-16
1942.00   1.4710e-16
1944.00   4.4809e-16
1946.00   3.2134e-16
1948.00   6.4293e-16
1950.00   9.7736e-17
1952.00   1.5467e-16
1954.00   1.4232e-16
1956.00   3.3217e-16
1958.00   6.4562e-16
1960.00   4.2344e-17
1962.00   3.9166e-16
1964.00   4.3216e-16
1966.00   8.0843e-16
1968.00   8.2976e-16
1970.00   4.1421e-16
1972.00   5.0055e-16
1974.00   2.2365e-16
1976.00   4.3082e-16
1978.00   1.8438e-16
1980.00   1.0314e-16
1982.00   1.1664e-17
1984.00   3.1854e-16
1986.00   3.9799e-16
1988.00   1.5360e-16
1990.00   2.4849e-16
1992.00   1.7475e-16
1994.00   1.9922e-16
1996.00   3.1505e-16
1998.00   3.1495e-17
2000.00   7.5371e-16
2002.00   5.6811e-17
2004.00   3.2656e-16
2006.00   2.1581e-16
2008.00   7.1588e-16
2010.00   3.9351e-16
2012.00   2.5949e-16
2014.00   5.1281e-16
2016.00   4.2094e-16
2018.00   3.3089e-16
2020.00   3.5273e-16
2022.00   5.9857e-17
2024.00   4.1051e-16
2026.00   2.4582e-16
2028.00   2.8871e-16
2030.00   4.6451e-16
2032.00   4.8878e-16
2034.00   3.3991e-16
2036.00   1.4120e-16
2038.00   1.6530e-16
2040.00   4.8032e-16
2042.00   1.6969e-17
2044.00   4.0047e-16
2046.00   3.1664e-17
2048.00   2.9134e-16
2050.00   3.3872e-17
2052.00   2.5604e-16
2054.00   1.6820e-16
2056.00   3.1399e-16
2058.00   3.6551e-16
2060.00   4.3796e-17
2062.00   2.9206e-16
2064.00   3.2897e-16
2066.00   3.1638e-16
2068.00   4.3715e-16
2070.00   5.5946e-16
2072.00   3.8968e-16
2074.00   4.0840e-16
2076.00   1.6348e-16
2078.00   7.1530e-16
2080.00   2.6385e-16
2082.00   1.5775e-16
2084.00   1.5321e-16
2086.00   1.8102e-16
2088.00   3.2470e-16
2090.00   2.0223e-17
2092.00   1.7013e-16
2094.00   2.8234e-16
2096.00   1.8135e-16
2098.00   1.6544e-16
2100.00   2.4039e-16
2102.00   4.5521e-16
2104.00   1.6370e-17
2106.00   6.2343e-16
2108.00   5.3994e-16
2110.00   7.7341e-16
2112.00   1.2967e-17
2114.00   3.1214e-16
2116.00   1.2202e-15
2118.00   1.8584e-16
2120.00   1.8664e-16
2122.00   1.8273e-16
2124.00   2.9074e-17
2126.00   3.1108e-16
2128.00   2.9931e-16
2130.00   4.4938e-16
2132.00   4.0593e-16
2134.00   2.6265e-16
2136.00   1.7704e-16
2138.00   4.6157e-16
2140.00   1.7699e-16
2142.00   6.2653e-16
2144.00   1.3383e-16
2146.00   2.3220e-16
2148.00   2.0342e-16
2150.00   3.6644e-16
2152.00   4.0507e-16
2154.00   1.4325e-16
2156.00   2.1323e-16
2158.00   2.8262e-16
2160.00   3.2499e-16
2162.00   4.3640e-16
2164.00   3.2236e-16
2166.00   3.4769e-16
2168.00   4.9393e-16
2170.00   2.4796e-16
2172.00   8.5855e-17
2174.00   5.7882e-16
2176.00   2.4450e-16
2178.00   3.4087e-16
2180.00   2.2453e-16
2182.00   1.2260e-16
2184.00   5.1519e-16
2186.00   1.2143e-16
2188.00   5.7178e-16
2190.00   2.5555e-16
2192.00   1.6377e-16
2194.00   2.0226e-16
2196.00   1.1654e-16
2198.00   2.8423e-16
2200.00   2.9091e-17
2202.00   4.0434e-16
2204.00   3.3630e-16
2206.00   3.9267e-16
2208.00   2.4956e-16
2210.00   4.4550e-16
2212.00   3.3886e-16
2214.00   5.5393e-16
2216.00   5.7598e-16
2218.00   4.8899e-16
2220.00   4.3404e-16
2222.00   4.0512e-16
2224.00   6.4247e-16
2226.00   3.9387e-16
2228.00   6.4058e-16
2230.00   2.5207e-16
2232.00   5.9127e-16
2234.00   5.9860e-16
2236.00   3.5289e-16
2238.00   6.2679e-16
2240.00   4.5843e-16
2242.00   6.6791e-16
2244.00   6.6492e-16
2246.00   6.4119e-16
2248.00   2.6563e-16
2250.00   8.6776e-16
2252.00   3.1050e-16
2254.00   7.7430e-16
2256.00   9.7919e-16
2258.00   4.0741e-16
2260.00   5.4949e-16
2262.00   3.8725e-16
2264.00   5.2166e-16
2266.00   8.5750e-16
2268.00   5.2962e-16
2270.00   6.2488e-16
2272.00   7.6393e-16
2274.00   7.2777e-16
2276.00   9.0362e-16
2278.00   5.7246e-16
2280.00   4.5558e-16
2282.00   2.9017e-16
2284.00   4.9115e-16
2286.00   3.3507e-16
2288.00   4.4765e-16
2290.00   1.9864e-16
2292.00   2.1406e-16
2294.00   9.4062e-16
2296.00   4.1140e-16
2298.00   3.2950e-16
2300.00   3.1385e-16
2302.00   1.9150e-16
2304.00   5.4365e-16
2306.00   5.2210e-16
2308.00   1.3278e-15
2310.00   5.2822e-16
2312.00   8.0993e-16
2314.00   8.9827e-16
2316.00   1.0211e-16
2318.00   8.0340e-16
2320.00   2.1368e-17
2322.00   4.3861e-16
2324.00   2.4280e-16
2326.00   9.6385e-16
2328.00   7.8438e-16
2330.00   5.4641e-16
2332.00   1.0753e-15
2334.00   1.8343e-16
2336.00   1.1481e-16
2338.00   6.8983e-16
2340.00   9.0157e-16
2342.00   1.8706e-16
2344.00   1.1073e-15
2346.00   1.0195e-15
2348.00   1.5775e-15
2350.00   1.4239e-16
2352.00   9.7171e-16
2354.00   5.1360e-16
2356.00   8.9368e-16
2358.00   4.3203e-16
2360.00   1.9917e-15
2362.00   7.6783e-16
2364.00   1.3373e-15
2366.00   1.4005e-15
2368.00   7.6320e-16
2370.00   8.3247e-16
2372.00   5.5529e-16
2374.00   8.5891e-16
2376.00   7.1624e-16
2378.00   2.6920e-16
2380.00   1.2416e-15
2382.00   7.9858e-16
2384.00   9.8923e-16
2386.00   8.9268e-16
2388.00   1.6358e-15
2390.00   5.2400e-16
2392.00   3.9499e-16
2394.00   7.3883e-16
2396.00   1.8917e-15
2398.00   2.9377e-16
2400.00   1.5143e-15
2402.00   1.0954e-15
2404.00   1.5725e-15
2406.00   1.0730e-15
2408.00   3.7350e-16
2410.00   1.2695e-15
2412.00   1.0112e-15
2414.00   1.2522e-15
2416.00   8.2398e-16
2418.00   8.1750e-16
2420.00   3.4592e-16
2422.00   5.9039e-16
2424.00   1.3243e-15
2426.00   7.6389e-16
2428.00   1.2366e-15
2430.00   1.6955e-15
2432.00   1.0575e-15
2434.00   1.3806e-15
2436.00   8.5731e-16
2438.00   7.5985e-16
2440.00   1.0335e-15
2442.00   3.0057e-16
2444.00   6.4119e-16
2446.00   1.3807e-15
2448.00   1.1379e-15
2450.00   8.4380e-16
2452.00   6.2848e-16
2454.00   9.8429e-16
2456.00   7.4718e-16
2458.00   9.7178e-16
2460.00   1.0314e-15
2462.00   9.8175e-16
2464.00   1.4964e-15
2466.00   1.2032e-15
2468.00   5.3957e-16
2470.00   1.5217e-15
2472.00   1.1360e-15
2474.00   8.5414e-16
2476.00   5.8111e-16
2478.00   7.4934e-16
2480.00   6.4725e-16
2482.00   1.2040e-15
2484.00   5.6351e-16
2486.00   3.7360e-16
2488.00   7.1072e-16
2490.00   1.1522e-15
2492.00   6.4220e-16
2494.00   5.7815e-16
2496.00   3.6452e-16
2498.00   1.0222e-15
2500.00   4.2360e-16
2502.00   6.7198e-16
2504.00   7.8926e-16
2506.00   1.0734e-15
2508.00   7.9241e-16
2510.00   9.8943e-16
2512.00   1.1640e-15
2514.00   9.8435e-16
2516.00   5.8544e-16
2518.00   5.6594e-16
2520.00   1.4872e-15
2522.00   1.0122e-15
2524.00   2.9190e-16
2526.00   1.6853e-15
2528.00   4.7661e-16
2530.00   1.0013e-15
2532.00   1.2387e-16
2534.00   2.9925e-16
2536.00   7.0368e-16
2538.00   1.5952e-15
2540.00   1.0234e-15
2542.00   8.2049e-16
2544.00   5.6573e-16
2546.00   7.1601e-16
2548.00   7.1834e-16
2550.00   1.1030e-15
2552.00   5.0821e-16
2554.00   5.1803e-16
2556.00   5.5272e-16
2558.00   4.9915e-16
2560.00   1.0850e-15
2562.00   9.8512e-16
2564.00   5.3165e-16
2566.00   1.1509e-15
2568.00   5.7769e-16
2570.00   4.9689e-16
2572.00   4.1102e-16
2574.00   5.4427e-16
2576.00   3.0679e-16
2578.00   6.3307e-16
2580.00   3.1206e-16
2582.00   7.7928e-16
2584.00   4.4617e-16
2586.00   6.1593e-16
2588.00   8.9786e-16
2590.00   2.8116e-16
2592.00   7.7833e-16
2594.00   2.1837e-16
2596.00   2.4174e-16
2598.00   1.5369e-15
2600.00   8.3651e-16
2602.00   3.1598e-17
2604.00   4.7981e-16
2606.00   1.1262e-15
2608.00   1.3378e-15
2610.00   8.0873e-16
2612.00   1.6225e-15
2614.00   1.2817e-15
2616.00   2.8075e-17
2618.00   7.7888e-16
2620.00   1.0921e-15
2622.00   5.0775e-16
2624.00   5.7201e-16
2626.00   1.6926e-15
2628.00   1.0241e-15
2630.00   6.4829e-16
2632.00   2.2441e-15
2634.00   4.3383e-16
2636.00   4.2610e-16
2638.00   3.9524e-16
2640.00   2.2401e-16
2642.00   6.0589e-16
2644.00   2.7232e-16
2646.00   4.7009e-16
2648.00   6.8167e-17
2650.00   6.1466e-16
2652.00   6.2328e-16
2654.00   3.7859e-16
2656.00   1.0702e-16
2658.00   3.2874e-16
2660.00   2.1991e-16
2662.00   8.5099e-17
2664.00   4.9189e-16
2666.00   5.9019e-16
2668.00   2.6699e-16
2670.00   4.8552e-16
2672.00   3.2116e-16
2674.00   8.2520e-18
2676.00   2.2200e-16
2678.00   3.1097e-16
2680.00   1.9059e-16
2682.00   4.9517e-16
2684.00   7.4694e-16
2686.00   3.0530e-16
2688.00   2.5861e-17
2690.00   1.8636e-16
2692.00   7.3412e-16
2694.00   3.8314e-16
2696.00   1.1224e-16
2698.00   6.0062e-16
2700.00   4.0715e-16
2702.00   8.8567e-17
2704.00   5.0668e-16
2706.00   2.8931e-16
2708.00   3.4886e-16
2710.00   7.8410e-16
2712.00   3.8598e-16
2714.00   5.7039e-16
2716.00   1.0769e-15
2718.00   6.1813e-16
2720.00   3.1377e-16
2722.00   7.1802e-16
2724.00   6.0441e-16
2726.00   1.0152e-16
2728.00   6.0744e-16
2730.00   6.2473e-16
2732.00   5.9579e-16
2734.00   2.7522e-16
2736.00   6.2314e-16
2738.00   2.1699e-16
2740.00   8.6514e-16
2742.00   4.2146e-16
2744.00   6.1708e-16
2746.00   1.3374e-15
2748.00   3.0483e-16
2750.00   1.5453e-15
2752.00   7.6199e-16
2754.00   7.1239e-16
2756.00   1.4792e-15
2758.00   3.1191e-16
2760.00   1.5810e-16
2762.00   1.0908e-15
2764.00   4.3645e-16
2766.00   6.4972e-17
2768.00   1.2163e-15
2770.00   5.3879e-16
2772.00   9.8482e-16
2774.00   2.5324e-16
2776.00   6.0381e-16
2778.00   4.0069e-16
2780.00   4.2018e-16
2782.00   9.5074e-17
2784.00   5.7096e-16
2786.00   4.8533e-16
2788.00   4.8597e-16
2790.00   1.5276e-16
2792.00   1.2372e-16
2794.00   3.2273e-16
2796.00   2.3009e-16
2798.00   6.7035e-17
2800.00   5.9429e-16
2802.00   3.5149e-18
2804.00   3.0011e-16
2806.00   4.3233e-16
2808.00   7.2821e-17
2810.00   2.4528e-16
2812.00   2.4070e-16
2814.00   3.0067e-16
2816.00   2.5495e-17
2818.00   2.7132e-16
2820.00   5.1149e-16
2822.00   2.1038e-16
2824.00   4.7306e-16
2826.00   4.8205e-16
2828.00   5.7633e-16
2830.00   2.3431e-16
2832.00   7.0227e-16
2834.00   5.4503e-16
2836.00   4.5162e-16
2838.00   6.9069e-16
2840.00   1.2170e-15
2842.00   2.2860e-16
2844.00   6.4832e-16
2846.00   5.1948e-16
2848.00   1.2096e-15
2850.00   4.0226e-16
2852.00   3.0135e-16
2854.00   2.4864e-16
2856.00   8.6799e-16
2858.00   9.0615e-16
2860.00   1.3305e-16
2862.00   2.0212e-16
2864.00   6.5747e-16
2866.00   3.7030e-16
2868.00   6.6511e-16
2870.00   8.7081e-16
2872.00   5.7733e-16
2874.00   8.1360e-17
2876.00   6.1357e-17
2878.00   1.3304e-16
2880.00   3.7721e-16
2882.00   2.9578e-16
2884.00   4.5827e-16
2886.00   5.7230e-16
2888.00   5.3124e-16
2890.00   3.4550e-16
2892.00   2.6111e-16
2894.00   1.9127e-16
2896.00   2.9328e-16
2898.00   4.3768e-16
2900.00   3.9570e-17
2902.00   5.1396e-16
2904.00   6.3117e-18
2906.00   3.5410e-16
2908.00   1.6300e-16
2910.00   2.7551e-16
2912.00   4.1389e-17
2914.00   1.9119e-17
2916.00   2.2504e-16
2918.00   4.5232e-16
2920.00   1.9299e-16
2922.00   8.4314e-17
2924.00   1.4281e-16
2926.00   2.5384e-16
2928.00   7.6852e-18
2930.00   1.4297e-16
2932.00   6.4759e-17
2934.00   2.4493e-16
2936.00   1.2076e-16
2938.00   6.3209e-17
2940.00   3.1323e-16
2942.00   8.6139e-18
2944.00   3.1843e-16
2946.00   3.4760e-16
2948.00   3.1116e-16
2950.00   2.9997e-16
2952.00   8.2814e-17
2954.00   3.0060e-16
2956.00   1.5191e-17
2958.00   5.9311e-17
2960.00   4.0161e-16
2962.00   1.8533e-16
2964.00   2.6107e-16
2966.00   4.6601e-16
2968.00   1.3971e-16
2970.00   4.9592e-16
2972.00   2.3640e-16
2974.00   6.6262e-18
2976.00   2.9441e-16
2978.00   2.8111e-17
2980.00   5.6288e-16
2982.00   1.6336e-16
2984.00   5.9676e-16
2986.00   5.1477e-16
2988.00   7.5815e-17
2990.00   2.2663e-17
2992.00   8.4285e-17
2994.00   1.4902e-16
2996.00   1.2547e-18
2998.00   2.2377e-16
3000.00   1.1115e-16
3002.00   6.4957e-16
3004.00   3.3707e-17
3006.00   1.9470e-18
3008.00   4.5959e-19
3010.00   2.2077e-16
3012.00   9.0213e-18
3014.00   2.5769e-16
3016.00   5.6605e-17
3018.00   2.0345e-16
3020.00   2.0187e-16
3022.00   1.1566e-16
3024.00   1.5365e-16
3026.00   1.1284e-16
3028.00   6.5030e-17
3030.00   1.8857e-16
3032.00   6.6541e-18
3034.00   1.8754e-16
3036.00   2.0075e-16
3038.00   2.0920e-16
3040.00   8.5628e-17
3042.00   1.7633e-17
3044.00   3.0877e-16
3046.00   1.9817e-16
3048.00   3.2851e-16
3050.00   1.4732e-16
3052.00   3.5165e-17
3054.00   3.4533e-18
3056.00   3.7364e-16
3058.00   3.5799e-17
3060.00   2.4682e-18
3062.00   1.5368e-16
3064.00   1.5723e-18
3066.00   2.6048e-16
3068.00   1.8494e-16
3070.00   2.1671e-16
3072.00   2.8977e-16
3074.00   1.3909e-17
3076.00   4.9367e-16
3078.00   4.1539e-16
3080.00   2.3613e-16
3082.00   2.8313e-17
3084.00   1.8089e-16
3086.00   1.2273e-19
3088.00   9.1698e-20
3090.00   1.7065e-16
3092.00   9.5506e-19
3094.00   2.2024e-20
3096.00   2.5641e-16
3098.00   3.3035e-17
3100.00   3.9556e-19
3102.00   1.4454e-16
3104.00   7.3205e-18
3106.00   3.2757e-16
3108.00   1.9840e-17
3110.00   6.9931e-19
3112.00   7.6741e-20
3114.00   1.9419e-16
3116.00   1.8751e-16
3118.00   1.5407e-17
3120.00   4.2539e-17
3122.00   9.3631e-18
3124.00   2.0307e-19
3126.00   9.2657e-18
3128.00   1.1539e-18
3130.00   4.1844e-17
3132.00   2.2447e-16
3134.00   2.6618e-17
3136.00   8.2471e-17
3138.00   2.2046e-17
3140.00   1.8529e-17
3142.00   1.9470e-16
3144.00   6.7167e-17
3146.00   1.5824e-16
3148.00   3.7855e-19
3150.00   1.7546e-18
3152.00   2.1121e-17
3154.00   4.3497e-18
3156.00   1.3201e-16
3158.00   1.6238e-16
3160.00   2.8427e-17
3162.00   4.2235e-16
3164.00   6.4682e-16
3166.00   4.6108e-16
3168.00   9.6711e-18
3170.00   2.1582e-16
3172.00   5.0065e-19
3174.00   1.1901e-18
3176.00   1.8992e-18
3178.00   5.3980e-16
3180.00   1.1187e-17
3182.00   4.8424e-19
3184.00   2.8529e-16
3186.00   4.9044e-16
3188.00   2.2246e-16
3190.00   2.4583e-16
3192.00   4.7690e-16
3194.00   3.1078e-16
3196.00   3.5232e-16
3198.00   2.0510e-17
3200.00   1.5242e-19
3202.00   1.9188e-18
3204.00   2.0291e-16
3206.00   5.0533e-19
3208.00   6.2634e-18
3210.00   5.6938e-16
3212.00   9.2505e-17
3214.00   2.9133e-16
3216.00   6.6583e-18
3218.00   2.8098e-18
3220.00   6.5486e-18
3222.00   1.1918e-17
3224.00   1.3429e-16
3226.00   5.6419e-17
3228.00   3.7317e-16
3230.00   1.7395e-16
3232.00   2.7263e-16
3234.00   6.1537e-17
3236.00   3.8989e-18
3238.00   3.0525e-16
3240.00   1.0599e-17
3242.00   6.4556e-19
3244.00   3.0980e-16
3246.00   1.1353e-17
3248.00   3.9997e-16
3250.00   4.3629e-16
3252.00   2.8220e-16
3254.00   1.4385e-19
3256.00   1.9562e-16
3258.00   4.9204e-16
3260.00   2.7073e-16
3262.00   4.7602e-17
3264.00   1.0747e-16
3266.00   2.3838e-18
3268.00   2.0771e-16
3270.00   1.0081e-16
3272.00   6.6729e-19
3274.00   3.0034e-17
3276.00   1.6541e-17
3278.00   2.1153e-16
3280.00   3.6244e-17
3282.00   1.8635e-16
3284.00   5.2085e-17
3286.00   3.4973e-16
3288.00   3.4016e-17
3290.00   1.3794e-16
3292.00   1.3163e-17
3294.00   2.1328e-19
3296.00   3.9408e-16
3298.00   2.3411e-16
3300.00   3.2138e-17
3302.00   1.5755e-16
3304.00   1.4318e-16
3306.00   3.0038e-16
3308.00   5.7356e-20
3310.00   7.5611e-17
3312.00   2.7648e-16
3314.00   1.1174e-16
3316.00   7.6608e-18
3318.00   9.1668e-18
3320.00   2.5715e-17
3322.00   1.8802e-16
3324.00   1.2315e-16
3326.00   5.0671e-17
3328.00   1.5117e-16
3330.00   3.0610e-17
3332.00   6.3804e-18
3334.00   6.2899e-19
3336.00   2.2281e-16
3338.00   1.7884e-16
3340.00   4.2310e-18
3342.00   2.6151e-17
3344.00   1.4135e-18
3346.00   2.0549e-19
3348.00   3.7323e-19
3350.00   9.2983e-20
3352.00   4.4317e-18
3354.00   9.4085e-18
3356.00   2.1097e-18
3358.00   2.5990e-16
3360.00   1.5730e-16
3362.00   2.2621e-16
3364.00   2.6147e-17
3366.00   4.1569e-16
3368.00   2.3615e-17
3370.00   1.6718e-16
3372.00   5.0421e-16
3374.00   9.6569e-19
3376.00   9.1691e-17
3378.00   1.3368e-18
3380.00   1.2402e-16
3382.00   6.8889e-17
3384.00   6.8198e-18
3386.00   7.4664e-17
3388.00   3.5431e-18
3390.00   4.8607e-17
3392.00   3.2085e-16
3394.00   8.0319e-18
3396.00   8.1216e-17
3398.00   1.6609e-17
3400.00   2.6903e-18
3402.00   2.5963e-18
3404.00   4.7674e-18
3406.00   2.8688e-17
3408.00   3.7383e-19
3410.00   1.2027e-16
3412.00   3.3671e-18
3414.00   1.4498e-16
3416.00   1.2277e-16
3418.00   3.7891e-19
3420.00   6.0136e-17
3422.00   2.9365e-18
3424.00   8.0205e-19
3426.00   1.2179e-16
3428.00   1.0387e-16
3430.00   1.1216e-16
3432.00   2.4893e-18
3434.00   1.7325e-18
3436.00   2.0944e-16
3438.00   7.2730e-18
3440.00   5.8287e-17
3442.00   3.0410e-17
3444.00   5.2192e-17
3446.00   1.2074e-17
3448.00   3.5131e-18
3450.00   1.7694e-17
3452.00   3.4875e-16
3454.00   6.9059e-17
3456.00   2.2413e-16
3458.00   3.1681e-17
3460.00   2.3889e-18
3462.00   1.6889e-21
3464.00   6.7155e-17
3466.00   1.3125e-17
3468.00   2.0889e-19
3470.00   1.2859e-16
3472.00   3.6461e-17
3474.00   1.3990e-18
3476.00   1.5738e-16
3478.00   7.0627e-17
3480.00   3.9270e-17
3482.00   1.5880e-16
3484.00   1.0637e-16
3486.00   1.9977e-16
3488.00   4.4761e-19
3490.00   1.5990e-16
3492.00   2.0915e-19
3494.00   1.2066e-16
3496.00   1.0338e-16
3498.00   2.8465e-17
3500.00   1.1299e-16
3502.00   4.5004e-19
3504.00   6.0651e-17
3506.00   2.1299e-18
3508.00   6.7491e-17
3510.00   2.9303e-18
3512.00   1.6724e-17
3514.00   3.3523e-18
3516.00   6.0773e-17
3518.00   2.6450e-17
3520.00   9.5772e-18
3522.00   1.9842e-16
3524.00   1.0677e-18
3526.00   5.3460e-17
3528.00   7.8732e-17
3530.00   1.4818e-17
3532.00   2.2787e-17
3534.00   1.0007e-18
3536.00   6.8487e-17
3538.00   8.2019e-17
3540.00   1.5440e-17
3542.00   6.2566e-17
3544.00   9.1708e-18
3546.00   2.2374e-19
3548.00   3.3922e-17
3550.00   5.2844e-18
3552.00   1.3867e-17
3554.00   4.0002e-17
3556.00   1.2689e-16
3558.00   1.3713e-16
3560.00   1.5347e-17
3562.00   2.8867e-18
3564.00   3.8260e-17
3566.00   1.0400e-16
3568.00   3.6887e-18
3570.00   2.3207e-18
3572.00   1.7328e-18
3574.00   2.2662e-19
3576.00   9.6258e-18
3578.00   5.3490e-19
3580.00   3.4595e-19
3582.00   2.8011e-20
3584.00   5.9228e-18
3586.00   4.1200e-17
3588.00   2.3096e-17
3590.00   6.4483e-17
3592.00   3.6354e-19
3594.00   1.6529e-18
3596.00   7.9413e-20
3598.00   4.0040e-18
3600.00   3.6711e-18
3602.00   2.1135e-17
3604.00   1.4611e-18
3606.00   1.3865e-17
3608.00   2.2278e-18
3610.00   4.9411e-18
3612.00   1.6040e-18
3614.00   4.7191e-17
3616.00   3.1501e-19
3618.00   2.6238e-18
3620.00   3.5048e-18
3622.00   1.5679e-16
3624.00   2.0193e-16
3626.00   2.5922e-20
3628.00   9.5267e-18
3630.00   1.4191e-18
3632.00   1.0818e-18
3634.00   2.3955e-20
3636.00   6.5573e-17
3638.00   8.0096e-18
3640.00   4.3560e-19
3642.00   1.7519e-16
3644.00   2.2434e-18
3646.00   5.2074e-18
3648.00   3.8972e-18
3650.00   6.1084e-19
3652.00   1.2739e-19
3654.00   1.2847e-19
3656.00   2.0937e-16
3658.00   2.6342e-18
3660.00   7.1092e-19
3662.00   1.6718e-17
3664.00   2.6337e-19
3666.00   1.5338e-19
3668.00   2.6402e-19
3670.00   4.5232e-19
3672.00   1.9805e-19
3674.00   1.8855e-18
3676.00   3.0576e-19
3678.00   7.2991e-20
3680.00   3.7060e-18
3682.00   8.2398e-18
3684.00   1.8567e-19
3686.00   1.4835e-17
3688.00   5.4169e-19
3690.00   5.4857e-19
3692.00   2.2943e-19
3694.00   7.6615e-18
3696.00   2.7758e-18
3698.00   4.1174e-17
3700.00   2.5169e-18
3702.00   8.3543e-22
3704.00   3.6872e-18
3706.00   7.1565e-20
3708.00   3.0288e-19
3710.00   1.2658e-17
3712.00   1.0176e-17
3714.00   5.1388e-18
3716.00   1.9555e-18
3718.00   1.1747e-18
3720.00   1.2935e-17
3722.00   3.4347e-19
3724.00   1.1673e-17
3726.00   2.2504e-17
3728.00   1.1017e-16
3730.00   7.4538e-19
3732.00   2.1926e-19
3734.00   3.0649e-19
3736.00   1.6719e-19
3738.00   2.9121e-18
3740.00   2.7266e-19
3742.00   1.2896e-17
3744.00   4.1918e-18
3746.00   2.6866e-17
3748.00   1.4753e-16
3750.00   3.4261e-18
3752.00   3.8774e-20
3754.00   4.2152e-18
3756.00   6.3157e-17
3758.00   2.3765e-17
3760.00   1.1792e-16
3762.00   1.3017e-16
3764.00   1.4249e-16
3766.00   4.0778e-19
3768.00   1.4323e-18
3770.00   8.3009e-20
3772.00   2.0333e-19
3774.00   2.2673e-19
3776.00   3.3415e-19
3778.00   1.1076e-17
3780.00   5.0063e-17
3782.00   4.8917e-17
3784.00   1.0255e-16
3786.00   2.7937e-17
3788.00   1.3311e-18
3790.00   3.9340e-19
3792.00   3.0356e-19
3794.00   1.8536e-19
3796.00   1.0601e-18
3798.00   3.2222e-17
3800.00   7.1376e-19
3802.00   1.8651e-18
3804.00   2.0443e-18
3806.00   2.0316e-18
3808.00   2.2598e-17
3810.00   1.4140e-18
3812.00   7.8618e-19
3814.00   7.7737e-17
3816.00   3.0397e-20
3818.00   3.4845e-20
3820.00   3.5084e-18
3822.00   6.4910e-17
3824.00   1.6121e-16
3826.00   5.6447e-20
3828.00   8.4462e-17
3830.00   1.5116e-18
3832.00   3.1241e-20
3834.00   1.2862e-17
3836.00   1.4021e-18
3838.00   2.9466e-19
3840.00   2.3825e-18
3842.00   5.5096e-19
3844.00   9.7486e-19
3846.00   7.2609e-17
3848.00   4.9544e-19
3850.00   1.9152e-19
3852.00   1.9006e-19
3854.00   3.4354e-19
3856.00   1.7189e-18
3858.00   1.0348e-18
3860.00   1.0293e-18
3862.00   1.4118e-18
3864.00   4.2605e-18
3866.00   4.3762e-19
3868.00   3.0462e-19
3870.00   1.8660e-19
3872.00   1.2390e-16
3874.00   2.1411e-19
3876.00   1.9442e-18
3878.00   7.1402e-19
3880.00   5.6716e-19
3882.00   4.1518e-19
3884.00   3.1262e-18
3886.00   6.5047e-20
3888.00   4.8134e-21
3890.00   7.3161e-20
3892.00   3.9302e-20
3894.00   2.1237e-17
3896.00   2.5456e-17
3898.00   6.8064e-20
3900.00   4.9591e-19
3902.00   2.0720e-20
3904.00   1.3085e-17
3906.00   1.0348e-16
3908.00   5.6125e-17
3910.00   1.8918e-17
3912.00   6.4029e-18
3914.00   6.1227e-17
3916.00   1.6832e-18
3918.00   2.2044e-17
3920.00   4.7024e-17
3922.00   3.1231e-18
3924.00   5.0226e-18
3926.00   1.1050e-17
3928.00   1.5940e-17
3930.00   7.0674e-17
3932.00   7.9064e-18
3934.00   6.7294e-19
3936.00   9.6920e-17
3938.00   1.7631e-16
3940.00   2.6790e-18
3942.00   4.2795e-18
3944.00   6.8033e-19
3946.00   8.0905e-17
3948.00   1.1442e-18
3950.00   2.4722e-18
3952.00   9.5063e-18
3954.00   9.6027e-19
3956.00   1.6517e-19
3958.00   1.2196e-17
3960.00   3.4417e-17
3962.00   4.2095e-18
3964.00   4.0537e-17
3966.00   1.0676e-17
3968.00   3.0203e-18
3970.00   7.5453e-17
3972.00   2.2030e-18
3974.00   1.3970e-16
3976.00   1.7181e-17
3978.00   1.6275e-18
3980.00   2.7341e-19
3982.00   4.8626e-17
3984.00   4.1269e-18
3986.00   3.8194e-19
3988.00   3.9299e-19
3990.00   6.9633e-17
3992.00   7.3319e-18
3994.00   1.3974e-19
3996.00   2.8252e-17
3998.00   3.1854e-20
4000.00   2.0201e-18
4002.00   2.0026e-16
4004.00   1.5920e-17
4006.00   4.3876e-20
4008.00   2.5008e-17
4010.00   5.5473e-19
4012.00   6.6794e-18
4014.00   1.9311e-18
4016.00   3.1329e-18
4018.00   1.8455e-18
4020.00   8.5687e-19
4022.00   1.7818e-18
4024.00   8.6413e-17
4026.00   6.9836e-19
4028.00   5.3249e-19
4030.00   5.1412e-21
4032.00   5.4884e-19
4034.00   8.6418e-18
4036.00   7.2893e-19
4038.00   7.5338e-20
4040.00   1.8227e-18
4042.00   2.1852e-19
4044.00   1.9113e-18
4046.00   2.1176e-18
4048.00   2.4405e-18
4050.00   1.4004e-18
4052.00   8.9118e-19
4054.00   4.6672e-19
4056.00   1.8495e-19
4058.00   2.8338e-17
4060.00   1.8187e-18
4062.00   9.4301e-17
4064.00   4.0883e-18
4066.00   1.9811e-19
4068.00   3.5556e-18
4070.00   1.4496e-17
4072.00   8.7345e-20
4074.00   8.2869e-18
4076.00   3.8771e-17
4078.00   3.4136e-17
4080.00   7.2043e-19
4082.00   4.6789e-19
4084.00   9.4276e-19
4086.00   1.1147e-18
4088.00   2.8262e-17
4090.00   5.3538e-19
4092.00   2.6663e-18
4094.00   1.0521e-17
4096.00   1.0850e-19
4098.00   2.5177e-18
4100.00   6.7212e-20
4102.00   1.6354e-18
4104.00   6.7080e-18
4106.00   1.1288e-18
4108.00   3.3139e-17
4110.00   1.0233e-18
4112.00   3.4203e-17
4114.00   3.3293e-19
4116.00   2.0833e-19
4118.00   2.6209e-17
4120.00   1.0026e-17
4122.00   8.3621e-17
4124.00   3.1135e-17
4126.00   8.0109e-20
4128.00   9.5740e-17
4130.00   6.3130e-21
4132.00   1.5614e-18
4134.00   9.2720e-19
4136.00   1.7130e-18
4138.00   3.3747e-17
4140.00   2.9408e-18
4142.00   2.9437e-19
4144.00   9.6731e-18
4146.00   4.1676e-20
4148.00   3.3243e-18
4150.00   9.7170e-18
4152.00   6.5790e-18
4154.00   1.9523e-18
4156.00   4.2876e-19
4158.00   6.8733e-18
4160.00   1.2426e-17
4162.00   1.2311e-17
4164.00   1.9813e-18
4166.00   1.8587e-19
4168.00   6.9584e-18
4170.00   9.5784e-19
4172.00   1.0065e-17
4174.00   1.6810e-16
4176.00   4.6150e-18
4178.00   1.8385e-16
4180.00   1.0480e-16
4182.00   3.7731e-18
4184.00   1.4257e-17
4186.00   3.1928e-18
4188.00   6.7200e-19
4190.00   1.4548e-18
4192.00   4.7155e-20
4194.00   1.0067e-19
4196.00   1.2009e-18
4198.00   5.6580e-20
4200.00   1.1609e-18
4202.00   9.8215e-18
4204.00   1.3597e-19
4206.00   3.8174e-18
4208.00   4.7794e-19
4210.00   7.0361e-18
4212.00   3.4569e-18
4214.00   2.5500e-18
4216.00   5.3180e-20
4218.00   1.8432e-18
4220.00   6.1082e-19
4222.00   1.7463e-18
4224.00   1.4780e-18
4226.00   1.8436e-18
4228.00   6.5111e-19
4230.00   4.8439e-20
4232.00   8.7319e-19
4234.00   2.1673e-16
4236.00   8.5319e-19
4238.00   2.9831e-18
4240.00   1.6762e-19
4242.00   2.6140e-18
4244.00   5.4936e-18
4246.00   4.3993e-21
4248.00   1.1167e-16
4250.00   3.3208e-18
4252.00   5.7118e-19
4254.00   3.1391e-19
4256.00   3.4600e-17
4258.00   8.1508e-17
4260.00   1.8183e-18
4262.00   3.4919e-19
4264.00   1.5395e-18
4266.00   1.2608e-18
4268.00   1.3388e-18
4270.00   6.0355e-18
4272.00   1.5339e-20
4274.00   1.0600e-16
4276.00   2.1284e-18
4278.00   4.7053e-17
4280.00   1.1320e-18
4282.00   2.9967e-18
4284.00   6.0051e-20
4286.00   2.8449e-18
4288.00   2.8923e-18
4290.00   4.1399e-19
4292.00   5.1702e-17
4294.00   4.1742e-20
4296.00   1.1387e-16
4298.00   1.1550e-19
4300.00   1.5140e-17
4302.00   4.6379e-17
4304.00   1.6063e-16
4306.00   5.8880e-19
4308.00   1.3008e-21
4310.00   3.0099e-19
4312.00   2.6388e-18
4314.00   1.1937e-16
4316.00   1.2208e-19
4318.00   1.3234e-18
4320.00   2.3229e-18
4322.00   2.1369e-18
4324.00   1.1831e-19
4326.00   3.6578e-17
4328.00   7.8710e-18
4330.00   9.7769e-19
4332.00   1.5645e-16
4334.00   7.0412e-20
4336.00   6.3345e-20
4338.00   1.1712e-16
4340.00   1.0170e-17
4342.00   1.0284e-18
4344.00   2.6111e-17
4346.00   1.9543e-18
4348.00   8.0507e-19
4350.00   5.3542e-19
4352.00   1.8267e-16
4354.00   4.1425e-18
4356.00   1.0486e-18
4358.00   4.8434e-17
4360.00   1.0213e-17
4362.00   3.0750e-17
4364.00   2.6136e-19
4366.00   1.2862e-18
4368.00   1.1162e-19
4370.00   5.8143e-17
4372.00   1.9620e-16
4374.00   3.0179e-19
4376.00   4.0307e-18
4378.00   2.9066e-18
4380.00   2.3009e-18
4382.00   2.4546e-19
4384.00   1.1708e-16
4386.00   1.6221e-16
4388.00   1.5788e-18
4390.00   2.7240e-20
4392.00   3.8387e-19
4394.00   6.5469e-19
4396.00   9.4010e-19
4398.00   1.3798e-16
4400.00   3.6396e-18
4402.00   9.4993e-18
4404.00   5.2201e-20
4406.00   5.0305e-19
4408.00   1.1675e-19
4410.00   1.9777e-18
4412.00   1.4169e-19
4414.00   1.7516e-16
4416.00   1.5013e-16
4418.00   3.3170e-18
4420.00   5.8218e-19
4422.00   2.5748e-18
4424.00   3.6929e-18
4426.00   2.3972e-19
4428.00   1.1760e-20
4430.00   2.3665e-18
4432.00   5.7067e-18
4434.00   2.6470e-18
4436.00   8.8312e-19
4438.00   1.1571e-18
4440.00   7.7485e-17
4442.00   1.0977e-18
4444.00   1.2106e-17
4446.00   2.6668e-18
4448.00   2.1565e-18
4450.00   6.7026e-18
4452.00   4.9320e-17
4454.00   1.5226e-18
4456.00   3.1355e-17
4458.00   2.9643e-19
4460.00   9.7667e-20
4462.00   3.3646e-17
4464.00   1.9900e-19
4466.00   5.2109e-18
4468.00   7.3179e-19
4470.00   5.0634e-19
4472.00   1.3408e-16
4474.00   2.1001e-17
4476.00   1.2933e-19
4478.00   3.5030e-19
4480.00   1.2407e-17
4482.00   3.9182e-21
4484.00   2.8515e-20
4486.00   6.0241e-19
4488.00   1.9170e-18
4490.00   1.4875e-16
4492.00   1.1944e-16
4494.00   7.2789e-18
4496.00   1.7496e-19
4498.00   1.2712e-19
4500.00   1.2187e-18
4502.00   1.1371e-18
4504.00   2.4445e-18
4506.00   4.6819e-19
4508.00   1.6722e-16
4510.00   5.3840e-18
4512.00   3.1703e-18
4514.00   6.7699e-20
4516.00   1.2628e-16
4518.00   7.0278e-19
4520.00   1.5619e-16
4522.00   1.7186e-16
4524.00   9.4849e-18
4526.00   2.0492e-17
4528.00   8.6775e-20
4530.00   6.3461e-18
4532.00   4.3593e-19
4534.00   8.9000e-17
4536.00   3.1640e-19
4538.00   1.0594e-18
4540.00   3.0440e-20
4542.00   1.4994e-16
4544.00   2.6925e-19
4546.00   2.2728e-18
4548.00   4.6785e-19
4550.00   1.8037e-16
4552.00   4.8203e-20
4554.00   1.1863e-19
4556.00   1.3982e-16
4558.00   1.3734e-20
4560.00   1.3514e-18
4562.00   1.4307e-19
4564.00   1.9729e-18
4566.00   3.9587e-20
4568.00   1.0765e-18
4570.00   4.2003e-19
4572.00   1.1303e-19
4574.00   2.5177e-20
4576.00   1.6394e-16
4578.00   8.2997e-18
4580.00   3.3893e-17
4582.00   1.1150e-16
4584.00   1.9530e-16
4586.00   3.9828e-18
4588.00   3.6897e-19
4590.00   1.2532e-18
4592.00   2.3595e-18
4594.00   3.5990e-18
4596.00   1.3446e-16
4598.00   4.1655e-17
4600.00   2.4260e-22
4602.00   1.5379e-18
4604.00   3.5616e-18
4606.00   2.4152e-18
4608.00   4.5939e-20
4610.00   6.3839e-19
4612.00   7.0138e-18
4614.00   4.8060e-18
4616.00   6.4306e-20
4618.00   7.3693e-20
4620.00   1.6549e-16
4622.00   4.1794e-19
4624.00   6.6193e-19
4626.00   2.9433e-18
4628.00   1.0303e-17
4630.00   1.6898e-16
4632.00   3.6268e-18
4634.00   1.1971e-17
4636.00   2.4357e-19
4638.00   5.0834e-18
4640.00   4.9600e-19
4642.00   1.6671e-19
4644.00   2.0283e-18
4646.00   3.9165e-20
4648.00   1.0628e-16
4650.00   5.3148e-20
4652.00   1.6360e-18
4654.00   1.3610e-20
4656.00   1.2333e-17
4658.00   9.1838e-19
4660.00   1.6687e-19
4662.00   1.1353e-19
4664.00   6.6772e-18
4666.00   1.1918e-16
4668.00   6.1227e-19
4670.00   2.2031e-17
4672.00   1.2845e-20
4674.00   6.4780e-21
4676.00   1.0207e-18
4678.00   1.4188e-19
4680.00   9.3336e-21
4682.00   1.5600e-21
4684.00   2.8847e-19
4686.00   2.6343e-19
4688.00   2.4243e-19
4690.00   4.5745e-20
4692.00   1.8387e-19
4694.00   3.6013e-20
4696.00   1.0718e-18
4698.00   3.2516e-19
4700.00   1.2752e-19
4702.00   1.3593e-19
4704.00   1.2244e-19
4706.00   9.6847e-20
4708.00   3.5475e-19
4710.00   1.1458e-18
4712.00   6.7168e-22
4714.00   2.0522e-18
4716.00   9.3189e-20
4718.00   2.2037e-19
4720.00   8.9163e-18
4722.00   4.1290e-19
4724.00   3.2845e-19
4726.00   5.1258e-20
4728.00   6.1623e-18
4730.00   3.1697e-19
4732.00   3.9672e-17
4734.00   6.6391e-20
4736.00   3.3053e-21
4738.00   2.5401e-18
4740.00   5.3195e-20
4742.00   1.8783e-19
4744.00   1.1129e-17
4746.00   6.9610e-19
4748.00   8.5444e-20
4750.00   9.8512e-19
4752.00   5.5292e-20
4754.00   2.4823e-19
4756.00   9.5583e-19
4758.00   1.7410e-19
4760.00   8.5490e-18
4762.00   9.4988e-20
4764.00   3.0749e-19
4766.00   1.2809e-20
4768.00   1.0073e-19
4770.00   5.2578e-20
4772.00   5.1907e-20
4774.00   3.1922e-19
4776.00   6.5536e-20
4778.00   4.4009e-18
4780.00   1.6525e-19
4782.00   1.3097e-20
4784.00   1.2238e-19
4786.00   9.8832e-21
4788.00   7.1818e-21
4790.00   1.3385e-18
4792.00   5.6400e-19
4794.00   6.5844e-21
4796.00   1.1797e-20
4798.00   2.1096e-19
4800.00   3.8752e-21
4802.00   1.3763e-19
4804.00   4.8748e-19
4806.00   1.1654e-19
4808.00   2.9483e-19
4810.00   7.1860e-18
4812.00   6.8729e-20
4814.00   7.3677e-19
4816.00   4.9537e-18
4818.00   2.8018e-19
4820.00   1.2444e-20
4822.00   2.0016e-19
4824.00   7.8197e-18
4826.00   2.5014e-17
4828.00   5.3574e-21
4830.00   8.3451e-19
4832.00   2.3940e-17
4834.00   1.6549e-17
4836.00   7.2745e-18
4838.00   1.4402e-19
4840.00   2.4786e-17
4842.00   2.6905e-18
4844.00   2.9531e-18
4846.00   5.3232e-18
4848.00   7.7308e-18
4850.00   4.3135e-20
4852.00   3.4994e-20
4854.00   3.3984e-20
4856.00   4.4101e-18
4858.00   7.5615e-20
4860.00   4.0649e-19
4862.00   5.1834e-20
4864.00   2.3664e-20
4866.00   1.1617e-17
4868.00   1.8512e-17
4870.00   9.2836e-18
4872.00   8.5433e-18
4874.00   5.0755e-19
4876.00   5.1517e-18
4878.00   1.5544e-19
4880.00   1.5835e-18
4882.00   1.0280e-22
4884.00   5.3636e-20
4886.00   4.3156e-18
4888.00   1.8850e-20
4890.00   8.0166e-18
4892.00   2.2273e-18
4894.00   9.3003e-18
4896.00   9.2671e-18
4898.00   2.5188e-19
4900.00   1.3474e-18
4902.00   1.0562e-17
4904.00   4.1293e-18
4906.00   7.0936e-19
4908.00   2.3070e-21
4910.00   1.0280e-20
4912.00   6.6445e-19
4914.00   1.7184e-20
4916.00   5.7148e-20
4918.00   8.4205e-20
4920.00   2.0601e-19
4922.00   1.1122e-18
4924.00   2.1225e-16
4926.00   4.7173e-20
4928.00   2.7829e-19
4930.00   5.5751e-21
4932.00   9.3999e-19
4934.00   3.8281e-19
4936.00   6.8750e-19
4938.00   4.3190e-20
4940.00   8.9613e-20
4942.00   7.2859e-20
4944.00   1.1380e-18
4946.00   1.8961e-18
4948.00   1.4636e-18
4950.00   1.3232e-18
4952.00   4.8675e-18
4954.00   1.4085e-17
4956.00   2.9960e-22
4958.00   2.9504e-20
4960.00   1.1264e-19
4962.00   1.8583e-19
4964.00   1.4616e-20
4966.00   8.0201e-21
4968.00   1.0491e-18
4970.00   6.1991e-18
4972.00   5.6246e-20
4974.00   2.5815e-18
4976.00   1.2296e-17
4978.00   1.6731e-20
4980.00   3.2321e-18
4982.00   1.3557e-20
4984.00   9.7378e-22
4986.00   3.0849e-21
4988.00   8.2420e-18
4990.00   1.0916e-20
4992.00   4.4118e-18
4994.00   1.9680e-17
4996.00   1.2103e-19
4998.00   4.2259e-18
5000.00   8.3372e-18
5002.00   6.4969e-19
5004.00   9.1951e-20
5006.00   5.5707e-18
5008.00   9.0304e-21
5010.00   3.7264e-21
5012.00   1.7574e-21
5014.00   2.0286e-18
5016.00   2.6953e-18
5018.00   2.1875e-16
5020.00   1.4893e-17
5022.00   1.5936e-18
5024.00   3.2755e-20
5026.00   6.6851e-19
5028.00   1.7401e-20
5030.00   7.3383e-19
5032.00   4.9206e-21
5034.00   7.9358e-21
5036.00   6.9170e-19
5038.00   5.2795e-21
5040.00   4.2370e-19
5042.00   1.7942e-19
5044.00   3.2130e-18
5046.00   1.6830e-17
5048.00   1.2595e-18
5050.00   1.0618e-18
5052.00   2.7400e-20
5054.00   8.3920e-20
5056.00   4.8279e-19
5058.00   1.5260e-20
5060.00   6.5374e-19
5062.00   8.3963e-19
5064.00   1.8047e-19
5066.00   2.1306e-17
5068.00   1.2356e-21
5070.00   1.0144e-19
5072.00   2.2548e-18
5074.00   9.8366e-18
5076.00   1.3387e-18
5078.00   1.1129e-19
5080.00   5.2855e-19
5082.00   2.1177e-20
5084.00   3.9329e-19
5086.00   4.6315e-18
5088.00   1.7267e-20
5090.00   2.1348e-19
5092.00   1.8963e-21
5094.00   6.4327e-18
5096.00   1.8065e-18
5098.00   4.3820e-21
5100.00   7.8710e-17
5102.00   3.8831e-19
5104.00   2.5405e-20
5106.00   1.2946e-19
5108.00   4.3464e-19
5110.00   5.2975e-19
5112.00   7.7532e-19
5114.00   8.6733e-22
5116.00   2.8100e-20
5118.00   5.7940e-21
5120.00   6.7340e-18
5122.00   1.1015e-19
5124.00   1.7910e-18
5126.00   3.1056e-18
5128.00   3.0697e-17
5130.00   8.2219e-19
5132.00   9.9626e-18
5134.00   2.9430e-19
5136.00   8.7788e-18
5138.00   7.7203e-20
5140.00   1.7312e-20
5142.00   1.0636e-20
5144.00   1.1276e-19
5146.00   1.7735e-17
5148.00   1.0885e-19
5150.00   7.0531e-18
5152.00   3.9675e-21
5154.00   1.3363e-17
5156.00   8.7046e-20
5158.00   6.8950e-18
5160.00   3.8940e-17
5162.00   6.5967e-18
5164.00   5.9320e-19
5166.00   1.7169e-19
5168.00   2.1501e-19
5170.00   2.2014e-16
5172.00   1.1516e-17
5174.00   6.9878e-22
5176.00   6.3339e-21
5178.00   9.9881e-19
5180.00   9.2404e-19
5182.00   1.9511e-18
5184.00   1.4216e-18
5186.00   3.1464e-19
5188.00   3.2023e-19
5190.00   2.7844e-22
5192.00   2.4194e-18
5194.00   6.3755e-20
5196.00   5.2764e-22
5198.00   1.5586e-16
5200.00   2.3487e-20
5202.00   3.2060e-22
5204.00   5.9095e-20
5206.00   7.5079e-19
5208.00   4.8473e-21
5210.00   1.5124e-18
5212.00   4.0481e-20
5214.00   6.2454e-19
5216.00   2.8891e-19
5218.00   2.5086e-18
5220.00   1.1597e-19
5222.00   2.4534e-21
5224.00   5.0602e-20
5226.00   1.4100e-19
5228.00   1.3639e-17
5230.00   3.2036e-22
5232.00   4.2530e-19
5234.00   1.5745e-16
5236.00   1.6225e-18
5238.00   3.4282e-18
5240.00   1.2267e-18
5242.00   5.0769e-20
5244.00   1.1921e-18
5246.00   1.6042e-18
5248.00   3.9129e-20
5250.00   6.5484e-19
5252.00   1.3604e-18
5254.00   1.0458e-16
5256.00   3.5526e-17
5258.00   1.6902e-18
5260.00   1.3256e-18
5262.00   2.5945e-18
5264.00   6.4205e-17
5266.00   2.2856e-22
5268.00   1.2892e-18
5270.00   3.5239e-19
5272.00   7.0213e-17
5274.00   2.2326e-18
5276.00   1.6720e-16
5278.00   3.9646e-18
5280.00   1.4474e-19
5282.00   1.1488e-19
5284.00   1.7195e-16
5286.00   1.5362e-18
5288.00   3.8687e-19
5290.00   4.6895e-19
5292.00   6.7443e-19
5294.00   5.1910e-18
5296.00   1.7896e-19
5298.00   3.1595e-18
5300.00   2.3998e-19
5302.00   4.5895e-19
5304.00   2.5005e-18
5306.00   6.4599e-21
5308.00   1.4128e-19
5310.00   9.7300e-20
5312.00   1.6051e-20
5314.00   2.2074e-18
5316.00   1.9541e-16
5318.00   1.5390e-20
5320.00   8.2647e-19
5322.00   5.8427e-20
5324.00   3.0794e-18
5326.00   1.1139e-16
5328.00   2.6133e-19
5330.00   2.2610e-19
5332.00   1.8476e-20
5334.00   2.0020e-18
5336.00   7.5939e-19
5338.00   2.4038e-17
5340.00   9.9281e-19
5342.00   9.2027e-20
5344.00   7.8531e-20
5346.00   1.1738e-17
5348.00   1.1869e-19
5350.00   1.5526e-18
5352.00   3.9888e-19
5354.00   2.9954e-18
5356.00   7.2061e-20
5358.00   3.3949e-18
5360.00   2.2145e-20
5362.00   1.0344e-16
5364.00   4.2971e-20
5366.00   4.3452e-19
5368.00   4.7183e-20
5370.00   2.1901e-19
5372.00   2.9140e-19
5374.00   5.9999e-21
5376.00   1.1881e-18
5378.00   1.2840e-19
5380.00   6.2609e-19
5382.00   1.6766e-18
5384.00   1.1533e-19
5386.00   4.6969e-19
5388.00   1.0473e-19
5390.00   3.3636e-20
5392.00   5.9626e-21
5394.00   4.1374e-18
5396.00   1.2354e-18
5398.00   1.7231e-20
5400.00   1.4665e-19
5402.00   1.1597e-19
5404.00   3.9718e-20
5406.00   2.3941e-18
5408.00   2.2157e-18
5410.00   3.3769e-20
5412.00   2.5907e-19
5414.00   2.5051e-17
5416.00   2.0891e-19
5418.00   8.0679e-19
5420.00   1.2981e-19
5422.00   2.2386e-19
5424.00   1.3636e-19
5426.00   1.0569e-16
5428.00   4.4381e-17
5430.00   7.9796e-20
5432.00   6.1781e-18
5434.00   4.2703e-19
5436.00   5.9811e-19
5438.00   6.8812e-20
5440.00   4.1211e-18
5442.00   1.2728e-19
5444.00   4.7568e-19
5446.00   8.6757e-18
5448.00   9.7060e-20
5450.00   1.8589e-17
5452.00   6.2443e-19
5454.00   1.5326e-19
5456.00   9.0724e-20
5458.00   1.0720e-19
5460.00   3.3420e-19
5462.00   7.4711e-23
5464.00   2.0805e-22
5466.00   1.4143e-17
5468.00   3.2482e-18
5470.00   5.1676e-19
5472.00   9.1509e-20
5474.00   1.3340e-20
5476.00   6.3068e-20
5478.00   8.4576e-18
5480.00   3.0372e-20
5482.00   3.4038e-19
5484.00   1.9760e-18
5486.00   1.3919e-18
5488.00   2.5921e-18
5490.00   1.0044e-19
5492.00   1.8177e-21
5494.00   3.5432e-21
5496.00   2.2592e-19
5498.00   3.3664e-18
5500.00   2.6907e-18
5502.00   1.3266e-17
5504.00   1.7808e-19
5506.00   8.8089e-19
5508.00   6.8856e-19
5510.00   3.6208e-18
5512.00   8.4946e-22
5514.00   1.6968e-19
5516.00   1.1726e-19
5518.00   2.8451e-19
5520.00   1.3890e-18
5522.00   1.1717e-19
5524.00   1.9496e-21
5526.00   5.6201e-18
5528.00   2.3769e-19
5530.00   4.0669e-17
5532.00   6.0724e-18
5534.00   2.4687e-17
5536.00   9.8436e-20
5538.00   1.1692e-18
5540.00   1.9558e-19
5542.00   3.8060e-19
5544.00   1.1971e-17
5546.00   1.7124e-18
5548.00   1.1681e-19
5550.00   1.2959e-19
5552.00   7.9128e-20
5554.00   1.4911e-19
5556.00   1.1981e-19
5558.00   4.2627e-20
5560.00   1.2282e-19
5562.00   5.2026e-21
5564.00   7.8536e-23
5566.00   4.9042e-18
5568.00   3.4405e-17
5570.00   1.7728e-19
5572.00   2.1866e-19
5574.00   1.0882e-19
5576.00   6.1882e-21
5578.00   5.6815e-20
5580.00   1.9079e-19
5582.00   2.6850e-18
5584.00   1.4124e-19
5586.00   2.4243e-20
5588.00   2.8567e-17
5590.00   1.3904e-19
5592.00   7.6474e-19
5594.00   3.7261e-21
5596.00   7.2081e-19
5598.00   2.5722e-20
5600.00   1.1430e-19
5602.00   5.7082e-19
5604.00   3.2874e-21
5606.00   1.3854e-20
5608.00   1.1331e-18
5610.00   7.3617e-20
5612.00   9.2010e-19
5614.00   5.1017e-20
5616.00   1.3597e-19
5618.00   3.6100e-19
5620.00   1.0254e-19
5622.00   1.0293e-19
5624.00   1.9512e-17
5626.00   2.9277e-18
5628.00   2.1048e-17
5630.00   1.2327e-18
5632.00   6.2261e-19
5634.00   1.0024e-19
5636.00   1.0120e-22
5638.00   5.2083e-19
5640.00   2.1319e-19
5642.00   1.0823e-21
5644.00   2.5455e-18
5646.00   8.6933e-22
5648.00   8.2379e-21
5650.00   6.7290e-20
5652.00   4.8175e-18
5654.00   1.9365e-19
5656.00   9.1087e-19
5658.00   2.6570e-17
5660.00   1.2983e-19
5662.00   7.3536e-20
5664.00   5.5959e-19
5666.00   4.5343e-20
5668.00   7.7336e-20
5670.00   1.9966e-17
5672.00   1.1369e-21
5674.00   6.8722e-19
5676.00   4.1692e-19
5678.00   8.6909e-20
5680.00   9.4890e-21
5682.00   2.2671e-19
5684.00   5.5979e-21
5686.00   2.3452e-22
5688.00   6.7769e-22
5690.00   2.6174e-17
5692.00   3.0108e-19
5694.00   4.5855e-22
5696.00   3.6653e-19
5698.00   7.4044e-23
5700.00   1.4625e-18
5702.00   4.6989e-21
5704.00   3.7974e-19
5706.00   1.4225e-19
5708.00   4.9752e-19
5710.00   2.2672e-20
5712.00   2.6705e-19
5714.00   2.5110e-20
5716.00   2.1625e-18
5718.00   2.1879e-18
5720.00   2.3001e-21
5722.00   5.9597e-18
5724.00   2.9936e-20
5726.00   6.3591e-18
5728.00   9.6094e-20
5730.00   1.0758e-18
5732.00   6.9820e-18
5734.00   8.4469e-20
5736.00   2.2570e-22
5738.00   3.6236e-18
5740.00   4.7056e-21
5742.00   3.8891e-20
5744.00   7.6537e-19
5746.00   3.5072e-18
5748.00   1.5586e-18
5750.00   3.5153e-19
5752.00   3.2060e-20
5754.00   2.4220e-18
5756.00   1.1871e-19
5758.00   6.3072e-19
5760.00   4.2541e-19
5762.00   5.6363e-19
5764.00   4.2793e-20
5766.00   5.9356e-19
5768.00   8.5493e-20
5770.00   1.3877e-20
5772.00   8.5105e-21
5774.00   1.4571e-19
5776.00   3.9590e-20
5778.00   5.2158e-21
5780.00   2.5192e-18
5782.00   6.6091e-19
5784.00   2.6042e-19
5786.00   1.4699e-20
5788.00   7.3528e-21
5790.00   3.7389e-19
5792.00   1.3417e-19
5794.00   1.0995e-19
5796.00   6.4738e-18
5798.00   8.4151e-19
5800.00   4.7268e-20
5802.00   1.3627e-18
5804.00   6.1293e-19
5806.00   1.8649e-20
5808.00   7.5605e-19
5810.00   1.8784e-19
5812.00   5.1560e-19
5814.00   3.6490e-17
5816.00   3.8044e-21
5818.00   5.0784e-20
5820.00   9.6386e-26
5822.00   9.2150e-20
5824.00   3.4194e-18
5826.00   4.9944e-18
5828.00   2.0515e-20
5830.00   1.6004e-18
5832.00   6.6470e-19
5834.00   1.6190e-18
5836.00   2.4686e-17
5838.00   6.2082e-21
5840.00   5.4319e-21
5842.00   6.6722e-19
5844.00   7.5861e-21
5846.00   4.9227e-22
5848.00   3.5915e-20
5850.00   2.5510e-20
5852.00   9.3768e-20
5854.00   1.7813e-18
5856.00   2.6171e-19
5858.00   5.4346e-20
5860.00   6.2751e-19
5862.00   1.8572e-18
5864.00   1.6399e-18
5866.00   7.2108e-21
5868.00   3.5068e-19
5870.00   3.3619e-19
5872.00   1.0575e-20
5874.00   6.1435e-20
5876.00   3.1974e-20
5878.00   1.2414e-20
5880.00   4.7542e-19
5882.00   9.6865e-21
5884.00   4.2774e-21
5886.00   5.1151e-20
5888.00   1.0896e-20
5890.00   3.7322e-22
5892.00   7.3423e-18
5894.00   6.4428e-21
5896.00   2.5371e-19
5898.00   4.6394e-19
5900.00   9.7369e-20
5902.00   6.8119e-18
5904.00   2.4473e-19
5906.00   1.3884e-19
5908.00   3.6095e-19
5910.00   4.1324e-19
5912.00   1.1654e-22
5914.00   2.7907e-17
5916.00   4.0456e-21
5918.00   3.9613e-21
5920.00   8.3054e-20
5922.00   3.9952e-18
5924.00   6.5973e-19
5926.00   2.0856e-18
5928.00   6.7275e-22
5930.00   2.6666e-19
5932.00   5.2910e-18
5934.00   3.3220e-21
5936.00   1.4928e-22
5938.00   1.0918e-20
5940.00   7.6749e-20
5942.00   2.1794e-20
5944.00   1.0076e-18
5946.00   1.3886e-18
5948.00   1.0182e-19
5950.00   3.3114e-20
5952.00   3.2620e-17
5954.00   8.2299e-22
5956.00   4.7134e-18
5958.00   5.0360e-21
5960.00   5.2715e-20
5962.00   9.4605e-18
5964.00   7.1980e-21
5966.00   3.7254e-22
5968.00   6.3034e-18
5970.00   2.6970e-20
5972.00   3.0654e-19
5974.00   4.9740e-20
5976.00   2.2735e-20
5978.00   2.9481e-23
5980.00   2.8271e-21
5982.00   5.7354e-18
5984.00   1.9001e-19
5986.00   5.9357e-19
5988.00   3.7326e-20
5990.00   2.0251e-22
5992.00   3.4090e-17
5994.00   2.0693e-18
5996.00   7.1095e-20
5998.00   1.0255e-19
6000.00   9.7832e-22
6002.00   3.6621e-21
6004.00   3.3036e-19
6006.00   3.3007e-19
6008.00   3.0308e-21
6010.00   3.7365e-21
6012.00   2.9980e-19
6014.00   1.6104e-19
6016.00   4.2586e-18
6018.00   6.7857e-18
6020.00   1.3632e-21
6022.00   2.0384e-18
6024.00   1.5247e-19
6026.00   5.3136e-22
6028.00   7.5623e-20
6030.00   1.0317e-20
6032.00   9.6691e-19
6034.00   1.2034e-18
6036.00   1.7590e-19
6038.00   2.5448e-21
6040.00   1.9294e-18
6042.00   7.4877e-21
6044.00   2.6205e-18
6046.00   1.5122e-17
6048.00   1.1187e-18
6050.00   5.9305e-18
6052.00   4.9290e-22
6054.00   3.1409e-20
6056.00   2.8294e-22
6058.00   2.2248e-19
6060.00   2.1740e-17
6062.00   5.2069e-21
6064.00   9.3558e-19
6066.00   8.1840e-24
6068.00   3.8644e-18
6070.00   2.8741e-18
6072.00   1.9274e-19
6074.00   5.0024e-20
6076.00   6.6435e-22
6078.00   2.0643e-17
6080.00   1.4373e-18
6082.00   6.7504e-22
6084.00   2.1201e-17
6086.00   2.5694e-19
6088.00   5.4945e-18
6090.00   4.0447e-23
6092.00   5.8961e-20
6094.00   3.4271e-20
6096.00   1.3792e-19
6098.00   1.3040e-20
6100.00   3.4251e-19
6102.00   2.2734e-23
6104.00   1.8660e-17
6106.00   1.4500e-19
6108.00   1.3811e-19
6110.00   5.3816e-25
6112.00   4.4048e-21
6114.00   1.3315e-17
6116.00   4.3856e-18
6118.00   1.3297e-18
6120.00   3.2255e-18
6122.00   2.5823e-18
6124.00   7.5776e-22
6126.00   4.0246e-20
6128.00   2.8904e-25
6130.00   5.5880e-18
6132.00   1.4998e-19
6134.00   5.5782e-19
6136.00   1.9855e-20
6138.00   4.9967e-22
6140.00   1.1660e-21
6142.00   1.9133e-18
6144.00   1.8295e-21
6146.00   1.2308e-19
6148.00   7.5401e-17
6150.00   7.8047e-17
6152.00   3.7699e-19
6154.00   5.4961e-18
6156.00   8.9427e-19
6158.00   2.4692e-18
6160.00   6.0602e-19
6162.00   3.5314e-21
6164.00   2.0239e-18
6166.00   2.8615e-19
6168.00   5.1848e-22
6170.00   7.2725e-21
6172.00   6.7898e-18
6174.00   2.7052e-19
6176.00   2.9230e-17
6178.00   1.6211e-19
6180.00   2.7964e-17
6182.00   1.0940e-21
6184.00   3.6727e-18
6186.00   1.2729e-17
6188.00   7.3905e-20
6190.00   3.0140e-19
6192.00   2.0742e-19
6194.00   3.0770e-22
6196.00   3.3805e-19
6198.00   6.5884e-19
6200.00   6.0740e-18
6202.00   1.6152e-19
6204.00   6.8901e-19
6206.00   6.0381e-22
6208.00   3.7062e-21
6210.00   3.2276e-21
6212.00   3.1741e-23
6214.00   4.4945e-19
6216.00   1.0605e-20
6218.00   1.7644e-19
6220.00   9.3336e-19
6222.00   3.2814e-18
6224.00   1.1163e-21
6226.00   6.2082e-26
6228.00   8.8497e-20
6230.00   2.0486e-18
6232.00   3.3028e-19
6234.00   1.3674e-17
6236.00   3.0903e-20
6238.00   9.2581e-17
6240.00   3.8123e-17
6242.00   5.2813e-21
6244.00   3.5831e-19
6246.00   9.1389e-21
6248.00   1.1025e-16
6250.00   2.5912e-24
6252.00   4.6452e-21
6254.00   5.9764e-23
6256.00   3.9198e-19
6258.00   2.0766e-19
6260.00   2.5780e-19
6262.00   7.8130e-19
6264.00   4.0036e-18
6266.00   1.2746e-20
6268.00   6.5641e-21
6270.00   1.9228e-19
6272.00   1.5299e-19
6274.00   2.9074e-18
6276.00   3.9025e-21
6278.00   6.2877e-22
6280.00   1.2901e-18
6282.00   8.2815e-21
6284.00   2.5128e-22
6286.00   4.4094e-23
6288.00   9.6356e-22
6290.00   1.0570e-17
6292.00   4.2109e-20
6294.00   9.0289e-20
6296.00   1.1216e-21
6298.00   6.3075e-20
6300.00   4.6828e-20
6302.00   1.9178e-20
6304.00   2.6658e-21
6306.00   2.6505e-17
6308.00   1.8389e-18
6310.00   8.6849e-19
6312.00   6.6252e-23
6314.00   1.6537e-20
6316.00   1.0878e-19
6318.00   7.1120e-17
6320.00   1.7652e-18
6322.00   1.3373e-19
6324.00   6.7207e-22
6326.00   1.9603e-18
6328.00   2.1456e-19
6330.00   4.3214e-22
6332.00   1.7114e-17
6334.00   1.1990e-23
6336.00   2.5312e-20
6338.00   1.2866e-18
6340.00   2.6284e-19
6342.00   9.0807e-21
6344.00   9.6317e-20
6346.00   2.6639e-18
6348.00   9.1681e-18
6350.00   3.3323e-18
6352.00   1.6149e-24
6354.00   1.2901e-19
6356.00   1.6266e-19
6358.00   2.2232e-20
6360.00   2.6286e-19
6362.00   7.2620e-19
6364.00   3.9652e-20
6366.00   3.6724e-20
6368.00   4.7670e-23
6370.00   1.9150e-17
6372.00   1.3917e-17
6374.00   1.0708e-20
6376.00   1.3488e-22
6378.00   4.5552e-21
6380.00   3.9192e-18
6382.00   2.1978e-19
6384.00   4.5809e-17
6386.00   1.4775e-17
6388.00   1.2535e-19
6390.00   1.0116e-20
6392.00   1.8817e-19
6394.00   1.3869e-19
6396.00   4.4919e-19
6398.00   2.3573e-19
6400.00   1.7804e-19
6402.00   4.7026e-19
6404.00   2.1146e-19
6406.00   5.7982e-20
6408.00   2.2894e-17
6410.00   2.6015e-18
6412.00   3.4127e-21
6414.00   4.9810e-24
6416.00   7.4210e-17
6418.00   9.5734e-20
6420.00   2.2939e-20
6422.00   2.7586e-19
6424.00   1.1945e-19
6426.00   3.4904e-22
6428.00   3.3884e-18
6430.00   2.9495e-21
6432.00   4.5670e-17
6434.00   3.0311e-18
6436.00   7.5754e-20
6438.00   1.6254e-22
6440.00   2.4932e-19
6442.00   6.9079e-18
6444.00   7.7668e-20
6446.00   2.0357e-17
6448.00   5.5385e-23
6450.00   8.9210e-21
6452.00   2.4449e-20
6454.00   1.8671e-19
6456.00   1.1069e-16
6458.00   7.6430e-23
6460.00   1.2705e-21
6462.00   4.2010e-21
6464.00   4.1856e-23
6466.00   7.9147e-18
6468.00   4.4589e-19
6470.00   2.6560e-22
6472.00   2.7724e-22
6474.00   7.4847e-20
6476.00   2.0344e-24
6478.00   3.4827e-26
6480.00   4.0883e-19
6482.00   2.4901e-17
6484.00   1.5967e-20
6486.00   6.5064e-18
6488.00   1.7972e-18
6490.00   4.3346e-25
6492.00   1.9216e-17
6494.00   2.6091e-17
6496.00   3.0197e-21
6498.00   2.0569e-21
6500.00   2.1046e-21
6502.00   3.7311e-23
6504.00   3.2730e-21
6506.00   5.7806e-18
6508.00   1.2870e-17
6510.00   2.3542e-19
6512.00   4.3488e-19
6514.00   8.9163e-20
6516.00   6.0401e-17
6518.00   1.1421e-17
6520.00   8.0446e-19
6522.00   1.4332e-20
6524.00   2.9275e-20
6526.00   1.5393e-21
6528.00   1.9423e-18
6530.00   1.5785e-18
6532.00   8.6846e-18
6534.00   1.1866e-18
6536.00   2.6679e-24
6538.00   1.3669e-19
6540.00   3.4669e-20
6542.00   5.6596e-21
6544.00   3.9273e-20
6546.00   4.3860e-26
6548.00   5.9101e-20
6550.00   2.9304e-20
6552.00   2.6782e-20
6554.00   2.8409e-20
6556.00   7.5924e-20
6558.00   2.8360e-19
6560.00   4.2112e-18
6562.00   5.2347e-18
6564.00   4.1916e-22
6566.00   5.1787e-20
6568.00   2.1785e-23
6570.00   2.2259e-19
6572.00   9.5780e-18
6574.00   1.7101e-17
6576.00   1.2203e-24
6578.00   1.1969e-19
6580.00   5.5698e-20
6582.00   2.1702e-18
6584.00   1.3914e-21
6586.00   1.4439e-17
6588.00   6.0057e-20
6590.00   1.7079e-23
6592.00   2.7909e-19
6594.00   2.9305e-18
6596.00   1.1217e-18
6598.00   1.3382e-18
6600.00   1.3214e-19
6602.00   1.1518e-20
6604.00   4.1108e-21
6606.00   2.1539e-22
6608.00   2.9716e-21
6610.00   5.8859e-18
6612.00   1.2313e-17
6614.00   3.4891e-18
6616.00   6.7212e-20
6618.00   5.2652e-18
6620.00   7.8273e-23
6622.00   4.0919e-21
6624.00   1.3063e-17
6626.00   6.2780e-20
6628.00   4.4432e-18
6630.00   8.5780e-27
6632.00   1.1367e-20
6634.00   7.5528e-21
6636.00   3.3562e-24
6638.00   2.3383e-20
6640.00   1.0066e-19
6642.00   2.4981e-21
6644.00   1.2869e-20
6646.00   1.9641e-25
6648.00   1.9692e-23
6650.00   5.2926e-18
6652.00   1.9148e-17
6654.00   6.9149e-20
6656.00   1.1661e-19
6658.00   5.5469e-18
6660.00   2.2018e-21
6662.00   2.9314e-20
6664.00   8.5702e-21
6666.00   4.2012e-18
6668.00   4.6145e-20
6670.00   8.1066e-20
6672.00   3.2928e-21
6674.00   2.8568e-20
6676.00   1.9509e-21
6678.00   5.1338e-18
6680.00   3.3205e-19
6682.00   1.2217e-17
6684.00   8.2342e-22
6686.00   3.3540e-21
6688.00   2.2893e-19
6690.00   5.4986e-20
6692.00   1.6340e-19
6694.00   3.8504e-18
6696.00   1.3106e-23
6698.00   1.3116e-20
6700.00   5.7444e-19
6702.00   5.5181e-20
6704.00   9.4197e-19
6706.00   9.6686e-19
6708.00   6.4868e-23
6710.00   1.1807e-19
6712.00   1.1991e-21
6714.00   3.3910e-20
6716.00   2.4382e-22
6718.00   3.4105e-22
6720.00   1.8469e-20
6722.00   1.2025e-22
6724.00   1.5030e-19
6726.00   6.5068e-22
6728.00   5.7179e-26
6730.00   6.6884e-18
6732.00   4.4189e-19
6734.00   8.6594e-25
6736.00   1.6540e-20
6738.00   4.0311e-23
6740.00   4.4289e-23
6742.00   1.7366e-20
6744.00   2.6067e-20
6746.00   3.8351e-21
6748.00   3.7888e-21
6750.00   8.0328e-19
6752.00   1.9173e-23
6754.00   3.0104e-21
6756.00   3.6345e-22
6758.00   1.3852e-20
6760.00   2.4917e-19
6762.00   8.0607e-21
6764.00   7.0931e-20
6766.00   5.0680e-20
6768.00   9.2381e-18
6770.00   6.2144e-20
6772.00   3.5686e-20
6774.00   8.9222e-22
6776.00   1.8536e-19
6778.00   1.7455e-21
6780.00   2.7407e-20
6782.00   1.7603e-21
6784.00   7.2934e-23
6786.00   2.4622e-20
6788.00   5.6832e-19
6790.00   3.7799e-21
6792.00   3.2703e-19
6794.00   2.3544e-20
6796.00   6.4580e-19
6798.00   4.6972e-21
6800.00   2.4423e-18
6802.00   5.9528e-20
6804.00   1.6053e-19
6806.00   2.7991e-22
6808.00   1.1566e-26
6810.00   8.3942e-21
6812.00   3.4198e-20
6814.00   5.9695e-20
6816.00   1.0330e-18
6818.00   2.2909e-21
6820.00   4.8337e-18
6822.00   2.2122e-18
6824.00   2.9876e-20
6826.00   9.6093e-19
6828.00   1.3828e-19
6830.00   1.6276e-20
6832.00   4.0983e-18
6834.00   4.2410e-21
6836.00   1.4695e-24
6838.00   5.5747e-19
6840.00   7.7481e-21
6842.00   2.7737e-22
6844.00   4.5372e-20
6846.00   2.6827e-21
6848.00   3.7976e-20
6850.00   1.0701e-20
6852.00   3.7013e-21
6854.00   3.3153e-25
6856.00   1.1433e-17
6858.00   5.9835e-20
6860.00   2.2295e-20
6862.00   6.0078e-18
6864.00   3.0416e-19
6866.00   3.5427e-18
6868.00   1.0159e-19
6870.00   2.6651e-18
6872.00   2.3256e-18
6874.00   9.8222e-19
6876.00   2.9156e-23
6878.00   2.5229e-18
6880.00   5.5054e-25
6882.00   1.8037e-20
6884.00   1.1574e-21
6886.00   7.0015e-20
6888.00   5.6163e-21
6890.00   1.1535e-18
6892.00   5.9572e-20
6894.00   5.8285e-22
6896.00   9.6687e-20
6898.00   1.1644e-24
6900.00   2.3697e-25
6902.00   7.4657e-21
6904.00   1.4454e-24
6906.00   2.9233e-18
6908.00   3.6841e-18
6910.00   1.7350e-21
6912.00   4.5221e-18
6914.00   4.4156e-18
6916.00   2.0312e-21
6918.00   1.7358e-19
6920.00   4.5880e-26
6922.00   9.8812e-22
6924.00   2.2810e-18
6926.00   1.9997e-19
6928.00   3.5112e-21
6930.00   1.6194e-18
6932.00   2.6190e-19
6934.00   3.0465e-21
6936.00   2.9885e-21
6938.00   2.9651e-21
6940.00   2.1708e-19
6942.00   1.4687e-19
6944.00   3.7204e-20
6946.00   6.4491e-19
6948.00   1.5855e-18
6950.00   2.3985e-18
6952.00   8.2084e-22
6954.00   8.4121e-24
6956.00   1.1719e-22
6958.00   1.6011e-19
6960.00   1.9080e-19
6962.00   6.2852e-20
6964.00   8.2717e-19
6966.00   6.6419e-19
6968.00   7.0840e-21
6970.00   7.4606e-21
6972.00   3.7366e-21
6974.00   3.5449e-20
6976.00   5.1940e-22
6978.00   2.1571e-18
6980.00   5.2376e-21
6982.00   4.3161e-21
6984.00   2.0237e-21
6986.00   4.0960e-20
6988.00   4.1752e-21
6990.00   9.9786e-21
6992.00   8.3359e-20
6994.00   6.9703e-19
6996.00   1.5331e-18
6998.00   4.9177e-21
7000.00   2.0751e-19
7002.00   1.8613e-20
7004.00   1.7236e-21
7006.00   3.3232e-22
7008.00   1.0543e-19
7010.00   1.4571e-18
7012.00   1.1480e-18
7014.00   6.3559e-22
7016.00   1.1502e-18
7018.00   2.6559e-20
7020.00   1.0982e-21
7022.00   3.2632e-19
7024.00   6.4034e-22
7026.00   4.8827e-22
7028.00   3.7715e-24
7030.00   1.5722e-21
7032.00   3.5446e-19
7034.00   1.1855e-19
7036.00   4.1888e-21
7038.00   1.4917e-19
7040.00   2.1729e-20
7042.00   1.4111e-20
7044.00   5.1232e-23
7046.00   2.3704e-20
7048.00   1.5230e-19
7050.00   1.3441e-25
7052.00   2.3018e-22
7054.00   8.1598e-20
7056.00   2.2289e-23
7058.00   2.7073e-20
7060.00   1.1021e-18
7062.00   3.9953e-24
7064.00   9.6192e-19
7066.00   1.0287e-20
7068.00   3.1030e-19
7070.00   1.2002e-21
7072.00   2.4949e-25
7074.00   9.1754e-21
7076.00   6.9098e-19
7078.00   1.9697e-20
7080.00   4.4137e-21
7082.00   4.9710e-21
7084.00   4.1584e-20
7086.00   6.6618e-25
7088.00   1.7040e-19
7090.00   1.0062e-19
7092.00   7.8165e-20
7094.00   8.8081e-21
7096.00   8.3148e-23
7098.00   4.9722e-19
7100.00   7.8953e-23
7102.00   4.7696e-21
7104.00   1.5039e-18
7106.00   7.6652e-21
7108.00   3.9600e-21
7110.00   9.2269e-18
7112.00   3.3426e-19
7114.00   8.3033e-19
7116.00   1.0712e-19
7118.00   6.2950e-19
7120.00   2.3690e-22
7122.00   4.8096e-24
7124.00   2.2980e-19
7126.00   2.2993e-22
7128.00   4.0681e-19
7130.00   7.6104e-19
7132.00   4.4301e-20
7134.00   4.5277e-20
7136.00   8.0643e-18
7138.00   3.6941e-20
7140.00   4.7545e-19
7142.00   3.8299e-24
7144.00   8.2437e-23
7146.00   1.2030e-19
7148.00   1.8082e-19
7150.00   2.4096e-19
7152.00   5.9616e-20
7154.00   4.9313e-22
7156.00   3.7885e-19
7158.00   1.2653e-19
7160.00   3.3367e-24
7162.00   4.2402e-19
7164.00   9.3473e-19
7166.00   3.2083e-21
7168.00   2.3422e-19
7170.00   6.8595e-19
7172.00   9.4708e-20
7174.00   1.4696e-21
7176.00   2.1476e-25
7178.00   3.1859e-20
7180.00   1.1068e-17
7182.00   1.9992e-18
7184.00   3.3781e-18
7186.00   3.4500e-20
7188.00   2.6398e-25
7190.00   1.5899e-21
7192.00   6.6816e-18
7194.00   8.1115e-18
7196.00   1.2405e-21
7198.00   8.4174e-23
7200.00   1.1411e-19
7202.00   1.6581e-21
7204.00   8.7147e-21
7206.00   1.4432e-20
7208.00   1.9483e-23
7210.00   1.3480e-22
7212.00   3.0162e-18
7214.00   7.0468e-22
7216.00   7.7959e-19
7218.00   4.3809e-20
7220.00   1.3023e-27
7222.00   3.8570e-17
7224.00   4.0394e-17
7226.00   2.2506e-18
7228.00   2.3911e-21
7230.00   3.9802e-20
7232.00   1.1114e-22
7234.00   1.1714e-20
7236.00   2.0822e-22
7238.00   9.3513e-20
7240.00   3.1315e-20
7242.00   4.9546e-21
7244.00   3.3673e-19
7246.00   5.1273e-20
7248.00   1.3719e-19
7250.00   1.3543e-20
7252.00   3.7035e-22
7254.00   1.2664e-18
7256.00   5.7966e-27
7258.00   2.0736e-22
7260.00   1.1430e-20
7262.00   4.5877e-19
7264.00   9.6612e-18
7266.00   1.0339e-18
7268.00   1.0778e-20
7270.00   3.2716e-22
7272.00   1.7278e-26
7274.00   5.2864e-19
7276.00   5.5480e-19
7278.00   6.5171e-19
7280.00   1.4270e-18
7282.00   4.5306e-18
7284.00   4.2613e-22
7286.00   3.1972e-19
7288.00   1.0249e-17
7290.00   5.0926e-18
7292.00   1.0890e-23
7294.00   2.6223e-20
7296.00   6.3356e-23
7298.00   1.3663e-20
7300.00   3.6796e-20
7302.00   2.6523e-17
7304.00   7.6155e-19
7306.00   2.7434e-19
7308.00   4.7888e-17
7310.00   3.8734e-17
7312.00   1.2676e-20
7314.00   3.1474e-21
7316.00   3.2319e-20
7318.00   5.2697e-19
7320.00   4.2379e-17
7322.00   4.4584e-19
7324.00   3.7263e-20
7326.00   3.1069e-22
7328.00   1.0989e-21
7330.00   1.0823e-21
7332.00   8.8199e-19
7334.00   4.3143e-18
7336.00   7.6756e-18
7338.00   6.4281e-24
7340.00   3.3830e-28
7342.00   3.6939e-21
7344.00   2.0131e-23
7346.00   3.9393e-22
7348.00   2.4770e-24
7350.00   4.5782e-19
7352.00   7.5875e-18
7354.00   3.7432e-20
7356.00   1.9778e-21
7358.00   2.4201e-19
7360.00   7.5364e-21
7362.00   4.8420e-20
7364.00   2.5260e-22
7366.00   9.2666e-20
7368.00   5.4267e-21
7370.00   9.6310e-19
7372.00   1.4849e-21
7374.00   2.1428e-21
7376.00   4.2691e-25
7378.00   2.2864e-21
7380.00   4.5258e-21
7382.00   6.3115e-21
7384.00   2.3554e-22
7386.00   4.6808e-20
7388.00   7.5525e-20
7390.00   9.5804e-22
7392.00   2.6208e-22
7394.00   1.0618e-21
7396.00   2.9131e-20
7398.00   8.1508e-21
7400.00   4.4284e-18
7402.00   2.4249e-18
7404.00   4.5165e-26
7406.00   1.1481e-19
7408.00   6.4421e-21
7410.00   5.2201e-18
7412.00   1.3189e-20
7414.00   3.0030e-19
7416.00   1.3264e-20
7418.00   2.3426e-18
7420.00   3.6910e-18
7422.00   2.7068e-20
7424.00   2.4846e-19
7426.00   2.6142e-18
7428.00   3.7359e-23
7430.00   3.8326e-18
7432.00   5.4245e-20
7434.00   7.9432e-21
7436.00   4.4337e-19
7438.00   4.8405e-21
7440.00   1.4590e-20
7442.00   3.9240e-22
7444.00   1.7036e-26
7446.00   6.8409e-18
7448.00   1.0645e-24
7450.00   4.3448e-17
7452.00   1.0716e-19
7454.00   1.3522e-18
7456.00   7.2395e-20
7458.00   2.6932e-21
7460.00   7.3392e-22
7462.00   5.7829e-17
7464.00   3.7046e-21
7466.00   1.5338e-18
7468.00   7.7972e-22
7470.00   1.5695e-21
7472.00   4.4059e-21
7474.00   3.4485e-22
7476.00   2.8692e-21
7478.00   8.4618e-24
7480.00   1.6765e-18
7482.00   1.7331e-18
7484.00   8.0408e-26
7486.00   3.9472e-20
7488.00   1.0647e-18
7490.00   5.1792e-22
7492.00   2.8610e-20
7494.00   1.9296e-22
7496.00   2.6894e-22
7498.00   1.0865e-19
7500.00   7.0823e-19
7502.00   7.6728e-19
7504.00   1.4896e-18
7506.00   1.6056e-22
7508.00   1.1278e-24
7510.00   2.8338e-21
7512.00   2.0121e-23
7514.00   4.5876e-20
7516.00   4.7977e-17
7518.00   1.4579e-19
7520.00   6.7676e-18
7522.00   2.4570e-21
7524.00   4.0604e-21
7526.00   7.9155e-20
7528.00   1.8438e-21
7530.00   8.8821e-22
7532.00   1.2745e-19
7534.00   3.4321e-17
7536.00   1.5956e-22
7538.00   3.0138e-22
7540.00   1.5678e-20
7542.00   2.2423e-20
7544.00   1.5520e-19
7546.00   3.7703e-25
7548.00   8.1657e-20
7550.00   1.1564e-21
7552.00   5.6816e-21
7554.00   5.9004e-19
7556.00   3.5721e-21
7558.00   6.2776e-21
7560.00   1.0679e-19
7562.00   1.7173e-20
7564.00   1.1622e-19
7566.00   3.4340e-20
7568.00   7.9818e-19
7570.00   2.2097e-21
7572.00   6.5081e-20
7574.00   1.0284e-26
7576.00   9.3608e-19
7578.00   4.7587e-25
7580.00   5.6686e-18
7582.00   1.5618e-22
7584.00   5.1550e-18
7586.00   1.1586e-20
7588.00   1.2927e-21
7590.00   1.0991e-25
7592.00   2.9566e-21
7594.00   6.3635e-21
7596.00   1.7462e-22
7598.00   8.6096e-20
7600.00   1.4699e-19
7602.00   1.2877e-20
7604.00   2.7664e-20
7606.00   8.0894e-20
7608.00   9.8477e-23
7610.00   1.0557e-19
7612.00   5.1169e-26
7614.00   3.8444e-19
7616.00   2.1380e-19
7618.00   1.5569e-18
7620.00   5.6379e-19
7622.00   5.7629e-21
7624.00   2.0625e-22
7626.00   1.3010e-20
7628.00   1.1708e-26
7630.00   1.9893e-23
7632.00   2.2612e-21
7634.00   1.3986e-20
7636.00   1.6150e-22
7638.00   2.8350e-18
7640.00   3.7776e-20
7642.00   5.3601e-20
7644.00   1.3783e-20
7646.00   4.5619e-19
7648.00   3.5161e-18
7650.00   1.4557e-21
7652.00   3.8663e-22
7654.00   2.4496e-18
7656.00   3.8200e-17
7658.00   1.0588e-17
7660.00   3.6294e-18
7662.00   1.9307e-24
7664.00   2.1361e-22
7666.00   4.1504e-21
7668.00   2.3354e-21
7670.00   5.6688e-22
7672.00   1.2421e-18
7674.00   1.3921e-21
7676.00   6.6782e-19
7678.00   7.1253e-21
7680.00   3.3541e-25
7682.00   1.9667e-24
7684.00   5.4515e-23
7686.00   5.5763e-18
7688.00   6.1475e-19
7690.00   5.3111e-19
7692.00   3.3363e-20
7694.00   4.1308e-19
7696.00   6.0784e-21
7698.00   3.8518e-18
7700.00   4.3080e-19
7702.00   1.1492e-19
7704.00   1.8075e-24
7706.00   3.5918e-20
7708.00   2.0749e-20
7710.00   1.7806e-19
7712.00   6.4962e-17
7714.00   7.5408e-20
7716.00   2.8819e-20
7718.00   2.0710e-23
7720.00   1.3903e-20
7722.00   2.2300e-22
7724.00   2.6681e-20
7726.00   1.4402e-22
7728.00   4.9439e-24
7730.00   3.7540e-20
7732.00   4.2849e-23
7734.00   1.2693e-21
7736.00   8.9645e-22
7738.00   7.0916e-18
7740.00   5.2387e-19
7742.00   1.1555e-18
7744.00   5.4883e-23
7746.00   2.1991e-19
7748.00   2.2640e-20
7750.00   7.9392e-23
7752.00   6.5370e-22
7754.00   3.5914e-23
7756.00   5.8012e-22
7758.00   1.2001e-18
7760.00   1.1758e-24
7762.00   2.8586e-19
7764.00   1.9509e-19
7766.00   7.7509e-20
7768.00   4.7435e-23
7770.00   1.8498e-27
7772.00   2.7024e-23
7774.00   1.6689e-19
7776.00   1.0390e-23
7778.00   6.1132e-19
7780.00   6.7499e-23
7782.00   2.4790e-22
7784.00   4.7031e-19
7786.00   7.5272e-25
7788.00   5.6602e-19
7790.00   1.6999e-20
7792.00   1.7882e-19
7794.00   1.3200e-18
7796.00   3.5934e-26
7798.00   5.4220e-18
7800.00   1.4346e-25
7802.00   4.2744e-18
7804.00   7.4885e-19
7806.00   5.4021e-18
7808.00   1.4439e-18
7810.00   1.7196e-21
7812.00   3.7776e-21
7814.00   5.5613e-18
7816.00   7.5388e-22
7818.00   4.7967e-19
7820.00   1.4824e-19
7822.00   2.1045e-22
7824.00   2.3313e-20
7826.00   1.7576e-20
7828.00   6.3638e-24
7830.00   1.9300e-18
7832.00   4.5314e-18
7834.00   2.3256e-19
7836.00   3.2783e-18
7838.00   9.5679e-20
7840.00   2.8918e-18
7842.00   6.5312e-18
7844.00   1.9419e-19
7846.00   6.1719e-19
7848.00   6.9708e-19
7850.00   3.0257e-26
7852.00   1.5891e-19
7854.00   1.2159e-21
7856.00   2.2853e-19
7858.00   1.7803e-25
7860.00   1.8997e-18
7862.00   3.0745e-20
7864.00   9.3536e-23
7866.00   1.1594e-18
7868.00   1.3097e-21
7870.00   6.1780e-20
7872.00   8.0708e-19
7874.00   1.2284e-20
7876.00   2.4364e-23
7878.00   1.0817e-21
7880.00   5.6579e-22
7882.00   7.9587e-20
7884.00   1.6804e-22
7886.00   4.8264e-19
7888.00   4.9646e-22
7890.00   1.5665e-24
7892.00   4.2959e-21
7894.00   4.1038e-18
7896.00   1.3480e-21
7898.00   8.0201e-19
7900.00   1.5436e-19
7902.00   4.3750e-23
7904.00   3.3901e-19
7906.00   3.5220e-20
7908.00   2.0006e-22
7910.00   8.7266e-26
7912.00   3.0944e-22
7914.00   3.3695e-18
7916.00   1.8699e-21
7918.00   1.6693e-18
7920.00   3.3849e-27
7922.00   8.1675e-19
7924.00   3.9791e-26
7926.00   4.5975e-19
7928.00   6.6889e-22
7930.00   3.8588e-19
7932.00   4.2249e-21
7934.00   4.0027e-19
7936.00   2.0166e-23
7938.00   6.1824e-19
7940.00   8.4984e-21
7942.00   1.5022e-20
7944.00   6.8397e-28
7946.00   3.2767e-22
7948.00   4.4203e-19
7950.00   3.8611e-22
7952.00   2.4912e-19
7954.00   8.2973e-22
7956.00   1.7547e-19
7958.00   1.0046e-22
7960.00   6.7493e-27
7962.00   1.0967e-22
7964.00   5.5046e-23
7966.00   1.1216e-20
7968.00   5.1496e-19
7970.00   1.2937e-18
7972.00   2.4028e-21
7974.00   2.3975e-19
7976.00   4.7431e-19
7978.00   9.5096e-20
7980.00   3.1588e-20
7982.00   5.4022e-18
7984.00   1.7493e-21
7986.00   8.8969e-19
7988.00   1.7405e-20
7990.00   8.4897e-22
7992.00   2.9793e-22
7994.00   2.6388e-20
7996.00   4.3954e-18
7998.00   1.1463e-19
8000.00   1.4719e-22
8002.00   4.9761e-21
8004.00   1.6455e-21
8006.00   2.8685e-21
8008.00   7.0713e-20
8010.00   1.0001e-21
8012.00   3.3169e-18
8014.00   1.7320e-20
8016.00   6.6287e-20
8018.00   6.3970e-19
8020.00   6.6980e-23
8022.00   1.3447e-22
8024.00   1.5836e-19
8026.00   4.6480e-22
8028.00   4.8133e-22
8030.00   4.1085e-19
8032.00   1.1726e-18
8034.00   5.5126e-23
8036.00   7.4465e-20
8038.00   5.5180e-19
8040.00   2.6413e-22
8042.00   5.4518e-19
8044.00   3.8443e-19
8046.00   7.4417e-27
8048.00   9.9881e-22
8050.00   1.3586e-20
8052.00   1.1194e-20
8054.00   5.3354e-19
8056.00   6.0438e-26
8058.00   5.2257e-23
8060.00   1.0808e-17
8062.00   6.7080e-21
8064.00   3.4600e-18
8066.00   8.9724e-24
8068.00   5.7504e-20
8070.00   3.4465e-19
8072.00   4.7830e-25
8074.00   4.5808e-18
8076.00   3.4877e-18
8078.00   1.2575e-20
8080.00   1.5443e-19
8082.00   1.0030e-25
8084.00   4.2324e-19
8086.00   4.7735e-20
8088.00   5.3758e-23
8090.00   3.9950e-20
8092.00   1.9551e-19
8094.00   1.7815e-19
8096.00   1.9139e-18
8098.00   1.6319e-21
8100.00   3.9692e-27
8102.00   5.0432e-22
8104.00   1.5946e-18
8106.00   3.8911e-19
8108.00   3.7292e-20
8110.00   2.6374e-21
8112.00   9.9313e-21
8114.00   7.1801e-21
8116.00   1.6832e-25
8118.00   2.4751e-19
8120.00   4.2415e-21
8122.00   3.7833e-22
8124.00   2.9485e-19
8126.00   3.8737e-21
8128.00   1.0633e-19
8130.00   7.3169e-21
8132.00   2.9500e-20
8134.00   2.1947e-22
8136.00   3.4700e-19
8138.00   7.3086e-25
8140.00   5.1960e-21
8142.00   9.7781e-23
8144.00   2.1874e-20
8146.00   4.5959e-20
8148.00   3.2752e-19
8150.00   8.8455e-23
8152.00   4.4858e-20
8154.00   8.5600e-22
8156.00   4.4879e-21
8158.00   4.9110e-20
8160.00   1.5632e-18
8162.00   2.3372e-24
8164.00   4.9346e-20
8166.00   3.5837e-24
8168.00   2.3864e-18
8170.00   2.6659e-23
8172.00   1.3960e-19
8174.00   7.5667e-19
8176.00   3.1942e-27
8178.00   5.8244e-20
8180.00   4.1095e-24
8182.00   1.0004e-19
8184.00   6.6863e-21
8186.00   5.1656e-20
8188.00   1.1900e-23
8190.00   1.0686e-18
8192.00   1.6677e-20
8194.00   4.7732e-21
8196.00   4.9712e-22
8198.00   2.5463e-21
8200.00   4.0133e-20
8202.00   3.3277e-19
8204.00   7.6734e-19
8206.00   3.1408e-19
8208.00   1.7370e-17
8210.00   3.2407e-18
8212.00   2.4794e-18
8214.00   1.0036e-21
8216.00   1.8778e-19
8218.00   4.1981e-20
8220.00   5.2666e-21
8222.00   2.8359e-19
8224.00   8.5069e-25
8226.00   2.5492e-22
8228.00   1.9130e-17
8230.00   1.3404e-20
8232.00   7.8622e-22
8234.00   7.6449e-19
8236.00   3.9939e-24
8238.00   2.6435e-18
8240.00   3.0138e-21
8242.00   6.8211e-19
8244.00   1.7895e-24
8246.00   1.9255e-20
8248.00   5.4855e-20
8250.00   1.5629e-18
8252.00   1.7613e-21
8254.00   1.7998e-21
8256.00   8.0390e-21
8258.00   1.2348e-19
8260.00   3.3256e-18
8262.00   3.1009e-20
8264.00   1.0784e-17
8266.00   5.3471e-21
8268.00   3.2090e-23
8270.00   1.2521e-21
8272.00   1.2986e-20
8274.00   8.3794e-19
8276.00   1.7996e-18
8278.00   1.4127e-19
8280.00   1.2821e-21
8282.00   2.5306e-22
8284.00   1.3332e-18
8286.00   1.4154e-21
8288.00   2.7429e-17
8290.00   1.7603e-18
8292.00   5.1383e-23
8294.00   4.7572e-20
8296.00   1.1888e-19
8298.00   1.2414e-21
8300.00   4.1084e-19
8302.00   4.4655e-18
8304.00   1.5676e-20
8306.00   1.0747e-18
8308.00   1.7418e-18
8310.00   3.0186e-18
8312.00   2.4362e-21
8314.00   6.0405e-20
8316.00   2.2349e-20
8318.00   2.4566e-25
8320.00   6.2851e-21
8322.00   1.2334e-18
8324.00   4.2684e-19
8326.00   5.6966e-27
8328.00   2.1565e-21
8330.00   5.3872e-19
8332.00   3.2900e-24
8334.00   1.6582e-19
8336.00   6.2112e-21
8338.00   9.2884e-19
8340.00   1.3325e-19
8342.00   4.1873e-21
8344.00   5.6455e-19
8346.00   8.8238e-21
8348.00   1.1823e-20
8350.00   2.5368e-24
8352.00   4.6068e-19
8354.00   1.8097e-21
8356.00   8.0984e-20
8358.00   1.0327e-17
8360.00   1.3830e-21
8362.00   3.1000e-25
8364.00   1.2971e-22
8366.00   9.0685e-19
8368.00   1.0396e-18
8370.00   6.8277e-24
8372.00   9.2508e-20
8374.00   4.3309e-20
8376.00   8.9525e-19
8378.00   2.4150e-19
8380.00   5.6105e-25
8382.00   1.7244e-18
8384.00   9.0230e-26
8386.00   2.4947e-18
8388.00   1.2659e-21
8390.00   6.3687e-20
8392.00   4.8641e-20
8394.00   1.7239e-25
8396.00   8.9641e-19
8398.00   5.9400e-18
8400.00   7.6783e-22
8402.00   2.1230e-22
8404.00   1.6163e-17
8406.00   1.0344e-19
8408.00   2.1093e-19
8410.00   2.2151e-21
8412.00   1.1728e-21
8414.00   1.0858e-19
8416.00   4.7739e-19
8418.00   2.0687e-22
8420.00   3.1355e-19
8422.00   3.7341e-21
8424.00   7.0066e-18
8426.00   6.0534e-27
8428.00   8.5143e-21
8430.00   5.0535e-22
8432.00   1.6686e-19
8434.00   1.3985e-19
8436.00   2.3928e-19
8438.00   4.9900e-20
8440.00   1.2875e-20
8442.00   4.3919e-25
8444.00   2.3962e-18
8446.00   2.5749e-21
8448.00   4.7453e-22
8450.00   1.2958e-22
8452.00   9.8263e-19
8454.00   1.8366e-18
8456.00   7.0868e-24
8458.00   1.0470e-21
8460.00   1.5478e-21
8462.00   6.0665e-24
8464.00   7.3410e-23
8466.00   1.7301e-19
8468.00   6.3257e-20
8470.00   8.6798e-18
8472.00   3.5829e-19
8474.00   5.4863e-19
8476.00   1.6358e-20
8478.00   1.1502e-20
8480.00   3.7094e-19
8482.00   2.7323e-20
8484.00   3.1562e-19
8486.00   3.4011e-18
8488.00   1.7511e-22
8490.00   1.4064e-17
8492.00   3.5536e-19
8494.00   2.2228e-21
8496.00   2.4181e-19
8498.00   6.1210e-20
8500.00   1.0131e-17
8502.00   4.8947e-24
8504.00   4.8872e-19
8506.00   9.6863e-20
8508.00   3.8583e-18
8510.00   3.9099e-22
8512.00   8.7205e-22
8514.00   2.8399e-19
8516.00   1.1663e-22
8518.00   1.5985e-18
8520.00   4.3352e-24
8522.00   5.3023e-22
8524.00   6.0057e-20
8526.00   1.3853e-21
8528.00   3.3470e-19
8530.00   7.5360e-21
8532.00   7.2444e-21
8534.00   4.6096e-23
8536.00   5.8109e-22
8538.00   9.6714e-23
8540.00   4.7821e-22
8542.00   6.1887e-23
8544.00   2.5621e-19
8546.00   2.4228e-20
8548.00   3.3120e-19
8550.00   8.9952e-19
8552.00   2.4252e-21
8554.00   2.3009e-18
8556.00   5.9142e-19
8558.00   2.7990e-19
8560.00   9.0884e-28
8562.00   1.6483e-22
8564.00   3.9022e-20
8566.00   2.2178e-21
8568.00   7.3465e-21
8570.00   7.5189e-23
8572.00   1.2954e-20
8574.00   4.4339e-19
8576.00   1.2149e-19
8578.00   5.8779e-21
8580.00   5.8883e-20
8582.00   1.3585e-19
8584.00   1.4751e-21
8586.00   1.4203e-22
8588.00   2.0546e-23
8590.00   3.1216e-20
8592.00   2.5381e-21
8594.00   5.5814e-22
8596.00   3.5547e-18
8598.00   8.3135e-21
8600.00   3.0560e-20
8602.00   6.8305e-20
8604.00   1.6426e-19
8606.00   1.2060e-19
8608.00   7.3996e-24
8610.00   5.3629e-23
8612.00   3.2881e-19
8614.00   9.2869e-23
8616.00   9.3108e-19
8618.00   8.3990e-22
8620.00   2.0199e-21
8622.00   1.8491e-21
8624.00   2.1658e-21
8626.00   4.2580e-19
8628.00   9.4645e-19
8630.00   1.2077e-19
8632.00   5.6873e-22
8634.00   4.6766e-20
8636.00   5.6073e-20
8638.00   1.8923e-22
8640.00   1.0408e-21
8642.00   6.1141e-18
8644.00   7.5391e-22
8646.00   2.9263e-24
8648.00   2.8454e-23
8650.00   1.8621e-18
8652.00   4.7074e-24
8654.00   3.4821e-21
8656.00   9.0174e-20
8658.00   4.0554e-26
8660.00   7.6661e-22
8662.00   2.9134e-21
8664.00   3.2084e-19
8666.00   9.0942e-22
8668.00   1.3096e-20
8670.00   1.8429e-20
8672.00   1.8497e-18
8674.00   6.5538e-23
8676.00   3.1970e-19
8678.00   1.0929e-18
8680.00   3.9457e-26
8682.00   1.6347e-24
8684.00   3.3874e-18
8686.00   2.4404e-24
8688.00   1.7801e-22
8690.00   1.1984e-19
8692.00   9.4821e-23
8694.00   7.9411e-22
8696.00   2.3691e-20
8698.00   1.8293e-25
8700.00   1.0045e-21
8702.00   4.9972e-22
8704.00   9.3214e-20
8706.00   1.1900e-20
8708.00   2.0896e-21
8710.00   1.3912e-25
8712.00   6.9671e-24
8714.00   1.1244e-19
8716.00   1.6433e-20
8718.00   1.2610e-21
8720.00   1.7978e-19
8722.00   9.4690e-18
8724.00   3.5580e-22
8726.00   4.0059e-25
8728.00   6.3742e-23
8730.00   1.8420e-22
8732.00   4.4895e-20
8734.00   2.6834e-21
8736.00   2.4801e-20
8738.00   2.4874e-24
8740.00   3.7218e-19
8742.00   8.4434e-24
8744.00   5.5279e-20
8746.00   1.6942e-19
8748.00   1.7853e-22
8750.00   5.3976e-19
8752.00   3.1039e-19
8754.00   1.4081e-20
8756.00   1.2072e-18
8758.00   1.2291e-18
8760.00   2.4703e-21
8762.00   7.6453e-19
8764.00   1.8062e-20
8766.00   2.4118e-22
8768.00   7.4723e-27
8770.00   5.3872e-24
8772.00   2.6543e-22
8774.00   4.9210e-23
8776.00   2.4830e-19
8778.00   2.8909e-24
8780.00   9.0064e-24
8782.00   6.6584e-22
8784.00   4.3584e-22
8786.00   1.7528e-26
8788.00   2.0448e-22
8790.00   1.3510e-22
8792.00   1.2200e-21
8794.00   3.9945e-19
8796.00   1.1635e-20
8798.00   2.6724e-22
8800.00   4.6516e-23
8802.00   4.2298e-28
8804.00   1.4300e-21
8806.00   3.2308e-20
8808.00   4.8996e-22
8810.00   1.1827e-18
8812.00   1.5560e-21
8814.00   1.5971e-23
8816.00   1.6554e-17
8818.00   1.0664e-21
8820.00   7.1412e-20
8822.00   1.0815e-24
8824.00   9.1771e-20
8826.00   7.8819e-20
8828.00   2.3420e-18
8830.00   8.7504e-23
8832.00   2.3338e-23
8834.00   4.5695e-22
8836.00   1.3414e-22
8838.00   5.1339e-20
8840.00   8.0079e-24
8842.00   1.0564e-20
8844.00   5.9347e-21
8846.00   1.4869e-20
8848.00   1.7833e-18
8850.00   1.3308e-20
8852.00   4.1771e-22
8854.00   2.1558e-21
8856.00   5.7970e-22
8858.00   4.6447e-21
8860.00   4.0905e-20
8862.00   7.1434e-23
8864.00   8.3753e-21
8866.00   7.9559e-28
8868.00   1.5313e-17
8870.00   2.0861e-19
8872.00   8.7284e-28
8874.00   1.2717e-17
8876.00   2.7785e-20
8878.00   2.2585e-23
8880.00   5.7334e-25
8882.00   7.6983e-21
8884.00   1.7881e-20
8886.00   7.7121e-21
8888.00   2.6904e-24
8890.00   3.4286e-19
8892.00   2.5472e-19
8894.00   1.1567e-21
8896.00   6.5046e-22
8898.00   8.0862e-19
8900.00   3.4798e-24
8902.00   8.1642e-22
8904.00   1.3344e-23
8906.00   9.6823e-23
8908.00   2.7179e-21
8910.00   5.3240e-23
8912.00   1.1144e-21
8914.00   1.4494e-23
8916.00   6.7137e-24
8918.00   4.6006e-21
8920.00   7.9729e-18
8922.00   5.0078e-20
8924.00   5.5792e-21
8926.00   5.1503e-18
8928.00   2.0726e-22
8930.00   2.8971e-26
8932.00   1.7213e-22
8934.00   9.2340e-20
8936.00   6.0066e-27
8938.00   1.3055e-17
8940.00   7.3899e-22
8942.00   1.0210e-23
8944.00   1.0621e-19
8946.00   1.3695e-18
8948.00   9.2386e-22
8950.00   7.2811e-20
8952.00   6.2694e-24
8954.00   7.8052e-24
8956.00   3.9805e-18
8958.00   6.2251e-22
8960.00   2.1029e-19
8962.00   2.0167e-22
8964.00   1.0872e-23
8966.00   6.7372e-20
8968.00   4.1527e-20
8970.00   3.2980e-21
8972.00   3.0494e-21
8974.00   4.1043e-25
8976.00   4.9198e-21
8978.00   4.3129e-28
8980.00   1.6952e-22
8982.00   3.9373e-19
8984.00   3.3630e-24
8986.00   5.7277e-21
8988.00   3.5311e-21
8990.00   6.0568e-18
8992.00   7.9732e-24
8994.00   1.1271e-20
8996.00   3.6222e-23
8998.00   2.1526e-23
9000.00   1.4716e-19
9002.00   4.1973e-21
9004.00   2.9953e-24
9006.00   3.2998e-18
9008.00   1.2771e-26
9010.00   2.5481e-21
9012.00   3.0430e-22
9014.00   2.0468e-18
9016.00   2.3035e-25
9018.00   3.5814e-26
9020.00   1.1000e-19
9022.00   4.4468e-25
9024.00   1.0062e-20
9026.00   1.2385e-19
9028.00   4.5483e-19
9030.00   9.8959e-20
9032.00   1.1798e-22
9034.00   6.6554e-21
9036.00   3.1988e-21
9038.00   3.7335e-19
9040.00   1.0744e-26
9042.00   7.9062e-21
9044.00   8.0046e-23
9046.00   2.9421e-27
9048.00   1.2039e-19
9050.00   1.0077e-19
9052.00   5.7134e-19
9054.00   4.1450e-23
9056.00   2.3773e-19
9058.00   2.4465e-19
9060.00   3.3711e-20
9062.00   7.3986e-18
9064.00   1.5028e-22
9066.00   1.1082e-19
9068.00   3.8114e-23
9070.00   6.3746e-18
9072.00   1.0361e-21
9074.00   5.3631e-20
9076.00   4.9469e-18
9078.00   7.7248e-18
9080.00   3.6558e-19
9082.00   1.8542e-20
9084.00   5.5642e-21
9086.00   3.7224e-24
9088.00   3.1309e-21
9090.00   1.7256e-18
9092.00   1.5997e-22
9094.00   1.6678e-26
9096.00   5.6522e-18
9098.00   7.7969e-21
9100.00   5.7358e-21
9102.00   4.8963e-22
9104.00   1.2475e-19
9106.00   2.4547e-20
9108.00   4.3382e-27
9110.00   2.6339e-21
9112.00   1.5401e-19
9114.00   6.7195e-20
9116.00   8.9175e-18
9118.00   8.0770e-21
9120.00   6.3289e-27
9122.00   7.6547e-18
9124.00   4.2886e-25
9126.00   1.5012e-19
9128.00   1.0062e-21
9130.00   2.1773e-19
9132.00   2.7481e-19
9134.00   9.0609e-21
9136.00   5.9991e-21
9138.00   1.0123e-19
9140.00   1.6962e-23
9142.00   1.3858e-23
9144.00   1.8144e-22
9146.00   3.1145e-21
9148.00   2.8328e-25
9150.00   5.4271e-23
9152.00   2.2279e-21
9154.00   1.9309e-20
9156.00   6.6600e-18
9158.00   3.7313e-26
9160.00   8.8403e-22
9162.00   5.7161e-25
9164.00   6.0209e-20
9166.00   3.9956e-24
9168.00   1.1743e-18
9170.00   1.2763e-20
9172.00   6.9301e-18
9174.00   1.7302e-24
9176.00   1.2341e-17
9178.00   6.0093e-18
9180.00   4.1804e-18
9182.00   4.1229e-20
9184.00   8.8282e-23
9186.00   1.7383e-26
9188.00   1.0092e-17
9190.00   2.2082e-22
9192.00   1.3510e-19
9194.00   6.5245e-20
9196.00   4.2013e-18
9198.00   1.6417e-22
9200.00   1.4767e-19
9202.00   1.8394e-18
9204.00   1.5907e-17
9206.00   1.3896e-23
9208.00   2.3223e-23
9210.00   4.6546e-18
9212.00   8.3314e-20
9214.00   2.4352e-19
9216.00   1.4528e-23
9218.00   3.6000e-25
9220.00   9.2316e-23
9222.00   4.1979e-20
9224.00   2.1549e-21
9226.00   2.4939e-20
9228.00   9.0547e-20
9230.00   2.6963e-25
9232.00   8.9081e-21
9234.00   3.1669e-20
9236.00   6.5488e-27
9238.00   6.4631e-19
9240.00   3.7798e-22
9242.00   1.0892e-18
9244.00   5.2755e-20
9246.00   4.1065e-21
9248.00   9.9918e-20
9250.00   4.3318e-21
9252.00   8.1245e-18
9254.00   5.4377e-22
9256.00   4.1379e-24
9258.00   1.4443e-18
9260.00   1.5855e-22
9262.00   5.4211e-29
9264.00   7.5204e-20
9266.00   2.5680e-23
9268.00   3.0170e-20
9270.00   1.5026e-22
9272.00   5.1225e-18
9274.00   6.8348e-19
9276.00   3.5401e-26
9278.00   1.8603e-24
9280.00   1.4072e-28
9282.00   1.1825e-19
9284.00   2.3623e-20
9286.00   2.5507e-19
9288.00   5.2571e-24
9290.00   2.0185e-18
9292.00   1.3107e-27
9294.00   1.1116e-21
9296.00   3.7363e-18
9298.00   5.6019e-19
9300.00   4.9630e-22
9302.00   3.1263e-28
9304.00   6.8037e-18
9306.00   4.0353e-20
9308.00   7.2135e-22
9310.00   1.8284e-21
9312.00   4.5837e-23
9314.00   6.0900e-22
9316.00   2.7816e-18
9318.00   6.4384e-24
9320.00   5.2077e-19
9322.00   1.1816e-19
9324.00   1.0132e-18
9326.00   1.4237e-18
9328.00   3.7263e-18
9330.00   4.1678e-20
9332.00   1.3531e-25
9334.00   9.8605e-23
9336.00   4.2464e-21
9338.00   9.8803e-22
9340.00   2.0221e-23
9342.00   1.1184e-18
9344.00   1.8322e-28
9346.00   1.6849e-22
9348.00   9.2078e-20
9350.00   9.1410e-19
9352.00   5.2073e-21
9354.00   9.6215e-25
9356.00   1.9119e-19
9358.00   7.8853e-19
9360.00   6.7560e-25
9362.00   1.1481e-21
9364.00   9.2686e-25
9366.00   3.3076e-21
9368.00   5.9837e-20
9370.00   2.5946e-24
9372.00   4.5002e-20
9374.00   3.6314e-20
9376.00   1.3551e-18
9378.00   3.5072e-22
9380.00   3.7214e-21
9382.00   1.6901e-21
9384.00   2.1030e-21
9386.00   8.3096e-21
9388.00   3.4498e-20
9390.00   2.8864e-22
9392.00   6.1986e-20
9394.00   4.6468e-21
9396.00   3.1675e-28
9398.00   1.3358e-26
9400.00   1.4091e-20
9402.00   9.8646e-24
9404.00   4.6353e-20
9406.00   4.6622e-21
9408.00   2.1962e-18
9410.00   9.3858e-19
9412.00   1.1547e-20
9414.00   7.4863e-20
9416.00   3.0031e-24
9418.00   5.1892e-18
9420.00   9.1417e-22
9422.00   1.1991e-21
9424.00   1.1396e-21
9426.00   2.3647e-20
9428.00   1.6559e-17
9430.00   2.3903e-21
9432.00   2.5520e-18
9434.00   4.1388e-28
9436.00   1.8721e-18
9438.00   5.0379e-21
9440.00   8.4689e-21
9442.00   6.2954e-20
9444.00   5.2467e-25
9446.00   2.6451e-19
9448.00   1.9474e-22
9450.00   6.3143e-24
9452.00   2.3604e-20
9454.00   1.5720e-23
9456.00   1.0169e-20
9458.00   1.2523e-21
9460.00   1.0268e-24
9462.00   8.9998e-23
9464.00   5.8737e-18
9466.00   1.9359e-21
9468.00   2.3257e-19
9470.00   4.0641e-20
9472.00   9.4031e-22
9474.00   6.6309e-18
9476.00   3.2907e-21
9478.00   1.1054e-20
9480.00   1.5569e-23
9482.00   6.3077e-21
9484.00   1.8158e-23
9486.00   8.1579e-24
9488.00   9.3130e-25
9490.00   4.4130e-22
9492.00   2.0627e-20
9494.00   3.1029e-28
9496.00   3.6433e-20
9498.00   6.0907e-19
9500.00   1.2672e-20
9502.00   1.3021e-25
9504.00   1.3066e-21
9506.00   5.2087e-25
9508.00   3.9427e-22
9510.00   1.3027e-17
9512.00   3.9944e-25
9514.00   1.5626e-20
9516.00   2.3967e-24
9518.00   1.5497e-21
9520.00   5.3051e-20
9522.00   1.3909e-22
9524.00   3.5775e-20
9526.00   7.9697e-21
9528.00   2.1911e-18
9530.00   1.0471e-23
9532.00   5.0211e-18
9534.00   8.2175e-18
9536.00   7.7737e-20
9538.00   8.1929e-25
9540.00   3.5353e-21
9542.00   4.3639e-20
9544.00   2.3157e-26
9546.00   5.0468e-20
9548.00   7.2722e-21
9550.00   1.1126e-17
9552.00   1.3256e-20
9554.00   1.1609e-22
9556.00   1.3481e-17
9558.00   1.2793e-19
9560.00   3.3097e-19
9562.00   2.1185e-27
9564.00   4.1147e-20
9566.00   1.0494e-19
9568.00   9.1516e-20
9570.00   8.9777e-19
9572.00   1.9364e-18
9574.00   7.0106e-24
9576.00   1.9784e-24
9578.00   4.5912e-21
9580.00   1.4628e-20
9582.00   1.8233e-21
9584.00   4.6341e-25
9586.00   9.3140e-22
9588.00   1.0206e-24
9590.00   2.2310e-19
9592.00   1.1989e-20
9594.00   1.3619e-23
9596.00   1.3933e-19
9598.00   6.1009e-20
9600.00   1.5164e-21
9602.00   3.2485e-21
9604.00   8.9020e-28
9606.00   2.7887e-19
9608.00   2.9252e-21
9610.00   4.0488e-21
9612.00   5.2874e-21
9614.00   3.8915e-20
9616.00   3.9776e-27
9618.00   8.1268e-18
9620.00   2.7973e-23
9622.00   4.1045e-26
9624.00   3.6548e-26
9626.00   2.9717e-27
9628.00   3.4411e-27
9630.00   1.4974e-20
9632.00   9.1353e-21
9634.00   2.6340e-18
9636.00   4.2213e-23
9638.00   4.5856e-20
9640.00   2.4388e-21
9642.00   2.3670e-21
9644.00   2.7185e-26
9646.00   6.5689e-21
9648.00   2.5301e-24
9650.00   6.1639e-24
9652.00   1.3085e-20
9654.00   1.4794e-28
9656.00   3.1206e-18
9658.00   4.5749e-24
9660.00   5.2449e-23
9662.00   2.7385e-18
9664.00   3.1806e-20
9666.00   1.0847e-26
9668.00   2.7476e-23
9670.00   7.4751e-20
9672.00   4.8299e-19
9674.00   2.3521e-21
9676.00   5.1086e-20
9678.00   4.2485e-22
9680.00   8.1430e-18
9682.00   3.4689e-20
9684.00   3.5439e-21
9686.00   1.3509e-21
9688.00   3.2925e-27
9690.00   4.2247e-24
9692.00   3.1922e-25
9694.00   4.1325e-26
9696.00   3.6008e-20
9698.00   1.4532e-23
9700.00   3.1866e-21
9702.00   1.3706e-26
9704.00   6.7583e-21
9706.00   1.4595e-22
9708.00   3.7134e-25
9710.00   4.6058e-26
9712.00   3.9025e-22
9714.00   5.5265e-20
9716.00   1.9733e-24
9718.00   1.3519e-19
9720.00   1.4943e-23
9722.00   8.8617e-21
9724.00   3.1136e-21
9726.00   2.2095e-25
9728.00   9.2056e-24
9730.00   1.7655e-20
9732.00   7.5980e-22
9734.00   1.2637e-23
9736.00   5.0493e-20
9738.00   3.5092e-20
9740.00   1.4557e-21
9742.00   1.1165e-19
9744.00   2.8345e-19
9746.00   6.1403e-19
9748.00   4.6574e-20
9750.00   9.1083e-20
9752.00   2.8587e-26
9754.00   1.0991e-22
9756.00   1.2686e-20
9758.00   3.6058e-28
9760.00   1.1851e-22
9762.00   1.7615e-26
9764.00   5.6288e-19
9766.00   5.7184e-19
9768.00   1.3383e-21
9770.00   1.0491e-22
9772.00   2.0248e-23
9774.00   3.3986e-25
9776.00   3.2454e-26
9778.00   8.0191e-25
9780.00   9.7962e-22
9782.00   4.4011e-20
9784.00   1.5012e-28
9786.00   1.4197e-24
9788.00   1.1806e-18
9790.00   1.6290e-23
9792.00   5.6779e-25
9794.00   1.0816e-21
9796.00   2.9992e-19
9798.00   7.2517e-21
9800.00   1.9401e-20
9802.00   1.2018e-22
9804.00   9.4946e-24
9806.00   1.1157e-19
9808.00   1.7197e-19
9810.00   1.9398e-21
9812.00   2.8862e-18
9814.00   3.2998e-26
9816.00   1.1636e-19
9818.00   1.4753e-25
9820.00   2.3984e-23
9822.00   1.2686e-23
9824.00   8.6206e-23
9826.00   7.4923e-20
9828.00   5.0987e-21
9830.00   1.3481e-22
9832.00   7.2506e-30
9834.00   7.2163e-25
9836.00   8.9932e-25
9838.00   8.4961e-21
9840.00   1.9263e-27
9842.00   1.1535e-20
9844.00   5.7930e-18
9846.00   4.3626e-22
9848.00   5.5551e-19
9850.00   4.7613e-20
9852.00   1.3329e-24
9854.00   2.0316e-23
9856.00   2.6511e-26
9858.00   7.8586e-22
9860.00   1.3434e-23
9862.00   1.1575e-20
9864.00   1.3127e-24
9866.00   1.1667e-23
9868.00   6.7571e-19
9870.00   2.1896e-23
9872.00   3.1639e-21
9874.00   2.9352e-21
9876.00   4.9368e-21
9878.00   8.8485e-25
9880.00   3.3292e-20
9882.00   3.2910e-20
9884.00   4.1220e-23
9886.00   2.2833e-25
9888.00   2.2028e-23
9890.00   9.9545e-27
9892.00   3.3902e-23
9894.00   6.2492e-19
9896.00   7.5603e-19
9898.00   6.7448e-24
9900.00   7.3822e-19
9902.00   3.2985e-23
9904.00   5.5645e-19
9906.00   6.9207e-20
9908.00   2.0656e-19
9910.00   3.5821e-20
9912.00   2.0132e-20
9914.00   1.7900e-25
9916.00   1.9685e-22
9918.00   5.3276e-25
9920.00   1.7361e-19
9922.00   2.7893e-21
9924.00   7.5697e-21
9926.00   3.7026e-24
9928.00   1.9988e-27
9930.00   2.2568e-25
9932.00   5.0201e-21
9934.00   3.5170e-22
9936.00   2.9851e-22
9938.00   1.3747e-20
9940.00   2.9163e-22
9942.00   2.1696e-24
9944.00   5.1748e-23
9946.00   2.6677e-19
9948.00   7.3673e-25
9950.00   1.4300e-20
9952.00   6.1226e-26
9954.00   4.2760e-20
9956.00   6.8925e-18
9958.00   1.8868e-21
9960.00   1.3175e-24
9962.00   2.9642e-21
9964.00   3.3116e-26
9966.00   2.3256e-27
9968.00   1.7670e-22
9970.00   1.0461e-20
9972.00   5.1441e-22
9974.00   3.4046e-28
9976.00   3.2290e-20
9978.00   5.2431e-21
9980.00   1.7075e-25
9982.00   3.0561e-20
9984.00   3.7385e-20
9986.00   4.6338e-23
9988.00   1.3701e-28
9990.00   2.1951e-23
9992.00   1.6693e-20
9994.00   1.3766e-20
9996.00   6.8968e-22
9998.00   3.6739e-17
10000.00   1.2167e-23
