1000.97394    5.9876e-18    6.2033e-18    5.1525e-18
1002.92358    1.9574e-18    1.8456e-18    2.3900e-18
1004.87708    2.6323e-18    2.3624e-18    3.6774e-18
1006.83441    2.1418e-18    1.8571e-18    3.2439e-18
1008.79553    3.1844e-18    3.1356e-18    3.3733e-18
1010.76050    2.0227e-19    1.5497e-19    3.8541e-19
1012.72925    1.3107e-18    1.2651e-18    1.4873e-18
1014.70178    2.4847e-18    2.4021e-18    2.8044e-18
1016.67822    3.2084e-18    3.1923e-18    3.2710e-18
1018.65857    1.9651e-18    1.8681e-18    2.3406e-18
1020.64270    2.9686e-18    3.0385e-18    2.6983e-18
1022.63074    2.9317e-18    2.9987e-18    2.6724e-18
1024.62256    9.2850e-19    1.0747e-18    3.6244e-19
1026.61841    4.5326e-19    5.4062e-19    1.1502e-19
1028.61792    1.5819e-18    1.8928e-18    3.7791e-19
1030.62158    3.3609e-18    3.8157e-18    1.6003e-18
1032.62891    3.6731e-18    4.1564e-18    1.8018e-18
1034.64038    4.7319e-18    5.1228e-18    3.2184e-18
1036.65564    4.0123e-18    4.8675e-18    7.0133e-19
1038.67480    1.3784e-18    1.2112e-18    2.0259e-18
1040.69800    3.8957e-18    3.6249e-18    4.9444e-18
1042.72510    3.1787e-18    3.0332e-18    3.7424e-18
1044.75610    3.6674e-18    3.1187e-18    5.7920e-18
1046.79102    2.8739e-18    2.4080e-18    4.6779e-18
1048.83008    4.7977e-19    3.6335e-19    9.3052e-19
1050.87292    3.3209e-18    3.0138e-18    4.5099e-18
1052.91980    2.3952e-18    1.6743e-18    5.1864e-18
1054.97070    1.0958e-17    1.2517e-17    4.9216e-18
1057.02563    7.1093e-18    5.8198e-18    1.2102e-17
1059.08447    8.9572e-18    8.8911e-18    9.2130e-18
1061.14734    1.8009e-17    1.8065e-17    1.7790e-17
1063.21436    2.9896e-17    3.3435e-17    1.6190e-17
1065.28516    9.8874e-18    9.2969e-18    1.2174e-17
1067.36011    3.0048e-17    3.4320e-17    1.3506e-17
1069.43921    1.5524e-17    1.6480e-17    1.1824e-17
1071.52222    1.9459e-17    2.0857e-17    1.4047e-17
1073.60938    6.0832e-17    7.0996e-17    2.1480e-17
1075.70056    3.8624e-17    4.3293e-17    2.0545e-17
1077.79590    2.8717e-17    2.7608e-17    3.3013e-17
1079.89514    3.7511e-18    2.9225e-18    6.9592e-18
1081.99854    9.7337e-18    1.1083e-17    4.5091e-18
1084.10608    1.6506e-17    1.8968e-17    6.9735e-18
1086.21777    5.0684e-18    3.6973e-18    1.0377e-17
1088.33350    1.7149e-17    1.8285e-17    1.2752e-17
1090.45337    2.4564e-17    2.5628e-17    2.0446e-17
1092.57727    1.4663e-17    1.6068e-17    9.2254e-18
1094.70532    1.9195e-17    1.9272e-17    1.8898e-17
1096.83765    2.2993e-17    2.4949e-17    1.5419e-17
1098.97412    2.8719e-17    3.2819e-17    1.2846e-17
1101.11475    1.9504e-17    2.1648e-17    1.1201e-17
1103.25952    9.5283e-18    8.2549e-18    1.4458e-17
1105.40845    1.5695e-17    1.4917e-17    1.8710e-17
1107.56152    2.7982e-17    2.5424e-17    3.7888e-17
1109.71887    1.8169e-17    1.8195e-17    1.8068e-17
1111.88037    3.7537e-17    3.9121e-17    3.1405e-17
1114.04614    5.7673e-17    5.4313e-17    7.0683e-17
1116.21606    2.9699e-17    2.9126e-17    3.1919e-17
1118.39014    3.8885e-18    3.0680e-18    7.0655e-18
1120.56860    6.9129e-18    5.4617e-18    1.2531e-17
1122.75122    1.9878e-17    2.3482e-17    5.9271e-18
1124.93811    2.0634e-17    2.1394e-17    1.7690e-17
1127.12927    5.6638e-17    6.4455e-17    2.6375e-17
1129.32471    3.2630e-17    3.4954e-17    2.3629e-17
1131.52441    3.6184e-17    3.9039e-17    2.5131e-17
1133.72839    4.3622e-17    5.1566e-17    1.2862e-17
1135.93665    1.4518e-17    1.2535e-17    2.2194e-17
1138.14917    1.6815e-17    1.7749e-17    1.3198e-17
1140.36621    2.5441e-17    2.2430e-17    3.7099e-17
1142.58740    4.1813e-17    4.4400e-17    3.1798e-17
1144.81299    1.1902e-16    1.2533e-16    9.4571e-17
1147.04272    1.0725e-16    1.1458e-16    7.8865e-17
1149.27698    8.8412e-17    8.7380e-17    9.2407e-17
1151.51562    8.0829e-17    8.2924e-17    7.2721e-17
1153.75854    7.4345e-17    7.4199e-17    7.4910e-17
1156.00586    2.6315e-17    1.9600e-17    5.2312e-17
1158.25745    5.3196e-17    4.0467e-17    1.0248e-16
1160.51355    6.4944e-17    5.3972e-17    1.0743e-16
1162.77393    3.9411e-17    3.2602e-17    6.5774e-17
1165.03882    5.0717e-17    3.8653e-17    9.7424e-17
1167.30811    6.2699e-17    4.8489e-17    1.1772e-16
1169.58179    6.5154e-17    5.6150e-17    1.0002e-16
1171.85986    5.7859e-17    4.6771e-17    1.0079e-16
1174.14246    7.5754e-17    5.9759e-17    1.3768e-16
1176.42944    5.0396e-17    4.5662e-17    6.8725e-17
1178.72095    2.0387e-17    1.8267e-17    2.8593e-17
1181.01685    4.1870e-17    3.6400e-17    6.3049e-17
1183.31714    2.9067e-17    2.4830e-17    4.5470e-17
1185.62207    4.6821e-17    4.1810e-17    6.6218e-17
1187.93140    6.8517e-17    6.0405e-17    9.9924e-17
1190.24536    3.4490e-17    3.1199e-17    4.7232e-17
1192.56372    6.5084e-17    6.1553e-17    7.8759e-17
1194.88647    2.9403e-17    3.0019e-17    2.7017e-17
1197.21387    1.1442e-16    1.1257e-16    1.2157e-16
1199.54590    8.2193e-17    8.0221e-17    8.9828e-17
1201.88232    3.1456e-17    3.0800e-17    3.3997e-17
1204.22339    1.0017e-17    1.0630e-17    7.6407e-18
1206.56897    1.5525e-17    1.7936e-17    6.1908e-18
1208.91919    8.3843e-17    9.9287e-17    2.4047e-17
1211.27393    2.2051e-17    2.5950e-17    6.9565e-18
1213.63330    1.4688e-17    1.8021e-17    1.7828e-18
1215.99719    4.6603e-18    5.1487e-18    2.7696e-18
1218.36572    2.2487e-17    2.7118e-17    4.5584e-18
1220.73877    1.1157e-16    1.3619e-16    1.6253e-17
1223.11658    1.5158e-17    1.7945e-17    4.3678e-18
1225.49902    1.3971e-17    1.5186e-17    9.2662e-18
1227.88599    2.4066e-17    2.5949e-17    1.6777e-17
1230.27771    9.1364e-18    8.9758e-18    9.7583e-18
1232.67407    3.0658e-17    2.9807e-17    3.3952e-17
1235.07507    2.5544e-17    2.3916e-17    3.1849e-17
1237.48071    2.3316e-17    2.1371e-17    3.0846e-17
1239.89111    2.3810e-17    2.0873e-17    3.5181e-17
1242.30615    3.4328e-17    2.8917e-17    5.5276e-17
1244.72595    1.9064e-17    1.6643e-17    2.8439e-17
1247.15039    1.3932e-17    1.0664e-17    2.6584e-17
1249.57959    1.8780e-17    1.6889e-17    2.6102e-17
1252.01355    2.1822e-17    1.7909e-17    3.6971e-17
1254.45215    2.2587e-17    1.8537e-17    3.8268e-17
1256.89563    3.2003e-17    2.3505e-17    6.4907e-17
1259.34375    5.0143e-17    3.9355e-17    9.1909e-17
1261.79675    3.7417e-17    3.2334e-17    5.7095e-17
1264.25452    5.6228e-17    4.2019e-17    1.1124e-16
1266.71704    1.6228e-16    1.1322e-16    3.5221e-16
1269.18433    1.9870e-17    1.6141e-17    3.4305e-17
1271.65649    5.2570e-17    4.2066e-17    9.3239e-17
1274.13342    2.3891e-17    1.8811e-17    4.3558e-17
1276.61523    3.1606e-17    2.4912e-17    5.7526e-17
1279.10181    3.1002e-17    2.1140e-17    6.9181e-17
1281.59326    1.6875e-17    1.1984e-17    3.5815e-17
1284.08960    1.6387e-17    1.1267e-17    3.6209e-17
1286.59070    1.7852e-17    1.3251e-17    3.5663e-17
1289.09668    5.3899e-17    4.1799e-17    1.0075e-16
1291.60767    3.0481e-17    2.1882e-17    6.3771e-17
1294.12341    2.8392e-17    2.0205e-17    6.0087e-17
1296.64404    5.2266e-17    5.1439e-17    5.5467e-17
1299.16968    6.2640e-17    5.7511e-17    8.2495e-17
1301.70020    2.7248e-17    1.9909e-17    5.5662e-17
1304.23572    5.2450e-17    4.9293e-17    6.4670e-17
1306.77612    2.8211e-17    2.0260e-17    5.8995e-17
1309.32141    1.2570e-17    8.8859e-18    2.6831e-17
1311.87183    1.3062e-17    9.0028e-18    2.8779e-17
1314.42700    2.1318e-17    1.6678e-17    3.9282e-17
1316.98730    2.0838e-17    1.4387e-17    4.5813e-17
1319.55249    2.7779e-17    2.0349e-17    5.6548e-17
1322.12280    3.1559e-17    2.4436e-17    5.9136e-17
1324.69800    2.5555e-17    1.6970e-17    5.8790e-17
1327.27820    2.8998e-17    1.9939e-17    6.4070e-17
1329.86353    1.9484e-17    1.2896e-17    4.4990e-17
1332.45386    3.0002e-17    1.9671e-17    6.9997e-17
1335.04919    1.3715e-17    9.3748e-18    3.0519e-17
1337.64966    1.2699e-17    8.4973e-18    2.8968e-17
1340.25513    2.3164e-17    1.7556e-17    4.4876e-17
1342.86560    9.1428e-18    6.0082e-18    2.1279e-17
1345.48120    2.1791e-17    1.5153e-17    4.7491e-17
1348.10205    2.6253e-18    1.7392e-18    6.0562e-18
1350.72778    2.0123e-17    1.3162e-17    4.7076e-17
1353.35876    2.4230e-17    1.5743e-17    5.7088e-17
1355.99487    1.7802e-17    1.1758e-17    4.1201e-17
1358.63611    2.1587e-17    1.8372e-17    3.4034e-17
1361.28247    4.6014e-17    3.3087e-17    9.6065e-17
1363.93396    4.7033e-17    3.3570e-17    9.9158e-17
1366.59058    3.9417e-17    3.0760e-17    7.2937e-17
1369.25244    2.4990e-17    1.8572e-17    4.9842e-17
1371.91956    4.5792e-17    3.5039e-17    8.7425e-17
1374.59180    7.0035e-17    5.4051e-17    1.3192e-16
1377.26929    5.3210e-17    4.4007e-17    8.8844e-17
1379.95190    3.3420e-17    2.5523e-17    6.3994e-17
1382.63965    4.3846e-17    3.0999e-17    9.3585e-17
1385.33276    2.3967e-17    1.5438e-17    5.6990e-17
1388.03125    3.4062e-17    2.5541e-17    6.7051e-17
1390.73486    1.6399e-17    1.1896e-17    3.3832e-17
1393.44360    2.3229e-17    1.7765e-17    4.4384e-17
1396.15784    2.6633e-17    1.9743e-17    5.3311e-17
1398.87720    9.2361e-17    7.5314e-17    1.5836e-16
1401.60205    5.8886e-17    5.1081e-17    8.9107e-17
1404.33203    3.3327e-17    2.4312e-17    6.8230e-17
1407.06738    1.3496e-17    9.6472e-18    2.8397e-17
1409.80811    1.9120e-17    1.5351e-17    3.3715e-17
1412.55420    2.1533e-17    1.8840e-17    3.1962e-17
1415.30554    8.9398e-17    7.2397e-17    1.5522e-16
1418.06213    4.4803e-17    3.1564e-17    9.6059e-17
1420.82446    1.3944e-17    1.0342e-17    2.7889e-17
1423.59180    2.7373e-17    1.9226e-17    5.8916e-17
1426.36475    1.0124e-17    7.4359e-18    2.0530e-17
1429.14307    2.1362e-17    1.4234e-17    4.8961e-17
1431.92676    5.3899e-17    4.0931e-17    1.0411e-16
1434.71582    1.4234e-17    1.0410e-17    2.9040e-17
1437.51038    4.7269e-17    3.9499e-17    7.7354e-17
1440.31030    2.8406e-17    2.2680e-17    5.0574e-17
1443.11572    2.6736e-17    2.0324e-17    5.1562e-17
1445.92676    9.2498e-18    7.0513e-18    1.7762e-17
1448.74316    2.1180e-17    1.3516e-17    5.0856e-17
1451.56494    1.1470e-16    7.5309e-17    2.6719e-16
1454.39233    1.9228e-17    1.4437e-17    3.7776e-17
1457.22522    1.2092e-17    7.8081e-18    2.8677e-17
1460.06360    2.0618e-17    1.3489e-17    4.8220e-17
1462.90747    1.6187e-17    1.1381e-17    3.4791e-17
1465.75696    8.6260e-18    5.6770e-18    2.0044e-17
1468.61206    1.3051e-17    8.9533e-18    2.8917e-17
1471.47253    2.8491e-17    1.8193e-17    6.8363e-17
1474.33862    1.1021e-16    7.6531e-17    2.4061e-16
1477.21045    5.4447e-17    3.5099e-17    1.2935e-16
1480.08777    2.4599e-17    1.8672e-17    4.7550e-17
1482.97058    2.6658e-17    1.7201e-17    6.3271e-17
1485.85913    2.8769e-17    1.8523e-17    6.8437e-17
1488.75342    3.3169e-17    2.1473e-17    7.8453e-17
1491.65332    2.8815e-17    1.9254e-17    6.5830e-17
1494.55859    2.7140e-17    1.7596e-17    6.4095e-17
1497.46985    1.0154e-17    8.1436e-18    1.7935e-17
1500.38647    5.8447e-18    3.9288e-18    1.3262e-17
1503.30896    1.7055e-17    1.1900e-17    3.7016e-17
1506.23706    2.8963e-17    2.2043e-17    5.5756e-17
1509.17090    3.2589e-17    2.1816e-17    7.4299e-17
1512.11060    3.8506e-17    2.6205e-17    8.6131e-17
1515.05591    1.3042e-17    9.4437e-18    2.6975e-17
1518.00684    2.1762e-18    1.7306e-18    3.9014e-18
1520.96362    2.8453e-17    1.9323e-17    6.3803e-17
1523.92627    1.3520e-17    1.0984e-17    2.3341e-17
1526.89453    1.9178e-17    1.3920e-17    3.9536e-17
1529.86865    2.0542e-18    1.3257e-18    4.8748e-18
1532.84839    7.1462e-18    4.8153e-18    1.6170e-17
1535.83411    1.0230e-17    6.5571e-18    2.4452e-17
1538.82568    7.0352e-18    4.5502e-18    1.6656e-17
1541.82300    1.0519e-17    6.7213e-18    2.5225e-17
1544.82617    3.4679e-18    2.3272e-18    7.8844e-18
1547.83521    2.8862e-17    1.8626e-17    6.8493e-17
1550.85010    1.9643e-17    1.4928e-17    3.7899e-17
1553.87085    7.1814e-18    4.4876e-18    1.7611e-17
1556.89746    1.4492e-17    1.1025e-17    2.7912e-17
1559.92993    3.7421e-17    4.5759e-17    5.1386e-18
1562.96863    2.6339e-17    3.0189e-17    1.1434e-17
1566.01282    7.1672e-18    8.0038e-18    3.9281e-18
1569.06311    5.0248e-17    5.9791e-17    1.3300e-17
1572.11938    2.1387e-17    2.1770e-17    1.9901e-17
1575.18152    4.9102e-17    5.6349e-17    2.1045e-17
1578.24963    3.1467e-17    2.7270e-17    4.7715e-17
1581.32373    2.9986e-17    3.1647e-17    2.3556e-17
1584.40381    2.0212e-17    2.2925e-17    9.7086e-18
1587.48999    2.0023e-17    2.1099e-17    1.5856e-17
1590.58215    3.2728e-18    2.1803e-18    7.5024e-18
1593.68018    1.2545e-17    7.9349e-18    3.0392e-17
1596.78442    5.2851e-18    3.3305e-18    1.2852e-17
1599.89465    8.3941e-18    7.2608e-18    1.2782e-17
1603.01086    1.8355e-17    1.9907e-17    1.2342e-17
1606.13330    1.3936e-17    1.2400e-17    1.9883e-17
1609.26172    6.1266e-17    7.5344e-17    6.7622e-18
1612.39636    4.1450e-17    4.8941e-17    1.2451e-17
1615.53674    1.3903e-18    1.4208e-18    1.2723e-18
1618.68347    3.6515e-17    4.3897e-17    7.9361e-18
1621.83630    4.9784e-17    5.7835e-17    1.8612e-17
1624.99548    3.2308e-17    3.6127e-17    1.7523e-17
1628.16064    4.9206e-17    5.4797e-17    2.7559e-17
1631.33203    3.3459e-17    3.8832e-17    1.2656e-17
1634.50952    5.5809e-17    6.2532e-17    2.9779e-17
1637.69312    6.6387e-17    7.9002e-17    1.7547e-17
1640.88306    8.7736e-17    8.1435e-17    1.1213e-16
1644.07922    3.1626e-17    3.6123e-17    1.4215e-17
1647.28162    2.6236e-17    2.9910e-17    1.2014e-17
1650.49023    4.5875e-17    5.4239e-17    1.3490e-17
1653.70496    4.7547e-17    5.4800e-17    1.9464e-17
1656.92603    1.8783e-17    1.8485e-17    1.9936e-17
1660.15369    3.8572e-17    4.6895e-17    6.3463e-18
1663.38721    9.4758e-18    8.4496e-18    1.3449e-17
1666.62720    3.3947e-18    3.2763e-18    3.8532e-18
1669.87317    1.5097e-17    1.7815e-17    4.5722e-18
1673.12585    1.5289e-17    1.8436e-17    3.1059e-18
1676.38489    5.2459e-17    6.2571e-17    1.3310e-17
1679.65027    4.2398e-17    4.7516e-17    2.2583e-17
1682.92188    2.0050e-17    1.3966e-17    4.3606e-17
1686.19958    5.3814e-17    4.5837e-17    8.4698e-17
1689.48413    1.5963e-17    1.6886e-17    1.2388e-17
1692.77502    1.5610e-17    1.7106e-17    9.8164e-18
1696.07227    5.8054e-18    4.6679e-18    1.0209e-17
1699.37573    5.9036e-18    6.4478e-18    3.7967e-18
1702.68567    7.0347e-17    8.4207e-17    1.6684e-17
1706.00232    1.2237e-17    1.3979e-17    5.4931e-18
1709.32544    2.5409e-17    2.4806e-17    2.7744e-17
1712.65491    7.6012e-18    6.8455e-18    1.0527e-17
1715.99060    2.2213e-17    2.1546e-17    2.4793e-17
1719.33301    2.8119e-17    3.2619e-17    1.0696e-17
1722.68188    3.0083e-17    2.2713e-17    5.8618e-17
1726.03735    5.5778e-17    6.4224e-17    2.3078e-17
1729.39941    5.3590e-18    5.6267e-18    4.3225e-18
1732.76807    7.1409e-18    6.4689e-18    9.7426e-18
1736.14307    4.1973e-18    3.6735e-18    6.2255e-18
1739.52466    3.0980e-18    2.1364e-18    6.8211e-18
1742.91296    5.1402e-18    3.5299e-18    1.1375e-17
1746.30786    1.2015e-17    1.3016e-17    8.1414e-18
1749.70935    1.5772e-17    1.5085e-17    1.8434e-17
1753.11755    4.1500e-19    2.6397e-19    9.9976e-19
1756.53223    1.5153e-18    9.8525e-19    3.5674e-18
1759.95325    1.8763e-17    2.0972e-17    1.0214e-17
1763.38147    9.6762e-18    9.4447e-18    1.0572e-17
1766.81628    3.2031e-18    2.5528e-18    5.7212e-18
1770.25745    3.9827e-18    3.9059e-18    4.2801e-18
1773.70581    2.0581e-17    1.8371e-17    2.9137e-17
1777.16064    7.3129e-18    6.6785e-18    9.7692e-18
1780.62207    7.5508e-18    7.2565e-18    8.6902e-18
1784.09045    5.3529e-17    5.0892e-17    6.3741e-17
1787.56555    9.6537e-17    8.8324e-17    1.2833e-16
1791.04749    1.0555e-17    7.9884e-18    2.0493e-17
1794.53601    2.3089e-17    2.0442e-17    3.3340e-17
1798.03137    3.1000e-17    2.9696e-17    3.6049e-17
1801.53357    1.6774e-18    1.0573e-18    4.0783e-18
1805.04248    1.9069e-17    1.3990e-17    3.8736e-17
1808.55847    8.7535e-18    8.2462e-18    1.0718e-17
1812.08130    4.7826e-18    3.0122e-18    1.1637e-17
1815.61096    7.3678e-18    7.0541e-18    8.5820e-18
1819.14722    1.2502e-17    1.4548e-17    4.5832e-18
1822.69067    1.3940e-17    1.5657e-17    7.2952e-18
1826.24084    1.2596e-17    1.1781e-17    1.5754e-17
1829.79797    9.0734e-18    8.9783e-18    9.4418e-18
1833.36206    1.3997e-17    1.4876e-17    1.0593e-17
1836.93311    9.8396e-18    9.7073e-18    1.0352e-17
1840.51111    9.9715e-18    7.1188e-18    2.1016e-17
1844.09607    8.4129e-18    6.2405e-18    1.6824e-17
1847.68799    1.1536e-17    1.2796e-17    6.6566e-18
1851.28687    6.7061e-18    5.8464e-18    1.0035e-17
1854.89282    1.3970e-18    9.8264e-19    3.0014e-18
1858.50586    4.4406e-18    3.8988e-18    6.5385e-18
1862.12585    5.5737e-18    3.8368e-18    1.2299e-17
1865.75293    1.0510e-17    1.1705e-17    5.8843e-18
1869.38696    4.3627e-18    3.2052e-18    8.8442e-18
1873.02820    2.1796e-18    1.7642e-18    3.7881e-18
1876.67651    2.1133e-17    2.4126e-17    9.5415e-18
1880.33191    1.5950e-17    1.5003e-17    1.9618e-17
1883.99438    1.4062e-17    9.0863e-18    3.3328e-17
1887.66406    5.1796e-17    5.8089e-17    2.7433e-17
1891.34082    5.8919e-18    5.2576e-18    8.3479e-18
1895.02490    5.0136e-18    5.0112e-18    5.0230e-18
1898.71606    9.7880e-18    7.2193e-18    1.9733e-17
1902.41431    7.7453e-17    8.6428e-17    4.2704e-17
1906.11987    7.9537e-18    7.6680e-18    9.0601e-18
1909.83252    9.5451e-18    1.0282e-17    6.6904e-18
1913.55261    8.5061e-18    9.0408e-18    6.4361e-18
1917.27979    1.8159e-17    1.6474e-17    2.4683e-17
1921.01428    6.4647e-18    4.8503e-18    1.2715e-17
1924.75610    3.9926e-17    4.3546e-17    2.5912e-17
1928.50513    1.7148e-17    1.8007e-17    1.3825e-17
1932.26147    7.5090e-18    7.1797e-18    8.7839e-18
1936.02515    4.1437e-17    4.6293e-17    2.2638e-17
1939.79614    5.3900e-18    3.4948e-18    1.2728e-17
1943.57446    1.2643e-17    1.1007e-17    1.8978e-17
1947.36011    1.3930e-17    1.1430e-17    2.3611e-17
1951.15332    5.5944e-18    5.2491e-18    6.9314e-18
1954.95374    5.6913e-18    4.4276e-18    1.0584e-17
1958.76160    1.4048e-17    9.0373e-18    3.3449e-17
1962.57690    9.4393e-18    7.0207e-18    1.8803e-17
1966.39966    1.7402e-17    1.2778e-17    3.5304e-17
1970.22974    1.4196e-17    1.2635e-17    2.0240e-17
1974.06738    4.0006e-17    2.7045e-17    9.0190e-17
1977.91248    8.5569e-18    5.9343e-18    1.8711e-17
1981.76514    1.7274e-18    1.1344e-18    4.0234e-18
1985.62524    8.2011e-18    5.8619e-18    1.7258e-17
1989.49280    7.2708e-18    7.4973e-18    6.3936e-18
1993.36792    4.4807e-18    2.9744e-18    1.0313e-17
1997.25061    4.2045e-18    2.7250e-18    9.9325e-18
2001.14087    2.4204e-17    2.5982e-17    1.7322e-17
2005.03870    1.1047e-17    1.0696e-17    1.2408e-17
2008.94409    2.2467e-17    2.2980e-17    2.0478e-17
2012.85718    1.1017e-17    9.1884e-18    1.8095e-17
2016.77783    1.2808e-17    9.7475e-18    2.4656e-17
2020.70605    7.0613e-18    6.8216e-18    7.9895e-18
2024.64209    6.0569e-18    3.8985e-18    1.4414e-17
2028.58569    1.7510e-17    1.4571e-17    2.8890e-17
2032.53687    1.3808e-17    1.2820e-17    1.7629e-17
2036.49585    7.5347e-18    8.0866e-18    5.3979e-18
2040.46265    2.0969e-17    2.5127e-17    4.8692e-18
2044.43701    1.2609e-17    1.4043e-17    7.0551e-18
2048.41919    3.6920e-18    2.4915e-18    8.3397e-18
2052.40918    9.3779e-18    1.0607e-17    4.6198e-18
2056.40674    1.4469e-17    1.5588e-17    1.0137e-17
2060.41211    3.6111e-18    2.6227e-18    7.4383e-18
2064.42554    2.4091e-17    2.7155e-17    1.2225e-17
2068.44678    1.1862e-17    8.7735e-18    2.3819e-17
2072.47559    2.6931e-17    3.0059e-17    1.4821e-17
2076.51221    1.2816e-17    8.2240e-18    3.0593e-17
2080.55713    7.5046e-18    6.8644e-18    9.9834e-18
2084.60938    1.9388e-18    1.2524e-18    4.5965e-18
2088.66992    1.1215e-17    1.2756e-17    5.2454e-18
2092.73828    4.3550e-18    2.9367e-18    9.8464e-18
2096.81445    7.3531e-18    6.7830e-18    9.5602e-18
2100.89868    9.9413e-18    7.3990e-18    1.9784e-17
2104.99072    1.6068e-17    1.0457e-17    3.7789e-17
2109.09082    4.7149e-17    5.1850e-17    2.8951e-17
2113.19922    5.5000e-18    4.0139e-18    1.1254e-17
2117.31519    3.6808e-17    3.4470e-17    4.5860e-17
2121.43945    2.8406e-18    2.2024e-18    5.3115e-18
2125.57129    2.5680e-18    1.6289e-18    6.2037e-18
2129.71143    1.7924e-17    1.8282e-17    1.6540e-17
2133.85986    6.9356e-18    4.9075e-18    1.4788e-17
2138.01611    1.9937e-17    2.0193e-17    1.8943e-17
2142.18066    7.3595e-18    5.7077e-18    1.3755e-17
2146.35303    1.3327e-17    1.4085e-17    1.0392e-17
2150.53369    1.9877e-17    2.1374e-17    1.4083e-17
2154.72266    4.9566e-18    4.4234e-18    7.0208e-18
2158.91968    6.9752e-18    6.5893e-18    8.4693e-18
2163.12500    1.8848e-17    1.9945e-17    1.4602e-17
2167.33813    1.4907e-17    1.2557e-17    2.4007e-17
2171.55957    5.3132e-18    3.4336e-18    1.2591e-17
2175.78955    1.6243e-17    1.4380e-17    2.3454e-17
2180.02759    4.0750e-18    3.3789e-18    6.7701e-18
2184.27393    9.2791e-18    6.1316e-18    2.1465e-17
2188.52832    1.5228e-17    1.3229e-17    2.2970e-17
2192.79102    2.6150e-18    1.7618e-18    5.9182e-18
2197.06226    9.0806e-19    5.8310e-19    2.1662e-18
2201.34180    5.5209e-18    3.5774e-18    1.3046e-17
2205.62939    5.5891e-18    3.7806e-18    1.2591e-17
2209.92554    9.4415e-18    6.6192e-18    2.0369e-17
2214.22998    2.0704e-17    1.9789e-17    2.4246e-17
2218.54297    1.1055e-17    1.0533e-17    1.3073e-17
2222.86426    5.6404e-17    6.3064e-17    3.0618e-17
2227.19409    9.3939e-18    7.8108e-18    1.5523e-17
2231.53223    1.1768e-17    9.1911e-18    2.1746e-17
2235.87891    4.5330e-17    5.2813e-17    1.6360e-17
2240.23389    4.5599e-17    4.8859e-17    3.2978e-17
2244.59717    5.7807e-17    5.8675e-17    5.4448e-17
2248.96924    6.1303e-17    6.7477e-17    3.7398e-17
2253.34985    7.8480e-17    8.8952e-17    3.7939e-17
2257.73901    2.7816e-17    2.7524e-17    2.8944e-17
2262.13672    2.3587e-16    2.8932e-16    2.8925e-17
2266.54297    1.3211e-16    1.5663e-16    3.7180e-17
2270.95752    8.8792e-17    9.8863e-17    4.9801e-17
2275.38086    9.5412e-17    1.1053e-16    3.6880e-17
2279.81299    1.5204e-16    1.8116e-16    3.9272e-17
2284.25366    6.8023e-17    7.8275e-17    2.8333e-17
2288.70288    1.2763e-17    8.7454e-18    2.8320e-17
2293.16089    4.2070e-17    3.5556e-17    6.7288e-17
2297.62744    1.6304e-17    1.3177e-17    2.8413e-17
2302.10303    1.0388e-17    7.9511e-18    1.9824e-17
2306.58691    5.1627e-17    3.6680e-17    1.0950e-16
2311.07959    4.3971e-17    3.6025e-17    7.4735e-17
2315.58105    3.3498e-17    2.7524e-17    5.6624e-17
2320.09155    2.7323e-17    2.4988e-17    3.6361e-17
2324.61060    2.9944e-17    2.6769e-17    4.2238e-17
2329.13843    4.5888e-16    5.5244e-16    9.6640e-17
2333.67529    4.7596e-16    5.8383e-16    5.8339e-17
2338.22070    3.4507e-16    4.1646e-16    6.8680e-17
2342.77490    1.0254e-15    1.2767e-15    5.2755e-17
2347.33838    1.1955e-15    1.4582e-15    1.7825e-16
2351.91064    2.7470e-17    2.5619e-17    3.4637e-17
2356.49170    4.4424e-17    4.1391e-17    5.6169e-17
2361.08154    2.1199e-15    2.5976e-15    2.7048e-16
2365.68066    1.3430e-15    1.6532e-15    1.4173e-16
2370.28833    5.5268e-16    6.7644e-16    7.3519e-17
2374.90527    1.4710e-15    1.8325e-15    7.1426e-17
2379.53101    8.9611e-16    1.0942e-15    1.2914e-16
2384.16602    4.2559e-15    5.3058e-15    1.9111e-16
2388.80981    9.7787e-16    1.1756e-15    2.1229e-16
2393.46289    2.7779e-15    3.2668e-15    8.8523e-16
2398.12476    8.4490e-16    9.9942e-16    2.4665e-16
2402.79590    1.2865e-15    1.5425e-15    2.9538e-16
2407.47607    6.3466e-16    7.2525e-16    2.8390e-16
2412.16528    1.7602e-15    2.0946e-15    4.6548e-16
2416.86377    6.5428e-17    6.2668e-17    7.6113e-17
2421.57129    3.9088e-17    3.0193e-17    7.3527e-17
2426.28809    1.5817e-16    1.5863e-16    1.5637e-16
2431.01392    2.3202e-16    1.9519e-16    3.7463e-16
2435.74902    1.6217e-16    1.6682e-16    1.4413e-16
2440.49365    7.3290e-17    7.9526e-17    4.9143e-17
2445.24707    1.9721e-16    2.1505e-16    1.2815e-16
2450.01001    7.1274e-17    6.8594e-17    8.1647e-17
2454.78223    8.1904e-17    7.2285e-17    1.1914e-16
2459.56348    1.7455e-16    1.8957e-16    1.1641e-16
2464.35425    1.9307e-16    1.9236e-16    1.9579e-16
2469.15430    1.5153e-16    1.4091e-16    1.9264e-16
2473.96387    1.5465e-16    1.1582e-16    3.0497e-16
2478.78271    1.2579e-16    1.3538e-16    8.8652e-17
2483.61084    3.1499e-16    3.7038e-16    1.0051e-16
2488.44849    1.0351e-16    1.0175e-16    1.1033e-16
2493.29541    1.0659e-15    1.2724e-15    2.6659e-16
2498.15186    1.0112e-16    1.1140e-16    6.1303e-17
2503.01782    1.3757e-16    1.5006e-16    8.9213e-17
2507.89307    9.1726e-17    8.6466e-17    1.1209e-16
2512.77808    2.2336e-16    2.4615e-16    1.3513e-16
2517.67236    9.2515e-17    8.8015e-17    1.0993e-16
2522.57642    5.2065e-17    4.1768e-17    9.1928e-17
2527.48975    3.6034e-16    4.1534e-16    1.4737e-16
2532.41309    1.0129e-16    1.1173e-16    6.0843e-17
2537.34570    1.7564e-16    1.7210e-16    1.8935e-16
2542.28760    1.1456e-16    1.1806e-16    1.0104e-16
2547.23975    1.7983e-16    1.9732e-16    1.1209e-16
2552.20117    7.9416e-17    8.0564e-17    7.4973e-17
2557.17236    4.9939e-17    4.9470e-17    5.1757e-17
2562.15332    7.4655e-16    8.9241e-16    1.8183e-16
2567.14404    1.7576e-16    1.9900e-16    8.5790e-17
2572.14404    1.1981e-16    1.1952e-16    1.2093e-16
2577.15430    1.3674e-16    1.6072e-16    4.3906e-17
2582.17383    2.2619e-16    2.5636e-16    1.0934e-16
2587.20361    1.7462e-15    2.1670e-15    1.1682e-16
2592.24292    2.1782e-16    2.6098e-16    5.0738e-17
2597.29199    4.8893e-15    5.9615e-15    7.3806e-16
2602.35107    3.0209e-17    3.1177e-17    2.6460e-17
2607.41992    1.5353e-15    1.7720e-15    6.1909e-16
2612.49854    3.6063e-15    4.1715e-15    1.4183e-15
2617.58740    1.4623e-15    1.7384e-15    3.9321e-16
2622.68604    1.1996e-15    1.4390e-15    2.7262e-16
2627.79443    5.4467e-15    6.3671e-15    1.8831e-15
2632.91284    3.9786e-15    4.6509e-15    1.3755e-15
2638.04126    2.0305e-17    1.7792e-17    3.0032e-17
2643.17969    1.9904e-17    1.6496e-17    3.3097e-17
2648.32812    6.4890e-18    4.6517e-18    1.3603e-17
2653.48633    1.8212e-17    1.3016e-17    3.8328e-17
2658.65479    6.1201e-18    4.1342e-18    1.3809e-17
2663.83350    2.2931e-17    2.4552e-17    1.6654e-17
2669.02197    4.9901e-17    4.9643e-17    5.0902e-17
2674.22070    7.9231e-19    4.9851e-19    1.9298e-18
2679.42969    2.5875e-17    2.5511e-17    2.7284e-17
2684.64868    3.3921e-17    2.5545e-17    6.6353e-17
2689.87793    4.0141e-18    2.7705e-18    8.8289e-18
2695.11719    1.8930e-16    2.2253e-16    6.0634e-17
2700.36670    4.5528e-18    2.8930e-18    1.0979e-17
2705.62646    4.2852e-17    3.7967e-17    6.1768e-17
2710.89648    1.5923e-16    1.8416e-16    6.2719e-17
2716.17676    8.4727e-16    1.0142e-15    2.0077e-16
2721.46729    2.4281e-17    1.9579e-17    4.2486e-17
2726.76831    5.9770e-16    7.2402e-16    1.0863e-16
2732.07959    8.4569e-16    1.0183e-15    1.7755e-16
2737.40112    9.2549e-16    1.1203e-15    1.7140e-16
2742.73291    2.8312e-16    3.4235e-16    5.3835e-17
2748.07520    1.5722e-15    1.8977e-15    3.1194e-16
2753.42798    1.3440e-15    1.5976e-15    3.6199e-16
2758.79102    1.5457e-16    1.7096e-16    9.1128e-17
2764.16479    2.8738e-16    3.3919e-16    8.6763e-17
2769.54883    4.8152e-16    5.6504e-16    1.5818e-16
2774.94336    8.9537e-16    1.0269e-15    3.8613e-16
2780.34863    1.5476e-17    1.1732e-17    2.9970e-17
2785.76416    4.3623e-17    2.8193e-17    1.0336e-16
2791.18994    3.1928e-17    2.3480e-17    6.4634e-17
2796.62695    2.1852e-17    1.7331e-17    3.9353e-17
2802.07422    1.8034e-17    1.4099e-17    3.3266e-17
2807.53198    9.3329e-18    6.1493e-18    2.1659e-17
2813.00049    6.8839e-18    4.6503e-18    1.5531e-17
2818.47949    1.5802e-17    1.0224e-17    3.7399e-17
2823.96948    6.3781e-17    5.3767e-17    1.0255e-16
2829.47021    1.4888e-16    1.7411e-16    5.1207e-17
2834.98145    1.0977e-16    1.2401e-16    5.4676e-17
2840.50342    7.0693e-17    5.1837e-17    1.4370e-16
2846.03613    6.6225e-17    4.5019e-17    1.4833e-16
2851.57959    2.4041e-17    1.7298e-17    5.0151e-17
2857.13379    3.9563e-17    2.5568e-17    9.3749e-17
2862.69922    2.6450e-17    1.7918e-17    5.9483e-17
2868.27490    4.6320e-17    3.9434e-17    7.2981e-17
2873.86182    1.6521e-17    1.1678e-17    3.5274e-17
2879.45947    8.1432e-17    9.0622e-17    4.5852e-17
2885.06836    7.5103e-17    8.2623e-17    4.5988e-17
2890.68774    5.7946e-17    6.1150e-17    4.5538e-17
2896.31860    1.7522e-17    1.1813e-17    3.9624e-17
2901.95972    6.5956e-18    4.6319e-18    1.4199e-17
2907.61230    2.8645e-17    2.1999e-17    5.4379e-17
2913.27563    1.1759e-18    7.4805e-19    2.8324e-18
2918.95020    4.6573e-17    4.0784e-17    6.8988e-17
2924.63574    3.7571e-16    4.4985e-16    8.8694e-17
2930.33228    8.0105e-19    5.0821e-19    1.9348e-18
2936.04004    1.2617e-18    8.0096e-19    3.0454e-18
2941.75903    1.2179e-16    1.3642e-16    6.5121e-17
2947.48877    1.1189e-16    1.2440e-16    6.3461e-17
2953.22998    1.8088e-16    2.1844e-16    3.5501e-17
2958.98242    3.7339e-17    3.2352e-17    5.6648e-17
2964.74585    1.4593e-16    1.6593e-16    6.8488e-17
2970.52075    1.5860e-16    1.8018e-16    7.5014e-17
2976.30664    3.1626e-17    2.7822e-17    4.6356e-17
2982.10376    4.2047e-16    4.9377e-16    1.3669e-16
2987.91187    1.2885e-16    1.5470e-16    2.8737e-17
2993.73218    1.5798e-18    9.9396e-19    3.8478e-18
2999.56348    1.8026e-17    1.4670e-17    3.1018e-17
3005.40601    1.9480e-16    2.3628e-16    3.4221e-17
3011.25977    1.3514e-17    8.5495e-18    3.2735e-17
3017.12500    1.1376e-17    7.2233e-18    2.7456e-17
3023.00195    3.9472e-18    2.4861e-18    9.6038e-18
3028.89014    1.3622e-18    8.6120e-19    3.3017e-18
3034.79004    3.4834e-18    2.1926e-18    8.4808e-18
3040.70117    1.3611e-18    8.5943e-19    3.3033e-18
3046.62402    1.8799e-17    1.3147e-17    4.0681e-17
3052.55811    2.4725e-18    1.5566e-18    6.0189e-18
3058.50391    6.5243e-19    4.1190e-19    1.5837e-18
3064.46143    8.3774e-18    5.7236e-18    1.8652e-17
3070.43018    9.9429e-18    6.3056e-18    2.4025e-17
3076.41064    1.9653e-17    1.2656e-17    4.6742e-17
3082.40332    1.4138e-18    9.0231e-19    3.3942e-18
3088.40698    6.5543e-19    4.1569e-19    1.5836e-18
3094.42261    9.4498e-18    7.2216e-18    1.8077e-17
3100.44971    6.5615e-19    4.1488e-19    1.5902e-18
3106.48901    1.5299e-18    9.6376e-19    3.7220e-18
3112.53979    7.3793e-19    4.6497e-19    1.7947e-18
3118.60229    7.4317e-19    4.6860e-19    1.8062e-18
3124.67676    1.0210e-19    6.4235e-20    2.4870e-19
3130.76318    9.0910e-19    5.7667e-19    2.1962e-18
3136.86133    2.8229e-19    1.7806e-19    6.8584e-19
3142.97119    3.0636e-17    3.1174e-17    2.8552e-17
3149.09302    1.4355e-18    9.3071e-19    3.3897e-18
3155.22681    4.8229e-19    3.0671e-19    1.1621e-18
3161.37256    1.6981e-16    1.9644e-16    6.6695e-17
3167.53027    9.2799e-17    1.0671e-16    3.8942e-17
3173.70020    3.0456e-19    1.9162e-19    7.4179e-19
3179.88184    1.4872e-17    9.8857e-18    3.4176e-17
3186.07568    2.1171e-16    2.4485e-16    8.3384e-17
3192.28149    2.0988e-16    2.5030e-16    5.3387e-17
3198.49951    2.4656e-16    3.0088e-16    3.6221e-17
3204.72949    1.6083e-18    1.0316e-18    3.8411e-18
3210.97168    1.7920e-16    2.1343e-16    4.6650e-17
3217.22607    1.4601e-19    9.1865e-20    3.5566e-19
3223.49268    4.3684e-19    2.7490e-19    1.0639e-18
3229.77148    1.7880e-16    2.1368e-16    4.3730e-17
3236.06226    1.2095e-17    7.9578e-18    2.8111e-17
3242.36572    6.5764e-18    4.6383e-18    1.4080e-17
3248.68115    1.1477e-17    7.7320e-18    2.5978e-17
3255.00879    2.4837e-16    2.5534e-16    2.2137e-16
3261.34912    1.6574e-17    1.2150e-17    3.3703e-17
3267.70093    2.2425e-17    1.5542e-17    4.9075e-17
3274.06616    2.3647e-19    1.4879e-19    5.7591e-19
3280.44336    7.2420e-16    7.5266e-16    6.1399e-16
3286.83301    3.2046e-17    2.5149e-17    5.8750e-17
3293.23535    7.1719e-17    5.8647e-17    1.2233e-16
3299.64990    4.1635e-17    2.8861e-17    9.1093e-17
3306.07690    4.5653e-17    3.3647e-17    9.2135e-17
3312.51660    2.9798e-17    2.1995e-17    6.0008e-17
3318.96875    9.2806e-19    5.8435e-19    2.2588e-18
3325.43359    1.6864e-18    1.0977e-18    3.9657e-18
3331.91064    1.8281e-19    1.1501e-19    4.4529e-19
3338.40063    2.4928e-18    1.5906e-18    5.9859e-18
3344.90332    8.4804e-20    5.3378e-20    2.0647e-19
3351.41846    2.7268e-20    1.7155e-20    6.6420e-20
3357.94629    5.4130e-18    3.5206e-18    1.2740e-17
3364.48682    3.1704e-18    2.0314e-18    7.5803e-18
3371.04004    5.0182e-18    3.1557e-18    1.2230e-17
3377.60645    3.1314e-18    1.9729e-18    7.6166e-18
3384.18481    2.4449e-18    1.5585e-18    5.8770e-18
3390.77686    2.3580e-18    1.4859e-18    5.7347e-18
3397.38159    3.1344e-19    1.9735e-19    7.6291e-19
3403.99902    2.9552e-19    1.8592e-19    7.1982e-19
3410.62915    6.7110e-19    4.3307e-19    1.5927e-18
3417.27271    7.7848e-18    4.9983e-18    1.8573e-17
3423.92847    5.0943e-19    3.2049e-19    1.2410e-18
3430.59766    1.2291e-18    7.7745e-19    2.9775e-18
3437.27979    4.6758e-18    3.1780e-18    1.0475e-17
3443.97534    1.5593e-18    9.8367e-19    3.7882e-18
3450.68359    8.7920e-18    5.7489e-18    2.0574e-17
3457.40479    6.5401e-18    4.1897e-18    1.5640e-17
3464.13916    3.1691e-18    2.0321e-18    7.5714e-18
3470.88647    1.0295e-18    6.5654e-19    2.4733e-18
3477.64697    1.6268e-17    1.0820e-17    3.7359e-17
3484.42090    3.8996e-18    2.4709e-18    9.4312e-18
3491.20776    1.9651e-18    1.2622e-18    4.6866e-18
3498.00781    5.6590e-18    3.6723e-18    1.3351e-17
3504.82129    4.9003e-18    3.1102e-18    1.1831e-17
3511.64771    1.8468e-19    1.1625e-19    4.4964e-19
3518.48804    3.1119e-18    1.9899e-18    7.4559e-18
3525.34131    2.8037e-18    1.7641e-18    6.8285e-18
3532.20776    8.6142e-19    5.4238e-19    2.0967e-18
3539.08813    1.7155e-18    1.0801e-18    4.1756e-18
3545.98145    1.3747e-19    8.6493e-20    3.3484e-19
3552.88818    1.0433e-18    6.6661e-19    2.5016e-18
3559.80884    2.2333e-19    1.4057e-19    5.4375e-19
3566.74292    3.5878e-19    2.2647e-19    8.7104e-19
3573.68994    1.4182e-19    8.9229e-20    3.4545e-19
3580.65112    1.7533e-20    1.1032e-20    4.2701e-20
3587.62500    3.3753e-19    2.1235e-19    8.2220e-19
3594.61304    3.4845e-20    2.1922e-20    8.4877e-20
3601.61499    1.5205e-19    9.5675e-20    3.7033e-19
3608.63013    4.4724e-20    2.8138e-20    1.0894e-19
3615.65894    1.9345e-19    1.2181e-19    4.7081e-19
3622.70166    2.1541e-18    1.3768e-18    5.1637e-18
3629.75806    1.2896e-19    8.2027e-20    3.1069e-19
3636.82837    1.7335e-19    1.0943e-19    4.2083e-19
3643.91138    1.7376e-18    1.1428e-18    4.0403e-18
3651.00928    2.4482e-20    1.5403e-20    5.9634e-20
3658.12085    5.8404e-18    4.1833e-18    1.2256e-17
3665.24609    4.7401e-20    2.9822e-20    1.1546e-19
3672.38525    2.8412e-20    1.7876e-20    6.9204e-20
3679.53857    4.6315e-20    2.9312e-20    1.1215e-19
3686.70557    8.9897e-20    5.6857e-20    2.1782e-19
3693.88647    3.5731e-20    2.2480e-20    8.7032e-20
3701.08154    1.6256e-19    1.0233e-19    3.9574e-19
3708.29053    1.2124e-19    7.6279e-20    2.9533e-19
3715.51343    5.0505e-20    3.3092e-20    1.1792e-19
3722.75049    2.4929e-19    1.5705e-19    6.0641e-19
3730.00171    1.9124e-19    1.2035e-19    4.6571e-19
3737.26709    9.7577e-21    6.1491e-21    2.3729e-20
3744.54639    1.9358e-19    1.2193e-19    4.7096e-19
3751.84009    1.0763e-18    6.8653e-19    2.5855e-18
3759.14795    6.2635e-19    3.9569e-19    1.5194e-18
3766.47021    8.3645e-18    5.5868e-18    1.9119e-17
3773.80664    1.5518e-20    1.0717e-20    3.4107e-20
3781.15723    3.8211e-18    2.4801e-18    9.0132e-18
3788.52197    2.1103e-19    1.3290e-19    5.1350e-19
3795.90137    2.8163e-19    1.7829e-19    6.8175e-19
3803.29492    7.0760e-20    4.4521e-20    1.7235e-19
3810.70312    1.6598e-19    1.0451e-19    4.0397e-19
3818.12549    2.2754e-20    1.4315e-20    5.5425e-20
3825.56250    1.8477e-17    1.2825e-17    4.0358e-17
3833.01416    1.1889e-19    7.4873e-20    2.8933e-19
3840.47998    6.6378e-20    4.1842e-20    1.6137e-19
3847.96045    1.6753e-19    1.0558e-19    4.0741e-19
3855.45557    1.3905e-20    8.7484e-21    3.3871e-20
3862.96533    1.9246e-20    1.2108e-20    4.6879e-20
3870.48950    4.0490e-18    2.6433e-18    9.4914e-18
3878.02832    4.2268e-20    2.6593e-20    1.0296e-19
3885.58203    4.7962e-20    3.0171e-20    1.1685e-19
3893.15039    3.3946e-19    2.1416e-19    8.2458e-19
3900.73340    5.6716e-20    3.5683e-20    1.3815e-19
3908.33154    1.4110e-18    8.9200e-19    3.4204e-18
3915.94409    5.7510e-18    3.6862e-18    1.3745e-17
3923.57153    4.6552e-20    2.9288e-20    1.1339e-19
3931.21387    7.8392e-18    5.0593e-18    1.8602e-17
3938.87109    4.1698e-17    2.8509e-17    9.2759e-17
3946.54346    1.0031e-17    6.4954e-18    2.3718e-17
3954.23047    5.4322e-20    3.4177e-20    1.3232e-19
3961.93262    1.1536e-18    7.3238e-19    2.7846e-18
3969.64941    2.3822e-17    1.5651e-17    5.5457e-17
3977.38159    9.6585e-18    6.4225e-18    2.2187e-17
3985.12866    2.5345e-18    1.6092e-18    6.1171e-18
3992.89111    2.0520e-19    1.2917e-19    4.9957e-19
4000.66846    4.7330e-18    3.0731e-18    1.1160e-17
4008.46094    5.3969e-20    3.3954e-20    1.3146e-19
4016.26880    1.1988e-19    7.5424e-20    2.9201e-19
4024.09155    4.4165e-19    2.7858e-19    1.0730e-18
4031.92969    4.5963e-20    2.8921e-20    1.1195e-19
4039.78320    2.0241e-20    1.2735e-20    4.9305e-20
4047.65186    1.2146e-20    7.6418e-21    2.9586e-20
4055.53589    2.4088e-20    1.5156e-20    5.8673e-20
4063.43506    7.5854e-19    4.7725e-19    1.8476e-18
4071.35010    5.3108e-19    3.3413e-19    1.2936e-18
4079.28027    9.1877e-19    5.7833e-19    2.2368e-18
4087.22607    3.5274e-19    2.2215e-19    8.5836e-19
4095.18701    1.9636e-19    1.2354e-19    4.7830e-19
4103.16357    9.4382e-20    5.9418e-20    2.2975e-19
4111.15576    1.7586e-19    1.1064e-19    4.2837e-19
4119.16357    2.0389e-18    1.3040e-18    4.8843e-18
4127.18652    2.2048e-18    1.4181e-18    5.2505e-18
4135.22559    5.3710e-19    3.3894e-19    1.3043e-18
4143.28027    3.4606e-19    2.1772e-19    8.4294e-19
4151.35059    7.5016e-20    4.7196e-20    1.8273e-19
4159.43652    2.6156e-19    1.6465e-19    6.3674e-19
4167.53857    9.0296e-20    5.6826e-20    2.1988e-19
4175.65625    3.4737e-17    2.4304e-17    7.5129e-17
4183.78906    3.1283e-19    1.9692e-19    7.6160e-19
4191.93848    1.7268e-20    1.0864e-20    4.2062e-20
4200.10352    6.6116e-20    4.1597e-20    1.6105e-19
4208.28418    5.0707e-19    3.1903e-19    1.2351e-18
4216.48145    1.6543e-20    1.0408e-20    4.0295e-20
4224.69434    2.1833e-19    1.3736e-19    5.3183e-19
4232.92334    8.1348e-17    7.7190e-17    9.7446e-17
4241.16846    2.3227e-17    1.4643e-17    5.6458e-17
4249.42920    2.7090e-19    1.7052e-19    6.5954e-19
4257.70605    1.3965e-18    8.8601e-19    3.3729e-18
4265.99902    5.4306e-20    3.4166e-20    1.3228e-19
4274.30859    1.3144e-17    8.3262e-18    3.1799e-17
4282.63428    2.8894e-20    1.8178e-20    7.0381e-20
4290.97607    1.7625e-17    1.1112e-17    4.2840e-17
4299.33398    1.9412e-17    1.3487e-17    4.2352e-17
4307.70801    3.1698e-18    1.9949e-18    7.7190e-18
4316.09863    1.0133e-17    6.4498e-18    2.4394e-17
4324.50586    9.9900e-20    6.2862e-20    2.4330e-19
4332.92920    1.5215e-17    1.0684e-17    3.2755e-17
4341.36914    6.3549e-18    4.1344e-18    1.4952e-17
4349.82520    4.1797e-17    3.1201e-17    8.2824e-17
4358.29785    1.8789e-17    1.1836e-17    4.5712e-17
4366.78662    8.1372e-19    5.1615e-19    1.9658e-18
4375.29199    5.6648e-17    4.6461e-17    9.6087e-17
4383.81445    1.8435e-17    1.2359e-17    4.1960e-17
4392.35352    1.1882e-20    7.4754e-21    2.8942e-20
4400.90869    9.6775e-18    6.4988e-18    2.1985e-17
4409.48047    4.5101e-17    3.3011e-17    9.1907e-17
4418.06934    2.2790e-17    1.5026e-17    5.2851e-17
4426.67480    1.9413e-20    1.2214e-20    4.7288e-20
4435.29736    3.3892e-18    2.1657e-18    8.1263e-18
4443.93652    6.1324e-20    3.8582e-20    1.4938e-19
4452.59277    5.7839e-18    3.6412e-18    1.4080e-17
4461.26562    1.8607e-18    1.1709e-18    4.5314e-18
4469.95508    6.2979e-18    4.1322e-18    1.4683e-17
4478.66162    2.7991e-18    1.7615e-18    6.8161e-18
4487.38477    1.9625e-17    1.3113e-17    4.4839e-17
4496.12549    3.8856e-19    2.4447e-19    9.4644e-19
4504.88281    1.6198e-17    1.1575e-17    3.4098e-17
4513.65771    6.9072e-18    4.4925e-18    1.6256e-17
4522.44922    4.4409e-17    3.1994e-17    9.2480e-17
4531.25830    2.6104e-18    1.6659e-18    6.2670e-18
4540.08447    1.2039e-17    8.3164e-18    2.6451e-17
4548.92773    3.4990e-17    2.7187e-17    6.5199e-17
4557.78809    1.2619e-17    8.4410e-18    2.8795e-17
4566.66602    1.0309e-20    6.4858e-21    2.5111e-20
4575.56055    2.2320e-17    1.6105e-17    4.6381e-17
4584.47314    6.1226e-17    4.9278e-17    1.0749e-16
4593.40283    2.6554e-18    1.7074e-18    6.3256e-18
4602.34961    1.3607e-19    8.5611e-20    3.3144e-19
4611.31445    1.2472e-20    7.8471e-21    3.0380e-20
4620.29590    2.6716e-17    1.9335e-17    5.5294e-17
4629.29590    4.5540e-17    3.2582e-17    9.5709e-17
4638.31250    1.0423e-18    6.5584e-19    2.5387e-18
4647.34668    3.9036e-18    2.5226e-18    9.2504e-18
4656.39941    1.2803e-19    8.0645e-20    3.1149e-19
4665.46875    9.7621e-18    6.3689e-18    2.2900e-17
4674.55664    6.1595e-19    3.8843e-19    1.4968e-18
4683.66113    5.1348e-19    3.2307e-19    1.2507e-18
4692.78418    7.0963e-21    4.4646e-21    1.7285e-20
4701.92480    5.5991e-20    3.5226e-20    1.3638e-19
4711.08301    2.6323e-20    1.6535e-20    6.4221e-20
4720.25977    4.1940e-19    2.6391e-19    1.0214e-18
4729.45361    2.9052e-18    1.8307e-18    7.0652e-18
4738.66602    2.3723e-19    1.4941e-19    5.7728e-19
4747.89551    3.1778e-19    1.9993e-19    7.7406e-19
4757.14355    1.6102e-20    1.0130e-20    3.9220e-20
4766.41016    4.4282e-21    2.7860e-21    1.0786e-20
4775.69385    2.1878e-18    1.3767e-18    5.3283e-18
4784.99609    2.3254e-21    1.4630e-21    5.6643e-21
4794.31641    3.0433e-19    1.9147e-19    7.4127e-19
4803.65430    1.1602e-20    7.2991e-21    2.8260e-20
4813.01074    4.6179e-18    2.9066e-18    1.1243e-17
4822.38574    6.1157e-18    3.8499e-18    1.4888e-17
4831.77930    1.0799e-18    6.7990e-19    2.6283e-18
4841.19043    8.5674e-19    5.4041e-19    2.0815e-18
4850.62012    4.6900e-19    2.9516e-19    1.1421e-18
4860.06836    1.1149e-19    7.0162e-20    2.7150e-19
4869.53467    2.3691e-18    1.4919e-18    5.7655e-18
4879.01953    2.5864e-18    1.6276e-18    6.2985e-18
4888.52295    3.0948e-18    1.9476e-18    7.5362e-18
4898.04492    8.2287e-19    5.1776e-19    2.0041e-18
4907.58545    4.6055e-18    2.8981e-18    1.1216e-17
4917.14453    5.6467e-21    3.5526e-21    1.3754e-20
4926.72168    7.9552e-17    7.3370e-17    1.0349e-16
4936.31836    1.3216e-20    8.3149e-21    3.2193e-20
4945.93311    5.1154e-18    3.2198e-18    1.2455e-17
4955.56689    1.9590e-18    1.2326e-18    4.7712e-18
4965.21973    1.1732e-20    7.3810e-21    2.8577e-20
4974.89062    2.0661e-18    1.3001e-18    5.0318e-18
4984.58105    4.2544e-20    2.6766e-20    1.0363e-19
4994.29004    5.6567e-19    3.5652e-19    1.3754e-18
5004.01758    3.8336e-18    2.4126e-18    9.3354e-18
5013.76465    1.2604e-16    1.2423e-16    1.3304e-16
5023.53027    1.8357e-18    1.1551e-18    4.4709e-18
5033.31543    2.5527e-20    1.6060e-20    6.2178e-20
5043.11914    2.0951e-18    1.3182e-18    5.1029e-18
5052.94238    3.4921e-18    2.1977e-18    8.5039e-18
5062.78418    3.0161e-19    1.8978e-19    7.3461e-19
5072.64551    8.9426e-18    5.6299e-18    2.1769e-17
5082.52637    6.7173e-20    4.2269e-20    1.6359e-19
5092.42578    1.2739e-20    8.0146e-21    3.1030e-20
5102.34473    3.7612e-19    2.3678e-19    9.1559e-19
5112.28320    6.6049e-18    4.1571e-18    1.6082e-17
5122.24121    2.8640e-19    1.8026e-19    6.9734e-19
5132.21777    9.8334e-19    6.1905e-19    2.3938e-18
5142.21484    5.4022e-19    3.4049e-19    1.3135e-18
5152.23047    6.6067e-19    4.1603e-19    1.6078e-18
5162.26660    3.4234e-17    2.1589e-17    8.3191e-17
5172.32129    1.9818e-16    1.9577e-16    2.0750e-16
5182.39648    4.4836e-18    2.8214e-18    1.0919e-17
5192.49023    3.3420e-20    2.1027e-20    8.1399e-20
5202.60449    2.3888e-17    1.6749e-17    5.1527e-17
5212.73779    8.3009e-21    5.2225e-21    2.0220e-20
5222.89160    8.1342e-19    5.1179e-19    1.9812e-18
5233.06445    3.5280e-17    2.5176e-17    7.4399e-17
5243.25781    9.3552e-20    5.8869e-20    2.2783e-19
5253.47021    6.4587e-18    4.1380e-18    1.5444e-17
5263.70312    1.8335e-17    1.1557e-17    4.4579e-17
5273.95557    6.7349e-17    4.9467e-17    1.3658e-16
5284.22852    8.0346e-17    5.9243e-17    1.6205e-16
5294.52100    1.0298e-18    6.4794e-19    2.5082e-18
5304.83398    7.9083e-21    4.9754e-21    1.9263e-20
5315.16650    1.1937e-16    9.8597e-17    1.9978e-16
5325.51953    7.4747e-18    4.8568e-18    1.7610e-17
5335.89258    7.6752e-18    4.8320e-18    1.8683e-17
5346.28564    9.0645e-19    5.7042e-19    2.2075e-18
5356.69922    3.7079e-20    2.3328e-20    9.0319e-20
5367.13281    5.0372e-18    3.2656e-18    1.1896e-17
5377.58691    7.6907e-18    4.8416e-18    1.8722e-17
5388.06152    1.1124e-19    6.9987e-20    2.7097e-19
5398.55664    1.1745e-20    7.3891e-21    2.8609e-20
5409.07178    1.2874e-18    8.1067e-19    3.1333e-18
5419.60742    1.4726e-20    9.2646e-21    3.5870e-20
5430.16406    1.1678e-17    7.5295e-18    2.7741e-17
5440.74121    9.0274e-20    5.6797e-20    2.1989e-19
5451.33887    3.4595e-20    2.1767e-20    8.4263e-20
5461.95703    1.4386e-20    9.0516e-21    3.5038e-20
5472.59570    3.6545e-19    2.3001e-19    8.8983e-19
5483.25488    1.6720e-20    1.0519e-20    4.0727e-20
5493.93555    5.9660e-19    3.7537e-19    1.4531e-18
5504.63672    2.7810e-20    1.7497e-20    6.7741e-20
5515.35840    5.4883e-20    3.4529e-20    1.3369e-19
5526.10156    1.7939e-18    1.1287e-18    4.3690e-18
5536.86523    7.0153e-19    4.4249e-19    1.7045e-18
5547.64941    4.7144e-19    2.9662e-19    1.1483e-18
5558.45557    5.4641e-19    3.4378e-19    1.3309e-18
5569.28271    5.6993e-20    3.5856e-20    1.3883e-19
5580.12988    2.2696e-19    1.4279e-19    5.5284e-19
5590.99902    1.7506e-19    1.1014e-19    4.2641e-19
5601.88965    3.2851e-20    2.0669e-20    8.0017e-20
5612.80078    1.9369e-19    1.2186e-19    4.7179e-19
5623.73340    4.7113e-19    2.9659e-19    1.1469e-18
5634.68750    6.9683e-21    4.3841e-21    1.6974e-20
5645.66211    2.7093e-19    1.7045e-19    6.5993e-19
5656.65918    5.1097e-19    3.2188e-19    1.2431e-18
5667.67676    2.8631e-19    1.8013e-19    6.9742e-19
5678.71680    3.1772e-19    1.9990e-19    7.7391e-19
5689.77734    3.0952e-19    1.9473e-19    7.5394e-19
5700.86035    1.5648e-20    9.8446e-21    3.8115e-20
5711.96484    5.7903e-20    3.6429e-20    1.4104e-19
5723.09033    3.0469e-19    1.9173e-19    7.4204e-19
5734.23779    1.4275e-19    8.9841e-20    3.4761e-19
5745.40723    4.2432e-19    2.6696e-19    1.0336e-18
5756.59766    4.3512e-20    2.7375e-20    1.0599e-19
5767.81104    2.0173e-20    1.2691e-20    4.9137e-20
5779.04492    1.4237e-19    8.9590e-20    3.4672e-19
5790.30176    1.3640e-20    8.5814e-21    3.3224e-20
5801.58008    1.1560e-19    7.2729e-20    2.8158e-19
5812.88037    1.1045e-19    6.9509e-20    2.6898e-19
5824.20264    2.0693e-20    1.3019e-20    5.0404e-20
5835.54688    5.7516e-19    3.6185e-19    1.4010e-18
5846.91357    6.8659e-20    4.3196e-20    1.6724e-19
5858.30225    2.0480e-19    1.2887e-19    4.9877e-19
5869.71289    5.7587e-19    3.6233e-19    1.4027e-18
5881.14600    1.1649e-20    7.3285e-21    2.8375e-20
5892.60156    8.0723e-21    5.6921e-21    1.7288e-20
5904.07910    1.1281e-19    7.0978e-20    2.7479e-19
5915.57910    1.2168e-18    7.6554e-19    2.9639e-18
5927.10156    2.8331e-19    1.7828e-19    6.8996e-19
5938.64648    3.1766e-21    1.9986e-21    7.7378e-21
5950.21387    1.2136e-19    7.6377e-20    2.9552e-19
5961.80371    8.1185e-20    5.1077e-20    1.9775e-19
5973.41602    1.9257e-20    1.2116e-20    4.6908e-20
5985.05127    1.0615e-19    6.6783e-20    2.5855e-19
5996.70850    3.2260e-18    2.0347e-18    7.8383e-18
6008.38867    2.3134e-20    1.4555e-20    5.6352e-20
6020.09229    1.9529e-19    1.2288e-19    4.7562e-19
6031.81836    1.4489e-20    9.1158e-21    3.5293e-20
6043.56738    1.1821e-18    7.4376e-19    2.8794e-18
6055.33887    3.3172e-19    2.0870e-19    8.0801e-19
6067.13428    1.3972e-20    8.7907e-21    3.4035e-20
6078.95117    1.2536e-18    7.8958e-19    3.0502e-18
6090.79150    2.2146e-20    1.3933e-20    5.3945e-20
6102.65527    4.9234e-20    3.0975e-20    1.1993e-19
6114.54199    6.1588e-19    3.8776e-19    1.4991e-18
6126.45215    3.5515e-19    2.2350e-19    8.6486e-19
6138.38525    7.0679e-20    4.4472e-20    1.7214e-19
6150.34131    3.9519e-18    2.5053e-18    9.5530e-18
6162.32178    4.9144e-20    3.1041e-20    1.1923e-19
6174.32422    6.3405e-19    3.9893e-19    1.5444e-18
6186.35059    7.2610e-19    4.5683e-19    1.7687e-18
6198.40088    1.4806e-19    9.3149e-20    3.6064e-19
6210.47314    1.9669e-21    1.2375e-21    4.7911e-21
6222.57031    7.0227e-20    4.4186e-20    1.7105e-19
6234.69043    4.6473e-18    2.9431e-18    1.1246e-17
6246.83496    6.4870e-18    4.1474e-18    1.5545e-17
6259.00195    1.8141e-19    1.1413e-19    4.4189e-19
6271.19385    4.8036e-20    3.0221e-20    1.1701e-19
6283.40869    1.0981e-19    6.9097e-20    2.6746e-19
6295.64795    1.7919e-20    1.1277e-20    4.3631e-20
6307.91016    2.7361e-19    1.7216e-19    6.6638e-19
6320.19678    6.8627e-18    4.3177e-18    1.6716e-17
6332.50781    2.1506e-19    1.3531e-19    5.2383e-19
6344.84180    2.3809e-19    1.4979e-19    5.7994e-19
6357.20020    1.3459e-19    8.4675e-20    3.2783e-19
6369.58252    2.4732e-18    1.5581e-18    6.0161e-18
6381.98926    4.3466e-18    2.7346e-18    1.0588e-17
6394.42041    6.3454e-20    3.9922e-20    1.5456e-19
6406.87549    4.1958e-19    2.6423e-19    1.0211e-18
6419.35449    3.0300e-18    1.9266e-18    7.3019e-18
6431.85840    6.0057e-18    3.8140e-18    1.4491e-17
6444.38672    6.4794e-19    4.0765e-19    1.5783e-18
6456.93896    1.3781e-17    8.9669e-18    3.2420e-17
6469.51514    2.6505e-19    1.6675e-19    6.4561e-19
6482.11719    2.6709e-19    1.6804e-19    6.5059e-19
6494.74268    2.5558e-18    1.6079e-18    6.2254e-18
6507.39355    8.9927e-19    5.6577e-19    2.1905e-18
6520.06836    1.4612e-17    9.3123e-18    3.5130e-17
6532.76855    2.7014e-19    1.6995e-19    6.5801e-19
6545.49316    8.4758e-21    5.3325e-21    2.0646e-20
6558.24268    8.7432e-19    5.7849e-19    2.0197e-18
6571.01611    2.8566e-19    1.7972e-19    6.9582e-19
6583.81543    1.0147e-18    6.3840e-19    2.4717e-18
6596.63965    6.7407e-20    4.2409e-20    1.6419e-19
6609.48828    1.8333e-19    1.1534e-19    4.4656e-19
6622.36230    6.6310e-19    4.1719e-19    1.6152e-18
6635.26172    4.2873e-21    2.6973e-21    1.0443e-20
6648.18506    3.4367e-19    2.1622e-19    8.3712e-19
6661.13525    1.3865e-19    8.7232e-20    3.3773e-19
6674.10986    2.2229e-20    1.3985e-20    5.4145e-20
6687.10938    1.9772e-19    1.2439e-19    4.8160e-19
6700.13428    8.7796e-20    5.5236e-20    2.1386e-19
6713.18506    2.9368e-21    1.8477e-21    7.1535e-21
6726.26123    1.2140e-19    7.6376e-20    2.9570e-19
6739.36279    1.7710e-21    1.1142e-21    4.3139e-21
6752.48926    1.8705e-20    1.1768e-20    4.5563e-20
6765.64258    9.5160e-20    5.9869e-20    2.3180e-19
6778.82031    1.0096e-19    6.3516e-20    2.4591e-19
6792.02441    7.8210e-21    4.9205e-21    1.9051e-20
6805.25439    7.8360e-20    4.9299e-20    1.9087e-19
6818.50928    7.2670e-20    4.5720e-20    1.7701e-19
6831.78955    1.6658e-20    1.0481e-20    4.0577e-20
6845.09717    5.2192e-21    3.2837e-21    1.2713e-20
6858.43018    2.4925e-19    1.5682e-19    6.0714e-19
6871.78906    4.6355e-19    2.9165e-19    1.1291e-18
6885.17432    4.6710e-21    2.9387e-21    1.1378e-20
6898.58447    9.0977e-20    5.7238e-20    2.2161e-19
6912.02246    2.6374e-20    1.6593e-20    6.4242e-20
6925.48486    6.8224e-20    4.2923e-20    1.6618e-19
6938.97412    1.6846e-19    1.0599e-19    4.1034e-19
6952.49023    1.3997e-20    8.8062e-21    3.4095e-20
6966.03271    3.4426e-20    2.1659e-20    8.3856e-20
6979.60059    2.1521e-20    1.3540e-20    5.2421e-20
6993.19629    8.6201e-20    5.4233e-20    2.0997e-19
