1000.97394    8.6790e-18    1.1361e-17    4.1839e-19
1002.92358    3.3985e-18    4.4413e-18    1.8597e-19
1004.87708    4.6616e-18    6.0994e-18    2.3245e-19
1006.83441    4.0327e-18    5.2702e-18    2.2063e-19
1008.79553    5.4120e-18    7.0856e-18    2.5632e-19
1010.76050    3.9725e-19    5.1758e-19    2.6566e-20
1012.72925    2.1956e-18    2.8779e-18    9.3724e-20
1014.70178    4.1067e-18    5.3940e-18    1.4099e-19
1016.67822    5.4172e-18    7.0938e-18    2.5237e-19
1018.65857    3.2619e-18    4.2868e-18    1.0480e-19
1020.64270    4.8615e-18    6.3715e-18    2.0970e-19
1022.63074    5.0713e-18    6.6621e-18    1.7085e-19
1024.62256    1.6220e-18    2.1260e-18    6.9117e-20
1026.61841    1.1497e-18    1.5031e-18    6.1162e-20
1028.61792    2.3782e-18    3.1056e-18    1.3731e-19
1030.62158    4.6501e-18    6.0948e-18    1.9963e-19
1032.62891    3.3624e-18    4.3728e-18    2.5002e-19
1034.64038    6.0362e-18    7.9131e-18    2.5423e-19
1036.65564    4.9857e-18    6.4226e-18    5.5931e-19
1038.67480    3.6757e-18    4.7903e-18    2.4205e-19
1040.69800    6.9939e-18    9.1048e-18    4.9117e-19
1042.72510    6.5396e-18    8.4934e-18    5.2108e-19
1044.75610    5.5797e-18    7.3113e-18    2.4512e-19
1046.79102    4.6769e-18    6.1174e-18    2.3945e-19
1048.83008    1.5443e-18    1.9971e-18    1.4937e-19
1050.87292    7.3726e-18    9.6113e-18    4.7619e-19
1052.91980    6.2759e-18    8.1445e-18    5.1944e-19
1054.97070    1.3899e-17    1.8217e-17    5.9903e-19
1057.02563    9.2838e-18    1.2124e-17    5.3487e-19
1059.08447    1.1577e-17    1.5041e-17    9.0699e-19
1061.14734    2.7477e-17    3.5815e-17    1.7924e-18
1063.21436    2.6287e-17    3.4442e-17    1.1653e-18
1065.28516    1.2705e-17    1.6506e-17    9.9577e-19
1067.36011    2.7137e-17    3.4906e-17    3.2057e-18
1069.43921    1.8729e-17    2.4253e-17    1.7102e-18
1071.52222    2.3047e-17    2.9601e-17    2.8552e-18
1073.60938    6.4299e-17    8.1976e-17    9.8441e-18
1075.70056    4.2613e-17    5.4969e-17    4.5480e-18
1077.79590    3.3975e-17    4.3817e-17    3.6561e-18
1079.89514    6.8595e-18    8.8551e-18    7.1198e-19
1081.99854    9.6832e-18    1.2723e-17    3.1766e-19
1084.10608    1.7451e-17    2.2790e-17    1.0048e-18
1086.21777    9.2191e-18    1.1959e-17    7.7792e-19
1088.33350    2.1536e-17    2.8086e-17    1.3568e-18
1090.45337    2.8705e-17    3.7548e-17    1.4641e-18
1092.57727    1.6730e-17    2.1802e-17    1.1085e-18
1094.70532    2.1934e-17    2.8687e-17    1.1288e-18
1096.83765    2.3529e-17    3.0823e-17    1.0611e-18
1098.97412    2.8577e-17    3.7394e-17    1.4164e-18
1101.11475    1.8244e-17    2.3897e-17    8.2909e-19
1103.25952    1.3741e-17    1.7871e-17    1.0177e-18
1105.40845    2.1694e-17    2.8344e-17    1.2088e-18
1107.56152    3.2498e-17    4.2367e-17    2.0982e-18
1109.71887    2.4769e-17    3.2089e-17    2.2179e-18
1111.88037    5.1404e-17    6.7478e-17    1.8872e-18
1114.04614    7.8806e-17    1.0344e-16    2.9225e-18
1116.21606    3.1764e-17    4.1610e-17    1.4310e-18
1118.39014    9.1052e-18    1.1803e-17    7.9541e-19
1120.56860    1.2800e-17    1.6676e-17    8.6070e-19
1122.75122    1.8268e-17    2.3779e-17    1.2937e-18
1124.93811    2.5422e-17    3.3097e-17    1.7781e-18
1127.12927    5.0794e-17    6.6176e-17    3.4097e-18
1129.32471    3.2483e-17    4.2497e-17    1.6314e-18
1131.52441    3.5861e-17    4.7007e-17    1.5280e-18
1133.72839    5.0907e-17    6.7050e-17    1.1755e-18
1135.93665    1.7644e-17    2.3016e-17    1.0943e-18
1138.14917    1.5657e-17    2.0469e-17    8.3634e-19
1140.36621    2.7833e-17    3.6402e-17    1.4350e-18
1142.58740    3.9027e-17    5.1282e-17    1.2769e-18
1144.81299    1.2072e-16    1.5751e-16    7.3894e-18
1147.04272    8.8773e-17    1.1472e-16    8.8510e-18
1149.27698    8.5273e-17    1.1071e-16    6.9221e-18
1151.51562    6.8745e-17    8.8589e-17    7.6138e-18
1153.75854    5.9749e-17    7.7912e-17    3.7947e-18
1156.00586    3.2370e-17    4.2283e-17    1.8325e-18
1158.25745    5.1545e-17    6.7201e-17    3.3162e-18
1160.51355    6.0636e-17    7.8746e-17    4.8468e-18
1162.77393    4.2897e-17    5.6053e-17    2.3712e-18
1165.03882    5.6819e-17    7.4259e-17    3.0924e-18
1167.30811    7.1601e-17    9.3206e-17    5.0472e-18
1169.58179    6.5757e-17    8.5424e-17    5.1740e-18
1171.85986    6.5864e-17    8.5928e-17    4.0547e-18
1174.14246    8.7360e-17    1.1346e-16    6.9632e-18
1176.42944    5.3710e-17    6.9227e-17    5.9085e-18
1178.72095    2.8591e-17    3.7312e-17    1.7252e-18
1181.01685    4.5305e-17    5.9380e-17    1.9461e-18
1183.31714    4.1947e-17    5.4734e-17    2.5566e-18
1185.62207    5.5541e-17    7.2066e-17    4.6341e-18
1187.93140    8.1372e-17    1.0536e-16    7.4816e-18
1190.24536    4.7780e-17    6.2317e-17    2.9967e-18
1192.56372    6.5196e-17    8.4641e-17    5.2933e-18
1194.88647    3.1719e-17    4.1035e-17    3.0213e-18
1197.21387    9.2964e-17    1.2171e-16    4.4081e-18
1199.54590    6.7160e-17    8.6304e-17    8.1852e-18
1201.88232    2.3825e-17    3.1008e-17    1.6973e-18
1204.22339    1.4165e-17    1.8556e-17    6.3940e-19
1206.56897    1.8682e-17    2.4405e-17    1.0508e-18
1208.91919    1.7041e-16    2.2467e-16    3.2620e-18
1211.27393    3.9186e-17    5.1207e-17    2.1567e-18
1213.63330    3.4732e-17    4.5600e-17    1.2517e-18
1215.99719    2.8205e-17    3.6965e-17    1.2201e-18
1218.36572    2.8780e-17    3.7672e-17    1.3899e-18
1220.73877    3.0958e-16    4.0935e-16    2.2315e-18
1223.11658    2.0670e-17    2.6833e-17    1.6860e-18
1225.49902    3.0281e-17    3.9670e-17    1.3568e-18
1227.88599    3.3312e-17    4.3662e-17    1.4305e-18
1230.27771    2.0606e-17    2.7011e-17    8.7182e-19
1232.67407    5.1225e-17    6.7023e-17    2.5598e-18
1235.07507    4.2534e-17    5.5720e-17    1.9128e-18
1237.48071    3.7503e-17    4.9148e-17    1.6303e-18
1239.89111    3.0322e-17    3.9565e-17    1.8494e-18
1242.30615    4.7245e-17    6.1188e-17    4.2926e-18
1244.72595    3.2869e-17    4.2973e-17    1.7428e-18
1247.15039    2.7459e-17    3.5958e-17    1.2753e-18
1249.57959    2.5013e-17    3.2363e-17    2.3727e-18
1252.01355    3.2938e-17    4.2986e-17    1.9817e-18
1254.45215    3.7449e-17    4.8906e-17    2.1552e-18
1256.89563    4.6953e-17    6.0831e-17    4.2012e-18
1259.34375    5.3030e-17    6.9162e-17    3.3332e-18
1261.79675    5.7457e-17    7.4054e-17    6.3264e-18
1264.25452    3.0455e-17    3.9648e-17    2.1372e-18
1266.71704    6.4709e-17    8.1516e-17    1.2935e-17
1269.18433    2.4079e-17    3.1274e-17    1.9148e-18
1271.65649    5.4102e-17    6.8901e-17    8.5150e-18
1274.13342    4.1211e-17    5.3032e-17    4.7934e-18
1276.61523    3.8260e-17    4.8307e-17    7.3065e-18
1279.10181    4.4584e-17    5.8023e-17    3.1817e-18
1281.59326    3.0138e-17    3.9028e-17    2.7490e-18
1284.08960    3.6497e-17    4.7153e-17    3.6687e-18
1286.59070    3.4089e-17    4.3885e-17    3.9103e-18
1289.09668    5.9749e-17    7.7159e-17    6.1182e-18
1291.60767    3.9487e-17    5.0877e-17    4.4023e-18
1294.12341    2.9166e-17    3.7742e-17    2.7462e-18
1296.64404    6.6127e-17    8.6005e-17    4.8925e-18
1299.16968    7.4221e-17    9.6439e-17    5.7761e-18
1301.70020    6.1582e-17    7.9488e-17    6.4228e-18
1304.23572    6.0627e-17    7.8620e-17    5.1984e-18
1306.77612    5.2368e-17    6.7226e-17    6.5977e-18
1309.32141    2.5922e-17    3.3322e-17    3.1254e-18
1311.87183    3.0901e-17    3.9577e-17    4.1736e-18
1314.42700    3.9680e-17    5.0814e-17    5.3822e-18
1316.98730    4.2195e-17    5.4152e-17    5.3610e-18
1319.55249    5.2452e-17    6.7328e-17    6.6271e-18
1322.12280    4.6782e-17    6.0014e-17    6.0210e-18
1324.69800    5.2583e-17    6.7432e-17    6.8396e-18
1327.27820    4.2862e-17    5.5228e-17    4.7679e-18
1329.86353    3.4740e-17    4.4584e-17    4.4146e-18
1332.45386    4.6880e-17    5.9380e-17    8.3738e-18
1335.04919    2.6963e-17    3.4140e-17    4.8526e-18
1337.64966    2.7237e-17    3.4690e-17    4.2754e-18
1340.25513    4.7888e-17    6.0409e-17    9.3175e-18
1342.86560    2.0118e-17    2.4911e-17    5.3523e-18
1345.48120    2.9968e-17    3.7935e-17    5.4246e-18
1348.10205    1.2325e-17    1.5098e-17    3.7825e-18
1350.72778    4.1758e-17    5.2705e-17    8.0347e-18
1353.35876    3.5201e-17    4.4061e-17    7.9076e-18
1355.99487    3.5388e-17    4.5044e-17    5.6434e-18
1358.63611    3.4681e-17    4.2348e-17    1.1060e-17
1361.28247    6.4000e-17    8.0695e-17    1.2570e-17
1363.93396    3.7951e-17    4.7527e-17    8.4507e-18
1366.59058    4.0064e-17    5.0754e-17    7.1352e-18
1369.25244    4.1699e-17    5.2947e-17    7.0495e-18
1371.91956    5.2576e-17    6.5524e-17    1.2687e-17
1374.59180    7.8361e-17    9.9320e-17    1.3794e-17
1377.26929    5.6443e-17    7.1081e-17    1.1349e-17
1379.95190    5.3150e-17    6.6867e-17    1.0894e-17
1382.63965    5.2676e-17    6.6477e-17    1.0160e-17
1385.33276    4.0352e-17    5.0863e-17    7.9742e-18
1388.03125    4.9775e-17    6.1446e-17    1.3821e-17
1390.73486    2.8379e-17    3.4795e-17    8.6142e-18
1393.44360    3.6117e-17    4.4063e-17    1.1638e-17
1396.15784    4.5000e-17    5.6016e-17    1.1063e-17
1398.87720    8.7000e-17    1.0984e-16    1.6624e-17
1401.60205    4.9238e-17    6.0939e-17    1.3191e-17
1404.33203    4.2735e-17    5.3794e-17    8.6663e-18
1407.06738    3.2622e-17    3.9925e-17    1.0123e-17
1409.80811    3.3620e-17    4.0927e-17    1.1108e-17
1412.55420    4.0789e-17    4.9500e-17    1.3954e-17
1415.30554    6.6754e-17    8.2728e-17    1.7548e-17
1418.06213    6.0244e-17    7.5750e-17    1.2476e-17
1420.82446    3.6343e-17    4.4587e-17    1.0948e-17
1423.59180    4.6878e-17    5.7175e-17    1.5159e-17
1426.36475    2.0004e-17    2.4144e-17    7.2523e-18
1429.14307    3.7719e-17    4.7217e-17    8.4585e-18
1431.92676    5.3414e-17    6.5525e-17    1.6104e-17
1434.71582    4.0896e-17    4.8330e-17    1.7992e-17
1437.51038    4.3315e-17    5.4908e-17    7.6017e-18
1440.31030    3.5620e-17    4.4287e-17    8.9210e-18
1443.11572    4.2665e-17    5.1742e-17    1.4704e-17
1445.92676    2.0801e-17    2.5457e-17    6.4572e-18
1448.74316    2.5103e-17    3.0549e-17    8.3239e-18
1451.56494    5.4089e-17    6.8541e-17    9.5679e-18
1454.39233    2.4693e-17    3.0322e-17    7.3545e-18
1457.22522    2.5082e-17    3.0952e-17    7.0015e-18
1460.06360    1.9408e-17    2.3041e-17    8.2171e-18
1462.90747    3.2980e-17    4.0659e-17    9.3275e-18
1465.75696    1.8087e-17    2.2122e-17    5.6575e-18
1468.61206    2.4843e-17    2.9251e-17    1.1265e-17
1471.47253    3.2239e-17    3.9530e-17    9.7806e-18
1474.33862    6.4517e-17    8.0486e-17    1.5323e-17
1477.21045    6.2830e-17    7.8300e-17    1.5174e-17
1480.08777    2.2782e-17    2.8103e-17    6.3931e-18
1482.97058    5.2282e-17    6.4211e-17    1.5534e-17
1485.85913    4.2238e-17    5.1668e-17    1.3187e-17
1488.75342    5.6964e-17    7.1265e-17    1.2906e-17
1491.65332    5.5845e-17    7.0019e-17    1.2184e-17
1494.55859    5.3608e-17    6.5174e-17    1.7979e-17
1497.46985    1.9769e-17    2.2254e-17    1.2111e-17
1500.38647    1.8042e-17    2.0495e-17    1.0485e-17
1503.30896    3.1194e-17    3.7118e-17    1.2946e-17
1506.23706    4.2224e-17    4.9495e-17    1.9825e-17
1509.17090    3.3358e-17    4.0924e-17    1.0051e-17
1512.11060    4.6304e-17    5.4863e-17    1.9940e-17
1515.05591    2.6052e-17    3.0877e-17    1.1190e-17
1518.00684    8.7180e-18    9.2426e-18    7.1020e-18
1520.96362    3.5384e-17    3.9816e-17    2.1732e-17
1523.92627    3.4079e-17    3.9256e-17    1.8133e-17
1526.89453    4.4332e-17    5.3092e-17    1.7348e-17
1529.86865    1.1540e-17    1.2027e-17    1.0038e-17
1532.84839    2.1756e-17    2.5518e-17    1.0169e-17
1535.83411    1.4090e-17    1.6311e-17    7.2472e-18
1538.82568    1.7022e-17    1.8862e-17    1.1352e-17
1541.82300    1.6931e-17    1.9208e-17    9.9171e-18
1544.82617    1.3959e-17    1.5619e-17    8.8428e-18
1547.83521    2.7720e-17    3.2701e-17    1.2376e-17
1550.85010    7.1834e-17    8.0746e-17    4.4379e-17
1553.87085    2.2657e-17    2.5590e-17    1.3623e-17
1556.89746    4.1266e-17    4.5558e-17    2.8042e-17
1559.92993    4.4935e-17    4.6582e-17    3.9860e-17
1562.96863    3.9006e-17    4.1728e-17    3.0619e-17
1566.01282    1.7573e-17    1.8442e-17    1.4897e-17
1569.06311    5.9267e-17    6.2795e-17    4.8400e-17
1572.11938    6.2075e-17    6.7292e-17    4.6007e-17
1575.18152    6.8071e-17    7.3180e-17    5.2333e-17
1578.24963    7.6726e-17    8.2427e-17    5.9162e-17
1581.32373    6.5798e-17    6.8533e-17    5.7374e-17
1584.40381    2.6728e-17    2.8683e-17    2.0706e-17
1587.48999    3.9575e-17    4.1208e-17    3.4546e-17
1590.58215    1.9740e-17    2.0340e-17    1.7892e-17
1593.68018    4.8523e-17    5.0144e-17    4.3528e-17
1596.78442    3.8606e-17    3.8859e-17    3.7827e-17
1599.89465    3.0138e-17    3.1090e-17    2.7207e-17
1603.01086    3.0908e-17    3.2029e-17    2.7454e-17
1606.13330    4.3573e-17    4.6954e-17    3.3158e-17
1609.26172    2.4648e-17    2.8131e-17    1.3916e-17
1612.39636    3.4868e-17    3.9275e-17    2.1292e-17
1615.53674    5.7991e-18    5.4383e-18    6.9104e-18
1618.68347    4.9452e-17    4.8889e-17    5.1188e-17
1621.83630    8.6032e-17    8.3207e-17    9.4732e-17
1624.99548    4.7750e-17    4.8295e-17    4.6073e-17
1628.16064    9.4153e-17    9.0957e-17    1.0400e-16
1631.33203    5.8270e-17    5.6431e-17    6.3933e-17
1634.50952    8.8699e-17    8.8361e-17    8.9738e-17
1637.69312    8.0752e-17    7.8777e-17    8.6836e-17
1640.88306    1.0652e-16    1.1626e-16    7.6517e-17
1644.07922    3.8340e-17    4.0756e-17    3.0897e-17
1647.28162    4.2071e-17    4.3900e-17    3.6436e-17
1650.49023    6.3507e-17    6.3456e-17    6.3663e-17
1653.70496    6.5123e-17    6.8268e-17    5.5435e-17
1656.92603    7.0647e-17    8.6799e-17    2.0890e-17
1660.15369    2.9385e-17    3.0075e-17    2.7257e-17
1663.38721    2.7342e-17    3.1607e-17    1.4204e-17
1666.62720    1.3478e-17    1.3802e-17    1.2482e-17
1669.87317    1.3712e-17    1.4582e-17    1.1032e-17
1673.12585    2.2413e-17    2.3477e-17    1.9133e-17
1676.38489    4.4021e-17    4.5624e-17    3.9084e-17
1679.65027    3.2899e-17    3.3312e-17    3.1624e-17
1682.92188    2.1562e-17    2.2718e-17    1.8002e-17
1686.19958    3.1061e-17    3.4885e-17    1.9282e-17
1689.48413    3.6860e-17    3.8688e-17    3.1229e-17
1692.77502    2.2753e-17    2.2808e-17    2.2583e-17
1696.07227    1.6594e-17    1.7750e-17    1.3036e-17
1699.37573    1.5256e-17    1.6067e-17    1.2758e-17
1702.68567    6.5122e-17    6.4573e-17    6.6811e-17
1706.00232    2.2927e-17    2.3741e-17    2.0420e-17
1709.32544    7.1348e-17    7.2758e-17    6.7004e-17
1712.65491    2.7674e-17    2.7715e-17    2.7549e-17
1715.99060    5.5955e-17    5.8408e-17    4.8399e-17
1719.33301    4.0846e-17    4.2675e-17    3.5212e-17
1722.68188    6.2399e-17    6.3956e-17    5.7604e-17
1726.03735    6.6280e-17    6.9205e-17    5.7267e-17
1729.39941    1.8577e-17    1.7661e-17    2.1402e-17
1732.76807    3.0232e-17    3.1848e-17    2.5254e-17
1736.14307    1.4138e-17    1.4608e-17    1.2688e-17
1739.52466    1.9022e-17    1.6572e-17    2.6568e-17
1742.91296    2.1506e-17    2.2287e-17    1.9098e-17
1746.30786    3.7005e-17    3.5593e-17    4.1355e-17
1749.70935    3.2038e-17    3.1791e-17    3.2798e-17
1753.11755    5.5029e-18    4.7903e-18    7.6981e-18
1756.53223    1.2119e-17    1.1987e-17    1.2525e-17
1759.95325    3.8494e-17    3.9881e-17    3.4222e-17
1763.38147    2.7919e-17    2.8413e-17    2.6397e-17
1766.81628    1.3542e-17    1.3598e-17    1.3369e-17
1770.25745    1.5099e-17    1.3988e-17    1.8522e-17
1773.70581    5.6867e-17    5.5360e-17    6.1509e-17
1777.16064    1.9893e-17    2.1170e-17    1.5958e-17
1780.62207    2.0241e-17    1.9156e-17    2.3584e-17
1784.09045    8.5663e-17    8.4645e-17    8.8797e-17
1787.56555    1.5288e-16    1.5488e-16    1.4672e-16
1791.04749    2.0686e-17    2.0218e-17    2.2125e-17
1794.53601    7.2568e-17    6.6887e-17    9.0070e-17
1798.03137    4.7605e-17    5.2086e-17    3.3801e-17
1801.53357    1.6213e-17    1.3694e-17    2.3973e-17
1805.04248    4.4442e-17    4.4661e-17    4.3767e-17
1808.55847    3.7255e-17    3.4627e-17    4.5348e-17
1812.08130    2.7712e-17    2.4827e-17    3.6601e-17
1815.61096    2.3427e-17    2.1927e-17    2.8050e-17
1819.14722    2.2829e-17    2.1997e-17    2.5389e-17
1822.69067    2.6255e-17    2.7541e-17    2.2294e-17
1826.24084    3.0155e-17    3.1304e-17    2.6614e-17
1829.79797    2.9805e-17    3.1687e-17    2.4004e-17
1833.36206    3.8585e-17    3.8332e-17    3.9365e-17
1836.93311    1.4245e-17    1.4913e-17    1.2188e-17
1840.51111    4.1140e-17    4.0161e-17    4.4156e-17
1844.09607    3.2384e-17    3.1348e-17    3.5577e-17
1847.68799    2.8500e-17    3.0542e-17    2.2211e-17
1851.28687    3.2160e-17    3.0839e-17    3.6232e-17
1854.89282    1.4137e-17    1.3704e-17    1.5471e-17
1858.50586    2.3461e-17    2.4311e-17    2.0844e-17
1862.12585    3.6592e-17    3.0810e-17    5.4403e-17
1865.75293    2.6172e-17    2.5848e-17    2.7172e-17
1869.38696    2.5056e-17    2.6310e-17    2.1195e-17
1873.02820    1.0289e-17    9.8221e-18    1.1729e-17
1876.67651    4.4352e-17    4.3054e-17    4.8349e-17
1880.33191    3.6221e-17    3.8088e-17    3.0468e-17
1883.99438    5.6413e-17    4.9777e-17    7.6855e-17
1887.66406    4.1093e-17    4.0166e-17    4.3950e-17
1891.34082    2.0821e-17    2.0354e-17    2.2260e-17
1895.02490    1.9099e-17    1.8061e-17    2.2294e-17
1898.71606    4.1472e-17    4.0118e-17    4.5644e-17
1902.41431    4.3094e-17    4.2745e-17    4.4169e-17
1906.11987    3.3792e-17    3.4017e-17    3.3097e-17
1909.83252    2.8926e-17    2.9005e-17    2.8683e-17
1913.55261    2.8840e-17    2.6649e-17    3.5589e-17
1917.27979    4.5330e-17    4.2678e-17    5.3498e-17
1921.01428    3.1851e-17    2.8271e-17    4.2878e-17
1924.75610    2.9068e-17    2.8460e-17    3.0940e-17
1928.50513    3.9533e-17    4.3077e-17    2.8616e-17
1932.26147    2.4000e-17    2.5064e-17    2.0723e-17
1936.02515    3.3074e-17    3.1226e-17    3.8766e-17
1939.79614    2.3821e-17    2.2408e-17    2.8175e-17
1943.57446    3.7853e-17    3.8364e-17    3.6279e-17
1947.36011    5.3426e-17    5.2092e-17    5.7533e-17
1951.15332    1.4390e-17    1.4369e-17    1.4455e-17
1954.95374    2.1037e-17    2.2539e-17    1.6410e-17
1958.76160    4.5739e-17    4.4582e-17    4.9302e-17
1962.57690    4.4682e-17    4.4775e-17    4.4398e-17
1966.39966    7.0728e-17    7.7380e-17    5.0236e-17
1970.22974    5.4019e-17    5.3094e-17    5.6868e-17
1974.06738    4.2948e-17    4.5219e-17    3.5952e-17
1977.91248    2.3118e-17    2.0490e-17    3.1213e-17
1981.76514    1.5352e-17    1.4043e-17    1.9384e-17
1985.62524    2.9921e-17    2.8893e-17    3.3090e-17
1989.49280    2.4111e-17    2.3323e-17    2.6538e-17
1993.36792    2.6677e-17    2.5606e-17    2.9978e-17
1997.25061    2.2174e-17    2.0302e-17    2.7940e-17
2001.14087    4.4761e-17    4.6510e-17    3.9375e-17
2005.03870    2.8387e-17    2.9026e-17    2.6417e-17
2008.94409    5.9559e-17    5.9006e-17    6.1261e-17
2012.85718    4.9318e-17    4.9945e-17    4.7389e-17
2016.77783    3.6065e-17    3.6622e-17    3.4350e-17
2020.70605    2.4361e-17    2.4418e-17    2.4185e-17
2024.64209    3.1188e-17    3.0340e-17    3.3800e-17
2028.58569    4.9586e-17    5.0285e-17    4.7431e-17
2032.53687    4.0246e-17    4.3302e-17    3.0829e-17
2036.49585    1.7014e-17    1.6552e-17    1.8438e-17
2040.46265    2.7113e-17    2.6398e-17    2.9317e-17
2044.43701    2.5379e-17    2.2874e-17    3.3096e-17
2048.41919    1.6584e-17    1.6236e-17    1.7656e-17
2052.40918    1.7454e-17    1.7078e-17    1.8611e-17
2056.40674    3.5069e-17    3.5597e-17    3.3446e-17
2060.41211    3.3211e-17    2.9191e-17    4.5596e-17
2064.42554    4.5128e-17    4.3691e-17    4.9556e-17
2068.44678    5.6445e-17    5.1795e-17    7.0770e-17
2072.47559    5.3123e-17    5.0309e-17    6.1792e-17
2076.51221    5.4494e-17    5.2745e-17    5.9882e-17
2080.55713    4.0961e-17    3.6255e-17    5.5460e-17
2084.60938    1.8650e-17    1.7952e-17    2.0802e-17
2088.66992    2.5953e-17    2.4587e-17    3.0161e-17
2092.73828    2.4508e-17    2.3816e-17    2.6641e-17
2096.81445    2.6722e-17    2.7790e-17    2.3431e-17
2100.89868    3.9682e-17    4.1448e-17    3.4242e-17
2104.99072    3.7071e-17    3.8203e-17    3.3584e-17
2109.09082    8.2772e-17    8.5763e-17    7.3558e-17
2113.19922    2.1343e-17    1.9750e-17    2.6249e-17
2117.31519    9.7050e-17    9.4298e-17    1.0553e-16
2121.43945    1.1149e-17    1.1114e-17    1.1257e-17
2125.57129    2.4109e-17    2.3527e-17    2.5901e-17
2129.71143    4.1264e-17    4.2668e-17    3.6938e-17
2133.85986    3.4855e-17    3.4142e-17    3.7050e-17
2138.01611    3.7586e-17    4.0156e-17    2.9671e-17
2142.18066    4.7489e-17    4.8476e-17    4.4450e-17
2146.35303    2.2759e-17    2.4456e-17    1.7531e-17
2150.53369    3.5326e-17    3.8013e-17    2.7049e-17
2154.72266    2.3084e-17    2.3498e-17    2.1807e-17
2158.91968    3.1695e-17    3.2073e-17    3.0529e-17
2163.12500    3.4452e-17    3.7805e-17    2.4121e-17
2167.33813    4.1719e-17    4.5650e-17    2.9609e-17
2171.55957    2.5527e-17    2.6607e-17    2.2202e-17
2175.78955    4.5234e-17    4.8064e-17    3.6516e-17
2180.02759    1.5829e-17    1.5825e-17    1.5842e-17
2184.27393    4.9601e-17    5.0357e-17    4.7274e-17
2188.52832    4.8138e-17    4.9653e-17    4.3472e-17
2192.79102    1.7589e-17    1.8022e-17    1.6255e-17
2197.06226    2.0308e-17    1.8494e-17    2.5898e-17
2201.34180    2.3212e-17    2.5690e-17    1.5581e-17
2205.62939    3.1611e-17    3.3666e-17    2.5281e-17
2209.92554    4.5096e-17    4.6746e-17    4.0011e-17
2214.22998    5.6490e-17    6.1594e-17    4.0765e-17
2218.54297    4.1679e-17    4.5646e-17    2.9460e-17
2222.86426    6.4709e-17    6.3369e-17    6.8836e-17
2227.19409    5.7295e-17    5.7965e-17    5.5228e-17
2231.53223    6.3790e-17    6.2572e-17    6.7543e-17
2235.87891    5.6211e-17    5.9371e-17    4.6475e-17
2240.23389    7.3838e-17    7.7571e-17    6.2337e-17
2244.59717    7.7829e-17    8.3242e-17    6.1154e-17
2248.96924    8.2630e-17    8.6941e-17    6.9350e-17
2253.34985    8.1048e-17    8.6604e-17    6.3931e-17
2257.73901    6.3435e-17    6.8011e-17    4.9339e-17
2262.13672    7.9620e-17    8.4208e-17    6.5487e-17
2266.54297    1.0820e-16    1.1092e-16    9.9806e-17
2270.95752    1.0249e-16    1.0190e-16    1.0431e-16
2275.38086    1.3072e-16    1.2595e-16    1.4539e-16
2279.81299    8.4948e-17    8.5113e-17    8.4438e-17
2284.25366    6.3189e-17    6.3126e-17    6.3383e-17
2288.70288    4.5601e-17    4.3348e-17    5.2541e-17
2293.16089    8.1028e-17    7.9746e-17    8.4976e-17
2297.62744    4.1997e-17    4.4299e-17    3.4905e-17
2302.10303    3.4815e-17    3.5511e-17    3.2672e-17
2306.58691    1.0828e-16    1.1553e-16    8.5973e-17
2311.07959    9.9238e-17    1.0360e-16    8.5790e-17
2315.58105    7.6646e-17    7.8809e-17    6.9983e-17
2320.09155    6.0083e-17    6.0399e-17    5.9107e-17
2324.61060    6.8908e-17    7.0474e-17    6.4081e-17
2329.13843    2.3895e-16    2.3109e-16    2.6318e-16
2333.67529    2.0755e-16    1.9085e-16    2.5899e-16
2338.22070    2.0472e-16    1.9584e-16    2.3207e-16
2342.77490    1.8524e-16    1.8099e-16    1.9832e-16
2347.33838    5.2184e-16    4.8679e-16    6.2981e-16
2351.91064    5.9150e-17    6.5302e-17    4.0201e-17
2356.49170    9.7533e-17    1.0661e-16    6.9563e-17
2361.08154    6.9296e-16    6.4970e-16    8.2623e-16
2365.68066    3.5297e-16    3.4715e-16    3.7090e-16
2370.28833    2.5356e-16    2.3905e-16    2.9826e-16
2374.90527    1.8306e-16    1.8454e-16    1.7853e-16
2379.53101    3.4001e-16    3.1770e-16    4.0871e-16
2384.16602    3.2761e-16    3.2396e-16    3.3886e-16
2388.80981    4.1598e-16    3.9177e-16    4.9055e-16
2393.46289    8.4943e-16    7.7737e-16    1.0714e-15
2398.12476    3.7282e-16    3.4735e-16    4.5126e-16
2402.79590    5.5239e-16    5.1841e-16    6.5706e-16
2407.47607    3.1669e-16    2.9795e-16    3.7441e-16
2412.16528    7.7979e-16    7.1881e-16    9.6762e-16
2416.86377    1.2484e-16    1.2269e-16    1.3146e-16
2421.57129    6.5507e-17    7.0923e-17    4.8822e-17
2426.28809    1.6186e-16    1.6612e-16    1.4872e-16
2431.01392    2.5692e-16    2.5408e-16    2.6568e-16
2435.74902    2.3361e-16    2.3536e-16    2.2822e-16
2440.49365    7.9052e-17    7.4926e-17    9.1762e-17
2445.24707    1.6271e-16    1.6695e-16    1.4965e-16
2450.01001    1.1903e-16    1.2448e-16    1.0223e-16
2454.78223    1.3890e-16    1.4198e-16    1.2942e-16
2459.56348    1.9647e-16    1.8899e-16    2.1950e-16
2464.35425    3.0739e-16    2.7988e-16    3.9215e-16
2469.15430    2.2059e-16    2.1664e-16    2.3277e-16
2473.96387    1.4190e-16    1.4809e-16    1.2283e-16
2478.78271    1.2473e-16    1.3276e-16    9.9987e-17
2483.61084    1.3635e-16    1.4037e-16    1.2397e-16
2488.44849    1.7450e-16    1.6836e-16    1.9342e-16
2493.29541    1.5205e-16    1.4981e-16    1.5896e-16
2498.15186    1.1548e-16    1.1239e-16    1.2498e-16
2503.01782    1.2210e-16    1.2281e-16    1.1990e-16
2507.89307    1.5222e-16    1.6007e-16    1.2805e-16
2512.77808    1.7619e-16    1.8136e-16    1.6027e-16
2517.67236    1.4287e-16    1.4324e-16    1.4173e-16
2522.57642    1.1777e-16    1.2122e-16    1.0714e-16
2527.48975    2.5656e-16    2.5586e-16    2.5872e-16
2532.41309    6.4952e-17    6.8953e-17    5.2626e-17
2537.34570    2.2406e-16    2.3047e-16    2.0429e-16
2542.28760    1.4035e-16    1.3881e-16    1.4510e-16
2547.23975    1.7345e-16    1.6974e-16    1.8486e-16
2552.20117    1.3568e-16    1.3823e-16    1.2784e-16
2557.17236    7.2200e-17    7.7293e-17    5.6511e-17
2562.15332    3.3439e-16    3.1463e-16    3.9527e-16
2567.14404    1.2707e-16    1.2565e-16    1.3143e-16
2572.14404    1.0836e-16    1.0748e-16    1.1105e-16
2577.15430    9.7630e-17    9.3575e-17    1.1012e-16
2582.17383    1.4743e-16    1.4143e-16    1.6592e-16
2587.20361    1.2139e-16    1.2968e-16    9.5874e-17
2592.24292    1.0575e-16    1.0116e-16    1.1991e-16
2597.29199    5.6853e-16    5.3043e-16    6.8587e-16
2602.35107    4.6480e-17    4.7976e-17    4.1870e-17
2607.41992    5.2976e-16    4.9209e-16    6.4580e-16
2612.49854    1.0134e-15    9.1283e-16    1.3232e-15
2617.58740    3.0355e-16    2.7442e-16    3.9329e-16
2622.68604    2.9432e-16    2.7709e-16    3.4738e-16
2627.79443    8.9575e-16    8.0019e-16    1.1901e-15
2632.91284    9.3869e-16    8.4164e-16    1.2376e-15
2638.04126    5.4215e-17    4.8380e-17    7.2190e-17
2643.17969    6.7738e-17    6.1139e-17    8.8065e-17
2648.32812    4.9898e-17    4.4582e-17    6.6273e-17
2653.48633    5.4010e-17    5.1875e-17    6.0587e-17
2658.65479    3.4974e-17    3.2291e-17    4.3239e-17
2663.83350    3.1502e-17    2.9263e-17    3.8398e-17
2669.02197    6.6769e-17    6.5829e-17    6.9666e-17
2674.22070    1.2460e-17    9.3750e-18    2.1964e-17
2679.42969    4.7594e-17    4.5572e-17    5.3824e-17
2684.64868    7.1986e-17    7.4761e-17    6.3435e-17
2689.87793    1.5797e-17    1.6087e-17    1.4906e-17
2695.11719    1.2583e-16    1.2050e-16    1.4227e-16
2700.36670    2.5459e-17    2.4009e-17    2.9927e-17
2705.62646    5.4723e-17    5.5277e-17    5.3018e-17
2710.89648    1.1213e-16    1.0985e-16    1.1913e-16
2716.17676    3.6196e-16    3.3193e-16    4.5449e-16
2721.46729    5.3796e-17    5.5953e-17    4.7153e-17
2726.76831    2.7435e-16    2.5097e-16    3.4641e-16
2732.07959    1.8316e-16    1.7581e-16    2.0577e-16
2737.40112    3.8679e-16    3.5257e-16    4.9222e-16
2742.73291    1.4673e-16    1.3399e-16    1.8599e-16
2748.07520    7.0719e-16    6.5298e-16    8.7419e-16
2753.42798    5.4856e-16    5.1144e-16    6.6289e-16
2758.79102    5.3362e-17    5.4438e-17    5.0047e-17
2764.16479    1.8290e-16    1.7365e-16    2.1138e-16
2769.54883    2.9917e-16    2.8154e-16    3.5348e-16
2774.94336    3.3596e-16    3.1841e-16    3.9000e-16
2780.34863    5.8158e-17    5.5902e-17    6.5108e-17
2785.76416    1.0250e-16    1.0656e-16    8.9993e-17
2791.18994    4.8232e-17    5.0895e-17    4.0029e-17
2796.62695    4.7206e-17    5.4699e-17    2.4123e-17
2802.07422    4.1112e-17    4.2935e-17    3.5496e-17
2807.53198    6.9500e-17    7.3386e-17    5.7528e-17
2813.00049    2.7856e-17    2.8951e-17    2.4481e-17
2818.47949    4.2773e-17    4.6402e-17    3.1593e-17
2823.96948    6.4827e-17    7.2812e-17    4.0227e-17
2829.47021    9.6162e-17    9.4038e-17    1.0271e-16
2834.98145    1.1512e-16    1.1527e-16    1.1467e-16
2840.50342    1.3499e-16    1.4574e-16    1.0187e-16
2846.03613    1.3343e-16    1.4412e-16    1.0048e-16
2851.57959    7.6492e-17    7.3926e-17    8.4397e-17
2857.13379    1.2949e-16    1.3479e-16    1.1315e-16
2862.69922    7.9139e-17    8.4236e-17    6.3437e-17
2868.27490    9.2605e-17    9.7824e-17    7.6526e-17
2873.86182    5.0318e-17    5.0348e-17    5.0225e-17
2879.45947    6.9679e-17    7.0425e-17    6.7379e-17
2885.06836    7.0220e-17    6.9310e-17    7.3022e-17
2890.68774    8.1911e-17    7.7792e-17    9.4601e-17
2896.31860    5.3456e-17    5.3632e-17    5.2914e-17
2901.95972    3.2516e-17    3.2833e-17    3.1539e-17
2907.61230    4.8081e-17    4.6210e-17    5.3844e-17
2913.27563    1.1304e-17    1.0075e-17    1.5090e-17
2918.95020    6.0648e-17    6.2642e-17    5.4507e-17
2924.63574    6.7876e-17    6.4985e-17    7.6780e-17
2930.33228    1.2834e-17    1.2165e-17    1.4895e-17
2936.04004    2.5213e-17    2.2579e-17    3.3327e-17
2941.75903    7.8227e-17    7.3149e-17    9.3868e-17
2947.48877    8.4342e-17    8.0579e-17    9.5934e-17
2953.22998    5.4360e-17    5.1810e-17    6.2215e-17
2958.98242    4.2925e-17    4.2873e-17    4.3084e-17
2964.74585    9.3668e-17    8.9360e-17    1.0694e-16
2970.52075    7.5392e-17    7.3015e-17    8.2715e-17
2976.30664    3.3716e-17    3.4527e-17    3.1217e-17
2982.10376    1.8903e-16    1.7652e-16    2.2757e-16
2987.91187    7.2240e-17    6.5379e-17    9.3374e-17
2993.73218    1.6728e-17    1.3908e-17    2.5414e-17
2999.56348    2.7484e-17    2.8123e-17    2.5517e-17
3005.40601    7.7898e-17    7.0005e-17    1.0221e-16
3011.25977    3.0863e-17    2.6671e-17    4.3777e-17
3017.12500    3.1809e-17    2.8627e-17    4.1611e-17
3023.00195    2.0562e-17    1.7556e-17    2.9823e-17
3028.89014    2.4123e-17    2.1377e-17    3.2582e-17
3034.79004    2.6561e-17    2.3313e-17    3.6568e-17
3040.70117    2.2115e-17    1.7591e-17    3.6052e-17
3046.62402    5.1194e-17    5.0610e-17    5.2995e-17
3052.55811    1.4331e-17    1.2705e-17    1.9338e-17
3058.50391    1.2344e-17    1.0852e-17    1.6942e-17
3064.46143    2.3937e-17    2.3534e-17    2.5177e-17
3070.43018    4.9824e-17    4.6942e-17    5.8704e-17
3076.41064    6.8795e-17    7.0086e-17    6.4819e-17
3082.40332    1.4987e-17    1.3905e-17    1.8322e-17
3088.40698    8.0726e-18    8.0263e-18    8.2151e-18
3094.42261    1.4019e-17    1.4266e-17    1.3260e-17
3100.44971    1.2362e-17    1.1087e-17    1.6289e-17
3106.48901    3.7243e-17    3.0943e-17    5.6652e-17
3112.53979    2.3749e-17    1.9707e-17    3.6202e-17
3118.60229    1.6300e-17    1.3874e-17    2.3774e-17
3124.67676    1.2305e-18    8.4127e-19    2.4295e-18
3130.76318    1.7658e-17    1.5897e-17    2.3084e-17
3136.86133    8.3296e-18    6.8740e-18    1.2814e-17
3142.97119    2.5596e-17    2.5149e-17    2.6970e-17
3149.09302    9.0226e-18    9.1036e-18    8.7729e-18
3155.22681    7.8000e-18    7.3615e-18    9.1509e-18
3161.37256    1.0768e-16    1.0580e-16    1.1350e-16
3167.53027    6.6628e-17    6.3290e-17    7.6911e-17
3173.70020    2.5768e-19    1.7522e-19    5.1170e-19
3179.88184    4.5569e-17    4.6824e-17    4.1703e-17
3186.07568    1.1720e-16    1.1214e-16    1.3278e-16
3192.28149    1.3078e-16    1.2251e-16    1.5626e-16
3198.49951    8.3200e-17    7.4160e-17    1.1105e-16
3204.72949    1.1307e-17    1.0767e-17    1.2969e-17
3210.97168    1.0833e-16    1.0052e-16    1.3239e-16
3217.22607    1.3563e-18    9.2420e-19    2.6872e-18
3223.49268    1.4824e-17    1.1697e-17    2.4458e-17
3229.77148    8.8457e-17    8.2584e-17    1.0655e-16
3236.06226    2.9661e-17    2.9845e-17    2.9097e-17
3242.36572    1.6089e-17    1.5784e-17    1.7029e-17
3248.68115    4.8487e-17    4.9703e-17    4.4739e-17
3255.00879    5.5548e-17    5.7025e-17    5.1001e-17
3261.34912    2.8345e-17    2.8426e-17    2.8097e-17
3267.70093    3.4831e-17    3.2637e-17    4.1589e-17
3274.06616    5.8421e-18    4.2452e-18    1.0761e-17
3280.44336    7.4543e-17    7.6972e-17    6.7060e-17
3286.83301    4.0134e-17    3.9247e-17    4.2868e-17
3293.23535    3.8821e-17    3.8048e-17    4.1205e-17
3299.64990    4.0979e-17    3.8450e-17    4.8769e-17
3306.07690    3.4091e-17    3.5346e-17    3.0223e-17
3312.51660    4.1425e-17    3.8392e-17    5.0767e-17
3318.96875    1.3627e-17    1.1787e-17    1.9295e-17
3325.43359    1.9731e-17    1.7770e-17    2.5773e-17
3331.91064    3.8997e-18    2.7001e-18    7.5952e-18
3338.40063    2.3078e-17    2.2247e-17    2.5635e-17
3344.90332    2.5755e-18    1.9219e-18    4.5892e-18
3351.41846    6.1591e-19    4.2055e-19    1.2177e-18
3357.94629    2.7138e-17    2.3476e-17    3.8417e-17
3364.48682    4.0370e-17    3.7174e-17    5.0216e-17
3371.04004    3.9760e-17    3.4761e-17    5.5161e-17
3377.60645    5.5852e-18    5.1049e-18    7.0648e-18
3384.18481    2.1813e-17    1.9049e-17    3.0327e-17
3390.77686    2.5406e-17    2.1856e-17    3.6344e-17
3397.38159    1.1520e-17    8.8621e-18    1.9706e-17
3403.99902    3.7173e-18    2.5565e-18    7.2931e-18
3410.62915    6.2396e-18    6.4327e-18    5.6449e-18
3417.27271    3.1139e-17    2.7344e-17    4.2831e-17
3423.92847    1.0534e-17    7.2173e-18    2.0750e-17
3430.59766    1.2468e-17    1.1265e-17    1.6174e-17
3437.27979    1.2763e-17    1.2958e-17    1.2159e-17
3443.97534    1.1667e-17    8.9547e-18    2.0023e-17
3450.68359    3.0922e-17    2.6107e-17    4.5754e-17
3457.40479    2.5593e-17    2.3480e-17    3.2103e-17
3464.13916    1.3093e-17    1.1156e-17    1.9058e-17
3470.88647    1.0575e-17    9.5537e-18    1.3720e-17
3477.64697    4.2786e-17    3.9511e-17    5.2875e-17
3484.42090    3.2602e-17    2.9783e-17    4.1285e-17
3491.20776    1.5493e-17    1.4263e-17    1.9281e-17
3498.00781    3.0119e-17    2.8165e-17    3.6138e-17
3504.82129    2.1851e-17    1.8452e-17    3.2324e-17
3511.64771    3.7223e-18    2.6613e-18    6.9908e-18
3518.48804    2.1263e-17    1.7542e-17    3.2726e-17
3525.34131    1.9510e-17    1.4395e-17    3.5267e-17
3532.20776    8.9566e-18    7.0866e-18    1.4717e-17
3539.08813    1.2453e-17    1.0140e-17    1.9577e-17
3545.98145    5.5403e-18    3.8510e-18    1.0744e-17
3552.88818    1.3203e-17    1.1565e-17    1.8250e-17
3559.80884    1.2611e-17    9.5422e-18    2.2064e-17
3566.74292    1.1752e-17    9.5525e-18    1.8529e-17
3573.68994    9.7292e-19    6.7500e-19    1.8907e-18
3580.65112    7.5315e-19    5.2478e-19    1.4567e-18
3587.62500    9.9323e-18    7.1962e-18    1.8361e-17
3594.61304    6.1503e-19    4.1749e-19    1.2236e-18
3601.61499    4.1212e-18    2.9096e-18    7.8536e-18
3608.63013    1.6371e-18    1.1288e-18    3.2030e-18
3615.65894    4.0525e-18    3.1507e-18    6.8305e-18
3622.70166    1.6324e-17    1.6257e-17    1.6531e-17
3629.75806    1.1251e-18    8.2623e-19    2.0457e-18
3636.82837    4.5789e-18    3.9121e-18    6.6331e-18
3643.91138    8.5182e-18    9.0975e-18    6.7337e-18
3651.00928    1.7736e-19    1.2080e-19    3.5161e-19
3658.12085    1.2787e-17    1.2635e-17    1.3257e-17
3665.24609    1.3704e-19    9.2957e-20    2.7285e-19
3672.38525    2.5902e-19    1.7458e-19    5.1917e-19
3679.53857    1.5963e-18    9.0808e-19    3.7162e-18
3686.70557    9.4743e-19    5.6340e-19    2.1305e-18
3693.88647    6.6028e-19    4.4748e-19    1.3158e-18
3701.08154    3.9895e-18    2.7504e-18    7.8066e-18
3708.29053    1.0162e-18    6.8377e-19    2.0403e-18
3715.51343    1.1663e-18    7.6640e-19    2.3983e-18
3722.75049    7.0269e-18    5.1557e-18    1.2791e-17
3730.00171    6.1819e-18    5.2040e-18    9.1945e-18
3737.26709    2.3612e-19    1.5992e-19    4.7086e-19
3744.54639    7.8402e-18    5.5606e-18    1.4863e-17
3751.84009    6.9218e-18    7.0513e-18    6.5229e-18
3759.14795    1.0710e-17    9.4816e-18    1.4493e-17
3766.47021    1.8141e-17    1.8104e-17    1.8255e-17
3773.80664    9.9177e-20    6.7034e-20    1.9820e-19
3781.15723    2.2468e-17    2.0400e-17    2.8839e-17
3788.52197    4.2251e-18    3.0719e-18    7.7778e-18
3795.90137    4.5197e-18    3.6399e-18    7.2303e-18
3803.29492    1.0763e-18    7.2643e-19    2.1542e-18
3810.70312    8.0882e-18    6.2673e-18    1.3697e-17
3818.12549    1.8245e-19    1.2369e-19    3.6343e-19
3825.56250    2.7733e-17    2.7672e-17    2.7920e-17
3833.01416    2.9586e-18    2.1168e-18    5.5518e-18
3840.47998    1.9088e-19    1.2893e-19    3.8173e-19
3847.96045    4.8120e-18    4.0150e-18    7.2674e-18
3855.45557    2.4499e-19    1.6536e-19    4.9031e-19
3862.96533    6.3587e-19    4.3109e-19    1.2667e-18
3870.48950    9.1125e-18    9.5543e-18    7.7515e-18
3878.02832    2.8456e-19    1.9221e-19    5.6903e-19
3885.58203    2.4867e-19    1.6766e-19    4.9824e-19
3893.15039    5.6594e-18    4.3234e-18    9.7752e-18
3900.73340    1.1254e-18    7.6621e-19    2.2319e-18
3908.33154    1.5426e-17    1.2805e-17    2.3501e-17
3915.94409    1.5001e-17    1.2537e-17    2.2593e-17
3923.57153    2.3309e-18    1.6687e-18    4.3709e-18
3931.21387    1.5726e-17    1.3923e-17    2.1277e-17
3938.87109    3.1595e-17    2.9382e-17    3.8411e-17
3946.54346    1.5005e-17    1.3597e-17    1.9343e-17
3954.23047    1.3843e-18    9.3633e-19    2.7643e-18
3961.93262    1.1626e-17    9.4590e-18    1.8301e-17
3969.64941    2.2716e-17    2.0317e-17    3.0106e-17
3977.38159    1.4780e-17    1.5113e-17    1.3757e-17
3985.12866    1.1701e-17    8.9748e-18    2.0099e-17
3992.89111    9.9158e-18    7.4555e-18    1.7495e-17
4000.66846    1.7227e-17    1.5917e-17    2.1261e-17
4008.46094    2.3012e-18    1.6235e-18    4.3890e-18
4016.26880    1.7353e-18    1.1811e-18    3.4425e-18
4024.09155    5.5483e-18    4.8582e-18    7.6741e-18
4031.92969    1.7959e-18    1.2250e-18    3.5545e-18
4039.78320    3.0575e-19    2.0671e-19    6.1085e-19
4047.65186    2.9615e-19    2.0019e-19    5.9177e-19
4055.53589    1.9379e-18    1.3511e-18    3.7458e-18
4063.43506    8.6645e-18    6.5746e-18    1.5102e-17
4071.35010    2.2853e-18    1.5537e-18    4.5388e-18
4079.28027    8.3887e-18    6.0304e-18    1.5653e-17
4087.22607    6.0099e-18    4.4118e-18    1.0933e-17
4095.18701    1.4968e-18    1.0127e-18    2.9880e-18
4103.16357    1.9383e-18    1.3282e-18    3.8180e-18
4111.15576    3.5217e-18    2.5465e-18    6.5257e-18
4119.16357    1.3654e-17    1.2069e-17    1.8537e-17
4127.18652    1.4890e-17    1.3199e-17    2.0100e-17
4135.22559    6.6460e-18    5.2140e-18    1.1057e-17
4143.28027    1.4516e-18    9.6117e-19    2.9624e-18
4151.35059    1.4191e-18    9.5708e-19    2.8424e-18
4159.43652    4.0429e-18    2.8742e-18    7.6432e-18
4167.53857    2.2138e-18    1.5254e-18    4.3344e-18
4175.65625    4.8736e-17    4.6737e-17    5.4893e-17
4183.78906    6.7445e-18    4.7488e-18    1.2892e-17
4191.93848    2.1751e-19    1.4636e-19    4.3671e-19
4200.10352    1.1842e-18    7.9910e-19    2.3707e-18
4208.28418    2.8816e-18    1.9694e-18    5.6919e-18
4216.48145    2.7389e-19    1.8462e-19    5.4887e-19
4224.69434    8.7174e-19    5.8704e-19    1.7488e-18
4232.92334    3.3872e-17    3.2115e-17    3.9284e-17
4241.16846    5.4273e-18    3.7035e-18    1.0738e-17
4249.42920    6.4343e-18    5.4671e-18    9.4139e-18
4257.70605    1.5004e-17    1.2494e-17    2.2738e-17
4265.99902    3.8938e-19    2.6240e-19    7.8054e-19
4274.30859    1.9973e-17    1.7841e-17    2.6542e-17
4282.63428    4.3854e-19    2.9509e-19    8.8045e-19
4290.97607    5.4840e-18    3.8632e-18    1.0477e-17
4299.33398    3.0676e-17    3.0213e-17    3.2103e-17
4307.70801    1.2757e-18    8.5703e-19    2.5653e-18
4316.09863    1.5546e-17    1.4402e-17    1.9073e-17
4324.50586    3.9834e-18    2.7397e-18    7.8148e-18
4332.92920    1.5623e-17    1.6277e-17    1.3607e-17
4341.36914    1.7526e-17    1.6473e-17    2.0771e-17
4349.82520    2.2557e-17    2.1923e-17    2.4509e-17
4358.29785    1.1964e-17    8.2728e-18    2.3337e-17
4366.78662    8.7916e-18    7.4728e-18    1.2854e-17
4375.29199    2.7869e-17    2.7011e-17    3.0514e-17
4383.81445    3.3350e-17    3.2191e-17    3.6918e-17
4392.35352    1.7074e-19    1.1480e-19    3.4307e-19
4400.90869    1.6739e-17    1.6729e-17    1.6771e-17
4409.48047    2.3716e-17    2.4892e-17    2.0092e-17
4418.06934    1.6310e-17    1.5953e-17    1.7407e-17
4426.67480    3.7215e-19    2.5028e-19    7.4758e-19
4435.29736    1.4114e-17    1.2436e-17    1.9284e-17
4443.93652    1.9391e-18    1.3151e-18    3.8616e-18
4452.59277    9.2452e-18    6.4343e-18    1.7904e-17
4461.26562    4.9675e-18    3.4435e-18    9.6626e-18
4469.95508    1.5502e-17    1.5123e-17    1.6670e-17
4478.66162    2.0193e-18    1.3670e-18    4.0288e-18
4487.38477    2.7914e-17    2.8957e-17    2.4700e-17
4496.12549    3.6578e-19    2.4636e-19    7.3364e-19
4504.88281    1.5210e-17    1.5286e-17    1.4975e-17
4513.65771    1.4140e-17    1.4101e-17    1.4259e-17
4522.44922    3.7571e-17    3.7810e-17    3.6837e-17
4531.25830    1.1635e-17    1.0769e-17    1.4303e-17
4540.08447    1.4047e-17    1.4428e-17    1.2873e-17
4548.92773    2.1063e-17    2.0832e-17    2.1776e-17
4557.78809    1.6106e-17    1.6655e-17    1.4416e-17
4566.66602    2.6470e-19    1.7752e-19    5.3327e-19
4575.56055    2.0671e-17    1.9987e-17    2.2777e-17
4584.47314    5.0357e-17    4.6533e-17    6.2135e-17
4593.40283    1.7384e-17    1.4911e-17    2.5004e-17
4602.34961    2.3761e-18    1.6311e-18    4.6713e-18
4611.31445    1.0998e-18    7.5147e-19    2.1730e-18
4620.29590    1.9921e-17    2.0289e-17    1.8786e-17
4629.29590    2.5638e-17    2.5838e-17    2.5019e-17
4638.31250    1.4017e-18    9.5121e-19    2.7894e-18
4647.34668    1.5473e-17    1.4139e-17    1.9581e-17
4656.39941    3.3484e-18    2.4013e-18    6.2659e-18
4665.46875    2.0065e-17    1.8703e-17    2.4264e-17
4674.55664    7.1472e-18    5.2434e-18    1.3012e-17
4683.66113    1.8389e-19    1.2291e-19    3.7177e-19
4692.78418    1.1848e-19    7.9252e-20    2.3934e-19
4701.92480    8.6879e-20    5.8097e-20    1.7554e-19
4711.08301    7.6863e-19    1.3962e-19    2.7063e-18
4720.25977    2.5150e-18    1.7703e-18    4.8090e-18
4729.45361    9.4192e-18    7.3941e-18    1.5657e-17
4738.66602    5.1978e-18    3.6333e-18    1.0018e-17
4747.89551    3.8733e-19    2.5907e-19    7.8245e-19
4757.14355    1.2762e-18    8.6449e-19    2.5444e-18
4766.41016    2.8754e-20    1.9225e-20    5.8108e-20
4775.69385    6.6248e-19    4.4407e-19    1.3353e-18
4784.99609    8.0681e-21    5.3919e-21    1.6312e-20
4794.31641    1.6911e-19    1.1320e-19    3.4135e-19
4803.65430    8.6742e-20    5.7974e-20    1.7537e-19
4813.01074    2.1244e-18    1.4356e-18    4.2464e-18
4822.38574    8.1153e-18    5.6262e-18    1.5783e-17
4831.77930    8.7535e-18    6.1637e-18    1.6732e-17
4841.19043    8.7568e-18    6.4837e-18    1.5759e-17
4850.62012    3.2227e-18    2.2306e-18    6.2792e-18
4860.06836    1.8568e-18    1.2691e-18    3.6672e-18
4869.53467    1.5281e-17    1.0784e-17    2.9135e-17
4879.01953    1.0948e-18    7.3183e-19    2.2129e-18
4888.52295    2.4491e-18    1.6590e-18    4.8831e-18
4898.04492    4.3862e-18    3.0220e-18    8.5888e-18
4907.58545    3.3808e-18    2.2863e-18    6.7524e-18
4917.14453    7.7359e-20    5.1632e-20    1.5661e-19
4926.72168    3.7702e-17    3.4598e-17    4.7263e-17
4936.31836    1.4133e-19    9.4365e-20    2.8601e-19
4945.93311    1.4442e-18    9.6824e-19    2.9106e-18
4955.56689    1.9227e-18    1.3115e-18    3.8054e-18
4965.21973    1.4667e-19    9.8105e-20    2.9629e-19
4974.89062    1.6699e-18    1.1193e-18    3.3660e-18
4984.58105    4.6270e-19    3.1004e-19    9.3299e-19
4994.29004    9.6575e-18    6.9264e-18    1.8071e-17
5004.01758    2.6414e-18    1.7792e-18    5.2973e-18
5013.76465    4.6428e-17    4.1577e-17    6.1372e-17
5023.53027    2.1016e-18    1.4549e-18    4.0939e-18
5033.31543    3.7746e-19    2.5237e-19    7.6280e-19
5043.11914    1.7308e-18    1.1553e-18    3.5040e-18
5052.94238    8.4632e-19    5.6607e-19    1.7096e-18
5062.78418    1.6166e-18    1.0838e-18    3.2578e-18
5072.64551    2.9454e-18    1.9840e-18    5.9069e-18
5082.52637    1.3764e-18    9.4707e-19    2.6988e-18
5092.42578    6.8922e-19    4.6402e-19    1.3830e-18
5102.34473    7.3532e-18    5.6378e-18    1.2638e-17
5112.28320    1.3400e-18    8.9752e-19    2.7031e-18
5122.24121    3.3068e-18    2.2817e-18    6.4648e-18
5132.21777    1.1637e-17    8.1718e-18    2.2310e-17
5142.21484    6.4703e-18    4.6950e-18    1.1939e-17
5152.23047    7.7513e-18    5.4793e-18    1.4750e-17
5162.26660    1.1698e-17    8.2337e-18    2.2371e-17
5172.32129    6.4568e-17    5.5749e-17    9.1735e-17
5182.39648    2.4695e-18    1.6583e-18    4.9683e-18
5192.49023    1.2706e-18    8.8364e-19    2.4627e-18
5202.60449    1.6217e-17    1.6473e-17    1.5428e-17
5212.73779    1.1629e-19    7.7521e-20    2.3573e-19
5222.89160    1.5871e-18    1.0717e-18    3.1748e-18
5233.06445    1.8991e-17    1.9040e-17    1.8842e-17
5243.25781    1.6029e-18    1.0881e-18    3.1886e-18
5253.47021    2.1830e-17    1.9429e-17    2.9229e-17
5263.70312    1.1231e-17    9.2251e-18    1.7409e-17
5273.95557    3.0245e-17    2.8284e-17    3.6286e-17
5284.22852    2.7885e-17    2.7337e-17    2.9573e-17
5294.52100    5.4173e-19    3.6306e-19    1.0921e-18
5304.83398    2.0712e-19    1.3835e-19    4.1897e-19
5315.16650    4.2644e-17    4.0840e-17    4.8199e-17
5325.51953    1.4115e-17    1.3827e-17    1.5001e-17
5335.89258    6.5216e-18    4.7790e-18    1.1890e-17
5346.28564    3.7875e-18    2.6910e-18    7.1655e-18
5356.69922    3.2126e-19    2.1452e-19    6.5007e-19
5367.13281    1.3117e-17    1.2605e-17    1.4693e-17
5377.58691    1.7636e-18    1.1834e-18    3.5509e-18
5388.06152    1.3335e-19    8.8799e-20    2.7060e-19
5398.55664    8.5184e-19    5.7124e-19    1.7162e-18
5409.07178    6.8111e-18    5.0780e-18    1.2150e-17
5419.60742    8.2985e-20    5.5252e-20    1.6842e-19
5430.16406    2.2655e-17    1.9804e-17    3.1435e-17
5440.74121    2.3281e-18    1.5693e-18    4.6654e-18
5451.33887    2.6421e-18    1.8339e-18    5.1320e-18
5461.95703    1.1835e-18    8.1076e-19    2.3317e-18
5472.59570    3.6423e-18    2.5284e-18    7.0739e-18
5483.25488    3.4153e-19    2.2867e-19    6.8921e-19
5493.93555    1.5301e-18    1.0289e-18    3.0742e-18
5504.63672    1.0379e-18    7.0234e-19    2.0716e-18
5515.35840    4.0388e-19    2.7015e-19    8.1584e-19
5526.10156    3.9860e-18    2.6484e-18    8.1065e-18
5536.86523    8.0067e-18    5.9392e-18    1.4376e-17
5547.64941    2.6091e-18    1.7650e-18    5.2096e-18
5558.45557    1.4849e-19    9.8830e-20    3.0148e-19
5569.28271    3.2688e-18    2.1493e-18    6.7174e-18
5580.12988    1.9412e-19    1.2973e-19    3.9245e-19
5590.99902    3.0409e-18    1.9953e-18    6.2622e-18
5601.88965    2.5319e-19    1.6874e-19    5.1333e-19
5612.80078    3.1199e-19    2.0766e-19    6.3338e-19
5623.73340    6.9406e-18    5.0230e-18    1.2848e-17
5634.68750    1.2394e-19    8.2474e-20    2.5169e-19
5645.66211    2.3699e-19    1.5778e-19    4.8101e-19
5656.65918    6.0692e-18    4.6092e-18    1.0567e-17
5667.67676    1.4546e-18    9.6762e-19    2.9549e-18
5678.71680    2.0709e-19    1.3789e-19    4.2027e-19
5689.77734    2.1286e-18    1.4185e-18    4.3159e-18
5700.86035    1.9357e-19    1.2869e-19    3.9344e-19
5711.96484    1.5070e-19    1.0044e-19    3.0551e-19
5723.09033    3.7268e-18    2.5851e-18    7.2441e-18
5734.23779    3.1933e-18    2.2011e-18    6.2496e-18
5745.40723    6.9906e-19    4.6702e-19    1.4139e-18
5756.59766    3.0697e-19    2.0402e-19    6.2411e-19
5767.81104    9.1042e-20    6.0493e-20    1.8515e-19
5779.04492    1.2804e-18    8.6545e-19    2.5587e-18
5790.30176    6.4026e-19    4.2858e-19    1.2923e-18
5801.58008    3.4488e-19    2.2975e-19    6.9954e-19
5812.88037    2.9496e-18    2.1942e-18    5.2769e-18
5824.20264    1.3135e-18    8.8733e-19    2.6264e-18
5835.54688    2.8725e-18    2.0457e-18    5.4196e-18
5846.91357    7.7074e-20    5.1172e-20    1.5686e-19
5858.30225    1.4125e-18    9.4865e-19    2.8413e-18
5869.71289    1.2069e-18    8.0612e-19    2.4415e-18
5881.14600    4.0679e-20    2.6912e-20    8.3089e-20
5892.60156    8.5684e-19    5.8094e-19    1.7068e-18
5904.07910    8.4909e-19    5.6888e-19    1.7123e-18
5915.57910    3.9030e-18    2.6956e-18    7.6223e-18
5927.10156    3.5288e-18    2.4039e-18    6.9939e-18
5938.64648    9.5451e-20    6.3353e-20    1.9433e-19
5950.21387    2.5378e-18    1.9331e-18    4.4004e-18
5961.80371    7.5458e-19    5.0091e-19    1.5360e-18
5973.41602    7.7987e-19    5.2619e-19    1.5613e-18
5985.05127    6.1090e-19    4.1074e-19    1.2275e-18
5996.70850    1.1782e-17    8.8755e-18    2.0737e-17
6008.38867    8.6648e-20    5.7532e-20    1.7634e-19
6020.09229    1.6127e-18    1.0877e-18    3.2301e-18
6031.81836    2.5618e-19    1.6996e-19    5.2181e-19
6043.56738    4.3432e-18    2.9152e-18    8.7422e-18
6055.33887    2.1239e-18    1.4552e-18    4.1841e-18
6067.13428    1.1180e-18    7.5468e-19    2.2373e-18
6078.95117    9.9572e-18    7.1550e-18    1.8590e-17
6090.79150    2.6795e-19    1.8047e-19    5.3744e-19
6102.65527    3.5130e-18    2.3620e-18    7.0585e-18
6114.54199    7.4145e-18    5.1885e-18    1.4272e-17
6126.45215    2.8724e-18    1.9567e-18    5.6933e-18
6138.38525    9.5901e-19    6.4568e-19    1.9242e-18
6150.34131    1.5399e-17    1.4107e-17    1.9377e-17
6162.32178    1.1314e-18    7.5764e-19    2.2829e-18
6174.32422    8.7429e-18    6.0931e-18    1.6906e-17
6186.35059    2.0701e-18    1.3850e-18    4.1805e-18
6198.40088    1.6595e-18    1.1047e-18    3.3687e-18
6210.47314    1.5925e-19    1.0589e-19    3.2361e-19
6222.57031    1.0598e-18    7.1298e-19    2.1282e-18
6234.69043    1.8593e-17    1.5512e-17    2.8086e-17
6246.83496    1.1586e-17    1.0573e-17    1.4706e-17
6259.00195    7.9760e-19    5.3034e-19    1.6209e-18
6271.19385    5.2149e-19    3.4782e-19    1.0565e-18
6283.40869    7.5525e-19    5.0656e-19    1.5214e-18
6295.64795    1.1277e-18    7.9513e-19    2.1521e-18
6307.91016    5.7015e-18    3.8771e-18    1.1322e-17
6320.19678    1.0746e-17    9.0201e-18    1.6064e-17
6332.50781    2.4332e-18    1.6635e-18    4.8045e-18
6344.84180    2.9870e-18    1.9921e-18    6.0516e-18
6357.20020    2.9044e-19    1.9272e-19    5.9150e-19
6369.58252    1.0986e-17    7.9968e-18    2.0196e-17
6381.98926    8.1108e-18    6.2091e-18    1.3969e-17
6394.42041    1.8952e-19    1.2567e-19    3.8620e-19
6406.87549    5.1382e-18    3.8418e-18    9.1321e-18
6419.35449    8.5791e-18    8.0594e-18    1.0180e-17
6431.85840    1.2201e-17    9.8398e-18    1.9476e-17
6444.38672    3.2971e-18    2.2738e-18    6.4496e-18
6456.93896    1.2543e-17    1.2002e-17    1.4210e-17
6469.51514    1.1199e-18    7.4395e-19    2.2781e-18
6482.11719    5.1295e-18    3.4906e-18    1.0178e-17
6494.74268    5.8987e-18    4.2345e-18    1.1025e-17
6507.39355    2.5887e-18    1.7982e-18    5.0237e-18
6520.06836    1.6390e-17    1.3454e-17    2.5433e-17
6532.76855    2.6259e-18    1.7406e-18    5.3532e-18
6545.49316    2.2191e-20    1.4698e-20    4.5273e-20
6558.24268    1.1542e-18    5.6609e-19    2.9659e-18
6571.01611    4.5867e-18    3.0732e-18    9.2491e-18
6583.81543    2.2551e-18    1.5697e-18    4.3665e-18
6596.63965    3.1342e-19    2.0869e-19    6.3606e-19
6609.48828    2.0016e-18    1.3258e-18    4.0832e-18
6622.36230    4.0800e-18    2.7287e-18    8.2427e-18
6635.26172    1.2309e-20    8.1523e-21    2.5113e-20
6648.18506    3.1373e-18    2.1128e-18    6.2934e-18
6661.13525    1.4560e-18    9.6487e-19    2.9690e-18
6674.10986    6.8943e-19    4.6026e-19    1.3954e-18
6687.10938    1.4991e-18    9.9269e-19    3.0593e-18
6700.13428    1.6530e-19    1.0970e-19    3.3655e-19
6713.18506    2.0992e-19    1.3956e-19    4.2667e-19
6726.26123    5.9975e-19    3.9770e-19    1.2222e-18
6739.36279    6.9134e-21    4.5789e-21    1.4105e-20
6752.48926    6.2473e-20    4.1376e-20    1.2746e-19
6765.64258    7.6989e-19    5.1112e-19    1.5670e-18
6778.82031    1.0706e-19    7.0995e-20    2.1818e-19
6792.02441    1.4667e-19    9.7130e-20    2.9930e-19
6805.25439    2.6999e-19    1.7875e-19    5.5107e-19
6818.50928    7.0104e-19    4.6476e-19    1.4289e-18
6831.78955    6.3424e-19    4.2013e-19    1.2938e-18
6845.09717    2.3900e-20    1.5829e-20    4.8761e-20
6858.43018    1.6103e-18    1.0702e-18    3.2742e-18
6871.78906    1.2435e-18    8.2305e-19    2.5386e-18
6885.17432    1.3574e-19    9.0176e-20    2.7609e-19
6898.58447    2.1807e-20    1.4449e-20    4.4473e-20
6912.02246    1.8228e-18    1.2080e-18    3.7167e-18
6925.48486    4.5137e-19    2.9961e-19    9.1888e-19
6938.97412    1.0026e-19    6.6414e-20    2.0452e-19
6952.49023    4.9372e-19    3.2905e-19    1.0010e-18
6966.03271    1.5864e-19    1.0518e-19    3.2332e-19
6979.60059    1.7060e-19    1.1304e-19    3.4792e-19
6993.19629    2.3151e-19    1.5376e-19    4.7103e-19
