1000.00   3.7681e-16
1002.00   3.7446e-16
1004.00   3.3374e-16
1006.00   2.0249e-16
1008.00   5.6000e-17
1010.00   1.5824e-16
1012.00   3.4643e-17
1014.00   1.9794e-16
1016.00   8.3770e-17
1018.00   9.9776e-17
1020.00   1.6874e-16
1022.00   1.1927e-16
1024.00   3.2723e-17
1026.00   1.8810e-17
1028.00   7.0424e-17
1030.00   4.8251e-16
1032.00   9.6165e-17
1034.00   4.0538e-16
1036.00   1.8776e-16
1038.00   6.0484e-17
1040.00   4.4066e-17
1042.00   9.1681e-17
1044.00   1.8891e-16
1046.00   3.4499e-16
1048.00   1.7487e-17
1050.00   1.5514e-16
1052.00   1.3606e-16
1054.00   3.3671e-16
1056.00   7.7669e-16
1058.00   4.3367e-16
1060.00   9.6116e-16
1062.00   4.8462e-16
1064.00   1.6759e-15
1066.00   4.8492e-16
1068.00   1.9544e-15
1070.00   7.9608e-16
1072.00   1.2628e-15
1074.00   1.4047e-15
1076.00   2.2939e-15
1078.00   4.2322e-16
1080.00   3.4168e-16
1082.00   7.4352e-16
1084.00   6.6658e-16
1086.00   3.1187e-16
1088.00   1.0103e-15
1090.00   1.1436e-15
1092.00   6.3266e-16
1094.00   1.5672e-15
1096.00   7.6141e-16
1098.00   1.5165e-15
1100.00   2.0855e-15
1102.00   6.4371e-16
1104.00   4.7303e-16
1106.00   1.2702e-15
1108.00   1.0684e-15
1110.00   1.1272e-15
1112.00   1.0827e-15
1114.00   1.2434e-15
1116.00   8.2951e-16
1118.00   1.9187e-16
1120.00   2.7470e-16
1122.00   9.5652e-16
1124.00   7.1636e-16
1126.00   1.6596e-15
1128.00   1.0442e-15
1130.00   1.3219e-15
1132.00   9.7458e-16
1134.00   2.0998e-15
1136.00   1.3985e-15
1138.00   9.6050e-16
1140.00   9.7875e-16
1142.00   1.3719e-15
1144.00   3.4831e-15
1146.00   2.4423e-15
1148.00   4.1869e-15
1150.00   2.7304e-15
1152.00   2.0992e-15
1154.00   2.2323e-15
1156.00   7.0344e-16
1158.00   1.7834e-15
1160.00   1.7655e-15
1162.00   9.6378e-16
1164.00   1.1717e-15
1166.00   2.0178e-15
1168.00   1.7022e-15
1170.00   2.2389e-15
1172.00   1.6429e-15
1174.00   2.0066e-15
1176.00   5.4881e-16
1178.00   7.6736e-16
1180.00   3.2317e-16
1182.00   9.3586e-16
1184.00   1.3575e-15
1186.00   8.2168e-16
1188.00   1.6935e-15
1190.00   4.2978e-16
1192.00   1.4209e-15
1194.00   2.1146e-16
1196.00   1.1648e-15
1198.00   2.4163e-15
1200.00   2.8054e-15
1202.00   1.2688e-15
1204.00   6.4704e-16
1206.00   2.9962e-16
1208.00   1.9167e-15
1210.00   1.3707e-15
1212.00   1.7933e-15
1214.00   7.7923e-16
1216.00   5.2604e-16
1218.00   1.9908e-15
1220.00   1.1591e-14
1222.00   4.3967e-16
1224.00   1.5408e-15
1226.00   4.0059e-16
1228.00   8.5844e-16
1230.00   2.1911e-16
1232.00   7.8192e-16
1234.00   1.0453e-15
1236.00   6.5111e-16
1238.00   6.4470e-16
1240.00   6.6043e-16
1242.00   9.8122e-16
1244.00   8.2890e-16
1246.00   5.0045e-16
1248.00   8.3800e-16
1250.00   2.8146e-16
1252.00   7.8445e-16
1254.00   4.9982e-16
1256.00   9.4738e-16
1258.00   1.4991e-15
1260.00   2.0859e-16
1262.00   1.5328e-15
1264.00   3.9287e-15
1266.00   6.8770e-15
1268.00   9.0523e-16
1270.00   1.0119e-15
1272.00   1.7320e-15
1274.00   8.4393e-16
1276.00   1.1400e-15
1278.00   1.0329e-15
1280.00   1.2732e-15
1282.00   4.6162e-16
1284.00   7.9148e-16
1286.00   8.6131e-16
1288.00   2.1953e-15
1290.00   1.9426e-15
1292.00   2.0010e-15
1294.00   1.8944e-15
1296.00   1.3787e-15
1298.00   6.0374e-16
1300.00   1.6920e-15
1302.00   7.2805e-16
1304.00   6.7633e-16
1306.00   7.4951e-16
1308.00   6.3625e-16
1310.00   3.3822e-16
1312.00   3.6157e-16
1314.00   9.2791e-16
1316.00   8.6066e-16
1318.00   1.0208e-15
1320.00   1.2853e-15
1322.00   9.6540e-16
1324.00   9.7154e-16
1326.00   5.6430e-16
1328.00   1.0146e-15
1330.00   9.1135e-16
1332.00   1.0214e-15
1334.00   1.6327e-16
1336.00   2.3244e-16
1338.00   4.9573e-16
1340.00   1.6556e-15
1342.00   6.5525e-16
1344.00   3.8465e-16
1346.00   1.0670e-15
1348.00   2.2957e-16
1350.00   6.7626e-16
1352.00   8.4565e-16
1354.00   1.1963e-15
1356.00   6.3591e-16
1358.00   7.6622e-16
1360.00   1.4975e-15
1362.00   1.2278e-15
1364.00   9.6053e-16
1366.00   1.9698e-15
1368.00   8.0376e-16
1370.00   6.1086e-16
1372.00   1.6352e-15
1374.00   2.1143e-15
1376.00   1.2416e-15
1378.00   2.3432e-15
1380.00   1.1042e-15
1382.00   1.4516e-15
1384.00   1.2785e-15
1386.00   1.1778e-15
1388.00   1.2075e-15
1390.00   2.9217e-16
1392.00   9.1689e-16
1394.00   5.3347e-16
1396.00   1.2326e-15
1398.00   1.1088e-15
1400.00   1.9899e-15
1402.00   1.9643e-15
1404.00   1.3167e-15
1406.00   8.3484e-16
1408.00   9.4376e-16
1410.00   1.6413e-15
1412.00   6.7461e-16
1414.00   1.0262e-15
1416.00   2.6130e-15
1418.00   1.6496e-15
1420.00   9.1755e-16
1422.00   3.4509e-15
1424.00   1.0013e-15
1426.00   3.4120e-16
1428.00   1.0520e-15
1430.00   1.6283e-15
1432.00   1.0313e-15
1434.00   4.1170e-16
1436.00   1.3097e-15
1438.00   2.1901e-15
1440.00   1.1666e-15
1442.00   1.5165e-15
1444.00   1.2432e-15
1446.00   9.2676e-16
1448.00   6.8984e-16
1450.00   6.6150e-16
1452.00   1.7350e-15
1454.00   2.3375e-15
1456.00   9.0244e-16
1458.00   5.0104e-16
1460.00   1.6246e-15
1462.00   6.7178e-16
1464.00   1.2784e-15
1466.00   1.0187e-15
1468.00   1.0820e-15
1470.00   4.2182e-16
1472.00   1.7989e-15
1474.00   2.3328e-15
1476.00   8.6406e-16
1478.00   1.4354e-15
1480.00   1.3675e-15
1482.00   2.5067e-16
1484.00   1.6843e-15
1486.00   1.0330e-15
1488.00   1.1276e-15
1490.00   1.6274e-15
1492.00   1.1866e-15
1494.00   8.2263e-16
1496.00   6.4922e-16
1498.00   1.2729e-16
1500.00   2.5185e-16
1502.00   7.1250e-16
1504.00   6.4522e-16
1506.00   1.1302e-15
1508.00   1.1581e-15
1510.00   2.1386e-16
1512.00   1.0970e-15
1514.00   6.9422e-16
1516.00   4.6693e-16
1518.00   1.5204e-16
1520.00   5.9420e-16
1522.00   7.9866e-16
1524.00   5.1061e-16
1526.00   3.5211e-16
1528.00   5.6734e-16
1530.00   9.2783e-17
1532.00   4.6773e-16
1534.00   1.7828e-15
1536.00   8.6365e-16
1538.00   3.5677e-16
1540.00   1.7525e-15
1542.00   3.9483e-16
1544.00   3.6369e-16
1546.00   4.5150e-16
1548.00   1.3938e-15
1550.00   3.2921e-16
1552.00   7.0016e-16
1554.00   5.1962e-16
1556.00   1.0687e-15
1558.00   1.3833e-16
1560.00   7.1070e-16
1562.00   3.7760e-16
1564.00   4.6656e-16
1566.00   4.2910e-16
1568.00   4.8517e-16
1570.00   8.4920e-16
1572.00   1.3003e-15
1574.00   9.5780e-16
1576.00   9.7553e-17
1578.00   1.2117e-15
1580.00   1.1957e-15
1582.00   6.6013e-16
1584.00   4.5030e-16
1586.00   5.9110e-16
1588.00   7.8174e-16
1590.00   2.2609e-16
1592.00   3.7157e-16
1594.00   9.8026e-16
1596.00   3.1725e-16
1598.00   3.7130e-16
1600.00   5.1850e-16
1602.00   5.6440e-16
1604.00   3.3161e-16
1606.00   6.3854e-16
1608.00   7.2356e-16
1610.00   3.1283e-16
1612.00   1.3209e-16
1614.00   3.8938e-16
1616.00   1.0510e-16
1618.00   8.1943e-16
1620.00   3.2447e-16
1622.00   7.5941e-16
1624.00   4.6894e-16
1626.00   9.5846e-16
1628.00   5.9357e-16
1630.00   1.4243e-15
1632.00   1.1133e-15
1634.00   1.1921e-15
1636.00   2.0357e-15
1638.00   4.2783e-16
1640.00   2.0748e-15
1642.00   1.2963e-15
1644.00   5.4093e-16
1646.00   9.0450e-16
1648.00   6.7192e-16
1650.00   1.2361e-15
1652.00   2.6125e-16
1654.00   9.4936e-16
1656.00   6.6571e-16
1658.00   9.6689e-16
1660.00   4.8862e-16
1662.00   3.6968e-16
1664.00   3.2944e-16
1666.00   1.3742e-16
1668.00   4.3279e-16
1670.00   4.5777e-16
1672.00   2.9621e-16
1674.00   9.6322e-16
1676.00   1.0506e-15
1678.00   3.3518e-16
1680.00   7.9182e-16
1682.00   7.0086e-16
1684.00   5.0483e-16
1686.00   5.1079e-16
1688.00   8.0248e-16
1690.00   8.6310e-16
1692.00   3.3424e-16
1694.00   8.5278e-16
1696.00   3.0388e-16
1698.00   1.0546e-15
1700.00   4.9424e-16
1702.00   7.2021e-16
1704.00   4.5088e-16
1706.00   2.2320e-16
1708.00   9.8896e-16
1710.00   1.3040e-15
1712.00   5.5169e-16
1714.00   6.6370e-16
1716.00   1.3578e-15
1718.00   9.6356e-16
1720.00   6.7946e-16
1722.00   8.6599e-16
1724.00   1.2480e-15
1726.00   7.9856e-16
1728.00   3.3807e-16
1730.00   6.9431e-17
1732.00   8.0027e-16
1734.00   3.4149e-16
1736.00   2.0149e-16
1738.00   4.9362e-16
1740.00   4.6740e-17
1742.00   4.4181e-16
1744.00   4.8870e-17
1746.00   6.0494e-16
1748.00   4.1029e-16
1750.00   6.4818e-16
1752.00   4.8371e-17
1754.00   3.0953e-17
1756.00   9.8295e-17
1758.00   2.4420e-16
1760.00   5.6189e-16
1762.00   9.5838e-16
1764.00   3.8687e-16
1766.00   2.3428e-16
1768.00   2.9284e-16
1770.00   5.1965e-16
1772.00   3.6671e-16
1774.00   7.7262e-16
1776.00   4.8038e-16
1778.00   4.0771e-16
1780.00   7.3533e-17
1782.00   8.7551e-16
1784.00   2.7405e-16
1786.00   3.1077e-15
1788.00   1.7877e-15
1790.00   6.8376e-16
1792.00   5.7753e-16
1794.00   9.1122e-16
1796.00   4.5341e-16
1798.00   1.2550e-15
1800.00   2.5874e-17
1802.00   1.6653e-16
1804.00   6.2979e-16
1806.00   6.4849e-16
1808.00   3.6713e-16
1810.00   5.4196e-16
1812.00   2.1298e-16
1814.00   2.2618e-16
1816.00   7.3669e-16
1818.00   3.9284e-16
1820.00   4.1176e-17
1822.00   3.2648e-16
1824.00   6.2242e-16
1826.00   5.5229e-16
1828.00   8.7150e-16
1830.00   3.8286e-16
1832.00   6.0676e-16
1834.00   4.4644e-16
1836.00   5.5966e-16
1838.00   1.4289e-18
1840.00   1.1261e-15
1842.00   2.9998e-16
1844.00   7.9840e-16
1846.00   3.1652e-16
1848.00   5.9757e-16
1850.00   1.9601e-16
1852.00   1.0017e-15
1854.00   1.8937e-16
1856.00   3.2782e-16
1858.00   1.1959e-16
1860.00   2.6903e-16
1862.00   9.8967e-16
1864.00   5.8476e-16
1866.00   2.4932e-16
1868.00   3.6687e-16
1870.00   5.8245e-16
1872.00   5.5884e-16
1874.00   3.5557e-16
1876.00   4.1945e-16
1878.00   5.9955e-16
1880.00   8.8964e-16
1882.00   1.7623e-16
1884.00   9.7959e-16
1886.00   3.8887e-16
1888.00   9.0057e-16
1890.00   2.9071e-16
1892.00   3.1167e-16
1894.00   2.2785e-16
1896.00   3.7399e-16
1898.00   4.1748e-16
1900.00   5.8201e-16
1902.00   6.5627e-16
1904.00   7.3842e-16
1906.00   1.8842e-16
1908.00   7.7381e-17
1910.00   6.8469e-16
1912.00   7.0049e-16
1914.00   7.3894e-17
1916.00   4.1506e-16
1918.00   9.0179e-16
1920.00   3.9728e-16
1922.00   2.0113e-16
1924.00   4.9969e-17
1926.00   7.6464e-16
1928.00   5.8930e-16
1930.00   3.7740e-16
1932.00   6.1714e-16
1934.00   2.3152e-16
1936.00   8.2423e-16
1938.00   6.2907e-17
1940.00   7.3232e-16
1942.00   3.1635e-16
1944.00   7.7221e-16
1946.00   5.0869e-16
1948.00   1.1876e-15
1950.00   2.1061e-16
1952.00   4.0284e-16
1954.00   3.0776e-16
1956.00   8.5142e-16
1958.00   2.7368e-15
1960.00   4.4939e-17
1962.00   1.3263e-15
1964.00   4.5628e-16
1966.00   1.9524e-15
1968.00   9.7099e-16
1970.00   1.6371e-15
1972.00   4.4467e-16
1974.00   9.1850e-16
1976.00   1.8689e-15
1978.00   3.6982e-16
1980.00   1.1806e-16
1982.00   1.8812e-17
1984.00   6.9590e-16
1986.00   8.1581e-16
1988.00   3.5135e-16
1990.00   4.8217e-16
1992.00   1.5860e-16
1994.00   5.0956e-16
1996.00   5.6220e-16
1998.00   6.6641e-17
2000.00   1.1669e-15
2002.00   4.4961e-17
2004.00   7.1680e-16
2006.00   3.4179e-16
2008.00   1.0665e-15
2010.00   6.4526e-16
2012.00   3.7628e-16
2014.00   9.2267e-16
2016.00   1.4152e-15
2018.00   6.4520e-16
2020.00   5.8145e-16
2022.00   7.8794e-17
2024.00   2.2094e-15
2026.00   3.4755e-16
2028.00   5.8776e-16
2030.00   3.1364e-15
2032.00   1.0155e-15
2034.00   6.3562e-16
2036.00   3.7693e-16
2038.00   3.7438e-16
2040.00   7.8145e-16
2042.00   1.1066e-17
2044.00   7.5169e-16
2046.00   2.5938e-17
2048.00   5.2005e-16
2050.00   4.2902e-17
2052.00   5.4872e-16
2054.00   2.4433e-16
2056.00   4.7891e-16
2058.00   5.8108e-16
2060.00   4.2701e-17
2062.00   4.2206e-16
2064.00   5.8771e-16
2066.00   4.7564e-16
2068.00   6.0099e-16
2070.00   1.2382e-15
2072.00   5.7628e-16
2074.00   5.4950e-16
2076.00   2.4124e-16
2078.00   8.0561e-16
2080.00   4.7029e-16
2082.00   1.9494e-16
2084.00   2.5554e-16
2086.00   3.8830e-16
2088.00   6.5149e-16
2090.00   1.3046e-17
2092.00   3.3195e-16
2094.00   6.3959e-16
2096.00   2.5007e-16
2098.00   3.0201e-16
2100.00   3.1581e-16
2102.00   9.3327e-16
2104.00   2.7466e-17
2106.00   6.7206e-16
2108.00   7.8341e-16
2110.00   1.1553e-15
2112.00   8.3521e-17
2114.00   6.4585e-16
2116.00   2.0636e-15
2118.00   4.2470e-16
2120.00   5.1630e-16
2122.00   3.1462e-16
2124.00   2.8401e-17
2126.00   3.8894e-16
2128.00   6.7667e-16
2130.00   5.7808e-16
2132.00   8.7233e-16
2134.00   3.9244e-16
2136.00   4.4957e-16
2138.00   8.8202e-16
2140.00   3.5159e-16
2142.00   1.0359e-15
2144.00   1.1405e-16
2146.00   7.5337e-16
2148.00   5.2779e-16
2150.00   4.8652e-16
2152.00   5.2774e-16
2154.00   2.6762e-16
2156.00   3.5341e-16
2158.00   3.9571e-16
2160.00   5.2619e-16
2162.00   6.2589e-16
2164.00   4.2042e-16
2166.00   6.5709e-16
2168.00   1.1568e-15
2170.00   3.1087e-16
2172.00   1.5610e-16
2174.00   9.5253e-16
2176.00   4.2290e-16
2178.00   5.4662e-16
2180.00   3.7425e-16
2182.00   1.0640e-16
2184.00   9.1697e-16
2186.00   1.3927e-16
2188.00   5.2067e-16
2190.00   2.7424e-16
2192.00   4.9534e-17
2194.00   3.5479e-16
2196.00   2.2786e-16
2198.00   1.3668e-16
2200.00   2.1870e-17
2202.00   4.4536e-16
2204.00   4.3026e-16
2206.00   5.5556e-16
2208.00   1.1190e-16
2210.00   3.6808e-16
2212.00   6.7290e-16
2214.00   6.8087e-16
2216.00   4.0334e-16
2218.00   4.6228e-16
2220.00   4.8602e-16
2222.00   6.7923e-16
2224.00   1.0261e-15
2226.00   5.5661e-16
2228.00   6.8774e-16
2230.00   4.0927e-16
2232.00   6.4683e-16
2234.00   1.2851e-15
2236.00   7.8990e-16
2238.00   6.3901e-16
2240.00   7.0480e-16
2242.00   5.8792e-16
2244.00   1.4163e-15
2246.00   7.0601e-16
2248.00   1.8738e-16
2250.00   1.5976e-15
2252.00   1.0786e-16
2254.00   1.3824e-15
2256.00   1.0923e-15
2258.00   4.7976e-16
2260.00   2.1661e-15
2262.00   4.4396e-16
2264.00   9.1949e-16
2266.00   1.1821e-15
2268.00   1.7397e-15
2270.00   8.9632e-16
2272.00   9.7189e-16
2274.00   1.1073e-15
2276.00   1.1940e-15
2278.00   8.1694e-16
2280.00   2.1054e-15
2282.00   4.5093e-16
2284.00   9.1392e-16
2286.00   6.0137e-16
2288.00   8.2093e-16
2290.00   4.3921e-16
2292.00   1.2714e-16
2294.00   1.6074e-15
2296.00   5.3478e-16
2298.00   4.4910e-16
2300.00   4.2092e-16
2302.00   4.3017e-16
2304.00   1.0102e-15
2306.00   5.8840e-16
2308.00   1.9666e-15
2310.00   5.8912e-16
2312.00   1.3531e-15
2314.00   9.8651e-16
2316.00   6.8644e-17
2318.00   1.0355e-15
2320.00   1.0585e-18
2322.00   8.6392e-16
2324.00   2.9291e-16
2326.00   9.4065e-16
2328.00   1.0042e-15
2330.00   1.1110e-15
2332.00   1.8162e-15
2334.00   1.3744e-17
2336.00   6.5486e-17
2338.00   7.3292e-16
2340.00   1.3400e-15
2342.00   2.9975e-16
2344.00   1.3381e-15
2346.00   1.0508e-15
2348.00   1.1748e-15
2350.00   1.1482e-17
2352.00   1.0624e-15
2354.00   6.4103e-16
2356.00   1.1719e-15
2358.00   5.7857e-16
2360.00   2.5076e-15
2362.00   1.2167e-15
2364.00   1.6244e-15
2366.00   1.3399e-15
2368.00   7.0381e-16
2370.00   8.7406e-16
2372.00   6.0400e-16
2374.00   1.5298e-15
2376.00   6.4139e-16
2378.00   1.2625e-16
2380.00   1.8085e-15
2382.00   3.2997e-15
2384.00   1.6355e-15
2386.00   1.6031e-15
2388.00   1.4775e-15
2390.00   4.0641e-16
2392.00   2.4199e-15
2394.00   3.5588e-16
2396.00   2.2442e-15
2398.00   2.0804e-16
2400.00   1.7443e-15
2402.00   8.8008e-16
2404.00   1.1728e-15
2406.00   1.3697e-15
2408.00   1.1037e-16
2410.00   1.0880e-15
2412.00   8.4031e-16
2414.00   1.6207e-15
2416.00   1.4231e-15
2418.00   1.5226e-15
2420.00   4.9938e-16
2422.00   8.4927e-16
2424.00   1.7398e-15
2426.00   7.5908e-16
2428.00   1.4929e-15
2430.00   2.6799e-15
2432.00   1.7793e-15
2434.00   1.6857e-15
2436.00   8.9753e-16
2438.00   6.6791e-16
2440.00   1.3194e-15
2442.00   8.9562e-16
2444.00   5.3954e-16
2446.00   1.4069e-15
2448.00   2.2343e-15
2450.00   9.2045e-16
2452.00   7.4292e-16
2454.00   1.3080e-15
2456.00   1.0937e-15
2458.00   1.1121e-15
2460.00   1.3466e-15
2462.00   1.4246e-15
2464.00   2.1660e-15
2466.00   1.8197e-15
2468.00   9.9961e-16
2470.00   1.6303e-15
2472.00   1.1609e-15
2474.00   1.5252e-15
2476.00   8.0594e-16
2478.00   1.1414e-15
2480.00   1.0554e-15
2482.00   1.6828e-15
2484.00   1.2811e-15
2486.00   1.5377e-15
2488.00   1.4926e-15
2490.00   1.3278e-15
2492.00   5.4511e-16
2494.00   9.8016e-16
2496.00   4.9454e-16
2498.00   1.2859e-15
2500.00   5.9893e-16
2502.00   6.8046e-16
2504.00   8.7163e-16
2506.00   3.7606e-15
2508.00   8.5030e-16
2510.00   1.3908e-15
2512.00   1.0386e-15
2514.00   1.5028e-15
2516.00   3.5130e-16
2518.00   7.0753e-16
2520.00   1.2986e-15
2522.00   1.7533e-15
2524.00   2.2277e-16
2526.00   1.6698e-15
2528.00   5.4098e-16
2530.00   9.8425e-16
2532.00   4.3160e-16
2534.00   4.4135e-16
2536.00   8.8935e-16
2538.00   1.8494e-15
2540.00   1.1949e-15
2542.00   1.4104e-15
2544.00   9.5336e-16
2546.00   1.0675e-15
2548.00   7.3321e-16
2550.00   1.4165e-15
2552.00   5.5113e-16
2554.00   6.6620e-16
2556.00   6.3235e-16
2558.00   6.1447e-16
2560.00   9.0744e-16
2562.00   1.5069e-15
2564.00   8.6077e-16
2566.00   1.1414e-15
2568.00   7.7487e-16
2570.00   8.5591e-16
2572.00   3.4566e-16
2574.00   1.0116e-15
2576.00   4.4463e-16
2578.00   8.4442e-16
2580.00   1.2222e-16
2582.00   1.6155e-15
2584.00   3.0216e-16
2586.00   1.2343e-15
2588.00   1.1117e-15
2590.00   5.1978e-16
2592.00   1.8728e-15
2594.00   2.1163e-16
2596.00   4.0174e-16
2598.00   1.8665e-15
2600.00   1.5386e-15
2602.00   1.2195e-17
2604.00   4.1841e-16
2606.00   3.7431e-16
2608.00   1.4111e-15
2610.00   1.0417e-15
2612.00   1.8451e-15
2614.00   1.4825e-15
2616.00   7.7424e-18
2618.00   1.4142e-15
2620.00   1.3949e-15
2622.00   9.5775e-16
2624.00   7.3384e-16
2626.00   2.6422e-15
2628.00   1.0997e-15
2630.00   9.5252e-16
2632.00   1.8367e-15
2634.00   5.7486e-16
2636.00   6.2871e-16
2638.00   5.4857e-16
2640.00   6.1887e-16
2642.00   8.2235e-16
2644.00   5.1175e-16
2646.00   5.6423e-16
2648.00   4.9067e-17
2650.00   6.8082e-16
2652.00   7.6276e-16
2654.00   5.3256e-16
2656.00   4.7697e-17
2658.00   4.4097e-16
2660.00   3.9454e-16
2662.00   2.0436e-17
2664.00   5.8086e-16
2666.00   5.9994e-16
2668.00   1.3211e-16
2670.00   5.9717e-16
2672.00   8.0332e-17
2674.00   3.7887e-18
2676.00   2.5684e-16
2678.00   6.1528e-16
2680.00   1.9929e-16
2682.00   5.7304e-16
2684.00   9.0902e-16
2686.00   4.9213e-16
2688.00   2.1708e-17
2690.00   4.0121e-16
2692.00   1.2675e-15
2694.00   3.8253e-16
2696.00   3.5990e-17
2698.00   5.7320e-16
2700.00   5.1355e-16
2702.00   1.4254e-17
2704.00   7.6909e-16
2706.00   8.6270e-16
2708.00   3.9598e-16
2710.00   1.1165e-15
2712.00   6.7397e-16
2714.00   8.3985e-16
2716.00   1.6187e-15
2718.00   1.2278e-15
2720.00   4.4836e-16
2722.00   8.4264e-16
2724.00   1.2445e-15
2726.00   1.3833e-16
2728.00   8.7711e-16
2730.00   1.1889e-15
2732.00   1.8076e-15
2734.00   2.1272e-16
2736.00   7.1557e-16
2738.00   5.1782e-16
2740.00   1.1725e-15
2742.00   3.0092e-16
2744.00   1.4061e-15
2746.00   1.8941e-15
2748.00   5.0819e-16
2750.00   1.6820e-15
2752.00   8.7569e-16
2754.00   1.0311e-15
2756.00   2.7214e-15
2758.00   4.4639e-16
2760.00   7.2850e-16
2762.00   1.1556e-15
2764.00   6.6946e-16
2766.00   1.1469e-18
2768.00   2.2862e-15
2770.00   2.9190e-16
2772.00   1.2871e-15
2774.00   7.1376e-16
2776.00   9.9542e-16
2778.00   6.1372e-16
2780.00   4.2298e-16
2782.00   3.2278e-16
2784.00   5.3845e-16
2786.00   8.6956e-16
2788.00   5.2226e-16
2790.00   1.8594e-16
2792.00   1.8723e-15
2794.00   4.8487e-16
2796.00   1.4419e-16
2798.00   6.4940e-17
2800.00   8.6474e-16
2802.00   2.4942e-18
2804.00   1.8873e-16
2806.00   5.6398e-16
2808.00   4.7741e-17
2810.00   8.3003e-17
2812.00   2.2144e-16
2814.00   4.0963e-16
2816.00   1.4757e-17
2818.00   1.4016e-16
2820.00   2.7794e-15
2822.00   3.1550e-16
2824.00   2.2362e-15
2826.00   4.6365e-16
2828.00   9.1668e-16
2830.00   1.3558e-16
2832.00   2.0590e-15
2834.00   5.3366e-16
2836.00   2.5596e-16
2838.00   7.5123e-16
2840.00   1.0391e-14
2842.00   2.8123e-16
2844.00   1.1744e-15
2846.00   3.6774e-15
2848.00   3.6467e-15
2850.00   5.4023e-16
2852.00   1.4121e-15
2854.00   2.9209e-16
2856.00   4.8056e-15
2858.00   1.4927e-15
2860.00   1.9846e-16
2862.00   2.5442e-16
2864.00   6.7721e-16
2866.00   1.0869e-15
2868.00   9.9315e-16
2870.00   1.6798e-15
2872.00   2.2880e-15
2874.00   7.9830e-17
2876.00   5.1097e-17
2878.00   1.5514e-16
2880.00   7.9585e-16
2882.00   3.4625e-15
2884.00   1.4544e-15
2886.00   5.6797e-16
2888.00   6.1206e-16
2890.00   6.0969e-16
2892.00   3.8329e-16
2894.00   1.1363e-16
2896.00   5.0717e-16
2898.00   6.2023e-16
2900.00   7.3205e-18
2902.00   6.3262e-16
2904.00   5.6052e-18
2906.00   4.5137e-16
2908.00   4.6216e-16
2910.00   5.5795e-16
2912.00   1.9871e-17
2914.00   1.1944e-17
2916.00   3.7062e-16
2918.00   5.6470e-16
2920.00   2.3605e-16
2922.00   7.2610e-17
2924.00   1.3265e-16
2926.00   1.3991e-15
2928.00   1.9575e-18
2930.00   1.6273e-16
2932.00   4.8219e-17
2934.00   4.2874e-16
2936.00   5.1266e-17
2938.00   5.1609e-17
2940.00   5.5894e-16
2942.00   3.2103e-18
2944.00   6.4574e-16
2946.00   3.3331e-16
2948.00   8.6410e-16
2950.00   5.4845e-16
2952.00   1.1180e-16
2954.00   7.4829e-16
2956.00   1.6318e-17
2958.00   1.5934e-17
2960.00   4.7793e-16
2962.00   4.1637e-16
2964.00   3.0231e-16
2966.00   1.0046e-15
2968.00   8.1457e-17
2970.00   1.1619e-15
2972.00   3.5861e-16
2974.00   2.1015e-17
2976.00   5.6525e-16
2978.00   3.2201e-17
2980.00   9.9087e-16
2982.00   2.7190e-16
2984.00   1.3044e-15
2986.00   7.1629e-16
2988.00   2.2237e-17
2990.00   1.4387e-17
2992.00   7.2522e-17
2994.00   1.4275e-16
2996.00   2.2108e-17
2998.00   3.7795e-16
3000.00   1.4026e-16
3002.00   1.4103e-15
3004.00   2.4810e-17
3006.00   4.0823e-18
3008.00   2.6559e-18
3010.00   3.1631e-16
3012.00   5.1415e-18
3014.00   4.6345e-16
3016.00   1.7449e-16
3018.00   3.4596e-16
3020.00   2.1090e-16
3022.00   1.0873e-16
3024.00   1.8297e-16
3026.00   9.7183e-17
3028.00   4.1586e-17
3030.00   3.7440e-16
3032.00   1.3960e-17
3034.00   2.3600e-16
3036.00   7.4919e-16
3038.00   1.6607e-16
3040.00   3.5037e-17
3042.00   1.0469e-17
3044.00   5.7566e-16
3046.00   1.1273e-16
3048.00   8.6367e-16
3050.00   1.9747e-16
3052.00   2.9936e-17
3054.00   2.6474e-18
3056.00   7.8922e-16
3058.00   2.4297e-17
3060.00   9.9990e-19
3062.00   2.1072e-16
3064.00   3.3293e-19
3066.00   4.9527e-16
3068.00   2.7298e-16
3070.00   3.9767e-16
3072.00   5.7554e-16
3074.00   6.3877e-18
3076.00   1.8084e-15
3078.00   3.9888e-15
3080.00   2.4787e-16
3082.00   1.2498e-17
3084.00   2.6949e-16
3086.00   6.2880e-19
3088.00   2.0264e-19
3090.00   2.3349e-16
3092.00   6.0015e-19
3094.00   8.0171e-19
3096.00   4.6539e-16
3098.00   2.2919e-17
3100.00   3.5838e-19
3102.00   1.7132e-16
3104.00   5.1304e-18
3106.00   5.8354e-16
3108.00   1.6122e-17
3110.00   6.1868e-19
3112.00   1.3287e-19
3114.00   1.6078e-16
3116.00   1.9049e-16
3118.00   6.4506e-18
3120.00   3.5904e-17
3122.00   5.9810e-18
3124.00   1.3379e-19
3126.00   6.8604e-18
3128.00   5.4069e-19
3130.00   3.1680e-17
3132.00   2.0443e-16
3134.00   1.0184e-17
3136.00   6.6755e-17
3138.00   7.4885e-18
3140.00   1.7051e-17
3142.00   8.6028e-16
3144.00   4.9604e-17
3146.00   2.5564e-16
3148.00   1.3165e-18
3150.00   1.7019e-18
3152.00   1.4581e-17
3154.00   2.7058e-18
3156.00   1.6173e-16
3158.00   2.2750e-16
3160.00   1.7565e-17
3162.00   9.5008e-16
3164.00   1.3966e-15
3166.00   6.7828e-16
3168.00   3.9092e-18
3170.00   5.1174e-16
3172.00   2.1647e-20
3174.00   9.5489e-19
3176.00   8.6866e-17
3178.00   6.3434e-16
3180.00   1.2120e-17
3182.00   3.5209e-19
3184.00   1.2709e-15
3186.00   1.4805e-15
3188.00   5.1101e-17
3190.00   2.5770e-16
3192.00   9.8386e-16
3194.00   7.2682e-16
3196.00   1.6093e-15
3198.00   9.5805e-18
3200.00   1.1982e-17
3202.00   7.4749e-19
3204.00   2.7042e-16
3206.00   3.3535e-19
3208.00   6.4611e-18
3210.00   8.6631e-16
3212.00   5.3323e-17
3214.00   8.0954e-16
3216.00   6.8011e-18
3218.00   3.1535e-18
3220.00   2.6035e-17
3222.00   1.1742e-17
3224.00   1.7147e-16
3226.00   3.9515e-17
3228.00   1.0923e-15
3230.00   2.4184e-16
3232.00   4.4541e-16
3234.00   8.6113e-17
3236.00   1.8879e-18
3238.00   7.2967e-17
3240.00   9.3388e-18
3242.00   2.5967e-19
3244.00   4.8767e-16
3246.00   1.0334e-17
3248.00   4.4107e-16
3250.00   4.2493e-16
3252.00   3.5070e-16
3254.00   3.4640e-17
3256.00   1.0368e-15
3258.00   5.5136e-16
3260.00   2.7907e-16
3262.00   5.0448e-17
3264.00   2.5824e-16
3266.00   1.1020e-17
3268.00   1.9448e-16
3270.00   7.0921e-17
3272.00   3.0383e-19
3274.00   2.3607e-17
3276.00   4.9324e-17
3278.00   1.9522e-15
3280.00   1.7970e-17
3282.00   7.8602e-16
3284.00   4.5371e-17
3286.00   5.5345e-16
3288.00   1.9429e-17
3290.00   2.0113e-16
3292.00   2.0240e-17
3294.00   1.9542e-19
3296.00   6.7760e-16
3298.00   4.2087e-16
3300.00   2.9158e-17
3302.00   3.3912e-16
3304.00   3.9760e-16
3306.00   5.2835e-16
3308.00   1.7088e-20
3310.00   1.2042e-16
3312.00   4.4794e-16
3314.00   1.7802e-16
3316.00   4.6384e-18
3318.00   8.3665e-17
3320.00   3.1855e-17
3322.00   2.0607e-16
3324.00   1.2396e-16
3326.00   3.2181e-17
3328.00   2.1098e-16
3330.00   2.5425e-17
3332.00   1.0945e-18
3334.00   2.1183e-18
3336.00   1.8981e-16
3338.00   1.7399e-16
3340.00   6.2062e-19
3342.00   1.6195e-17
3344.00   1.2601e-18
3346.00   4.0390e-20
3348.00   2.9578e-19
3350.00   2.3855e-19
3352.00   3.8638e-18
3354.00   9.6080e-19
3356.00   1.7588e-18
3358.00   4.4665e-16
3360.00   1.7901e-16
3362.00   1.7218e-16
3364.00   9.2331e-18
3366.00   2.0306e-16
3368.00   2.2204e-17
3370.00   1.2016e-16
3372.00   4.0396e-16
3374.00   6.8589e-19
3376.00   9.0137e-16
3378.00   4.2830e-19
3380.00   1.3866e-16
3382.00   9.7167e-17
3384.00   1.0525e-18
3386.00   2.7829e-17
3388.00   2.1361e-16
3390.00   4.5917e-17
3392.00   4.3092e-16
3394.00   6.7947e-18
3396.00   5.9574e-17
3398.00   1.1533e-17
3400.00   2.3349e-18
3402.00   5.9578e-18
3404.00   1.0710e-17
3406.00   1.6471e-17
3408.00   3.2419e-18
3410.00   1.1035e-16
3412.00   3.3856e-18
3414.00   1.2026e-16
3416.00   2.8201e-16
3418.00   3.0866e-19
3420.00   4.4962e-17
3422.00   3.2388e-18
3424.00   5.2051e-19
3426.00   7.3868e-17
3428.00   8.4012e-17
3430.00   9.5093e-17
3432.00   1.5109e-18
3434.00   5.1861e-18
3436.00   3.5318e-16
3438.00   6.5277e-18
3440.00   3.1819e-16
3442.00   1.9279e-17
3444.00   5.8276e-17
3446.00   8.4540e-18
3448.00   3.1953e-18
3450.00   1.7984e-17
3452.00   7.4913e-16
3454.00   1.0185e-16
3456.00   6.6284e-16
3458.00   3.7680e-17
3460.00   1.6562e-18
3462.00   1.9432e-19
3464.00   8.6134e-17
3466.00   9.3261e-18
3468.00   4.6382e-19
3470.00   1.1229e-16
3472.00   2.6002e-17
3474.00   3.1616e-18
3476.00   1.9178e-16
3478.00   8.5293e-17
3480.00   8.7179e-17
3482.00   1.6992e-16
3484.00   1.0721e-16
3486.00   1.9589e-16
3488.00   4.2721e-19
3490.00   2.9841e-16
3492.00   1.1619e-18
3494.00   2.6591e-16
3496.00   1.3529e-16
3498.00   1.9512e-17
3500.00   1.0270e-16
3502.00   3.0361e-16
3504.00   3.5174e-16
3506.00   1.6932e-17
3508.00   8.3468e-17
3510.00   2.9341e-18
3512.00   1.9094e-17
3514.00   2.1660e-18
3516.00   6.7628e-17
3518.00   2.0219e-17
3520.00   1.1406e-17
3522.00   2.5281e-16
3524.00   6.6318e-18
3526.00   6.6156e-17
3528.00   4.1447e-17
3530.00   2.1546e-17
3532.00   5.0512e-17
3534.00   8.3014e-19
3536.00   1.6478e-16
3538.00   2.1641e-16
3540.00   2.5124e-16
3542.00   5.3385e-17
3544.00   1.1963e-17
3546.00   7.7650e-19
3548.00   2.8681e-17
3550.00   7.1418e-18
3552.00   9.9422e-18
3554.00   4.3416e-17
3556.00   1.3302e-16
3558.00   1.0957e-16
3560.00   1.0394e-17
3562.00   9.4116e-19
3564.00   2.3403e-17
3566.00   8.8207e-17
3568.00   2.2482e-18
3570.00   9.0237e-19
3572.00   6.2262e-19
3574.00   2.9205e-18
3576.00   1.1281e-17
3578.00   1.1805e-18
3580.00   1.0217e-18
3582.00   3.4987e-20
3584.00   2.3680e-18
3586.00   3.5994e-17
3588.00   1.8169e-17
3590.00   6.0546e-17
3592.00   2.9392e-19
3594.00   1.4561e-18
3596.00   2.4263e-18
3598.00   2.9871e-18
3600.00   1.9174e-18
3602.00   1.3716e-17
3604.00   1.5871e-18
3606.00   9.4910e-18
3608.00   1.1876e-18
3610.00   4.6603e-18
3612.00   9.4220e-19
3614.00   2.3959e-17
3616.00   4.2061e-19
3618.00   4.0358e-18
3620.00   6.8538e-19
3622.00   1.8768e-16
3624.00   2.0658e-16
3626.00   5.7275e-18
3628.00   9.9650e-18
3630.00   8.5590e-19
3632.00   7.4765e-18
3634.00   1.7941e-18
3636.00   3.8770e-17
3638.00   1.7953e-18
3640.00   1.9345e-19
3642.00   2.2653e-16
3644.00   1.3709e-18
3646.00   4.6423e-18
3648.00   1.3354e-18
3650.00   1.9467e-19
3652.00   1.0273e-18
3654.00   6.7125e-20
3656.00   2.7463e-16
3658.00   1.3426e-18
3660.00   5.6808e-19
3662.00   6.6715e-18
3664.00   9.8372e-18
3666.00   1.2258e-18
3668.00   1.9368e-18
3670.00   1.9439e-18
3672.00   1.3964e-19
3674.00   2.2516e-18
3676.00   6.2833e-19
3678.00   1.4568e-19
3680.00   1.9513e-18
3682.00   1.1383e-17
3684.00   9.0669e-19
3686.00   1.5744e-17
3688.00   1.2188e-18
3690.00   1.0491e-18
3692.00   1.5765e-19
3694.00   2.6395e-18
3696.00   3.3378e-18
3698.00   3.0565e-17
3700.00   2.8828e-18
3702.00   5.8845e-22
3704.00   3.0296e-18
3706.00   3.4640e-20
3708.00   2.9968e-19
3710.00   6.8581e-18
3712.00   1.6675e-17
3714.00   9.4091e-19
3716.00   2.1287e-18
3718.00   3.3499e-19
3720.00   1.3509e-17
3722.00   1.5771e-17
3724.00   6.4745e-18
3726.00   1.4832e-17
3728.00   1.1151e-16
3730.00   4.4650e-19
3732.00   2.0002e-19
3734.00   2.0920e-19
3736.00   2.2143e-19
3738.00   1.7860e-18
3740.00   1.0724e-18
3742.00   9.2218e-18
3744.00   4.4532e-18
3746.00   1.5691e-17
3748.00   1.8826e-16
3750.00   2.1029e-18
3752.00   4.2638e-20
3754.00   1.7698e-17
3756.00   4.2365e-17
3758.00   2.0335e-17
3760.00   1.1510e-16
3762.00   1.5750e-16
3764.00   5.7868e-16
3766.00   6.6070e-19
3768.00   1.1582e-18
3770.00   2.2648e-19
3772.00   1.2471e-19
3774.00   1.4151e-19
3776.00   6.2355e-19
3778.00   8.8120e-18
3780.00   1.1445e-16
3782.00   3.3246e-17
3784.00   1.4893e-16
3786.00   1.9385e-17
3788.00   1.0290e-18
3790.00   3.5214e-19
3792.00   4.4856e-18
3794.00   2.6551e-19
3796.00   5.9745e-19
3798.00   2.3318e-17
3800.00   4.7558e-19
3802.00   1.2513e-18
3804.00   1.5678e-18
3806.00   1.8404e-18
3808.00   6.5397e-19
3810.00   5.6023e-19
3812.00   6.9997e-19
3814.00   5.5885e-17
3816.00   4.7299e-21
3818.00   1.3723e-19
3820.00   2.6888e-18
3822.00   5.8583e-17
3824.00   9.6042e-16
3826.00   5.9766e-20
3828.00   6.5754e-17
3830.00   9.1113e-19
3832.00   7.8183e-21
3834.00   1.3506e-17
3836.00   3.4461e-20
3838.00   4.9747e-17
3840.00   7.2124e-20
3842.00   2.6507e-19
3844.00   4.4569e-19
3846.00   5.5982e-17
3848.00   9.3966e-19
3850.00   1.9908e-19
3852.00   1.3578e-19
3854.00   3.5495e-20
3856.00   8.1752e-19
3858.00   6.3269e-19
3860.00   7.2390e-19
3862.00   3.6018e-19
3864.00   2.4905e-18
3866.00   3.2047e-19
3868.00   1.4001e-19
3870.00   4.0105e-19
3872.00   2.8614e-16
3874.00   4.2271e-18
3876.00   1.1749e-18
3878.00   3.8117e-19
3880.00   4.2723e-19
3882.00   1.3475e-17
3884.00   2.0967e-18
3886.00   2.5123e-19
3888.00   6.3006e-21
3890.00   9.2598e-20
3892.00   1.2589e-20
3894.00   6.5820e-19
3896.00   4.0176e-17
3898.00   1.6637e-20
3900.00   3.5940e-19
3902.00   6.6431e-21
3904.00   7.9378e-18
3906.00   9.2108e-17
3908.00   7.5651e-17
3910.00   1.9860e-17
3912.00   2.2141e-19
3914.00   8.0793e-17
3916.00   7.3728e-18
3918.00   1.2294e-17
3920.00   1.4903e-18
3922.00   1.9057e-18
3924.00   1.9546e-18
3926.00   2.5797e-19
3928.00   1.2858e-17
3930.00   1.2884e-16
3932.00   1.0760e-17
3934.00   4.0030e-19
3936.00   1.1246e-16
3938.00   4.0002e-16
3940.00   2.9508e-18
3942.00   9.2241e-20
3944.00   5.9844e-19
3946.00   1.2971e-16
3948.00   4.6003e-20
3950.00   2.6896e-18
3952.00   2.9104e-18
3954.00   2.9662e-19
3956.00   1.9329e-19
3958.00   1.7970e-17
3960.00   2.2358e-17
3962.00   1.1393e-18
3964.00   8.3847e-17
3966.00   9.7402e-18
3968.00   3.0092e-18
3970.00   1.0001e-16
3972.00   2.4019e-18
3974.00   6.8752e-16
3976.00   1.1688e-17
3978.00   8.4819e-19
3980.00   1.0633e-18
3982.00   4.7727e-17
3984.00   4.4143e-18
3986.00   4.6495e-19
3988.00   3.0796e-19
3990.00   4.9754e-17
3992.00   4.2727e-19
3994.00   1.4412e-19
3996.00   2.1817e-17
3998.00   2.9634e-20
4000.00   1.8626e-18
4002.00   3.5764e-16
4004.00   9.5923e-18
4006.00   4.4929e-20
4008.00   2.5411e-17
4010.00   6.2742e-19
4012.00   3.9547e-18
4014.00   1.1863e-18
4016.00   3.4939e-18
4018.00   2.4391e-18
4020.00   2.1762e-18
4022.00   6.1754e-18
4024.00   6.5786e-17
4026.00   1.5931e-19
4028.00   2.1752e-18
4030.00   2.9206e-20
4032.00   3.2273e-19
4034.00   9.0645e-18
4036.00   4.1702e-19
4038.00   1.6553e-19
4040.00   1.3262e-18
4042.00   1.7603e-18
4044.00   2.7776e-19
4046.00   1.1385e-18
4048.00   7.2869e-20
4050.00   2.8390e-18
4052.00   7.8504e-19
4054.00   1.8456e-20
4056.00   2.5725e-19
4058.00   2.2701e-17
4060.00   4.1503e-20
4062.00   1.0016e-16
4064.00   2.8771e-18
4066.00   1.3376e-20
4068.00   9.5800e-17
4070.00   1.2594e-17
4072.00   1.0266e-19
4074.00   6.7646e-18
4076.00   2.1782e-17
4078.00   3.8606e-17
4080.00   1.7271e-17
4082.00   4.5796e-18
4084.00   1.3384e-17
4086.00   3.2359e-19
4088.00   2.7986e-17
4090.00   1.0689e-19
4092.00   5.5702e-18
4094.00   8.3386e-18
4096.00   1.3605e-17
4098.00   9.8474e-17
4100.00   9.3429e-19
4102.00   1.4027e-18
4104.00   6.3274e-18
4106.00   7.4192e-19
4108.00   3.8409e-18
4110.00   1.1787e-18
4112.00   2.7942e-17
4114.00   1.1098e-17
4116.00   5.3822e-20
4118.00   6.1372e-19
4120.00   6.7999e-18
4122.00   1.5648e-16
4124.00   2.5066e-17
4126.00   1.8818e-19
4128.00   9.8389e-17
4130.00   3.4262e-19
4132.00   3.7430e-18
4134.00   2.0150e-18
4136.00   1.9530e-18
4138.00   5.8292e-17
4140.00   1.0400e-18
4142.00   3.2820e-19
4144.00   5.9071e-17
4146.00   3.1928e-17
4148.00   3.6608e-18
4150.00   4.7558e-18
4152.00   4.9186e-18
4154.00   1.1330e-18
4156.00   1.9409e-19
4158.00   2.1903e-17
4160.00   1.8393e-17
4162.00   7.6468e-18
4164.00   8.7166e-19
4166.00   2.4586e-19
4168.00   5.5506e-18
4170.00   9.3694e-19
4172.00   4.9505e-18
4174.00   4.8815e-16
4176.00   3.8132e-18
4178.00   1.0558e-15
4180.00   7.4871e-17
4182.00   3.6209e-18
4184.00   1.4762e-17
4186.00   3.2815e-19
4188.00   1.8300e-18
4190.00   2.5181e-18
4192.00   1.2517e-21
4194.00   4.4591e-20
4196.00   7.2110e-19
4198.00   3.1245e-18
4200.00   5.5117e-19
4202.00   1.3702e-17
4204.00   5.6685e-20
4206.00   4.4408e-18
4208.00   7.3063e-19
4210.00   1.9805e-17
4212.00   1.3434e-17
4214.00   9.4381e-19
4216.00   3.2550e-20
4218.00   1.6687e-19
4220.00   5.9133e-19
4222.00   1.8389e-18
4224.00   9.3423e-18
4226.00   1.5538e-18
4228.00   7.8789e-19
4230.00   2.2683e-21
4232.00   1.1637e-16
4234.00   8.9772e-16
4236.00   6.2044e-19
4238.00   2.0643e-18
4240.00   1.5712e-19
4242.00   1.3071e-18
4244.00   3.1798e-15
4246.00   6.5377e-21
4248.00   6.7055e-17
4250.00   2.2561e-18
4252.00   3.9174e-18
4254.00   3.3594e-19
4256.00   3.0985e-17
4258.00   1.0610e-16
4260.00   5.9750e-20
4262.00   2.5503e-20
4264.00   8.2486e-19
4266.00   3.9499e-18
4268.00   9.3167e-18
4270.00   1.4037e-18
4272.00   1.3771e-20
4274.00   1.3631e-16
4276.00   1.4519e-15
4278.00   6.7494e-17
4280.00   7.8658e-20
4282.00   4.2277e-18
4284.00   1.9735e-19
4286.00   1.7851e-18
4288.00   1.7941e-15
4290.00   1.4865e-19
4292.00   5.1588e-17
4294.00   4.6890e-20
4296.00   3.0977e-16
4298.00   4.7322e-20
4300.00   2.9194e-17
4302.00   2.3292e-17
4304.00   3.9330e-16
4306.00   4.5299e-16
4308.00   2.5251e-20
4310.00   3.1258e-19
4312.00   2.5906e-17
4314.00   2.9672e-16
4316.00   5.6542e-19
4318.00   4.1489e-18
4320.00   9.0308e-16
4322.00   7.5338e-18
4324.00   8.8018e-20
4326.00   4.0147e-17
4328.00   1.2756e-18
4330.00   2.7760e-17
4332.00   4.4700e-16
4334.00   4.9155e-20
4336.00   5.8370e-18
4338.00   3.6881e-16
4340.00   2.8886e-17
4342.00   8.7688e-19
4344.00   2.6996e-17
4346.00   6.1113e-16
4348.00   8.9651e-18
4350.00   3.8055e-19
4352.00   1.2382e-15
4354.00   2.3955e-19
4356.00   5.0093e-18
4358.00   9.8514e-16
4360.00   1.3090e-15
4362.00   3.2617e-17
4364.00   2.1662e-17
4366.00   5.7414e-19
4368.00   1.8879e-19
4370.00   7.5285e-17
4372.00   1.2917e-15
4374.00   2.5416e-19
4376.00   3.4164e-18
4378.00   2.6885e-18
4380.00   1.3778e-18
4382.00   4.7429e-17
4384.00   4.4973e-16
4386.00   3.1271e-16
4388.00   5.9129e-19
4390.00   5.6232e-23
4392.00   9.4169e-19
4394.00   2.5966e-19
4396.00   3.7304e-20
4398.00   3.7603e-16
4400.00   3.3884e-19
4402.00   1.3048e-17
4404.00   7.0836e-20
4406.00   6.6042e-19
4408.00   8.8661e-19
4410.00   4.8689e-18
4412.00   4.6164e-20
4414.00   2.3634e-15
4416.00   6.7845e-16
4418.00   9.2512e-20
4420.00   3.1634e-19
4422.00   2.6784e-18
4424.00   3.9291e-19
4426.00   3.1268e-19
4428.00   2.0722e-18
4430.00   6.8427e-19
4432.00   3.9906e-17
4434.00   2.7520e-19
4436.00   1.9018e-18
4438.00   7.4620e-20
4440.00   2.2066e-16
4442.00   2.1140e-18
4444.00   8.9649e-18
4446.00   1.7510e-18
4448.00   2.0066e-18
4450.00   7.8575e-19
4452.00   6.3689e-16
4454.00   1.5122e-18
4456.00   2.6622e-17
4458.00   2.2539e-16
4460.00   2.0744e-19
4462.00   3.3769e-17
4464.00   4.2642e-19
4466.00   4.9840e-18
4468.00   7.0243e-19
4470.00   1.3255e-17
4472.00   3.8725e-16
4474.00   2.9421e-16
4476.00   8.4000e-20
4478.00   3.6212e-19
4480.00   3.7140e-17
4482.00   3.3251e-21
4484.00   1.1558e-19
4486.00   4.6315e-20
4488.00   1.0947e-16
4490.00   6.3816e-16
4492.00   3.8499e-16
4494.00   7.1796e-19
4496.00   9.1174e-20
4498.00   1.2038e-18
4500.00   1.8413e-19
4502.00   5.1673e-19
4504.00   1.7926e-18
4506.00   4.8774e-19
4508.00   3.7170e-16
4510.00   3.1892e-17
4512.00   3.8111e-20
4514.00   5.2530e-17
4516.00   3.8970e-16
4518.00   7.5558e-20
4520.00   8.6138e-16
4522.00   4.5068e-16
4524.00   2.7841e-18
4526.00   1.1420e-17
4528.00   3.2292e-17
4530.00   3.7013e-18
4532.00   3.3345e-20
4534.00   1.8784e-16
4536.00   2.8452e-19
4538.00   7.7704e-19
4540.00   1.4030e-20
4542.00   3.5633e-16
4544.00   2.6140e-19
4546.00   9.2773e-20
4548.00   1.4442e-19
4550.00   5.7757e-16
4552.00   9.7310e-20
4554.00   1.5469e-19
4556.00   6.3329e-16
4558.00   1.2512e-20
4560.00   5.3154e-20
4562.00   2.4599e-19
4564.00   9.1708e-19
4566.00   1.0351e-19
4568.00   4.1309e-19
4570.00   2.8469e-19
4572.00   1.1383e-19
4574.00   2.2723e-20
4576.00   5.7357e-16
4578.00   3.8954e-18
4580.00   3.2169e-17
4582.00   2.0623e-16
4584.00   8.1099e-16
4586.00   6.9463e-18
4588.00   2.9986e-19
4590.00   8.0719e-19
4592.00   1.8370e-18
4594.00   2.6740e-18
4596.00   1.7437e-16
4598.00   2.3918e-17
4600.00   2.4014e-22
4602.00   8.5945e-19
4604.00   1.2061e-17
4606.00   9.4512e-19
4608.00   6.1613e-20
4610.00   4.2965e-19
4612.00   4.3254e-18
4614.00   7.7843e-20
4616.00   2.5859e-20
4618.00   1.7020e-19
4620.00   6.1290e-16
4622.00   5.0985e-19
4624.00   1.0236e-18
4626.00   8.7217e-19
4628.00   6.6910e-18
4630.00   1.4341e-15
4632.00   2.5865e-16
4634.00   1.1221e-18
4636.00   1.4496e-19
4638.00   8.5563e-19
4640.00   1.3264e-16
4642.00   1.0024e-19
4644.00   1.2013e-18
4646.00   4.2862e-22
4648.00   1.8596e-16
4650.00   9.5889e-20
4652.00   4.2088e-19
4654.00   1.0906e-20
4656.00   8.4208e-18
4658.00   5.9571e-19
4660.00   3.7616e-20
4662.00   9.1366e-19
4664.00   4.9082e-17
4666.00   5.4199e-16
4668.00   1.5258e-18
4670.00   1.2599e-17
4672.00   1.6586e-19
4674.00   3.0022e-21
4676.00   4.2310e-20
4678.00   1.2468e-19
4680.00   7.0010e-21
4682.00   2.2925e-21
4684.00   1.9642e-19
4686.00   2.7718e-19
4688.00   5.6632e-17
4690.00   8.0290e-20
4692.00   5.5173e-20
4694.00   3.2453e-20
4696.00   9.9439e-19
4698.00   3.5475e-19
4700.00   1.4092e-19
4702.00   3.9634e-19
4704.00   4.5737e-18
4706.00   3.4667e-19
4708.00   3.4781e-19
4710.00   7.0247e-19
4712.00   6.1992e-22
4714.00   1.2445e-18
4716.00   3.3646e-17
4718.00   3.3556e-19
4720.00   1.3187e-17
4722.00   3.0269e-19
4724.00   1.9490e-19
4726.00   3.1500e-20
4728.00   2.7749e-16
4730.00   2.3778e-19
4732.00   4.1495e-17
4734.00   6.2254e-20
4736.00   8.5248e-20
4738.00   1.6647e-18
4740.00   4.2512e-20
4742.00   4.8488e-20
4744.00   8.3468e-18
4746.00   2.5877e-17
4748.00   5.4900e-20
4750.00   1.4481e-17
4752.00   5.7674e-20
4754.00   2.7414e-19
4756.00   5.7263e-19
4758.00   1.2203e-19
4760.00   4.8114e-18
4762.00   1.8241e-20
4764.00   3.9362e-20
4766.00   2.0274e-20
4768.00   8.6668e-20
4770.00   6.5319e-21
4772.00   1.3191e-17
4774.00   2.5590e-16
4776.00   7.6387e-20
4778.00   1.9210e-18
4780.00   8.4371e-20
4782.00   1.0593e-20
4784.00   5.8264e-21
4786.00   2.2217e-19
4788.00   3.7580e-22
4790.00   1.0172e-20
4792.00   4.0815e-20
4794.00   4.7870e-22
4796.00   2.9516e-19
4798.00   3.7050e-17
4800.00   6.9079e-19
4802.00   7.1710e-20
4804.00   4.3208e-19
4806.00   8.1907e-20
4808.00   3.7598e-19
4810.00   4.0093e-18
4812.00   4.1119e-20
4814.00   5.6036e-16
4816.00   1.8801e-19
4818.00   3.6489e-19
4820.00   1.3233e-19
4822.00   2.7492e-20
4824.00   1.5730e-18
4826.00   1.3276e-16
4828.00   2.0809e-20
4830.00   5.7231e-19
4832.00   1.9075e-17
4834.00   2.0922e-17
4836.00   1.6252e-19
4838.00   5.9022e-20
4840.00   1.5667e-17
4842.00   2.9384e-19
4844.00   1.3910e-18
4846.00   6.1462e-19
4848.00   7.0588e-18
4850.00   4.4675e-20
4852.00   2.8910e-17
4854.00   3.5134e-20
4856.00   3.7118e-18
4858.00   1.5586e-20
4860.00   6.6311e-20
4862.00   2.3320e-20
4864.00   4.7596e-20
4866.00   4.3017e-19
4868.00   4.0074e-17
4870.00   5.2183e-18
4872.00   7.3613e-18
4874.00   3.4537e-16
4876.00   3.1864e-18
4878.00   1.2161e-19
4880.00   3.1120e-19
4882.00   3.7527e-20
4884.00   4.1216e-19
4886.00   4.0832e-18
4888.00   1.0542e-19
4890.00   3.4675e-16
4892.00   1.8114e-18
4894.00   4.8877e-18
4896.00   1.1771e-18
4898.00   2.4321e-16
4900.00   3.5919e-20
4902.00   7.2778e-18
4904.00   4.0625e-17
4906.00   3.4798e-16
4908.00   1.9971e-21
4910.00   4.0639e-20
4912.00   1.1234e-18
4914.00   9.1833e-22
4916.00   2.3049e-20
4918.00   1.2312e-19
4920.00   1.6465e-19
4922.00   1.6290e-18
4924.00   5.3401e-16
4926.00   5.7817e-20
4928.00   9.3046e-19
4930.00   6.2200e-21
4932.00   1.2063e-18
4934.00   8.2610e-21
4936.00   4.9552e-19
4938.00   4.0747e-20
4940.00   4.8991e-20
4942.00   3.2238e-20
4944.00   1.8201e-19
4946.00   3.0741e-19
4948.00   6.2101e-16
4950.00   2.3297e-16
4952.00   6.6496e-18
4954.00   1.3542e-17
4956.00   2.1633e-19
4958.00   4.7873e-18
4960.00   7.2072e-20
4962.00   7.2684e-19
4964.00   1.2227e-20
4966.00   8.7658e-19
4968.00   6.8669e-19
4970.00   1.4051e-19
4972.00   2.1178e-19
4974.00   2.6823e-16
4976.00   1.1393e-17
4978.00   3.0051e-20
4980.00   9.1944e-20
4982.00   6.6985e-21
4984.00   1.6897e-21
4986.00   1.1492e-18
4988.00   3.8363e-18
4990.00   5.1960e-21
4992.00   3.7141e-18
4994.00   1.5312e-17
4996.00   5.4016e-20
4998.00   3.1934e-18
5000.00   5.4021e-18
5002.00   1.5790e-20
5004.00   1.3487e-19
5006.00   4.7766e-16
5008.00   5.4757e-21
5010.00   4.5367e-21
5012.00   1.8321e-21
5014.00   5.7881e-20
5016.00   2.2543e-18
5018.00   5.6203e-16
5020.00   2.4562e-16
5022.00   1.0695e-18
5024.00   3.2485e-20
5026.00   2.0846e-20
5028.00   1.6620e-17
5030.00   4.9953e-19
5032.00   7.1835e-22
5034.00   1.0236e-20
5036.00   2.0092e-18
5038.00   6.5328e-22
5040.00   8.9484e-17
5042.00   6.5331e-20
5044.00   1.6423e-16
5046.00   1.1667e-17
5048.00   6.8952e-17
5050.00   4.0730e-16
5052.00   1.1745e-19
5054.00   8.0113e-20
5056.00   2.1380e-19
5058.00   2.8173e-20
5060.00   9.6992e-17
5062.00   3.1231e-20
5064.00   1.4664e-20
5066.00   7.0834e-18
5068.00   6.7765e-22
5070.00   7.6711e-20
5072.00   8.9531e-16
5074.00   1.0048e-17
5076.00   1.1238e-16
5078.00   2.9350e-20
5080.00   8.7797e-20
5082.00   5.5072e-22
5084.00   2.4458e-18
5086.00   6.6956e-18
5088.00   1.4719e-20
5090.00   1.2258e-19
5092.00   2.0493e-21
5094.00   4.5905e-18
5096.00   2.1720e-19
5098.00   4.2607e-21
5100.00   6.2489e-17
5102.00   4.5531e-19
5104.00   7.3690e-21
5106.00   4.8363e-20
5108.00   1.6561e-16
5110.00   9.4936e-21
5112.00   5.5778e-16
5114.00   1.8029e-22
5116.00   2.1164e-20
5118.00   8.1715e-22
5120.00   6.8192e-18
5122.00   9.1947e-20
5124.00   8.2288e-19
5126.00   1.9469e-18
5128.00   1.8540e-17
5130.00   1.8490e-19
5132.00   1.5336e-17
5134.00   1.7019e-19
5136.00   8.1348e-18
5138.00   7.4669e-21
5140.00   6.6248e-21
5142.00   2.5602e-20
5144.00   4.5004e-20
5146.00   1.0689e-17
5148.00   4.3350e-20
5150.00   5.3075e-18
5152.00   3.5744e-21
5154.00   1.4187e-17
5156.00   2.3715e-21
5158.00   3.4529e-15
5160.00   2.4914e-17
5162.00   5.9073e-18
5164.00   6.2653e-17
5166.00   5.5611e-20
5168.00   3.1814e-19
5170.00   6.1889e-16
5172.00   8.2999e-17
5174.00   2.8040e-24
5176.00   5.7398e-21
5178.00   1.0134e-18
5180.00   4.8908e-19
5182.00   2.3428e-16
5184.00   2.9604e-16
5186.00   1.9756e-17
5188.00   7.3863e-20
5190.00   3.3684e-21
5192.00   1.5073e-18
5194.00   5.9912e-20
5196.00   4.8596e-22
5198.00   6.6348e-16
5200.00   1.3656e-17
5202.00   2.9827e-22
5204.00   3.9283e-20
5206.00   9.7231e-19
5208.00   3.3224e-20
5210.00   2.7837e-19
5212.00   3.8317e-20
5214.00   1.7222e-20
5216.00   1.8539e-19
5218.00   1.8900e-18
5220.00   8.6566e-17
5222.00   6.4793e-20
5224.00   4.5386e-20
5226.00   3.1074e-19
5228.00   7.4435e-18
5230.00   9.6563e-24
5232.00   1.3238e-18
5234.00   8.1309e-16
5236.00   1.0907e-18
5238.00   3.3224e-18
5240.00   1.0273e-18
5242.00   4.0136e-20
5244.00   4.5971e-19
5246.00   2.6276e-20
5248.00   3.9191e-20
5250.00   3.6040e-19
5252.00   1.1356e-18
5254.00   3.1222e-16
5256.00   4.4612e-17
5258.00   1.1496e-18
5260.00   4.2347e-19
5262.00   1.8194e-15
5264.00   6.0920e-17
5266.00   9.4261e-23
5268.00   2.9264e-16
5270.00   2.0596e-19
5272.00   5.6553e-17
5274.00   9.6067e-16
5276.00   1.0886e-15
5278.00   1.0592e-17
5280.00   1.8436e-18
5282.00   8.9381e-20
5284.00   5.1886e-16
5286.00   1.0998e-19
5288.00   4.6866e-20
5290.00   6.6969e-20
5292.00   6.4363e-19
5294.00   2.6366e-19
5296.00   1.1650e-16
5298.00   1.4033e-18
5300.00   2.1263e-19
5302.00   1.2008e-20
5304.00   1.9753e-18
5306.00   1.1684e-20
5308.00   6.7860e-20
5310.00   1.5368e-19
5312.00   1.8851e-20
5314.00   1.6555e-18
5316.00   1.7944e-15
5318.00   2.0769e-20
5320.00   5.4893e-19
5322.00   4.6939e-19
5324.00   3.0881e-18
5326.00   4.3042e-16
5328.00   2.5539e-20
5330.00   1.2448e-19
5332.00   1.8775e-19
5334.00   8.2499e-16
5336.00   3.7289e-19
5338.00   1.7294e-17
5340.00   3.3068e-19
5342.00   9.5396e-20
5344.00   1.5026e-19
5346.00   1.5497e-17
5348.00   8.9929e-17
5350.00   4.4706e-20
5352.00   1.6789e-19
5354.00   1.7939e-19
5356.00   6.4538e-20
5358.00   3.0423e-18
5360.00   8.9692e-19
5362.00   2.2585e-16
5364.00   1.2479e-18
5366.00   3.3715e-19
5368.00   8.9329e-20
5370.00   3.8587e-19
5372.00   8.9771e-21
5374.00   1.3098e-22
5376.00   8.8009e-16
5378.00   1.1846e-19
5380.00   6.3055e-19
5382.00   1.1881e-18
5384.00   4.3748e-18
5386.00   6.3786e-20
5388.00   1.8557e-18
5390.00   2.5988e-20
5392.00   8.7805e-21
5394.00   2.5031e-18
5396.00   5.6300e-19
5398.00   1.9606e-20
5400.00   1.4256e-20
5402.00   1.3804e-19
5404.00   3.8500e-20
5406.00   5.8649e-20
5408.00   1.6173e-18
5410.00   9.9053e-19
5412.00   1.0386e-16
5414.00   2.4506e-17
5416.00   1.0352e-19
5418.00   3.0715e-20
5420.00   2.7918e-19
5422.00   2.9369e-19
5424.00   1.7897e-19
5426.00   5.1249e-16
5428.00   4.2132e-17
5430.00   1.8327e-21
5432.00   7.1289e-18
5434.00   2.8957e-16
5436.00   4.7180e-19
5438.00   1.9355e-18
5440.00   3.7958e-18
5442.00   8.9702e-20
5444.00   2.5406e-19
5446.00   5.4800e-18
5448.00   4.5009e-21
5450.00   1.2589e-17
5452.00   9.1167e-19
5454.00   1.5206e-19
5456.00   2.3909e-20
5458.00   6.5855e-20
5460.00   4.5935e-20
5462.00   5.5591e-25
5464.00   2.2143e-22
5466.00   9.1488e-18
5468.00   1.6821e-18
5470.00   3.3134e-19
5472.00   2.3000e-20
5474.00   6.9963e-21
5476.00   1.5397e-21
5478.00   4.5493e-17
5480.00   2.5209e-20
5482.00   2.2463e-19
5484.00   1.3866e-19
5486.00   1.5304e-18
5488.00   1.0533e-18
5490.00   1.1067e-20
5492.00   1.1423e-21
5494.00   2.7464e-23
5496.00   5.3795e-17
5498.00   2.8858e-18
5500.00   1.6900e-18
5502.00   1.0825e-18
5504.00   6.2414e-19
5506.00   7.9925e-19
5508.00   5.9574e-19
5510.00   1.7434e-18
5512.00   1.8765e-19
5514.00   2.1973e-19
5516.00   1.8407e-21
5518.00   3.4194e-19
5520.00   1.0879e-18
5522.00   1.0430e-19
5524.00   5.6946e-20
5526.00   2.6250e-18
5528.00   1.9961e-16
5530.00   3.7238e-17
5532.00   4.6283e-18
5534.00   5.1041e-17
5536.00   2.3044e-20
5538.00   1.0670e-18
5540.00   2.0357e-19
5542.00   3.6692e-19
5544.00   7.4116e-18
5546.00   2.7179e-18
5548.00   7.6004e-20
5550.00   5.8146e-20
5552.00   8.2155e-17
5554.00   1.6363e-19
5556.00   6.0720e-17
5558.00   1.2478e-20
5560.00   1.2027e-19
5562.00   4.6988e-20
5564.00   6.6986e-21
5566.00   3.3807e-18
5568.00   2.7712e-17
5570.00   1.7355e-19
5572.00   2.1491e-19
5574.00   5.9622e-19
5576.00   1.2182e-22
5578.00   7.3932e-20
5580.00   6.8110e-17
5582.00   2.2343e-18
5584.00   1.2407e-21
5586.00   3.9034e-18
5588.00   6.2129e-17
5590.00   3.5542e-21
5592.00   1.3198e-18
5594.00   1.6802e-22
5596.00   1.0193e-18
5598.00   2.0042e-20
5600.00   1.1950e-19
5602.00   4.3476e-20
5604.00   4.5875e-21
5606.00   4.8638e-21
5608.00   1.1558e-18
5610.00   3.8691e-20
5612.00   8.1340e-19
5614.00   4.9695e-17
5616.00   2.0358e-19
5618.00   4.8137e-19
5620.00   1.0147e-19
5622.00   8.8784e-20
5624.00   1.1812e-17
5626.00   2.8087e-18
5628.00   6.2198e-17
5630.00   1.1370e-18
5632.00   5.0845e-19
5634.00   7.6687e-20
5636.00   8.6899e-20
5638.00   4.8155e-19
5640.00   6.7418e-20
5642.00   1.0428e-21
5644.00   1.1180e-17
5646.00   5.4747e-22
5648.00   9.1849e-18
5650.00   6.0435e-17
5652.00   3.7334e-18
5654.00   2.0657e-17
5656.00   6.7726e-18
5658.00   3.1145e-17
5660.00   3.7758e-19
5662.00   1.3272e-18
5664.00   1.3494e-18
5666.00   1.0648e-17
5668.00   6.9017e-20
5670.00   2.9020e-17
5672.00   9.1573e-22
5674.00   9.2868e-17
5676.00   5.3008e-19
5678.00   1.9112e-19
5680.00   1.8737e-18
5682.00   1.8224e-19
5684.00   4.2697e-19
5686.00   9.5958e-23
5688.00   6.4397e-22
5690.00   7.4157e-17
5692.00   2.6571e-18
5694.00   3.3099e-22
5696.00   2.2238e-19
5698.00   4.4933e-24
5700.00   1.4457e-18
5702.00   3.9445e-20
5704.00   3.4983e-19
5706.00   1.0667e-19
5708.00   5.3801e-19
5710.00   3.5871e-20
5712.00   4.9168e-18
5714.00   1.4287e-20
5716.00   1.9538e-18
5718.00   3.6698e-17
5720.00   5.9816e-22
5722.00   4.4752e-18
5724.00   1.7641e-19
5726.00   2.2333e-17
5728.00   8.6081e-20
5730.00   5.5900e-19
5732.00   8.3477e-18
5734.00   1.2190e-18
5736.00   1.0372e-22
5738.00   2.0546e-18
5740.00   3.8146e-21
5742.00   9.2374e-19
5744.00   1.8555e-18
5746.00   6.2428e-17
5748.00   9.4848e-19
5750.00   1.9088e-18
5752.00   3.1063e-20
5754.00   5.4255e-18
5756.00   8.8617e-18
5758.00   3.4578e-19
5760.00   4.3672e-19
5762.00   4.9242e-19
5764.00   1.5503e-21
5766.00   2.0412e-18
5768.00   2.8301e-18
5770.00   1.7333e-20
5772.00   7.4713e-21
5774.00   1.0010e-19
5776.00   1.8140e-18
5778.00   3.0687e-19
5780.00   2.6387e-18
5782.00   7.5940e-18
5784.00   5.0021e-19
5786.00   5.2780e-21
5788.00   1.7071e-19
5790.00   1.5325e-19
5792.00   1.4133e-19
5794.00   6.3442e-20
5796.00   4.6358e-18
5798.00   2.4492e-17
5800.00   2.5991e-20
5802.00   1.3347e-18
5804.00   3.8480e-19
5806.00   1.3760e-20
5808.00   5.6076e-19
5810.00   3.6154e-19
5812.00   4.4319e-19
5814.00   2.5197e-17
5816.00   1.7128e-21
5818.00   8.5476e-21
5820.00   2.3509e-25
5822.00   8.3242e-20
5824.00   2.5458e-18
5826.00   2.4743e-18
5828.00   1.1170e-21
5830.00   7.1026e-18
5832.00   5.6904e-19
5834.00   8.2753e-19
5836.00   1.1923e-16
5838.00   1.0499e-21
5840.00   6.3439e-21
5842.00   8.1982e-18
5844.00   2.1474e-18
5846.00   3.4611e-22
5848.00   1.2528e-17
5850.00   1.0027e-19
5852.00   5.0033e-20
5854.00   2.1498e-18
5856.00   1.2737e-19
5858.00   1.3673e-18
5860.00   3.7820e-18
5862.00   1.4208e-18
5864.00   1.6974e-18
5866.00   6.9075e-21
5868.00   2.5301e-19
5870.00   1.0916e-16
5872.00   1.4868e-21
5874.00   5.2288e-20
5876.00   1.8907e-20
5878.00   1.3991e-20
5880.00   1.1941e-17
5882.00   5.8792e-21
5884.00   9.7722e-21
5886.00   1.3236e-19
5888.00   1.4105e-20
5890.00   2.7311e-22
5892.00   5.0212e-18
5894.00   9.8335e-21
5896.00   2.1189e-19
5898.00   5.5436e-19
5900.00   3.1907e-21
5902.00   1.2013e-17
5904.00   1.6127e-19
5906.00   1.0050e-19
5908.00   3.2993e-19
5910.00   1.2502e-18
5912.00   2.7308e-19
5914.00   6.1757e-17
5916.00   1.4506e-21
5918.00   3.2327e-21
5920.00   9.3412e-20
5922.00   4.5138e-18
5924.00   1.6967e-18
5926.00   2.3456e-19
5928.00   6.2404e-22
5930.00   1.7687e-18
5932.00   3.7893e-18
5934.00   1.8542e-21
5936.00   1.1162e-22
5938.00   6.7268e-20
5940.00   6.4593e-20
5942.00   1.3346e-20
5944.00   1.7685e-19
5946.00   6.9866e-19
5948.00   3.2889e-20
5950.00   2.4838e-20
5952.00   1.9388e-17
5954.00   6.0721e-22
5956.00   5.6748e-18
5958.00   1.5360e-21
5960.00   7.5524e-22
5962.00   7.5299e-18
5964.00   6.2067e-21
5966.00   1.3845e-22
5968.00   3.0500e-18
5970.00   6.9501e-20
5972.00   4.3713e-19
5974.00   6.0265e-20
5976.00   7.6087e-21
5978.00   2.2330e-21
5980.00   2.3584e-21
5982.00   1.2435e-17
5984.00   5.6764e-19
5986.00   5.4152e-19
5988.00   2.2766e-20
5990.00   1.1583e-19
5992.00   6.7229e-17
5994.00   6.4929e-19
5996.00   6.2477e-20
5998.00   9.4435e-20
6000.00   2.5963e-20
6002.00   1.5570e-19
6004.00   2.1070e-17
6006.00   4.3996e-19
6008.00   5.1841e-21
6010.00   3.9938e-22
6012.00   8.8995e-22
6014.00   1.8748e-19
6016.00   3.9267e-18
6018.00   6.4801e-18
6020.00   1.1540e-21
6022.00   1.9542e-18
6024.00   7.5716e-20
6026.00   3.9132e-22
6028.00   8.9259e-20
6030.00   7.7592e-21
6032.00   6.6740e-19
6034.00   9.0241e-19
6036.00   1.5895e-19
6038.00   3.8849e-20
6040.00   1.9661e-18
6042.00   7.2837e-21
6044.00   9.0202e-17
6046.00   9.8540e-18
6048.00   6.2361e-19
6050.00   8.1247e-18
6052.00   2.6439e-19
6054.00   1.1126e-20
6056.00   1.2700e-23
6058.00   1.5355e-19
6060.00   3.4789e-17
6062.00   4.6160e-21
6064.00   5.5830e-19
6066.00   8.9272e-25
6068.00   3.1385e-19
6070.00   1.7240e-18
6072.00   7.4823e-20
6074.00   3.7118e-20
6076.00   7.8591e-19
6078.00   3.0550e-17
6080.00   3.9456e-19
6082.00   6.9992e-22
6084.00   1.3550e-17
6086.00   7.1342e-20
6088.00   5.2361e-18
6090.00   4.4702e-23
6092.00   3.7201e-20
6094.00   9.5281e-19
6096.00   6.7772e-20
6098.00   2.3838e-19
6100.00   1.8307e-19
6102.00   5.9129e-24
6104.00   1.3411e-17
6106.00   1.3877e-19
6108.00   1.5785e-19
6110.00   2.8995e-25
6112.00   2.7036e-21
6114.00   1.4310e-17
6116.00   3.9972e-18
6118.00   1.0186e-18
6120.00   2.0571e-18
6122.00   1.5682e-18
6124.00   2.9798e-23
6126.00   1.4417e-20
6128.00   4.0624e-26
6130.00   8.2132e-18
6132.00   2.8816e-21
6134.00   5.4094e-19
6136.00   1.4063e-20
6138.00   7.2134e-21
6140.00   9.1732e-23
6142.00   1.8871e-18
6144.00   7.7482e-22
6146.00   3.6538e-20
6148.00   1.2983e-16
6150.00   1.2907e-16
6152.00   2.2174e-19
6154.00   3.4398e-18
6156.00   1.1998e-18
6158.00   1.6715e-18
6160.00   1.5340e-18
6162.00   3.3499e-22
6164.00   1.3620e-18
6166.00   1.6036e-19
6168.00   1.9185e-19
6170.00   7.2450e-21
6172.00   1.5797e-17
6174.00   8.0117e-21
6176.00   1.9403e-17
6178.00   8.3201e-20
6180.00   1.6310e-17
6182.00   3.7182e-22
6184.00   3.8982e-18
6186.00   2.1853e-17
6188.00   6.7057e-17
6190.00   7.2351e-20
6192.00   1.0631e-20
6194.00   2.9388e-22
6196.00   4.9561e-19
6198.00   5.7002e-19
6200.00   1.1400e-17
6202.00   1.5721e-19
6204.00   3.6881e-19
6206.00   3.1017e-22
6208.00   2.3186e-21
6210.00   2.3872e-21
6212.00   1.5735e-25
6214.00   2.2418e-19
6216.00   6.9428e-21
6218.00   1.6180e-19
6220.00   8.7353e-19
6222.00   2.3936e-19
6224.00   2.7176e-22
6226.00   6.6543e-26
6228.00   5.7198e-20
6230.00   4.2873e-18
6232.00   3.8878e-18
6234.00   1.3031e-17
6236.00   3.0118e-20
6238.00   1.8483e-16
6240.00   4.5530e-17
6242.00   4.1712e-21
6244.00   2.2365e-19
6246.00   7.5462e-21
6248.00   2.8501e-16
6250.00   2.0143e-24
6252.00   1.0366e-21
6254.00   1.6975e-20
6256.00   3.7506e-19
6258.00   3.2659e-20
6260.00   2.0584e-19
6262.00   1.0134e-17
6264.00   6.1230e-18
6266.00   3.6371e-21
6268.00   5.3689e-21
6270.00   2.3559e-19
6272.00   1.3051e-19
6274.00   1.5795e-18
6276.00   3.3992e-18
6278.00   3.4935e-22
6280.00   5.9770e-18
6282.00   7.3985e-21
6284.00   2.9279e-22
6286.00   1.7475e-23
6288.00   2.0116e-20
6290.00   4.4126e-18
6292.00   4.9142e-20
6294.00   6.1569e-20
6296.00   1.0206e-21
6298.00   5.0451e-20
6300.00   2.0257e-20
6302.00   2.3738e-18
6304.00   4.6853e-19
6306.00   2.1445e-17
6308.00   2.2730e-18
6310.00   9.0860e-19
6312.00   7.1276e-23
6314.00   2.9344e-21
6316.00   1.1209e-19
6318.00   1.1505e-16
6320.00   3.8956e-18
6322.00   8.2170e-19
6324.00   1.4706e-23
6326.00   8.5752e-19
6328.00   2.6688e-19
6330.00   5.2676e-19
6332.00   9.9653e-18
6334.00   1.1058e-23
6336.00   1.5284e-20
6338.00   6.8122e-18
6340.00   2.3128e-19
6342.00   1.2283e-20
6344.00   1.8812e-21
6346.00   2.4247e-18
6348.00   1.9388e-17
6350.00   1.6441e-18
6352.00   5.2541e-25
6354.00   3.9592e-17
6356.00   5.1808e-20
6358.00   9.2198e-21
6360.00   2.7864e-19
6362.00   5.4451e-19
6364.00   1.6837e-20
6366.00   1.2815e-20
6368.00   5.9234e-26
6370.00   2.1708e-17
6372.00   1.9440e-17
6374.00   5.4537e-21
6376.00   7.8831e-23
6378.00   4.4262e-19
6380.00   7.5373e-19
6382.00   2.8101e-20
6384.00   6.7913e-17
6386.00   1.7189e-17
6388.00   2.9594e-19
6390.00   7.6777e-21
6392.00   1.8052e-19
6394.00   8.3021e-20
6396.00   5.8790e-18
6398.00   6.1799e-19
6400.00   8.8440e-20
6402.00   3.0240e-18
6404.00   7.4360e-18
6406.00   3.8911e-20
6408.00   3.8648e-17
6410.00   1.4395e-18
6412.00   5.4923e-21
6414.00   7.8940e-25
6416.00   2.4028e-16
6418.00   8.6151e-20
6420.00   1.6239e-20
6422.00   9.1829e-21
6424.00   3.9399e-20
6426.00   2.1215e-22
6428.00   6.2830e-19
6430.00   3.6707e-22
6432.00   7.4444e-17
6434.00   1.4490e-18
6436.00   4.9023e-20
6438.00   6.8718e-22
6440.00   2.5558e-17
6442.00   6.2363e-18
6444.00   6.2717e-20
6446.00   1.3922e-17
6448.00   2.6767e-24
6450.00   5.5087e-21
6452.00   2.2857e-20
6454.00   2.5219e-19
6456.00   5.1121e-16
6458.00   1.7360e-22
6460.00   9.1764e-22
6462.00   3.0533e-21
6464.00   4.6721e-24
6466.00   1.0851e-17
6468.00   5.1195e-19
6470.00   2.5869e-23
6472.00   1.9460e-19
6474.00   5.1050e-17
6476.00   2.5252e-24
6478.00   4.3726e-26
6480.00   2.4886e-19
6482.00   2.2250e-17
6484.00   1.1121e-19
6486.00   1.7563e-17
6488.00   1.2658e-18
6490.00   4.9523e-22
6492.00   2.2832e-17
6494.00   3.3576e-17
6496.00   1.6410e-21
6498.00   3.6100e-22
6500.00   8.8493e-22
6502.00   7.6930e-23
6504.00   2.9439e-21
6506.00   4.4112e-18
6508.00   1.5377e-17
6510.00   1.4637e-19
6512.00   3.2979e-18
6514.00   7.5545e-20
6516.00   1.3997e-16
6518.00   1.2266e-17
6520.00   1.4016e-20
6522.00   9.5203e-21
6524.00   1.0535e-20
6526.00   2.1224e-23
6528.00   2.8399e-18
6530.00   5.0904e-19
6532.00   1.4439e-17
6534.00   3.8629e-19
6536.00   2.6775e-21
6538.00   6.0117e-20
6540.00   1.5815e-20
6542.00   5.1679e-21
6544.00   3.0444e-18
6546.00   3.7143e-26
6548.00   3.3657e-20
6550.00   1.0012e-19
6552.00   3.4075e-20
6554.00   1.4618e-20
6556.00   3.9598e-20
6558.00   1.5531e-17
6560.00   3.3451e-18
6562.00   1.4940e-17
6564.00   2.0754e-22
6566.00   5.1216e-19
6568.00   1.3045e-23
6570.00   3.1294e-19
6572.00   1.7570e-17
6574.00   1.4907e-17
6576.00   9.7523e-25
6578.00   3.9456e-20
6580.00   3.0747e-20
6582.00   2.5712e-18
6584.00   1.7280e-18
6586.00   1.5950e-17
6588.00   1.4010e-18
6590.00   1.6520e-23
6592.00   3.3387e-20
6594.00   5.6891e-19
6596.00   1.3159e-18
6598.00   1.8139e-18
6600.00   5.8951e-20
6602.00   2.8832e-19
6604.00   2.2117e-20
6606.00   1.7952e-19
6608.00   7.6201e-21
6610.00   4.3643e-18
6612.00   7.6677e-18
6614.00   3.7433e-18
6616.00   7.1526e-21
6618.00   8.8056e-18
6620.00   1.2347e-24
6622.00   5.3179e-21
6624.00   1.9079e-17
6626.00   4.6220e-20
6628.00   3.3938e-18
6630.00   2.2119e-26
6632.00   1.2716e-19
6634.00   8.3883e-22
6636.00   1.1857e-24
6638.00   7.6188e-21
6640.00   5.5956e-20
6642.00   5.3259e-20
6644.00   9.6653e-21
6646.00   2.8028e-26
6648.00   1.2690e-23
6650.00   5.0006e-18
6652.00   3.9096e-17
6654.00   2.9452e-20
6656.00   1.5697e-19
6658.00   4.8637e-18
6660.00   5.3152e-20
6662.00   8.6956e-20
6664.00   1.8513e-22
6666.00   6.1325e-18
6668.00   8.1106e-20
6670.00   7.2911e-20
6672.00   1.2743e-18
6674.00   2.3698e-20
6676.00   5.1160e-22
6678.00   4.2933e-18
6680.00   1.5784e-19
6682.00   8.6100e-18
6684.00   7.5944e-22
6686.00   1.1657e-19
6688.00   2.1863e-19
6690.00   1.4601e-17
6692.00   1.2464e-19
6694.00   3.8912e-18
6696.00   1.6232e-24
6698.00   1.6066e-19
6700.00   1.2491e-17
6702.00   4.1700e-20
6704.00   9.2547e-19
6706.00   5.2002e-19
6708.00   1.0420e-23
6710.00   1.1631e-19
6712.00   8.1696e-22
6714.00   2.4218e-20
6716.00   8.7483e-23
6718.00   2.8292e-22
6720.00   1.7682e-20
6722.00   3.5298e-23
6724.00   1.1236e-19
6726.00   1.3376e-22
6728.00   6.4963e-26
6730.00   8.0393e-18
6732.00   4.3721e-19
6734.00   2.4786e-22
6736.00   5.3090e-21
6738.00   2.0794e-25
6740.00   2.2218e-25
6742.00   1.2232e-20
6744.00   7.8903e-20
6746.00   3.5684e-18
6748.00   4.0802e-21
6750.00   7.4630e-19
6752.00   1.2422e-23
6754.00   3.9285e-20
6756.00   2.7838e-22
6758.00   4.1778e-20
6760.00   2.9708e-19
6762.00   5.3114e-21
6764.00   6.6253e-20
6766.00   4.7431e-20
6768.00   3.9772e-18
6770.00   1.5790e-20
6772.00   1.1658e-20
6774.00   4.9988e-22
6776.00   4.6347e-18
6778.00   5.5852e-22
6780.00   1.8571e-20
6782.00   1.6751e-21
6784.00   5.8637e-23
6786.00   1.2579e-20
6788.00   3.2997e-19
6790.00   3.6009e-21
6792.00   3.3886e-19
6794.00   2.3062e-20
6796.00   5.5733e-19
6798.00   5.2565e-21
6800.00   1.0450e-18
6802.00   4.8559e-20
6804.00   1.2866e-19
6806.00   1.3189e-22
6808.00   3.6440e-27
6810.00   6.4258e-18
6812.00   1.7574e-20
6814.00   3.4978e-20
6816.00   6.6494e-19
6818.00   7.1129e-22
6820.00   6.2701e-18
6822.00   4.3072e-18
6824.00   1.6876e-20
6826.00   5.4700e-19
6828.00   1.1004e-19
6830.00   1.0104e-18
6832.00   4.2561e-18
6834.00   3.8820e-21
6836.00   1.8666e-24
6838.00   4.5379e-19
6840.00   2.3601e-20
6842.00   5.2213e-24
6844.00   6.2069e-20
6846.00   2.0377e-21
6848.00   5.8010e-20
6850.00   1.8949e-21
6852.00   2.5832e-21
6854.00   4.7997e-25
6856.00   1.2251e-17
6858.00   7.6871e-20
6860.00   2.4457e-20
6862.00   9.2614e-18
6864.00   3.9785e-19
6866.00   2.0014e-18
6868.00   1.9467e-21
6870.00   2.6287e-18
6872.00   7.4029e-18
6874.00   7.2884e-17
6876.00   3.4582e-20
6878.00   1.0835e-18
6880.00   4.5908e-25
6882.00   2.2615e-19
6884.00   1.2062e-21
6886.00   1.7507e-20
6888.00   2.4875e-21
6890.00   1.0567e-18
6892.00   7.5230e-20
6894.00   5.3966e-23
6896.00   8.2008e-18
6898.00   7.8394e-27
6900.00   2.4625e-26
6902.00   6.3216e-21
6904.00   2.5597e-25
6906.00   1.9454e-18
6908.00   3.6637e-18
6910.00   1.2716e-21
6912.00   4.9810e-18
6914.00   2.9422e-18
6916.00   2.6256e-21
6918.00   3.5401e-20
6920.00   6.9991e-26
6922.00   1.7542e-19
6924.00   3.9251e-18
6926.00   1.8776e-18
6928.00   4.7132e-21
6930.00   1.2425e-18
6932.00   2.2291e-19
6934.00   7.4258e-19
6936.00   5.6759e-21
6938.00   9.2944e-22
6940.00   3.6110e-19
6942.00   3.4715e-17
6944.00   3.1215e-17
6946.00   4.5738e-19
6948.00   1.1276e-18
6950.00   1.5555e-18
6952.00   2.6244e-22
6954.00   5.9910e-24
6956.00   6.3233e-24
6958.00   2.1640e-19
6960.00   1.1975e-19
6962.00   3.7199e-20
6964.00   2.6615e-19
6966.00   4.6442e-18
6968.00   4.9713e-22
6970.00   3.9698e-21
6972.00   3.3718e-21
6974.00   3.0240e-20
6976.00   1.1818e-21
6978.00   9.1514e-19
6980.00   3.6502e-22
6982.00   2.3993e-21
6984.00   1.5986e-20
6986.00   4.6903e-20
6988.00   4.0442e-21
6990.00   3.6399e-21
6992.00   9.5379e-20
6994.00   1.8124e-18
6996.00   1.4799e-18
6998.00   1.0933e-22
7000.00   6.0434e-19
7002.00   2.0840e-21
7004.00   1.4243e-21
7006.00   3.2700e-22
7008.00   6.1938e-20
7010.00   1.3169e-18
7012.00   2.4084e-18
7014.00   9.7150e-21
7016.00   7.6691e-19
7018.00   1.3685e-18
7020.00   1.4962e-22
7022.00   1.7487e-19
7024.00   9.8948e-22
7026.00   4.9778e-22
7028.00   4.7779e-24
7030.00   2.8446e-18
7032.00   3.2928e-19
7034.00   6.7545e-20
7036.00   8.5729e-21
7038.00   1.1514e-19
7040.00   1.7767e-20
7042.00   1.0507e-20
7044.00   5.4710e-23
7046.00   1.9556e-20
7048.00   1.3381e-17
7050.00   1.6576e-26
7052.00   4.0245e-23
7054.00   2.0788e-18
7056.00   1.1570e-23
7058.00   1.4720e-19
7060.00   7.6664e-19
7062.00   3.4236e-24
7064.00   1.5039e-18
7066.00   6.1045e-21
7068.00   1.2247e-18
7070.00   1.0912e-21
7072.00   2.0822e-25
7074.00   2.3203e-21
7076.00   6.3514e-19
7078.00   2.2399e-21
7080.00   2.9465e-21
7082.00   1.5023e-20
7084.00   2.3724e-20
7086.00   4.2176e-25
7088.00   4.7303e-19
7090.00   1.1711e-19
7092.00   4.0585e-20
7094.00   8.4735e-20
7096.00   7.5742e-23
7098.00   4.1998e-19
7100.00   1.7080e-22
7102.00   1.4068e-22
7104.00   5.8211e-19
7106.00   1.0144e-20
7108.00   9.3873e-22
7110.00   1.6006e-17
7112.00   2.6368e-19
7114.00   1.1115e-18
7116.00   5.5697e-20
7118.00   5.4667e-19
7120.00   4.1671e-23
7122.00   5.5208e-25
7124.00   9.8581e-20
7126.00   2.2755e-22
7128.00   2.2318e-19
7130.00   5.5231e-19
7132.00   8.0473e-18
7134.00   2.3168e-20
7136.00   5.6389e-18
7138.00   2.4566e-20
7140.00   3.0150e-19
7142.00   1.3847e-23
7144.00   1.7147e-24
7146.00   8.8329e-20
7148.00   1.4199e-19
7150.00   3.0054e-20
7152.00   1.1429e-19
7154.00   1.1123e-23
7156.00   3.1154e-16
7158.00   4.0479e-20
7160.00   4.4218e-24
7162.00   6.7947e-19
7164.00   8.7990e-19
7166.00   1.1997e-20
7168.00   6.2811e-19
7170.00   4.3271e-19
7172.00   8.6773e-17
7174.00   4.4781e-20
7176.00   3.1510e-25
7178.00   2.6239e-20
7180.00   1.1750e-17
7182.00   1.9074e-18
7184.00   8.8241e-18
7186.00   3.1164e-18
7188.00   4.1369e-25
7190.00   1.0294e-21
7192.00   6.7022e-18
7194.00   6.1674e-18
7196.00   6.8620e-22
7198.00   3.4503e-21
7200.00   8.0764e-20
7202.00   3.0731e-18
7204.00   5.9545e-18
7206.00   4.1730e-19
7208.00   1.1362e-23
7210.00   1.7514e-22
7212.00   1.7727e-18
7214.00   5.8453e-19
7216.00   6.8003e-19
7218.00   3.5507e-20
7220.00   1.1159e-27
7222.00   3.1950e-17
7224.00   3.5332e-17
7226.00   1.5149e-18
7228.00   2.1042e-21
7230.00   2.7473e-20
7232.00   4.9318e-22
7234.00   1.0853e-20
7236.00   2.3633e-22
7238.00   4.7263e-20
7240.00   2.4043e-20
7242.00   2.1593e-21
7244.00   2.5945e-19
7246.00   5.9887e-20
7248.00   3.2947e-19
7250.00   3.3862e-19
7252.00   1.1986e-24
7254.00   3.1947e-18
7256.00   8.6881e-27
7258.00   4.5206e-24
7260.00   6.6532e-21
7262.00   2.1003e-19
7264.00   6.6707e-18
7266.00   1.2298e-18
7268.00   1.3826e-18
7270.00   1.0242e-20
7272.00   1.1266e-26
7274.00   5.1489e-19
7276.00   4.7658e-19
7278.00   2.9454e-18
7280.00   1.5869e-18
7282.00   4.1864e-18
7284.00   8.1721e-23
7286.00   2.4323e-19
7288.00   7.0431e-18
7290.00   5.5572e-18
7292.00   1.6513e-23
7294.00   3.1460e-20
7296.00   5.9396e-21
7298.00   1.3528e-20
7300.00   2.6962e-20
7302.00   3.7724e-17
7304.00   2.9975e-19
7306.00   4.4210e-19
7308.00   5.1312e-17
7310.00   3.5245e-17
7312.00   1.3708e-21
7314.00   2.7251e-21
7316.00   3.1776e-20
7318.00   5.9119e-19
7320.00   4.0393e-17
7322.00   7.8935e-19
7324.00   6.6264e-21
7326.00   5.5331e-23
7328.00   6.1691e-19
7330.00   8.7287e-19
7332.00   9.3624e-20
7334.00   3.4218e-18
7336.00   2.4509e-17
7338.00   6.3376e-24
7340.00   1.1435e-28
7342.00   3.9023e-21
7344.00   3.0911e-23
7346.00   2.5049e-22
7348.00   1.4825e-26
7350.00   2.4069e-19
7352.00   8.3767e-18
7354.00   6.7450e-20
7356.00   6.4389e-22
7358.00   3.7476e-18
7360.00   6.7006e-21
7362.00   4.4671e-20
7364.00   3.1751e-23
7366.00   6.2682e-20
7368.00   1.6651e-21
7370.00   2.6933e-18
7372.00   2.2527e-22
7374.00   2.5412e-22
7376.00   3.1920e-25
7378.00   2.2380e-21
7380.00   1.3395e-20
7382.00   1.5070e-19
7384.00   4.6123e-23
7386.00   2.2391e-20
7388.00   6.3900e-17
7390.00   1.8855e-19
7392.00   4.8442e-24
7394.00   1.1454e-21
7396.00   8.4265e-23
7398.00   2.0058e-20
7400.00   4.1276e-18
7402.00   3.2860e-18
7404.00   3.6732e-26
7406.00   8.9216e-20
7408.00   9.3192e-21
7410.00   1.3224e-17
7412.00   4.1951e-21
7414.00   2.4733e-19
7416.00   9.7387e-21
7418.00   2.4333e-18
7420.00   3.1954e-18
7422.00   4.6610e-20
7424.00   2.4102e-19
7426.00   2.0717e-18
7428.00   3.0841e-20
7430.00   2.2792e-18
7432.00   2.7855e-19
7434.00   2.5793e-20
7436.00   3.6220e-19
7438.00   6.9788e-20
7440.00   7.2016e-21
7442.00   4.6171e-19
7444.00   1.9225e-26
7446.00   1.0165e-17
7448.00   7.8430e-25
7450.00   4.9351e-17
7452.00   9.6321e-17
7454.00   1.9040e-18
7456.00   9.6313e-20
7458.00   1.8130e-23
7460.00   3.2475e-23
7462.00   9.0395e-17
7464.00   2.4868e-21
7466.00   3.0414e-18
7468.00   3.4900e-25
7470.00   7.1247e-22
7472.00   1.5374e-20
7474.00   9.0098e-23
7476.00   1.3233e-21
7478.00   2.3954e-24
7480.00   2.0643e-18
7482.00   1.5720e-18
7484.00   5.9710e-26
7486.00   3.1247e-20
7488.00   5.1599e-19
7490.00   2.0718e-22
7492.00   1.8662e-20
7494.00   4.8725e-23
7496.00   8.0552e-22
7498.00   7.6040e-20
7500.00   5.6623e-19
7502.00   5.8474e-19
7504.00   1.1682e-18
7506.00   1.2293e-19
7508.00   6.3500e-22
7510.00   1.1774e-20
7512.00   2.9300e-25
7514.00   4.9558e-20
7516.00   4.6641e-17
7518.00   5.5109e-20
7520.00   1.6334e-17
7522.00   1.7370e-21
7524.00   8.9289e-20
7526.00   6.6601e-20
7528.00   3.3067e-22
7530.00   4.2360e-22
7532.00   1.1672e-19
7534.00   6.4822e-17
7536.00   2.8353e-23
7538.00   2.0791e-22
7540.00   7.0316e-19
7542.00   1.4044e-20
7544.00   2.3635e-19
7546.00   3.5013e-26
7548.00   4.7846e-20
7550.00   9.9570e-22
7552.00   1.1464e-19
7554.00   2.7855e-19
7556.00   1.4122e-21
7558.00   1.5767e-21
7560.00   5.9091e-20
7562.00   2.3139e-20
7564.00   8.7356e-20
7566.00   3.1616e-20
7568.00   5.0223e-19
7570.00   2.4202e-21
7572.00   5.3880e-22
7574.00   7.0888e-27
7576.00   7.1014e-19
7578.00   5.2000e-25
7580.00   1.2447e-17
7582.00   1.5970e-19
7584.00   3.0222e-18
7586.00   4.8280e-21
7588.00   4.0173e-21
7590.00   5.4659e-26
7592.00   1.7816e-21
7594.00   4.4671e-21
7596.00   1.4107e-19
7598.00   6.7986e-20
7600.00   5.3607e-20
7602.00   1.1036e-20
7604.00   3.0121e-21
7606.00   6.4529e-20
7608.00   1.9496e-23
7610.00   8.5558e-20
7612.00   8.7351e-26
7614.00   2.7775e-18
7616.00   6.6550e-19
7618.00   5.4629e-18
7620.00   3.8736e-19
7622.00   3.9141e-19
7624.00   1.2358e-22
7626.00   3.8333e-23
7628.00   1.7919e-26
7630.00   2.8218e-20
7632.00   1.3791e-21
7634.00   8.6848e-20
7636.00   1.1223e-22
7638.00   8.7902e-18
7640.00   2.0909e-20
7642.00   7.1832e-20
7644.00   8.2297e-21
7646.00   4.4659e-19
7648.00   7.1503e-18
7650.00   3.2800e-21
7652.00   1.9784e-22
7654.00   2.6896e-18
7656.00   4.9894e-17
7658.00   1.1912e-17
7660.00   4.0722e-18
7662.00   1.8074e-24
7664.00   2.1389e-22
7666.00   3.6354e-18
7668.00   6.8980e-22
7670.00   2.5923e-23
7672.00   3.3511e-18
7674.00   1.0902e-19
7676.00   3.7188e-19
7678.00   6.8523e-21
7680.00   3.5823e-25
7682.00   1.3750e-24
7684.00   6.0004e-23
7686.00   2.6678e-17
7688.00   5.3607e-20
7690.00   4.5286e-19
7692.00   2.2378e-20
7694.00   4.1499e-19
7696.00   5.1141e-21
7698.00   3.1600e-18
7700.00   5.7259e-19
7702.00   4.2225e-20
7704.00   1.4005e-24
7706.00   2.0477e-20
7708.00   4.1286e-20
7710.00   1.4219e-18
7712.00   1.8050e-16
7714.00   3.5167e-20
7716.00   2.7522e-20
7718.00   4.9199e-24
7720.00   8.2344e-18
7722.00   3.2654e-25
7724.00   3.2672e-20
7726.00   1.5525e-22
7728.00   2.2069e-22
7730.00   2.3481e-20
7732.00   6.7106e-20
7734.00   1.2576e-18
7736.00   1.6324e-23
7738.00   1.3377e-17
7740.00   1.4251e-18
7742.00   5.3634e-19
7744.00   3.7165e-23
7746.00   4.9341e-21
7748.00   2.0365e-20
7750.00   4.6626e-25
7752.00   2.2868e-22
7754.00   1.0696e-23
7756.00   4.9822e-22
7758.00   7.8153e-19
7760.00   3.2368e-23
7762.00   3.1778e-20
7764.00   9.1202e-18
7766.00   7.3468e-20
7768.00   3.6079e-24
7770.00   1.5261e-27
7772.00   4.8952e-23
7774.00   2.8372e-19
7776.00   9.4917e-24
7778.00   7.3996e-19
7780.00   1.0434e-22
7782.00   2.1226e-22
7784.00   3.9978e-19
7786.00   5.3987e-23
7788.00   2.3785e-20
7790.00   4.3160e-21
7792.00   1.3317e-19
7794.00   2.9855e-20
7796.00   4.5742e-26
7798.00   3.0454e-18
7800.00   1.9453e-25
7802.00   4.8179e-18
7804.00   1.8606e-19
7806.00   1.0889e-17
7808.00   7.9971e-19
7810.00   1.1980e-22
7812.00   2.0252e-21
7814.00   2.9388e-17
7816.00   2.1827e-19
7818.00   2.5878e-19
7820.00   8.7800e-20
7822.00   3.1397e-23
7824.00   2.6579e-20
7826.00   2.0039e-20
7828.00   9.3510e-24
7830.00   1.8813e-18
7832.00   4.2386e-18
7834.00   1.5547e-19
7836.00   3.3314e-18
7838.00   1.1717e-19
7840.00   2.3651e-18
7842.00   1.0165e-17
7844.00   1.3556e-19
7846.00   2.6207e-20
7848.00   5.9325e-19
7850.00   7.1037e-26
7852.00   7.5112e-20
7854.00   7.9963e-22
7856.00   5.3207e-21
7858.00   4.5043e-25
7860.00   4.0700e-20
7862.00   5.4417e-20
7864.00   7.7261e-23
7866.00   3.4138e-17
7868.00   8.7735e-22
7870.00   8.6019e-21
7872.00   7.2597e-19
7874.00   7.5761e-19
7876.00   5.9575e-24
7878.00   5.8073e-23
7880.00   8.6136e-23
7882.00   4.8884e-19
7884.00   1.0380e-22
7886.00   4.7388e-19
7888.00   3.3928e-22
7890.00   9.3415e-23
7892.00   9.3553e-19
7894.00   3.0665e-18
7896.00   1.3540e-18
7898.00   2.0067e-17
7900.00   3.8952e-19
7902.00   1.6307e-23
7904.00   1.4311e-20
7906.00   2.2074e-20
7908.00   6.5870e-24
7910.00   1.3302e-25
7912.00   5.4638e-21
7914.00   5.5821e-18
7916.00   2.0499e-21
7918.00   4.1925e-17
7920.00   3.2716e-27
7922.00   4.5760e-19
7924.00   5.0382e-26
7926.00   3.8901e-19
7928.00   4.7661e-22
7930.00   1.7865e-19
7932.00   5.1270e-21
7934.00   2.7610e-19
7936.00   1.6536e-23
7938.00   6.7066e-19
7940.00   5.6908e-21
7942.00   1.5217e-20
7944.00   5.7678e-27
7946.00   4.2887e-20
7948.00   1.0445e-18
7950.00   4.7392e-22
7952.00   4.9219e-19
7954.00   6.0347e-19
7956.00   1.5858e-19
7958.00   7.8563e-20
7960.00   4.4680e-27
7962.00   2.2848e-24
7964.00   1.9264e-25
7966.00   6.5828e-21
7968.00   2.8303e-19
7970.00   1.2198e-18
7972.00   7.9208e-23
7974.00   1.8074e-19
7976.00   4.7948e-17
7978.00   7.7650e-20
7980.00   2.5733e-20
7982.00   1.2782e-17
7984.00   1.3044e-20
7986.00   2.0401e-20
7988.00   1.5562e-20
7990.00   2.9054e-22
7992.00   4.9478e-23
7994.00   1.5530e-19
7996.00   2.5526e-18
7998.00   4.8420e-19
8000.00   1.2918e-20
8002.00   3.4669e-22
8004.00   1.2750e-21
8006.00   8.7632e-22
8008.00   1.4705e-18
8010.00   7.6573e-21
8012.00   2.0136e-18
8014.00   2.2501e-19
8016.00   5.9020e-20
8018.00   5.0104e-19
8020.00   4.8518e-23
8022.00   1.6323e-19
8024.00   1.0931e-19
8026.00   1.4091e-22
8028.00   6.9254e-21
8030.00   1.1978e-17
8032.00   9.1693e-19
8034.00   4.5272e-23
8036.00   8.2022e-20
8038.00   3.4606e-18
8040.00   2.2022e-22
8042.00   9.9360e-19
8044.00   1.2658e-19
8046.00   1.1031e-26
8048.00   6.3125e-21
8050.00   1.3189e-20
8052.00   1.2589e-20
8054.00   1.5634e-17
8056.00   4.8277e-26
8058.00   4.0279e-23
8060.00   9.3329e-18
8062.00   1.4102e-20
8064.00   2.9296e-18
8066.00   8.2550e-24
8068.00   5.3315e-20
8070.00   2.0520e-19
8072.00   5.2811e-25
8074.00   3.6127e-18
8076.00   6.1040e-18
8078.00   3.1781e-19
8080.00   1.1819e-18
8082.00   2.0712e-25
8084.00   1.0627e-17
8086.00   9.8486e-19
8088.00   3.3627e-23
8090.00   2.2845e-20
8092.00   7.4479e-19
8094.00   2.6250e-20
8096.00   1.8965e-18
8098.00   1.2588e-20
8100.00   3.0810e-27
8102.00   4.2042e-22
8104.00   9.9431e-19
8106.00   3.0747e-20
8108.00   1.1567e-18
8110.00   3.4053e-23
8112.00   2.7927e-21
8114.00   3.0529e-20
8116.00   4.6329e-26
8118.00   1.3886e-19
8120.00   3.3769e-18
8122.00   2.7629e-19
8124.00   2.3028e-19
8126.00   4.2530e-21
8128.00   5.8857e-20
8130.00   8.8400e-20
8132.00   5.9531e-20
8134.00   2.2662e-23
8136.00   1.1023e-17
8138.00   3.3789e-25
8140.00   3.2959e-21
8142.00   4.4005e-20
8144.00   1.6062e-20
8146.00   4.6693e-20
8148.00   8.4980e-19
8150.00   1.0329e-22
8152.00   2.3812e-19
8154.00   7.7051e-22
8156.00   2.1244e-21
8158.00   2.7839e-19
8160.00   1.1822e-18
8162.00   1.3611e-24
8164.00   3.6096e-19
8166.00   4.1488e-25
8168.00   1.5322e-18
8170.00   2.7154e-23
8172.00   1.1615e-19
8174.00   5.0699e-19
8176.00   2.9457e-27
8178.00   6.4428e-21
8180.00   1.2155e-24
8182.00   2.2040e-21
8184.00   2.9609e-21
8186.00   6.1928e-20
8188.00   1.0477e-23
8190.00   7.9150e-19
8192.00   1.0890e-19
8194.00   3.8781e-21
8196.00   4.3103e-23
8198.00   2.6994e-18
8200.00   2.8321e-21
8202.00   2.4218e-19
8204.00   5.9428e-19
8206.00   1.2823e-19
8208.00   1.9117e-17
8210.00   6.2965e-18
8212.00   3.9994e-18
8214.00   9.2695e-22
8216.00   2.4107e-19
8218.00   2.5418e-20
8220.00   3.5436e-21
8222.00   2.7893e-18
8224.00   3.7319e-24
8226.00   2.9516e-23
8228.00   6.3443e-17
8230.00   1.0307e-21
8232.00   5.8419e-22
8234.00   7.7334e-19
8236.00   4.3247e-25
8238.00   1.6642e-18
8240.00   7.6229e-21
8242.00   4.0104e-19
8244.00   3.2592e-25
8246.00   5.5488e-19
8248.00   1.2570e-18
8250.00   8.5545e-18
8252.00   2.0446e-19
8254.00   1.2266e-20
8256.00   4.6952e-20
8258.00   1.0961e-19
8260.00   2.6625e-17
8262.00   2.1135e-20
8264.00   8.4764e-18
8266.00   2.8255e-21
8268.00   1.0666e-23
8270.00   1.1080e-21
8272.00   6.0317e-21
8274.00   7.7536e-19
8276.00   1.7306e-18
8278.00   8.3190e-20
8280.00   5.3570e-22
8282.00   2.1228e-19
8284.00   1.9135e-18
8286.00   4.0777e-22
8288.00   3.4281e-17
8290.00   3.4207e-18
8292.00   2.7630e-23
8294.00   9.0013e-19
8296.00   6.5784e-20
8298.00   2.5306e-20
8300.00   1.6088e-18
8302.00   3.1395e-18
8304.00   5.4809e-20
8306.00   1.2791e-17
8308.00   3.6616e-20
8310.00   3.9643e-18
8312.00   2.2546e-21
8314.00   1.0068e-19
8316.00   1.2532e-20
8318.00   2.4123e-25
8320.00   6.2493e-21
8322.00   1.0896e-18
8324.00   2.2938e-19
8326.00   8.5284e-27
8328.00   1.9190e-22
8330.00   2.8013e-19
8332.00   9.1694e-22
8334.00   5.0450e-20
8336.00   2.7120e-22
8338.00   9.3097e-19
8340.00   1.2732e-19
8342.00   1.2495e-20
8344.00   3.1528e-19
8346.00   1.5834e-20
8348.00   1.4435e-20
8350.00   2.2900e-23
8352.00   2.3791e-19
8354.00   1.9822e-21
8356.00   4.7240e-20
8358.00   1.3520e-17
8360.00   1.8148e-21
8362.00   6.6367e-26
8364.00   1.7989e-23
8366.00   5.9334e-19
8368.00   4.9276e-18
8370.00   3.9572e-24
8372.00   6.4443e-19
8374.00   2.5716e-20
8376.00   4.6232e-19
8378.00   3.8187e-19
8380.00   5.4603e-26
8382.00   1.3255e-18
8384.00   5.7658e-27
8386.00   3.2450e-18
8388.00   1.3533e-18
8390.00   3.9406e-20
8392.00   1.7295e-19
8394.00   1.7620e-25
8396.00   6.6737e-19
8398.00   1.2938e-17
8400.00   1.6799e-22
8402.00   1.0206e-22
8404.00   1.7319e-17
8406.00   6.1496e-20
8408.00   2.9469e-19
8410.00   2.0083e-21
8412.00   1.2138e-18
8414.00   2.4367e-19
8416.00   2.3926e-19
8418.00   6.0559e-24
8420.00   1.9128e-18
8422.00   2.5079e-21
8424.00   1.0827e-17
8426.00   8.1897e-27
8428.00   1.9378e-21
8430.00   1.2471e-21
8432.00   9.8888e-20
8434.00   6.5656e-20
8436.00   1.3332e-19
8438.00   6.8061e-20
8440.00   8.5045e-21
8442.00   4.3630e-25
8444.00   6.0468e-18
8446.00   1.2843e-20
8448.00   1.3406e-22
8450.00   3.0899e-22
8452.00   9.4719e-19
8454.00   8.4992e-19
8456.00   1.0798e-23
8458.00   3.0115e-20
8460.00   3.4107e-23
8462.00   1.3661e-24
8464.00   2.2565e-21
8466.00   2.4448e-19
8468.00   4.7777e-18
8470.00   1.1833e-17
8472.00   2.6434e-19
8474.00   3.7438e-19
8476.00   8.9642e-21
8478.00   7.9674e-21
8480.00   6.1687e-19
8482.00   5.6611e-20
8484.00   2.2069e-19
8486.00   2.4130e-18
8488.00   8.4284e-24
8490.00   2.4849e-17
8492.00   2.4855e-19
8494.00   4.9928e-22
8496.00   1.4941e-19
8498.00   1.5562e-20
8500.00   1.3606e-17
8502.00   3.9005e-24
8504.00   1.4853e-18
8506.00   7.0529e-20
8508.00   5.6917e-18
8510.00   5.7811e-25
8512.00   2.5051e-21
8514.00   1.6959e-19
8516.00   8.5181e-23
8518.00   3.2488e-18
8520.00   2.0150e-25
8522.00   4.8917e-22
8524.00   8.0388e-19
8526.00   1.8382e-21
8528.00   4.7168e-19
8530.00   6.7626e-21
8532.00   1.3397e-20
8534.00   2.3452e-23
8536.00   6.2066e-22
8538.00   6.1879e-23
8540.00   1.9799e-22
8542.00   1.0083e-24
8544.00   1.8298e-20
8546.00   4.8601e-18
8548.00   3.2298e-19
8550.00   1.3964e-18
8552.00   1.9481e-21
8554.00   1.7738e-18
8556.00   3.3402e-19
8558.00   1.9866e-19
8560.00   5.7940e-28
8562.00   5.0271e-25
8564.00   1.3562e-19
8566.00   2.5509e-21
8568.00   7.2921e-21
8570.00   2.1880e-20
8572.00   6.8455e-20
8574.00   6.2796e-18
8576.00   1.4343e-19
8578.00   2.6275e-21
8580.00   4.2963e-20
8582.00   7.0983e-20
8584.00   4.5826e-22
8586.00   1.3043e-22
8588.00   1.8837e-24
8590.00   2.9003e-20
8592.00   1.0272e-21
8594.00   6.5098e-20
8596.00   6.0501e-17
8598.00   4.5419e-21
8600.00   5.8026e-18
8602.00   3.4073e-20
8604.00   1.1238e-19
8606.00   7.8280e-19
8608.00   1.5201e-25
8610.00   1.0796e-24
8612.00   5.0809e-19
8614.00   1.5320e-25
8616.00   2.9026e-17
8618.00   9.5051e-23
8620.00   1.7566e-21
8622.00   1.7462e-21
8624.00   1.0728e-22
8626.00   3.4769e-19
8628.00   4.5930e-19
8630.00   5.9289e-20
8632.00   1.0305e-23
8634.00   3.3900e-20
8636.00   4.5788e-20
8638.00   1.0215e-22
8640.00   4.8860e-22
8642.00   3.6480e-18
8644.00   5.4153e-23
8646.00   2.3222e-24
8648.00   2.3271e-24
8650.00   4.4669e-19
8652.00   2.5232e-24
8654.00   6.2154e-19
8656.00   2.5682e-20
8658.00   9.7773e-26
8660.00   7.8987e-22
8662.00   2.2629e-22
8664.00   1.7918e-19
8666.00   1.1575e-21
8668.00   9.6306e-21
8670.00   5.9978e-21
8672.00   5.8492e-18
8674.00   4.1841e-24
8676.00   3.1458e-19
8678.00   1.0779e-18
8680.00   2.1156e-26
8682.00   3.8932e-25
8684.00   5.4373e-18
8686.00   1.7282e-24
8688.00   1.1947e-22
8690.00   1.9679e-19
8692.00   1.4822e-22
8694.00   6.0468e-22
8696.00   4.5172e-18
8698.00   1.0048e-26
8700.00   6.7540e-22
8702.00   2.4781e-22
8704.00   9.8803e-20
8706.00   1.1682e-18
8708.00   1.7827e-18
8710.00   2.4442e-26
8712.00   5.3970e-26
8714.00   7.8033e-20
8716.00   1.3174e-17
8718.00   1.4213e-21
8720.00   1.3728e-19
8722.00   4.7187e-17
8724.00   5.0536e-23
8726.00   3.3777e-26
8728.00   8.4569e-23
8730.00   2.6706e-24
8732.00   5.4440e-20
8734.00   2.2479e-18
8736.00   1.9217e-20
8738.00   6.1062e-27
8740.00   8.7300e-19
8742.00   3.5009e-24
8744.00   5.1962e-20
8746.00   4.4209e-20
8748.00   4.3569e-20
8750.00   5.7494e-19
8752.00   1.7856e-19
8754.00   6.0604e-21
8756.00   3.0600e-19
8758.00   6.2325e-19
8760.00   1.3998e-21
8762.00   8.1545e-19
8764.00   5.8699e-21
8766.00   5.7710e-23
8768.00   9.9830e-27
8770.00   6.1181e-25
8772.00   6.7291e-23
8774.00   2.1163e-23
8776.00   2.6728e-19
8778.00   3.5991e-25
8780.00   3.0324e-25
8782.00   3.5638e-22
8784.00   6.7994e-23
8786.00   1.5498e-26
8788.00   3.1370e-22
8790.00   9.0838e-23
8792.00   7.5855e-22
8794.00   3.2731e-19
8796.00   4.9290e-21
8798.00   8.2579e-22
8800.00   6.9258e-26
8802.00   3.7466e-28
8804.00   7.1013e-22
8806.00   9.3173e-18
8808.00   8.8502e-23
8810.00   8.7756e-19
8812.00   1.8835e-21
8814.00   9.4812e-21
8816.00   3.5808e-16
8818.00   8.1644e-22
8820.00   7.5784e-20
8822.00   8.4997e-25
8824.00   3.1574e-18
8826.00   1.1437e-18
8828.00   4.8118e-17
8830.00   9.1813e-23
8832.00   1.6866e-25
8834.00   6.5595e-22
8836.00   5.6263e-23
8838.00   5.2284e-20
8840.00   2.2968e-24
8842.00   6.6623e-21
8844.00   7.6981e-21
8846.00   7.9854e-21
8848.00   1.3129e-18
8850.00   8.0556e-21
8852.00   4.1396e-19
8854.00   1.2623e-20
8856.00   1.3912e-22
8858.00   5.6743e-21
8860.00   3.1781e-18
8862.00   9.0278e-20
8864.00   6.1921e-21
8866.00   4.3315e-28
8868.00   1.5568e-17
8870.00   2.0181e-19
8872.00   8.4464e-28
8874.00   1.8198e-17
8876.00   2.5752e-20
8878.00   8.1397e-25
8880.00   4.3094e-25
8882.00   4.7632e-21
8884.00   2.1847e-20
8886.00   6.3481e-18
8888.00   3.4433e-26
8890.00   3.7853e-19
8892.00   1.7173e-17
8894.00   1.4257e-23
8896.00   6.9310e-22
8898.00   8.2745e-19
8900.00   2.7670e-24
8902.00   1.5206e-20
8904.00   6.6624e-24
8906.00   1.1968e-22
8908.00   2.2891e-21
8910.00   2.6025e-23
8912.00   3.6309e-19
8914.00   2.6809e-25
8916.00   3.6928e-24
8918.00   1.9985e-21
8920.00   1.4086e-17
8922.00   1.1602e-19
8924.00   3.2930e-21
8926.00   1.2331e-16
8928.00   7.2183e-22
8930.00   2.2280e-26
8932.00   1.1458e-19
8934.00   3.8104e-20
8936.00   4.3105e-27
8938.00   2.3377e-16
8940.00   5.7050e-22
8942.00   3.8309e-24
8944.00   5.7086e-20
8946.00   9.5408e-19
8948.00   2.6159e-23
8950.00   7.7481e-20
8952.00   1.2079e-23
8954.00   9.0430e-27
8956.00   3.4508e-17
8958.00   4.8426e-24
8960.00   1.2856e-19
8962.00   1.7445e-22
8964.00   1.6639e-24
8966.00   7.4383e-20
8968.00   1.7351e-20
8970.00   7.9478e-21
8972.00   1.8753e-21
8974.00   1.2528e-26
8976.00   4.5597e-21
8978.00   3.0751e-28
8980.00   1.3488e-22
8982.00   1.6338e-18
8984.00   4.7690e-25
8986.00   5.2276e-21
8988.00   7.5643e-21
8990.00   3.1135e-18
8992.00   6.2171e-24
8994.00   4.7668e-21
8996.00   1.3174e-24
8998.00   9.3565e-26
9000.00   9.5896e-20
9002.00   3.7448e-21
9004.00   2.3129e-26
9006.00   5.7212e-18
9008.00   3.8139e-27
9010.00   2.8092e-21
9012.00   4.0295e-24
9014.00   7.7103e-18
9016.00   1.7302e-25
9018.00   3.6485e-26
9020.00   8.1033e-20
9022.00   4.2445e-25
9024.00   2.3317e-20
9026.00   9.1267e-20
9028.00   5.0283e-19
9030.00   7.2030e-20
9032.00   6.2001e-23
9034.00   6.6095e-18
9036.00   9.4625e-19
9038.00   2.9703e-19
9040.00   1.1237e-26
9042.00   2.5057e-21
9044.00   6.3922e-23
9046.00   3.9136e-27
9048.00   1.6317e-19
9050.00   5.7455e-20
9052.00   3.9066e-17
9054.00   1.7492e-25
9056.00   1.4391e-19
9058.00   2.7906e-19
9060.00   1.8809e-20
9062.00   1.6034e-16
9064.00   4.1675e-23
9066.00   5.5413e-20
9068.00   9.1494e-24
9070.00   8.3829e-17
9072.00   6.5273e-22
9074.00   9.1586e-20
9076.00   2.2554e-17
9078.00   1.2892e-16
9080.00   8.0534e-19
9082.00   3.4215e-20
9084.00   3.1547e-18
9086.00   3.0676e-24
9088.00   1.5213e-21
9090.00   1.0674e-18
9092.00   4.8648e-23
9094.00   1.9014e-26
9096.00   8.5847e-18
9098.00   1.9036e-21
9100.00   2.7543e-21
9102.00   2.8599e-22
9104.00   9.0542e-20
9106.00   4.1766e-20
9108.00   1.4623e-27
9110.00   1.4845e-21
9112.00   1.5573e-19
9114.00   2.8796e-20
9116.00   6.7256e-18
9118.00   4.8688e-21
9120.00   9.5290e-27
9122.00   2.7411e-16
9124.00   1.0280e-26
9126.00   4.6537e-19
9128.00   7.3733e-22
9130.00   1.4647e-19
9132.00   4.1692e-19
9134.00   2.2455e-18
9136.00   4.6475e-21
9138.00   7.6744e-20
9140.00   1.4583e-24
9142.00   6.9690e-23
9144.00   6.6333e-24
9146.00   2.8008e-21
9148.00   2.3448e-25
9150.00   3.0858e-23
9152.00   2.4162e-22
9154.00   3.0551e-20
9156.00   1.1203e-17
9158.00   2.8202e-26
9160.00   5.6843e-23
9162.00   5.8440e-27
9164.00   4.3159e-20
9166.00   1.0136e-24
9168.00   5.7252e-19
9170.00   1.1962e-20
9172.00   1.0287e-17
9174.00   6.8888e-26
9176.00   1.6067e-16
9178.00   1.0335e-16
9180.00   5.5874e-18
9182.00   2.9189e-20
9184.00   2.2379e-21
9186.00   1.5899e-26
9188.00   1.1054e-17
9190.00   1.9413e-22
9192.00   1.2151e-19
9194.00   1.0081e-19
9196.00   3.6508e-17
9198.00   9.0010e-23
9200.00   1.4199e-19
9202.00   4.1980e-18
9204.00   1.4111e-16
9206.00   1.4182e-24
9208.00   2.0490e-25
9210.00   6.1796e-17
9212.00   9.6206e-20
9214.00   6.2049e-19
9216.00   1.2727e-20
9218.00   2.4918e-25
9220.00   7.7317e-22
9222.00   4.2248e-20
9224.00   1.0010e-21
9226.00   1.8666e-17
9228.00   4.4648e-20
9230.00   2.1306e-25
9232.00   7.4262e-18
9234.00   1.5404e-20
9236.00   1.9614e-26
9238.00   5.3511e-19
9240.00   8.9795e-22
9242.00   7.8538e-19
9244.00   2.2653e-20
9246.00   2.3433e-21
9248.00   7.0303e-20
9250.00   4.6574e-21
9252.00   7.9031e-18
9254.00   5.7368e-22
9256.00   6.7956e-26
9258.00   3.4909e-18
9260.00   2.6594e-24
9262.00   3.5569e-29
9264.00   4.1806e-20
9266.00   1.0442e-23
9268.00   1.2993e-17
9270.00   1.3201e-22
9272.00   8.8206e-18
9274.00   4.4330e-19
9276.00   4.4855e-27
9278.00   1.3170e-24
9280.00   1.9167e-28
9282.00   8.4592e-20
9284.00   1.0007e-20
9286.00   3.0332e-19
9288.00   1.2353e-24
9290.00   1.6559e-18
9292.00   4.4914e-27
9294.00   1.2019e-22
9296.00   4.5588e-17
9298.00   5.6511e-19
9300.00   2.7902e-22
9302.00   8.9255e-28
9304.00   1.7079e-17
9306.00   1.7243e-20
9308.00   2.3723e-22
9310.00   1.1841e-21
9312.00   2.7608e-23
9314.00   3.7192e-24
9316.00   6.2780e-18
9318.00   8.2478e-24
9320.00   4.2525e-19
9322.00   2.0836e-19
9324.00   4.9602e-18
9326.00   2.6939e-17
9328.00   6.1842e-18
9330.00   5.8495e-20
9332.00   9.9630e-28
9334.00   3.7062e-24
9336.00   6.0266e-21
9338.00   1.0884e-21
9340.00   6.2499e-24
9342.00   9.5855e-18
9344.00   1.4804e-28
9346.00   1.8639e-22
9348.00   1.4483e-19
9350.00   6.7426e-19
9352.00   4.7830e-18
9354.00   2.3927e-27
9356.00   2.4330e-19
9358.00   5.7124e-19
9360.00   7.9818e-25
9362.00   2.2177e-21
9364.00   5.3784e-25
9366.00   3.4610e-21
9368.00   1.7433e-17
9370.00   2.4927e-26
9372.00   3.5093e-20
9374.00   4.0465e-20
9376.00   5.3575e-18
9378.00   3.6640e-22
9380.00   8.1689e-22
9382.00   1.7250e-18
9384.00   2.2060e-18
9386.00   5.2310e-21
9388.00   1.7558e-17
9390.00   2.9143e-22
9392.00   4.0578e-20
9394.00   3.7198e-21
9396.00   1.8782e-28
9398.00   7.8326e-27
9400.00   1.4059e-17
9402.00   2.5936e-24
9404.00   6.9453e-20
9406.00   3.2032e-21
9408.00   5.3259e-18
9410.00   1.0928e-18
9412.00   6.5835e-21
9414.00   2.8726e-20
9416.00   9.2294e-25
9418.00   7.8001e-18
9420.00   6.6868e-22
9422.00   2.9210e-22
9424.00   6.4085e-22
9426.00   1.5617e-20
9428.00   1.3569e-15
9430.00   2.1278e-21
9432.00   8.1211e-19
9434.00   1.1456e-28
9436.00   2.1994e-18
9438.00   6.9513e-20
9440.00   9.9774e-21
9442.00   4.5601e-20
9444.00   3.6698e-25
9446.00   2.4242e-19
9448.00   2.7238e-21
9450.00   1.3307e-26
9452.00   1.4504e-20
9454.00   6.5807e-26
9456.00   1.6760e-20
9458.00   1.7398e-21
9460.00   1.2626e-22
9462.00   1.1450e-22
9464.00   5.2955e-18
9466.00   2.0696e-18
9468.00   1.3256e-19
9470.00   8.5458e-18
9472.00   8.0313e-22
9474.00   1.2779e-16
9476.00   3.8842e-21
9478.00   6.1859e-21
9480.00   3.0021e-26
9482.00   7.1229e-19
9484.00   5.4713e-24
9486.00   9.1813e-21
9488.00   9.0770e-25
9490.00   5.1373e-19
9492.00   2.5538e-20
9494.00   5.7954e-28
9496.00   3.0376e-20
9498.00   1.7923e-17
9500.00   2.1112e-20
9502.00   4.1385e-27
9504.00   1.3221e-21
9506.00   3.3182e-27
9508.00   6.1110e-22
9510.00   4.1006e-16
9512.00   1.7614e-26
9514.00   1.2069e-17
9516.00   1.1315e-24
9518.00   1.2573e-19
9520.00   3.9055e-20
9522.00   1.7329e-23
9524.00   1.4031e-19
9526.00   5.1590e-18
9528.00   8.5442e-18
9530.00   1.1635e-23
9532.00   4.7185e-18
9534.00   7.2068e-18
9536.00   2.0213e-19
9538.00   3.1113e-25
9540.00   3.3355e-21
9542.00   3.8574e-20
9544.00   1.0864e-26
9546.00   4.1300e-20
9548.00   1.0101e-20
9550.00   8.4601e-18
9552.00   4.0863e-19
9554.00   1.4448e-22
9556.00   2.0170e-16
9558.00   1.0381e-19
9560.00   9.6066e-17
9562.00   5.1681e-27
9564.00   2.6323e-20
9566.00   1.7995e-19
9568.00   9.2590e-20
9570.00   1.3317e-18
9572.00   4.9090e-17
9574.00   1.0738e-20
9576.00   4.0191e-27
9578.00   1.3700e-21
9580.00   2.0757e-20
9582.00   2.0034e-21
9584.00   9.4456e-27
9586.00   3.9508e-22
9588.00   5.9742e-25
9590.00   3.7990e-18
9592.00   1.7273e-20
9594.00   2.4688e-23
9596.00   5.4356e-19
9598.00   9.0744e-20
9600.00   4.8629e-23
9602.00   1.8310e-21
9604.00   8.7665e-28
9606.00   8.6655e-19
9608.00   1.3818e-20
9610.00   1.3134e-21
9612.00   1.0409e-22
9614.00   2.3502e-17
9616.00   4.2994e-27
9618.00   9.3307e-18
9620.00   4.1138e-24
9622.00   4.9343e-26
9624.00   8.9649e-27
9626.00   3.9435e-27
9628.00   1.4580e-26
9630.00   2.1827e-20
9632.00   1.3403e-20
9634.00   2.7554e-18
9636.00   9.1492e-25
9638.00   3.7594e-20
9640.00   4.0604e-21
9642.00   2.4885e-21
9644.00   1.3788e-26
9646.00   6.8482e-21
9648.00   1.8409e-24
9650.00   5.1183e-24
9652.00   1.9550e-18
9654.00   1.1492e-28
9656.00   2.8199e-18
9658.00   2.0498e-24
9660.00   2.4669e-23
9662.00   4.9947e-18
9664.00   7.2147e-20
9666.00   1.0048e-26
9668.00   3.3722e-23
9670.00   7.3579e-19
9672.00   6.7115e-19
9674.00   2.0346e-22
9676.00   1.1839e-19
9678.00   7.0500e-22
9680.00   1.2860e-17
9682.00   2.5589e-17
9684.00   2.7289e-21
9686.00   2.0278e-22
9688.00   3.0037e-27
9690.00   1.5703e-24
9692.00   1.7693e-25
9694.00   1.2022e-26
9696.00   4.3391e-20
9698.00   7.4498e-24
9700.00   1.9467e-21
9702.00   1.3242e-26
9704.00   9.3127e-21
9706.00   3.9789e-24
9708.00   3.6593e-25
9710.00   2.9723e-26
9712.00   5.2814e-19
9714.00   4.9798e-20
9716.00   2.9326e-26
9718.00   1.5948e-19
9720.00   1.2947e-24
9722.00   1.6888e-20
9724.00   4.5524e-21
9726.00   1.9193e-25
9728.00   1.8041e-23
9730.00   3.3028e-20
9732.00   6.3655e-19
9734.00   2.1813e-21
9736.00   3.6704e-20
9738.00   5.8057e-20
9740.00   8.8153e-23
9742.00   1.9609e-19
9744.00   2.8935e-19
9746.00   6.0840e-19
9748.00   3.6825e-20
9750.00   8.5326e-20
9752.00   2.4905e-25
9754.00   1.1196e-22
9756.00   5.4294e-19
9758.00   3.4671e-28
9760.00   2.7216e-24
9762.00   2.1775e-26
9764.00   2.7168e-19
9766.00   4.8447e-19
9768.00   8.9114e-22
9770.00   6.4184e-23
9772.00   1.2312e-22
9774.00   4.9467e-25
9776.00   2.0211e-26
9778.00   7.7587e-25
9780.00   1.7487e-21
9782.00   4.6834e-20
9784.00   1.0139e-28
9786.00   3.8804e-25
9788.00   7.6167e-19
9790.00   1.2028e-20
9792.00   4.6258e-25
9794.00   1.8441e-23
9796.00   1.0902e-18
9798.00   4.7547e-21
9800.00   1.7817e-20
9802.00   5.6313e-26
9804.00   8.2922e-21
9806.00   9.6928e-20
9808.00   2.8605e-20
9810.00   5.2243e-22
9812.00   2.9397e-17
9814.00   1.0833e-23
9816.00   1.3139e-19
9818.00   3.6119e-25
9820.00   2.2687e-23
9822.00   7.8741e-24
9824.00   8.6414e-24
9826.00   1.4095e-19
9828.00   5.4849e-21
9830.00   1.2177e-22
9832.00   4.0514e-30
9834.00   3.8222e-28
9836.00   7.2644e-27
9838.00   9.7894e-21
9840.00   1.0794e-27
9842.00   9.8949e-21
9844.00   5.3453e-18
9846.00   3.7752e-23
9848.00   1.8017e-19
9850.00   3.5319e-18
9852.00   2.3851e-25
9854.00   2.2974e-24
9856.00   5.7723e-26
9858.00   4.2099e-22
9860.00   2.7938e-22
9862.00   1.1885e-19
9864.00   2.7262e-23
9866.00   1.9817e-25
9868.00   2.1123e-18
9870.00   1.3545e-23
9872.00   2.1970e-21
9874.00   1.0680e-20
9876.00   5.4381e-21
9878.00   1.2195e-25
9880.00   9.7118e-18
9882.00   1.4500e-17
9884.00   3.2145e-23
9886.00   1.7604e-25
9888.00   1.5788e-24
9890.00   1.6430e-26
9892.00   4.3217e-23
9894.00   1.8349e-17
9896.00   6.8950e-19
9898.00   6.6551e-21
9900.00   1.4039e-19
9902.00   1.0193e-23
9904.00   4.3083e-19
9906.00   7.3987e-20
9908.00   1.8839e-19
9910.00   3.0970e-17
9912.00   2.0599e-17
9914.00   2.0815e-25
9916.00   4.9910e-23
9918.00   5.8696e-22
9920.00   2.7327e-19
9922.00   4.0596e-21
9924.00   1.8716e-20
9926.00   3.7689e-21
9928.00   2.6693e-27
9930.00   5.3685e-27
9932.00   7.6794e-21
9934.00   1.7780e-22
9936.00   1.2214e-21
9938.00   4.3993e-20
9940.00   1.3581e-22
9942.00   2.2111e-21
9944.00   3.3073e-21
9946.00   1.9573e-18
9948.00   6.1278e-25
9950.00   1.1435e-17
9952.00   3.9143e-26
9954.00   2.9810e-20
9956.00   5.0353e-17
9958.00   7.0616e-20
9960.00   2.6250e-25
9962.00   3.2987e-21
9964.00   5.6190e-27
9966.00   2.5370e-27
9968.00   9.6948e-23
9970.00   1.5292e-20
9972.00   5.0714e-22
9974.00   3.0907e-28
9976.00   8.0736e-19
9978.00   8.7559e-21
9980.00   1.1805e-25
9982.00   2.5721e-20
9984.00   1.9756e-20
9986.00   2.4552e-23
9988.00   1.5272e-28
9990.00   1.7883e-23
9992.00   1.8127e-20
9994.00   7.2760e-21
9996.00   2.9687e-21
9998.00   5.1301e-16
10000.00   3.2736e-25
