1000.00   3.0245e-16
1002.00   2.5877e-16
1004.00   3.8578e-16
1006.00   2.5110e-16
1008.00   1.0087e-16
1010.00   1.5569e-16
1012.00   6.6751e-17
1014.00   1.9893e-16
1016.00   1.0779e-16
1018.00   1.2213e-16
1020.00   1.6260e-16
1022.00   1.7051e-16
1024.00   4.1865e-17
1026.00   1.0321e-17
1028.00   1.3599e-16
1030.00   6.0018e-16
1032.00   1.9335e-15
1034.00   5.8168e-16
1036.00   1.0985e-15
1038.00   1.0500e-16
1040.00   8.1812e-17
1042.00   2.7426e-16
1044.00   1.5942e-16
1046.00   3.1009e-16
1048.00   3.7001e-17
1050.00   1.5424e-16
1052.00   1.3673e-16
1054.00   2.7614e-16
1056.00   6.4392e-16
1058.00   4.5263e-16
1060.00   7.0247e-16
1062.00   1.1296e-15
1064.00   1.6401e-15
1066.00   5.5919e-16
1068.00   1.5571e-15
1070.00   7.6664e-16
1072.00   1.1299e-15
1074.00   3.3897e-15
1076.00   2.7749e-15
1078.00   8.3623e-16
1080.00   2.7255e-16
1082.00   6.4086e-16
1084.00   8.1726e-16
1086.00   5.8943e-16
1088.00   9.0923e-16
1090.00   1.1184e-15
1092.00   8.0351e-16
1094.00   1.4729e-15
1096.00   1.0992e-15
1098.00   1.4473e-15
1100.00   1.8858e-15
1102.00   8.4608e-16
1104.00   1.1429e-15
1106.00   2.4284e-15
1108.00   1.7126e-15
1110.00   1.3745e-15
1112.00   2.3449e-15
1114.00   4.6912e-15
1116.00   1.7880e-15
1118.00   2.6352e-16
1120.00   3.3069e-16
1122.00   1.1345e-15
1124.00   1.0240e-15
1126.00   2.1764e-15
1128.00   1.8685e-15
1130.00   1.1071e-15
1132.00   1.8491e-15
1134.00   2.6164e-15
1136.00   4.5257e-15
1138.00   1.3297e-15
1140.00   1.2221e-15
1142.00   1.4165e-15
1144.00   5.4428e-15
1146.00   3.1742e-15
1148.00   5.4435e-15
1150.00   3.0858e-15
1152.00   2.1989e-15
1154.00   2.9050e-15
1156.00   1.0683e-15
1158.00   2.2733e-15
1160.00   3.1015e-15
1162.00   1.5702e-15
1164.00   1.2272e-15
1166.00   2.4087e-15
1168.00   1.4886e-15
1170.00   2.7022e-15
1172.00   2.3247e-15
1174.00   2.7351e-15
1176.00   2.2600e-15
1178.00   8.5471e-16
1180.00   5.8713e-16
1182.00   1.2729e-15
1184.00   1.7485e-15
1186.00   1.1502e-15
1188.00   2.4976e-15
1190.00   7.5910e-16
1192.00   2.5725e-15
1194.00   1.1628e-15
1196.00   1.3499e-15
1198.00   1.2958e-14
1200.00   1.2684e-14
1202.00   4.7794e-15
1204.00   1.0659e-15
1206.00   8.6412e-16
1208.00   3.3428e-15
1210.00   6.1469e-15
1212.00   4.9966e-15
1214.00   1.1059e-15
1216.00   1.1024e-15
1218.00   2.3671e-15
1220.00   1.0920e-14
1222.00   3.2092e-16
1224.00   5.8855e-16
1226.00   3.8215e-16
1228.00   7.5266e-16
1230.00   1.7336e-16
1232.00   9.4934e-16
1234.00   9.3991e-16
1236.00   5.9469e-16
1238.00   1.0983e-15
1240.00   1.0213e-15
1242.00   1.4041e-15
1244.00   7.4250e-16
1246.00   4.9420e-16
1248.00   6.8988e-16
1250.00   3.4336e-16
1252.00   8.8793e-16
1254.00   6.0079e-16
1256.00   1.1136e-15
1258.00   3.9828e-15
1260.00   1.0907e-15
1262.00   1.8915e-15
1264.00   1.2119e-14
1266.00   3.4581e-14
1268.00   7.5668e-16
1270.00   1.6421e-15
1272.00   4.4461e-15
1274.00   1.0130e-15
1276.00   2.0620e-15
1278.00   8.0632e-16
1280.00   1.6234e-15
1282.00   5.2933e-16
1284.00   1.0858e-15
1286.00   1.3640e-15
1288.00   5.5394e-15
1290.00   5.8359e-15
1292.00   6.4957e-15
1294.00   5.4218e-15
1296.00   8.6712e-15
1298.00   9.0228e-16
1300.00   5.0862e-15
1302.00   1.2504e-15
1304.00   2.9465e-15
1306.00   1.0473e-15
1308.00   7.6761e-16
1310.00   4.1552e-16
1312.00   4.4930e-16
1314.00   1.0770e-15
1316.00   8.0430e-16
1318.00   1.3236e-15
1320.00   1.2756e-15
1322.00   1.1298e-15
1324.00   1.5951e-15
1326.00   5.8987e-16
1328.00   1.2968e-15
1330.00   1.0858e-15
1332.00   1.2443e-15
1334.00   5.6998e-16
1336.00   3.1568e-16
1338.00   5.4266e-16
1340.00   6.0442e-15
1342.00   1.0545e-15
1344.00   5.3219e-16
1346.00   2.0527e-15
1348.00   1.5511e-16
1350.00   1.2490e-15
1352.00   1.6542e-15
1354.00   2.3948e-15
1356.00   1.8308e-15
1358.00   7.6824e-16
1360.00   3.4725e-15
1362.00   3.7912e-15
1364.00   1.3260e-15
1366.00   2.8656e-15
1368.00   9.6348e-16
1370.00   8.5502e-16
1372.00   2.1223e-15
1374.00   3.9799e-15
1376.00   1.5561e-15
1378.00   2.4257e-15
1380.00   2.0161e-15
1382.00   2.1065e-15
1384.00   1.6102e-15
1386.00   1.0644e-15
1388.00   1.7863e-15
1390.00   5.4723e-16
1392.00   1.3560e-15
1394.00   2.2807e-15
1396.00   1.2877e-15
1398.00   1.0605e-15
1400.00   3.1695e-15
1402.00   2.1854e-15
1404.00   1.8201e-15
1406.00   6.1310e-16
1408.00   6.8826e-16
1410.00   1.8809e-15
1412.00   7.0849e-16
1414.00   1.2139e-15
1416.00   3.0306e-15
1418.00   2.3415e-15
1420.00   8.7376e-16
1422.00   1.5041e-15
1424.00   1.7459e-15
1426.00   4.2570e-16
1428.00   1.5565e-15
1430.00   4.8054e-15
1432.00   1.6494e-15
1434.00   6.1856e-16
1436.00   1.1913e-15
1438.00   4.0381e-15
1440.00   1.6986e-15
1442.00   2.7925e-15
1444.00   2.6622e-15
1446.00   2.0430e-15
1448.00   2.4922e-15
1450.00   7.1652e-16
1452.00   3.0538e-15
1454.00   7.3227e-15
1456.00   9.7438e-16
1458.00   5.6699e-16
1460.00   4.0409e-15
1462.00   8.5354e-16
1464.00   2.9547e-15
1466.00   3.9462e-15
1468.00   3.1896e-15
1470.00   5.8570e-16
1472.00   3.3208e-15
1474.00   4.4435e-15
1476.00   2.2135e-15
1478.00   2.6809e-15
1480.00   1.6747e-15
1482.00   2.8794e-16
1484.00   2.8810e-15
1486.00   1.5122e-15
1488.00   1.1976e-15
1490.00   1.8332e-15
1492.00   1.4655e-15
1494.00   7.4328e-16
1496.00   8.3658e-16
1498.00   1.7948e-16
1500.00   2.6497e-16
1502.00   7.1335e-16
1504.00   8.1698e-16
1506.00   1.2687e-15
1508.00   1.7876e-15
1510.00   1.7948e-16
1512.00   1.3395e-15
1514.00   7.0570e-16
1516.00   3.5286e-16
1518.00   1.0355e-16
1520.00   7.7994e-16
1522.00   9.6865e-16
1524.00   6.2312e-16
1526.00   5.9724e-16
1528.00   8.3231e-16
1530.00   5.9659e-17
1532.00   4.2675e-16
1534.00   8.3369e-15
1536.00   2.7148e-15
1538.00   9.3066e-16
1540.00   8.2383e-15
1542.00   7.2557e-16
1544.00   6.4826e-16
1546.00   1.0370e-15
1548.00   1.6966e-14
1550.00   7.9070e-16
1552.00   1.3063e-15
1554.00   5.2512e-16
1556.00   1.2265e-15
1558.00   2.5958e-16
1560.00   8.1049e-16
1562.00   4.6867e-16
1564.00   5.5076e-16
1566.00   3.8697e-16
1568.00   3.0062e-16
1570.00   1.1530e-15
1572.00   1.1644e-15
1574.00   1.3293e-15
1576.00   2.7637e-16
1578.00   1.3526e-15
1580.00   1.3382e-15
1582.00   5.9731e-16
1584.00   3.8280e-16
1586.00   8.4043e-16
1588.00   7.8644e-16
1590.00   1.5502e-16
1592.00   3.5339e-16
1594.00   1.2790e-15
1596.00   2.6030e-16
1598.00   3.5046e-16
1600.00   6.4744e-16
1602.00   7.4727e-16
1604.00   2.3950e-16
1606.00   9.8358e-16
1608.00   9.2575e-16
1610.00   3.0090e-16
1612.00   2.2445e-16
1614.00   5.3565e-16
1616.00   5.8166e-17
1618.00   6.7346e-16
1620.00   2.5773e-16
1622.00   8.3441e-16
1624.00   4.7716e-16
1626.00   1.3999e-15
1628.00   1.2033e-15
1630.00   1.7494e-15
1632.00   9.8625e-16
1634.00   1.1022e-15
1636.00   3.1432e-15
1638.00   8.9407e-16
1640.00   8.0321e-15
1642.00   1.9011e-15
1644.00   1.2564e-15
1646.00   1.1073e-15
1648.00   5.2067e-16
1650.00   1.4846e-15
1652.00   1.7014e-16
1654.00   1.2129e-15
1656.00   1.0231e-15
1658.00   1.0429e-15
1660.00   3.9609e-16
1662.00   3.2790e-16
1664.00   2.7789e-16
1666.00   1.5326e-16
1668.00   2.3427e-16
1670.00   1.3963e-15
1672.00   9.0619e-16
1674.00   2.2931e-15
1676.00   4.7206e-15
1678.00   2.0542e-16
1680.00   1.9339e-15
1682.00   2.8483e-15
1684.00   6.4505e-16
1686.00   4.7264e-16
1688.00   2.1928e-15
1690.00   9.1110e-16
1692.00   2.0207e-16
1694.00   5.5582e-16
1696.00   1.7256e-16
1698.00   1.9907e-15
1700.00   2.9488e-16
1702.00   1.2547e-15
1704.00   4.6378e-16
1706.00   1.8433e-16
1708.00   7.4183e-16
1710.00   1.4943e-15
1712.00   4.9015e-16
1714.00   5.1876e-16
1716.00   1.1528e-15
1718.00   7.6209e-16
1720.00   5.8401e-16
1722.00   8.0395e-16
1724.00   2.1532e-15
1726.00   1.1155e-15
1728.00   2.2185e-16
1730.00   8.8223e-17
1732.00   6.7064e-16
1734.00   2.3009e-16
1736.00   9.5162e-17
1738.00   4.4019e-16
1740.00   5.1813e-17
1742.00   2.8035e-16
1744.00   3.7865e-17
1746.00   4.8565e-16
1748.00   5.7461e-16
1750.00   1.8862e-15
1752.00   4.7757e-17
1754.00   3.0000e-17
1756.00   4.2889e-17
1758.00   2.1539e-16
1760.00   3.9397e-16
1762.00   1.2724e-15
1764.00   4.5481e-16
1766.00   1.5130e-16
1768.00   1.1765e-15
1770.00   3.8516e-16
1772.00   2.4900e-16
1774.00   1.1220e-15
1776.00   2.8944e-16
1778.00   3.4175e-16
1780.00   1.3523e-16
1782.00   4.6840e-16
1784.00   2.2823e-16
1786.00   4.0106e-15
1788.00   2.1296e-15
1790.00   5.1995e-16
1792.00   6.0489e-16
1794.00   1.2064e-15
1796.00   4.4173e-16
1798.00   1.1510e-15
1800.00   2.3501e-17
1802.00   1.9033e-16
1804.00   6.9964e-16
1806.00   6.7853e-16
1808.00   3.9257e-16
1810.00   3.8874e-16
1812.00   3.0503e-16
1814.00   1.4444e-16
1816.00   5.0814e-16
1818.00   3.4207e-16
1820.00   5.7080e-17
1822.00   2.2597e-16
1824.00   6.1390e-16
1826.00   3.2563e-16
1828.00   7.3300e-16
1830.00   2.5654e-16
1832.00   3.7577e-16
1834.00   3.6329e-16
1836.00   6.9639e-16
1838.00   1.9012e-18
1840.00   8.5969e-16
1842.00   2.2236e-16
1844.00   6.9627e-16
1846.00   2.2814e-16
1848.00   4.0179e-16
1850.00   1.4116e-16
1852.00   6.1402e-16
1854.00   2.8083e-16
1856.00   1.9646e-16
1858.00   1.2322e-16
1860.00   2.0956e-16
1862.00   1.0332e-15
1864.00   5.3792e-16
1866.00   2.8907e-16
1868.00   2.5214e-16
1870.00   4.5636e-16
1872.00   2.4814e-16
1874.00   3.0496e-16
1876.00   3.4870e-16
1878.00   5.3172e-16
1880.00   5.4336e-16
1882.00   2.5357e-16
1884.00   1.2767e-15
1886.00   4.1266e-16
1888.00   1.2510e-15
1890.00   2.1136e-16
1892.00   1.9558e-16
1894.00   1.1037e-16
1896.00   3.3613e-16
1898.00   3.0825e-16
1900.00   8.6406e-16
1902.00   1.2097e-15
1904.00   5.9363e-16
1906.00   4.3422e-16
1908.00   9.0104e-17
1910.00   4.4235e-16
1912.00   4.5401e-16
1914.00   9.3448e-17
1916.00   3.5039e-16
1918.00   6.9421e-16
1920.00   5.3147e-16
1922.00   1.5751e-16
1924.00   5.2246e-17
1926.00   1.1658e-15
1928.00   5.2078e-16
1930.00   2.9323e-16
1932.00   3.0376e-16
1934.00   2.4235e-16
1936.00   6.7585e-16
1938.00   6.8678e-17
1940.00   5.6505e-16
1942.00   1.7983e-16
1944.00   6.7487e-16
1946.00   4.2463e-16
1948.00   1.0821e-15
1950.00   1.2996e-16
1952.00   4.3412e-16
1954.00   1.7532e-16
1956.00   1.5722e-15
1958.00   8.1607e-15
1960.00   1.2159e-16
1962.00   5.7953e-16
1964.00   3.2995e-16
1966.00   4.4190e-15
1968.00   9.1688e-16
1970.00   4.0623e-15
1972.00   4.1371e-16
1974.00   1.9447e-15
1976.00   6.4812e-15
1978.00   3.5418e-16
1980.00   9.4705e-17
1982.00   2.1254e-17
1984.00   4.4628e-16
1986.00   7.2184e-16
1988.00   2.0312e-16
1990.00   3.8410e-16
1992.00   2.1548e-16
1994.00   5.8670e-16
1996.00   4.2419e-16
1998.00   1.2549e-16
2000.00   1.2373e-15
2002.00   7.3426e-17
2004.00   4.5925e-16
2006.00   2.9439e-16
2008.00   9.6804e-16
2010.00   5.7562e-16
2012.00   3.5809e-16
2014.00   7.4677e-16
2016.00   1.4002e-15
2018.00   4.9213e-16
2020.00   4.5222e-16
2022.00   7.6310e-17
2024.00   1.7684e-15
2026.00   2.7952e-16
2028.00   6.2842e-16
2030.00   4.1895e-15
2032.00   7.7114e-16
2034.00   4.5108e-16
2036.00   2.7689e-16
2038.00   2.2211e-16
2040.00   6.6643e-16
2042.00   1.7743e-17
2044.00   5.7596e-16
2046.00   5.1471e-17
2048.00   4.4443e-16
2050.00   4.0865e-17
2052.00   3.2603e-16
2054.00   1.8198e-16
2056.00   3.8998e-16
2058.00   3.8824e-16
2060.00   4.7050e-17
2062.00   5.2052e-16
2064.00   4.3687e-16
2066.00   3.7856e-16
2068.00   5.1512e-16
2070.00   1.2762e-15
2072.00   6.3355e-16
2074.00   4.3788e-16
2076.00   1.7861e-16
2078.00   1.0333e-15
2080.00   3.6632e-16
2082.00   2.3797e-16
2084.00   1.9018e-16
2086.00   2.2419e-16
2088.00   4.7488e-16
2090.00   2.0608e-17
2092.00   2.0247e-16
2094.00   6.6137e-16
2096.00   3.1568e-16
2098.00   2.7769e-16
2100.00   3.4813e-16
2102.00   6.4505e-16
2104.00   3.8762e-17
2106.00   1.1645e-15
2108.00   6.9197e-16
2110.00   1.1287e-15
2112.00   1.5426e-16
2114.00   5.2733e-16
2116.00   2.1852e-15
2118.00   2.6611e-16
2120.00   2.9749e-16
2122.00   2.2252e-16
2124.00   3.2997e-17
2126.00   3.5236e-16
2128.00   5.7944e-16
2130.00   5.9592e-16
2132.00   6.6696e-16
2134.00   3.4969e-16
2136.00   2.7150e-16
2138.00   7.5485e-16
2140.00   4.1868e-16
2142.00   9.4152e-16
2144.00   1.0726e-16
2146.00   6.6947e-16
2148.00   4.2272e-16
2150.00   5.4568e-16
2152.00   4.3480e-16
2154.00   2.9301e-16
2156.00   3.3251e-16
2158.00   3.5815e-16
2160.00   4.3291e-16
2162.00   6.3409e-16
2164.00   4.7450e-16
2166.00   5.2013e-16
2168.00   1.0360e-15
2170.00   2.8740e-16
2172.00   1.5825e-16
2174.00   1.0482e-15
2176.00   3.2211e-16
2178.00   3.7016e-16
2180.00   2.8157e-16
2182.00   1.1837e-16
2184.00   1.0091e-15
2186.00   1.2326e-16
2188.00   6.8440e-16
2190.00   2.9567e-16
2192.00   3.9241e-17
2194.00   2.7582e-16
2196.00   1.3907e-16
2198.00   1.2828e-16
2200.00   1.6732e-17
2202.00   3.0602e-16
2204.00   4.0631e-16
2206.00   4.4538e-16
2208.00   1.0408e-16
2210.00   4.7944e-16
2212.00   4.6448e-16
2214.00   7.1288e-16
2216.00   3.6838e-16
2218.00   2.7906e-16
2220.00   4.5386e-16
2222.00   5.6898e-16
2224.00   1.1421e-15
2226.00   4.2719e-16
2228.00   6.6502e-16
2230.00   4.3319e-16
2232.00   7.1723e-16
2234.00   1.0321e-15
2236.00   1.0403e-15
2238.00   7.1042e-16
2240.00   6.5901e-16
2242.00   1.0538e-15
2244.00   1.6637e-15
2246.00   1.0065e-15
2248.00   1.4129e-16
2250.00   1.8449e-15
2252.00   2.4217e-16
2254.00   1.6047e-15
2256.00   1.2550e-15
2258.00   5.8038e-16
2260.00   2.2845e-15
2262.00   5.4915e-16
2264.00   8.8535e-16
2266.00   2.1788e-15
2268.00   1.6562e-15
2270.00   9.8896e-16
2272.00   1.1443e-15
2274.00   1.2330e-15
2276.00   1.6605e-15
2278.00   1.0239e-15
2280.00   1.7925e-15
2282.00   3.8198e-16
2284.00   9.5321e-16
2286.00   6.4401e-16
2288.00   7.0236e-16
2290.00   4.3101e-16
2292.00   2.8817e-16
2294.00   1.8334e-15
2296.00   5.5721e-16
2298.00   5.8653e-16
2300.00   2.7001e-16
2302.00   3.7344e-16
2304.00   8.4795e-16
2306.00   7.0116e-16
2308.00   2.5408e-15
2310.00   5.1166e-16
2312.00   1.5262e-15
2314.00   1.6664e-15
2316.00   7.6261e-17
2318.00   1.1296e-15
2320.00   3.2547e-18
2322.00   7.6847e-16
2324.00   3.5894e-16
2326.00   1.5992e-15
2328.00   1.8535e-15
2330.00   1.0606e-15
2332.00   3.7293e-15
2334.00   1.8096e-17
2336.00   7.1963e-17
2338.00   1.7211e-15
2340.00   1.4771e-15
2342.00   2.2985e-16
2344.00   4.9584e-15
2346.00   1.5509e-15
2348.00   6.5091e-15
2350.00   8.1783e-18
2352.00   1.3621e-15
2354.00   9.7136e-16
2356.00   1.4680e-15
2358.00   4.8607e-16
2360.00   1.0663e-14
2362.00   3.2986e-15
2364.00   3.2164e-15
2366.00   4.1407e-15
2368.00   2.2515e-15
2370.00   2.1363e-15
2372.00   7.9929e-16
2374.00   4.4070e-15
2376.00   1.4999e-15
2378.00   1.9845e-16
2380.00   4.1195e-15
2382.00   1.4618e-14
2384.00   3.2864e-15
2386.00   2.1724e-15
2388.00   4.6380e-15
2390.00   4.2493e-16
2392.00   3.5657e-15
2394.00   1.0094e-15
2396.00   1.2397e-14
2398.00   2.2040e-16
2400.00   4.9530e-15
2402.00   1.4551e-15
2404.00   5.4698e-15
2406.00   3.7844e-15
2408.00   1.9287e-15
2410.00   4.2194e-15
2412.00   2.6265e-15
2414.00   3.3833e-15
2416.00   1.5944e-15
2418.00   2.6965e-15
2420.00   4.6098e-16
2422.00   1.0680e-15
2424.00   2.9847e-15
2426.00   1.2742e-15
2428.00   2.6628e-15
2430.00   8.8732e-15
2432.00   6.1325e-15
2434.00   4.4911e-15
2436.00   1.4514e-15
2438.00   8.3262e-16
2440.00   1.9810e-15
2442.00   2.9097e-15
2444.00   6.4738e-16
2446.00   4.2286e-15
2448.00   1.0884e-14
2450.00   1.4392e-15
2452.00   1.0268e-15
2454.00   1.4477e-15
2456.00   2.7580e-15
2458.00   2.5025e-15
2460.00   3.9405e-15
2462.00   4.7298e-15
2464.00   3.6100e-15
2466.00   2.6674e-15
2468.00   1.5566e-15
2470.00   3.3136e-15
2472.00   1.8246e-15
2474.00   3.8618e-15
2476.00   1.3927e-15
2478.00   1.1935e-15
2480.00   1.3214e-15
2482.00   2.2511e-15
2484.00   2.0971e-15
2486.00   2.2800e-15
2488.00   2.0762e-15
2490.00   2.2432e-15
2492.00   8.9246e-16
2494.00   2.1554e-15
2496.00   5.0070e-16
2498.00   2.0307e-15
2500.00   7.4300e-16
2502.00   1.0403e-15
2504.00   1.4471e-15
2506.00   8.3415e-15
2508.00   1.7721e-15
2510.00   1.6710e-15
2512.00   2.5087e-15
2514.00   1.8855e-15
2516.00   8.1498e-16
2518.00   7.4486e-16
2520.00   2.2878e-15
2522.00   2.1639e-15
2524.00   3.8367e-16
2526.00   4.2666e-15
2528.00   8.5703e-16
2530.00   2.0255e-15
2532.00   5.3208e-16
2534.00   5.9654e-16
2536.00   1.3171e-15
2538.00   3.1820e-15
2540.00   2.0749e-15
2542.00   2.0843e-15
2544.00   1.0035e-15
2546.00   1.5067e-15
2548.00   1.1928e-15
2550.00   2.1656e-15
2552.00   8.4157e-16
2554.00   8.9928e-16
2556.00   1.0298e-15
2558.00   8.1835e-16
2560.00   2.0030e-15
2562.00   4.4510e-15
2564.00   2.1494e-15
2566.00   2.8349e-15
2568.00   9.5277e-16
2570.00   9.2128e-16
2572.00   1.8820e-15
2574.00   1.1848e-15
2576.00   6.4302e-16
2578.00   1.5224e-15
2580.00   1.6580e-16
2582.00   3.3124e-15
2584.00   7.9459e-16
2586.00   4.6756e-15
2588.00   1.6920e-15
2590.00   5.5006e-16
2592.00   2.4207e-15
2594.00   3.9574e-16
2596.00   3.5302e-16
2598.00   7.5733e-15
2600.00   8.9194e-15
2602.00   9.4227e-18
2604.00   6.5608e-16
2606.00   2.2207e-15
2608.00   5.8558e-15
2610.00   1.5742e-15
2612.00   1.0453e-14
2614.00   4.8688e-15
2616.00   8.9754e-18
2618.00   4.7503e-15
2620.00   3.0992e-15
2622.00   2.4509e-15
2624.00   1.0639e-15
2626.00   1.5761e-14
2628.00   4.8931e-15
2630.00   1.2048e-15
2632.00   1.3480e-14
2634.00   8.7522e-16
2636.00   6.0926e-16
2638.00   5.7202e-16
2640.00   5.8686e-16
2642.00   8.8656e-16
2644.00   4.3048e-16
2646.00   4.3910e-16
2648.00   3.3091e-17
2650.00   8.3749e-16
2652.00   9.0924e-16
2654.00   6.0202e-16
2656.00   7.7557e-17
2658.00   4.1583e-16
2660.00   3.6713e-16
2662.00   5.0047e-17
2664.00   7.5824e-16
2666.00   9.1252e-16
2668.00   1.7430e-16
2670.00   8.8446e-16
2672.00   1.2818e-16
2674.00   6.4456e-18
2676.00   1.9704e-16
2678.00   6.9615e-16
2680.00   1.6024e-16
2682.00   7.6408e-16
2684.00   1.2684e-15
2686.00   4.7192e-16
2688.00   5.7082e-17
2690.00   2.9822e-16
2692.00   2.6310e-15
2694.00   4.7429e-16
2696.00   5.2545e-17
2698.00   9.1036e-16
2700.00   5.3337e-16
2702.00   1.8503e-17
2704.00   1.1263e-15
2706.00   2.5279e-15
2708.00   5.8005e-16
2710.00   2.2245e-15
2712.00   7.2399e-16
2714.00   1.6750e-15
2716.00   4.6918e-15
2718.00   3.2411e-15
2720.00   3.6178e-16
2722.00   1.3160e-15
2724.00   2.9668e-15
2726.00   2.3182e-16
2728.00   1.6020e-15
2730.00   2.5375e-15
2732.00   4.1960e-15
2734.00   1.7031e-16
2736.00   1.8820e-15
2738.00   2.5329e-15
2740.00   4.1941e-15
2742.00   3.8772e-16
2744.00   2.7106e-15
2746.00   4.9137e-15
2748.00   5.3246e-16
2750.00   6.4838e-15
2752.00   1.1413e-15
2754.00   1.7780e-15
2756.00   1.0635e-14
2758.00   5.3576e-16
2760.00   1.3788e-15
2762.00   2.5559e-15
2764.00   6.8915e-16
2766.00   2.5546e-18
2768.00   4.5371e-15
2770.00   7.4389e-16
2772.00   4.0761e-15
2774.00   1.4117e-15
2776.00   1.8311e-15
2778.00   5.7392e-16
2780.00   5.9239e-16
2782.00   1.2266e-15
2784.00   5.2957e-16
2786.00   1.5919e-15
2788.00   6.7607e-16
2790.00   2.8796e-16
2792.00   5.9747e-15
2794.00   8.5275e-16
2796.00   1.7597e-16
2798.00   1.3030e-16
2800.00   1.0721e-15
2802.00   7.7555e-19
2804.00   5.4537e-16
2806.00   7.7850e-16
2808.00   6.1520e-17
2810.00   1.9191e-16
2812.00   2.5896e-16
2814.00   4.3948e-16
2816.00   2.2064e-17
2818.00   2.3482e-16
2820.00   7.3089e-15
2822.00   4.1788e-16
2824.00   6.7655e-15
2826.00   7.8650e-16
2828.00   1.4977e-15
2830.00   3.7805e-16
2832.00   5.3348e-15
2834.00   7.4442e-16
2836.00   9.2395e-16
2838.00   1.4182e-15
2840.00   3.4587e-14
2842.00   2.9857e-16
2844.00   3.0983e-15
2846.00   1.1033e-14
2848.00   9.3464e-15
2850.00   7.8538e-16
2852.00   4.9969e-15
2854.00   2.2802e-16
2856.00   1.4628e-14
2858.00   3.3676e-15
2860.00   1.0130e-16
2862.00   3.1941e-16
2864.00   9.2428e-16
2866.00   3.5520e-15
2868.00   1.5174e-15
2870.00   3.5130e-15
2872.00   5.1558e-15
2874.00   1.4428e-16
2876.00   7.4010e-17
2878.00   1.1218e-16
2880.00   8.7052e-16
2882.00   1.0642e-14
2884.00   3.7367e-15
2886.00   1.2934e-15
2888.00   8.7271e-16
2890.00   1.0818e-15
2892.00   5.2846e-16
2894.00   1.7351e-16
2896.00   8.2706e-16
2898.00   7.2520e-16
2900.00   9.9115e-18
2902.00   6.9165e-16
2904.00   6.4522e-18
2906.00   4.6099e-16
2908.00   7.1294e-16
2910.00   1.2857e-15
2912.00   2.2089e-17
2914.00   1.6152e-17
2916.00   6.0344e-16
2918.00   7.5340e-16
2920.00   1.7954e-16
2922.00   6.5791e-17
2924.00   1.0950e-16
2926.00   2.3538e-15
2928.00   2.6687e-18
2930.00   1.6380e-16
2932.00   5.5427e-17
2934.00   4.0077e-16
2936.00   1.0178e-16
2938.00   3.8425e-17
2940.00   8.5259e-16
2942.00   3.9732e-18
2944.00   1.1518e-15
2946.00   7.7753e-16
2948.00   1.3658e-15
2950.00   5.3749e-16
2952.00   1.1719e-16
2954.00   1.0787e-15
2956.00   1.3636e-17
2958.00   2.3844e-17
2960.00   5.7496e-16
2962.00   6.3717e-16
2964.00   1.0742e-15
2966.00   1.6571e-15
2968.00   6.3843e-17
2970.00   1.8463e-15
2972.00   5.0721e-16
2974.00   9.5537e-17
2976.00   9.1294e-16
2978.00   8.9225e-17
2980.00   1.4292e-15
2982.00   1.9700e-16
2984.00   3.3966e-15
2986.00   1.8250e-15
2988.00   2.8108e-17
2990.00   1.3710e-17
2992.00   1.0462e-16
2994.00   1.8276e-16
2996.00   1.0440e-16
2998.00   3.9608e-16
3000.00   2.0908e-16
3002.00   2.9243e-15
3004.00   2.5538e-17
3006.00   1.5219e-17
3008.00   5.5521e-18
3010.00   1.0401e-15
3012.00   6.5530e-18
3014.00   5.2756e-16
3016.00   6.0295e-16
3018.00   3.4394e-16
3020.00   1.7591e-16
3022.00   7.8794e-17
3024.00   3.3235e-16
3026.00   6.6558e-17
3028.00   4.0787e-17
3030.00   3.0424e-16
3032.00   1.2973e-17
3034.00   5.9091e-16
3036.00   2.2417e-15
3038.00   1.2913e-16
3040.00   4.8502e-17
3042.00   1.4874e-17
3044.00   6.3001e-16
3046.00   9.5191e-17
3048.00   2.5534e-15
3050.00   2.0021e-16
3052.00   3.5397e-17
3054.00   2.7625e-18
3056.00   2.4331e-15
3058.00   2.5188e-17
3060.00   1.1903e-18
3062.00   2.0180e-16
3064.00   4.7206e-19
3066.00   5.6059e-16
3068.00   2.8057e-16
3070.00   5.3919e-16
3072.00   1.7675e-15
3074.00   9.6970e-18
3076.00   4.4628e-15
3078.00   1.2394e-14
3080.00   2.8166e-16
3082.00   1.3763e-17
3084.00   2.2623e-16
3086.00   2.2216e-18
3088.00   2.8285e-18
3090.00   1.8199e-16
3092.00   1.5408e-18
3094.00   1.7753e-18
3096.00   5.0158e-16
3098.00   2.3151e-17
3100.00   3.3296e-19
3102.00   1.7106e-16
3104.00   5.0842e-18
3106.00   6.7069e-16
3108.00   1.6024e-17
3110.00   3.1230e-18
3112.00   2.0247e-19
3114.00   1.8717e-16
3116.00   2.1267e-16
3118.00   7.4983e-18
3120.00   3.0489e-17
3122.00   7.3186e-18
3124.00   2.0668e-19
3126.00   9.4181e-18
3128.00   1.1730e-18
3130.00   2.8554e-17
3132.00   1.8641e-16
3134.00   9.6612e-18
3136.00   5.2635e-17
3138.00   1.0061e-17
3140.00   1.7190e-17
3142.00   1.5098e-15
3144.00   3.8396e-17
3146.00   2.4012e-16
3148.00   2.3726e-18
3150.00   3.2797e-18
3152.00   1.6933e-17
3154.00   4.0214e-18
3156.00   1.3589e-16
3158.00   2.7234e-16
3160.00   1.1265e-17
3162.00   2.0289e-15
3164.00   2.3784e-15
3166.00   1.1979e-15
3168.00   4.6081e-18
3170.00   8.0551e-16
3172.00   1.2957e-19
3174.00   1.4999e-18
3176.00   2.3262e-16
3178.00   1.2003e-15
3180.00   1.5230e-17
3182.00   7.3937e-19
3184.00   1.8930e-15
3186.00   2.5984e-15
3188.00   4.2494e-16
3190.00   2.4223e-16
3192.00   1.5082e-15
3194.00   1.0716e-15
3196.00   2.3694e-15
3198.00   1.4474e-17
3200.00   1.5013e-17
3202.00   8.6140e-19
3204.00   2.6840e-16
3206.00   4.9554e-19
3208.00   6.0961e-18
3210.00   1.3442e-15
3212.00   6.9099e-17
3214.00   1.2964e-15
3216.00   8.5332e-18
3218.00   2.8160e-18
3220.00   2.3627e-17
3222.00   1.2935e-17
3224.00   1.2026e-16
3226.00   2.0075e-17
3228.00   1.5302e-15
3230.00   3.2020e-16
3232.00   5.2378e-16
3234.00   2.5082e-16
3236.00   3.1319e-18
3238.00   5.0865e-16
3240.00   5.0729e-18
3242.00   4.3078e-19
3244.00   6.0995e-16
3246.00   1.5920e-17
3248.00   7.1342e-16
3250.00   5.9248e-16
3252.00   3.0419e-16
3254.00   8.7141e-17
3256.00   2.2422e-15
3258.00   8.5432e-16
3260.00   4.9100e-16
3262.00   2.4680e-17
3264.00   6.0632e-16
3266.00   4.6628e-17
3268.00   1.9817e-16
3270.00   5.6213e-17
3272.00   6.1928e-19
3274.00   1.9930e-17
3276.00   1.5654e-16
3278.00   5.3726e-15
3280.00   1.6544e-17
3282.00   1.6419e-15
3284.00   3.0259e-17
3286.00   9.5332e-16
3288.00   2.1847e-17
3290.00   2.4712e-16
3292.00   2.8670e-17
3294.00   2.0358e-19
3296.00   1.3237e-15
3298.00   5.0607e-16
3300.00   1.8888e-17
3302.00   8.5019e-16
3304.00   8.3743e-16
3306.00   6.3451e-16
3308.00   3.0564e-20
3310.00   1.4236e-16
3312.00   6.1933e-16
3314.00   4.2574e-16
3316.00   4.8209e-18
3318.00   1.4924e-16
3320.00   3.8667e-17
3322.00   1.3625e-16
3324.00   6.9302e-17
3326.00   3.5223e-17
3328.00   2.0255e-16
3330.00   1.9719e-17
3332.00   1.2294e-18
3334.00   3.5740e-18
3336.00   2.3601e-16
3338.00   2.1707e-16
3340.00   9.8467e-19
3342.00   1.4349e-17
3344.00   2.0598e-18
3346.00   1.0893e-19
3348.00   7.6746e-19
3350.00   4.4925e-19
3352.00   4.0945e-18
3354.00   1.2406e-18
3356.00   2.0831e-18
3358.00   6.0014e-16
3360.00   1.8013e-16
3362.00   1.8284e-16
3364.00   3.8181e-17
3366.00   3.4819e-16
3368.00   2.0006e-17
3370.00   1.6837e-16
3372.00   5.7408e-16
3374.00   7.5816e-19
3376.00   2.0424e-15
3378.00   2.4977e-19
3380.00   1.2361e-16
3382.00   8.4833e-17
3384.00   1.6021e-18
3386.00   2.9031e-17
3388.00   5.3140e-16
3390.00   2.9805e-17
3392.00   5.1921e-16
3394.00   4.2122e-18
3396.00   6.5250e-17
3398.00   1.2007e-17
3400.00   2.7822e-18
3402.00   1.3593e-17
3404.00   1.4787e-17
3406.00   1.5420e-17
3408.00   6.4461e-18
3410.00   9.3373e-17
3412.00   1.5698e-18
3414.00   9.6296e-17
3416.00   5.5085e-16
3418.00   2.1662e-19
3420.00   4.7942e-17
3422.00   2.0802e-18
3424.00   4.0533e-19
3426.00   9.2838e-17
3428.00   1.3335e-16
3430.00   7.2413e-17
3432.00   1.4356e-18
3434.00   7.8692e-18
3436.00   4.1291e-16
3438.00   6.5129e-18
3440.00   7.5735e-16
3442.00   2.0288e-17
3444.00   1.1243e-16
3446.00   7.9225e-18
3448.00   3.0473e-18
3450.00   1.2234e-16
3452.00   9.4731e-16
3454.00   2.4546e-16
3456.00   1.2515e-15
3458.00   3.4463e-17
3460.00   2.2066e-18
3462.00   4.1647e-19
3464.00   2.3360e-16
3466.00   7.3205e-18
3468.00   8.8795e-19
3470.00   9.8231e-17
3472.00   3.1836e-17
3474.00   3.1170e-18
3476.00   4.9818e-16
3478.00   1.7561e-16
3480.00   2.4865e-16
3482.00   2.6207e-16
3484.00   1.0461e-16
3486.00   2.0677e-16
3488.00   3.8842e-19
3490.00   3.4777e-16
3492.00   2.5871e-18
3494.00   6.4787e-16
3496.00   3.4019e-16
3498.00   1.9367e-17
3500.00   1.0454e-16
3502.00   7.5862e-16
3504.00   9.1098e-16
3506.00   2.6720e-17
3508.00   1.9062e-16
3510.00   5.4834e-18
3512.00   1.5940e-17
3514.00   1.8654e-18
3516.00   9.9941e-17
3518.00   4.7673e-17
3520.00   1.6670e-17
3522.00   5.9824e-16
3524.00   1.4126e-17
3526.00   1.5684e-16
3528.00   5.8715e-17
3530.00   4.5016e-17
3532.00   3.8441e-16
3534.00   9.0639e-19
3536.00   5.4406e-16
3538.00   9.2700e-16
3540.00   5.9240e-16
3542.00   1.2134e-16
3544.00   4.6473e-17
3546.00   1.1282e-18
3548.00   2.2969e-17
3550.00   5.1815e-18
3552.00   5.2768e-18
3554.00   2.4194e-17
3556.00   1.3166e-16
3558.00   5.5182e-17
3560.00   7.8332e-18
3562.00   1.4228e-18
3564.00   2.1042e-17
3566.00   6.0686e-17
3568.00   2.2452e-18
3570.00   1.3631e-18
3572.00   6.8062e-19
3574.00   5.1820e-18
3576.00   1.4397e-17
3578.00   1.4312e-18
3580.00   2.0061e-18
3582.00   2.9833e-20
3584.00   1.8182e-18
3586.00   1.8577e-17
3588.00   2.0562e-17
3590.00   5.0655e-17
3592.00   3.8906e-19
3594.00   1.2530e-18
3596.00   7.1466e-18
3598.00   2.5497e-18
3600.00   1.7082e-18
3602.00   1.9210e-17
3604.00   2.6540e-18
3606.00   7.4080e-18
3608.00   1.2594e-18
3610.00   9.2535e-18
3612.00   8.4691e-19
3614.00   2.1583e-17
3616.00   6.9263e-19
3618.00   5.8179e-18
3620.00   1.2124e-18
3622.00   2.1356e-16
3624.00   2.0567e-16
3626.00   1.1134e-17
3628.00   1.2944e-17
3630.00   8.5538e-19
3632.00   8.6889e-18
3634.00   3.7396e-18
3636.00   2.7218e-17
3638.00   2.5960e-18
3640.00   1.8624e-19
3642.00   2.2452e-16
3644.00   1.5249e-18
3646.00   2.9479e-18
3648.00   2.6703e-18
3650.00   2.6492e-19
3652.00   2.1212e-18
3654.00   8.3036e-20
3656.00   3.7041e-16
3658.00   1.7238e-18
3660.00   6.2854e-19
3662.00   5.3078e-18
3664.00   1.7870e-17
3666.00   2.8929e-18
3668.00   3.1290e-18
3670.00   1.8155e-18
3672.00   2.6340e-19
3674.00   2.4443e-18
3676.00   1.1287e-18
3678.00   1.8143e-19
3680.00   2.6081e-18
3682.00   8.4764e-18
3684.00   1.9732e-18
3686.00   1.7343e-17
3688.00   1.9317e-18
3690.00   1.9627e-18
3692.00   3.0785e-19
3694.00   2.4907e-18
3696.00   4.4326e-18
3698.00   2.6516e-17
3700.00   3.4981e-18
3702.00   1.0291e-21
3704.00   4.3041e-18
3706.00   4.0722e-20
3708.00   4.0589e-19
3710.00   1.0435e-17
3712.00   9.5292e-18
3714.00   1.7069e-18
3716.00   1.6782e-18
3718.00   7.2354e-19
3720.00   2.9262e-17
3722.00   1.4314e-17
3724.00   1.5322e-17
3726.00   1.0272e-17
3728.00   7.1666e-17
3730.00   8.0279e-19
3732.00   1.5582e-19
3734.00   4.0378e-19
3736.00   4.1004e-19
3738.00   1.4387e-18
3740.00   1.1640e-18
3742.00   1.2347e-17
3744.00   4.6664e-18
3746.00   2.6564e-17
3748.00   1.9596e-16
3750.00   2.2573e-18
3752.00   1.0334e-19
3754.00   1.7236e-17
3756.00   3.3295e-17
3758.00   2.0819e-17
3760.00   1.0441e-16
3762.00   1.1245e-16
3764.00   1.1068e-15
3766.00   1.6695e-18
3768.00   2.1375e-18
3770.00   4.1158e-19
3772.00   1.1592e-19
3774.00   1.9550e-19
3776.00   1.1096e-18
3778.00   5.1412e-18
3780.00   2.9572e-16
3782.00   2.7535e-17
3784.00   3.2740e-16
3786.00   3.9760e-17
3788.00   2.4648e-18
3790.00   1.4692e-19
3792.00   4.4215e-18
3794.00   4.2157e-19
3796.00   7.9078e-19
3798.00   6.0849e-17
3800.00   9.6886e-19
3802.00   1.2197e-18
3804.00   7.0741e-19
3806.00   4.6143e-18
3808.00   1.2602e-18
3810.00   6.3691e-19
3812.00   7.2410e-19
3814.00   4.0396e-17
3816.00   9.4746e-21
3818.00   2.8308e-19
3820.00   3.1210e-18
3822.00   1.3078e-16
3824.00   2.3038e-15
3826.00   1.0676e-19
3828.00   4.1790e-17
3830.00   9.7215e-19
3832.00   1.1885e-20
3834.00   2.5686e-17
3836.00   8.6194e-20
3838.00   6.1254e-17
3840.00   1.1874e-19
3842.00   2.4534e-19
3844.00   8.7163e-19
3846.00   4.2386e-17
3848.00   2.1349e-18
3850.00   5.8072e-19
3852.00   2.4152e-19
3854.00   6.8664e-20
3856.00   8.5990e-19
3858.00   5.1066e-19
3860.00   8.5343e-19
3862.00   5.0260e-19
3864.00   2.1471e-18
3866.00   3.2390e-19
3868.00   1.5807e-19
3870.00   5.2133e-19
3872.00   5.7927e-16
3874.00   1.5366e-17
3876.00   1.8316e-18
3878.00   6.9122e-19
3880.00   5.5039e-19
3882.00   1.3345e-17
3884.00   3.4560e-18
3886.00   2.7288e-19
3888.00   1.1296e-20
3890.00   2.6538e-19
3892.00   2.2015e-20
3894.00   2.3148e-18
3896.00   1.0763e-16
3898.00   2.7687e-20
3900.00   5.3766e-19
3902.00   1.3484e-20
3904.00   8.2050e-18
3906.00   6.2487e-17
3908.00   1.6648e-16
3910.00   2.6300e-17
3912.00   3.8253e-19
3914.00   2.5491e-16
3916.00   2.2201e-17
3918.00   6.0879e-18
3920.00   3.5943e-18
3922.00   2.5635e-18
3924.00   1.8170e-18
3926.00   4.9655e-19
3928.00   1.5099e-17
3930.00   3.9704e-16
3932.00   2.7780e-17
3934.00   2.4306e-19
3936.00   7.4079e-17
3938.00   1.0397e-15
3940.00   3.2441e-18
3942.00   2.2751e-19
3944.00   7.6144e-19
3946.00   3.9899e-16
3948.00   7.4836e-20
3950.00   4.4756e-18
3952.00   3.1499e-18
3954.00   3.9481e-19
3956.00   1.4316e-19
3958.00   4.9284e-17
3960.00   1.0656e-17
3962.00   1.5320e-18
3964.00   1.8696e-16
3966.00   2.3304e-17
3968.00   9.0636e-18
3970.00   7.1150e-16
3972.00   3.5033e-18
3974.00   1.7664e-15
3976.00   7.5443e-18
3978.00   1.6482e-18
3980.00   2.8093e-18
3982.00   1.2973e-16
3984.00   2.9593e-18
3986.00   4.6311e-19
3988.00   6.0287e-19
3990.00   3.9869e-17
3992.00   1.2427e-18
3994.00   2.0771e-19
3996.00   1.9624e-17
3998.00   4.5220e-20
4000.00   2.9273e-18
4002.00   7.5666e-16
4004.00   1.2748e-17
4006.00   4.7164e-20
4008.00   1.9374e-17
4010.00   4.5864e-19
4012.00   4.4497e-18
4014.00   1.8421e-18
4016.00   5.2383e-18
4018.00   7.3759e-18
4020.00   3.6122e-18
4022.00   8.0425e-18
4024.00   5.2672e-17
4026.00   2.2460e-19
4028.00   2.9497e-18
4030.00   7.3107e-20
4032.00   4.0313e-19
4034.00   1.7605e-17
4036.00   4.1706e-19
4038.00   2.4633e-19
4040.00   1.0674e-18
4042.00   3.0980e-18
4044.00   2.4823e-19
4046.00   7.6879e-19
4048.00   1.2115e-19
4050.00   4.2687e-18
4052.00   3.8367e-19
4054.00   2.1559e-20
4056.00   2.9838e-19
4058.00   6.6165e-18
4060.00   9.7664e-20
4062.00   9.9074e-17
4064.00   6.0822e-18
4066.00   1.8435e-20
4068.00   1.2533e-16
4070.00   8.3600e-18
4072.00   1.4499e-19
4074.00   8.0478e-18
4076.00   4.0209e-17
4078.00   5.0360e-17
4080.00   5.2396e-17
4082.00   6.4839e-18
4084.00   4.2550e-17
4086.00   3.3422e-19
4088.00   6.6306e-17
4090.00   2.0644e-19
4092.00   8.0730e-18
4094.00   4.4315e-18
4096.00   1.6764e-17
4098.00   1.2138e-16
4100.00   1.8668e-18
4102.00   1.3017e-18
4104.00   1.3467e-17
4106.00   1.3691e-18
4108.00   5.9368e-18
4110.00   1.9204e-18
4112.00   2.1566e-17
4114.00   3.9624e-17
4116.00   8.3284e-20
4118.00   1.2083e-18
4120.00   1.6699e-17
4122.00   3.5676e-16
4124.00   6.2502e-17
4126.00   3.0609e-19
4128.00   2.5837e-16
4130.00   6.9583e-19
4132.00   8.9725e-18
4134.00   3.6905e-18
4136.00   2.3643e-18
4138.00   1.5625e-16
4140.00   1.3544e-18
4142.00   5.4151e-19
4144.00   7.1739e-17
4146.00   1.0614e-16
4148.00   4.8355e-18
4150.00   8.8690e-18
4152.00   4.9716e-18
4154.00   2.4040e-18
4156.00   2.8294e-19
4158.00   4.6308e-17
4160.00   4.9996e-17
4162.00   4.1709e-18
4164.00   8.1890e-19
4166.00   3.2627e-19
4168.00   1.3769e-17
4170.00   2.9114e-18
4172.00   3.8945e-18
4174.00   1.0616e-15
4176.00   5.4627e-18
4178.00   3.1070e-15
4180.00   6.0757e-17
4182.00   4.9805e-18
4184.00   4.3170e-17
4186.00   5.1364e-19
4188.00   3.2841e-18
4190.00   3.7443e-18
4192.00   1.5120e-21
4194.00   4.3986e-20
4196.00   3.3246e-19
4198.00   9.8687e-18
4200.00   7.3735e-19
4202.00   9.4775e-18
4204.00   6.2777e-20
4206.00   7.5277e-18
4208.00   9.9768e-19
4210.00   3.2702e-17
4212.00   4.6838e-17
4214.00   1.0826e-18
4216.00   4.6937e-20
4218.00   2.6180e-19
4220.00   4.7728e-19
4222.00   1.5774e-18
4224.00   1.6603e-17
4226.00   6.3608e-19
4228.00   1.9672e-18
4230.00   3.5611e-21
4232.00   2.4445e-16
4234.00   1.8921e-15
4236.00   5.4517e-19
4238.00   1.1196e-18
4240.00   1.7152e-19
4242.00   1.0769e-18
4244.00   1.2023e-14
4246.00   7.3826e-21
4248.00   6.6174e-17
4250.00   4.5781e-18
4252.00   1.3310e-17
4254.00   4.0236e-19
4256.00   3.5930e-17
4258.00   2.7638e-16
4260.00   1.2940e-19
4262.00   2.6538e-20
4264.00   8.3832e-19
4266.00   9.9121e-18
4268.00   1.8263e-17
4270.00   1.7113e-18
4272.00   1.7741e-20
4274.00   3.1517e-16
4276.00   5.2835e-15
4278.00   1.5740e-16
4280.00   2.4733e-19
4282.00   2.4262e-18
4284.00   2.4535e-19
4286.00   1.7456e-18
4288.00   8.0508e-15
4290.00   3.8898e-19
4292.00   5.9786e-17
4294.00   7.4690e-20
4296.00   7.0949e-16
4298.00   6.5597e-20
4300.00   3.3924e-17
4302.00   2.5842e-17
4304.00   8.8546e-16
4306.00   1.5959e-15
4308.00   6.1430e-20
4310.00   4.9916e-19
4312.00   3.4765e-17
4314.00   7.0693e-16
4316.00   6.4489e-19
4318.00   5.5135e-18
4320.00   3.2333e-15
4322.00   1.2959e-17
4324.00   1.1116e-19
4326.00   2.9094e-17
4328.00   2.4037e-18
4330.00   7.0867e-17
4332.00   9.9608e-16
4334.00   3.2570e-20
4336.00   6.6724e-18
4338.00   9.4343e-16
4340.00   3.2709e-17
4342.00   1.3635e-18
4344.00   1.8325e-17
4346.00   2.3985e-15
4348.00   2.2058e-17
4350.00   1.9237e-19
4352.00   3.8489e-15
4354.00   4.0890e-19
4356.00   1.5279e-17
4358.00   3.2937e-15
4360.00   5.9268e-15
4362.00   2.4708e-17
4364.00   3.6903e-17
4366.00   8.4357e-19
4368.00   1.0056e-19
4370.00   1.9335e-16
4372.00   3.0587e-15
4374.00   1.4344e-19
4376.00   1.3006e-18
4378.00   1.7908e-18
4380.00   1.5350e-18
4382.00   2.0472e-16
4384.00   1.4862e-15
4386.00   7.4462e-16
4388.00   1.0243e-18
4390.00   8.7301e-23
4392.00   1.4470e-18
4394.00   3.5197e-19
4396.00   6.7281e-20
4398.00   9.5929e-16
4400.00   5.8918e-19
4402.00   1.4798e-17
4404.00   1.5381e-19
4406.00   1.0279e-18
4408.00   1.9861e-18
4410.00   1.2149e-17
4412.00   6.1482e-20
4414.00   6.5693e-15
4416.00   2.3318e-15
4418.00   2.7852e-19
4420.00   1.9183e-18
4422.00   2.2350e-18
4424.00   5.6195e-19
4426.00   3.3853e-19
4428.00   3.6027e-18
4430.00   6.8603e-19
4432.00   1.7062e-16
4434.00   5.4275e-19
4436.00   2.8452e-18
4438.00   1.9896e-19
4440.00   6.6918e-16
4442.00   2.2398e-18
4444.00   7.1212e-18
4446.00   2.3252e-18
4448.00   1.5101e-18
4450.00   9.3424e-19
4452.00   2.7345e-15
4454.00   1.1821e-18
4456.00   1.8754e-17
4458.00   9.8378e-16
4460.00   2.3477e-19
4462.00   3.2130e-17
4464.00   5.0603e-19
4466.00   3.8203e-18
4468.00   1.4309e-18
4470.00   5.6236e-17
4472.00   1.0151e-15
4474.00   1.3141e-15
4476.00   1.2330e-19
4478.00   6.8188e-19
4480.00   4.5636e-17
4482.00   3.6647e-21
4484.00   2.1713e-19
4486.00   9.2813e-20
4488.00   4.6997e-16
4490.00   1.4724e-15
4492.00   1.0924e-15
4494.00   3.1094e-18
4496.00   8.3574e-20
4498.00   2.1663e-18
4500.00   2.4966e-19
4502.00   4.1167e-19
4504.00   1.2998e-18
4506.00   5.0061e-19
4508.00   9.0398e-16
4510.00   1.2094e-16
4512.00   6.1003e-20
4514.00   2.3141e-16
4516.00   9.0652e-16
4518.00   9.3944e-20
4520.00   2.0237e-15
4522.00   1.0782e-15
4524.00   2.0843e-18
4526.00   8.2768e-18
4528.00   1.3838e-16
4530.00   2.6320e-18
4532.00   4.8271e-20
4534.00   4.5554e-16
4536.00   2.9832e-19
4538.00   5.9233e-19
4540.00   1.5956e-20
4542.00   8.3916e-16
4544.00   4.2086e-19
4546.00   1.9448e-19
4548.00   2.3875e-19
4550.00   1.3756e-15
4552.00   2.8028e-19
4554.00   2.0959e-19
4556.00   1.5403e-15
4558.00   1.3089e-20
4560.00   9.9296e-20
4562.00   2.4285e-19
4564.00   6.8742e-19
4566.00   1.2757e-19
4568.00   6.6717e-19
4570.00   3.7488e-19
4572.00   1.7943e-19
4574.00   2.8316e-20
4576.00   1.2975e-15
4578.00   8.4315e-18
4580.00   4.8623e-17
4582.00   8.5963e-16
4584.00   1.9232e-15
4586.00   7.4770e-18
4588.00   4.9758e-19
4590.00   8.3068e-19
4592.00   1.1734e-18
4594.00   4.8074e-18
4596.00   3.7123e-16
4598.00   1.4824e-17
4600.00   5.7590e-22
4602.00   2.0624e-18
4604.00   5.6480e-17
4606.00   5.4664e-19
4608.00   7.2789e-20
4610.00   5.1921e-19
4612.00   2.5697e-18
4614.00   9.1920e-20
4616.00   3.3204e-20
4618.00   2.7270e-19
4620.00   1.5609e-15
4622.00   7.1239e-19
4624.00   2.7172e-19
4626.00   1.3382e-18
4628.00   1.5394e-17
4630.00   3.9132e-15
4632.00   1.2807e-15
4634.00   2.6109e-18
4636.00   2.6943e-19
4638.00   1.0654e-18
4640.00   5.7621e-16
4642.00   1.8114e-19
4644.00   3.7087e-18
4646.00   6.6069e-22
4648.00   5.1289e-16
4650.00   1.1118e-19
4652.00   4.9527e-19
4654.00   1.9478e-20
4656.00   2.0887e-17
4658.00   5.7513e-19
4660.00   3.9896e-20
4662.00   4.0120e-18
4664.00   1.9909e-16
4666.00   1.6446e-15
4668.00   5.5415e-18
4670.00   3.8706e-17
4672.00   3.9341e-19
4674.00   4.7650e-21
4676.00   8.2058e-20
4678.00   2.0670e-19
4680.00   9.5793e-21
4682.00   2.9841e-21
4684.00   3.8638e-19
4686.00   5.1150e-19
4688.00   2.7557e-16
4690.00   3.9719e-20
4692.00   5.9244e-20
4694.00   8.1066e-20
4696.00   5.8678e-19
4698.00   6.0256e-19
4700.00   2.7970e-19
4702.00   4.7483e-19
4704.00   2.0440e-17
4706.00   1.0297e-18
4708.00   1.2109e-19
4710.00   3.6232e-19
4712.00   7.0172e-22
4714.00   3.2567e-18
4716.00   1.6806e-16
4718.00   4.0764e-19
4720.00   3.6398e-17
4722.00   7.6919e-19
4724.00   2.2812e-19
4726.00   4.6043e-20
4728.00   1.2536e-15
4730.00   2.2569e-19
4732.00   1.1519e-16
4734.00   5.7450e-20
4736.00   8.4228e-20
4738.00   2.0172e-18
4740.00   7.5355e-20
4742.00   7.9572e-20
4744.00   2.4039e-17
4746.00   1.0798e-16
4748.00   3.4037e-20
4750.00   6.8432e-17
4752.00   6.1718e-20
4754.00   4.6152e-19
4756.00   3.7567e-19
4758.00   4.9699e-20
4760.00   3.7529e-18
4762.00   1.6306e-20
4764.00   8.6593e-20
4766.00   8.0533e-20
4768.00   1.4651e-19
4770.00   1.0833e-20
4772.00   6.0480e-17
4774.00   1.1222e-15
4776.00   2.2765e-19
4778.00   3.3032e-18
4780.00   1.4256e-19
4782.00   6.7561e-21
4784.00   1.5519e-20
4786.00   1.0064e-18
4788.00   5.3037e-22
4790.00   1.8251e-20
4792.00   7.6673e-20
4794.00   1.7738e-21
4796.00   3.9543e-19
4798.00   1.6965e-16
4800.00   3.4755e-18
4802.00   1.7298e-19
4804.00   5.2628e-19
4806.00   1.1031e-19
4808.00   2.5398e-19
4810.00   3.5270e-18
4812.00   5.6054e-20
4814.00   2.5320e-15
4816.00   3.8121e-19
4818.00   1.1340e-18
4820.00   1.2549e-19
4822.00   3.8704e-20
4824.00   1.9119e-18
4826.00   7.2028e-16
4828.00   5.8515e-20
4830.00   3.4789e-19
4832.00   3.0814e-17
4834.00   7.5016e-17
4836.00   3.2978e-19
4838.00   8.8585e-20
4840.00   4.8219e-17
4842.00   2.8403e-19
4844.00   2.7141e-18
4846.00   2.0062e-18
4848.00   2.2527e-17
4850.00   3.9534e-20
4852.00   1.2275e-16
4854.00   5.3939e-20
4856.00   1.2827e-17
4858.00   1.9018e-20
4860.00   8.6844e-20
4862.00   3.2970e-20
4864.00   3.2095e-20
4866.00   9.4901e-19
4868.00   1.7252e-16
4870.00   1.6583e-17
4872.00   2.2981e-17
4874.00   1.4695e-15
4876.00   4.1706e-18
4878.00   1.8263e-19
4880.00   6.5074e-19
4882.00   1.7574e-19
4884.00   2.7048e-19
4886.00   9.3110e-18
4888.00   1.4796e-19
4890.00   1.7139e-15
4892.00   1.1961e-18
4894.00   1.4046e-17
4896.00   1.7943e-18
4898.00   4.2267e-16
4900.00   9.3919e-20
4902.00   7.4499e-18
4904.00   2.2997e-16
4906.00   1.5219e-15
4908.00   2.3802e-21
4910.00   3.9105e-20
4912.00   5.3653e-19
4914.00   4.3623e-21
4916.00   2.0090e-20
4918.00   1.8172e-19
4920.00   9.1068e-20
4922.00   3.9330e-18
4924.00   1.2501e-15
4926.00   1.5395e-19
4928.00   2.7805e-18
4930.00   5.4042e-21
4932.00   3.6814e-18
4934.00   2.3751e-20
4936.00   9.7391e-19
4938.00   4.0120e-20
4940.00   4.0680e-20
4942.00   5.3010e-20
4944.00   4.6225e-19
4946.00   3.9696e-19
4948.00   2.8042e-15
4950.00   9.8064e-16
4952.00   1.6449e-17
4954.00   3.5050e-17
4956.00   2.0283e-19
4958.00   2.4049e-17
4960.00   5.0928e-20
4962.00   2.5156e-19
4964.00   1.4662e-20
4966.00   4.5406e-18
4968.00   3.8802e-19
4970.00   3.4758e-19
4972.00   5.8816e-19
4974.00   1.1442e-15
4976.00   2.8867e-17
4978.00   5.5778e-20
4980.00   1.5268e-19
4982.00   7.9115e-21
4984.00   1.9347e-21
4986.00   1.0343e-18
4988.00   4.4505e-18
4990.00   7.0908e-21
4992.00   8.3970e-18
4994.00   4.9179e-17
4996.00   7.7549e-20
4998.00   3.5238e-18
5000.00   1.1501e-17
5002.00   2.7633e-20
5004.00   1.9438e-19
5006.00   2.0993e-15
5008.00   5.2077e-21
5010.00   3.9679e-21
5012.00   1.9003e-21
5014.00   1.2010e-19
5016.00   1.8146e-18
5018.00   1.4745e-15
5020.00   1.0245e-15
5022.00   1.0897e-18
5024.00   3.6785e-20
5026.00   4.6444e-20
5028.00   2.8883e-17
5030.00   6.4637e-19
5032.00   7.0529e-22
5034.00   7.7163e-21
5036.00   3.7611e-18
5038.00   1.4762e-21
5040.00   4.3249e-16
5042.00   8.6712e-20
5044.00   7.0381e-16
5046.00   1.2002e-17
5048.00   1.0317e-16
5050.00   1.8529e-15
5052.00   3.5279e-19
5054.00   1.2539e-19
5056.00   6.0138e-19
5058.00   5.5581e-20
5060.00   1.7380e-16
5062.00   6.4139e-20
5064.00   1.9268e-20
5066.00   1.0459e-17
5068.00   2.2277e-22
5070.00   1.4346e-19
5072.00   4.4041e-15
5074.00   5.4593e-18
5076.00   4.9003e-16
5078.00   3.0352e-20
5080.00   1.3416e-19
5082.00   1.1211e-21
5084.00   6.8382e-18
5086.00   1.8645e-17
5088.00   3.7875e-20
5090.00   1.7843e-19
5092.00   2.4162e-21
5094.00   2.5353e-18
5096.00   2.7852e-19
5098.00   4.5348e-21
5100.00   6.4567e-17
5102.00   4.3897e-19
5104.00   8.0930e-21
5106.00   8.6293e-20
5108.00   7.2093e-16
5110.00   2.4328e-20
5112.00   2.8672e-15
5114.00   1.7677e-22
5116.00   2.9727e-20
5118.00   2.3851e-21
5120.00   2.1914e-17
5122.00   8.4582e-20
5124.00   1.5113e-18
5126.00   1.8376e-18
5128.00   1.2709e-17
5130.00   3.4174e-19
5132.00   5.7865e-17
5134.00   1.1895e-19
5136.00   2.8206e-17
5138.00   1.1097e-20
5140.00   1.0559e-20
5142.00   7.0328e-20
5144.00   4.9310e-20
5146.00   3.3627e-17
5148.00   1.0116e-19
5150.00   1.9289e-17
5152.00   3.9543e-21
5154.00   4.5379e-17
5156.00   4.5773e-21
5158.00   1.7381e-14
5160.00   1.5368e-17
5162.00   2.1057e-17
5164.00   1.9971e-16
5166.00   1.0038e-19
5168.00   6.9042e-19
5170.00   1.7849e-15
5172.00   3.6596e-16
5174.00   5.4333e-24
5176.00   1.2257e-20
5178.00   3.3809e-18
5180.00   1.5641e-18
5182.00   1.0147e-15
5184.00   1.4366e-15
5186.00   2.9417e-17
5188.00   1.2097e-19
5190.00   4.6553e-21
5192.00   1.9195e-18
5194.00   9.3108e-20
5196.00   5.7532e-22
5198.00   2.0496e-15
5200.00   4.1800e-17
5202.00   3.1147e-22
5204.00   2.3817e-20
5206.00   9.2840e-19
5208.00   1.7063e-20
5210.00   6.1163e-19
5212.00   5.0903e-20
5214.00   5.8469e-20
5216.00   2.1778e-19
5218.00   2.8227e-18
5220.00   4.3286e-16
5222.00   8.0888e-20
5224.00   1.4281e-19
5226.00   3.7360e-19
5228.00   3.6322e-18
5230.00   2.2248e-23
5232.00   1.5520e-18
5234.00   2.2292e-15
5236.00   1.1586e-18
5238.00   1.0284e-17
5240.00   3.7916e-19
5242.00   5.4315e-20
5244.00   6.4863e-19
5246.00   5.4286e-20
5248.00   5.3478e-20
5250.00   5.4501e-19
5252.00   1.4722e-18
5254.00   7.7528e-16
5256.00   1.4105e-16
5258.00   1.2360e-18
5260.00   4.3182e-19
5262.00   9.1814e-15
5264.00   1.4682e-16
5266.00   1.2831e-22
5268.00   1.3375e-15
5270.00   2.6005e-19
5272.00   5.2437e-17
5274.00   4.7981e-15
5276.00   2.9536e-15
5278.00   2.8163e-17
5280.00   7.7808e-18
5282.00   2.6973e-19
5284.00   1.4939e-15
5286.00   2.1268e-19
5288.00   7.7139e-20
5290.00   8.5249e-20
5292.00   7.2399e-19
5294.00   3.8367e-19
5296.00   5.6590e-16
5298.00   2.4507e-18
5300.00   1.2787e-19
5302.00   2.1728e-20
5304.00   4.0285e-18
5306.00   3.4174e-20
5308.00   8.2789e-20
5310.00   3.7065e-19
5312.00   2.0581e-20
5314.00   1.9824e-18
5316.00   5.1294e-15
5318.00   3.8636e-20
5320.00   6.1318e-19
5322.00   3.7565e-19
5324.00   3.6410e-18
5326.00   1.1368e-15
5328.00   3.3008e-20
5330.00   2.5086e-19
5332.00   3.7435e-19
5334.00   4.0653e-15
5336.00   2.2528e-19
5338.00   4.3333e-17
5340.00   4.3961e-19
5342.00   2.3546e-19
5344.00   3.5676e-19
5346.00   4.0003e-17
5348.00   4.1293e-16
5350.00   1.0557e-19
5352.00   2.9905e-19
5354.00   4.1733e-19
5356.00   7.6142e-20
5358.00   3.2790e-18
5360.00   1.5730e-18
5362.00   6.4560e-16
5364.00   2.4525e-18
5366.00   5.8146e-19
5368.00   1.4731e-19
5370.00   3.4868e-19
5372.00   1.7149e-20
5374.00   1.9386e-22
5376.00   4.2318e-15
5378.00   1.1931e-19
5380.00   3.5104e-19
5382.00   1.3154e-18
5384.00   9.4386e-18
5386.00   1.3899e-19
5388.00   3.8812e-18
5390.00   2.7872e-20
5392.00   2.7068e-20
5394.00   2.6127e-18
5396.00   1.1324e-18
5398.00   1.9746e-20
5400.00   2.8901e-20
5402.00   1.2568e-19
5404.00   1.2749e-19
5406.00   1.1060e-19
5408.00   2.3462e-18
5410.00   1.9180e-18
5412.00   5.0488e-16
5414.00   7.1607e-17
5416.00   1.5696e-19
5418.00   6.2482e-20
5420.00   1.0608e-18
5422.00   3.1009e-19
5424.00   5.4926e-19
5426.00   1.6430e-15
5428.00   3.6956e-17
5430.00   4.3581e-21
5432.00   1.7683e-17
5434.00   1.4465e-15
5436.00   1.3513e-18
5438.00   3.7453e-18
5440.00   6.3926e-18
5442.00   9.0258e-20
5444.00   4.4962e-19
5446.00   6.9353e-18
5448.00   6.7909e-21
5450.00   1.0798e-17
5452.00   1.1182e-18
5454.00   1.3163e-19
5456.00   4.8192e-20
5458.00   5.5130e-20
5460.00   6.4412e-20
5462.00   1.0982e-24
5464.00   4.9633e-22
5466.00   4.4312e-18
5468.00   8.1995e-19
5470.00   7.1630e-19
5472.00   3.5156e-20
5474.00   1.2808e-20
5476.00   2.8608e-21
5478.00   1.4486e-16
5480.00   1.3988e-20
5482.00   1.2409e-19
5484.00   2.7051e-19
5486.00   5.9395e-18
5488.00   1.2064e-18
5490.00   4.1308e-20
5492.00   2.3125e-21
5494.00   5.0198e-23
5496.00   2.6250e-16
5498.00   7.4680e-18
5500.00   1.8737e-18
5502.00   1.9718e-18
5504.00   5.0507e-19
5506.00   2.2550e-18
5508.00   4.0776e-19
5510.00   1.9052e-18
5512.00   4.0746e-19
5514.00   3.2582e-19
5516.00   4.2955e-21
5518.00   5.8081e-19
5520.00   1.4160e-18
5522.00   1.2903e-19
5524.00   2.0059e-19
5526.00   3.8013e-18
5528.00   1.0211e-15
5530.00   2.6188e-17
5532.00   3.2237e-18
5534.00   1.6178e-16
5536.00   4.2689e-20
5538.00   3.4281e-18
5540.00   3.1751e-19
5542.00   6.2804e-19
5544.00   6.8152e-18
5546.00   9.8159e-18
5548.00   6.7926e-20
5550.00   3.9668e-20
5552.00   2.2112e-16
5554.00   3.0183e-19
5556.00   3.0441e-16
5558.00   9.1341e-21
5560.00   1.8360e-19
5562.00   5.5742e-20
5564.00   3.4013e-20
5566.00   2.4426e-18
5568.00   1.9953e-17
5570.00   1.5571e-19
5572.00   4.3607e-19
5574.00   1.3018e-18
5576.00   1.4433e-22
5578.00   7.8205e-20
5580.00   1.7196e-16
5582.00   2.4945e-18
5584.00   2.3726e-21
5586.00   9.7704e-18
5588.00   1.0439e-16
5590.00   4.4955e-21
5592.00   4.2806e-18
5594.00   2.8708e-22
5596.00   9.5266e-19
5598.00   9.1408e-21
5600.00   2.8200e-19
5602.00   7.8977e-20
5604.00   3.2798e-21
5606.00   1.1794e-20
5608.00   1.7296e-18
5610.00   1.1668e-19
5612.00   1.7665e-18
5614.00   1.3362e-16
5616.00   3.6731e-19
5618.00   8.4230e-19
5620.00   1.7073e-19
5622.00   5.9397e-20
5624.00   9.7593e-18
5626.00   4.2293e-18
5628.00   1.2311e-16
5630.00   3.4407e-18
5632.00   3.5686e-19
5634.00   6.4947e-20
5636.00   1.9320e-19
5638.00   1.1533e-18
5640.00   1.2728e-19
5642.00   7.7838e-22
5644.00   4.4793e-17
5646.00   1.9934e-21
5648.00   1.3679e-17
5650.00   1.5061e-16
5652.00   2.0621e-18
5654.00   1.0697e-16
5656.00   2.3299e-17
5658.00   8.3634e-17
5660.00   1.3169e-18
5662.00   2.4708e-18
5664.00   2.0626e-18
5666.00   1.5868e-17
5668.00   1.8847e-19
5670.00   2.7024e-17
5672.00   1.1163e-21
5674.00   1.8072e-16
5676.00   8.7301e-19
5678.00   1.6639e-19
5680.00   2.3471e-18
5682.00   9.2467e-20
5684.00   1.5497e-18
5686.00   2.2024e-22
5688.00   1.7692e-21
5690.00   1.3401e-16
5692.00   1.2625e-17
5694.00   3.3290e-22
5696.00   1.3217e-19
5698.00   7.6010e-24
5700.00   1.5599e-18
5702.00   3.1622e-20
5704.00   3.7536e-19
5706.00   1.1233e-19
5708.00   2.0698e-18
5710.00   5.3375e-20
5712.00   1.2345e-17
5714.00   1.7858e-20
5716.00   6.9006e-18
5718.00   9.1570e-17
5720.00   1.0026e-21
5722.00   1.2116e-17
5724.00   4.4307e-19
5726.00   5.4851e-17
5728.00   1.1113e-19
5730.00   7.4771e-19
5732.00   2.0888e-17
5734.00   4.4224e-18
5736.00   1.0842e-22
5738.00   4.9565e-18
5740.00   4.5337e-21
5742.00   3.3149e-18
5744.00   2.4743e-18
5746.00   2.2664e-16
5748.00   1.1038e-18
5750.00   7.8990e-18
5752.00   4.3347e-20
5754.00   7.4032e-18
5756.00   1.5324e-17
5758.00   2.4035e-19
5760.00   6.2605e-19
5762.00   1.7201e-18
5764.00   2.6940e-21
5766.00   2.9040e-18
5768.00   4.1882e-18
5770.00   1.6325e-20
5772.00   5.4965e-21
5774.00   5.6763e-20
5776.00   2.2187e-18
5778.00   1.1061e-18
5780.00   8.4488e-18
5782.00   3.5409e-17
5784.00   6.0297e-19
5786.00   6.4124e-21
5788.00   1.6595e-19
5790.00   1.7448e-19
5792.00   7.2538e-20
5794.00   1.9755e-19
5796.00   2.8943e-18
5798.00   4.2706e-17
5800.00   2.1918e-20
5802.00   1.8897e-18
5804.00   2.6159e-19
5806.00   4.9238e-20
5808.00   1.6129e-18
5810.00   7.6718e-19
5812.00   1.4646e-18
5814.00   2.5636e-17
5816.00   1.9416e-21
5818.00   2.8194e-20
5820.00   2.8864e-24
5822.00   1.3696e-19
5824.00   4.7462e-18
5826.00   1.8258e-18
5828.00   2.1095e-21
5830.00   1.5551e-17
5832.00   4.4917e-19
5834.00   7.4225e-19
5836.00   2.1508e-16
5838.00   1.1807e-21
5840.00   1.8377e-20
5842.00   1.1282e-17
5844.00   7.5594e-18
5846.00   6.8110e-22
5848.00   2.4461e-17
5850.00   2.1966e-19
5852.00   9.1261e-20
5854.00   8.4705e-18
5856.00   7.8918e-20
5858.00   2.8315e-18
5860.00   3.0680e-18
5862.00   7.7980e-19
5864.00   6.3943e-18
5866.00   8.3361e-21
5868.00   2.9303e-19
5870.00   2.3093e-16
5872.00   1.3812e-21
5874.00   4.0783e-20
5876.00   2.0940e-20
5878.00   1.2046e-20
5880.00   2.1700e-17
5882.00   1.2818e-20
5884.00   2.0664e-20
5886.00   1.2580e-19
5888.00   2.4408e-20
5890.00   2.8896e-22
5892.00   2.8432e-18
5894.00   1.4488e-20
5896.00   2.7510e-19
5898.00   2.1662e-18
5900.00   4.4551e-21
5902.00   3.8978e-17
5904.00   9.0571e-20
5906.00   4.8771e-20
5908.00   9.8018e-19
5910.00   3.6328e-18
5912.00   2.4564e-19
5914.00   1.0500e-16
5916.00   2.0617e-21
5918.00   3.6440e-21
5920.00   8.0665e-20
5922.00   1.7520e-17
5924.00   1.0048e-17
5926.00   4.0481e-19
5928.00   5.4284e-22
5930.00   2.3603e-18
5932.00   1.2228e-17
5934.00   2.0438e-21
5936.00   6.6236e-23
5938.00   1.3440e-19
5940.00   4.6937e-20
5942.00   2.3760e-20
5944.00   2.6297e-19
5946.00   5.7415e-19
5948.00   1.3477e-19
5950.00   2.7117e-20
5952.00   1.6090e-17
5954.00   6.4472e-22
5956.00   1.8778e-17
5958.00   1.9846e-21
5960.00   1.7311e-21
5962.00   9.0576e-18
5964.00   1.3609e-20
5966.00   5.5593e-23
5968.00   6.1201e-18
5970.00   4.1455e-19
5972.00   5.3995e-19
5974.00   5.0134e-20
5976.00   1.1426e-20
5978.00   4.5580e-21
5980.00   3.9768e-21
5982.00   3.0882e-17
5984.00   8.5654e-19
5986.00   1.9241e-18
5988.00   3.6416e-20
5990.00   2.0289e-19
5992.00   2.5325e-16
5994.00   1.9356e-18
5996.00   7.7017e-20
5998.00   1.0218e-19
6000.00   2.4418e-20
6002.00   1.7765e-19
6004.00   7.0373e-17
6006.00   7.6983e-19
6008.00   8.5494e-21
6010.00   1.3477e-21
6012.00   2.9208e-21
6014.00   1.4334e-19
6016.00   1.3544e-17
6018.00   1.9570e-17
6020.00   8.9505e-22
6022.00   7.1365e-18
6024.00   6.7950e-20
6026.00   3.6234e-22
6028.00   1.2615e-19
6030.00   8.1973e-21
6032.00   7.8832e-19
6034.00   9.4713e-19
6036.00   1.8891e-19
6038.00   3.8097e-20
6040.00   6.2826e-18
6042.00   2.3770e-20
6044.00   2.5509e-16
6046.00   9.5856e-18
6048.00   5.5945e-19
6050.00   1.3615e-17
6052.00   2.4788e-19
6054.00   1.0878e-20
6056.00   2.2564e-23
6058.00   7.2481e-20
6060.00   1.0845e-16
6062.00   7.0792e-21
6064.00   3.9746e-19
6066.00   1.4385e-24
6068.00   5.2697e-19
6070.00   1.6856e-18
6072.00   1.1175e-19
6074.00   4.7590e-20
6076.00   1.1732e-18
6078.00   3.6677e-17
6080.00   4.8899e-19
6082.00   2.1940e-22
6084.00   4.2940e-17
6086.00   6.6865e-20
6088.00   1.5644e-17
6090.00   6.1157e-23
6092.00   3.5119e-20
6094.00   1.4119e-18
6096.00   4.7054e-20
6098.00   2.2286e-19
6100.00   1.2151e-19
6102.00   6.4034e-24
6104.00   1.4172e-17
6106.00   1.8420e-19
6108.00   1.4466e-19
6110.00   2.4980e-25
6112.00   4.4147e-21
6114.00   4.5088e-17
6116.00   1.3837e-17
6118.00   4.4989e-19
6120.00   2.1740e-18
6122.00   9.7415e-19
6124.00   2.7684e-23
6126.00   2.3670e-20
6128.00   9.0991e-26
6130.00   2.9856e-17
6132.00   8.7362e-21
6134.00   5.7423e-19
6136.00   1.5597e-20
6138.00   6.4605e-21
6140.00   1.5338e-22
6142.00   6.1346e-18
6144.00   1.7459e-21
6146.00   1.0619e-19
6148.00   3.3678e-16
6150.00   3.3391e-16
6152.00   1.5045e-19
6154.00   2.2901e-18
6156.00   1.9722e-18
6158.00   1.6074e-18
6160.00   1.4416e-18
6162.00   4.6465e-22
6164.00   1.3067e-18
6166.00   2.5533e-19
6168.00   2.1977e-19
6170.00   1.9413e-20
6172.00   2.3314e-17
6174.00   1.0185e-20
6176.00   1.9175e-17
6178.00   2.6774e-19
6180.00   1.2733e-17
6182.00   4.6405e-22
6184.00   1.0705e-17
6186.00   3.6485e-17
6188.00   1.4402e-16
6190.00   1.7740e-19
6192.00   2.8215e-20
6194.00   3.9017e-22
6196.00   1.8388e-18
6198.00   3.5389e-19
6200.00   1.6860e-17
6202.00   2.2268e-19
6204.00   3.7770e-19
6206.00   4.3798e-22
6208.00   2.8126e-21
6210.00   8.5680e-21
6212.00   2.2164e-25
6214.00   2.2247e-19
6216.00   3.9043e-21
6218.00   5.8579e-19
6220.00   3.0773e-18
6222.00   5.8621e-19
6224.00   6.9406e-22
6226.00   1.3643e-25
6228.00   1.3535e-19
6230.00   1.6749e-17
6232.00   4.0937e-18
6234.00   2.4713e-17
6236.00   4.2610e-20
6238.00   5.0630e-16
6240.00   1.1994e-16
6242.00   4.4285e-21
6244.00   3.4641e-19
6246.00   7.9036e-21
6248.00   8.1792e-16
6250.00   1.3230e-24
6252.00   2.0943e-21
6254.00   1.1803e-19
6256.00   1.3768e-18
6258.00   5.1870e-20
6260.00   2.1959e-19
6262.00   2.1375e-17
6264.00   7.4591e-18
6266.00   1.7113e-20
6268.00   7.3686e-21
6270.00   9.0932e-19
6272.00   6.9768e-20
6274.00   1.2148e-18
6276.00   2.0577e-17
6278.00   1.1260e-21
6280.00   1.2944e-17
6282.00   1.8476e-20
6284.00   1.6597e-22
6286.00   3.3663e-23
6288.00   4.4165e-20
6290.00   3.4728e-18
6292.00   6.5071e-20
6294.00   1.0598e-19
6296.00   1.3099e-21
6298.00   5.3813e-20
6300.00   7.2040e-20
6302.00   2.1335e-18
6304.00   5.3580e-19
6306.00   2.4509e-17
6308.00   8.8758e-18
6310.00   3.2006e-18
6312.00   6.2514e-23
6314.00   4.3522e-21
6316.00   4.2322e-19
6318.00   2.2850e-16
6320.00   5.7674e-18
6322.00   1.4055e-18
6324.00   3.5879e-23
6326.00   1.0644e-18
6328.00   4.0964e-19
6330.00   9.4321e-19
6332.00   8.6672e-18
6334.00   1.1098e-23
6336.00   7.3663e-21
6338.00   1.5422e-17
6340.00   4.8909e-19
6342.00   4.3176e-20
6344.00   4.6990e-21
6346.00   8.5619e-18
6348.00   2.8748e-17
6350.00   1.4402e-18
6352.00   6.0259e-25
6354.00   6.8905e-17
6356.00   5.6990e-20
6358.00   1.5881e-20
6360.00   1.0156e-18
6362.00   5.7271e-19
6364.00   3.0638e-20
6366.00   3.3232e-20
6368.00   2.2732e-25
6370.00   7.7811e-17
6372.00   3.3114e-17
6374.00   9.2292e-21
6376.00   1.4621e-22
6378.00   3.9811e-19
6380.00   1.0064e-18
6382.00   3.5896e-20
6384.00   1.1560e-16
6386.00   3.1098e-17
6388.00   1.7608e-18
6390.00   7.7303e-21
6392.00   9.4569e-20
6394.00   9.5520e-20
6396.00   1.2568e-17
6398.00   1.1039e-18
6400.00   9.5346e-20
6402.00   5.1894e-18
6404.00   1.3194e-17
6406.00   2.1706e-20
6408.00   1.0906e-16
6410.00   1.0996e-18
6412.00   8.0704e-21
6414.00   1.5155e-24
6416.00   7.6334e-16
6418.00   1.9412e-19
6420.00   1.8053e-20
6422.00   1.7112e-20
6424.00   6.0516e-20
6426.00   2.3802e-22
6428.00   1.1456e-18
6430.00   6.5041e-22
6432.00   2.7026e-16
6434.00   1.2915e-18
6436.00   8.2871e-20
6438.00   9.5811e-22
6440.00   1.5409e-16
6442.00   1.1816e-17
6444.00   9.3638e-20
6446.00   1.2266e-17
6448.00   1.8550e-23
6450.00   6.4750e-21
6452.00   3.1177e-20
6454.00   6.1225e-19
6456.00   1.8726e-15
6458.00   2.5675e-22
6460.00   3.8445e-22
6462.00   4.8992e-21
6464.00   8.4133e-24
6466.00   2.2165e-17
6468.00   2.9460e-19
6470.00   4.4125e-23
6472.00   3.3814e-19
6474.00   1.0938e-16
6476.00   5.0741e-24
6478.00   7.2822e-26
6480.00   2.6015e-19
6482.00   2.7311e-17
6484.00   2.3022e-19
6486.00   2.9824e-17
6488.00   7.3421e-19
6490.00   7.3758e-22
6492.00   4.6489e-17
6494.00   6.1991e-17
6496.00   2.0567e-21
6498.00   4.8360e-22
6500.00   1.0187e-21
6502.00   1.1576e-22
6504.00   1.0396e-20
6506.00   6.1581e-18
6508.00   2.8565e-17
6510.00   3.0023e-19
6512.00   4.9482e-18
6514.00   5.8507e-20
6516.00   5.2849e-16
6518.00   2.5996e-17
6520.00   2.9494e-20
6522.00   5.3269e-21
6524.00   2.7854e-20
6526.00   3.0300e-23
6528.00   5.7715e-18
6530.00   1.3782e-18
6532.00   2.3496e-17
6534.00   4.3368e-19
6536.00   4.7944e-21
6538.00   2.0750e-19
6540.00   2.7315e-20
6542.00   3.8284e-21
6544.00   4.4983e-18
6546.00   2.7721e-26
6548.00   4.8866e-20
6550.00   2.0617e-19
6552.00   1.5120e-20
6554.00   1.2720e-20
6556.00   3.8996e-20
6558.00   9.2878e-17
6560.00   2.2752e-18
6562.00   2.7551e-17
6564.00   3.5913e-22
6566.00   7.6595e-19
6568.00   2.7629e-23
6570.00   3.3842e-19
6572.00   2.9699e-17
6574.00   1.4801e-17
6576.00   1.0108e-24
6578.00   4.6549e-20
6580.00   7.0112e-20
6582.00   4.8703e-18
6584.00   2.5735e-18
6586.00   3.4267e-17
6588.00   2.8988e-18
6590.00   1.0387e-23
6592.00   4.2930e-20
6594.00   7.6199e-19
6596.00   2.1818e-18
6598.00   5.5182e-18
6600.00   1.0376e-19
6602.00   5.5135e-19
6604.00   4.6395e-20
6606.00   2.6801e-19
6608.00   1.1966e-20
6610.00   6.4662e-18
6612.00   1.1644e-17
6614.00   4.0528e-18
6616.00   1.1232e-20
6618.00   1.3025e-17
6620.00   2.5750e-24
6622.00   3.9277e-21
6624.00   3.5381e-17
6626.00   4.9067e-20
6628.00   1.4679e-18
6630.00   8.1573e-26
6632.00   2.5382e-19
6634.00   3.1236e-21
6636.00   9.6190e-25
6638.00   1.3346e-20
6640.00   6.1073e-20
6642.00   1.0908e-19
6644.00   7.8913e-21
6646.00   4.8816e-26
6648.00   2.5303e-23
6650.00   4.5894e-18
6652.00   5.1419e-17
6654.00   5.0004e-20
6656.00   4.7562e-19
6658.00   1.0311e-17
6660.00   1.0953e-19
6662.00   1.1002e-19
6664.00   4.3265e-22
6666.00   1.2478e-17
6668.00   1.5607e-19
6670.00   1.5581e-19
6672.00   5.4816e-18
6674.00   3.7907e-20
6676.00   1.1844e-21
6678.00   3.0222e-18
6680.00   1.6689e-19
6682.00   1.2461e-17
6684.00   7.6424e-22
6686.00   2.5323e-19
6688.00   1.4884e-19
6690.00   2.5370e-17
6692.00   9.6713e-20
6694.00   2.9636e-18
6696.00   4.7561e-24
6698.00   6.9678e-19
6700.00   2.9970e-17
6702.00   2.3331e-20
6704.00   1.3054e-18
6706.00   5.7435e-19
6708.00   1.2293e-23
6710.00   1.2857e-19
6712.00   6.8630e-22
6714.00   3.3832e-20
6716.00   1.3268e-22
6718.00   3.5619e-22
6720.00   2.4654e-20
6722.00   7.6438e-23
6724.00   1.2344e-19
6726.00   3.0887e-22
6728.00   7.8927e-26
6730.00   2.4790e-17
6732.00   3.4909e-19
6734.00   3.6996e-22
6736.00   5.9179e-21
6738.00   3.5702e-25
6740.00   3.4352e-25
6742.00   9.3487e-21
6744.00   1.0025e-19
6746.00   6.3001e-18
6748.00   2.6096e-21
6750.00   7.7935e-19
6752.00   2.1026e-23
6754.00   1.3034e-19
6756.00   4.7841e-22
6758.00   5.3049e-20
6760.00   1.6934e-19
6762.00   8.2439e-21
6764.00   2.0706e-19
6766.00   6.5225e-20
6768.00   1.2433e-17
6770.00   4.9022e-20
6772.00   1.3756e-20
6774.00   3.6125e-22
6776.00   9.5284e-18
6778.00   5.3840e-22
6780.00   1.3364e-20
6782.00   1.5018e-21
6784.00   7.2547e-23
6786.00   1.1158e-20
6788.00   5.0262e-19
6790.00   3.2175e-21
6792.00   2.4518e-19
6794.00   7.5143e-20
6796.00   3.5523e-19
6798.00   4.5263e-21
6800.00   1.3524e-18
6802.00   4.0394e-20
6804.00   1.2415e-19
6806.00   1.7402e-22
6808.00   4.1499e-27
6810.00   2.9507e-17
6812.00   1.2714e-20
6814.00   4.1453e-20
6816.00   1.1243e-18
6818.00   7.1735e-22
6820.00   5.9879e-18
6822.00   5.6577e-18
6824.00   1.3193e-20
6826.00   3.3717e-19
6828.00   6.8659e-20
6830.00   4.2811e-18
6832.00   3.0522e-18
6834.00   5.7558e-21
6836.00   5.9313e-25
6838.00   4.2687e-19
6840.00   2.9055e-20
6842.00   7.2562e-24
6844.00   1.9035e-19
6846.00   2.0821e-21
6848.00   2.5912e-20
6850.00   4.2996e-21
6852.00   1.7173e-21
6854.00   1.1388e-24
6856.00   1.2337e-17
6858.00   5.9106e-20
6860.00   2.9155e-20
6862.00   1.4847e-17
6864.00   2.9413e-19
6866.00   3.1867e-18
6868.00   3.8406e-21
6870.00   2.6116e-18
6872.00   2.4985e-17
6874.00   1.8691e-16
6876.00   5.1786e-20
6878.00   1.4085e-18
6880.00   3.5536e-25
6882.00   2.7966e-19
6884.00   7.2025e-22
6886.00   2.7372e-20
6888.00   3.5521e-21
6890.00   7.4655e-19
6892.00   9.0338e-20
6894.00   1.0139e-22
6896.00   5.6739e-17
6898.00   8.5388e-27
6900.00   7.5002e-26
6902.00   5.9140e-21
6904.00   2.4563e-25
6906.00   1.0804e-18
6908.00   3.6182e-18
6910.00   1.4688e-21
6912.00   3.7164e-18
6914.00   2.2771e-18
6916.00   4.3661e-21
6918.00   3.6738e-20
6920.00   4.6499e-26
6922.00   3.0453e-19
6924.00   7.0273e-18
6926.00   1.9072e-18
6928.00   6.5673e-21
6930.00   6.0585e-19
6932.00   2.3721e-19
6934.00   3.2747e-18
6936.00   8.2735e-21
6938.00   1.0675e-21
6940.00   3.4090e-19
6942.00   3.2571e-17
6944.00   7.6271e-17
6946.00   7.1270e-19
6948.00   5.1424e-19
6950.00   7.1899e-19
6952.00   2.5294e-22
6954.00   8.8737e-24
6956.00   8.6123e-24
6958.00   2.3864e-19
6960.00   1.4297e-19
6962.00   6.9567e-20
6964.00   3.0510e-19
6966.00   1.8235e-17
6968.00   6.7463e-22
6970.00   7.9758e-21
6972.00   2.7108e-21
6974.00   1.6165e-20
6976.00   1.2341e-21
6978.00   2.8606e-18
6980.00   7.1160e-22
6982.00   2.6187e-21
6984.00   3.0023e-20
6986.00   3.7056e-20
6988.00   4.6710e-21
6990.00   1.0165e-20
6992.00   7.5850e-20
6994.00   2.0476e-18
6996.00   2.2659e-18
6998.00   2.7085e-22
7000.00   7.4203e-19
7002.00   7.3083e-21
7004.00   1.5454e-21
7006.00   2.9144e-22
7008.00   3.0162e-20
7010.00   6.9573e-19
7012.00   3.9596e-18
7014.00   1.8577e-20
7016.00   9.1465e-19
7018.00   6.2616e-18
7020.00   2.0563e-22
7022.00   1.1610e-19
7024.00   1.1492e-21
7026.00   5.6770e-22
7028.00   9.7445e-24
7030.00   2.5943e-18
7032.00   1.6700e-19
7034.00   5.3574e-20
7036.00   3.9974e-21
7038.00   6.5117e-20
7040.00   2.0921e-20
7042.00   1.3143e-20
7044.00   8.9161e-23
7046.00   2.2953e-20
7048.00   2.1052e-17
7050.00   2.5341e-26
7052.00   9.8811e-23
7054.00   4.2286e-18
7056.00   4.1477e-24
7058.00   1.8912e-19
7060.00   1.0702e-18
7062.00   1.1151e-24
7064.00   1.2309e-18
7066.00   1.1386e-20
7068.00   3.3448e-18
7070.00   1.1502e-21
7072.00   1.3820e-24
7074.00   5.1853e-21
7076.00   1.4027e-18
7078.00   8.1971e-21
7080.00   2.8606e-21
7082.00   1.9059e-20
7084.00   3.2914e-20
7086.00   1.8782e-24
7088.00   6.0001e-19
7090.00   1.5356e-19
7092.00   1.2820e-19
7094.00   3.6465e-19
7096.00   7.6426e-23
7098.00   3.9659e-19
7100.00   2.6561e-22
7102.00   2.5496e-22
7104.00   6.6995e-19
7106.00   1.7523e-20
7108.00   1.1044e-21
7110.00   2.8663e-17
7112.00   7.5697e-19
7114.00   1.8134e-18
7116.00   5.4684e-20
7118.00   5.7778e-19
7120.00   4.4569e-23
7122.00   9.3114e-25
7124.00   3.0343e-19
7126.00   9.5582e-23
7128.00   3.4828e-19
7130.00   4.8484e-19
7132.00   2.1634e-17
7134.00   3.2459e-20
7136.00   5.3132e-18
7138.00   1.0672e-20
7140.00   5.5483e-19
7142.00   2.7841e-23
7144.00   4.3028e-24
7146.00   2.1820e-19
7148.00   1.0687e-19
7150.00   2.1528e-19
7152.00   5.6900e-20
7154.00   2.0397e-23
7156.00   2.2514e-15
7158.00   3.8930e-20
7160.00   1.6878e-23
7162.00   1.1817e-18
7164.00   1.1644e-18
7166.00   2.9850e-20
7168.00   1.3202e-18
7170.00   4.0985e-19
7172.00   6.0309e-16
7174.00   1.1432e-19
7176.00   7.2084e-25
7178.00   6.3799e-20
7180.00   3.1840e-17
7182.00   5.1643e-18
7184.00   9.9465e-18
7186.00   2.8525e-18
7188.00   6.5513e-25
7190.00   1.1155e-21
7192.00   1.7773e-17
7194.00   5.1773e-18
7196.00   7.4938e-22
7198.00   7.1294e-21
7200.00   7.6068e-20
7202.00   2.8027e-18
7204.00   5.5959e-18
7206.00   8.0792e-19
7208.00   1.4226e-23
7210.00   1.6688e-22
7212.00   1.1623e-18
7214.00   2.6903e-18
7216.00   8.2721e-19
7218.00   3.9207e-20
7220.00   1.5665e-27
7222.00   8.4594e-17
7224.00   9.3595e-17
7226.00   2.8411e-18
7228.00   2.7428e-21
7230.00   2.3116e-20
7232.00   1.1757e-21
7234.00   9.0677e-21
7236.00   2.8545e-22
7238.00   7.1456e-20
7240.00   4.0369e-20
7242.00   2.3106e-21
7244.00   1.1834e-19
7246.00   1.0489e-19
7248.00   8.5989e-19
7250.00   6.9616e-19
7252.00   2.4664e-24
7254.00   3.8408e-18
7256.00   1.3722e-26
7258.00   1.0839e-23
7260.00   3.5812e-21
7262.00   1.6345e-19
7264.00   6.0127e-18
7266.00   1.8693e-18
7268.00   6.7317e-18
7270.00   9.3628e-21
7272.00   8.4300e-27
7274.00   8.1712e-19
7276.00   4.7330e-19
7278.00   8.7103e-18
7280.00   6.1350e-18
7282.00   4.3668e-18
7284.00   1.1938e-22
7286.00   1.7686e-19
7288.00   7.4472e-18
7290.00   1.3509e-17
7292.00   2.4764e-23
7294.00   2.9340e-20
7296.00   8.0943e-21
7298.00   6.1871e-21
7300.00   3.0956e-20
7302.00   9.4105e-17
7304.00   2.5036e-19
7306.00   8.4183e-19
7308.00   1.3875e-16
7310.00   9.2065e-17
7312.00   2.5003e-21
7314.00   2.8073e-21
7316.00   2.8425e-20
7318.00   1.2022e-18
7320.00   1.0646e-16
7322.00   9.8390e-19
7324.00   1.5041e-20
7326.00   1.2506e-22
7328.00   1.9728e-18
7330.00   1.8790e-18
7332.00   1.4387e-19
7334.00   1.5822e-18
7336.00   4.6034e-17
7338.00   6.8606e-24
7340.00   3.0434e-28
7342.00   4.3734e-21
7344.00   3.7285e-23
7346.00   3.0111e-22
7348.00   4.0370e-26
7350.00   2.3648e-19
7352.00   1.9898e-17
7354.00   1.1399e-19
7356.00   6.2238e-22
7358.00   3.4718e-18
7360.00   8.1158e-21
7362.00   6.7611e-20
7364.00   4.5238e-23
7366.00   4.5245e-20
7368.00   3.1905e-21
7370.00   1.0708e-17
7372.00   2.9019e-22
7374.00   4.2251e-22
7376.00   1.3505e-25
7378.00   2.0957e-21
7380.00   1.6989e-20
7382.00   1.8310e-19
7384.00   5.7521e-23
7386.00   4.2077e-20
7388.00   4.4411e-16
7390.00   2.3515e-19
7392.00   1.7386e-23
7394.00   1.1010e-21
7396.00   2.8092e-22
7398.00   2.4772e-20
7400.00   1.1637e-17
7402.00   3.5371e-18
7404.00   4.9120e-26
7406.00   4.0595e-20
7408.00   1.8705e-20
7410.00   1.5896e-17
7412.00   6.0139e-21
7414.00   3.4193e-19
7416.00   1.0689e-20
7418.00   4.2883e-18
7420.00   4.2539e-18
7422.00   1.5116e-19
7424.00   3.7296e-19
7426.00   9.4924e-19
7428.00   9.8432e-20
7430.00   1.4723e-18
7432.00   5.4351e-19
7434.00   2.7762e-20
7436.00   3.8386e-19
7438.00   1.2088e-19
7440.00   4.9014e-21
7442.00   5.7584e-19
7444.00   2.1989e-26
7446.00   3.1924e-17
7448.00   4.6657e-25
7450.00   1.3651e-16
7452.00   6.9939e-16
7454.00   2.0543e-18
7456.00   9.6362e-20
7458.00   4.2811e-23
7460.00   5.5230e-23
7462.00   2.6739e-16
7464.00   3.8843e-21
7466.00   4.2438e-18
7468.00   9.3850e-25
7470.00   1.6359e-21
7472.00   3.3469e-20
7474.00   1.3106e-22
7476.00   9.6826e-22
7478.00   6.2153e-24
7480.00   5.3800e-18
7482.00   4.6539e-18
7484.00   5.3317e-26
7486.00   3.9763e-20
7488.00   1.1320e-18
7490.00   2.4083e-22
7492.00   1.2911e-20
7494.00   5.0379e-23
7496.00   1.0228e-21
7498.00   1.0618e-19
7500.00   7.3244e-19
7502.00   3.1994e-19
7504.00   8.4349e-19
7506.00   6.0207e-19
7508.00   1.1368e-21
7510.00   1.8866e-20
7512.00   2.8799e-25
7514.00   5.0774e-20
7516.00   1.0880e-16
7518.00   3.4717e-20
7520.00   1.9584e-17
7522.00   2.1492e-21
7524.00   7.1941e-19
7526.00   3.1440e-20
7528.00   4.8287e-22
7530.00   3.2228e-22
7532.00   3.5249e-19
7534.00   1.7448e-16
7536.00   2.3525e-23
7538.00   1.9402e-22
7540.00   2.2434e-18
7542.00   9.7745e-21
7544.00   1.0960e-18
7546.00   1.0003e-25
7548.00   6.3696e-20
7550.00   5.7302e-22
7552.00   8.9912e-19
7554.00   6.1508e-19
7556.00   3.4350e-21
7558.00   5.8833e-21
7560.00   1.4306e-19
7562.00   3.9995e-20
7564.00   9.5784e-20
7566.00   8.5402e-20
7568.00   3.7445e-19
7570.00   2.2644e-21
7572.00   1.1253e-21
7574.00   7.8936e-27
7576.00   8.7476e-19
7578.00   1.6301e-24
7580.00   2.0547e-17
7582.00   2.8595e-19
7584.00   2.4391e-18
7586.00   1.6058e-20
7588.00   4.9309e-21
7590.00   2.8015e-26
7592.00   2.3480e-21
7594.00   5.4604e-21
7596.00   2.7380e-19
7598.00   1.2432e-19
7600.00   1.4970e-19
7602.00   8.0578e-21
7604.00   5.4180e-21
7606.00   3.6017e-20
7608.00   2.4773e-23
7610.00   1.5660e-19
7612.00   1.0722e-25
7614.00   1.2258e-17
7616.00   1.3550e-18
7618.00   5.2036e-18
7620.00   3.9639e-19
7622.00   4.8279e-19
7624.00   6.5004e-23
7626.00   1.2877e-22
7628.00   2.4078e-26
7630.00   3.5280e-20
7632.00   1.6635e-21
7634.00   1.4570e-19
7636.00   7.5347e-23
7638.00   7.0963e-17
7640.00   1.5892e-20
7642.00   1.4595e-19
7644.00   1.0111e-20
7646.00   6.3217e-19
7648.00   1.0018e-17
7650.00   3.9881e-21
7652.00   2.9875e-22
7654.00   7.5570e-18
7656.00   1.5137e-16
7658.00   2.0240e-17
7660.00   7.5303e-18
7662.00   1.9948e-24
7664.00   3.2818e-22
7666.00   2.9682e-17
7668.00   2.1802e-21
7670.00   3.7050e-23
7672.00   1.9949e-17
7674.00   2.7935e-19
7676.00   2.7245e-19
7678.00   1.0466e-20
7680.00   1.4305e-25
7682.00   1.4092e-24
7684.00   4.9640e-23
7686.00   8.3398e-17
7688.00   1.3983e-19
7690.00   4.5452e-19
7692.00   1.9744e-20
7694.00   8.9338e-19
7696.00   3.6878e-21
7698.00   3.1748e-18
7700.00   6.6645e-19
7702.00   5.8034e-20
7704.00   7.0242e-25
7706.00   3.9495e-20
7708.00   3.0525e-20
7710.00   5.8116e-18
7712.00   5.7475e-16
7714.00   4.2429e-20
7716.00   1.0108e-19
7718.00   7.4014e-24
7720.00   1.6089e-17
7722.00   1.1156e-24
7724.00   8.5536e-20
7726.00   1.1331e-22
7728.00   3.8224e-22
7730.00   2.8593e-20
7732.00   8.2748e-20
7734.00   7.6062e-18
7736.00   7.7433e-23
7738.00   1.4282e-17
7740.00   4.2948e-18
7742.00   9.8685e-19
7744.00   4.2383e-23
7746.00   9.3868e-21
7748.00   7.1924e-20
7750.00   7.9265e-25
7752.00   2.1366e-22
7754.00   1.2298e-23
7756.00   4.9480e-22
7758.00   6.8572e-19
7760.00   2.0644e-22
7762.00   7.6169e-20
7764.00   4.5682e-17
7766.00   1.0423e-19
7768.00   6.0568e-24
7770.00   1.0326e-27
7772.00   8.2734e-23
7774.00   5.0475e-19
7776.00   8.0307e-24
7778.00   2.9323e-18
7780.00   3.3047e-22
7782.00   1.1755e-22
7784.00   4.2544e-19
7786.00   3.5152e-22
7788.00   6.2825e-20
7790.00   1.6042e-20
7792.00   1.7395e-19
7794.00   5.7139e-20
7796.00   4.6913e-26
7798.00   2.7526e-18
7800.00   7.2848e-26
7802.00   8.9096e-18
7804.00   1.3704e-18
7806.00   2.2894e-17
7808.00   9.4369e-19
7810.00   2.3415e-22
7812.00   3.7654e-21
7814.00   2.2396e-17
7816.00   2.5176e-19
7818.00   2.8637e-19
7820.00   2.1420e-19
7822.00   3.9767e-23
7824.00   3.1823e-20
7826.00   2.4194e-20
7828.00   1.9062e-23
7830.00   4.2543e-18
7832.00   5.1908e-18
7834.00   1.5099e-19
7836.00   7.1671e-18
7838.00   3.0677e-19
7840.00   1.5996e-18
7842.00   3.0407e-17
7844.00   4.0714e-19
7846.00   7.3862e-20
7848.00   3.2829e-19
7850.00   8.6289e-26
7852.00   8.2509e-20
7854.00   7.6014e-22
7856.00   1.4061e-20
7858.00   1.1009e-24
7860.00   1.1775e-19
7862.00   5.8692e-20
7864.00   9.1372e-23
7866.00   6.6106e-17
7868.00   1.6564e-21
7870.00   3.9026e-20
7872.00   1.8235e-18
7874.00   5.7888e-18
7876.00   1.6558e-23
7878.00   8.7129e-23
7880.00   1.0469e-22
7882.00   2.2431e-18
7884.00   7.7793e-23
7886.00   8.5339e-19
7888.00   3.4328e-22
7890.00   1.8111e-22
7892.00   1.0816e-18
7894.00   4.0132e-18
7896.00   2.6400e-18
7898.00   4.1257e-17
7900.00   2.3100e-18
7902.00   2.4790e-23
7904.00   4.0303e-20
7906.00   2.0937e-20
7908.00   1.0762e-23
7910.00   1.3474e-25
7912.00   1.0731e-20
7914.00   5.8132e-18
7916.00   1.9820e-21
7918.00   8.6407e-17
7920.00   3.1041e-27
7922.00   3.3596e-19
7924.00   3.1823e-26
7926.00   1.5909e-18
7928.00   2.2783e-22
7930.00   3.0907e-19
7932.00   2.0162e-20
7934.00   2.8482e-19
7936.00   2.1255e-23
7938.00   2.2108e-18
7940.00   8.9371e-21
7942.00   3.6664e-20
7944.00   1.9351e-26
7946.00   1.5251e-19
7948.00   1.2477e-18
7950.00   4.9059e-22
7952.00   9.9165e-19
7954.00   1.2022e-18
7956.00   3.8614e-19
7958.00   4.1039e-19
7960.00   2.9167e-27
7962.00   6.5550e-24
7964.00   3.8237e-25
7966.00   6.4539e-21
7968.00   2.2908e-19
7970.00   1.5916e-18
7972.00   1.9385e-22
7974.00   2.0824e-19
7976.00   1.0160e-16
7978.00   1.4130e-19
7980.00   3.3270e-20
7982.00   2.6846e-17
7984.00   5.7153e-20
7986.00   3.8414e-20
7988.00   1.9039e-20
7990.00   4.2046e-22
7992.00   2.5906e-22
7994.00   5.1783e-19
7996.00   2.2090e-18
7998.00   8.2536e-19
8000.00   1.0914e-19
8002.00   6.7603e-22
8004.00   1.6766e-21
8006.00   1.6852e-21
8008.00   7.2688e-18
8010.00   1.8296e-20
8012.00   1.8965e-18
8014.00   1.0919e-18
8016.00   7.6130e-20
8018.00   6.1825e-19
8020.00   5.2725e-23
8022.00   2.9582e-19
8024.00   1.0225e-19
8026.00   1.5073e-22
8028.00   1.4875e-20
8030.00   2.3196e-17
8032.00   2.5586e-18
8034.00   5.7948e-23
8036.00   1.7455e-19
8038.00   1.3962e-17
8040.00   2.6782e-22
8042.00   1.0401e-18
8044.00   2.0868e-19
8046.00   2.1753e-26
8048.00   5.1187e-21
8050.00   1.4231e-20
8052.00   1.0842e-20
8054.00   3.0273e-17
8056.00   2.2882e-26
8058.00   5.2838e-23
8060.00   9.1519e-18
8062.00   1.3435e-20
8064.00   3.1180e-18
8066.00   1.2458e-23
8068.00   4.4314e-20
8070.00   1.4628e-19
8072.00   2.7840e-24
8074.00   2.8018e-18
8076.00   6.0614e-18
8078.00   4.7294e-19
8080.00   2.7158e-18
8082.00   1.8265e-25
8084.00   2.1848e-17
8086.00   4.8679e-18
8088.00   6.7123e-23
8090.00   1.4837e-20
8092.00   3.1847e-18
8094.00   2.3907e-20
8096.00   1.4156e-18
8098.00   4.5719e-20
8100.00   3.4899e-27
8102.00   5.1117e-22
8104.00   9.7763e-19
8106.00   5.7902e-20
8108.00   2.8595e-18
8110.00   6.0933e-23
8112.00   7.2697e-21
8114.00   1.3204e-19
8116.00   6.9675e-26
8118.00   8.7215e-20
8120.00   1.1899e-17
8122.00   1.0101e-18
8124.00   4.1405e-19
8126.00   9.0265e-21
8128.00   1.4264e-19
8130.00   1.2164e-19
8132.00   6.6462e-20
8134.00   2.5883e-23
8136.00   2.2226e-17
8138.00   1.7333e-25
8140.00   2.9941e-21
8142.00   9.5806e-20
8144.00   1.9404e-20
8146.00   2.5328e-20
8148.00   9.6074e-19
8150.00   9.3064e-23
8152.00   5.3925e-19
8154.00   6.1772e-22
8156.00   5.8249e-21
8158.00   1.2108e-18
8160.00   2.1709e-18
8162.00   1.3601e-24
8164.00   4.1341e-19
8166.00   3.4656e-25
8168.00   1.6283e-18
8170.00   6.5437e-23
8172.00   3.5010e-19
8174.00   3.7230e-19
8176.00   6.5949e-27
8178.00   1.0425e-20
8180.00   1.3937e-24
8182.00   4.2189e-21
8184.00   7.7344e-21
8186.00   1.2524e-19
8188.00   1.2127e-23
8190.00   5.3687e-19
8192.00   4.7748e-19
8194.00   4.8443e-21
8196.00   5.3893e-23
8198.00   5.2272e-18
8200.00   5.5042e-21
8202.00   1.7027e-19
8204.00   5.8747e-19
8206.00   1.7205e-19
8208.00   3.1475e-17
8210.00   6.3772e-18
8212.00   5.8750e-18
8214.00   9.4081e-22
8216.00   2.5906e-19
8218.00   2.9742e-20
8220.00   4.3268e-21
8222.00   4.9151e-18
8224.00   6.2446e-24
8226.00   3.1888e-23
8228.00   1.3843e-16
8230.00   1.7313e-21
8232.00   8.6010e-22
8234.00   5.2525e-19
8236.00   7.8761e-25
8238.00   1.9328e-18
8240.00   9.1647e-21
8242.00   3.3711e-19
8244.00   3.6455e-25
8246.00   2.8497e-18
8248.00   2.5846e-18
8250.00   1.8992e-17
8252.00   7.2201e-19
8254.00   2.6304e-20
8256.00   6.8468e-20
8258.00   1.4760e-19
8260.00   5.3175e-17
8262.00   2.5609e-20
8264.00   6.1813e-18
8266.00   2.7912e-21
8268.00   1.4293e-23
8270.00   9.1062e-22
8272.00   1.0433e-20
8274.00   5.4047e-19
8276.00   1.1754e-18
8278.00   6.2815e-20
8280.00   1.0005e-21
8282.00   4.4659e-19
8284.00   2.9164e-18
8286.00   5.4760e-22
8288.00   4.6766e-17
8290.00   3.4299e-18
8292.00   4.0141e-23
8294.00   2.2610e-18
8296.00   4.7766e-20
8298.00   7.6271e-20
8300.00   2.8346e-18
8302.00   5.4184e-18
8304.00   1.1113e-19
8306.00   2.3299e-17
8308.00   1.0582e-19
8310.00   4.1687e-18
8312.00   2.8492e-21
8314.00   4.2476e-20
8316.00   1.7427e-20
8318.00   1.1734e-25
8320.00   3.4160e-21
8322.00   1.4304e-18
8324.00   2.0280e-19
8326.00   7.5871e-27
8328.00   3.0560e-22
8330.00   2.2407e-19
8332.00   2.8138e-21
8334.00   8.5135e-20
8336.00   7.5528e-22
8338.00   7.0298e-19
8340.00   1.9494e-19
8342.00   5.5730e-20
8344.00   2.2946e-19
8346.00   2.0006e-20
8348.00   1.3411e-20
8350.00   4.6514e-23
8352.00   1.9042e-19
8354.00   1.9887e-21
8356.00   8.1165e-20
8358.00   2.4772e-17
8360.00   2.5283e-21
8362.00   1.1722e-25
8364.00   1.2388e-23
8366.00   7.9136e-19
8368.00   9.0815e-18
8370.00   4.0872e-24
8372.00   1.3341e-18
8374.00   2.0814e-20
8376.00   5.4569e-19
8378.00   5.6875e-19
8380.00   8.0314e-26
8382.00   2.4744e-18
8384.00   2.5745e-26
8386.00   5.9901e-18
8388.00   2.6207e-18
8390.00   8.2920e-20
8392.00   3.3265e-19
8394.00   8.5368e-26
8396.00   4.7182e-19
8398.00   7.7166e-18
8400.00   6.8709e-22
8402.00   2.7201e-22
8404.00   3.2249e-17
8406.00   3.2623e-20
8408.00   4.0974e-19
8410.00   2.4479e-21
8412.00   2.3667e-18
8414.00   5.3120e-19
8416.00   2.0039e-19
8418.00   1.1073e-23
8420.00   3.9040e-18
8422.00   2.8968e-21
8424.00   1.6463e-17
8426.00   8.6446e-27
8428.00   5.1459e-21
8430.00   4.1259e-21
8432.00   5.2259e-20
8434.00   5.5077e-20
8436.00   4.3041e-19
8438.00   1.0191e-19
8440.00   1.0685e-20
8442.00   7.2164e-25
8444.00   7.2698e-18
8446.00   6.3209e-20
8448.00   6.4307e-22
8450.00   9.3974e-22
8452.00   7.0179e-19
8454.00   8.7879e-19
8456.00   2.8614e-24
8458.00   5.4927e-20
8460.00   6.5321e-23
8462.00   1.2045e-24
8464.00   3.3680e-21
8466.00   3.4063e-19
8468.00   1.6003e-17
8470.00   2.1840e-17
8472.00   9.4208e-19
8474.00   2.7028e-19
8476.00   6.9322e-21
8478.00   5.8058e-21
8480.00   1.1976e-18
8482.00   2.3020e-19
8484.00   1.4651e-19
8486.00   2.7645e-18
8488.00   1.0164e-23
8490.00   4.0736e-17
8492.00   2.4133e-19
8494.00   7.5080e-22
8496.00   1.2539e-19
8498.00   4.8283e-20
8500.00   2.4933e-17
8502.00   3.0864e-24
8504.00   3.1996e-18
8506.00   1.4252e-19
8508.00   8.6737e-18
8510.00   1.1370e-24
8512.00   5.6009e-22
8514.00   1.6626e-19
8516.00   9.6535e-23
8518.00   4.5261e-18
8520.00   6.3433e-25
8522.00   7.4038e-22
8524.00   1.5925e-18
8526.00   6.9332e-21
8528.00   6.5644e-19
8530.00   7.8906e-21
8532.00   1.3932e-20
8534.00   2.8390e-23
8536.00   4.1781e-22
8538.00   5.7189e-23
8540.00   1.4151e-22
8542.00   1.5075e-24
8544.00   3.5760e-20
8546.00   9.8049e-18
8548.00   3.2047e-19
8550.00   1.6218e-18
8552.00   1.7593e-21
8554.00   9.7028e-19
8556.00   2.0931e-19
8558.00   1.3676e-19
8560.00   9.0880e-28
8562.00   8.6001e-25
8564.00   1.2744e-19
8566.00   5.6131e-21
8568.00   1.7540e-20
8570.00   2.5238e-20
8572.00   1.2247e-19
8574.00   1.2847e-17
8576.00   2.3312e-19
8578.00   2.6670e-21
8580.00   6.1056e-20
8582.00   5.7899e-20
8584.00   3.0649e-22
8586.00   1.3161e-22
8588.00   2.9323e-24
8590.00   3.6936e-20
8592.00   1.0495e-21
8594.00   7.4193e-20
8596.00   2.1967e-16
8598.00   2.2688e-21
8600.00   1.2182e-17
8602.00   1.0800e-20
8604.00   1.2535e-19
8606.00   1.3476e-18
8608.00   4.2915e-25
8610.00   2.6384e-24
8612.00   5.9012e-19
8614.00   2.9140e-25
8616.00   2.3816e-16
8618.00   1.4981e-22
8620.00   2.2900e-21
8622.00   2.0266e-21
8624.00   1.9477e-22
8626.00   6.3269e-19
8628.00   3.3892e-19
8630.00   5.0001e-20
8632.00   4.8971e-23
8634.00   8.8939e-20
8636.00   8.3321e-20
8638.00   1.3527e-22
8640.00   1.2159e-21
8642.00   3.2671e-18
8644.00   1.3287e-22
8646.00   1.3063e-24
8648.00   2.4122e-24
8650.00   1.0965e-18
8652.00   1.4029e-24
8654.00   1.9015e-18
8656.00   7.3485e-20
8658.00   7.1167e-26
8660.00   2.9821e-21
8662.00   3.2867e-22
8664.00   1.5076e-19
8666.00   1.5850e-21
8668.00   1.2437e-20
8670.00   1.6356e-20
8672.00   1.1122e-17
8674.00   6.9673e-24
8676.00   3.1098e-19
8678.00   1.0631e-18
8680.00   1.8664e-26
8682.00   6.0866e-25
8684.00   4.4904e-18
8686.00   1.9160e-24
8688.00   1.1536e-22
8690.00   1.4558e-19
8692.00   4.6122e-23
8694.00   1.2949e-21
8696.00   9.1166e-18
8698.00   1.0756e-26
8700.00   8.0698e-22
8702.00   2.3287e-22
8704.00   3.1730e-19
8706.00   2.4347e-18
8708.00   3.7159e-18
8710.00   3.2765e-26
8712.00   7.4807e-26
8714.00   7.8809e-20
8716.00   4.2142e-17
8718.00   1.2237e-21
8720.00   2.1385e-19
8722.00   1.2562e-16
8724.00   9.0493e-23
8726.00   1.7265e-26
8728.00   1.4166e-22
8730.00   5.3372e-24
8732.00   9.7673e-20
8734.00   4.7290e-18
8736.00   3.3877e-20
8738.00   1.8639e-26
8740.00   1.4965e-18
8742.00   2.9440e-24
8744.00   2.8632e-20
8746.00   1.3986e-19
8748.00   5.3730e-20
8750.00   1.2508e-18
8752.00   1.5744e-19
8754.00   1.0728e-20
8756.00   9.4999e-19
8758.00   2.2069e-18
8760.00   1.2321e-21
8762.00   1.7840e-18
8764.00   1.6017e-20
8766.00   1.4166e-22
8768.00   1.9542e-26
8770.00   7.9948e-25
8772.00   2.0891e-22
8774.00   3.0662e-23
8776.00   8.8508e-19
8778.00   2.8002e-25
8780.00   8.6435e-25
8782.00   4.3129e-22
8784.00   9.8748e-23
8786.00   5.5616e-26
8788.00   3.7779e-22
8790.00   1.2339e-22
8792.00   9.3758e-22
8794.00   6.5613e-19
8796.00   3.5217e-21
8798.00   1.0137e-21
8800.00   1.2880e-25
8802.00   3.3204e-28
8804.00   6.3729e-22
8806.00   2.8595e-17
8808.00   3.4043e-22
8810.00   9.0198e-19
8812.00   7.4639e-21
8814.00   2.0647e-20
8816.00   1.7136e-15
8818.00   9.5259e-22
8820.00   1.6579e-19
8822.00   5.0673e-25
8824.00   6.4539e-18
8826.00   2.4101e-18
8828.00   2.3778e-16
8830.00   2.8200e-22
8832.00   4.1225e-25
8834.00   4.0352e-22
8836.00   4.0002e-23
8838.00   1.2588e-19
8840.00   1.6414e-24
8842.00   7.8644e-21
8844.00   1.0552e-20
8846.00   1.6761e-20
8848.00   2.6560e-18
8850.00   1.3838e-20
8852.00   8.8705e-19
8854.00   2.2395e-20
8856.00   1.8340e-22
8858.00   1.4852e-20
8860.00   6.6242e-18
8862.00   1.4590e-19
8864.00   2.2212e-20
8866.00   4.0918e-28
8868.00   1.2586e-17
8870.00   4.5249e-19
8872.00   8.7058e-28
8874.00   2.5951e-17
8876.00   5.9131e-20
8878.00   1.3255e-24
8880.00   3.0755e-25
8882.00   5.8148e-21
8884.00   5.7332e-20
8886.00   1.9429e-17
8888.00   6.1019e-26
8890.00   8.0369e-19
8892.00   1.4177e-16
8894.00   4.8946e-23
8896.00   2.5560e-21
8898.00   1.9941e-18
8900.00   9.6325e-25
8902.00   2.3306e-20
8904.00   1.3385e-23
8906.00   2.1265e-22
8908.00   3.0174e-21
8910.00   3.3142e-23
8912.00   9.0369e-19
8914.00   1.2582e-24
8916.00   2.3367e-24
8918.00   3.5307e-21
8920.00   1.8485e-17
8922.00   1.7121e-19
8924.00   3.3839e-21
8926.00   2.7211e-16
8928.00   1.2433e-21
8930.00   1.6283e-26
8932.00   2.4609e-19
8934.00   4.2290e-20
8936.00   6.8483e-27
8938.00   8.4876e-16
8940.00   6.1011e-22
8942.00   5.4823e-24
8944.00   1.1954e-19
8946.00   3.1271e-18
8948.00   2.7575e-23
8950.00   1.6951e-19
8952.00   2.6019e-23
8954.00   1.7557e-26
8956.00   1.5167e-16
8958.00   8.6393e-24
8960.00   2.7472e-19
8962.00   2.0122e-22
8964.00   2.4740e-24
8966.00   1.5793e-19
8968.00   9.2965e-21
8970.00   4.7556e-20
8972.00   2.2974e-21
8974.00   9.7941e-27
8976.00   1.0493e-20
8978.00   2.3235e-28
8980.00   2.1612e-22
8982.00   3.1654e-18
8984.00   3.4000e-25
8986.00   5.3205e-21
8988.00   6.5526e-21
8990.00   3.1135e-18
8992.00   3.8993e-24
8994.00   8.6732e-21
8996.00   2.2914e-24
8998.00   2.3718e-25
9000.00   1.0960e-19
9002.00   4.5190e-21
9004.00   3.7183e-26
9006.00   7.7891e-18
9008.00   7.3779e-27
9010.00   2.3559e-21
9012.00   5.2501e-24
9014.00   9.2699e-18
9016.00   7.5564e-26
9018.00   2.6705e-26
9020.00   1.1937e-19
9022.00   3.8880e-25
9024.00   3.4407e-20
9026.00   3.3478e-19
9028.00   1.0676e-18
9030.00   2.6426e-19
9032.00   1.4140e-22
9034.00   5.4221e-17
9036.00   2.3551e-18
9038.00   3.9501e-19
9040.00   8.7884e-27
9042.00   2.5534e-21
9044.00   4.9912e-23
9046.00   3.0325e-27
9048.00   2.7434e-19
9050.00   7.9860e-20
9052.00   3.2624e-16
9054.00   3.1076e-25
9056.00   2.4671e-19
9058.00   6.4959e-19
9060.00   2.5686e-20
9062.00   7.9079e-16
9064.00   1.1625e-22
9066.00   4.8262e-20
9068.00   2.2388e-23
9070.00   4.0681e-16
9072.00   7.1283e-22
9074.00   9.3198e-20
9076.00   5.9761e-17
9078.00   3.2235e-16
9080.00   5.3086e-19
9082.00   5.0590e-20
9084.00   6.7592e-18
9086.00   2.9561e-24
9088.00   1.4037e-21
9090.00   2.2387e-18
9092.00   9.3120e-23
9094.00   5.7081e-26
9096.00   9.9080e-18
9098.00   4.6404e-21
9100.00   3.8550e-21
9102.00   2.3758e-22
9104.00   2.6033e-19
9106.00   4.3971e-20
9108.00   1.8733e-27
9110.00   2.3636e-21
9112.00   4.8107e-19
9114.00   2.3785e-20
9116.00   7.4992e-18
9118.00   3.3276e-21
9120.00   1.1662e-26
9122.00   4.9993e-16
9124.00   1.3320e-26
9126.00   5.7128e-19
9128.00   8.5631e-22
9130.00   1.6963e-19
9132.00   1.0648e-18
9134.00   7.1976e-18
9136.00   8.1855e-21
9138.00   3.3925e-20
9140.00   3.6503e-24
9142.00   1.4003e-22
9144.00   1.3203e-23
9146.00   7.0312e-21
9148.00   1.9460e-25
9150.00   4.8491e-23
9152.00   4.3982e-22
9154.00   3.7527e-20
9156.00   1.5068e-17
9158.00   1.6812e-26
9160.00   2.6555e-23
9162.00   8.8804e-27
9164.00   5.2304e-20
9166.00   1.5806e-24
9168.00   4.2344e-19
9170.00   1.5524e-20
9172.00   1.3703e-17
9174.00   1.3205e-25
9176.00   7.5651e-16
9178.00   3.7609e-16
9180.00   7.9654e-18
9182.00   3.2372e-20
9184.00   4.9832e-21
9186.00   1.3711e-26
9188.00   1.9506e-17
9190.00   1.2650e-22
9192.00   4.2915e-19
9194.00   1.2147e-19
9196.00   1.6047e-16
9198.00   6.2559e-23
9200.00   2.1740e-19
9202.00   7.2580e-18
9204.00   6.7365e-16
9206.00   1.7183e-24
9208.00   4.6937e-25
9210.00   3.0046e-16
9212.00   3.0412e-19
9214.00   1.1454e-18
9216.00   3.1449e-20
9218.00   8.1702e-25
9220.00   6.1983e-22
9222.00   7.6048e-20
9224.00   1.7313e-21
9226.00   1.5559e-16
9228.00   2.8596e-20
9230.00   1.9056e-25
9232.00   1.4479e-17
9234.00   9.5199e-21
9236.00   5.4387e-26
9238.00   9.7374e-19
9240.00   1.0011e-21
9242.00   1.3078e-18
9244.00   1.5106e-20
9246.00   2.0996e-21
9248.00   1.3826e-19
9250.00   1.5416e-20
9252.00   2.1667e-17
9254.00   1.2522e-21
9256.00   4.4174e-26
9258.00   4.5994e-18
9260.00   1.0389e-23
9262.00   5.0750e-29
9264.00   3.6833e-20
9266.00   7.2268e-24
9268.00   1.0620e-16
9270.00   1.3287e-22
9272.00   1.2225e-17
9274.00   7.9473e-19
9276.00   3.8068e-27
9278.00   1.4641e-24
9280.00   1.5330e-28
9282.00   4.0097e-20
9284.00   6.6732e-21
9286.00   6.7747e-19
9288.00   1.8481e-24
9290.00   3.3192e-18
9292.00   1.2374e-26
9294.00   2.1920e-22
9296.00   9.8272e-17
9298.00   1.4939e-18
9300.00   4.4423e-22
9302.00   2.1837e-27
9304.00   1.8844e-17
9306.00   1.1572e-20
9308.00   3.3974e-22
9310.00   1.8224e-21
9312.00   4.2956e-23
9314.00   6.1028e-24
9316.00   9.1400e-18
9318.00   1.0216e-23
9320.00   7.7560e-19
9322.00   2.2102e-19
9324.00   1.3258e-17
9326.00   6.7667e-17
9328.00   8.1711e-18
9330.00   1.6373e-19
9332.00   1.8587e-26
9334.00   2.4583e-24
9336.00   9.1842e-21
9338.00   2.3162e-21
9340.00   7.1778e-24
9342.00   4.2132e-17
9344.00   2.0533e-28
9346.00   1.1652e-22
9348.00   1.8391e-19
9350.00   1.3581e-18
9352.00   9.2884e-18
9354.00   1.1602e-26
9356.00   3.1715e-19
9358.00   9.5240e-19
9360.00   6.1543e-25
9362.00   3.3742e-21
9364.00   3.6050e-25
9366.00   1.1454e-20
9368.00   2.0108e-17
9370.00   4.1402e-26
9372.00   2.1990e-20
9374.00   3.7851e-20
9376.00   2.1825e-17
9378.00   2.0043e-22
9380.00   1.7284e-21
9382.00   3.3712e-18
9384.00   5.9375e-18
9386.00   5.4276e-21
9388.00   3.8233e-17
9390.00   2.1258e-22
9392.00   7.2660e-20
9394.00   3.9684e-21
9396.00   2.7390e-28
9398.00   6.1399e-27
9400.00   1.1856e-16
9402.00   6.0727e-24
9404.00   2.6798e-19
9406.00   3.7376e-21
9408.00   5.5726e-18
9410.00   1.7616e-18
9412.00   9.1709e-21
9414.00   2.1543e-20
9416.00   4.3555e-25
9418.00   8.9970e-18
9420.00   7.4778e-22
9422.00   7.0601e-22
9424.00   1.0204e-21
9426.00   4.3667e-20
9428.00   4.5394e-15
9430.00   3.2377e-21
9432.00   1.5183e-18
9434.00   1.0905e-28
9436.00   3.8931e-18
9438.00   6.6328e-20
9440.00   1.1484e-20
9442.00   7.6027e-20
9444.00   2.8658e-25
9446.00   7.3009e-19
9448.00   6.6292e-21
9450.00   5.9490e-26
9452.00   1.6727e-20
9454.00   4.0572e-25
9456.00   3.1571e-20
9458.00   1.2134e-21
9460.00   2.7033e-22
9462.00   1.9887e-22
9464.00   5.5579e-18
9466.00   4.0076e-18
9468.00   7.7735e-20
9470.00   6.4398e-17
9472.00   8.9036e-22
9474.00   3.2101e-16
9476.00   5.1549e-21
9478.00   4.5504e-21
9480.00   6.3018e-26
9482.00   1.0607e-18
9484.00   9.0175e-24
9486.00   2.3062e-20
9488.00   6.7413e-25
9490.00   1.2698e-18
9492.00   5.1947e-20
9494.00   1.5069e-27
9496.00   3.0515e-20
9498.00   3.4706e-17
9500.00   3.1249e-20
9502.00   9.4178e-27
9504.00   1.0570e-21
9506.00   6.0934e-27
9508.00   3.5604e-22
9510.00   7.4790e-16
9512.00   2.8341e-26
9514.00   4.1944e-17
9516.00   9.0290e-25
9518.00   2.6846e-19
9520.00   4.1464e-20
9522.00   1.9172e-23
9524.00   1.6553e-19
9526.00   1.1256e-17
9528.00   3.4620e-17
9530.00   1.0007e-23
9532.00   1.2936e-17
9534.00   1.5767e-17
9536.00   3.2406e-19
9538.00   3.7316e-25
9540.00   4.3588e-21
9542.00   4.4224e-20
9544.00   1.4415e-26
9546.00   1.0475e-19
9548.00   1.9078e-20
9550.00   1.1330e-17
9552.00   7.0409e-19
9554.00   9.3931e-23
9556.00   4.3322e-16
9558.00   1.0951e-19
9560.00   1.1081e-16
9562.00   7.4534e-27
9564.00   3.2534e-20
9566.00   7.7462e-19
9568.00   2.2307e-19
9570.00   1.7551e-18
9572.00   1.0092e-16
9574.00   2.3547e-20
9576.00   1.9050e-26
9578.00   1.4412e-21
9580.00   3.4445e-20
9582.00   4.2454e-21
9584.00   1.0457e-26
9586.00   7.1748e-22
9588.00   2.8046e-25
9590.00   4.1184e-18
9592.00   1.6080e-20
9594.00   2.8909e-23
9596.00   9.6658e-19
9598.00   1.4724e-19
9600.00   6.8353e-23
9602.00   2.9153e-21
9604.00   2.2532e-27
9606.00   1.0667e-18
9608.00   6.5443e-20
9610.00   3.5921e-21
9612.00   8.9591e-22
9614.00   5.1180e-17
9616.00   4.8933e-27
9618.00   1.6862e-17
9620.00   5.2466e-24
9622.00   3.8889e-26
9624.00   1.1634e-26
9626.00   4.4178e-27
9628.00   1.6646e-26
9630.00   4.4434e-20
9632.00   1.3954e-20
9634.00   6.7675e-18
9636.00   1.0599e-24
9638.00   4.3972e-20
9640.00   6.0058e-21
9642.00   3.3761e-21
9644.00   1.8465e-26
9646.00   2.2177e-20
9648.00   2.0743e-24
9650.00   6.1861e-24
9652.00   1.6402e-17
9654.00   1.1870e-28
9656.00   4.3375e-18
9658.00   2.1929e-24
9660.00   5.4465e-23
9662.00   6.6473e-18
9664.00   1.0650e-19
9666.00   1.5474e-26
9668.00   3.4902e-23
9670.00   1.3350e-18
9672.00   2.1030e-18
9674.00   2.5439e-22
9676.00   1.7470e-19
9678.00   5.5842e-22
9680.00   1.4875e-17
9682.00   9.1634e-17
9684.00   4.8083e-21
9686.00   2.7146e-22
9688.00   3.0471e-27
9690.00   1.5832e-24
9692.00   2.2359e-25
9694.00   1.4090e-26
9696.00   7.9505e-20
9698.00   3.3203e-23
9700.00   3.1865e-21
9702.00   1.0267e-26
9704.00   1.7583e-20
9706.00   5.0138e-24
9708.00   2.9287e-25
9710.00   3.3073e-26
9712.00   9.0521e-19
9714.00   3.3973e-20
9716.00   3.0668e-26
9718.00   3.6367e-19
9720.00   1.6187e-24
9722.00   7.3685e-20
9724.00   9.2518e-21
9726.00   1.5788e-25
9728.00   2.4756e-23
9730.00   4.8964e-20
9732.00   1.3299e-18
9734.00   3.7819e-21
9736.00   3.8973e-20
9738.00   1.0907e-19
9740.00   9.1497e-23
9742.00   2.9071e-19
9744.00   2.0081e-19
9746.00   8.8347e-19
9748.00   1.6871e-20
9750.00   8.5933e-20
9752.00   1.5107e-24
9754.00   6.0666e-23
9756.00   1.3078e-18
9758.00   4.9428e-28
9760.00   5.1776e-24
9762.00   4.5902e-26
9764.00   1.7147e-19
9766.00   3.7520e-19
9768.00   3.8732e-22
9770.00   4.6442e-23
9772.00   2.3189e-22
9774.00   8.0032e-25
9776.00   1.0145e-26
9778.00   5.5132e-25
9780.00   8.7269e-22
9782.00   1.0246e-19
9784.00   1.2550e-28
9786.00   6.4243e-25
9788.00   1.5797e-18
9790.00   4.2974e-20
9792.00   5.7702e-25
9794.00   2.3286e-23
9796.00   5.3107e-18
9798.00   1.0283e-20
9800.00   5.8055e-21
9802.00   1.3427e-25
9804.00   1.4443e-20
9806.00   1.1402e-19
9808.00   1.4978e-19
9810.00   6.8757e-22
9812.00   6.1601e-17
9814.00   3.5674e-23
9816.00   1.7517e-19
9818.00   4.9802e-25
9820.00   2.5380e-23
9822.00   1.4467e-23
9824.00   7.3734e-24
9826.00   2.4301e-19
9828.00   1.8141e-20
9830.00   1.4450e-22
9832.00   6.4563e-30
9834.00   4.8564e-27
9836.00   5.2636e-27
9838.00   1.7759e-20
9840.00   2.1491e-27
9842.00   1.0767e-20
9844.00   5.6104e-18
9846.00   4.7302e-23
9848.00   4.9282e-19
9850.00   4.0657e-18
9852.00   2.8954e-25
9854.00   6.8533e-24
9856.00   9.2331e-26
9858.00   2.7945e-22
9860.00   1.3810e-21
9862.00   4.3398e-19
9864.00   1.3463e-22
9866.00   7.6891e-25
9868.00   2.5989e-18
9870.00   2.5180e-23
9872.00   2.0664e-21
9874.00   1.5296e-20
9876.00   1.1546e-20
9878.00   1.2425e-25
9880.00   1.1202e-17
9882.00   2.0001e-17
9884.00   2.4272e-23
9886.00   2.4035e-25
9888.00   2.3294e-24
9890.00   1.5379e-26
9892.00   2.8146e-23
9894.00   3.5614e-17
9896.00   1.2432e-18
9898.00   1.4260e-20
9900.00   6.5297e-19
9902.00   1.1705e-23
9904.00   7.5813e-19
9906.00   4.9678e-20
9908.00   3.3966e-19
9910.00   6.8855e-17
9912.00   2.3651e-17
9914.00   2.1580e-25
9916.00   1.5488e-22
9918.00   1.4846e-21
9920.00   2.3724e-19
9922.00   8.2691e-21
9924.00   1.6916e-20
9926.00   6.7642e-21
9928.00   3.1467e-27
9930.00   4.5235e-27
9932.00   1.1356e-20
9934.00   2.2772e-22
9936.00   1.1584e-21
9938.00   7.0123e-20
9940.00   2.3450e-22
9942.00   5.4777e-21
9944.00   8.9015e-21
9946.00   3.7458e-18
9948.00   6.1420e-25
9950.00   2.9325e-17
9952.00   2.2312e-26
9954.00   5.3337e-20
9956.00   8.6305e-17
9958.00   3.9881e-19
9960.00   6.4768e-25
9962.00   2.8693e-21
9964.00   4.8206e-27
9966.00   1.4836e-27
9968.00   2.0081e-22
9970.00   3.1075e-20
9972.00   5.3596e-22
9974.00   2.5379e-28
9976.00   1.6598e-18
9978.00   1.2947e-20
9980.00   7.7891e-26
9982.00   4.2267e-20
9984.00   1.1526e-20
9986.00   1.4308e-23
9988.00   1.4249e-28
9990.00   2.2308e-23
9992.00   2.2013e-20
9994.00   4.2444e-21
9996.00   5.5381e-21
9998.00   1.1618e-15
10000.00   3.7422e-25
