1000.00   1.7119e-15
1002.00   6.8540e-16
1004.00   6.6858e-16
1006.00   4.6310e-16
1008.00   2.9360e-16
1010.00   4.7552e-16
1012.00   1.9798e-16
1014.00   6.5612e-16
1016.00   4.6256e-16
1018.00   2.2562e-16
1020.00   5.5969e-16
1022.00   4.4302e-16
1024.00   1.8652e-17
1026.00   2.0157e-18
1028.00   9.8800e-17
1030.00   2.4816e-15
1032.00   3.1278e-15
1034.00   1.4058e-15
1036.00   8.9637e-16
1038.00   4.3413e-17
1040.00   9.6847e-18
1042.00   7.0789e-17
1044.00   6.1672e-16
1046.00   7.5495e-16
1048.00   7.2653e-18
1050.00   5.0133e-16
1052.00   2.2890e-16
1054.00   3.3023e-16
1056.00   4.4934e-15
1058.00   1.4414e-15
1060.00   5.9265e-15
1062.00   1.1581e-15
1064.00   1.2287e-14
1066.00   2.4058e-15
1068.00   1.5367e-14
1070.00   6.3589e-15
1072.00   8.0093e-15
1074.00   1.4367e-14
1076.00   1.4917e-14
1078.00   6.8750e-16
1080.00   6.6391e-16
1082.00   7.0292e-15
1084.00   5.9714e-15
1086.00   1.3601e-15
1088.00   7.9222e-15
1090.00   7.1038e-15
1092.00   2.4934e-15
1094.00   1.3540e-14
1096.00   2.6251e-15
1098.00   1.0554e-14
1100.00   1.5632e-14
1102.00   3.7708e-15
1104.00   1.1867e-15
1106.00   4.7760e-15
1108.00   3.3476e-15
1110.00   2.6933e-15
1112.00   6.3670e-15
1114.00   2.9329e-15
1116.00   3.5481e-15
1118.00   4.0292e-16
1120.00   1.2164e-15
1122.00   1.1650e-14
1124.00   5.6055e-15
1126.00   1.0787e-14
1128.00   1.1714e-14
1130.00   6.6452e-15
1132.00   6.0736e-15
1134.00   8.1175e-15
1136.00   2.1190e-15
1138.00   6.4235e-15
1140.00   5.0133e-15
1142.00   7.9208e-15
1144.00   2.1077e-14
1146.00   9.1727e-15
1148.00   2.5031e-14
1150.00   1.7895e-14
1152.00   1.1263e-14
1154.00   1.2546e-14
1156.00   1.3869e-15
1158.00   4.6830e-15
1160.00   9.6435e-15
1162.00   2.4084e-15
1164.00   1.7014e-15
1166.00   1.8181e-15
1168.00   1.8756e-15
1170.00   5.3572e-15
1172.00   4.7090e-15
1174.00   5.5597e-15
1176.00   4.9155e-15
1178.00   1.3394e-15
1180.00   1.0008e-16
1182.00   2.5388e-15
1184.00   4.5831e-15
1186.00   1.7416e-15
1188.00   4.7726e-15
1190.00   3.3172e-16
1192.00   2.6347e-15
1194.00   1.5146e-16
1196.00   4.3046e-16
1198.00   3.5410e-15
1200.00   4.6805e-15
1202.00   1.6128e-15
1204.00   2.3543e-15
1206.00   7.6292e-16
1208.00   1.5314e-14
1210.00   8.7140e-15
1212.00   1.0845e-14
1214.00   1.0149e-14
1216.00   1.8990e-16
1218.00   3.3413e-14
1220.00   1.2179e-14
1222.00   9.6338e-16
1224.00   8.4832e-16
1226.00   4.4099e-16
1228.00   1.0267e-15
1230.00   1.9965e-16
1232.00   1.1605e-15
1234.00   2.1790e-15
1236.00   1.2578e-15
1238.00   2.2232e-15
1240.00   1.7311e-15
1242.00   1.8510e-15
1244.00   8.4137e-16
1246.00   5.6377e-16
1248.00   1.8555e-15
1250.00   3.5759e-16
1252.00   1.2279e-15
1254.00   3.7289e-16
1256.00   3.1490e-15
1258.00   3.7897e-15
1260.00   1.7968e-16
1262.00   2.2073e-15
1264.00   3.5505e-15
1266.00   1.5202e-14
1268.00   1.9734e-15
1270.00   2.6066e-15
1272.00   3.0676e-15
1274.00   2.0552e-15
1276.00   2.0707e-15
1278.00   1.2093e-15
1280.00   2.7069e-15
1282.00   9.3891e-16
1284.00   7.3108e-16
1286.00   1.5748e-15
1288.00   4.6831e-15
1290.00   8.3242e-15
1292.00   5.0915e-15
1294.00   6.4137e-15
1296.00   7.7560e-15
1298.00   1.7388e-15
1300.00   7.8814e-15
1302.00   2.0041e-16
1304.00   1.4215e-15
1306.00   3.9876e-16
1308.00   1.2336e-15
1310.00   2.2337e-16
1312.00   6.4649e-16
1314.00   2.8277e-15
1316.00   1.0601e-15
1318.00   2.6136e-15
1320.00   2.7169e-15
1322.00   4.3127e-15
1324.00   8.8082e-16
1326.00   7.9993e-16
1328.00   1.4637e-15
1330.00   3.3371e-15
1332.00   4.8565e-15
1334.00   1.8786e-16
1336.00   1.4034e-16
1338.00   7.4161e-16
1340.00   6.8038e-15
1342.00   9.7369e-16
1344.00   1.1283e-15
1346.00   2.2566e-15
1348.00   2.6735e-16
1350.00   1.8110e-15
1352.00   2.0024e-15
1354.00   2.8629e-15
1356.00   1.3200e-15
1358.00   1.1355e-15
1360.00   4.1552e-15
1362.00   7.0829e-15
1364.00   3.8951e-15
1366.00   7.9421e-15
1368.00   4.0437e-15
1370.00   1.8463e-15
1372.00   7.4799e-15
1374.00   8.3009e-15
1376.00   4.4506e-15
1378.00   7.2352e-15
1380.00   4.1305e-15
1382.00   4.7359e-15
1384.00   4.7319e-15
1386.00   2.5368e-15
1388.00   5.6132e-15
1390.00   8.1064e-16
1392.00   4.1469e-15
1394.00   2.6602e-15
1396.00   4.4291e-15
1398.00   4.0699e-15
1400.00   1.1111e-14
1402.00   1.4044e-14
1404.00   5.9868e-15
1406.00   1.9970e-15
1408.00   4.1260e-15
1410.00   4.7500e-15
1412.00   2.7315e-15
1414.00   2.8105e-15
1416.00   2.4140e-14
1418.00   8.0825e-15
1420.00   2.5206e-15
1422.00   2.5204e-15
1424.00   1.5222e-15
1426.00   5.6195e-16
1428.00   2.6651e-15
1430.00   4.0018e-15
1432.00   2.7130e-15
1434.00   6.5383e-16
1436.00   3.5769e-15
1438.00   1.6305e-14
1440.00   6.1164e-15
1442.00   3.7738e-15
1444.00   2.4181e-15
1446.00   1.4127e-15
1448.00   1.5585e-15
1450.00   1.6318e-15
1452.00   5.5770e-15
1454.00   5.9887e-15
1456.00   2.0266e-15
1458.00   1.1807e-15
1460.00   5.8341e-15
1462.00   1.3536e-15
1464.00   4.1192e-15
1466.00   4.2577e-15
1468.00   3.7576e-15
1470.00   5.4531e-16
1472.00   3.4076e-15
1474.00   1.0272e-14
1476.00   6.6265e-15
1478.00   4.0784e-15
1480.00   8.3240e-15
1482.00   5.0953e-16
1484.00   3.7018e-15
1486.00   1.3286e-15
1488.00   2.7152e-15
1490.00   4.3186e-15
1492.00   2.1196e-15
1494.00   3.3302e-16
1496.00   3.8307e-15
1498.00   2.6504e-16
1500.00   3.2912e-16
1502.00   2.7066e-15
1504.00   3.2424e-15
1506.00   6.6753e-15
1508.00   8.3438e-15
1510.00   6.1787e-16
1512.00   7.8616e-15
1514.00   1.5002e-15
1516.00   2.3893e-15
1518.00   1.8185e-16
1520.00   3.7211e-15
1522.00   6.1248e-16
1524.00   3.7906e-16
1526.00   3.7779e-16
1528.00   2.5463e-16
1530.00   8.9399e-17
1532.00   2.1047e-16
1534.00   2.2537e-15
1536.00   2.2945e-15
1538.00   9.6997e-16
1540.00   7.9279e-15
1542.00   1.3554e-15
1544.00   8.8692e-16
1546.00   1.0370e-15
1548.00   2.0549e-14
1550.00   1.0744e-15
1552.00   1.0993e-15
1554.00   1.3179e-15
1556.00   1.2540e-15
1558.00   2.1753e-16
1560.00   3.8325e-15
1562.00   4.9561e-16
1564.00   2.8757e-15
1566.00   7.1056e-16
1568.00   1.2822e-15
1570.00   3.6731e-15
1572.00   2.0009e-15
1574.00   3.8670e-15
1576.00   4.0829e-16
1578.00   3.9182e-15
1580.00   2.3256e-15
1582.00   6.1794e-16
1584.00   1.4112e-15
1586.00   8.3347e-16
1588.00   1.6984e-15
1590.00   1.4400e-16
1592.00   8.5296e-16
1594.00   2.3970e-15
1596.00   3.1057e-16
1598.00   6.6396e-16
1600.00   2.1631e-15
1602.00   8.6266e-16
1604.00   7.7438e-16
1606.00   1.2534e-15
1608.00   6.3911e-15
1610.00   7.8771e-16
1612.00   3.8729e-16
1614.00   1.6645e-15
1616.00   1.6458e-16
1618.00   5.6251e-15
1620.00   5.2962e-16
1622.00   6.6994e-15
1624.00   1.1966e-15
1626.00   3.2010e-15
1628.00   5.2539e-16
1630.00   7.0837e-15
1632.00   7.8292e-15
1634.00   5.6306e-15
1636.00   1.4891e-14
1638.00   3.2653e-15
1640.00   1.1663e-14
1642.00   6.4002e-15
1644.00   2.7378e-15
1646.00   6.7082e-15
1648.00   5.1582e-15
1650.00   9.0877e-15
1652.00   8.0673e-16
1654.00   2.9969e-15
1656.00   5.0442e-16
1658.00   1.1965e-15
1660.00   1.6952e-15
1662.00   5.3514e-16
1664.00   6.4968e-16
1666.00   1.5814e-16
1668.00   2.4115e-15
1670.00   1.5638e-15
1672.00   5.9653e-16
1674.00   3.8425e-15
1676.00   3.7003e-15
1678.00   4.8981e-16
1680.00   2.4892e-15
1682.00   2.6759e-15
1684.00   1.0844e-15
1686.00   1.2285e-15
1688.00   9.6256e-16
1690.00   3.1701e-15
1692.00   6.4030e-16
1694.00   2.1737e-15
1696.00   1.3590e-15
1698.00   1.9139e-15
1700.00   2.7007e-15
1702.00   3.4541e-15
1704.00   4.7460e-16
1706.00   5.5932e-16
1708.00   5.3195e-15
1710.00   3.1731e-15
1712.00   1.1995e-15
1714.00   2.1219e-15
1716.00   3.7690e-15
1718.00   1.7089e-15
1720.00   3.8174e-15
1722.00   1.4309e-15
1724.00   2.5583e-15
1726.00   2.9189e-15
1728.00   8.3383e-16
1730.00   1.0976e-16
1732.00   1.7691e-15
1734.00   7.4271e-16
1736.00   2.7486e-16
1738.00   6.9579e-16
1740.00   5.6260e-17
1742.00   5.4821e-16
1744.00   5.0535e-17
1746.00   1.7512e-15
1748.00   5.9783e-16
1750.00   2.0166e-15
1752.00   2.5208e-17
1754.00   1.7431e-17
1756.00   1.6816e-16
1758.00   2.9671e-16
1760.00   1.6985e-15
1762.00   3.1308e-15
1764.00   1.6369e-15
1766.00   5.7824e-16
1768.00   1.0322e-15
1770.00   1.7776e-15
1772.00   2.3783e-15
1774.00   9.7850e-16
1776.00   1.6562e-15
1778.00   1.8163e-15
1780.00   2.5657e-16
1782.00   3.5194e-15
1784.00   5.7618e-16
1786.00   2.7111e-14
1788.00   1.6540e-14
1790.00   9.7774e-16
1792.00   3.8287e-15
1794.00   2.2596e-15
1796.00   7.2763e-16
1798.00   6.0438e-15
1800.00   1.3152e-16
1802.00   1.6400e-16
1804.00   4.8026e-15
1806.00   3.2106e-15
1808.00   5.3704e-16
1810.00   2.9417e-15
1812.00   4.5970e-16
1814.00   2.8873e-16
1816.00   1.7754e-15
1818.00   1.9032e-15
1820.00   9.7305e-17
1822.00   1.2540e-15
1824.00   1.4472e-15
1826.00   1.4617e-15
1828.00   2.1726e-15
1830.00   1.2491e-15
1832.00   1.2124e-15
1834.00   1.5706e-15
1836.00   1.7939e-15
1838.00   2.9923e-18
1840.00   5.8111e-16
1842.00   5.0622e-16
1844.00   1.1693e-15
1846.00   1.1249e-15
1848.00   2.5541e-15
1850.00   2.2201e-16
1852.00   1.3641e-15
1854.00   2.6065e-16
1856.00   1.4986e-15
1858.00   1.2375e-16
1860.00   4.1046e-16
1862.00   9.0822e-16
1864.00   2.6075e-15
1866.00   6.7083e-16
1868.00   7.2089e-16
1870.00   6.2309e-16
1872.00   8.3244e-16
1874.00   8.0774e-16
1876.00   1.1270e-15
1878.00   2.5248e-15
1880.00   3.7530e-15
1882.00   4.6249e-16
1884.00   1.3478e-15
1886.00   6.4695e-16
1888.00   3.1528e-15
1890.00   9.2004e-16
1892.00   9.4143e-16
1894.00   4.5391e-16
1896.00   1.7414e-15
1898.00   7.3074e-16
1900.00   1.5535e-15
1902.00   3.2201e-15
1904.00   1.0651e-15
1906.00   1.4989e-16
1908.00   8.4080e-17
1910.00   1.8593e-15
1912.00   2.2568e-15
1914.00   7.4289e-17
1916.00   1.5348e-15
1918.00   3.7381e-15
1920.00   5.7818e-16
1922.00   7.1266e-16
1924.00   1.3299e-16
1926.00   4.9276e-15
1928.00   1.2043e-15
1930.00   7.9384e-16
1932.00   2.0924e-15
1934.00   2.6177e-16
1936.00   4.1796e-15
1938.00   8.8980e-17
1940.00   1.6788e-15
1942.00   4.3532e-16
1944.00   4.6855e-15
1946.00   8.9045e-16
1948.00   3.4122e-15
1950.00   1.7437e-16
1952.00   1.7569e-15
1954.00   1.4187e-15
1956.00   3.3502e-15
1958.00   6.2619e-15
1960.00   1.4399e-16
1962.00   1.5448e-15
1964.00   9.3880e-16
1966.00   3.0366e-15
1968.00   1.8177e-15
1970.00   2.7760e-15
1972.00   7.2862e-16
1974.00   1.1636e-15
1976.00   4.1522e-15
1978.00   1.1673e-15
1980.00   1.3272e-16
1982.00   5.0526e-17
1984.00   1.6135e-15
1986.00   3.1679e-15
1988.00   1.3842e-15
1990.00   1.5393e-15
1992.00   2.4525e-16
1994.00   5.9864e-16
1996.00   1.3003e-15
1998.00   7.0218e-17
2000.00   4.8439e-15
2002.00   9.4710e-17
2004.00   2.9031e-15
2006.00   1.0367e-15
2008.00   3.2349e-15
2010.00   2.6384e-15
2012.00   6.5606e-16
2014.00   3.1546e-15
2016.00   2.7810e-15
2018.00   1.4256e-15
2020.00   1.8315e-15
2022.00   1.1614e-16
2024.00   3.7290e-15
2026.00   3.3658e-16
2028.00   2.0138e-15
2030.00   5.0951e-15
2032.00   3.3422e-15
2034.00   1.3470e-15
2036.00   1.5321e-15
2038.00   1.5758e-15
2040.00   3.1949e-15
2042.00   8.8471e-18
2044.00   2.0069e-15
2046.00   3.5009e-17
2048.00   1.6451e-15
2050.00   5.7553e-17
2052.00   1.2965e-15
2054.00   2.8973e-16
2056.00   1.7010e-15
2058.00   9.9336e-16
2060.00   1.0495e-16
2062.00   3.6588e-16
2064.00   1.6248e-15
2066.00   1.4262e-15
2068.00   8.2673e-16
2070.00   4.2633e-15
2072.00   1.9410e-15
2074.00   8.6957e-16
2076.00   1.9321e-16
2078.00   2.1975e-15
2080.00   1.7985e-15
2082.00   2.3850e-16
2084.00   2.4109e-16
2086.00   3.9806e-16
2088.00   3.3144e-15
2090.00   1.8208e-17
2092.00   5.6995e-16
2094.00   1.1225e-15
2096.00   3.3857e-16
2098.00   1.1149e-15
2100.00   1.0730e-15
2102.00   2.2113e-15
2104.00   3.6459e-17
2106.00   2.3516e-15
2108.00   2.3592e-15
2110.00   4.6639e-15
2112.00   8.0729e-17
2114.00   3.4403e-15
2116.00   2.8238e-15
2118.00   2.0730e-15
2120.00   2.8080e-15
2122.00   9.3527e-16
2124.00   3.4036e-17
2126.00   4.0570e-16
2128.00   1.1145e-15
2130.00   2.4715e-15
2132.00   4.3540e-15
2134.00   4.2983e-16
2136.00   1.3395e-15
2138.00   1.5154e-15
2140.00   4.2820e-16
2142.00   1.7808e-15
2144.00   1.0096e-16
2146.00   1.0021e-15
2148.00   2.0176e-15
2150.00   1.9638e-15
2152.00   1.2152e-15
2154.00   4.3620e-16
2156.00   5.8958e-16
2158.00   9.5839e-16
2160.00   8.3749e-16
2162.00   2.1023e-15
2164.00   1.8587e-15
2166.00   1.4363e-15
2168.00   3.1976e-15
2170.00   3.9693e-16
2172.00   1.8706e-16
2174.00   3.1287e-15
2176.00   1.0406e-15
2178.00   1.3605e-15
2180.00   9.8092e-16
2182.00   1.4164e-16
2184.00   2.6275e-15
2186.00   1.3273e-16
2188.00   1.7819e-15
2190.00   8.4974e-16
2192.00   7.5082e-17
2194.00   7.4586e-16
2196.00   1.9473e-16
2198.00   1.0225e-16
2200.00   1.8907e-17
2202.00   6.8886e-16
2204.00   8.6354e-16
2206.00   1.0798e-15
2208.00   1.8374e-16
2210.00   9.7611e-16
2212.00   1.7295e-15
2214.00   2.6143e-15
2216.00   6.7549e-16
2218.00   6.3740e-16
2220.00   2.9370e-15
2222.00   1.2123e-15
2224.00   3.1979e-15
2226.00   2.0141e-15
2228.00   1.1771e-15
2230.00   6.5980e-16
2232.00   1.3462e-15
2234.00   1.5552e-15
2236.00   9.9910e-16
2238.00   2.5856e-15
2240.00   1.7834e-15
2242.00   2.0595e-15
2244.00   2.5183e-15
2246.00   1.8137e-15
2248.00   1.8700e-16
2250.00   3.2526e-15
2252.00   1.8790e-16
2254.00   2.5611e-15
2256.00   3.6427e-15
2258.00   1.2734e-15
2260.00   4.1795e-15
2262.00   9.2565e-16
2264.00   2.0100e-15
2266.00   5.1885e-15
2268.00   2.8226e-15
2270.00   1.6747e-15
2272.00   3.6790e-15
2274.00   4.8688e-15
2276.00   5.6520e-15
2278.00   1.8792e-15
2280.00   3.8566e-15
2282.00   4.5037e-16
2284.00   2.3802e-15
2286.00   2.0622e-15
2288.00   2.0011e-15
2290.00   1.6781e-15
2292.00   2.2691e-16
2294.00   1.0475e-14
2296.00   1.6046e-15
2298.00   1.7235e-15
2300.00   8.5148e-16
2302.00   9.7417e-16
2304.00   5.2542e-15
2306.00   2.4881e-15
2308.00   6.9689e-15
2310.00   1.2038e-15
2312.00   4.6685e-15
2314.00   7.1194e-15
2316.00   1.3172e-16
2318.00   4.9583e-15
2320.00   3.9590e-18
2322.00   4.5371e-15
2324.00   1.2099e-15
2326.00   3.2127e-15
2328.00   6.5850e-15
2330.00   5.2156e-15
2332.00   1.3484e-14
2334.00   2.8061e-17
2336.00   1.7487e-17
2338.00   7.5378e-15
2340.00   4.0496e-15
2342.00   2.2450e-17
2344.00   1.9508e-14
2346.00   2.5362e-15
2348.00   1.9989e-14
2350.00   1.7608e-17
2352.00   6.0647e-15
2354.00   1.8097e-15
2356.00   3.3908e-15
2358.00   1.3589e-15
2360.00   2.4656e-14
2362.00   9.6003e-15
2364.00   8.0375e-15
2366.00   8.8984e-15
2368.00   8.2742e-15
2370.00   5.9129e-15
2372.00   3.1124e-16
2374.00   1.3848e-14
2376.00   5.6952e-15
2378.00   3.9847e-17
2380.00   1.0896e-14
2382.00   5.2443e-14
2384.00   4.2418e-15
2386.00   3.8480e-15
2388.00   1.5853e-14
2390.00   1.8842e-16
2392.00   7.7928e-15
2394.00   1.0612e-16
2396.00   2.9655e-14
2398.00   1.5407e-16
2400.00   1.4813e-14
2402.00   3.2850e-15
2404.00   1.7819e-14
2406.00   1.2780e-14
2408.00   1.6621e-16
2410.00   1.2572e-14
2412.00   7.0732e-15
2414.00   1.0531e-14
2416.00   7.1164e-15
2418.00   8.5044e-15
2420.00   2.2990e-15
2422.00   4.6807e-15
2424.00   1.3404e-14
2426.00   2.9335e-15
2428.00   1.1899e-14
2430.00   1.4753e-14
2432.00   9.8417e-15
2434.00   1.4186e-14
2436.00   5.8229e-15
2438.00   4.0291e-15
2440.00   1.0600e-14
2442.00   2.0784e-15
2444.00   4.1675e-15
2446.00   7.8275e-15
2448.00   6.2918e-15
2450.00   3.9657e-15
2452.00   2.6442e-15
2454.00   7.4468e-15
2456.00   5.8165e-15
2458.00   6.6632e-15
2460.00   7.3798e-15
2462.00   7.8762e-15
2464.00   2.0225e-14
2466.00   1.7526e-14
2468.00   5.9381e-15
2470.00   1.2960e-14
2472.00   5.9445e-15
2474.00   8.3425e-15
2476.00   3.4249e-15
2478.00   3.4175e-15
2480.00   5.0212e-15
2482.00   7.5680e-15
2484.00   4.7012e-15
2486.00   4.7731e-15
2488.00   5.1422e-15
2490.00   8.5896e-15
2492.00   1.1038e-15
2494.00   8.6948e-15
2496.00   1.2756e-15
2498.00   1.1022e-14
2500.00   2.7559e-15
2502.00   5.5796e-15
2504.00   6.8664e-15
2506.00   1.6676e-14
2508.00   3.4670e-15
2510.00   4.9627e-15
2512.00   6.6647e-15
2514.00   1.1684e-14
2516.00   8.8288e-16
2518.00   4.7734e-15
2520.00   8.1167e-15
2522.00   1.3453e-14
2524.00   1.1914e-15
2526.00   1.1379e-14
2528.00   9.0211e-16
2530.00   6.9200e-15
2532.00   1.4750e-15
2534.00   3.8327e-15
2536.00   2.7197e-15
2538.00   7.6748e-15
2540.00   8.1170e-15
2542.00   1.1383e-14
2544.00   6.1697e-15
2546.00   8.7471e-15
2548.00   2.9379e-15
2550.00   9.8463e-15
2552.00   1.8531e-15
2554.00   1.9960e-15
2556.00   2.3978e-15
2558.00   4.9853e-15
2560.00   5.4163e-15
2562.00   1.0434e-14
2564.00   6.2812e-15
2566.00   5.6090e-15
2568.00   3.8504e-15
2570.00   2.1531e-15
2572.00   4.6383e-15
2574.00   6.3671e-15
2576.00   5.0089e-16
2578.00   4.8195e-15
2580.00   6.2599e-17
2582.00   8.9752e-15
2584.00   6.7322e-16
2586.00   2.2659e-14
2588.00   3.7873e-15
2590.00   1.3870e-15
2592.00   6.5210e-15
2594.00   6.1234e-16
2596.00   4.4712e-16
2598.00   1.8693e-14
2600.00   4.9763e-14
2602.00   9.8301e-18
2604.00   3.2677e-16
2606.00   4.4332e-16
2608.00   1.9671e-14
2610.00   1.0518e-15
2612.00   2.7859e-14
2614.00   1.4073e-14
2616.00   7.1146e-18
2618.00   1.6695e-14
2620.00   4.6860e-15
2622.00   8.8655e-15
2624.00   9.9348e-16
2626.00   2.6284e-14
2628.00   1.4768e-14
2630.00   1.1399e-15
2632.00   2.9560e-14
2634.00   2.6423e-16
2636.00   1.0779e-15
2638.00   2.3337e-15
2640.00   2.8296e-15
2642.00   4.2631e-15
2644.00   5.8987e-16
2646.00   5.6672e-16
2648.00   5.0435e-17
2650.00   1.6280e-15
2652.00   6.0808e-15
2654.00   2.2033e-15
2656.00   8.8661e-17
2658.00   7.8454e-16
2660.00   1.5468e-15
2662.00   5.7171e-17
2664.00   4.3722e-15
2666.00   5.0837e-15
2668.00   2.3579e-16
2670.00   6.6508e-15
2672.00   1.1343e-16
2674.00   1.2160e-17
2676.00   1.1867e-16
2678.00   6.2275e-15
2680.00   1.8292e-16
2682.00   2.0861e-15
2684.00   2.8793e-15
2686.00   2.1429e-15
2688.00   6.1588e-17
2690.00   1.5865e-15
2692.00   5.9264e-15
2694.00   3.2299e-16
2696.00   6.5912e-17
2698.00   1.7787e-15
2700.00   1.5830e-15
2702.00   2.0995e-17
2704.00   7.6573e-15
2706.00   3.0273e-15
2708.00   1.8387e-15
2710.00   5.5073e-15
2712.00   1.4284e-15
2714.00   5.8230e-15
2716.00   1.2837e-14
2718.00   2.9128e-15
2720.00   9.9165e-16
2722.00   4.8415e-15
2724.00   9.6799e-15
2726.00   1.6056e-16
2728.00   5.7195e-15
2730.00   7.9498e-15
2732.00   5.7586e-15
2734.00   6.1750e-16
2736.00   5.4358e-15
2738.00   1.1505e-15
2740.00   1.2742e-14
2742.00   1.8677e-16
2744.00   8.8598e-15
2746.00   1.2543e-14
2748.00   1.3902e-15
2750.00   1.4626e-14
2752.00   2.4133e-15
2754.00   2.7284e-15
2756.00   2.7957e-14
2758.00   1.9373e-16
2760.00   3.8592e-15
2762.00   8.1422e-15
2764.00   1.5271e-15
2766.00   4.5792e-18
2768.00   1.2959e-14
2770.00   1.5641e-16
2772.00   1.2168e-14
2774.00   9.4372e-16
2776.00   5.0789e-15
2778.00   2.4003e-15
2780.00   9.4442e-16
2782.00   1.0335e-15
2784.00   9.8542e-16
2786.00   5.9474e-15
2788.00   2.2545e-15
2790.00   4.2989e-16
2792.00   6.1817e-15
2794.00   7.4804e-16
2796.00   5.1425e-16
2798.00   7.5868e-17
2800.00   1.8289e-15
2802.00   1.4892e-18
2804.00   8.2759e-17
2806.00   9.0714e-16
2808.00   5.3411e-17
2810.00   7.7286e-16
2812.00   2.6206e-16
2814.00   1.1346e-15
2816.00   2.4239e-17
2818.00   9.0120e-16
2820.00   7.9015e-15
2822.00   7.7036e-16
2824.00   7.3533e-15
2826.00   1.3386e-15
2828.00   6.1970e-15
2830.00   2.1522e-16
2832.00   9.7175e-15
2834.00   2.4250e-15
2836.00   3.5606e-16
2838.00   6.3911e-15
2840.00   3.5789e-14
2842.00   3.2625e-16
2844.00   3.6683e-15
2846.00   1.0458e-14
2848.00   1.4328e-14
2850.00   1.6147e-15
2852.00   3.5343e-15
2854.00   6.7576e-17
2856.00   1.8615e-14
2858.00   5.2989e-15
2860.00   1.4323e-16
2862.00   2.6625e-16
2864.00   2.2709e-15
2866.00   2.9843e-15
2868.00   3.4128e-15
2870.00   3.7251e-15
2872.00   6.6229e-15
2874.00   7.1384e-17
2876.00   3.7694e-17
2878.00   1.1537e-16
2880.00   1.6325e-15
2882.00   1.0633e-14
2884.00   4.2572e-15
2886.00   5.3629e-15
2888.00   4.3046e-15
2890.00   1.3918e-15
2892.00   4.4958e-16
2894.00   1.9424e-16
2896.00   2.2641e-15
2898.00   2.1598e-15
2900.00   1.0780e-17
2902.00   1.1797e-15
2904.00   1.3195e-17
2906.00   9.9632e-16
2908.00   1.5495e-15
2910.00   1.4320e-15
2912.00   3.8155e-17
2914.00   3.6466e-17
2916.00   1.3865e-15
2918.00   1.2938e-15
2920.00   1.9523e-16
2922.00   6.6569e-17
2924.00   1.3439e-16
2926.00   1.0537e-14
2928.00   2.1854e-18
2930.00   1.2582e-16
2932.00   4.3676e-17
2934.00   2.1268e-16
2936.00   7.1191e-17
2938.00   4.8572e-17
2940.00   2.2052e-15
2942.00   3.7421e-18
2944.00   6.6083e-15
2946.00   1.9013e-16
2948.00   6.3243e-15
2950.00   2.0996e-15
2952.00   1.0217e-16
2954.00   5.1277e-15
2956.00   2.2329e-17
2958.00   6.9171e-17
2960.00   1.8579e-15
2962.00   1.8668e-15
2964.00   1.6990e-15
2966.00   5.5420e-15
2968.00   6.9466e-17
2970.00   7.7327e-15
2972.00   4.5903e-16
2974.00   5.9880e-17
2976.00   2.0906e-15
2978.00   6.4740e-17
2980.00   5.1789e-15
2982.00   2.9421e-16
2984.00   1.0512e-14
2986.00   2.9629e-15
2988.00   2.4043e-17
2990.00   1.4707e-17
2992.00   1.3609e-16
2994.00   3.3094e-16
2996.00   5.7582e-17
2998.00   1.5160e-15
3000.00   2.4192e-16
3002.00   1.0299e-14
3004.00   1.8460e-17
3006.00   1.3733e-17
3008.00   7.4610e-18
3010.00   8.8473e-16
3012.00   9.8792e-18
3014.00   9.3848e-16
3016.00   5.5262e-16
3018.00   6.7532e-16
3020.00   1.7525e-16
3022.00   8.9341e-17
3024.00   3.5710e-16
3026.00   1.0178e-16
3028.00   3.3477e-17
3030.00   5.0049e-16
3032.00   1.5650e-17
3034.00   5.6876e-16
3036.00   2.0969e-15
3038.00   1.6139e-16
3040.00   5.1797e-17
3042.00   3.9222e-17
3044.00   2.5043e-15
3046.00   1.1625e-16
3048.00   2.2212e-15
3050.00   2.2100e-16
3052.00   1.8310e-17
3054.00   2.1830e-18
3056.00   2.1368e-15
3058.00   2.9298e-17
3060.00   7.1527e-19
3062.00   3.7080e-16
3064.00   5.0787e-19
3066.00   3.1742e-15
3068.00   3.7463e-16
3070.00   1.0264e-15
3072.00   1.4487e-15
3074.00   6.2479e-18
3076.00   5.7627e-15
3078.00   1.3753e-14
3080.00   3.2742e-16
3082.00   8.9143e-18
3084.00   4.2513e-16
3086.00   1.5510e-18
3088.00   1.4415e-18
3090.00   3.1347e-16
3092.00   1.5625e-18
3094.00   1.5202e-18
3096.00   3.1236e-15
3098.00   2.6895e-17
3100.00   1.8532e-19
3102.00   2.0092e-16
3104.00   2.0697e-17
3106.00   5.4821e-16
3108.00   3.2566e-17
3110.00   1.4446e-18
3112.00   6.7782e-19
3114.00   2.6051e-16
3116.00   3.0110e-16
3118.00   1.1463e-17
3120.00   4.4342e-17
3122.00   2.4989e-17
3124.00   1.0556e-19
3126.00   2.4758e-17
3128.00   1.1032e-18
3130.00   2.8891e-17
3132.00   2.1456e-16
3134.00   1.6245e-17
3136.00   6.4105e-17
3138.00   1.4944e-17
3140.00   3.2949e-17
3142.00   3.3250e-15
3144.00   4.4807e-17
3146.00   2.7700e-16
3148.00   3.9262e-18
3150.00   2.2213e-18
3152.00   4.6381e-17
3154.00   2.3288e-18
3156.00   1.2488e-16
3158.00   4.3524e-16
3160.00   8.9610e-18
3162.00   2.4093e-15
3164.00   6.6200e-15
3166.00   3.8827e-15
3168.00   5.1004e-18
3170.00   3.0267e-15
3172.00   1.9141e-20
3174.00   1.6989e-18
3176.00   3.9877e-17
3178.00   4.6019e-15
3180.00   4.9108e-18
3182.00   6.0669e-19
3184.00   6.1597e-15
3186.00   6.4279e-15
3188.00   1.2437e-16
3190.00   2.8022e-16
3192.00   4.5151e-15
3194.00   2.8600e-15
3196.00   1.1130e-14
3198.00   1.9532e-17
3200.00   1.8667e-18
3202.00   1.6179e-18
3204.00   6.5882e-16
3206.00   3.8880e-19
3208.00   9.4222e-18
3210.00   4.2097e-15
3212.00   2.5001e-17
3214.00   4.8774e-15
3216.00   8.8748e-18
3218.00   1.3902e-18
3220.00   7.1022e-18
3222.00   8.5720e-18
3224.00   1.1646e-16
3226.00   1.8214e-17
3228.00   6.0346e-15
3230.00   4.5553e-16
3232.00   1.7255e-15
3234.00   4.4586e-17
3236.00   3.2229e-18
3238.00   5.3973e-17
3240.00   4.5102e-18
3242.00   4.0767e-19
3244.00   2.0837e-15
3246.00   2.1411e-17
3248.00   2.1469e-15
3250.00   7.3885e-16
3252.00   3.6715e-16
3254.00   1.2571e-17
3256.00   8.0427e-15
3258.00   2.5268e-15
3260.00   1.9488e-15
3262.00   3.2435e-17
3264.00   8.6932e-16
3266.00   3.4300e-17
3268.00   2.3866e-16
3270.00   7.0345e-17
3272.00   2.3506e-19
3274.00   2.7669e-17
3276.00   8.0911e-17
3278.00   1.3706e-14
3280.00   1.5175e-17
3282.00   4.9528e-15
3284.00   2.8577e-17
3286.00   2.7030e-15
3288.00   2.4253e-17
3290.00   1.8312e-16
3292.00   3.1597e-17
3294.00   3.6933e-19
3296.00   3.0980e-15
3298.00   1.2483e-15
3300.00   2.4214e-17
3302.00   8.6852e-16
3304.00   1.5202e-15
3306.00   2.8771e-15
3308.00   2.2562e-20
3310.00   1.0299e-16
3312.00   2.2068e-15
3314.00   5.0728e-16
3316.00   3.3270e-18
3318.00   2.0845e-16
3320.00   9.7867e-17
3322.00   1.2646e-16
3324.00   8.9340e-17
3326.00   4.5556e-17
3328.00   2.1290e-16
3330.00   2.3143e-17
3332.00   8.6256e-19
3334.00   9.9516e-18
3336.00   3.3671e-16
3338.00   3.0713e-16
3340.00   8.0186e-19
3342.00   1.5116e-17
3344.00   4.9776e-18
3346.00   5.8149e-20
3348.00   1.3926e-18
3350.00   2.8070e-19
3352.00   3.2147e-18
3354.00   9.8506e-19
3356.00   1.4818e-18
3358.00   1.6385e-15
3360.00   3.1960e-16
3362.00   4.4107e-17
3364.00   8.5923e-18
3366.00   6.7496e-17
3368.00   1.2514e-17
3370.00   7.5280e-17
3372.00   9.0663e-16
3374.00   1.9638e-18
3376.00   3.9449e-16
3378.00   2.2061e-19
3380.00   1.3420e-16
3382.00   1.4766e-16
3384.00   9.1814e-19
3386.00   2.0786e-16
3388.00   7.8846e-17
3390.00   3.7195e-17
3392.00   4.9595e-16
3394.00   5.3852e-18
3396.00   7.2550e-17
3398.00   1.2165e-17
3400.00   5.4410e-18
3402.00   8.4050e-18
3404.00   1.7466e-17
3406.00   5.8359e-17
3408.00   4.3154e-18
3410.00   7.9678e-17
3412.00   1.2951e-18
3414.00   1.9043e-16
3416.00   8.6972e-16
3418.00   1.5822e-19
3420.00   6.9582e-17
3422.00   1.3101e-18
3424.00   4.6197e-19
3426.00   1.5199e-16
3428.00   1.4818e-16
3430.00   5.9077e-17
3432.00   4.1745e-18
3434.00   3.6595e-18
3436.00   1.0796e-15
3438.00   7.1337e-18
3440.00   1.2602e-16
3442.00   4.7894e-17
3444.00   6.4916e-17
3446.00   1.2072e-17
3448.00   5.9589e-18
3450.00   1.1117e-16
3452.00   8.1951e-16
3454.00   3.2954e-16
3456.00   1.2687e-15
3458.00   2.8063e-17
3460.00   3.2883e-18
3462.00   8.4975e-20
3464.00   1.7938e-16
3466.00   5.8311e-18
3468.00   5.3195e-19
3470.00   8.7334e-17
3472.00   1.8321e-17
3474.00   3.2294e-18
3476.00   4.4034e-16
3478.00   1.5786e-16
3480.00   1.5693e-16
3482.00   2.4733e-16
3484.00   7.9665e-17
3486.00   1.5291e-16
3488.00   3.8749e-19
3490.00   2.0591e-16
3492.00   1.6426e-18
3494.00   3.1809e-16
3496.00   1.4491e-16
3498.00   1.2418e-17
3500.00   1.0448e-16
3502.00   1.1082e-16
3504.00   2.1180e-16
3506.00   9.8739e-18
3508.00   1.0808e-16
3510.00   9.4572e-18
3512.00   7.9365e-18
3514.00   1.8342e-18
3516.00   1.2930e-16
3518.00   1.7370e-17
3520.00   1.7557e-17
3522.00   2.3864e-16
3524.00   6.1926e-18
3526.00   1.7345e-16
3528.00   4.1849e-17
3530.00   5.3931e-17
3532.00   1.9703e-16
3534.00   7.1495e-19
3536.00   2.3912e-16
3538.00   3.9177e-16
3540.00   9.6280e-17
3542.00   1.2268e-16
3544.00   4.3616e-17
3546.00   2.4458e-18
3548.00   3.4191e-17
3550.00   5.0567e-18
3552.00   7.9680e-18
3554.00   3.9830e-17
3556.00   9.9380e-17
3558.00   7.8332e-17
3560.00   7.0447e-18
3562.00   1.9556e-18
3564.00   2.2388e-17
3566.00   6.9213e-17
3568.00   2.6859e-18
3570.00   1.4014e-18
3572.00   7.2825e-19
3574.00   1.3809e-18
3576.00   4.4696e-17
3578.00   7.2369e-19
3580.00   4.9901e-19
3582.00   1.3519e-20
3584.00   1.1716e-18
3586.00   1.2987e-17
3588.00   1.0921e-17
3590.00   1.2704e-16
3592.00   1.9328e-19
3594.00   3.2002e-18
3596.00   3.5959e-18
3598.00   3.4497e-18
3600.00   1.3743e-18
3602.00   2.3067e-17
3604.00   1.3381e-18
3606.00   9.2828e-18
3608.00   1.3221e-18
3610.00   4.3593e-18
3612.00   4.6318e-19
3614.00   1.6376e-17
3616.00   1.1653e-18
3618.00   1.9187e-17
3620.00   1.0746e-18
3622.00   2.6678e-16
3624.00   1.4193e-16
3626.00   2.7378e-18
3628.00   2.0539e-17
3630.00   1.0773e-18
3632.00   3.1945e-18
3634.00   2.1550e-18
3636.00   2.0009e-17
3638.00   3.0267e-18
3640.00   2.1168e-19
3642.00   2.5850e-16
3644.00   1.5968e-18
3646.00   3.2581e-18
3648.00   2.1563e-18
3650.00   3.0207e-19
3652.00   1.3412e-18
3654.00   5.9813e-20
3656.00   7.6780e-16
3658.00   1.7358e-18
3660.00   5.3111e-19
3662.00   3.7964e-18
3664.00   3.6853e-18
3666.00   1.4481e-18
3668.00   2.0242e-18
3670.00   5.2044e-19
3672.00   1.9948e-19
3674.00   2.0354e-18
3676.00   3.3570e-18
3678.00   3.1592e-19
3680.00   1.5930e-18
3682.00   8.1502e-18
3684.00   1.1876e-18
3686.00   4.8459e-17
3688.00   1.7229e-18
3690.00   1.8411e-18
3692.00   6.9576e-19
3694.00   2.0572e-18
3696.00   3.4907e-18
3698.00   6.8387e-17
3700.00   6.7683e-18
3702.00   6.6391e-22
3704.00   1.8999e-18
3706.00   4.8897e-20
3708.00   4.9347e-19
3710.00   6.6040e-18
3712.00   1.5647e-17
3714.00   1.3891e-18
3716.00   1.5532e-18
3718.00   4.1281e-19
3720.00   1.4371e-17
3722.00   2.6215e-18
3724.00   6.7941e-18
3726.00   1.4900e-17
3728.00   1.1858e-16
3730.00   4.0872e-19
3732.00   1.7004e-19
3734.00   2.0785e-19
3736.00   2.3035e-19
3738.00   1.1477e-18
3740.00   3.6142e-19
3742.00   8.4380e-18
3744.00   3.1720e-18
3746.00   1.7320e-17
3748.00   1.8834e-16
3750.00   4.7140e-18
3752.00   3.4464e-20
3754.00   4.9929e-18
3756.00   2.7048e-17
3758.00   3.5842e-17
3760.00   9.8846e-17
3762.00   1.7933e-16
3764.00   1.0557e-15
3766.00   1.5262e-18
3768.00   2.4160e-18
3770.00   4.3363e-19
3772.00   4.5210e-19
3774.00   5.5823e-19
3776.00   4.9055e-19
3778.00   7.8027e-18
3780.00   1.0847e-16
3782.00   4.2858e-17
3784.00   1.5995e-16
3786.00   1.7508e-17
3788.00   1.6361e-18
3790.00   4.5774e-19
3792.00   1.1692e-18
3794.00   2.6852e-19
3796.00   7.5552e-19
3798.00   3.1855e-17
3800.00   4.7492e-19
3802.00   9.6774e-19
3804.00   8.6060e-19
3806.00   2.6139e-18
3808.00   1.3766e-18
3810.00   6.4603e-19
3812.00   9.1765e-19
3814.00   5.5052e-17
3816.00   1.1635e-20
3818.00   1.4231e-19
3820.00   2.1860e-18
3822.00   6.5870e-17
3824.00   2.3197e-15
3826.00   1.3648e-19
3828.00   5.0304e-17
3830.00   2.3129e-18
3832.00   1.1009e-20
3834.00   1.3142e-17
3836.00   1.0865e-19
3838.00   7.7424e-18
3840.00   1.4272e-19
3842.00   2.1704e-19
3844.00   1.1877e-18
3846.00   3.8176e-17
3848.00   1.4869e-18
3850.00   3.3615e-19
3852.00   2.6987e-19
3854.00   1.8171e-19
3856.00   1.0228e-18
3858.00   4.7167e-19
3860.00   5.6254e-19
3862.00   5.6191e-19
3864.00   2.3510e-18
3866.00   3.7500e-19
3868.00   1.1843e-19
3870.00   3.7219e-19
3872.00   6.8022e-16
3874.00   3.1542e-18
3876.00   2.1857e-18
3878.00   9.7338e-19
3880.00   9.3624e-19
3882.00   2.8571e-18
3884.00   5.6363e-18
3886.00   1.5929e-19
3888.00   1.3131e-20
3890.00   1.4547e-19
3892.00   2.7865e-20
3894.00   1.4995e-18
3896.00   4.0109e-17
3898.00   3.5380e-20
3900.00   5.0136e-19
3902.00   1.7921e-20
3904.00   1.0231e-17
3906.00   8.6962e-17
3908.00   9.2566e-17
3910.00   2.7224e-17
3912.00   5.1713e-19
3914.00   2.1717e-16
3916.00   1.2840e-17
3918.00   3.9372e-18
3920.00   5.4442e-18
3922.00   2.9019e-18
3924.00   1.7413e-18
3926.00   6.1632e-19
3928.00   7.2584e-18
3930.00   3.1605e-16
3932.00   1.5676e-17
3934.00   2.3791e-19
3936.00   3.6137e-17
3938.00   1.5620e-15
3940.00   3.6201e-18
3942.00   2.7869e-19
3944.00   1.1919e-18
3946.00   3.7322e-16
3948.00   6.9012e-20
3950.00   8.6190e-18
3952.00   3.8478e-18
3954.00   7.4806e-19
3956.00   2.0631e-19
3958.00   1.8170e-17
3960.00   1.0275e-17
3962.00   1.4434e-18
3964.00   1.5519e-16
3966.00   1.6245e-17
3968.00   1.7554e-18
3970.00   6.1324e-17
3972.00   1.9817e-18
3974.00   1.2313e-15
3976.00   5.5206e-18
3978.00   9.6714e-19
3980.00   2.7982e-18
3982.00   1.0082e-16
3984.00   1.9489e-18
3986.00   7.4807e-19
3988.00   7.0867e-19
3990.00   4.5489e-17
3992.00   9.9116e-19
3994.00   3.2821e-19
3996.00   1.8475e-17
3998.00   2.9695e-20
4000.00   7.0270e-18
4002.00   6.2597e-16
4004.00   9.0069e-18
4006.00   3.9808e-20
4008.00   2.9299e-17
4010.00   5.3740e-19
4012.00   5.8495e-18
4014.00   1.7428e-18
4016.00   4.8830e-18
4018.00   1.9031e-18
4020.00   3.1697e-18
4022.00   6.8140e-18
4024.00   5.5222e-17
4026.00   3.0101e-19
4028.00   2.9177e-18
4030.00   2.2065e-20
4032.00   3.3072e-19
4034.00   7.6116e-18
4036.00   4.0599e-19
4038.00   2.1310e-19
4040.00   1.5482e-18
4042.00   2.1518e-18
4044.00   3.2611e-19
4046.00   8.8849e-19
4048.00   1.3153e-19
4050.00   7.3835e-19
4052.00   1.1638e-18
4054.00   2.2552e-20
4056.00   3.7257e-19
4058.00   2.5808e-17
4060.00   1.1914e-19
4062.00   1.2372e-16
4064.00   4.1339e-18
4066.00   1.3297e-20
4068.00   3.2308e-17
4070.00   9.9005e-18
4072.00   2.0564e-19
4074.00   5.4086e-18
4076.00   2.3749e-17
4078.00   6.0198e-17
4080.00   9.4185e-18
4082.00   1.4503e-18
4084.00   9.0751e-18
4086.00   3.2161e-19
4088.00   2.9812e-17
4090.00   4.6864e-19
4092.00   6.1193e-18
4094.00   4.1015e-18
4096.00   2.1181e-18
4098.00   1.5166e-17
4100.00   1.2682e-18
4102.00   2.1580e-18
4104.00   6.4914e-18
4106.00   1.6766e-18
4108.00   4.7435e-18
4110.00   4.6694e-18
4112.00   2.6273e-17
4114.00   7.3604e-18
4116.00   1.0346e-19
4118.00   1.6129e-18
4120.00   5.4257e-18
4122.00   1.5515e-16
4124.00   2.7010e-17
4126.00   1.8773e-19
4128.00   1.2375e-16
4130.00   4.6473e-19
4132.00   2.7434e-18
4134.00   3.8031e-18
4136.00   3.1251e-18
4138.00   5.9372e-17
4140.00   3.6228e-18
4142.00   3.9036e-19
4144.00   2.4006e-17
4146.00   1.9873e-17
4148.00   2.2118e-18
4150.00   3.4888e-18
4152.00   1.2865e-17
4154.00   1.0838e-18
4156.00   3.9109e-19
4158.00   1.1036e-17
4160.00   1.7980e-17
4162.00   3.9483e-18
4164.00   1.6885e-18
4166.00   2.8129e-19
4168.00   5.1909e-18
4170.00   1.7798e-18
4172.00   3.6798e-18
4174.00   1.1838e-15
4176.00   4.2290e-18
4178.00   1.2966e-15
4180.00   1.1031e-16
4182.00   3.8696e-18
4184.00   1.2362e-17
4186.00   7.0824e-19
4188.00   2.3884e-18
4190.00   1.7911e-18
4192.00   1.6661e-21
4194.00   9.2248e-20
4196.00   3.7107e-19
4198.00   1.8565e-18
4200.00   9.7207e-19
4202.00   6.1206e-18
4204.00   1.2161e-19
4206.00   3.7910e-18
4208.00   4.8114e-19
4210.00   2.8684e-17
4212.00   9.1321e-18
4214.00   8.3451e-19
4216.00   3.7710e-20
4218.00   7.5753e-19
4220.00   1.0909e-18
4222.00   2.3065e-18
4224.00   1.2782e-17
4226.00   5.8027e-19
4228.00   1.0209e-18
4230.00   3.7288e-21
4232.00   4.1482e-17
4234.00   4.8927e-15
4236.00   5.3607e-19
4238.00   8.3801e-19
4240.00   2.6768e-19
4242.00   1.0739e-18
4244.00   2.3149e-15
4246.00   7.8993e-21
4248.00   4.7521e-17
4250.00   1.3772e-18
4252.00   2.9287e-18
4254.00   1.4970e-18
4256.00   2.5037e-17
4258.00   1.0808e-16
4260.00   1.5032e-19
4262.00   3.2604e-20
4264.00   5.3488e-19
4266.00   1.5352e-18
4268.00   4.6351e-18
4270.00   1.1778e-18
4272.00   5.1968e-20
4274.00   2.0484e-16
4276.00   1.0398e-15
4278.00   5.9724e-17
4280.00   9.4261e-20
4282.00   1.2860e-18
4284.00   1.2434e-19
4286.00   2.2658e-18
4288.00   1.8831e-15
4290.00   1.6865e-19
4292.00   4.1940e-17
4294.00   1.7114e-19
4296.00   3.6564e-16
4298.00   8.6400e-20
4300.00   3.8730e-17
4302.00   1.9826e-17
4304.00   1.2071e-15
4306.00   3.0339e-16
4308.00   2.3716e-20
4310.00   4.2146e-19
4312.00   2.4111e-17
4314.00   3.3577e-16
4316.00   4.6433e-19
4318.00   3.8761e-18
4320.00   6.2943e-16
4322.00   3.0924e-18
4324.00   9.9275e-20
4326.00   5.4866e-17
4328.00   1.5147e-18
4330.00   1.1108e-17
4332.00   9.0847e-16
4334.00   2.2110e-20
4336.00   1.9746e-18
4338.00   1.4821e-16
4340.00   2.5173e-17
4342.00   2.1938e-18
4344.00   2.8414e-17
4346.00   4.7771e-16
4348.00   4.0949e-18
4350.00   2.8342e-19
4352.00   2.5447e-15
4354.00   4.2946e-19
4356.00   3.4779e-18
4358.00   7.2930e-16
4360.00   1.3724e-15
4362.00   3.9667e-17
4364.00   1.0554e-17
4366.00   1.2472e-18
4368.00   1.5052e-19
4370.00   7.4192e-17
4372.00   3.4365e-15
4374.00   2.2192e-19
4376.00   1.7183e-18
4378.00   1.8433e-18
4380.00   1.8191e-18
4382.00   3.9849e-17
4384.00   4.5454e-16
4386.00   8.6297e-16
4388.00   4.3880e-19
4390.00   2.2768e-22
4392.00   1.2951e-18
4394.00   5.9452e-19
4396.00   8.2516e-20
4398.00   5.0134e-16
4400.00   7.0022e-19
4402.00   1.6362e-17
4404.00   2.7021e-20
4406.00   5.3563e-19
4408.00   4.6143e-19
4410.00   5.0532e-18
4412.00   6.8655e-20
4414.00   3.7754e-15
4416.00   1.1948e-15
4418.00   2.5725e-19
4420.00   5.5508e-19
4422.00   2.5892e-18
4424.00   6.1212e-19
4426.00   4.7633e-19
4428.00   5.9584e-19
4430.00   1.8043e-18
4432.00   3.3250e-17
4434.00   3.4774e-19
4436.00   1.7927e-18
4438.00   8.7691e-20
4440.00   1.8409e-16
4442.00   1.9436e-18
4444.00   6.5266e-18
4446.00   3.2472e-18
4448.00   2.2249e-18
4450.00   1.0881e-18
4452.00   6.7005e-16
4454.00   1.9261e-18
4456.00   2.6740e-17
4458.00   1.9140e-16
4460.00   2.5083e-19
4462.00   3.6223e-17
4464.00   6.0948e-19
4466.00   6.0892e-18
4468.00   3.1377e-19
4470.00   1.0739e-17
4472.00   6.0965e-16
4474.00   3.0157e-16
4476.00   8.0545e-20
4478.00   7.5004e-19
4480.00   2.0304e-17
4482.00   2.9250e-21
4484.00   8.8543e-20
4486.00   9.6576e-20
4488.00   8.8537e-17
4490.00   1.1803e-15
4492.00   5.0726e-16
4494.00   2.2815e-18
4496.00   1.1423e-19
4498.00   4.0705e-19
4500.00   3.8632e-19
4502.00   4.8785e-19
4504.00   1.5311e-18
4506.00   4.4893e-19
4508.00   1.4932e-15
4510.00   2.5835e-17
4512.00   1.2421e-19
4514.00   4.4520e-17
4516.00   5.1340e-16
4518.00   9.9402e-20
4520.00   1.7422e-15
4522.00   2.0402e-15
4524.00   2.8443e-18
4526.00   7.6995e-18
4528.00   2.6493e-17
4530.00   2.6416e-18
4532.00   4.7965e-20
4534.00   1.9058e-16
4536.00   2.7916e-19
4538.00   3.5016e-19
4540.00   3.4881e-20
4542.00   9.8596e-16
4544.00   2.1996e-19
4546.00   1.6107e-19
4548.00   3.2995e-19
4550.00   2.2816e-15
4552.00   1.0404e-19
4554.00   5.9174e-19
4556.00   1.0437e-15
4558.00   6.0285e-21
4560.00   9.0604e-20
4562.00   2.0789e-19
4564.00   1.6703e-18
4566.00   1.6526e-20
4568.00   3.3460e-19
4570.00   2.3055e-19
4572.00   2.3947e-19
4574.00   2.1470e-20
4576.00   1.3811e-15
4578.00   5.5107e-18
4580.00   4.5472e-17
4582.00   3.2952e-16
4584.00   3.2452e-15
4586.00   4.1178e-18
4588.00   6.2837e-19
4590.00   8.3652e-19
4592.00   2.1365e-18
4594.00   2.0238e-18
4596.00   1.8545e-16
4598.00   2.2591e-17
4600.00   5.4476e-22
4602.00   8.5337e-19
4604.00   1.1792e-17
4606.00   6.0717e-19
4608.00   1.3368e-19
4610.00   4.1939e-19
4612.00   2.6122e-18
4614.00   1.2335e-19
4616.00   2.4637e-20
4618.00   1.6066e-19
4620.00   1.4635e-15
4622.00   9.2925e-19
4624.00   3.7879e-19
4626.00   1.5552e-18
4628.00   7.3761e-18
4630.00   2.7896e-15
4632.00   2.5841e-16
4634.00   2.3140e-18
4636.00   3.8956e-19
4638.00   6.8610e-19
4640.00   1.1383e-16
4642.00   3.2779e-19
4644.00   8.4789e-19
4646.00   1.1164e-21
4648.00   1.9704e-16
4650.00   1.2678e-19
4652.00   5.0248e-19
4654.00   2.6444e-20
4656.00   6.8535e-18
4658.00   5.1679e-19
4660.00   2.7077e-20
4662.00   9.4766e-19
4664.00   4.3019e-17
4666.00   5.6087e-16
4668.00   3.9267e-18
4670.00   2.1229e-17
4672.00   1.7861e-19
4674.00   3.1580e-21
4676.00   9.2029e-20
4678.00   3.0505e-19
4680.00   7.2541e-21
4682.00   8.1953e-21
4684.00   6.3716e-19
4686.00   6.2150e-19
4688.00   5.4934e-17
4690.00   6.6815e-20
4692.00   8.2093e-20
4694.00   6.5917e-20
4696.00   9.4579e-19
4698.00   5.1735e-19
4700.00   4.3548e-19
4702.00   3.4861e-19
4704.00   8.0049e-18
4706.00   6.0060e-19
4708.00   1.7153e-19
4710.00   4.3494e-19
4712.00   1.0213e-21
4714.00   8.2076e-19
4716.00   3.3627e-17
4718.00   1.0435e-18
4720.00   1.2886e-17
4722.00   4.4247e-19
4724.00   1.9834e-19
4726.00   8.6467e-20
4728.00   2.5063e-16
4730.00   1.9169e-19
4732.00   3.4637e-17
4734.00   4.9105e-20
4736.00   1.8001e-20
4738.00   1.4997e-18
4740.00   1.0858e-19
4742.00   3.5323e-20
4744.00   4.6240e-18
4746.00   2.2893e-17
4748.00   3.7845e-20
4750.00   1.4132e-17
4752.00   4.6863e-20
4754.00   4.6282e-19
4756.00   3.1977e-19
4758.00   7.9105e-20
4760.00   2.8156e-18
4762.00   1.2199e-20
4764.00   1.0383e-19
4766.00   7.0325e-20
4768.00   2.2223e-19
4770.00   6.8971e-21
4772.00   1.1953e-17
4774.00   2.1731e-16
4776.00   2.2343e-19
4778.00   4.1990e-18
4780.00   8.7533e-20
4782.00   4.7895e-21
4784.00   2.5873e-20
4786.00   2.3274e-19
4788.00   6.5657e-22
4790.00   3.3374e-20
4792.00   6.6204e-20
4794.00   2.1530e-21
4796.00   2.7357e-19
4798.00   3.3789e-17
4800.00   6.9242e-19
4802.00   1.7554e-19
4804.00   3.6274e-19
4806.00   1.1646e-19
4808.00   5.0675e-19
4810.00   3.0600e-18
4812.00   5.5407e-20
4814.00   5.0289e-16
4816.00   5.0903e-19
4818.00   9.7971e-19
4820.00   2.9296e-20
4822.00   4.1406e-20
4824.00   1.0001e-18
4826.00   2.3033e-16
4828.00   3.5825e-20
4830.00   3.5888e-19
4832.00   2.1278e-17
4834.00   3.8633e-17
4836.00   4.1261e-19
4838.00   3.6096e-19
4840.00   2.6111e-17
4842.00   2.5194e-19
4844.00   3.0357e-18
4846.00   1.0864e-18
4848.00   1.3790e-17
4850.00   5.3185e-20
4852.00   2.3283e-17
4854.00   8.0647e-20
4856.00   6.5933e-18
4858.00   2.9105e-20
4860.00   1.1565e-19
4862.00   5.0564e-20
4864.00   4.1060e-20
4866.00   1.3671e-18
4868.00   7.2650e-17
4870.00   8.5980e-18
4872.00   1.4078e-17
4874.00   2.8343e-16
4876.00   1.0144e-18
4878.00   2.6821e-19
4880.00   5.0810e-19
4882.00   3.9474e-20
4884.00   1.8605e-19
4886.00   4.5394e-18
4888.00   5.1229e-20
4890.00   3.4694e-16
4892.00   1.8492e-18
4894.00   3.3370e-18
4896.00   1.4993e-18
4898.00   6.8092e-17
4900.00   9.5137e-20
4902.00   6.7052e-18
4904.00   7.1325e-17
4906.00   2.9548e-16
4908.00   3.3035e-21
4910.00   1.6155e-20
4912.00   8.2602e-19
4914.00   1.2213e-21
4916.00   3.7939e-20
4918.00   3.3786e-19
4920.00   8.0167e-20
4922.00   2.9723e-18
4924.00   3.4578e-15
4926.00   8.7780e-20
4928.00   1.6060e-18
4930.00   6.9355e-21
4932.00   1.9260e-18
4934.00   2.2724e-20
4936.00   4.0915e-19
4938.00   6.6279e-20
4940.00   4.5015e-20
4942.00   3.4515e-20
4944.00   4.1209e-19
4946.00   2.9935e-19
4948.00   5.5913e-16
4950.00   1.8753e-16
4952.00   1.2364e-17
4954.00   2.4253e-17
4956.00   5.1710e-20
4958.00   4.8119e-18
4960.00   8.1952e-20
4962.00   4.9042e-19
4964.00   9.5325e-21
4966.00   8.7480e-19
4968.00   4.0653e-19
4970.00   5.2832e-19
4972.00   3.4482e-19
4974.00   2.2020e-16
4976.00   2.0225e-17
4978.00   2.9411e-20
4980.00   1.9412e-19
4982.00   1.4918e-20
4984.00   8.0983e-21
4986.00   1.3142e-19
4988.00   2.9017e-18
4990.00   9.9427e-21
4992.00   4.3307e-18
4994.00   9.1483e-18
4996.00   9.1144e-20
4998.00   7.1406e-18
5000.00   1.1369e-17
5002.00   3.7382e-20
5004.00   1.8293e-19
5006.00   4.0976e-16
5008.00   5.0456e-21
5010.00   3.2206e-21
5012.00   1.9932e-21
5014.00   1.1296e-19
5016.00   5.0028e-18
5018.00   4.5874e-15
5020.00   1.7925e-16
5022.00   2.0044e-18
5024.00   5.4063e-20
5026.00   5.3930e-20
5028.00   4.6416e-18
5030.00   7.5541e-19
5032.00   6.9713e-22
5034.00   5.9929e-21
5036.00   5.8179e-19
5038.00   8.3797e-22
5040.00   8.6604e-17
5042.00   6.1437e-20
5044.00   1.3486e-16
5046.00   7.3095e-18
5048.00   1.8530e-17
5050.00   3.6647e-16
5052.00   2.0375e-19
5054.00   2.0333e-19
5056.00   4.0770e-19
5058.00   3.7667e-20
5060.00   2.7825e-17
5062.00   7.2002e-20
5064.00   2.6602e-20
5066.00   3.1277e-17
5068.00   8.8030e-22
5070.00   9.0707e-20
5072.00   8.9730e-16
5074.00   8.1233e-18
5076.00   9.6907e-17
5078.00   2.9686e-20
5080.00   7.2091e-20
5082.00   1.3208e-21
5084.00   1.2918e-18
5086.00   6.5127e-18
5088.00   2.0551e-20
5090.00   5.9479e-19
5092.00   1.0444e-21
5094.00   3.8241e-18
5096.00   4.8961e-19
5098.00   4.7417e-21
5100.00   5.0293e-17
5102.00   9.0913e-19
5104.00   4.7777e-21
5106.00   1.0887e-19
5108.00   1.4206e-16
5110.00   2.1622e-20
5112.00   5.9219e-16
5114.00   1.2728e-22
5116.00   1.4628e-20
5118.00   1.0265e-21
5120.00   1.3388e-17
5122.00   1.0011e-19
5124.00   1.7072e-18
5126.00   9.6638e-19
5128.00   1.6755e-17
5130.00   4.4409e-19
5132.00   2.8856e-17
5134.00   9.8032e-20
5136.00   1.4872e-17
5138.00   5.5511e-21
5140.00   1.9219e-20
5142.00   2.8907e-20
5144.00   8.1299e-20
5146.00   1.7772e-17
5148.00   5.1180e-20
5150.00   8.9070e-18
5152.00   2.2568e-21
5154.00   2.8110e-17
5156.00   1.1526e-20
5158.00   3.7412e-15
5160.00   1.7965e-17
5162.00   1.1026e-17
5164.00   3.5826e-17
5166.00   3.7833e-20
5168.00   3.6283e-19
5170.00   5.1834e-15
5172.00   1.0262e-16
5174.00   6.3245e-24
5176.00   2.0005e-20
5178.00   1.9914e-18
5180.00   7.9360e-19
5182.00   1.9528e-16
5184.00   2.7327e-16
5186.00   4.9390e-18
5188.00   4.6939e-20
5190.00   6.5488e-21
5192.00   5.2729e-18
5194.00   1.7270e-19
5196.00   4.4445e-22
5198.00   2.5753e-15
5200.00   7.3291e-18
5202.00   3.7071e-22
5204.00   4.2432e-20
5206.00   6.2653e-19
5208.00   2.0342e-20
5210.00   1.8606e-19
5212.00   5.4198e-20
5214.00   3.9936e-20
5216.00   7.6791e-19
5218.00   4.3641e-18
5220.00   8.6566e-17
5222.00   1.0569e-20
5224.00   1.1861e-19
5226.00   1.5035e-19
5228.00   2.3653e-18
5230.00   2.8327e-23
5232.00   4.5948e-19
5234.00   3.2073e-15
5236.00   2.7072e-18
5238.00   5.7634e-18
5240.00   5.0783e-19
5242.00   3.1700e-20
5244.00   1.2601e-18
5246.00   6.8291e-20
5248.00   4.0207e-20
5250.00   6.3981e-19
5252.00   3.1358e-18
5254.00   3.8856e-16
5256.00   9.0030e-17
5258.00   4.7181e-18
5260.00   1.3005e-18
5262.00   1.9315e-15
5264.00   7.0293e-17
5266.00   6.9600e-23
5268.00   2.6508e-16
5270.00   4.5353e-19
5272.00   5.8304e-17
5274.00   9.4158e-16
5276.00   5.2592e-15
5278.00   6.5760e-18
5280.00   1.6932e-18
5282.00   2.5046e-19
5284.00   3.0711e-15
5286.00   2.3727e-19
5288.00   2.2626e-19
5290.00   6.2337e-20
5292.00   1.6517e-18
5294.00   5.6403e-19
5296.00   1.1238e-16
5298.00   8.0261e-19
5300.00   8.6626e-20
5302.00   2.2217e-20
5304.00   3.8848e-18
5306.00   2.4466e-20
5308.00   8.6448e-20
5310.00   2.4802e-19
5312.00   1.5621e-20
5314.00   9.0563e-18
5316.00   8.4511e-15
5318.00   2.5246e-20
5320.00   1.1478e-18
5322.00   9.1175e-19
5324.00   4.1100e-18
5326.00   6.0365e-16
5328.00   8.1138e-20
5330.00   1.9808e-19
5332.00   3.9888e-19
5334.00   8.2470e-16
5336.00   1.9100e-19
5338.00   1.4561e-17
5340.00   1.1564e-18
5342.00   1.5429e-19
5344.00   1.8245e-19
5346.00   1.3955e-17
5348.00   8.1452e-17
5350.00   9.1214e-20
5352.00   4.4682e-19
5354.00   3.3181e-19
5356.00   8.6575e-20
5358.00   4.2454e-18
5360.00   4.5824e-19
5362.00   2.5574e-16
5364.00   2.4634e-18
5366.00   6.0646e-19
5368.00   2.1595e-19
5370.00   2.8250e-19
5372.00   2.4142e-20
5374.00   7.1940e-22
5376.00   8.5414e-16
5378.00   1.7045e-19
5380.00   2.1400e-19
5382.00   9.4539e-19
5384.00   8.9942e-18
5386.00   1.0407e-19
5388.00   4.0526e-18
5390.00   1.3872e-20
5392.00   1.3077e-20
5394.00   3.2582e-18
5396.00   8.4983e-19
5398.00   3.2258e-20
5400.00   1.3945e-20
5402.00   1.9040e-19
5404.00   8.5539e-20
5406.00   1.3717e-19
5408.00   2.1514e-18
5410.00   1.9900e-18
5412.00   9.6285e-17
5414.00   2.0222e-17
5416.00   2.1198e-19
5418.00   1.4411e-19
5420.00   7.2281e-19
5422.00   4.1666e-19
5424.00   2.8691e-19
5426.00   5.4039e-16
5428.00   2.2179e-17
5430.00   6.9878e-21
5432.00   6.2314e-18
5434.00   2.9086e-16
5436.00   3.7219e-19
5438.00   3.8789e-18
5440.00   2.3677e-18
5442.00   5.1346e-20
5444.00   3.4443e-19
5446.00   4.6299e-18
5448.00   6.5978e-21
5450.00   1.2270e-17
5452.00   7.7003e-19
5454.00   1.3111e-19
5456.00   2.4632e-20
5458.00   7.0659e-20
5460.00   5.8741e-20
5462.00   1.5034e-24
5464.00   9.5188e-22
5466.00   2.8477e-18
5468.00   5.2378e-19
5470.00   7.8032e-19
5472.00   3.9754e-20
5474.00   1.1767e-20
5476.00   3.1791e-21
5478.00   2.9059e-17
5480.00   1.9757e-20
5482.00   1.0308e-19
5484.00   2.9641e-19
5486.00   5.2334e-18
5488.00   9.2277e-19
5490.00   5.3308e-20
5492.00   1.0871e-21
5494.00   5.8647e-23
5496.00   4.9290e-17
5498.00   5.5408e-18
5500.00   4.6500e-18
5502.00   2.1711e-18
5504.00   1.2212e-18
5506.00   2.1904e-18
5508.00   8.3672e-19
5510.00   1.4405e-18
5512.00   1.3960e-19
5514.00   2.6488e-19
5516.00   9.3182e-21
5518.00   5.3551e-19
5520.00   1.5113e-18
5522.00   1.2159e-19
5524.00   3.8042e-20
5526.00   2.2143e-18
5528.00   1.9300e-16
5530.00   3.1630e-17
5532.00   3.8885e-18
5534.00   3.8720e-17
5536.00   2.0561e-20
5538.00   3.1063e-18
5540.00   3.8855e-19
5542.00   7.5321e-19
5544.00   9.0496e-18
5546.00   5.3380e-18
5548.00   5.1262e-20
5550.00   3.4356e-20
5552.00   3.2407e-17
5554.00   3.6557e-19
5556.00   6.0750e-17
5558.00   1.7917e-20
5560.00   2.6832e-19
5562.00   8.9292e-20
5564.00   6.4648e-21
5566.00   3.4027e-18
5568.00   2.7915e-17
5570.00   1.2359e-19
5572.00   5.7164e-19
5574.00   3.7314e-19
5576.00   1.3463e-22
5578.00   1.0503e-19
5580.00   2.4891e-17
5582.00   1.7139e-18
5584.00   1.7865e-21
5586.00   1.4271e-18
5588.00   2.2864e-17
5590.00   1.7373e-20
5592.00   9.7164e-19
5594.00   3.0580e-22
5596.00   8.8575e-19
5598.00   1.8706e-20
5600.00   1.6376e-19
5602.00   8.8549e-20
5604.00   2.2985e-21
5606.00   9.7282e-21
5608.00   1.2150e-18
5610.00   1.0848e-19
5612.00   1.3375e-18
5614.00   1.9568e-17
5616.00   3.0986e-19
5618.00   7.4211e-19
5620.00   2.1293e-19
5622.00   3.6681e-20
5624.00   1.4870e-17
5626.00   4.4511e-18
5628.00   3.1055e-17
5630.00   3.1964e-18
5632.00   5.2634e-19
5634.00   5.1603e-20
5636.00   6.9825e-20
5638.00   1.2188e-18
5640.00   4.3529e-20
5642.00   1.1508e-21
5644.00   1.6727e-17
5646.00   1.3776e-21
5648.00   1.8713e-18
5650.00   2.1707e-17
5652.00   4.0238e-18
5654.00   2.0334e-17
5656.00   1.6722e-17
5658.00   2.9811e-17
5660.00   2.5651e-19
5662.00   4.9479e-19
5664.00   1.4185e-18
5666.00   2.3958e-18
5668.00   1.8367e-19
5670.00   2.5277e-17
5672.00   2.2661e-21
5674.00   3.1840e-17
5676.00   8.4604e-19
5678.00   1.3605e-19
5680.00   2.8503e-19
5682.00   6.0861e-20
5684.00   3.0453e-19
5686.00   1.8993e-22
5688.00   1.2417e-21
5690.00   9.6503e-17
5692.00   7.8718e-18
5694.00   5.9666e-22
5696.00   1.0572e-19
5698.00   1.4574e-23
5700.00   1.9683e-18
5702.00   7.7089e-20
5704.00   3.8270e-19
5706.00   8.9539e-20
5708.00   1.8282e-18
5710.00   3.8523e-20
5712.00   1.5572e-17
5714.00   1.8848e-20
5716.00   5.7265e-18
5718.00   1.3893e-17
5720.00   5.9670e-22
5722.00   3.6105e-18
5724.00   6.3631e-20
5726.00   1.1253e-17
5728.00   1.0716e-19
5730.00   9.5479e-19
5732.00   8.4078e-18
5734.00   3.1243e-18
5736.00   1.9918e-22
5738.00   2.0440e-18
5740.00   2.5390e-21
5742.00   9.5674e-19
5744.00   3.1453e-18
5746.00   4.3138e-17
5748.00   7.4092e-19
5750.00   4.5312e-18
5752.00   4.5397e-20
5754.00   6.0834e-18
5756.00   2.5290e-18
5758.00   4.2737e-19
5760.00   6.8118e-19
5762.00   1.4349e-18
5764.00   7.6276e-21
5766.00   2.1362e-18
5768.00   6.7248e-19
5770.00   2.4427e-20
5772.00   1.2392e-20
5774.00   6.5932e-20
5776.00   3.2094e-19
5778.00   2.1246e-19
5780.00   5.8533e-18
5782.00   1.9675e-17
5784.00   7.9101e-19
5786.00   2.8222e-20
5788.00   2.9517e-20
5790.00   1.3549e-19
5792.00   7.2289e-20
5794.00   4.6222e-20
5796.00   3.2406e-18
5798.00   8.5872e-18
5800.00   2.0379e-20
5802.00   1.9742e-18
5804.00   2.6836e-19
5806.00   1.0653e-20
5808.00   1.4418e-18
5810.00   4.3110e-19
5812.00   1.0588e-18
5814.00   2.2886e-17
5816.00   3.4125e-21
5818.00   7.2421e-21
5820.00   1.4953e-24
5822.00   1.5031e-19
5824.00   1.8745e-18
5826.00   1.3800e-18
5828.00   3.5654e-21
5830.00   1.6608e-17
5832.00   1.0012e-18
5834.00   6.1039e-19
5836.00   4.5271e-17
5838.00   8.0220e-22
5840.00   2.2865e-20
5842.00   1.5864e-17
5844.00   1.3778e-18
5846.00   2.4730e-22
5848.00   4.2215e-18
5850.00   7.2416e-20
5852.00   1.4875e-19
5854.00   5.6099e-18
5856.00   6.3779e-20
5858.00   5.1693e-19
5860.00   7.2101e-18
5862.00   1.5325e-18
5864.00   4.4853e-18
5866.00   1.1697e-20
5868.00   2.0658e-19
5870.00   4.0280e-17
5872.00   7.7852e-22
5874.00   4.4534e-20
5876.00   1.6919e-20
5878.00   9.9740e-21
5880.00   3.3994e-17
5882.00   1.4671e-20
5884.00   5.9346e-20
5886.00   1.3199e-19
5888.00   2.1392e-20
5890.00   3.3880e-22
5892.00   2.0128e-18
5894.00   5.1983e-20
5896.00   1.9143e-19
5898.00   1.3457e-18
5900.00   5.6707e-21
5902.00   2.1669e-17
5904.00   1.0128e-19
5906.00   5.7349e-20
5908.00   9.1269e-19
5910.00   7.5705e-19
5912.00   3.0925e-20
5914.00   1.5567e-16
5916.00   2.4059e-21
5918.00   9.9624e-21
5920.00   6.6424e-20
5922.00   1.5472e-17
5924.00   2.9419e-18
5926.00   1.4004e-18
5928.00   7.5976e-22
5930.00   4.3292e-19
5932.00   2.3241e-18
5934.00   2.2209e-21
5936.00   7.1759e-23
5938.00   2.3498e-20
5940.00   1.3481e-19
5942.00   2.8248e-20
5944.00   2.9987e-19
5946.00   5.7000e-19
5948.00   5.4590e-20
5950.00   3.1315e-20
5952.00   1.2729e-17
5954.00   7.5740e-22
5956.00   1.6588e-17
5958.00   3.1908e-21
5960.00   2.0795e-21
5962.00   7.0635e-18
5964.00   1.6456e-20
5966.00   1.0162e-22
5968.00   8.2456e-18
5970.00   1.2014e-19
5972.00   3.0347e-19
5974.00   4.7895e-20
5976.00   3.4431e-20
5978.00   3.0282e-21
5980.00   1.8489e-21
5982.00   1.7319e-17
5984.00   5.3362e-19
5986.00   1.3804e-18
5988.00   2.1309e-20
5990.00   5.7245e-20
5992.00   1.3080e-16
5994.00   1.1495e-18
5996.00   8.2404e-20
5998.00   1.0352e-19
6000.00   6.3199e-21
6002.00   5.5365e-20
6004.00   7.4015e-17
6006.00   6.7826e-19
6008.00   6.3161e-21
6010.00   1.6386e-21
6012.00   3.2236e-21
6014.00   1.1199e-19
6016.00   1.1266e-17
6018.00   1.8179e-17
6020.00   1.1725e-21
6022.00   4.8814e-18
6024.00   6.9374e-20
6026.00   1.8712e-22
6028.00   5.2113e-20
6030.00   6.6894e-21
6032.00   1.3833e-18
6034.00   7.5753e-19
6036.00   3.7780e-19
6038.00   6.7840e-21
6040.00   7.4623e-18
6042.00   1.4233e-20
6044.00   5.9252e-17
6046.00   9.1753e-18
6048.00   5.3313e-19
6050.00   3.2475e-17
6052.00   6.3213e-20
6054.00   1.7832e-20
6056.00   2.3396e-23
6058.00   9.7175e-20
6060.00   1.1979e-16
6062.00   7.3033e-21
6064.00   3.3761e-19
6066.00   2.1356e-24
6068.00   2.3311e-18
6070.00   1.6030e-18
6072.00   2.8145e-20
6074.00   4.9305e-20
6076.00   1.7594e-19
6078.00   9.2067e-17
6080.00   3.7549e-19
6082.00   1.3428e-22
6084.00   2.2744e-17
6086.00   1.3684e-20
6088.00   1.4552e-17
6090.00   4.7366e-23
6092.00   3.7364e-20
6094.00   2.0651e-19
6096.00   5.2637e-20
6098.00   5.8253e-20
6100.00   1.5439e-19
6102.00   6.0636e-24
6104.00   1.1103e-17
6106.00   1.1177e-19
6108.00   9.0293e-20
6110.00   2.6169e-25
6112.00   2.2747e-21
6114.00   2.7796e-17
6116.00   7.2434e-18
6118.00   5.5610e-19
6120.00   1.6992e-18
6122.00   3.0775e-19
6124.00   5.6836e-23
6126.00   7.6737e-21
6128.00   8.7540e-26
6130.00   1.4557e-17
6132.00   2.9562e-21
6134.00   5.2543e-19
6136.00   4.4708e-20
6138.00   1.2766e-21
6140.00   6.9022e-22
6142.00   3.6879e-18
6144.00   5.2027e-22
6146.00   1.4916e-20
6148.00   3.2089e-16
6150.00   3.1098e-16
6152.00   1.2134e-19
6154.00   2.3238e-18
6156.00   4.4779e-18
6158.00   1.4491e-18
6160.00   3.7260e-19
6162.00   3.9669e-22
6164.00   1.1781e-18
6166.00   5.9437e-19
6168.00   6.3685e-20
6170.00   7.4765e-21
6172.00   9.9211e-17
6174.00   1.3408e-20
6176.00   2.0373e-17
6178.00   1.3682e-19
6180.00   1.2654e-17
6182.00   7.7119e-22
6184.00   1.1743e-17
6186.00   6.5233e-17
6188.00   2.4182e-17
6190.00   4.2276e-20
6192.00   1.5706e-20
6194.00   2.3732e-22
6196.00   8.8956e-19
6198.00   4.4585e-19
6200.00   2.6657e-17
6202.00   2.3171e-19
6204.00   5.1634e-19
6206.00   6.6013e-22
6208.00   2.9035e-21
6210.00   1.8489e-21
6212.00   1.9487e-24
6214.00   2.2047e-19
6216.00   4.0979e-21
6218.00   4.1856e-19
6220.00   2.1143e-18
6222.00   2.3070e-18
6224.00   2.7434e-22
6226.00   1.4066e-25
6228.00   7.7535e-20
6230.00   7.6649e-18
6232.00   7.8274e-19
6234.00   3.1985e-17
6236.00   4.4517e-20
6238.00   3.6921e-16
6240.00   6.4758e-17
6242.00   3.7895e-21
6244.00   7.5539e-19
6246.00   8.5289e-21
6248.00   7.7869e-16
6250.00   1.7817e-24
6252.00   5.5741e-21
6254.00   2.3243e-20
6256.00   9.4435e-19
6258.00   3.7122e-20
6260.00   3.0945e-19
6262.00   3.7638e-18
6264.00   1.9085e-17
6266.00   3.7503e-21
6268.00   4.5870e-21
6270.00   4.3508e-19
6272.00   1.0201e-19
6274.00   1.0655e-18
6276.00   3.9480e-18
6278.00   2.3303e-22
6280.00   4.6856e-18
6282.00   5.7382e-21
6284.00   1.4875e-22
6286.00   2.5208e-23
6288.00   6.0093e-21
6290.00   2.4691e-18
6292.00   2.7096e-20
6294.00   8.6287e-20
6296.00   1.2721e-21
6298.00   7.5673e-20
6300.00   1.6967e-20
6302.00   2.7751e-19
6304.00   1.5603e-19
6306.00   1.5464e-17
6308.00   5.8247e-18
6310.00   1.7152e-18
6312.00   4.4699e-23
6314.00   8.6162e-21
6316.00   2.9550e-19
6318.00   2.7956e-16
6320.00   2.3947e-17
6322.00   1.4450e-18
6324.00   5.7188e-23
6326.00   9.1131e-19
6328.00   2.0930e-19
6330.00   2.3260e-19
6332.00   5.7291e-18
6334.00   1.0210e-23
6336.00   4.6285e-21
6338.00   1.3401e-17
6340.00   2.1247e-19
6342.00   2.3782e-20
6344.00   5.9269e-21
6346.00   7.1041e-18
6348.00   4.5342e-17
6350.00   9.4291e-19
6352.00   6.4202e-25
6354.00   1.1103e-17
6356.00   7.9634e-20
6358.00   2.0564e-20
6360.00   6.6937e-19
6362.00   4.5683e-19
6364.00   3.6835e-20
6366.00   1.6856e-20
6368.00   1.7966e-25
6370.00   5.5469e-17
6372.00   4.3745e-17
6374.00   8.2441e-21
6376.00   1.3466e-22
6378.00   5.0940e-20
6380.00   9.7891e-19
6382.00   3.9640e-20
6384.00   1.4420e-16
6386.00   3.7956e-17
6388.00   5.1137e-19
6390.00   5.3405e-21
6392.00   2.2890e-19
6394.00   2.3756e-19
6396.00   2.2422e-18
6398.00   1.0654e-18
6400.00   3.7592e-19
6402.00   5.3377e-18
6404.00   2.0753e-18
6406.00   3.3886e-20
6408.00   4.1402e-17
6410.00   1.1755e-18
6412.00   2.0820e-20
6414.00   1.6766e-24
6416.00   3.7474e-16
6418.00   9.3405e-20
6420.00   5.1705e-20
6422.00   1.4739e-20
6424.00   4.9748e-20
6426.00   2.3896e-22
6428.00   9.4198e-19
6430.00   2.1120e-21
6432.00   2.1461e-16
6434.00   1.1106e-18
6436.00   2.3901e-20
6438.00   1.8406e-22
6440.00   2.9589e-17
6442.00   1.5289e-17
6444.00   4.6979e-20
6446.00   1.0585e-17
6448.00   3.9140e-24
6450.00   4.7391e-21
6452.00   3.2500e-20
6454.00   6.4891e-19
6456.00   1.7190e-15
6458.00   1.0922e-21
6460.00   6.3067e-22
6462.00   4.0966e-21
6464.00   4.0936e-24
6466.00   2.7173e-17
6468.00   1.6608e-19
6470.00   1.6953e-22
6472.00   5.4404e-20
6474.00   1.8580e-17
6476.00   5.3624e-24
6478.00   1.5176e-25
6480.00   3.1669e-19
6482.00   1.4595e-17
6484.00   1.8203e-19
6486.00   2.8039e-17
6488.00   8.1735e-19
6490.00   1.0091e-22
6492.00   5.5470e-17
6494.00   7.5562e-17
6496.00   7.7657e-21
6498.00   4.6934e-22
6500.00   1.6666e-21
6502.00   1.2638e-22
6504.00   8.6272e-21
6506.00   6.9726e-18
6508.00   3.4609e-17
6510.00   1.3821e-19
6512.00   9.4983e-19
6514.00   7.6592e-20
6516.00   4.2173e-16
6518.00   3.1202e-17
6520.00   3.5199e-20
6522.00   5.7738e-21
6524.00   1.1988e-20
6526.00   2.7355e-23
6528.00   9.9840e-18
6530.00   2.0910e-19
6532.00   5.0880e-17
6534.00   5.1071e-19
6536.00   7.4442e-22
6538.00   8.5935e-20
6540.00   2.7304e-20
6542.00   2.8276e-21
6544.00   6.2848e-19
6546.00   7.7801e-26
6548.00   1.6291e-19
6550.00   1.7064e-19
6552.00   9.0290e-21
6554.00   1.7269e-20
6556.00   9.2508e-20
6558.00   1.7661e-17
6560.00   3.0511e-18
6562.00   3.3659e-17
6564.00   4.9040e-22
6566.00   1.9845e-19
6568.00   1.9677e-23
6570.00   7.6457e-19
6572.00   3.9234e-17
6574.00   1.6723e-17
6576.00   1.0462e-24
6578.00   4.1202e-20
6580.00   5.3430e-20
6582.00   6.8224e-18
6584.00   3.5203e-19
6586.00   4.1271e-17
6588.00   3.0268e-18
6590.00   9.4200e-24
6592.00   7.7258e-20
6594.00   7.3952e-19
6596.00   2.7537e-18
6598.00   6.1198e-18
6600.00   1.3086e-19
6602.00   1.1463e-19
6604.00   4.6756e-20
6606.00   4.0201e-20
6608.00   7.9976e-21
6610.00   4.4466e-18
6612.00   7.1014e-18
6614.00   7.1383e-18
6616.00   8.1185e-21
6618.00   3.4560e-17
6620.00   3.2294e-24
6622.00   2.8952e-21
6624.00   4.5007e-17
6626.00   5.7648e-20
6628.00   1.1795e-18
6630.00   9.1776e-26
6632.00   2.7157e-19
6634.00   4.0255e-21
6636.00   1.4305e-24
6638.00   2.0339e-20
6640.00   7.1920e-20
6642.00   7.6632e-20
6644.00   5.1465e-21
6646.00   7.8650e-26
6648.00   7.5702e-24
6650.00   5.8970e-18
6652.00   8.1871e-17
6654.00   1.1620e-20
6656.00   2.3015e-19
6658.00   7.8220e-18
6660.00   1.1709e-19
6662.00   9.9384e-20
6664.00   5.8796e-22
6666.00   2.1507e-17
6668.00   1.0185e-19
6670.00   8.8100e-20
6672.00   1.0455e-18
6674.00   3.7819e-20
6676.00   1.0211e-21
6678.00   2.2511e-18
6680.00   1.6044e-19
6682.00   1.1887e-17
6684.00   1.0945e-21
6686.00   3.1727e-20
6688.00   2.6896e-19
6690.00   4.0918e-18
6692.00   1.1942e-19
6694.00   4.6698e-18
6696.00   3.0123e-24
6698.00   1.7585e-19
6700.00   6.2486e-18
6702.00   4.8889e-20
6704.00   1.3657e-18
6706.00   6.0937e-19
6708.00   8.1110e-24
6710.00   7.5114e-20
6712.00   5.5358e-22
6714.00   6.7509e-20
6716.00   8.8952e-23
6718.00   3.9045e-22
6720.00   6.2495e-20
6722.00   5.6533e-23
6724.00   2.5092e-19
6726.00   2.6634e-22
6728.00   7.9380e-26
6730.00   1.7633e-17
6732.00   5.7703e-19
6734.00   5.5774e-23
6736.00   6.9908e-21
6738.00   3.3607e-25
6740.00   3.8097e-25
6742.00   1.4198e-20
6744.00   8.9969e-20
6746.00   9.7570e-19
6748.00   2.6426e-21
6750.00   8.8566e-19
6752.00   1.3610e-23
6754.00   1.3305e-19
6756.00   9.1675e-22
6758.00   4.7616e-20
6760.00   1.5168e-19
6762.00   5.9490e-21
6764.00   1.1579e-19
6766.00   4.6620e-20
6768.00   1.0365e-17
6770.00   1.0899e-20
6772.00   1.2231e-20
6774.00   2.8101e-22
6776.00   1.0210e-17
6778.00   1.8491e-21
6780.00   1.8701e-20
6782.00   1.6504e-21
6784.00   4.1904e-23
6786.00   1.0219e-20
6788.00   4.1091e-19
6790.00   3.4633e-21
6792.00   5.0134e-19
6794.00   4.5070e-20
6796.00   4.4606e-19
6798.00   3.7477e-21
6800.00   1.2884e-18
6802.00   3.1013e-20
6804.00   1.2311e-19
6806.00   1.8759e-22
6808.00   2.0993e-26
6810.00   5.7667e-18
6812.00   1.0363e-20
6814.00   6.9471e-20
6816.00   3.2512e-19
6818.00   1.3205e-21
6820.00   4.0390e-18
6822.00   8.9818e-18
6824.00   1.9250e-20
6826.00   2.3362e-19
6828.00   7.0548e-20
6830.00   8.2637e-19
6832.00   6.8825e-18
6834.00   5.5261e-21
6836.00   8.2144e-25
6838.00   1.0264e-18
6840.00   2.4065e-20
6842.00   6.7512e-24
6844.00   2.1067e-19
6846.00   6.3287e-21
6848.00   2.0022e-20
6850.00   1.2902e-21
6852.00   1.0923e-21
6854.00   2.3205e-24
6856.00   1.4735e-17
6858.00   4.9543e-20
6860.00   1.0320e-20
6862.00   9.6967e-17
6864.00   2.1937e-19
6866.00   7.4189e-18
6868.00   5.1323e-21
6870.00   2.7955e-18
6872.00   6.6938e-18
6874.00   3.3110e-17
6876.00   8.0140e-21
6878.00   1.3407e-18
6880.00   1.2716e-24
6882.00   5.1889e-20
6884.00   4.2087e-22
6886.00   2.5080e-20
6888.00   1.6612e-21
6890.00   5.4262e-19
6892.00   2.2180e-19
6894.00   7.3322e-23
6896.00   1.1190e-17
6898.00   1.0288e-26
6900.00   1.0192e-25
6902.00   1.3721e-20
6904.00   3.1762e-25
6906.00   8.8768e-19
6908.00   3.7583e-18
6910.00   1.0783e-21
6912.00   7.2886e-18
6914.00   1.4387e-18
6916.00   3.8139e-21
6918.00   2.7964e-20
6920.00   6.3976e-26
6922.00   4.9616e-20
6924.00   3.2115e-17
6926.00   8.2644e-19
6928.00   9.0983e-21
6930.00   5.5637e-19
6932.00   4.6252e-19
6934.00   6.3104e-19
6936.00   5.4676e-21
6938.00   1.1356e-21
6940.00   1.7125e-19
6942.00   8.4309e-18
6944.00   1.3285e-17
6946.00   1.7238e-18
6948.00   8.1878e-19
6950.00   9.2369e-19
6952.00   8.6893e-22
6954.00   1.7731e-23
6956.00   8.2412e-24
6958.00   3.8003e-19
6960.00   1.5039e-19
6962.00   5.1290e-20
6964.00   3.2509e-19
6966.00   3.6882e-18
6968.00   7.7549e-22
6970.00   5.5433e-21
6972.00   1.5670e-21
6974.00   2.3638e-20
6976.00   1.5972e-21
6978.00   2.3853e-18
6980.00   7.8442e-22
6982.00   3.0838e-21
6984.00   5.5761e-21
6986.00   2.5536e-20
6988.00   4.4790e-21
6990.00   1.0609e-20
6992.00   5.2672e-20
6994.00   1.1515e-17
6996.00   2.3571e-18
6998.00   2.7636e-22
7000.00   6.1367e-19
7002.00   8.9516e-21
7004.00   2.7206e-21
7006.00   3.1445e-22
7008.00   2.9207e-20
7010.00   1.7298e-18
7012.00   1.3155e-18
7014.00   1.9244e-20
7016.00   3.3167e-19
7018.00   1.2416e-18
7020.00   7.4633e-22
7022.00   1.4750e-19
7024.00   2.5027e-21
7026.00   7.4626e-22
7028.00   7.8648e-24
7030.00   4.4060e-19
7032.00   3.5349e-19
7034.00   5.0070e-20
7036.00   5.9965e-21
7038.00   7.4475e-20
7040.00   4.4233e-20
7042.00   2.9598e-20
7044.00   7.2987e-23
7046.00   2.8085e-20
7048.00   4.8339e-18
7050.00   2.8912e-26
7052.00   1.4000e-22
7054.00   4.4980e-18
7056.00   2.0927e-24
7058.00   3.4260e-20
7060.00   1.9759e-19
7062.00   1.2023e-24
7064.00   7.1912e-19
7066.00   6.7783e-21
7068.00   6.7612e-19
7070.00   8.6708e-22
7072.00   1.2859e-24
7074.00   5.9974e-21
7076.00   4.6653e-19
7078.00   1.0590e-20
7080.00   1.2220e-20
7082.00   1.7337e-20
7084.00   9.4044e-21
7086.00   1.2495e-24
7088.00   5.3735e-19
7090.00   2.3367e-19
7092.00   8.8190e-20
7094.00   6.9825e-20
7096.00   5.7317e-23
7098.00   3.2752e-19
7100.00   1.0308e-21
7102.00   3.9608e-22
7104.00   4.5112e-19
7106.00   1.5541e-20
7108.00   1.2493e-21
7110.00   1.3098e-16
7112.00   2.0801e-19
7114.00   2.1959e-18
7116.00   1.3299e-19
7118.00   9.6552e-19
7120.00   3.6562e-23
7122.00   3.2107e-24
7124.00   2.5454e-19
7126.00   8.3879e-23
7128.00   3.9661e-19
7130.00   5.3169e-19
7132.00   3.8768e-18
7134.00   3.4202e-20
7136.00   5.6810e-18
7138.00   1.5447e-20
7140.00   3.5927e-19
7142.00   5.3009e-23
7144.00   6.5694e-24
7146.00   7.0509e-20
7148.00   1.3947e-19
7150.00   2.1981e-20
7152.00   7.1046e-20
7154.00   1.9417e-23
7156.00   4.5238e-16
7158.00   1.3404e-19
7160.00   1.1494e-23
7162.00   1.1903e-18
7164.00   2.1158e-18
7166.00   1.6051e-20
7168.00   1.6191e-18
7170.00   4.3594e-19
7172.00   1.1868e-16
7174.00   5.3630e-20
7176.00   4.7845e-25
7178.00   6.3272e-20
7180.00   1.1145e-17
7182.00   1.7554e-18
7184.00   5.5934e-17
7186.00   5.1892e-19
7188.00   1.2701e-24
7190.00   2.7366e-21
7192.00   6.3553e-18
7194.00   7.0649e-18
7196.00   8.8575e-22
7198.00   4.5259e-21
7200.00   1.0009e-19
7202.00   4.7597e-19
7204.00   1.4246e-18
7206.00   8.3825e-19
7208.00   8.1881e-24
7210.00   1.1262e-22
7212.00   1.7313e-18
7214.00   5.2821e-19
7216.00   1.1905e-18
7218.00   3.7152e-20
7220.00   3.1141e-27
7222.00   4.2737e-17
7224.00   4.7799e-17
7226.00   1.6355e-18
7228.00   8.1263e-21
7230.00   3.1472e-20
7232.00   5.7374e-22
7234.00   9.5274e-21
7236.00   1.2010e-22
7238.00   2.1430e-20
7240.00   5.5216e-20
7242.00   8.2857e-21
7244.00   1.4453e-19
7246.00   9.2540e-20
7248.00   2.7076e-19
7250.00   7.4595e-19
7252.00   2.3323e-24
7254.00   1.6650e-17
7256.00   9.9799e-27
7258.00   1.6775e-23
7260.00   4.0090e-21
7262.00   1.7451e-19
7264.00   6.2787e-18
7266.00   2.1708e-18
7268.00   1.3462e-18
7270.00   1.8199e-21
7272.00   8.1507e-27
7274.00   8.5152e-19
7276.00   4.7658e-19
7278.00   4.9912e-18
7280.00   5.4082e-18
7282.00   2.8446e-18
7284.00   1.3943e-22
7286.00   2.1755e-19
7288.00   6.2089e-18
7290.00   4.6547e-18
7292.00   9.1110e-23
7294.00   4.5120e-20
7296.00   2.6533e-21
7298.00   1.0027e-20
7300.00   5.5429e-20
7302.00   3.5207e-17
7304.00   2.5277e-19
7306.00   1.2246e-18
7308.00   7.2815e-17
7310.00   4.4473e-17
7312.00   1.1455e-21
7314.00   2.3895e-21
7316.00   3.0752e-20
7318.00   2.0709e-18
7320.00   5.4923e-17
7322.00   1.0063e-18
7324.00   4.5111e-21
7326.00   3.7791e-23
7328.00   3.5180e-19
7330.00   3.1489e-19
7332.00   1.5630e-19
7334.00   4.0470e-18
7336.00   1.2915e-16
7338.00   8.6360e-24
7340.00   1.5045e-28
7342.00   5.1058e-21
7344.00   9.9043e-23
7346.00   1.3677e-21
7348.00   3.8304e-26
7350.00   5.6437e-19
7352.00   7.0585e-18
7354.00   1.5105e-19
7356.00   2.0953e-21
7358.00   7.3766e-19
7360.00   3.4827e-21
7362.00   9.2050e-20
7364.00   2.0752e-22
7366.00   6.3304e-20
7368.00   8.6938e-22
7370.00   4.0313e-18
7372.00   9.7372e-23
7374.00   2.2991e-22
7376.00   4.1558e-25
7378.00   1.4068e-21
7380.00   1.5298e-20
7382.00   2.4708e-20
7384.00   5.3913e-23
7386.00   5.1431e-20
7388.00   8.7400e-17
7390.00   2.7794e-20
7392.00   1.3419e-23
7394.00   1.6545e-21
7396.00   3.1107e-22
7398.00   2.6112e-20
7400.00   1.1334e-17
7402.00   7.5775e-18
7404.00   6.7685e-26
7406.00   8.3075e-20
7408.00   3.2210e-20
7410.00   6.8908e-17
7412.00   8.3180e-21
7414.00   4.1142e-19
7416.00   1.8894e-20
7418.00   4.9782e-18
7420.00   3.0871e-18
7422.00   3.4314e-20
7424.00   3.8085e-19
7426.00   1.9468e-18
7428.00   1.7788e-20
7430.00   2.2166e-18
7432.00   2.3524e-19
7434.00   7.3779e-21
7436.00   4.8757e-19
7438.00   1.9933e-20
7440.00   1.4962e-20
7442.00   6.7048e-20
7444.00   2.5002e-26
7446.00   3.5165e-17
7448.00   4.1771e-25
7450.00   5.3586e-17
7452.00   1.3955e-16
7454.00   4.6412e-18
7456.00   2.1396e-19
7458.00   6.8197e-23
7460.00   6.3419e-23
7462.00   1.2710e-16
7464.00   1.9002e-21
7466.00   1.7241e-17
7468.00   8.0145e-25
7470.00   1.4085e-21
7472.00   1.3781e-20
7474.00   1.1115e-22
7476.00   6.4367e-21
7478.00   2.2711e-24
7480.00   1.8311e-18
7482.00   4.3112e-18
7484.00   1.3731e-25
7486.00   6.3893e-20
7488.00   4.6845e-19
7490.00   4.2414e-22
7492.00   1.3192e-20
7494.00   5.4919e-23
7496.00   9.1724e-22
7498.00   1.9545e-20
7500.00   2.9308e-19
7502.00   6.3086e-19
7504.00   8.3224e-19
7506.00   1.1930e-19
7508.00   1.7751e-22
7510.00   3.4951e-21
7512.00   2.0305e-25
7514.00   6.0000e-20
7516.00   7.1848e-17
7518.00   2.9248e-20
7520.00   8.4298e-17
7522.00   1.2585e-21
7524.00   1.4966e-19
7526.00   3.9855e-20
7528.00   4.4741e-22
7530.00   1.9218e-21
7532.00   3.2745e-19
7534.00   6.8312e-17
7536.00   1.5994e-23
7538.00   9.7483e-23
7540.00   4.0608e-19
7542.00   4.2170e-21
7544.00   3.1632e-19
7546.00   1.1008e-25
7548.00   1.0697e-19
7550.00   7.2419e-22
7552.00   1.8451e-19
7554.00   2.5471e-19
7556.00   1.3998e-21
7558.00   4.0156e-21
7560.00   3.8152e-20
7562.00   1.4225e-20
7564.00   1.9602e-19
7566.00   7.8740e-20
7568.00   2.6805e-19
7570.00   3.4067e-21
7572.00   1.3923e-21
7574.00   1.3422e-26
7576.00   3.8724e-19
7578.00   1.6556e-24
7580.00   6.7158e-17
7582.00   4.4391e-20
7584.00   3.6575e-18
7586.00   1.3450e-20
7588.00   4.0823e-21
7590.00   3.7369e-26
7592.00   5.7540e-22
7594.00   4.0950e-21
7596.00   4.7912e-20
7598.00   1.1833e-19
7600.00   1.5603e-19
7602.00   1.6664e-20
7604.00   2.5645e-21
7606.00   4.1719e-20
7608.00   2.4453e-23
7610.00   1.9312e-19
7612.00   1.0923e-25
7614.00   2.4625e-18
7616.00   2.6012e-19
7618.00   2.8021e-17
7620.00   3.5655e-19
7622.00   5.9004e-20
7624.00   9.0327e-23
7626.00   1.4545e-22
7628.00   1.5844e-26
7630.00   4.0975e-21
7632.00   2.6163e-21
7634.00   2.6820e-20
7636.00   5.6995e-23
7638.00   1.4151e-17
7640.00   1.7128e-20
7642.00   6.4120e-20
7644.00   4.6631e-21
7646.00   6.5897e-19
7648.00   4.0827e-17
7650.00   3.6711e-21
7652.00   8.5969e-23
7654.00   8.2737e-18
7656.00   4.9780e-17
7658.00   2.5170e-17
7660.00   9.1793e-18
7662.00   1.8344e-24
7664.00   4.8435e-22
7666.00   5.8686e-18
7668.00   3.8133e-22
7670.00   5.1465e-23
7672.00   5.7557e-18
7674.00   4.1256e-20
7676.00   2.2563e-19
7678.00   1.0885e-20
7680.00   2.5472e-25
7682.00   2.3309e-24
7684.00   4.3811e-23
7686.00   1.0984e-16
7688.00   6.8544e-20
7690.00   1.4938e-19
7692.00   1.5732e-20
7694.00   1.0741e-18
7696.00   1.0685e-20
7698.00   6.6325e-18
7700.00   9.2792e-19
7702.00   7.4499e-20
7704.00   6.6990e-25
7706.00   1.5109e-20
7708.00   2.5662e-20
7710.00   1.1835e-18
7712.00   3.2172e-16
7714.00   7.2653e-20
7716.00   6.9291e-20
7718.00   8.6512e-24
7720.00   2.7724e-18
7722.00   1.3017e-24
7724.00   2.8918e-20
7726.00   1.0251e-22
7728.00   6.6181e-23
7730.00   6.5719e-20
7732.00   9.9257e-21
7734.00   1.4801e-18
7736.00   4.9652e-23
7738.00   3.8206e-17
7740.00   1.3994e-18
7742.00   7.5819e-19
7744.00   8.9022e-23
7746.00   1.0670e-20
7748.00   5.9686e-20
7750.00   6.8917e-25
7752.00   3.2322e-22
7754.00   1.4582e-23
7756.00   4.9822e-22
7758.00   8.3246e-19
7760.00   2.0631e-22
7762.00   4.8603e-20
7764.00   9.4711e-18
7766.00   1.9697e-19
7768.00   8.5082e-24
7770.00   7.0942e-28
7772.00   1.0955e-22
7774.00   2.2910e-18
7776.00   8.7360e-24
7778.00   1.9240e-18
7780.00   1.9738e-22
7782.00   1.2502e-22
7784.00   8.2951e-19
7786.00   3.5146e-22
7788.00   4.4196e-20
7790.00   1.1238e-20
7792.00   2.0484e-19
7794.00   6.3858e-20
7796.00   1.4495e-25
7798.00   3.3458e-18
7800.00   4.2351e-26
7802.00   1.0861e-17
7804.00   3.1603e-19
7806.00   1.0981e-17
7808.00   9.3761e-19
7810.00   2.5731e-22
7812.00   2.5799e-21
7814.00   1.3526e-17
7816.00   1.6596e-19
7818.00   2.9918e-19
7820.00   6.9803e-20
7822.00   2.9340e-23
7824.00   6.0535e-20
7826.00   4.6565e-20
7828.00   3.2633e-23
7830.00   5.5233e-18
7832.00   3.2600e-18
7834.00   6.4468e-19
7836.00   8.6137e-18
7838.00   1.0371e-19
7840.00   1.5449e-18
7842.00   7.7630e-18
7844.00   9.4266e-20
7846.00   5.7999e-20
7848.00   3.8128e-19
7850.00   3.6506e-25
7852.00   1.1710e-19
7854.00   1.1269e-21
7856.00   1.3648e-20
7858.00   7.5199e-25
7860.00   1.1433e-19
7862.00   3.0668e-19
7864.00   7.1914e-23
7866.00   6.8429e-17
7868.00   9.4661e-22
7870.00   9.5152e-21
7872.00   5.5452e-19
7874.00   1.1543e-18
7876.00   5.5611e-24
7878.00   8.7492e-23
7880.00   1.7213e-22
7882.00   1.5911e-18
7884.00   7.2374e-23
7886.00   5.4675e-19
7888.00   2.5787e-22
7890.00   3.2187e-23
7892.00   7.1335e-19
7894.00   4.7078e-18
7896.00   4.5354e-19
7898.00   4.4206e-17
7900.00   6.6860e-19
7902.00   7.5060e-24
7904.00   3.1657e-20
7906.00   1.8854e-20
7908.00   6.3906e-24
7910.00   4.9540e-25
7912.00   1.8737e-21
7914.00   1.5929e-17
7916.00   1.7628e-21
7918.00   9.2564e-17
7920.00   3.9382e-27
7922.00   2.7568e-19
7924.00   2.4880e-26
7926.00   4.1174e-19
7928.00   3.5499e-22
7930.00   2.6985e-19
7932.00   1.3321e-20
7934.00   1.7293e-19
7936.00   1.3662e-23
7938.00   2.1079e-18
7940.00   4.3569e-21
7942.00   4.9216e-20
7944.00   1.5520e-26
7946.00   2.8988e-20
7948.00   5.1939e-18
7950.00   7.2226e-22
7952.00   4.9342e-19
7954.00   2.4350e-19
7956.00   1.3067e-19
7958.00   7.7497e-20
7960.00   5.2204e-27
7962.00   6.3605e-24
7964.00   6.6603e-25
7966.00   6.1156e-21
7968.00   3.4102e-19
7970.00   1.2025e-18
7972.00   7.0957e-22
7974.00   3.6806e-19
7976.00   4.3612e-17
7978.00   1.7504e-19
7980.00   1.3821e-20
7982.00   7.8732e-17
7984.00   4.1319e-20
7986.00   4.3029e-20
7988.00   3.4522e-20
7990.00   4.5832e-22
7992.00   4.4820e-23
7994.00   1.1169e-19
7996.00   3.0989e-18
7998.00   2.2363e-19
8000.00   2.1819e-20
8002.00   7.4470e-22
8004.00   2.4033e-21
8006.00   4.5576e-22
8008.00   4.9598e-18
8010.00   2.7542e-21
8012.00   2.3554e-18
8014.00   6.7478e-19
8016.00   1.7229e-19
8018.00   1.1837e-18
8020.00   3.6663e-23
8022.00   7.2619e-20
8024.00   5.1363e-20
8026.00   9.3546e-23
8028.00   1.6690e-20
8030.00   2.4067e-17
8032.00   7.0897e-19
8034.00   3.7627e-23
8036.00   2.0746e-19
8038.00   4.9044e-18
8040.00   2.7807e-22
8042.00   2.8281e-18
8044.00   5.2494e-20
8046.00   1.3939e-26
8048.00   1.1841e-20
8050.00   1.7958e-20
8052.00   8.9612e-21
8054.00   3.1410e-17
8056.00   1.9624e-26
8058.00   7.7168e-23
8060.00   4.9645e-18
8062.00   1.3574e-20
8064.00   6.0217e-18
8066.00   1.7085e-23
8068.00   2.8173e-20
8070.00   1.2393e-19
8072.00   5.4562e-25
8074.00   3.4988e-18
8076.00   1.1244e-17
8078.00   7.4785e-20
8080.00   3.1129e-18
8082.00   1.7472e-25
8084.00   2.3410e-17
8086.00   3.3216e-18
8088.00   2.5224e-23
8090.00   1.3200e-20
8092.00   2.0910e-18
8094.00   4.9837e-20
8096.00   2.0939e-18
8098.00   3.2307e-20
8100.00   2.1636e-27
8102.00   5.3031e-22
8104.00   9.3121e-19
8106.00   3.8530e-20
8108.00   2.1208e-18
8110.00   8.4933e-23
8112.00   2.5865e-21
8114.00   9.6389e-20
8116.00   3.3833e-26
8118.00   8.1394e-20
8120.00   2.1653e-18
8122.00   1.9246e-19
8124.00   3.9761e-19
8126.00   1.0772e-20
8128.00   3.8462e-20
8130.00   1.7135e-19
8132.00   5.1983e-20
8134.00   3.0187e-23
8136.00   2.2282e-17
8138.00   1.5917e-25
8140.00   3.1498e-21
8142.00   3.9120e-20
8144.00   8.7423e-20
8146.00   2.7255e-20
8148.00   5.3948e-18
8150.00   1.3665e-22
8152.00   4.6858e-19
8154.00   1.7087e-21
8156.00   1.4301e-21
8158.00   6.9230e-19
8160.00   8.5284e-18
8162.00   2.1917e-24
8164.00   2.7646e-19
8166.00   2.9638e-25
8168.00   1.2741e-18
8170.00   8.7866e-23
8172.00   8.1632e-20
8174.00   3.8958e-19
8176.00   1.3450e-26
8178.00   2.3785e-20
8180.00   1.6514e-24
8182.00   4.7338e-21
8184.00   2.5629e-21
8186.00   3.4288e-20
8188.00   8.9922e-24
8190.00   7.8690e-19
8192.00   3.4690e-19
8194.00   4.1284e-21
8196.00   7.2865e-23
8198.00   9.1678e-19
8200.00   6.1501e-21
8202.00   1.7912e-19
8204.00   4.7314e-19
8206.00   1.8870e-19
8208.00   2.8844e-17
8210.00   1.2147e-17
8212.00   7.7770e-18
8214.00   1.3344e-21
8216.00   2.4500e-19
8218.00   1.9782e-20
8220.00   2.8014e-21
8222.00   6.2773e-18
8224.00   5.4415e-24
8226.00   2.5774e-23
8228.00   3.8172e-16
8230.00   7.7949e-21
8232.00   3.8069e-22
8234.00   9.4923e-19
8236.00   3.6542e-25
8238.00   1.2918e-18
8240.00   3.9730e-20
8242.00   2.8537e-19
8244.00   4.8216e-25
8246.00   5.6837e-19
8248.00   2.7631e-18
8250.00   1.6484e-17
8252.00   1.4222e-19
8254.00   2.9946e-20
8256.00   1.3185e-20
8258.00   3.0678e-19
8260.00   1.1022e-17
8262.00   1.8232e-20
8264.00   6.0679e-18
8266.00   2.4904e-21
8268.00   4.4929e-24
8270.00   9.3960e-22
8272.00   9.1083e-21
8274.00   9.2993e-19
8276.00   2.1241e-18
8278.00   5.1412e-20
8280.00   7.6497e-22
8282.00   7.7252e-20
8284.00   9.8354e-18
8286.00   3.7114e-22
8288.00   2.4220e-16
8290.00   6.6325e-18
8292.00   1.3379e-22
8294.00   2.8530e-18
8296.00   3.9730e-20
8298.00   3.8427e-20
8300.00   2.5147e-18
8302.00   8.8893e-18
8304.00   8.8123e-20
8306.00   1.4223e-17
8308.00   1.0268e-19
8310.00   1.4476e-17
8312.00   3.2787e-21
8314.00   2.6598e-20
8316.00   4.9811e-21
8318.00   1.3967e-25
8320.00   3.6182e-21
8322.00   4.2674e-18
8324.00   1.3500e-19
8326.00   6.8513e-27
8328.00   1.2897e-21
8330.00   1.6271e-19
8332.00   1.4267e-21
8334.00   5.6787e-20
8336.00   5.2860e-22
8338.00   1.1192e-18
8340.00   2.0225e-19
8342.00   1.4338e-20
8344.00   1.9085e-19
8346.00   2.0912e-20
8348.00   2.0297e-20
8350.00   3.9600e-23
8352.00   1.3829e-19
8354.00   2.0187e-21
8356.00   4.8681e-20
8358.00   9.8619e-17
8360.00   2.8368e-21
8362.00   5.4279e-26
8364.00   1.0383e-23
8366.00   4.5712e-19
8368.00   8.3234e-18
8370.00   2.2463e-24
8372.00   1.0548e-18
8374.00   1.6927e-20
8376.00   3.8014e-19
8378.00   1.2020e-18
8380.00   2.2648e-25
8382.00   1.0019e-18
8384.00   1.8535e-26
8386.00   1.1589e-17
8388.00   4.5857e-19
8390.00   2.9496e-20
8392.00   3.6049e-19
8394.00   1.7414e-25
8396.00   5.6678e-19
8398.00   5.7382e-18
8400.00   2.3631e-22
8402.00   4.9140e-22
8404.00   1.3229e-17
8406.00   4.5266e-20
8408.00   5.7281e-19
8410.00   8.0339e-21
8412.00   4.0751e-19
8414.00   1.6529e-19
8416.00   1.7413e-19
8418.00   2.1709e-23
8420.00   3.6898e-18
8422.00   2.0786e-21
8424.00   5.5656e-17
8426.00   1.1857e-26
8428.00   8.3348e-21
8430.00   4.5252e-21
8432.00   7.2637e-20
8434.00   4.7962e-20
8436.00   8.8701e-20
8438.00   2.1415e-19
8440.00   9.5505e-21
8442.00   2.7842e-24
8444.00   3.1515e-17
8446.00   2.8602e-20
8448.00   1.3531e-22
8450.00   2.0716e-21
8452.00   1.4500e-18
8454.00   8.5568e-19
8456.00   3.9550e-24
8458.00   8.6454e-20
8460.00   7.3272e-23
8462.00   7.4193e-25
8464.00   5.1030e-22
8466.00   4.7217e-19
8468.00   1.6835e-17
8470.00   4.2445e-17
8472.00   2.0465e-19
8474.00   3.7690e-19
8476.00   6.1228e-21
8478.00   8.1452e-21
8480.00   2.5616e-19
8482.00   1.9159e-19
8484.00   9.7809e-20
8486.00   1.7356e-18
8488.00   8.4095e-24
8490.00   1.4538e-16
8492.00   3.4032e-19
8494.00   2.0564e-22
8496.00   1.1403e-19
8498.00   1.0741e-20
8500.00   9.9245e-17
8502.00   4.0607e-24
8504.00   6.2575e-19
8506.00   5.2872e-20
8508.00   2.9254e-17
8510.00   2.6165e-24
8512.00   4.6974e-22
8514.00   1.5752e-19
8516.00   7.9548e-23
8518.00   1.8566e-17
8520.00   7.4448e-25
8522.00   1.0080e-21
8524.00   1.0539e-18
8526.00   3.4162e-21
8528.00   9.0756e-19
8530.00   2.7997e-20
8532.00   3.8282e-20
8534.00   5.6849e-23
8536.00   7.7162e-22
8538.00   5.2742e-23
8540.00   1.9313e-22
8542.00   1.1487e-24
8544.00   3.9300e-20
8546.00   6.4612e-18
8548.00   3.3110e-19
8550.00   3.5319e-18
8552.00   5.1557e-21
8554.00   1.9138e-18
8556.00   1.9579e-19
8558.00   1.3673e-19
8560.00   4.8630e-28
8562.00   1.5760e-24
8564.00   7.0196e-19
8566.00   5.7158e-21
8568.00   2.3556e-20
8570.00   1.6636e-20
8572.00   3.6926e-20
8574.00   2.9137e-18
8576.00   7.7841e-20
8578.00   1.7495e-21
8580.00   7.2506e-20
8582.00   4.0740e-20
8584.00   2.2664e-22
8586.00   9.8719e-23
8588.00   3.0232e-24
8590.00   3.6309e-20
8592.00   1.5088e-21
8594.00   2.1457e-20
8596.00   1.5515e-16
8598.00   3.0178e-21
8600.00   2.3171e-18
8602.00   5.0989e-21
8604.00   1.3500e-19
8606.00   1.3845e-18
8608.00   5.1857e-25
8610.00   3.3439e-24
8612.00   1.2881e-18
8614.00   6.8798e-25
8616.00   4.9069e-17
8618.00   1.7887e-22
8620.00   3.1657e-21
8622.00   2.0780e-21
8624.00   1.6153e-22
8626.00   7.8378e-19
8628.00   3.2070e-19
8630.00   4.9656e-20
8632.00   3.1475e-23
8634.00   2.8323e-20
8636.00   1.0322e-19
8638.00   1.7525e-22
8640.00   1.0436e-21
8642.00   4.7832e-18
8644.00   5.2162e-22
8646.00   1.2224e-24
8648.00   1.6336e-24
8650.00   2.6062e-19
8652.00   1.1708e-24
8654.00   9.6424e-19
8656.00   1.7382e-20
8658.00   5.3543e-26
8660.00   2.0822e-21
8662.00   3.1849e-22
8664.00   1.4801e-19
8666.00   1.2432e-21
8668.00   1.9025e-20
8670.00   8.1706e-21
8672.00   7.4039e-18
8674.00   3.0977e-23
8676.00   3.2340e-19
8678.00   1.1055e-18
8680.00   4.1534e-26
8682.00   5.5902e-25
8684.00   4.6985e-18
8686.00   5.4986e-24
8688.00   1.0578e-22
8690.00   4.1672e-19
8692.00   2.8114e-23
8694.00   8.6482e-22
8696.00   6.0263e-18
8698.00   1.8713e-26
8700.00   1.6364e-21
8702.00   2.3347e-22
8704.00   3.0148e-19
8706.00   1.1750e-18
8708.00   6.5173e-19
8710.00   3.1743e-26
8712.00   9.4945e-26
8714.00   5.3821e-20
8716.00   7.5287e-18
8718.00   1.0132e-21
8720.00   2.0753e-19
8722.00   1.0473e-16
8724.00   7.3738e-23
8726.00   1.4308e-26
8728.00   3.3742e-22
8730.00   1.5716e-23
8732.00   1.3581e-20
8734.00   8.1803e-19
8736.00   1.6844e-20
8738.00   1.7916e-26
8740.00   5.0734e-19
8742.00   3.4556e-24
8744.00   2.9203e-20
8746.00   2.5597e-20
8748.00   6.4330e-21
8750.00   1.4008e-18
8752.00   1.3097e-19
8754.00   1.3944e-20
8756.00   2.1172e-19
8758.00   2.9572e-18
8760.00   1.0572e-21
8762.00   2.0017e-18
8764.00   7.9957e-21
8766.00   3.3678e-23
8768.00   3.5897e-26
8770.00   1.8125e-24
8772.00   4.6554e-23
8774.00   1.0151e-22
8776.00   8.4708e-19
8778.00   4.5954e-25
8780.00   7.5076e-25
8782.00   1.9003e-21
8784.00   4.8477e-23
8786.00   4.1617e-26
8788.00   9.7835e-22
8790.00   1.7196e-22
8792.00   4.3879e-22
8794.00   9.1815e-19
8796.00   4.8057e-21
8798.00   8.4138e-22
8800.00   3.0842e-25
8802.00   8.2375e-28
8804.00   6.5063e-22
8806.00   1.4497e-17
8808.00   1.6574e-22
8810.00   6.7039e-19
8812.00   4.9202e-21
8814.00   8.4307e-21
8816.00   9.4393e-16
8818.00   6.6618e-22
8820.00   1.8602e-19
8822.00   9.0444e-25
8824.00   4.3606e-18
8826.00   6.4421e-19
8828.00   1.6225e-16
8830.00   7.0821e-23
8832.00   4.3236e-25
8834.00   8.0331e-23
8836.00   5.4528e-23
8838.00   1.6901e-19
8840.00   1.3642e-24
8842.00   4.1961e-21
8844.00   8.1729e-21
8846.00   7.4352e-21
8848.00   7.2816e-18
8850.00   8.2811e-21
8852.00   1.5031e-19
8854.00   1.1863e-20
8856.00   2.1266e-22
8858.00   5.0231e-21
8860.00   3.8057e-18
8862.00   2.7399e-20
8864.00   4.8259e-21
8866.00   2.9870e-28
8868.00   1.0747e-17
8870.00   3.2294e-19
8872.00   1.9485e-27
8874.00   9.7490e-17
8876.00   2.8498e-20
8878.00   3.6559e-24
8880.00   3.7689e-25
8882.00   2.8998e-21
8884.00   1.9338e-20
8886.00   3.4082e-18
8888.00   5.1971e-26
8890.00   9.5739e-19
8892.00   2.8273e-17
8894.00   1.6076e-23
8896.00   1.9058e-21
8898.00   2.6776e-18
8900.00   1.0813e-24
8902.00   3.7274e-21
8904.00   9.2830e-24
8906.00   3.2989e-22
8908.00   1.9402e-21
8910.00   5.8339e-23
8912.00   4.2660e-19
8914.00   8.0870e-25
8916.00   1.7477e-24
8918.00   4.5863e-21
8920.00   7.6473e-17
8922.00   7.3033e-19
8924.00   7.0315e-21
8926.00   2.9043e-16
8928.00   3.1335e-22
8930.00   2.0736e-26
8932.00   4.1316e-20
8934.00   3.7758e-20
8936.00   1.1134e-26
8938.00   5.9949e-16
8940.00   8.5523e-22
8942.00   7.3757e-24
8944.00   5.3032e-20
8946.00   5.5985e-19
8948.00   2.0044e-23
8950.00   1.8975e-19
8952.00   4.4422e-24
8954.00   1.4444e-26
8956.00   1.0963e-16
8958.00   1.5696e-23
8960.00   2.0600e-19
8962.00   1.4712e-22
8964.00   2.0022e-24
8966.00   1.8814e-19
8968.00   3.9203e-21
8970.00   1.3750e-20
8972.00   5.2439e-22
8974.00   1.5051e-26
8976.00   5.0573e-21
8978.00   3.5392e-28
8980.00   1.2496e-22
8982.00   2.0135e-18
8984.00   2.4296e-25
8986.00   6.3076e-21
8988.00   3.4090e-21
8990.00   3.1641e-18
8992.00   2.8922e-24
8994.00   1.0427e-20
8996.00   6.4844e-24
8998.00   2.3534e-25
9000.00   6.8834e-20
9002.00   8.8735e-21
9004.00   4.1530e-26
9006.00   3.1440e-17
9008.00   3.5637e-27
9010.00   1.5886e-21
9012.00   5.2423e-24
9014.00   8.7715e-18
9016.00   5.9991e-26
9018.00   6.6053e-26
9020.00   5.2917e-20
9022.00   1.4249e-24
9024.00   1.4677e-19
9026.00   1.6853e-19
9028.00   1.2718e-18
9030.00   1.2221e-19
9032.00   1.0780e-22
9034.00   1.0744e-17
9036.00   1.1117e-18
9038.00   3.8241e-19
9040.00   9.2480e-27
9042.00   3.8527e-21
9044.00   4.5583e-23
9046.00   3.0642e-27
9048.00   6.6285e-19
9050.00   2.2716e-20
9052.00   6.6305e-17
9054.00   3.3749e-25
9056.00   1.4764e-19
9058.00   9.0129e-19
9060.00   3.6450e-20
9062.00   5.3973e-16
9064.00   3.9984e-23
9066.00   3.1521e-20
9068.00   5.3604e-24
9070.00   2.5142e-16
9072.00   1.8008e-21
9074.00   1.7413e-19
9076.00   4.9807e-17
9078.00   4.0616e-16
9080.00   8.4719e-19
9082.00   8.0497e-20
9084.00   1.1454e-18
9086.00   5.3310e-24
9088.00   1.3633e-21
9090.00   7.9447e-19
9092.00   2.2582e-23
9094.00   2.9726e-26
9096.00   4.7568e-17
9098.00   1.1718e-21
9100.00   9.4850e-22
9102.00   1.0149e-22
9104.00   7.1089e-20
9106.00   1.1723e-19
9108.00   2.5768e-27
9110.00   5.5023e-21
9112.00   3.2004e-19
9114.00   1.7837e-20
9116.00   9.4076e-18
9118.00   5.4779e-21
9120.00   1.0956e-26
9122.00   7.8686e-16
9124.00   1.1205e-26
9126.00   4.7406e-19
9128.00   6.1614e-22
9130.00   3.1845e-19
9132.00   1.8844e-18
9134.00   1.2843e-18
9136.00   4.1010e-21
9138.00   4.2282e-20
9140.00   3.4021e-24
9142.00   6.8087e-23
9144.00   1.3914e-23
9146.00   2.1433e-21
9148.00   3.0216e-25
9150.00   1.1236e-22
9152.00   2.0163e-22
9154.00   1.0289e-19
9156.00   6.1493e-17
9158.00   3.0720e-26
9160.00   2.4706e-23
9162.00   9.1285e-27
9164.00   1.4062e-20
9166.00   1.4495e-24
9168.00   4.0068e-19
9170.00   1.0766e-20
9172.00   5.2844e-17
9174.00   3.0201e-25
9176.00   4.2063e-16
9178.00   2.6564e-16
9180.00   2.9868e-17
9182.00   9.2924e-20
9184.00   1.7984e-21
9186.00   3.2014e-26
9188.00   7.1897e-17
9190.00   1.2400e-22
9192.00   3.5613e-19
9194.00   3.1513e-19
9196.00   1.1598e-16
9198.00   1.1125e-22
9200.00   2.2608e-19
9202.00   3.2519e-18
9204.00   5.1254e-16
9206.00   1.6038e-24
9208.00   3.2508e-25
9210.00   1.8570e-16
9212.00   1.6768e-19
9214.00   3.4786e-19
9216.00   4.5960e-21
9218.00   1.4973e-25
9220.00   1.5145e-21
9222.00   5.3635e-20
9224.00   1.5122e-21
9226.00   3.0975e-17
9228.00   2.3745e-20
9230.00   3.0097e-25
9232.00   2.4879e-18
9234.00   7.7025e-21
9236.00   3.0829e-26
9238.00   1.2063e-18
9240.00   8.9739e-22
9242.00   9.5864e-19
9244.00   1.0027e-20
9246.00   1.0796e-21
9248.00   5.0927e-20
9250.00   1.4758e-20
9252.00   5.5821e-17
9254.00   1.4050e-21
9256.00   7.7543e-26
9258.00   3.8643e-18
9260.00   8.0497e-24
9262.00   3.9633e-29
9264.00   3.1567e-20
9266.00   7.1115e-24
9268.00   2.1071e-17
9270.00   1.8984e-22
9272.00   4.8276e-17
9274.00   1.1587e-18
9276.00   6.1901e-27
9278.00   4.1933e-24
9280.00   2.5153e-28
9282.00   4.5997e-20
9284.00   4.4191e-21
9286.00   2.0247e-19
9288.00   2.1883e-24
9290.00   4.6456e-18
9292.00   1.2605e-26
9294.00   1.0043e-22
9296.00   1.0961e-16
9298.00   1.1557e-18
9300.00   1.0341e-21
9302.00   8.4543e-28
9304.00   9.0015e-17
9306.00   7.7298e-21
9308.00   4.7006e-22
9310.00   2.1204e-21
9312.00   5.1522e-23
9314.00   7.5388e-24
9316.00   6.6976e-18
9318.00   6.6119e-24
9320.00   9.6080e-19
9322.00   4.0430e-19
9324.00   1.1027e-17
9326.00   8.5384e-17
9328.00   3.4063e-17
9330.00   5.6640e-20
9332.00   1.6339e-26
9334.00   1.9602e-24
9336.00   3.0967e-20
9338.00   2.7528e-21
9340.00   8.5077e-24
9342.00   3.0452e-17
9344.00   1.2456e-28
9346.00   2.2720e-22
9348.00   4.7983e-19
9350.00   3.7086e-18
9352.00   1.6283e-18
9354.00   1.6625e-26
9356.00   4.7877e-19
9358.00   6.9955e-19
9360.00   8.5957e-25
9362.00   5.0481e-21
9364.00   2.2050e-25
9366.00   1.0964e-20
9368.00   1.3255e-17
9370.00   8.1179e-26
9372.00   1.6301e-20
9374.00   3.6819e-20
9376.00   1.6748e-17
9378.00   1.2133e-22
9380.00   6.4407e-22
9382.00   5.7936e-19
9384.00   8.7016e-19
9386.00   4.9500e-21
9388.00   1.5611e-17
9390.00   2.8973e-22
9392.00   1.0624e-19
9394.00   5.6518e-21
9396.00   8.0957e-28
9398.00   3.2338e-26
9400.00   2.3711e-17
9402.00   8.6707e-24
9404.00   1.2820e-19
9406.00   6.8327e-21
9408.00   2.8039e-17
9410.00   4.2654e-18
9412.00   2.6029e-21
9414.00   1.2891e-20
9416.00   8.7202e-25
9418.00   4.3461e-17
9420.00   9.1752e-22
9422.00   1.6897e-22
9424.00   2.3755e-21
9426.00   9.6885e-20
9428.00   4.7759e-15
9430.00   8.6766e-21
9432.00   5.2171e-19
9434.00   7.9854e-29
9436.00   1.3297e-17
9438.00   3.4072e-20
9440.00   1.1336e-20
9442.00   5.5844e-20
9444.00   2.9652e-25
9446.00   6.7808e-19
9448.00   1.1807e-21
9450.00   6.1503e-26
9452.00   1.5861e-20
9454.00   3.5305e-25
9456.00   4.7129e-20
9458.00   8.3756e-22
9460.00   4.5829e-23
9462.00   7.4422e-22
9464.00   4.2064e-18
9466.00   7.0289e-19
9468.00   5.5418e-20
9470.00   1.2781e-17
9472.00   6.8783e-22
9474.00   4.0505e-16
9476.00   4.8059e-21
9478.00   3.6928e-21
9480.00   8.9184e-25
9482.00   1.5970e-19
9484.00   1.2707e-23
9486.00   3.3034e-21
9488.00   1.0021e-24
9490.00   1.8396e-19
9492.00   8.9739e-20
9494.00   1.7502e-27
9496.00   5.4661e-20
9498.00   3.5925e-17
9500.00   8.2874e-20
9502.00   1.1261e-26
9504.00   1.0346e-21
9506.00   8.1707e-27
9508.00   6.2781e-22
9510.00   1.1772e-15
9512.00   2.6840e-26
9514.00   7.5801e-18
9516.00   2.6097e-24
9518.00   4.5921e-20
9520.00   4.8828e-20
9522.00   2.0858e-23
9524.00   1.4777e-19
9526.00   4.5886e-18
9528.00   2.6714e-17
9530.00   6.8927e-24
9532.00   3.3327e-17
9534.00   5.4921e-17
9536.00   1.9082e-19
9538.00   3.0910e-25
9540.00   3.1047e-21
9542.00   1.5527e-19
9544.00   1.4779e-26
9546.00   1.4882e-19
9548.00   3.6788e-20
9550.00   6.5237e-18
9552.00   1.1670e-19
9554.00   1.9002e-22
9556.00   4.8608e-16
9558.00   1.3932e-19
9560.00   7.3042e-17
9562.00   3.5300e-27
9564.00   1.5182e-20
9566.00   6.4998e-19
9568.00   2.9945e-19
9570.00   4.8211e-18
9572.00   1.0814e-16
9574.00   2.8906e-21
9576.00   1.5086e-26
9578.00   4.7284e-21
9580.00   7.6476e-20
9582.00   5.0553e-21
9584.00   2.8270e-26
9586.00   8.6235e-22
9588.00   2.1542e-25
9590.00   1.6317e-18
9592.00   1.5054e-20
9594.00   1.2375e-22
9596.00   7.8990e-19
9598.00   5.3354e-19
9600.00   8.2778e-23
9602.00   6.7715e-21
9604.00   3.9616e-27
9606.00   8.8260e-19
9608.00   1.6917e-20
9610.00   1.7923e-21
9612.00   1.1149e-21
9614.00   2.0899e-17
9616.00   1.2114e-26
9618.00   6.2938e-17
9620.00   3.8364e-24
9622.00   5.3066e-26
9624.00   1.2701e-26
9626.00   2.0195e-26
9628.00   1.2067e-26
9630.00   7.6659e-20
9632.00   2.9840e-20
9634.00   5.2279e-18
9636.00   1.0936e-24
9638.00   1.9651e-20
9640.00   1.5913e-20
9642.00   1.5741e-21
9644.00   2.9922e-26
9646.00   2.1021e-20
9648.00   1.9864e-24
9650.00   6.4072e-24
9652.00   3.3216e-18
9654.00   1.5428e-28
9656.00   3.5176e-18
9658.00   4.2340e-24
9660.00   2.2559e-23
9662.00   2.7049e-17
9664.00   4.5281e-19
9666.00   1.5406e-26
9668.00   5.1380e-23
9670.00   2.2722e-19
9672.00   2.3211e-18
9674.00   3.4473e-22
9676.00   7.4525e-19
9678.00   4.4497e-22
9680.00   7.1809e-17
9682.00   1.6753e-17
9684.00   2.3824e-21
9686.00   2.6336e-22
9688.00   3.2927e-27
9690.00   1.9060e-24
9692.00   3.5983e-25
9694.00   9.7406e-27
9696.00   3.1652e-19
9698.00   2.2363e-23
9700.00   1.6417e-21
9702.00   1.6216e-26
9704.00   3.4362e-20
9706.00   4.2342e-24
9708.00   4.2176e-25
9710.00   2.2252e-26
9712.00   1.3860e-19
9714.00   2.4360e-20
9716.00   3.9953e-26
9718.00   1.0127e-19
9720.00   2.1904e-24
9722.00   6.2188e-20
9724.00   1.5967e-20
9726.00   2.4340e-25
9728.00   1.0273e-22
9730.00   7.7424e-20
9732.00   2.3327e-19
9734.00   6.1210e-22
9736.00   4.5786e-20
9738.00   1.6237e-19
9740.00   7.3151e-23
9742.00   4.5819e-19
9744.00   3.6367e-19
9746.00   8.1694e-19
9748.00   1.4130e-20
9750.00   5.3066e-20
9752.00   1.5009e-24
9754.00   6.5343e-23
9756.00   3.1170e-19
9758.00   6.5141e-28
9760.00   5.8840e-24
9762.00   4.5867e-26
9764.00   1.3810e-19
9766.00   4.9121e-19
9768.00   5.6351e-22
9770.00   3.1868e-23
9772.00   6.2191e-23
9774.00   7.0415e-25
9776.00   8.7985e-27
9778.00   7.0919e-25
9780.00   1.4546e-21
9782.00   1.1470e-19
9784.00   8.5079e-29
9786.00   8.9280e-25
9788.00   1.5212e-18
9790.00   8.0947e-21
9792.00   3.3128e-25
9794.00   2.2215e-23
9796.00   1.1933e-18
9798.00   9.6457e-21
9800.00   6.6353e-21
9802.00   1.0737e-25
9804.00   2.3214e-21
9806.00   5.0475e-20
9808.00   2.5908e-20
9810.00   8.4224e-22
9812.00   5.9450e-17
9814.00   1.0797e-23
9816.00   1.6885e-19
9818.00   2.6036e-25
9820.00   2.9685e-23
9822.00   1.3572e-23
9824.00   9.2831e-24
9826.00   3.0639e-19
9828.00   1.7364e-20
9830.00   2.8887e-22
9832.00   3.9096e-30
9834.00   3.7871e-27
9836.00   9.1175e-27
9838.00   9.3513e-21
9840.00   1.6381e-27
9842.00   2.3883e-20
9844.00   4.2270e-18
9846.00   6.3958e-23
9848.00   2.4588e-19
9850.00   2.6871e-18
9852.00   1.5884e-25
9854.00   5.1222e-24
9856.00   4.2204e-26
9858.00   3.5507e-22
9860.00   9.4236e-22
9862.00   8.3207e-20
9864.00   9.1895e-23
9866.00   5.9541e-25
9868.00   2.1517e-18
9870.00   2.3229e-23
9872.00   1.0674e-21
9874.00   1.1183e-20
9876.00   1.3755e-20
9878.00   9.6153e-26
9880.00   7.3842e-18
9882.00   5.5078e-18
9884.00   2.2862e-23
9886.00   3.1686e-25
9888.00   2.3392e-24
9890.00   3.1573e-26
9892.00   3.0688e-23
9894.00   3.6865e-17
9896.00   1.7240e-18
9898.00   2.4164e-21
9900.00   1.2762e-19
9902.00   1.3878e-23
9904.00   3.7844e-19
9906.00   9.2077e-20
9908.00   4.7103e-19
9910.00   2.4828e-17
9912.00   6.8526e-18
9914.00   5.7121e-25
9916.00   3.4549e-23
9918.00   2.1460e-22
9920.00   2.4294e-19
9922.00   1.4270e-20
9924.00   2.0323e-20
9926.00   1.0477e-21
9928.00   3.9794e-27
9930.00   1.8011e-26
9932.00   2.8691e-20
9934.00   4.0193e-22
9936.00   4.6769e-22
9938.00   2.1693e-20
9940.00   2.0575e-22
9942.00   7.9193e-22
9944.00   1.3052e-21
9946.00   3.1664e-18
9948.00   1.1049e-24
9950.00   5.1551e-18
9952.00   2.5163e-26
9954.00   2.0853e-20
9956.00   8.9143e-17
9958.00   7.7411e-20
9960.00   1.1321e-24
9962.00   1.9673e-21
9964.00   3.0725e-27
9966.00   1.2123e-27
9968.00   8.2138e-23
9970.00   5.3760e-20
9972.00   5.2127e-22
9974.00   6.7765e-28
9976.00   1.7786e-18
9978.00   3.4368e-20
9980.00   5.0232e-26
9982.00   5.6177e-20
9984.00   1.2844e-20
9986.00   1.5961e-23
9988.00   1.3848e-28
9990.00   1.2807e-23
9992.00   8.5400e-20
9994.00   4.7303e-21
9996.00   3.9964e-21
9998.00   1.0096e-15
10000.00   3.4353e-25
