1000.00   5.3870e-16
1002.00   2.0189e-16
1004.00   2.0205e-16
1006.00   1.5763e-16
1008.00   9.9458e-17
1010.00   1.3966e-16
1012.00   5.5221e-17
1014.00   2.2581e-16
1016.00   1.2158e-16
1018.00   8.9024e-17
1020.00   1.9689e-16
1022.00   1.3434e-16
1024.00   1.9465e-17
1026.00   5.3799e-18
1028.00   4.1630e-17
1030.00   5.7723e-16
1032.00   8.0349e-16
1034.00   4.0783e-16
1036.00   1.6124e-16
1038.00   3.9038e-17
1040.00   1.1544e-17
1042.00   4.9372e-17
1044.00   3.8015e-16
1046.00   4.8462e-16
1048.00   6.7351e-18
1050.00   2.1755e-16
1052.00   1.4963e-16
1054.00   1.6558e-16
1056.00   1.6423e-15
1058.00   6.1310e-16
1060.00   2.2130e-15
1062.00   6.0841e-16
1064.00   4.2838e-15
1066.00   9.0868e-16
1068.00   5.4106e-15
1070.00   2.2888e-15
1072.00   2.9583e-15
1074.00   4.9915e-15
1076.00   5.2316e-15
1078.00   3.0413e-16
1080.00   3.2040e-16
1082.00   2.2608e-15
1084.00   7.9383e-16
1086.00   4.1175e-17
1088.00   2.5534e-15
1090.00   2.4609e-15
1092.00   9.3070e-16
1094.00   4.6352e-15
1096.00   1.0234e-15
1098.00   3.7468e-15
1100.00   5.5027e-15
1102.00   1.4004e-15
1104.00   4.9437e-16
1106.00   1.4352e-15
1108.00   1.3654e-15
1110.00   1.1806e-15
1112.00   2.2028e-15
1114.00   1.1992e-15
1116.00   1.2813e-15
1118.00   1.7886e-16
1120.00   5.0203e-16
1122.00   2.1020e-15
1124.00   1.9496e-15
1126.00   3.1805e-15
1128.00   2.5486e-15
1130.00   1.4199e-15
1132.00   2.1634e-15
1134.00   3.0725e-15
1136.00   5.2289e-16
1138.00   2.0833e-15
1140.00   1.6685e-15
1142.00   2.3456e-15
1144.00   7.2089e-15
1146.00   3.3407e-15
1148.00   8.6757e-15
1150.00   6.2330e-15
1152.00   3.7807e-15
1154.00   4.3086e-15
1156.00   6.7104e-16
1158.00   1.6259e-15
1160.00   3.4566e-15
1162.00   1.1134e-15
1164.00   7.2809e-16
1166.00   1.0095e-15
1168.00   8.7882e-16
1170.00   2.1615e-15
1172.00   1.8147e-15
1174.00   2.3944e-15
1176.00   1.0179e-15
1178.00   5.9797e-16
1180.00   1.0256e-16
1182.00   1.0392e-15
1184.00   2.1065e-15
1186.00   8.2926e-16
1188.00   2.1510e-15
1190.00   2.7407e-16
1192.00   1.1330e-15
1194.00   1.3747e-16
1196.00   2.1074e-16
1198.00   1.1818e-15
1200.00   1.6080e-15
1202.00   4.2300e-16
1204.00   3.5752e-16
1206.00   1.1747e-16
1208.00   8.4366e-16
1210.00   1.2965e-15
1212.00   1.5664e-15
1214.00   2.8434e-15
1216.00   5.6599e-16
1218.00   3.5961e-15
1220.00   1.1511e-15
1222.00   9.2349e-17
1224.00   4.4100e-16
1226.00   2.6166e-16
1228.00   6.1597e-16
1230.00   1.3633e-16
1232.00   6.3392e-16
1234.00   7.6395e-16
1236.00   4.7576e-16
1238.00   9.2698e-16
1240.00   7.9356e-16
1242.00   1.0769e-15
1244.00   5.8365e-16
1246.00   3.7583e-16
1248.00   1.1353e-15
1250.00   2.0866e-16
1252.00   7.3414e-16
1254.00   2.1932e-16
1256.00   1.2545e-15
1258.00   1.3087e-15
1260.00   1.6028e-16
1262.00   1.3464e-15
1264.00   9.8019e-16
1266.00   2.5245e-15
1268.00   1.1296e-15
1270.00   1.1905e-15
1272.00   1.3252e-15
1274.00   1.0690e-15
1276.00   1.0226e-15
1278.00   5.6520e-16
1280.00   1.1331e-15
1282.00   5.0482e-16
1284.00   3.8796e-16
1286.00   6.5025e-16
1288.00   1.0547e-15
1290.00   2.1287e-15
1292.00   9.1538e-16
1294.00   9.0259e-16
1296.00   1.7808e-15
1298.00   6.4969e-16
1300.00   1.4481e-15
1302.00   2.5696e-16
1304.00   5.9978e-16
1306.00   3.9792e-16
1308.00   5.7466e-16
1310.00   1.9727e-16
1312.00   3.4435e-16
1314.00   1.2840e-15
1316.00   6.2914e-16
1318.00   1.2716e-15
1320.00   1.2381e-15
1322.00   1.8299e-15
1324.00   5.8088e-16
1326.00   4.5083e-16
1328.00   9.1158e-16
1330.00   1.2872e-15
1332.00   1.5426e-15
1334.00   1.8061e-16
1336.00   1.3168e-16
1338.00   4.0652e-16
1340.00   1.7483e-15
1342.00   3.8452e-16
1344.00   4.5162e-16
1346.00   9.9630e-16
1348.00   2.5155e-16
1350.00   4.0122e-16
1352.00   9.9650e-16
1354.00   1.2120e-15
1356.00   5.4761e-16
1358.00   8.2211e-16
1360.00   1.7778e-15
1362.00   2.1851e-15
1364.00   1.5057e-15
1366.00   3.3259e-15
1368.00   1.5544e-15
1370.00   7.7535e-16
1372.00   2.8989e-15
1374.00   3.2910e-15
1376.00   1.8521e-15
1378.00   3.1040e-15
1380.00   2.0553e-15
1382.00   2.2780e-15
1384.00   2.1776e-15
1386.00   1.8852e-15
1388.00   2.4056e-15
1390.00   2.4536e-16
1392.00   1.6431e-15
1394.00   5.6747e-16
1396.00   2.0348e-15
1398.00   2.1816e-15
1400.00   4.0189e-15
1402.00   5.0024e-15
1404.00   2.6719e-15
1406.00   1.0869e-15
1408.00   2.2452e-15
1410.00   2.0503e-15
1412.00   1.1329e-15
1414.00   1.5656e-15
1416.00   8.4294e-15
1418.00   3.2259e-15
1420.00   1.3819e-15
1422.00   5.4632e-16
1424.00   7.0660e-16
1426.00   3.3069e-16
1428.00   1.3215e-15
1430.00   1.7111e-15
1432.00   1.2034e-15
1434.00   4.0587e-16
1436.00   1.8685e-15
1438.00   3.4076e-15
1440.00   2.5105e-15
1442.00   1.8783e-15
1444.00   7.9262e-16
1446.00   4.3751e-16
1448.00   6.0719e-16
1450.00   7.8838e-16
1452.00   1.3442e-15
1454.00   1.5316e-15
1456.00   9.8572e-16
1458.00   7.0960e-16
1460.00   3.4577e-16
1462.00   8.9045e-16
1464.00   1.7112e-15
1466.00   7.1606e-16
1468.00   1.2821e-15
1470.00   3.6645e-16
1472.00   2.4065e-16
1474.00   3.5041e-15
1476.00   8.1070e-16
1478.00   1.7027e-15
1480.00   2.4992e-15
1482.00   2.2186e-16
1484.00   1.6237e-15
1486.00   8.4271e-16
1488.00   1.2289e-15
1490.00   2.6203e-15
1492.00   1.1349e-15
1494.00   3.2487e-16
1496.00   1.9294e-15
1498.00   1.7148e-16
1500.00   2.5318e-16
1502.00   1.4592e-15
1504.00   1.4976e-15
1506.00   3.1863e-15
1508.00   2.9604e-15
1510.00   3.4567e-16
1512.00   3.0318e-15
1514.00   1.1233e-15
1516.00   1.0075e-15
1518.00   1.5078e-16
1520.00   1.3198e-15
1522.00   5.4043e-16
1524.00   3.0940e-16
1526.00   2.8642e-16
1528.00   1.9060e-16
1530.00   8.1751e-17
1532.00   1.7121e-16
1534.00   2.1881e-16
1536.00   1.9654e-16
1538.00   1.7321e-16
1540.00   6.8387e-16
1542.00   4.6315e-16
1544.00   3.2050e-16
1546.00   3.2708e-16
1548.00   3.6896e-16
1550.00   3.2429e-16
1552.00   4.3477e-16
1554.00   1.1697e-15
1556.00   5.5791e-16
1558.00   1.4231e-16
1560.00   1.3130e-15
1562.00   3.3135e-16
1564.00   9.5062e-16
1566.00   3.9017e-16
1568.00   5.9329e-16
1570.00   1.1580e-15
1572.00   9.0290e-16
1574.00   1.4381e-15
1576.00   1.0404e-16
1578.00   1.7071e-15
1580.00   9.2776e-16
1582.00   4.0277e-16
1584.00   5.4657e-16
1586.00   4.9560e-16
1588.00   6.7535e-16
1590.00   1.7432e-16
1592.00   4.1769e-16
1594.00   1.7570e-15
1596.00   2.8151e-16
1598.00   4.2480e-16
1600.00   8.9440e-16
1602.00   4.1309e-16
1604.00   4.0179e-16
1606.00   7.9883e-16
1608.00   2.0359e-15
1610.00   4.8063e-16
1612.00   1.6783e-16
1614.00   5.9559e-16
1616.00   1.3402e-16
1618.00   2.0854e-15
1620.00   2.6874e-16
1622.00   2.3106e-15
1624.00   5.9323e-16
1626.00   1.2964e-15
1628.00   2.9114e-16
1630.00   2.4801e-15
1632.00   2.6154e-15
1634.00   2.0671e-15
1636.00   4.4641e-15
1638.00   9.5718e-16
1640.00   3.4245e-15
1642.00   2.4797e-15
1644.00   9.2448e-16
1646.00   2.3412e-15
1648.00   1.9180e-15
1650.00   3.2163e-15
1652.00   4.3279e-16
1654.00   1.2968e-15
1656.00   2.5020e-16
1658.00   6.7482e-16
1660.00   7.5126e-16
1662.00   3.4634e-16
1664.00   4.3741e-16
1666.00   1.1051e-16
1668.00   1.1005e-15
1670.00   1.6794e-16
1672.00   6.1916e-17
1674.00   1.1639e-15
1676.00   9.1063e-16
1678.00   3.5298e-16
1680.00   8.3771e-16
1682.00   7.8997e-16
1684.00   6.3141e-16
1686.00   5.2986e-16
1688.00   3.6584e-16
1690.00   1.5155e-15
1692.00   4.1603e-16
1694.00   1.0192e-15
1696.00   7.0182e-16
1698.00   4.5372e-16
1700.00   1.0840e-15
1702.00   7.8563e-16
1704.00   3.0845e-16
1706.00   3.5140e-16
1708.00   2.2556e-15
1710.00   1.4097e-15
1712.00   5.4854e-16
1714.00   1.0172e-15
1716.00   1.8052e-15
1718.00   8.7402e-16
1720.00   1.4869e-15
1722.00   7.3966e-16
1724.00   1.1066e-15
1726.00   1.0497e-15
1728.00   5.4599e-16
1730.00   5.4068e-17
1732.00   1.0250e-15
1734.00   5.3696e-16
1736.00   2.1191e-16
1738.00   3.6028e-16
1740.00   2.5096e-17
1742.00   2.4038e-16
1744.00   2.9111e-17
1746.00   8.9118e-16
1748.00   3.0845e-16
1750.00   7.1202e-16
1752.00   1.3987e-17
1754.00   1.8616e-17
1756.00   1.0339e-16
1758.00   2.8147e-16
1760.00   7.3701e-16
1762.00   1.4079e-15
1764.00   4.9157e-16
1766.00   3.0202e-16
1768.00   2.4070e-16
1770.00   9.0456e-16
1772.00   1.0215e-15
1774.00   6.5883e-16
1776.00   8.8320e-16
1778.00   8.9241e-16
1780.00   9.3430e-17
1782.00   1.8108e-15
1784.00   2.5468e-16
1786.00   9.5306e-15
1788.00   5.8252e-15
1790.00   6.5723e-16
1792.00   1.4241e-15
1794.00   1.0677e-15
1796.00   4.5498e-16
1798.00   2.1307e-15
1800.00   7.0928e-17
1802.00   9.0369e-17
1804.00   1.7101e-15
1806.00   1.2677e-15
1808.00   3.3730e-16
1810.00   1.3700e-15
1812.00   2.3828e-16
1814.00   1.1667e-16
1816.00   9.5295e-16
1818.00   8.7155e-16
1820.00   6.5945e-17
1822.00   6.7869e-16
1824.00   8.0024e-16
1826.00   8.2202e-16
1828.00   1.3008e-15
1830.00   6.5104e-16
1832.00   6.4549e-16
1834.00   7.8910e-16
1836.00   9.1325e-16
1838.00   1.5666e-18
1840.00   1.7445e-16
1842.00   3.6038e-16
1844.00   8.9115e-16
1846.00   6.1891e-16
1848.00   1.2604e-15
1850.00   9.3089e-17
1852.00   7.6826e-16
1854.00   1.4266e-16
1856.00   8.2737e-16
1858.00   8.3757e-17
1860.00   3.3702e-16
1862.00   3.6124e-16
1864.00   1.2148e-15
1866.00   2.8996e-16
1868.00   4.4177e-16
1870.00   5.5661e-16
1872.00   7.4254e-16
1874.00   4.5785e-16
1876.00   6.2367e-16
1878.00   1.1920e-15
1880.00   1.7345e-15
1882.00   2.0111e-16
1884.00   7.1871e-16
1886.00   4.7593e-16
1888.00   1.2160e-15
1890.00   5.4458e-16
1892.00   5.8015e-16
1894.00   4.9714e-16
1896.00   8.4145e-16
1898.00   5.7235e-16
1900.00   7.2839e-16
1902.00   9.7626e-16
1904.00   7.3510e-16
1906.00   8.3032e-17
1908.00   4.6564e-17
1910.00   1.1537e-15
1912.00   1.2032e-15
1914.00   5.0135e-17
1916.00   7.7911e-16
1918.00   1.7141e-15
1920.00   3.5231e-16
1922.00   3.7733e-16
1924.00   4.5303e-17
1926.00   1.7508e-15
1928.00   7.6835e-16
1930.00   5.7746e-16
1932.00   9.8248e-16
1934.00   1.2519e-16
1936.00   1.9439e-15
1938.00   4.7186e-17
1940.00   1.1022e-15
1942.00   3.0449e-16
1944.00   1.8760e-15
1946.00   5.5297e-16
1948.00   2.0251e-15
1950.00   1.4759e-16
1952.00   9.5417e-16
1954.00   7.5603e-16
1956.00   1.1833e-15
1958.00   1.3627e-15
1960.00   3.4405e-17
1962.00   6.5776e-16
1964.00   8.1690e-16
1966.00   1.4355e-15
1968.00   1.3295e-15
1970.00   1.0538e-15
1972.00   6.3039e-16
1974.00   4.6069e-16
1976.00   1.5445e-15
1978.00   6.9130e-16
1980.00   1.1952e-16
1982.00   1.6682e-17
1984.00   1.2330e-15
1986.00   1.9139e-15
1988.00   7.6413e-16
1990.00   9.9996e-16
1992.00   1.2984e-16
1994.00   4.5041e-16
1996.00   1.0294e-15
1998.00   1.5578e-17
2000.00   2.2140e-15
2002.00   3.7632e-17
2004.00   1.3973e-15
2006.00   6.8662e-16
2008.00   1.7086e-15
2010.00   1.2028e-15
2012.00   4.2170e-16
2014.00   1.7560e-15
2016.00   1.4823e-15
2018.00   8.5744e-16
2020.00   1.0348e-15
2022.00   8.1350e-17
2024.00   1.1290e-15
2026.00   1.5841e-16
2028.00   9.6105e-16
2030.00   1.0124e-15
2032.00   1.7962e-15
2034.00   9.9988e-16
2036.00   9.4291e-16
2038.00   8.6472e-16
2040.00   1.7637e-15
2042.00   7.7286e-18
2044.00   1.1446e-15
2046.00   1.4101e-17
2048.00   1.1835e-15
2050.00   3.4621e-17
2052.00   8.9316e-16
2054.00   2.7429e-16
2056.00   9.5550e-16
2058.00   8.0404e-16
2060.00   4.2704e-17
2062.00   2.9222e-16
2064.00   9.1222e-16
2066.00   8.7066e-16
2068.00   6.3862e-16
2070.00   2.0062e-15
2072.00   1.0063e-15
2074.00   6.7866e-16
2076.00   2.6249e-16
2078.00   1.1812e-15
2080.00   9.2962e-16
2082.00   1.5723e-16
2084.00   1.9063e-16
2086.00   4.0321e-16
2088.00   1.6166e-15
2090.00   1.2187e-17
2092.00   6.0822e-16
2094.00   9.5940e-16
2096.00   2.2236e-16
2098.00   6.3239e-16
2100.00   6.9026e-16
2102.00   1.6643e-15
2104.00   1.5997e-17
2106.00   1.0823e-15
2108.00   1.4256e-15
2110.00   2.4835e-15
2112.00   1.3171e-17
2114.00   1.7677e-15
2116.00   2.1769e-15
2118.00   9.5044e-16
2120.00   1.3597e-15
2122.00   7.3501e-16
2124.00   1.9508e-17
2126.00   4.9291e-16
2128.00   9.9900e-16
2130.00   1.1490e-15
2132.00   2.1386e-15
2134.00   5.5505e-16
2136.00   1.1278e-15
2138.00   1.0832e-15
2140.00   2.6767e-16
2142.00   1.5603e-15
2144.00   1.1715e-16
2146.00   5.0983e-16
2148.00   1.2968e-15
2150.00   1.0243e-15
2152.00   8.7420e-16
2154.00   2.7223e-16
2156.00   5.7620e-16
2158.00   7.0433e-16
2160.00   6.2985e-16
2162.00   1.1857e-15
2164.00   1.0642e-15
2166.00   1.0882e-15
2168.00   2.0141e-15
2170.00   4.3432e-16
2172.00   1.4842e-16
2174.00   1.8321e-15
2176.00   7.1959e-16
2178.00   9.5381e-16
2180.00   5.2490e-16
2182.00   1.2017e-16
2184.00   1.6573e-15
2186.00   1.8675e-16
2188.00   1.0890e-15
2190.00   4.7740e-16
2192.00   2.3584e-16
2194.00   6.6800e-16
2196.00   3.4492e-16
2198.00   1.7740e-16
2200.00   1.8750e-17
2202.00   8.8663e-16
2204.00   6.9921e-16
2206.00   1.0068e-15
2208.00   6.0303e-16
2210.00   8.7278e-16
2212.00   1.3062e-15
2214.00   1.4747e-15
2216.00   6.5893e-16
2218.00   7.6855e-16
2220.00   1.4084e-15
2222.00   8.4500e-16
2224.00   1.6357e-15
2226.00   1.0880e-15
2228.00   1.2430e-15
2230.00   5.1358e-16
2232.00   9.6597e-16
2234.00   9.1611e-16
2236.00   6.2426e-16
2238.00   1.4502e-15
2240.00   1.1800e-15
2242.00   1.0828e-15
2244.00   1.0996e-15
2246.00   1.1834e-15
2248.00   2.6985e-16
2250.00   1.8977e-15
2252.00   5.3887e-16
2254.00   1.2703e-15
2256.00   1.8941e-15
2258.00   9.7962e-16
2260.00   1.4205e-15
2262.00   5.6246e-16
2264.00   1.3807e-15
2266.00   2.4291e-15
2268.00   1.3665e-15
2270.00   1.2847e-15
2272.00   1.7825e-15
2274.00   2.0688e-15
2276.00   2.4301e-15
2278.00   1.0002e-15
2280.00   1.4011e-15
2282.00   4.5179e-16
2284.00   1.2960e-15
2286.00   1.2177e-15
2288.00   1.3575e-15
2290.00   1.1849e-15
2292.00   1.5759e-16
2294.00   4.0392e-15
2296.00   8.9831e-16
2298.00   9.7262e-16
2300.00   6.7453e-16
2302.00   7.4426e-16
2304.00   2.5570e-15
2306.00   9.2605e-16
2308.00   3.1826e-15
2310.00   1.0192e-15
2312.00   2.2359e-15
2314.00   2.7997e-15
2316.00   6.1153e-17
2318.00   2.4524e-15
2320.00   7.4675e-19
2322.00   1.9945e-15
2324.00   5.9545e-16
2326.00   1.8038e-15
2328.00   2.3394e-15
2330.00   2.3200e-15
2332.00   3.6362e-15
2334.00   1.8873e-17
2336.00   2.2074e-17
2338.00   2.2209e-15
2340.00   2.0015e-15
2342.00   4.7421e-17
2344.00   3.4542e-15
2346.00   1.2097e-15
2348.00   2.6079e-15
2350.00   1.9631e-17
2352.00   2.5469e-15
2354.00   9.5426e-16
2356.00   1.7251e-15
2358.00   1.1215e-15
2360.00   3.8680e-15
2362.00   1.8885e-15
2364.00   3.5369e-15
2366.00   2.2030e-15
2368.00   1.6816e-15
2370.00   1.5701e-15
2372.00   2.5006e-16
2374.00   4.1301e-15
2376.00   1.4919e-15
2378.00   5.6050e-17
2380.00   2.9896e-15
2382.00   6.4686e-15
2384.00   1.2966e-15
2386.00   1.3007e-15
2388.00   3.3573e-15
2390.00   1.4752e-16
2392.00   2.0277e-15
2394.00   1.3652e-16
2396.00   5.1972e-15
2398.00   7.5481e-17
2400.00   3.6282e-15
2402.00   1.8428e-15
2404.00   3.6511e-15
2406.00   3.1799e-15
2408.00   1.1561e-16
2410.00   2.7525e-15
2412.00   1.5880e-15
2414.00   3.3379e-15
2416.00   2.5555e-15
2418.00   3.0651e-15
2420.00   1.3385e-15
2422.00   2.0782e-15
2424.00   4.5247e-15
2426.00   1.3416e-15
2428.00   4.4383e-15
2430.00   4.6735e-15
2432.00   3.3309e-15
2434.00   4.7725e-15
2436.00   2.1076e-15
2438.00   1.9541e-15
2440.00   3.8054e-15
2442.00   2.3931e-16
2444.00   1.6874e-15
2446.00   2.5688e-15
2448.00   1.5349e-15
2450.00   2.0436e-15
2452.00   1.4365e-15
2454.00   3.3144e-15
2456.00   1.9645e-15
2458.00   2.0803e-15
2460.00   2.3201e-15
2462.00   2.7247e-15
2464.00   6.6103e-15
2466.00   5.7121e-15
2468.00   2.2341e-15
2470.00   4.8379e-15
2472.00   2.3415e-15
2474.00   3.3686e-15
2476.00   1.8744e-15
2478.00   2.0390e-15
2480.00   2.1016e-15
2482.00   3.9643e-15
2484.00   1.5334e-15
2486.00   1.7495e-15
2488.00   2.5534e-15
2490.00   3.4459e-15
2492.00   5.9246e-16
2494.00   2.3843e-15
2496.00   9.6716e-16
2498.00   3.8801e-15
2500.00   1.7430e-15
2502.00   2.3787e-15
2504.00   2.8162e-15
2506.00   4.6955e-15
2508.00   1.1608e-15
2510.00   2.5899e-15
2512.00   2.6024e-15
2514.00   3.8571e-15
2516.00   4.5201e-16
2518.00   2.0479e-15
2520.00   3.2477e-15
2522.00   5.5726e-15
2524.00   4.0763e-16
2526.00   3.4497e-15
2528.00   4.5685e-16
2530.00   2.5430e-15
2532.00   6.1545e-16
2534.00   1.6130e-15
2536.00   1.4300e-15
2538.00   2.8062e-15
2540.00   3.4534e-15
2542.00   4.0220e-15
2544.00   2.6085e-15
2546.00   3.4648e-15
2548.00   1.3176e-15
2550.00   3.8649e-15
2552.00   8.8337e-16
2554.00   1.4886e-15
2556.00   1.5139e-15
2558.00   1.9908e-15
2560.00   2.3821e-15
2562.00   1.8557e-15
2564.00   1.3344e-15
2566.00   2.0651e-15
2568.00   1.7870e-15
2570.00   1.4946e-15
2572.00   1.1718e-15
2574.00   2.9821e-15
2576.00   3.0919e-16
2578.00   1.6803e-15
2580.00   7.2105e-17
2582.00   2.6936e-15
2584.00   3.2662e-16
2586.00   4.8201e-15
2588.00   2.2960e-15
2590.00   6.3204e-16
2592.00   2.0776e-15
2594.00   2.3868e-16
2596.00   3.9017e-16
2598.00   3.1409e-15
2600.00   5.9781e-15
2602.00   1.3771e-17
2604.00   2.9254e-16
2606.00   3.7903e-16
2608.00   4.2155e-15
2610.00   7.6564e-16
2612.00   5.5833e-15
2614.00   3.6787e-15
2616.00   7.7491e-18
2618.00   4.6594e-15
2620.00   1.9282e-15
2622.00   3.2153e-15
2624.00   6.8289e-16
2626.00   6.8795e-15
2628.00   3.9313e-15
2630.00   8.0426e-16
2632.00   5.7284e-15
2634.00   2.3349e-16
2636.00   9.9825e-16
2638.00   1.4515e-15
2640.00   1.5748e-15
2642.00   2.1422e-15
2644.00   8.4617e-16
2646.00   8.4037e-16
2648.00   5.3577e-17
2650.00   9.3321e-16
2652.00   2.9752e-15
2654.00   1.4488e-15
2656.00   2.6287e-17
2658.00   7.2806e-16
2660.00   9.1113e-16
2662.00   1.8071e-17
2664.00   2.0439e-15
2666.00   2.1029e-15
2668.00   1.2766e-16
2670.00   2.7346e-15
2672.00   7.6408e-17
2674.00   5.5340e-18
2676.00   1.3117e-16
2678.00   2.6381e-15
2680.00   1.4133e-16
2682.00   1.0520e-15
2684.00   1.8019e-15
2686.00   1.1582e-15
2688.00   7.3064e-18
2690.00   1.2595e-15
2692.00   2.1606e-15
2694.00   1.5986e-16
2696.00   2.9697e-17
2698.00   1.4775e-15
2700.00   1.0821e-15
2702.00   1.1258e-17
2704.00   2.6860e-15
2706.00   1.3228e-15
2708.00   9.3980e-16
2710.00   2.1449e-15
2712.00   1.1174e-15
2714.00   1.9396e-15
2716.00   2.8091e-15
2718.00   7.3660e-16
2720.00   7.4566e-16
2722.00   2.2904e-15
2724.00   2.3456e-15
2726.00   6.2752e-17
2728.00   2.0121e-15
2730.00   2.3258e-15
2732.00   2.2072e-15
2734.00   2.8730e-16
2736.00   1.9553e-15
2738.00   1.1889e-16
2740.00   2.7524e-15
2742.00   1.6388e-16
2744.00   2.5757e-15
2746.00   3.0569e-15
2748.00   4.0573e-16
2750.00   2.9076e-15
2752.00   1.1652e-15
2754.00   7.5017e-16
2756.00   4.1548e-15
2758.00   1.0295e-16
2760.00   2.2970e-15
2762.00   2.4581e-15
2764.00   1.0104e-15
2766.00   3.0006e-18
2768.00   3.1670e-15
2770.00   2.2254e-16
2772.00   2.8529e-15
2774.00   4.8709e-16
2776.00   2.2940e-15
2778.00   1.6361e-15
2780.00   1.0744e-15
2782.00   9.3714e-17
2784.00   9.2121e-16
2786.00   2.9481e-15
2788.00   1.2220e-15
2790.00   1.2429e-16
2792.00   2.8194e-16
2794.00   1.9928e-16
2796.00   1.3936e-16
2798.00   6.9719e-17
2800.00   5.9378e-16
2802.00   3.1405e-18
2804.00   4.0495e-17
2806.00   6.1370e-16
2808.00   3.7436e-17
2810.00   4.5512e-16
2812.00   3.4305e-16
2814.00   9.3876e-16
2816.00   1.0050e-17
2818.00   5.8853e-16
2820.00   1.8380e-15
2822.00   5.0101e-16
2824.00   1.6445e-15
2826.00   6.8029e-16
2828.00   2.3494e-15
2830.00   1.0996e-16
2832.00   2.6110e-15
2834.00   1.2715e-15
2836.00   2.0213e-16
2838.00   2.5606e-15
2840.00   3.9146e-15
2842.00   3.2464e-16
2844.00   1.6463e-15
2846.00   1.3620e-15
2848.00   3.8784e-15
2850.00   8.4019e-16
2852.00   1.4172e-16
2854.00   7.4312e-17
2856.00   2.8964e-15
2858.00   2.5059e-15
2860.00   2.2077e-16
2862.00   4.4437e-16
2864.00   1.7958e-15
2866.00   3.3427e-16
2868.00   2.6576e-15
2870.00   1.6039e-15
2872.00   1.6488e-15
2874.00   1.3326e-16
2876.00   5.9170e-17
2878.00   2.2685e-16
2880.00   1.9586e-15
2882.00   4.8176e-16
2884.00   1.0410e-15
2886.00   2.1791e-15
2888.00   1.9421e-15
2890.00   4.2363e-16
2892.00   6.0070e-16
2894.00   2.0219e-16
2896.00   1.7324e-15
2898.00   1.6836e-15
2900.00   6.6172e-18
2902.00   1.3365e-15
2904.00   7.0558e-18
2906.00   9.8575e-16
2908.00   1.1801e-15
2910.00   3.7912e-16
2912.00   1.7774e-17
2914.00   1.6807e-17
2916.00   1.1818e-15
2918.00   1.2486e-15
2920.00   3.5912e-16
2922.00   1.1385e-16
2924.00   1.8934e-16
2926.00   4.6527e-15
2928.00   1.4753e-18
2930.00   8.7009e-17
2932.00   7.1320e-17
2934.00   2.0565e-16
2936.00   4.0025e-17
2938.00   3.9123e-17
2940.00   1.5251e-15
2942.00   2.3113e-18
2944.00   2.0718e-15
2946.00   1.7161e-16
2948.00   2.0284e-15
2950.00   1.1892e-15
2952.00   1.3658e-16
2954.00   2.8205e-15
2956.00   2.0194e-17
2958.00   4.2282e-17
2960.00   1.4420e-15
2962.00   1.2638e-15
2964.00   6.0358e-16
2966.00   1.8538e-15
2968.00   8.6462e-17
2970.00   3.4031e-15
2972.00   3.3850e-16
2974.00   4.1984e-18
2976.00   1.5323e-15
2978.00   1.3277e-17
2980.00   2.7651e-15
2982.00   3.1385e-16
2984.00   2.3558e-15
2986.00   8.2884e-16
2988.00   1.5281e-17
2990.00   2.0043e-17
2992.00   1.0617e-16
2994.00   1.7966e-16
2996.00   4.3322e-18
2998.00   1.2990e-15
3000.00   9.9718e-17
3002.00   2.5531e-15
3004.00   2.0522e-17
3006.00   2.0345e-18
3008.00   7.1690e-19
3010.00   2.4723e-16
3012.00   7.5502e-18
3014.00   1.1155e-15
3016.00   1.1516e-16
3018.00   9.1546e-16
3020.00   3.0339e-16
3022.00   1.5481e-16
3024.00   2.3681e-16
3026.00   1.2238e-16
3028.00   4.4288e-17
3030.00   5.2062e-16
3032.00   7.2970e-18
3034.00   1.5500e-16
3036.00   1.3447e-16
3038.00   2.1180e-16
3040.00   2.9266e-17
3042.00   1.8090e-17
3044.00   2.1631e-15
3046.00   1.3116e-16
3048.00   4.4313e-16
3050.00   3.5420e-16
3052.00   4.9584e-18
3054.00   3.3256e-18
3056.00   4.8170e-16
3058.00   3.8764e-17
3060.00   1.2293e-18
3062.00   4.4192e-16
3064.00   3.2197e-19
3066.00   1.8693e-15
3068.00   4.9045e-16
3070.00   9.6453e-16
3072.00   2.3493e-16
3074.00   7.7539e-18
3076.00   1.7801e-15
3078.00   1.0614e-15
3080.00   4.9156e-16
3082.00   1.9276e-17
3084.00   4.3378e-16
3086.00   1.1251e-19
3088.00   3.6969e-20
3090.00   3.9843e-16
3092.00   4.0324e-19
3094.00   3.8812e-20
3096.00   2.0035e-15
3098.00   2.9663e-17
3100.00   1.7526e-19
3102.00   3.1748e-16
3104.00   1.2477e-17
3106.00   6.1042e-16
3108.00   2.3928e-17
3110.00   1.5887e-19
3112.00   2.7936e-19
3114.00   2.7328e-16
3116.00   3.2675e-16
3118.00   6.5069e-18
3120.00   5.7456e-17
3122.00   1.2226e-17
3124.00   6.2089e-20
3126.00   1.0871e-17
3128.00   4.7794e-19
3130.00   4.6920e-17
3132.00   3.1014e-16
3134.00   1.4476e-17
3136.00   8.3140e-17
3138.00   7.6855e-18
3140.00   2.5916e-17
3142.00   1.2695e-15
3144.00   5.7857e-17
3146.00   4.7208e-16
3148.00   1.9903e-19
3150.00   1.0998e-18
3152.00   1.7022e-17
3154.00   2.6250e-18
3156.00   2.0730e-16
3158.00   3.3319e-16
3160.00   1.6352e-17
3162.00   8.5419e-16
3164.00   2.2352e-15
3166.00   1.7327e-15
3168.00   6.2988e-18
3170.00   1.3488e-15
3172.00   1.9902e-20
3174.00   7.4943e-19
3176.00   3.2580e-18
3178.00   2.6082e-15
3180.00   2.5737e-18
3182.00   1.9639e-19
3184.00   2.0403e-15
3186.00   2.3722e-15
3188.00   9.7005e-17
3190.00   3.5332e-16
3192.00   1.7556e-15
3194.00   1.2024e-15
3196.00   3.0097e-15
3198.00   1.1072e-17
3200.00   1.2272e-19
3202.00   1.2788e-18
3204.00   6.9276e-16
3206.00   2.7311e-19
3208.00   6.1117e-18
3210.00   1.8647e-15
3212.00   3.5870e-17
3214.00   1.9121e-15
3216.00   8.3229e-18
3218.00   1.9466e-18
3220.00   6.2170e-18
3222.00   7.7684e-18
3224.00   1.6517e-16
3226.00   2.8004e-17
3228.00   2.1374e-15
3230.00   4.7668e-16
3232.00   1.3467e-15
3234.00   4.8461e-17
3236.00   2.1300e-18
3238.00   1.0493e-16
3240.00   1.0049e-17
3242.00   2.2128e-19
3244.00   1.7153e-15
3246.00   9.5944e-18
3248.00   1.6438e-15
3250.00   8.6629e-16
3252.00   5.3433e-16
3254.00   4.5031e-19
3256.00   4.4200e-15
3258.00   1.6178e-15
3260.00   1.2974e-15
3262.00   4.2382e-17
3264.00   7.4261e-16
3266.00   2.9734e-18
3268.00   3.5536e-16
3270.00   9.9294e-17
3272.00   1.7486e-19
3274.00   3.4477e-17
3276.00   1.3905e-17
3278.00   6.5851e-15
3280.00   2.2995e-17
3282.00   3.0050e-15
3284.00   4.5595e-17
3286.00   1.7659e-15
3288.00   2.6625e-17
3290.00   3.2325e-16
3292.00   2.1675e-17
3294.00   1.5214e-19
3296.00   2.1836e-15
3298.00   1.2857e-15
3300.00   2.2681e-17
3302.00   2.8194e-16
3304.00   5.0134e-16
3306.00   1.9437e-15
3308.00   1.0458e-20
3310.00   5.0244e-17
3312.00   1.7101e-15
3314.00   4.7336e-16
3316.00   5.0104e-18
3318.00   1.2541e-17
3320.00   3.7007e-17
3322.00   2.6778e-16
3324.00   1.4151e-16
3326.00   5.0972e-17
3328.00   3.2364e-16
3330.00   1.9147e-17
3332.00   6.6213e-19
3334.00   2.8249e-18
3336.00   3.7211e-16
3338.00   3.3807e-16
3340.00   4.1256e-19
3342.00   1.9114e-17
3344.00   1.4985e-18
3346.00   2.4512e-20
3348.00   5.2752e-19
3350.00   3.4915e-20
3352.00   1.7518e-18
3354.00   7.2664e-19
3356.00   1.9276e-18
3358.00   1.3773e-15
3360.00   1.8329e-16
3362.00   5.8700e-17
3364.00   1.1414e-17
3366.00   1.2364e-16
3368.00   2.0093e-17
3370.00   1.0882e-16
3372.00   5.1676e-16
3374.00   1.0422e-18
3376.00   1.2175e-16
3378.00   3.4287e-19
3380.00   2.8872e-16
3382.00   1.8953e-16
3384.00   5.9452e-19
3386.00   1.1554e-16
3388.00   4.8976e-18
3390.00   3.5432e-17
3392.00   4.4526e-16
3394.00   5.2956e-18
3396.00   8.8836e-17
3398.00   9.6839e-18
3400.00   2.1296e-18
3402.00   2.5502e-18
3404.00   4.8452e-18
3406.00   3.5475e-17
3408.00   6.5395e-19
3410.00   1.7605e-16
3412.00   1.6963e-18
3414.00   2.1093e-16
3416.00   3.9339e-16
3418.00   2.2322e-19
3420.00   7.8671e-17
3422.00   1.7914e-18
3424.00   7.5585e-19
3426.00   9.6542e-17
3428.00   8.3625e-17
3430.00   1.3580e-16
3432.00   2.6064e-18
3434.00   1.4142e-18
3436.00   1.1780e-15
3438.00   4.5607e-18
3440.00   4.4415e-17
3442.00   3.1434e-17
3444.00   5.1153e-17
3446.00   1.1132e-17
3448.00   3.3925e-18
3450.00   5.6015e-17
3452.00   1.0286e-15
3454.00   5.6362e-17
3456.00   9.0709e-16
3458.00   3.7757e-17
3460.00   1.8632e-18
3462.00   4.4180e-21
3464.00   1.8042e-16
3466.00   8.0646e-18
3468.00   1.3513e-19
3470.00   1.7266e-16
3472.00   2.7185e-17
3474.00   1.3190e-18
3476.00   5.3439e-16
3478.00   7.0161e-17
3480.00   1.4063e-16
3482.00   1.6599e-16
3484.00   1.4666e-16
3486.00   3.0806e-16
3488.00   3.2932e-19
3490.00   3.5932e-16
3492.00   1.9464e-19
3494.00   1.6067e-16
3496.00   1.2326e-16
3498.00   1.5258e-17
3500.00   1.5969e-16
3502.00   3.7131e-18
3504.00   1.1976e-16
3506.00   2.2636e-18
3508.00   7.9659e-17
3510.00   3.2870e-18
3512.00   1.1642e-17
3514.00   2.6411e-18
3516.00   5.6287e-17
3518.00   1.7138e-17
3520.00   8.8834e-18
3522.00   1.5965e-16
3524.00   5.2684e-19
3526.00   4.2332e-17
3528.00   3.2461e-17
3530.00   1.3219e-17
3532.00   2.6066e-17
3534.00   9.7144e-19
3536.00   1.0507e-16
3538.00   9.2568e-17
3540.00   1.4446e-17
3542.00   5.5258e-17
3544.00   6.0510e-18
3546.00   2.1475e-19
3548.00   2.3460e-17
3550.00   4.8517e-18
3552.00   9.2121e-18
3554.00   4.6888e-17
3556.00   2.1450e-16
3558.00   1.4025e-16
3560.00   1.1200e-17
3562.00   8.0180e-19
3564.00   3.3446e-17
3566.00   1.0644e-16
3568.00   2.8558e-18
3570.00   5.9213e-19
3572.00   5.1197e-19
3574.00   9.0316e-20
3576.00   1.3363e-17
3578.00   3.5551e-19
3580.00   1.5510e-19
3582.00   1.0672e-20
3584.00   2.6467e-18
3586.00   2.7018e-17
3588.00   1.3600e-17
3590.00   6.8352e-17
3592.00   1.2095e-19
3594.00   2.2362e-18
3596.00   1.3301e-19
3598.00   3.4744e-18
3600.00   2.5325e-18
3602.00   1.9245e-17
3604.00   6.2652e-19
3606.00   1.1033e-17
3608.00   1.2593e-18
3610.00   1.0886e-18
3612.00   4.4368e-19
3614.00   3.2994e-17
3616.00   4.0357e-19
3618.00   5.3930e-18
3620.00   5.0141e-19
3622.00   4.4123e-16
3624.00   2.5214e-16
3626.00   1.0029e-19
3628.00   9.3878e-18
3630.00   1.2792e-18
3632.00   5.0272e-19
3634.00   8.3609e-20
3636.00   4.9380e-17
3638.00   1.2895e-18
3640.00   8.8040e-20
3642.00   5.2102e-16
3644.00   1.9064e-18
3646.00   4.7431e-18
3648.00   6.4295e-19
3650.00   1.3265e-19
3652.00   7.9655e-20
3654.00   4.0715e-20
3656.00   1.0089e-15
3658.00   8.5971e-19
3660.00   5.8072e-19
3662.00   7.1839e-18
3664.00   1.7715e-19
3666.00   1.1808e-19
3668.00   2.6654e-19
3670.00   3.1044e-19
3672.00   7.4910e-20
3674.00   1.4126e-18
3676.00   9.7026e-19
3678.00   8.8888e-20
3680.00   2.8536e-18
3682.00   9.1343e-18
3684.00   1.6849e-19
3686.00   2.3124e-17
3688.00   7.7452e-19
3690.00   4.9350e-19
3692.00   1.2273e-19
3694.00   1.6493e-18
3696.00   2.9993e-18
3698.00   4.4203e-17
3700.00   2.7722e-18
3702.00   3.6520e-22
3704.00   1.0848e-18
3706.00   2.6246e-20
3708.00   1.9614e-19
3710.00   4.3434e-18
3712.00   1.9928e-17
3714.00   6.8160e-19
3716.00   1.2394e-18
3718.00   1.0980e-19
3720.00   8.6338e-18
3722.00   3.0662e-19
3724.00   6.5854e-18
3726.00   2.0236e-17
3728.00   1.6341e-16
3730.00   2.6639e-19
3732.00   1.4685e-19
3734.00   1.1700e-19
3736.00   5.9002e-20
3738.00   1.5232e-18
3740.00   9.1042e-20
3742.00   1.0133e-17
3744.00   3.7059e-18
3746.00   1.9615e-17
3748.00   2.2466e-16
3750.00   2.5639e-18
3752.00   1.2720e-20
3754.00   1.4240e-18
3756.00   5.3530e-17
3758.00   2.0681e-17
3760.00   2.1452e-16
3762.00   2.3853e-16
3764.00   5.1414e-16
3766.00   4.9000e-19
3768.00   7.5748e-19
3770.00   1.1574e-19
3772.00   2.7104e-19
3774.00   2.5589e-19
3776.00   1.7777e-19
3778.00   9.5670e-18
3780.00   5.2195e-17
3782.00   5.3320e-17
3784.00   1.4818e-16
3786.00   1.3635e-17
3788.00   1.6182e-18
3790.00   3.9369e-19
3792.00   2.3182e-19
3794.00   1.6792e-19
3796.00   7.3447e-19
3798.00   1.4500e-17
3800.00   2.4020e-19
3802.00   1.0735e-18
3804.00   1.5236e-18
3806.00   2.9078e-18
3808.00   1.1482e-18
3810.00   6.8040e-19
3812.00   6.9579e-19
3814.00   6.6932e-17
3816.00   4.4585e-21
3818.00   1.6623e-20
3820.00   1.2421e-18
3822.00   6.4599e-17
3824.00   7.9884e-16
3826.00   3.7068e-20
3828.00   7.1385e-17
3830.00   1.4080e-18
3832.00   4.9737e-21
3834.00   7.3693e-18
3836.00   6.3720e-20
3838.00   5.0532e-19
3840.00   1.0432e-19
3842.00   2.6494e-19
3844.00   3.9586e-19
3846.00   6.5694e-17
3848.00   5.1270e-19
3850.00   3.3321e-19
3852.00   1.4394e-19
3854.00   1.2588e-19
3856.00   6.0581e-19
3858.00   7.2868e-19
3860.00   4.7969e-19
3862.00   2.3915e-19
3864.00   3.1051e-18
3866.00   2.1992e-19
3868.00   1.1079e-19
3870.00   7.8042e-20
3872.00   3.7204e-16
3874.00   2.0407e-19
3876.00   8.2403e-19
3878.00   3.7245e-19
3880.00   4.2383e-19
3882.00   2.4755e-19
3884.00   2.1757e-18
3886.00   5.4550e-20
3888.00   7.9337e-21
3890.00   5.4801e-20
3892.00   8.6787e-21
3894.00   6.1542e-19
3896.00   2.0544e-17
3898.00   1.2111e-20
3900.00   2.1860e-19
3902.00   6.0111e-21
3904.00   7.1944e-18
3906.00   1.1623e-16
3908.00   5.9199e-17
3910.00   1.1966e-17
3912.00   2.0162e-19
3914.00   2.1258e-16
3916.00   3.3934e-18
3918.00   8.2635e-18
3920.00   2.7316e-18
3922.00   1.2406e-18
3924.00   2.2432e-18
3926.00   4.0641e-19
3928.00   4.8975e-18
3930.00   1.2287e-16
3932.00   6.0175e-18
3934.00   4.6169e-19
3936.00   4.1049e-17
3938.00   1.3238e-15
3940.00   2.0334e-18
3942.00   1.6396e-19
3944.00   7.7955e-19
3946.00   3.4352e-16
3948.00   5.4002e-20
3950.00   3.1964e-18
3952.00   4.2094e-18
3954.00   4.0068e-19
3956.00   1.3512e-19
3958.00   9.1610e-18
3960.00   1.7336e-17
3962.00   6.5828e-19
3964.00   8.1197e-17
3966.00   1.5077e-17
3968.00   1.7317e-19
3970.00   6.8331e-17
3972.00   6.4578e-19
3974.00   4.9524e-16
3976.00   8.1552e-18
3978.00   5.0057e-19
3980.00   7.1286e-19
3982.00   1.0722e-16
3984.00   3.4841e-18
3986.00   2.6516e-19
3988.00   2.4528e-19
3990.00   6.0139e-17
3992.00   3.8524e-19
3994.00   1.5003e-19
3996.00   1.8003e-17
3998.00   1.1497e-20
4000.00   1.7950e-18
4002.00   3.8924e-16
4004.00   1.0490e-17
4006.00   3.9941e-20
4008.00   3.6254e-17
4010.00   4.8032e-19
4012.00   6.5190e-18
4014.00   9.1871e-19
4016.00   2.0333e-18
4018.00   3.6271e-19
4020.00   9.5380e-19
4022.00   2.3777e-18
4024.00   8.7244e-17
4026.00   1.2567e-19
4028.00   7.8186e-19
4030.00   4.4075e-21
4032.00   3.7411e-19
4034.00   7.0642e-18
4036.00   2.1763e-19
4038.00   8.8506e-20
4040.00   1.5436e-18
4042.00   2.5845e-19
4044.00   1.2347e-19
4046.00   8.6997e-19
4048.00   9.5707e-20
4050.00   7.9841e-20
4052.00   7.3923e-19
4054.00   4.0573e-20
4056.00   1.3832e-19
4058.00   2.1192e-17
4060.00   6.9544e-20
4062.00   1.1931e-16
4064.00   2.7607e-18
4066.00   9.6562e-21
4068.00   6.6062e-18
4070.00   1.0329e-17
4072.00   6.2603e-20
4074.00   3.1570e-18
4076.00   2.5008e-17
4078.00   1.9051e-17
4080.00   5.8566e-19
4082.00   5.8389e-19
4084.00   5.5586e-19
4086.00   2.1583e-19
4088.00   2.1052e-17
4090.00   1.7661e-19
4092.00   2.1166e-18
4094.00   7.5482e-18
4096.00   1.4589e-19
4098.00   2.4991e-18
4100.00   9.6323e-20
4102.00   1.7041e-18
4104.00   4.0661e-18
4106.00   5.6316e-19
4108.00   2.7864e-18
4110.00   1.3989e-18
4112.00   3.4397e-17
4114.00   2.9545e-19
4116.00   5.6274e-20
4118.00   6.2506e-19
4120.00   5.5586e-18
4122.00   1.1530e-16
4124.00   1.7018e-17
4126.00   7.3474e-20
4128.00   1.1391e-16
4130.00   2.2517e-20
4132.00   1.3330e-18
4134.00   2.2244e-18
4136.00   1.1406e-18
4138.00   3.0212e-17
4140.00   1.3324e-18
4142.00   7.8160e-20
4144.00   9.1282e-18
4146.00   5.7626e-19
4148.00   1.5255e-18
4150.00   1.7560e-18
4152.00   7.4047e-18
4154.00   6.1905e-19
4156.00   1.4506e-19
4158.00   1.8024e-18
4160.00   9.3976e-18
4162.00   5.8679e-18
4164.00   1.2777e-18
4166.00   1.4241e-19
4168.00   4.3266e-18
4170.00   1.8354e-18
4172.00   5.2220e-18
4174.00   7.4876e-16
4176.00   2.6706e-18
4178.00   5.6517e-16
4180.00   1.2987e-16
4182.00   2.4119e-18
4184.00   1.0037e-17
4186.00   6.0132e-19
4188.00   6.6224e-19
4190.00   8.9580e-19
4192.00   7.6646e-21
4194.00   5.4647e-20
4196.00   5.5219e-19
4198.00   9.5513e-20
4200.00   7.4994e-19
4202.00   6.2567e-18
4204.00   4.7317e-20
4206.00   3.0025e-18
4208.00   1.4047e-19
4210.00   9.4439e-18
4212.00   1.1843e-18
4214.00   5.5995e-19
4216.00   1.9510e-20
4218.00   2.7048e-19
4220.00   4.9505e-19
4222.00   1.3532e-18
4224.00   3.3174e-18
4226.00   7.9654e-19
4228.00   5.0103e-19
4230.00   1.1209e-21
4232.00   2.1753e-18
4234.00   1.7319e-15
4236.00   4.2053e-19
4238.00   1.7496e-18
4240.00   1.3017e-19
4242.00   1.6701e-18
4244.00   6.6855e-17
4246.00   3.1365e-21
4248.00   7.2590e-17
4250.00   6.1523e-19
4252.00   7.5274e-19
4254.00   5.9858e-19
4256.00   1.4142e-17
4258.00   8.9050e-17
4260.00   6.5921e-20
4262.00   2.9838e-20
4264.00   2.3930e-19
4266.00   1.3323e-19
4268.00   1.6360e-18
4270.00   1.6638e-18
4272.00   2.3349e-20
4274.00   1.8763e-16
4276.00   2.9414e-17
4278.00   4.6881e-17
4280.00   5.4096e-20
4282.00   7.4702e-19
4284.00   3.1274e-20
4286.00   1.4122e-18
4288.00   4.8129e-17
4290.00   1.0740e-19
4292.00   2.3854e-17
4294.00   5.3653e-20
4296.00   2.5706e-16
4298.00   3.6141e-20
4300.00   1.2093e-17
4302.00   1.3535e-17
4304.00   7.8105e-16
4306.00   8.6535e-18
4308.00   3.4271e-21
4310.00   2.1010e-19
4312.00   3.6793e-18
4314.00   2.2024e-16
4316.00   9.0465e-20
4318.00   8.5363e-19
4320.00   1.7985e-17
4322.00   4.1493e-19
4324.00   7.6227e-20
4326.00   5.8730e-17
4328.00   5.1022e-19
4330.00   6.3225e-19
4332.00   6.2701e-16
4334.00   4.5136e-20
4336.00   1.1504e-19
4338.00   2.8113e-17
4340.00   1.5843e-17
4342.00   8.1554e-19
4344.00   2.7829e-17
4346.00   1.3488e-17
4348.00   8.5264e-19
4350.00   3.4700e-19
4352.00   1.0711e-15
4354.00   2.7573e-19
4356.00   6.3981e-19
4358.00   1.0677e-16
4360.00   3.9887e-17
4362.00   3.7435e-17
4364.00   4.7381e-19
4366.00   4.9740e-19
4368.00   6.9201e-20
4370.00   5.6355e-17
4372.00   1.4033e-15
4374.00   2.0936e-19
4376.00   2.8743e-18
4378.00   2.0958e-18
4380.00   1.9774e-18
4382.00   1.2707e-18
4384.00   2.2179e-16
4386.00   5.9638e-16
4388.00   1.6929e-19
4390.00   3.9323e-21
4392.00   3.2566e-19
4394.00   2.0044e-19
4396.00   3.9866e-20
4398.00   4.0391e-16
4400.00   5.9006e-19
4402.00   1.5140e-17
4404.00   4.2190e-21
4406.00   2.5590e-19
4408.00   1.0802e-19
4410.00   2.4345e-18
4412.00   4.4980e-20
4414.00   1.2285e-15
4416.00   6.4852e-16
4418.00   1.0831e-19
4420.00   5.5283e-19
4422.00   2.1679e-18
4424.00   2.9548e-19
4426.00   1.6563e-19
4428.00   2.8557e-20
4430.00   1.1654e-18
4432.00   1.0748e-18
4434.00   2.0529e-19
4436.00   1.2970e-18
4438.00   4.2290e-20
4440.00   1.1636e-16
4442.00   9.1800e-19
4444.00   1.0874e-17
4446.00   1.7852e-18
4448.00   2.7639e-18
4450.00   9.2882e-19
4452.00   8.8239e-17
4454.00   2.0078e-18
4456.00   3.3151e-17
4458.00   4.6854e-18
4460.00   7.7900e-20
4462.00   4.7550e-17
4464.00   2.0315e-19
4466.00   6.4504e-18
4468.00   3.4542e-20
4470.00   2.9659e-19
4472.00   2.9745e-16
4474.00   2.0518e-17
4476.00   5.1462e-20
4478.00   2.4055e-19
4480.00   1.7063e-17
4482.00   2.2735e-21
4484.00   7.9209e-20
4486.00   3.4381e-20
4488.00   2.3607e-18
4490.00   6.7282e-16
4492.00   3.1725e-16
4494.00   3.7405e-19
4496.00   9.4442e-20
4498.00   6.4702e-20
4500.00   1.6743e-19
4502.00   6.1109e-19
4504.00   2.0913e-18
4506.00   3.1453e-19
4508.00   8.7925e-16
4510.00   5.2480e-18
4512.00   2.1596e-19
4514.00   1.0949e-18
4516.00   3.4877e-16
4518.00   4.6549e-20
4520.00   8.0533e-16
4522.00   1.0634e-15
4524.00   3.7217e-18
4526.00   1.3179e-17
4528.00   6.4928e-19
4530.00   4.4202e-18
4532.00   3.6908e-20
4534.00   1.3809e-16
4536.00   1.5019e-19
4538.00   6.4318e-19
4540.00   5.2303e-21
4542.00   6.8226e-16
4544.00   1.1625e-19
4546.00   8.0808e-20
4548.00   1.0299e-19
4550.00   1.1075e-15
4552.00   3.4179e-20
4554.00   1.8570e-19
4556.00   5.7353e-16
4558.00   9.4622e-21
4560.00   5.5340e-20
4562.00   7.9517e-20
4564.00   1.4644e-18
4566.00   1.9957e-21
4568.00   3.0124e-19
4570.00   1.1884e-19
4572.00   8.3100e-20
4574.00   1.3172e-20
4576.00   8.2208e-16
4578.00   3.7555e-18
4580.00   5.4893e-17
4582.00   1.2689e-16
4584.00   1.3957e-15
4586.00   4.2869e-18
4588.00   2.8226e-19
4590.00   9.9804e-19
4592.00   2.6883e-18
4594.00   2.1858e-18
4596.00   1.8446e-16
4598.00   3.1332e-17
4600.00   1.9724e-22
4602.00   8.9844e-19
4604.00   7.2508e-19
4606.00   9.1288e-19
4608.00   4.1041e-20
4610.00   4.5182e-19
4612.00   5.1690e-18
4614.00   5.9817e-19
4616.00   2.5756e-20
4618.00   6.5274e-20
4620.00   8.9821e-16
4622.00   7.0873e-19
4624.00   4.9551e-19
4626.00   9.6064e-19
4628.00   4.7227e-18
4630.00   1.1712e-15
4632.00   6.1955e-18
4634.00   2.2628e-18
4636.00   1.3033e-19
4638.00   8.0156e-19
4640.00   2.7673e-18
4642.00   9.5269e-20
4644.00   2.0183e-18
4646.00   2.0355e-21
4648.00   1.7924e-16
4650.00   4.1456e-20
4652.00   2.0027e-19
4654.00   9.9220e-21
4656.00   7.1155e-18
4658.00   7.2811e-19
4660.00   3.2940e-20
4662.00   1.1473e-19
4664.00   6.1877e-18
4666.00   3.2689e-16
4668.00   2.5692e-19
4670.00   2.9866e-17
4672.00   1.2832e-20
4674.00   1.3575e-21
4676.00   1.0856e-19
4678.00   1.1332e-19
4680.00   5.3272e-21
4682.00   2.6455e-21
4684.00   2.0663e-19
4686.00   2.5509e-19
4688.00   1.3985e-18
4690.00   1.9691e-20
4692.00   5.1350e-20
4694.00   1.3242e-20
4696.00   7.4158e-19
4698.00   2.4713e-19
4700.00   1.7393e-19
4702.00   1.3880e-19
4704.00   1.9314e-19
4706.00   1.6532e-19
4708.00   1.7912e-19
4710.00   8.6652e-19
4712.00   4.2877e-22
4714.00   1.8027e-18
4716.00   8.0123e-19
4718.00   4.4430e-19
4720.00   6.6396e-18
4722.00   1.4832e-19
4724.00   1.9786e-19
4726.00   3.4138e-20
4728.00   9.1111e-18
4730.00   2.5287e-19
4732.00   3.3485e-17
4734.00   4.0035e-20
4736.00   2.9631e-21
4738.00   1.6776e-18
4740.00   4.4517e-20
4742.00   1.9771e-20
4744.00   1.5457e-17
4746.00   2.1501e-18
4748.00   5.2144e-20
4750.00   9.5552e-19
4752.00   2.8385e-20
4754.00   1.8273e-19
4756.00   6.6468e-19
4758.00   1.2662e-19
4760.00   5.9716e-18
4762.00   1.3011e-20
4764.00   2.3607e-20
4766.00   2.2654e-20
4768.00   7.6850e-20
4770.00   4.0710e-21
4772.00   3.0178e-19
4774.00   5.3107e-18
4776.00   5.6955e-20
4778.00   1.4247e-18
4780.00   2.4281e-20
4782.00   9.0766e-21
4784.00   1.1217e-20
4786.00   1.1584e-20
4788.00   3.8113e-22
4790.00   8.4870e-20
4792.00   3.3109e-20
4794.00   6.7058e-22
4796.00   4.1127e-20
4798.00   9.1821e-19
4800.00   1.5690e-20
4802.00   9.7785e-20
4804.00   2.5049e-19
4806.00   4.7706e-20
4808.00   6.2881e-19
4810.00   5.6299e-18
4812.00   4.1282e-20
4814.00   1.2233e-17
4816.00   3.5726e-19
4818.00   6.6035e-19
4820.00   5.8725e-21
4822.00   3.4268e-20
4824.00   3.8645e-19
4826.00   7.0003e-17
4828.00   9.5672e-21
4830.00   6.4205e-19
4832.00   1.3372e-17
4834.00   3.9930e-17
4836.00   1.5943e-19
4838.00   1.2206e-19
4840.00   3.8055e-17
4842.00   1.9662e-19
4844.00   1.0048e-18
4846.00   1.0076e-18
4848.00   1.4183e-17
4850.00   3.1473e-20
4852.00   5.7173e-19
4854.00   4.5552e-20
4856.00   7.1430e-18
4858.00   2.6820e-20
4860.00   4.1471e-20
4862.00   2.6768e-20
4864.00   1.3133e-20
4866.00   6.5751e-19
4868.00   6.2822e-17
4870.00   1.2618e-17
4872.00   1.4443e-17
4874.00   6.9965e-18
4876.00   8.6345e-19
4878.00   1.7884e-19
4880.00   2.0568e-19
4882.00   1.0486e-21
4884.00   1.8272e-20
4886.00   3.0061e-18
4888.00   1.4714e-20
4890.00   9.7932e-18
4892.00   1.9931e-18
4894.00   8.2398e-18
4896.00   1.3697e-18
4898.00   2.7537e-18
4900.00   4.9948e-20
4902.00   6.0665e-18
4904.00   2.1147e-17
4906.00   7.3935e-18
4908.00   1.0840e-21
4910.00   1.1511e-20
4912.00   4.2309e-19
4914.00   1.1121e-21
4916.00   2.8423e-20
4918.00   1.8175e-19
4920.00   1.1835e-19
4922.00   1.1613e-18
4924.00   2.0658e-15
4926.00   3.5313e-20
4928.00   4.3742e-19
4930.00   5.1095e-21
4932.00   7.0763e-19
4934.00   1.2941e-20
4936.00   2.2833e-19
4938.00   3.6647e-20
4940.00   4.9282e-20
4942.00   1.1930e-20
4944.00   2.9595e-19
4946.00   2.1490e-19
4948.00   1.4436e-17
4950.00   5.2007e-18
4952.00   4.6699e-18
4954.00   1.3806e-17
4956.00   1.9100e-21
4958.00   1.2630e-19
4960.00   9.8319e-20
4962.00   5.1262e-20
4964.00   8.0472e-21
4966.00   2.5638e-20
4968.00   9.3111e-19
4970.00   2.5980e-19
4972.00   9.0640e-20
4974.00   5.4565e-18
4976.00   9.4715e-18
4978.00   1.2937e-20
4980.00   9.9294e-20
4982.00   1.1448e-20
4984.00   2.2816e-21
4986.00   7.4585e-21
4988.00   2.5731e-18
4990.00   4.3300e-21
4992.00   5.1321e-18
4994.00   3.0746e-17
4996.00   4.0113e-20
4998.00   3.7345e-18
5000.00   9.2249e-18
5002.00   1.5208e-20
5004.00   7.8172e-20
5006.00   1.0455e-17
5008.00   4.4034e-21
5010.00   1.7397e-21
5012.00   1.0733e-21
5014.00   6.6089e-20
5016.00   3.5608e-18
5018.00   2.7577e-15
5020.00   1.2126e-17
5022.00   1.2396e-18
5024.00   1.6188e-20
5026.00   2.3464e-20
5028.00   1.8807e-19
5030.00   5.4203e-19
5032.00   8.9474e-22
5034.00   4.2825e-21
5036.00   6.5520e-19
5038.00   4.9794e-22
5040.00   2.1271e-18
5042.00   2.3973e-20
5044.00   3.3983e-18
5046.00   7.9482e-18
5048.00   1.7591e-18
5050.00   9.0534e-18
5052.00   5.4104e-20
5054.00   7.5660e-20
5056.00   1.2700e-19
5058.00   4.6667e-21
5060.00   1.5434e-18
5062.00   3.8736e-20
5064.00   9.6476e-21
5066.00   1.5176e-17
5068.00   1.1158e-21
5070.00   1.2877e-19
5072.00   2.0776e-17
5074.00   1.2648e-17
5076.00   4.0214e-18
5078.00   2.0918e-20
5080.00   4.8248e-20
5082.00   9.5982e-22
5084.00   1.7834e-19
5086.00   3.3478e-18
5088.00   8.4140e-21
5090.00   2.6937e-19
5092.00   4.8285e-22
5094.00   5.3106e-18
5096.00   5.9271e-19
5098.00   4.1552e-21
5100.00   9.1458e-17
5102.00   6.8529e-19
5104.00   3.5578e-21
5106.00   3.6303e-20
5108.00   3.4304e-18
5110.00   1.4892e-20
5112.00   1.3566e-17
5114.00   8.3502e-23
5116.00   7.6528e-21
5118.00   3.5475e-22
5120.00   1.3860e-17
5122.00   7.0598e-20
5124.00   5.6451e-19
5126.00   1.4908e-18
5128.00   2.1189e-17
5130.00   1.6080e-19
5132.00   3.0255e-17
5134.00   1.4281e-19
5136.00   1.5825e-17
5138.00   4.6301e-21
5140.00   6.4092e-21
5142.00   5.5314e-21
5144.00   5.3284e-20
5146.00   2.6044e-17
5148.00   3.4688e-20
5150.00   1.0193e-17
5152.00   2.9103e-21
5154.00   2.8898e-17
5156.00   8.9489e-21
5158.00   8.6887e-17
5160.00   3.0788e-17
5162.00   1.1703e-17
5164.00   1.4092e-18
5166.00   3.5798e-20
5168.00   1.6575e-19
5170.00   3.3084e-15
5172.00   3.2778e-17
5174.00   1.8965e-23
5176.00   6.1976e-21
5178.00   2.0202e-18
5180.00   1.1572e-18
5182.00   5.6862e-18
5184.00   6.4619e-18
5186.00   4.3642e-19
5188.00   3.1875e-20
5190.00   1.1172e-21
5192.00   3.3314e-18
5194.00   5.6336e-20
5196.00   2.5419e-22
5198.00   1.1766e-15
5200.00   2.3529e-19
5202.00   2.1718e-22
5204.00   2.8164e-20
5206.00   5.5329e-19
5208.00   3.0286e-21
5210.00   2.1930e-19
5212.00   2.5019e-20
5214.00   2.8490e-20
5216.00   2.9508e-19
5218.00   2.0948e-18
5220.00   1.9924e-18
5222.00   8.1262e-22
5224.00   1.6182e-20
5226.00   8.5242e-20
5228.00   5.0156e-18
5230.00   1.2045e-23
5232.00   3.6700e-19
5234.00   1.2798e-15
5236.00   1.4470e-18
5238.00   5.8296e-18
5240.00   8.6831e-19
5242.00   1.8091e-20
5244.00   4.5853e-19
5246.00   4.9223e-20
5248.00   2.9569e-20
5250.00   2.5134e-19
5252.00   1.6914e-18
5254.00   2.6944e-16
5256.00   8.8581e-17
5258.00   2.7798e-18
5260.00   9.7521e-19
5262.00   4.4193e-17
5264.00   7.0437e-17
5266.00   8.6182e-23
5268.00   6.1386e-18
5270.00   1.1568e-19
5272.00   9.0263e-17
5274.00   2.1361e-17
5276.00   1.6407e-15
5278.00   2.8128e-18
5280.00   2.2608e-19
5282.00   1.7639e-20
5284.00   2.2600e-15
5286.00   2.2400e-19
5288.00   7.2500e-20
5290.00   4.8739e-20
5292.00   1.0170e-18
5294.00   4.3361e-19
5296.00   2.6325e-18
5298.00   3.1886e-19
5300.00   1.6746e-19
5302.00   1.6586e-20
5304.00   9.3428e-19
5306.00   1.9978e-21
5308.00   1.0732e-19
5310.00   5.0370e-20
5312.00   1.0880e-20
5314.00   4.2257e-18
5316.00   2.1271e-15
5318.00   4.4560e-21
5320.00   8.8998e-19
5322.00   1.0020e-19
5324.00   2.8027e-18
5326.00   3.5968e-16
5328.00   3.3882e-20
5330.00   2.8541e-20
5332.00   6.0674e-20
5334.00   1.9355e-17
5336.00   2.0556e-19
5338.00   1.4729e-17
5340.00   5.6473e-19
5342.00   2.2108e-20
5344.00   1.7473e-20
5346.00   9.8656e-18
5348.00   1.8870e-18
5350.00   6.0164e-20
5352.00   1.5399e-19
5354.00   1.0856e-19
5356.00   2.9189e-20
5358.00   3.0014e-18
5360.00   3.1181e-20
5362.00   2.2421e-16
5364.00   3.1672e-19
5366.00   2.4025e-19
5368.00   9.3462e-20
5370.00   1.9057e-19
5372.00   1.3069e-20
5374.00   7.0012e-22
5376.00   1.9751e-17
5378.00   1.0829e-19
5380.00   3.4122e-19
5382.00   1.6354e-18
5384.00   8.7213e-19
5386.00   3.7282e-20
5388.00   5.7523e-19
5390.00   1.9826e-20
5392.00   4.5913e-21
5394.00   3.6203e-18
5396.00   2.6099e-19
5398.00   2.9259e-20
5400.00   9.6849e-21
5402.00   1.5761e-19
5404.00   8.7279e-20
5406.00   7.6190e-20
5408.00   1.5826e-18
5410.00   2.5642e-19
5412.00   2.4037e-18
5414.00   1.9126e-17
5416.00   9.3923e-20
5418.00   5.8836e-20
5420.00   2.5751e-19
5422.00   1.4962e-19
5424.00   1.0489e-19
5426.00   3.1312e-16
5428.00   5.1589e-17
5430.00   3.3698e-21
5432.00   4.6983e-18
5434.00   6.5099e-18
5436.00   3.7563e-19
5438.00   5.0343e-19
5440.00   3.7931e-18
5442.00   1.0604e-19
5444.00   1.7891e-19
5446.00   5.6018e-18
5448.00   3.7867e-21
5450.00   1.3097e-17
5452.00   8.2524e-19
5454.00   1.2245e-19
5456.00   1.5220e-20
5458.00   5.4606e-20
5460.00   4.8252e-20
5462.00   7.7740e-24
5464.00   2.2658e-22
5466.00   6.3316e-18
5468.00   1.0879e-18
5470.00   4.5637e-19
5472.00   2.5027e-20
5474.00   3.5018e-21
5476.00   1.9705e-21
5478.00   8.1906e-18
5480.00   2.1992e-20
5482.00   2.3831e-19
5484.00   2.8252e-19
5486.00   3.3515e-19
5488.00   6.2029e-19
5490.00   1.2958e-20
5492.00   5.8589e-22
5494.00   2.9675e-22
5496.00   1.2216e-18
5498.00   5.8474e-18
5500.00   2.3628e-18
5502.00   2.0815e-18
5504.00   1.3376e-19
5506.00   2.6568e-19
5508.00   8.5974e-19
5510.00   1.1436e-18
5512.00   3.9555e-21
5514.00   1.1699e-19
5516.00   7.6823e-21
5518.00   2.0011e-19
5520.00   1.0835e-18
5522.00   8.6193e-20
5524.00   1.7374e-21
5526.00   1.6733e-18
5528.00   4.2237e-18
5530.00   4.4452e-17
5532.00   5.4774e-18
5534.00   2.5528e-17
5536.00   2.1001e-20
5538.00   3.8866e-19
5540.00   1.8683e-19
5542.00   3.4650e-19
5544.00   1.0006e-17
5546.00   4.5856e-18
5548.00   8.1550e-20
5550.00   6.9481e-20
5552.00   1.0256e-18
5554.00   1.5060e-19
5556.00   1.3807e-18
5558.00   1.8847e-20
5560.00   1.5344e-19
5562.00   9.1728e-21
5564.00   1.9885e-22
5566.00   4.1071e-18
5568.00   3.3689e-17
5570.00   7.9547e-20
5572.00   2.1718e-19
5574.00   8.9877e-20
5576.00   1.4493e-22
5578.00   3.7475e-20
5580.00   9.0796e-19
5582.00   1.0941e-18
5584.00   4.7609e-21
5586.00   5.7226e-20
5588.00   2.1093e-17
5590.00   1.8845e-20
5592.00   6.4939e-19
5594.00   1.3253e-22
5596.00   2.7030e-19
5598.00   2.5941e-20
5600.00   9.3374e-20
5602.00   8.5966e-20
5604.00   2.2155e-21
5606.00   7.0349e-21
5608.00   1.4147e-18
5610.00   7.7440e-21
5612.00   6.2348e-19
5614.00   6.1920e-19
5616.00   1.7466e-19
5618.00   2.8740e-19
5620.00   9.6086e-20
5622.00   7.7107e-20
5624.00   1.9020e-17
5626.00   1.7215e-18
5628.00   1.7626e-17
5630.00   2.1314e-19
5632.00   6.5061e-19
5634.00   8.8591e-20
5636.00   1.4556e-21
5638.00   2.3918e-19
5640.00   3.3557e-20
5642.00   1.4396e-21
5644.00   1.5465e-18
5646.00   1.4260e-21
5648.00   7.8185e-20
5650.00   7.0353e-19
5652.00   5.3950e-18
5654.00   6.4309e-19
5656.00   1.5856e-18
5658.00   2.4795e-17
5660.00   1.9293e-20
5662.00   9.5358e-20
5664.00   5.6122e-19
5666.00   1.1356e-19
5668.00   2.6216e-20
5670.00   7.6386e-18
5672.00   1.0178e-21
5674.00   1.5690e-18
5676.00   3.4076e-19
5678.00   3.7398e-20
5680.00   1.8245e-20
5682.00   1.3100e-19
5684.00   1.3846e-20
5686.00   6.4683e-23
5688.00   4.6672e-22
5690.00   2.3563e-17
5692.00   3.7217e-19
5694.00   3.4623e-22
5696.00   2.4337e-19
5698.00   9.2335e-24
5700.00   1.4325e-18
5702.00   8.2223e-21
5704.00   3.1822e-19
5706.00   4.7934e-20
5708.00   1.2503e-19
5710.00   1.5136e-20
5712.00   3.5385e-19
5714.00   9.1209e-21
5716.00   4.7093e-19
5718.00   9.7348e-19
5720.00   4.6140e-22
5722.00   3.3220e-18
5724.00   2.4955e-21
5726.00   4.8011e-18
5728.00   7.4141e-20
5730.00   5.2307e-19
5732.00   5.6882e-18
5734.00   1.9204e-19
5736.00   1.4377e-22
5738.00   2.1536e-18
5740.00   2.3711e-21
5742.00   7.3793e-20
5744.00   1.0175e-18
5746.00   2.2891e-18
5748.00   1.2783e-18
5750.00   3.3157e-19
5752.00   1.7096e-20
5754.00   8.7265e-19
5756.00   1.8959e-19
5758.00   3.4978e-19
5760.00   3.7507e-19
5762.00   1.2418e-19
5764.00   3.0859e-21
5766.00   6.8162e-19
5768.00   8.4126e-20
5770.00   9.7310e-21
5772.00   1.0234e-20
5774.00   1.2620e-19
5776.00   6.8027e-20
5778.00   9.3425e-21
5780.00   5.9344e-18
5782.00   1.5357e-18
5784.00   1.7356e-19
5786.00   1.6261e-20
5788.00   7.0739e-21
5790.00   9.0305e-20
5792.00   6.8869e-20
5794.00   1.1224e-19
5796.00   4.0684e-18
5798.00   9.0599e-19
5800.00   2.8863e-20
5802.00   7.2843e-19
5804.00   4.3219e-19
5806.00   5.8892e-21
5808.00   2.0564e-19
5810.00   1.5807e-19
5812.00   9.5736e-19
5814.00   2.7173e-17
5816.00   2.2378e-21
5818.00   1.4981e-20
5820.00   6.9272e-26
5822.00   6.0629e-20
5824.00   2.8314e-18
5826.00   2.8104e-18
5828.00   1.6493e-21
5830.00   2.2393e-18
5832.00   8.8268e-19
5834.00   1.0851e-18
5836.00   2.3068e-17
5838.00   8.3226e-22
5840.00   3.2521e-21
5842.00   2.7452e-18
5844.00   4.3424e-20
5846.00   9.0413e-23
5848.00   1.7969e-19
5850.00   1.6846e-20
5852.00   8.3858e-20
5854.00   6.0793e-18
5856.00   1.4918e-19
5858.00   3.6131e-20
5860.00   9.8816e-19
5862.00   2.0613e-18
5864.00   4.6004e-18
5866.00   8.5604e-21
5868.00   1.1706e-19
5870.00   2.1831e-18
5872.00   6.2996e-22
5874.00   3.5444e-20
5876.00   2.2747e-20
5878.00   6.2787e-21
5880.00   8.3992e-19
5882.00   5.6706e-21
5884.00   1.6164e-20
5886.00   4.9800e-20
5888.00   8.4021e-21
5890.00   3.1993e-22
5892.00   4.7952e-18
5894.00   1.5167e-20
5896.00   8.4461e-20
5898.00   1.5080e-18
5900.00   4.6159e-21
5902.00   1.3298e-18
5904.00   1.8936e-19
5906.00   1.0145e-19
5908.00   6.8473e-20
5910.00   3.5728e-19
5912.00   1.4038e-21
5914.00   5.7245e-17
5916.00   1.2906e-21
5918.00   4.8479e-21
5920.00   4.1966e-20
5922.00   9.8751e-19
5924.00   3.0066e-18
5926.00   1.2830e-18
5928.00   5.8583e-22
5930.00   2.2547e-19
5932.00   7.4017e-18
5934.00   2.1097e-21
5936.00   1.0741e-22
5938.00   6.6715e-21
5940.00   1.0233e-19
5942.00   1.7907e-20
5944.00   4.0677e-19
5946.00   8.8854e-19
5948.00   2.4795e-20
5950.00   2.4125e-20
5952.00   2.5676e-17
5954.00   7.1008e-22
5956.00   1.7157e-18
5958.00   2.4446e-21
5960.00   1.9172e-21
5962.00   4.7083e-18
5964.00   6.3547e-21
5966.00   1.9689e-22
5968.00   3.0800e-18
5970.00   1.2252e-19
5972.00   3.3474e-19
5974.00   4.0060e-20
5976.00   1.1039e-20
5978.00   1.3252e-22
5980.00   1.9755e-21
5982.00   1.3532e-18
5984.00   1.2157e-19
5986.00   1.3634e-18
5988.00   1.5894e-20
5990.00   1.5934e-21
5992.00   1.3949e-16
5994.00   1.6489e-18
5996.00   6.9597e-20
5998.00   6.9621e-20
6000.00   2.7496e-22
6002.00   5.5271e-21
6004.00   2.4259e-18
6006.00   2.6328e-19
6008.00   2.7021e-21
6010.00   4.5258e-22
6012.00   2.5780e-21
6014.00   9.4178e-20
6016.00   1.0361e-18
6018.00   1.2094e-18
6020.00   1.2168e-21
6022.00   5.0230e-18
6024.00   1.0919e-19
6026.00   2.5617e-22
6028.00   4.7694e-20
6030.00   3.5463e-21
6032.00   1.2108e-18
6034.00   4.0402e-19
6036.00   1.3498e-19
6038.00   2.4587e-21
6040.00   1.0726e-18
6042.00   1.4768e-20
6044.00   1.1037e-17
6046.00   1.3232e-17
6048.00   6.2025e-19
6050.00   1.3017e-17
6052.00   2.2882e-21
6054.00   1.7182e-20
6056.00   2.2607e-23
6058.00   1.6559e-19
6060.00   8.8285e-18
6062.00   2.7037e-21
6064.00   5.8505e-19
6066.00   1.6581e-24
6068.00   1.7847e-18
6070.00   2.3186e-18
6072.00   4.0081e-20
6074.00   2.3913e-20
6076.00   7.3008e-21
6078.00   4.0454e-17
6080.00   1.3451e-19
6082.00   9.5745e-23
6084.00   3.3332e-17
6086.00   2.6497e-21
6088.00   1.0245e-18
6090.00   2.7439e-23
6092.00   5.5263e-20
6094.00   2.7578e-20
6096.00   8.3974e-20
6098.00   5.0013e-21
6100.00   1.9708e-19
6102.00   4.1486e-24
6104.00   1.6087e-17
6106.00   5.8260e-20
6108.00   8.9136e-20
6110.00   2.6291e-25
6112.00   1.8321e-21
6114.00   2.8508e-17
6116.00   7.6507e-18
6118.00   9.9215e-19
6120.00   2.4675e-18
6122.00   1.1547e-18
6124.00   7.1092e-23
6126.00   7.1742e-21
6128.00   3.7889e-26
6130.00   1.6015e-17
6132.00   5.7711e-21
6134.00   2.8672e-19
6136.00   2.2369e-20
6138.00   6.8985e-22
6140.00   5.2855e-22
6142.00   3.8175e-18
6144.00   4.7374e-22
6146.00   1.1278e-20
6148.00   1.8044e-16
6150.00   1.7776e-16
6152.00   1.7384e-19
6154.00   3.4297e-18
6156.00   1.8139e-18
6158.00   2.0438e-18
6160.00   4.1381e-19
6162.00   3.3552e-22
6164.00   1.6680e-18
6166.00   2.4895e-19
6168.00   2.2707e-21
6170.00   4.1669e-21
6172.00   3.2702e-17
6174.00   1.2644e-20
6176.00   2.5833e-17
6178.00   2.0079e-19
6180.00   2.2558e-17
6182.00   7.4255e-22
6184.00   1.6147e-18
6186.00   2.7259e-17
6188.00   8.7372e-19
6190.00   3.3516e-20
6192.00   1.0592e-20
6194.00   1.2365e-22
6196.00   9.6100e-19
6198.00   4.4169e-19
6200.00   1.5523e-17
6202.00   8.5777e-20
6204.00   6.2709e-19
6206.00   2.8632e-22
6208.00   1.4119e-21
6210.00   1.0160e-21
6212.00   2.9941e-24
6214.00   2.7403e-19
6216.00   9.3866e-21
6218.00   4.2192e-19
6220.00   2.1640e-18
6222.00   1.5887e-18
6224.00   2.2537e-22
6226.00   3.9244e-26
6228.00   3.6329e-20
6230.00   5.7548e-18
6232.00   1.7020e-19
6234.00   1.3269e-17
6236.00   1.6473e-20
6238.00   2.1405e-16
6240.00   4.3669e-17
6242.00   1.7624e-21
6244.00   3.1358e-19
6246.00   7.8909e-21
6248.00   4.0290e-16
6250.00   2.1831e-24
6252.00   9.2653e-22
6254.00   4.2191e-22
6256.00   9.6595e-19
6258.00   2.0198e-20
6260.00   3.0940e-19
6262.00   2.7261e-19
6264.00   8.1267e-18
6266.00   2.3013e-21
6268.00   2.9109e-21
6270.00   4.7417e-19
6272.00   1.5983e-19
6274.00   1.7002e-18
6276.00   7.5234e-20
6278.00   6.2328e-22
6280.00   3.5920e-18
6282.00   3.5964e-21
6284.00   2.6429e-22
6286.00   1.8446e-23
6288.00   5.7216e-22
6290.00   5.2198e-18
6292.00   2.4664e-20
6294.00   1.0893e-19
6296.00   8.7734e-22
6298.00   7.5837e-20
6300.00   9.0496e-21
6302.00   2.0413e-20
6304.00   6.3880e-21
6306.00   2.2768e-17
6308.00   6.3005e-18
6310.00   1.6166e-19
6312.00   2.5706e-23
6314.00   5.8667e-21
6316.00   3.0378e-19
6318.00   1.1917e-16
6320.00   7.9221e-18
6322.00   3.7876e-19
6324.00   2.7815e-23
6326.00   3.3726e-19
6328.00   1.3984e-19
6330.00   5.0653e-21
6332.00   1.3413e-17
6334.00   7.9961e-24
6336.00   1.0358e-20
6338.00   2.9768e-18
6340.00   8.8763e-20
6342.00   2.3321e-20
6344.00   3.4835e-21
6346.00   5.8282e-19
6348.00   2.6271e-17
6350.00   2.1704e-18
6352.00   2.8868e-25
6354.00   5.0471e-19
6356.00   7.8471e-20
6358.00   7.0243e-21
6360.00   7.4481e-19
6362.00   2.4393e-19
6364.00   1.1865e-20
6366.00   1.6476e-20
6368.00   4.2501e-25
6370.00   5.0715e-17
6372.00   2.0766e-17
6374.00   7.6364e-21
6376.00   8.3669e-23
6378.00   2.9624e-21
6380.00   4.7921e-19
6382.00   1.9108e-20
6384.00   6.4114e-17
6386.00   1.5984e-17
6388.00   5.2134e-19
6390.00   5.7601e-21
6392.00   1.9399e-19
6394.00   1.0060e-19
6396.00   1.3873e-19
6398.00   3.5810e-19
6400.00   1.3040e-19
6402.00   1.3915e-18
6404.00   1.5691e-19
6406.00   4.0638e-20
6408.00   2.0282e-17
6410.00   1.5930e-18
6412.00   8.7686e-21
6414.00   6.1444e-25
6416.00   1.7248e-16
6418.00   6.1660e-20
6420.00   2.5855e-20
6422.00   9.1077e-21
6424.00   2.3766e-20
6426.00   1.6153e-22
6428.00   4.6461e-19
6430.00   1.4933e-21
6432.00   2.1068e-16
6434.00   2.0167e-18
6436.00   1.7799e-20
6438.00   8.3076e-23
6440.00   6.1285e-19
6442.00   6.3438e-18
6444.00   2.3094e-20
6446.00   1.9351e-17
6448.00   4.8621e-24
6450.00   5.5524e-21
6452.00   1.8339e-20
6454.00   8.4784e-20
6456.00   6.0994e-16
6458.00   3.5973e-22
6460.00   9.3790e-22
6462.00   4.3761e-21
6464.00   2.8415e-24
6466.00   1.0185e-17
6468.00   3.4772e-19
6470.00   1.2309e-22
6472.00   2.2562e-21
6474.00   6.5746e-19
6476.00   1.5782e-24
6478.00   6.1199e-26
6480.00   3.5283e-19
6482.00   2.6014e-17
6484.00   4.7770e-20
6486.00   1.6803e-17
6488.00   1.5099e-18
6490.00   4.2152e-24
6492.00   1.7882e-17
6494.00   3.0927e-17
6496.00   2.4652e-21
6498.00   2.3004e-22
6500.00   1.5473e-21
6502.00   4.1167e-23
6504.00   7.0969e-22
6506.00   5.0868e-18
6508.00   1.4178e-17
6510.00   7.4075e-20
6512.00   1.8643e-19
6514.00   7.9649e-20
6516.00   4.2662e-16
6518.00   1.2658e-17
6520.00   3.0442e-20
6522.00   1.1109e-20
6524.00   6.0232e-21
6526.00   3.7553e-23
6528.00   3.6000e-18
6530.00   1.5991e-19
6532.00   2.1092e-17
6534.00   2.2169e-19
6536.00   2.9200e-23
6538.00   5.3478e-20
6540.00   1.9191e-20
6542.00   4.3874e-21
6544.00   3.2225e-20
6546.00   5.8067e-26
6548.00   7.3962e-20
6550.00   4.9309e-20
6552.00   1.4746e-20
6554.00   1.2516e-20
6556.00   5.9610e-20
6558.00   5.6097e-19
6560.00   3.6142e-18
6562.00   1.3503e-17
6564.00   2.2793e-22
6566.00   7.1470e-20
6568.00   1.4659e-23
6570.00   2.7319e-19
6572.00   2.4752e-17
6574.00   2.0502e-17
6576.00   1.1863e-24
6578.00   1.7337e-20
6580.00   2.2688e-20
6582.00   2.7937e-18
6584.00   1.4714e-20
6586.00   1.6420e-17
6588.00   4.0015e-19
6590.00   9.6478e-24
6592.00   9.2166e-20
6594.00   3.6232e-19
6596.00   1.0949e-18
6598.00   5.3554e-19
6600.00   4.3729e-20
6602.00   1.2849e-20
6604.00   5.7524e-21
6606.00   1.6820e-21
6608.00   1.9054e-21
6610.00   3.8749e-18
6612.00   4.9187e-18
6614.00   5.1512e-18
6616.00   5.7473e-21
6618.00   1.4411e-17
6620.00   2.3274e-24
6622.00   2.1957e-21
6624.00   2.4291e-17
6626.00   5.4049e-20
6628.00   3.3396e-18
6630.00   1.9051e-26
6632.00   4.1475e-20
6634.00   9.8046e-22
6636.00   1.9274e-24
6638.00   8.5820e-21
6640.00   6.3511e-20
6642.00   9.1517e-21
6644.00   5.7396e-21
6646.00   2.8537e-26
6648.00   2.0629e-23
6650.00   6.6459e-18
6652.00   4.7877e-17
6654.00   9.9746e-21
6656.00   2.1835e-19
6658.00   1.2269e-18
6660.00   1.5979e-20
6662.00   4.6567e-20
6664.00   3.5608e-22
6666.00   7.7745e-18
6668.00   3.7033e-20
6670.00   4.4723e-20
6672.00   2.7041e-20
6674.00   1.9576e-20
6676.00   3.4439e-22
6678.00   4.4268e-18
6680.00   1.5249e-19
6682.00   6.3292e-18
6684.00   6.9586e-22
6686.00   2.5349e-21
6688.00   3.1096e-19
6690.00   1.8129e-19
6692.00   1.5245e-19
6694.00   4.4460e-18
6696.00   1.1303e-24
6698.00   2.0751e-20
6700.00   7.9785e-19
6702.00   4.2907e-20
6704.00   5.0357e-19
6706.00   7.5199e-19
6708.00   8.4159e-24
6710.00   6.7023e-20
6712.00   8.3858e-22
6714.00   3.0691e-20
6716.00   7.5908e-23
6718.00   3.4414e-22
6720.00   2.7791e-20
6722.00   3.2301e-23
6724.00   1.3172e-19
6726.00   9.0997e-23
6728.00   5.2368e-26
6730.00   5.9762e-18
6732.00   4.8787e-19
6734.00   2.4516e-24
6736.00   6.1709e-21
6738.00   5.7482e-25
6740.00   7.5977e-25
6742.00   1.5493e-20
6744.00   4.2082e-20
6746.00   3.8326e-20
6748.00   3.4862e-21
6750.00   5.3140e-19
6752.00   1.0618e-23
6754.00   1.0022e-20
6756.00   3.6306e-22
6758.00   2.2304e-20
6760.00   2.6740e-19
6762.00   3.7419e-21
6764.00   1.1318e-19
6766.00   1.8364e-20
6768.00   6.3618e-18
6770.00   9.2128e-21
6772.00   5.0931e-21
6774.00   5.1291e-22
6776.00   1.3900e-18
6778.00   1.4124e-21
6780.00   2.2639e-20
6782.00   1.5179e-21
6784.00   6.9337e-23
6786.00   1.6037e-20
6788.00   2.2580e-19
6790.00   3.0587e-21
6792.00   5.0147e-19
6794.00   4.6654e-20
6796.00   4.4269e-19
6798.00   2.3606e-21
6800.00   1.1064e-18
6802.00   3.1223e-20
6804.00   7.0384e-20
6806.00   1.1689e-22
6808.00   8.8220e-27
6810.00   1.4058e-19
6812.00   1.8534e-20
6814.00   3.6830e-20
6816.00   2.4170e-19
6818.00   9.3588e-22
6820.00   3.5668e-18
6822.00   5.2686e-18
6824.00   2.4290e-20
6826.00   5.9480e-19
6828.00   8.8413e-20
6830.00   2.4740e-20
6832.00   6.5738e-18
6834.00   2.1158e-21
6836.00   9.6976e-25
6838.00   5.9702e-19
6840.00   1.0109e-20
6842.00   3.3989e-23
6844.00   1.5860e-20
6846.00   3.6471e-21
6848.00   3.7541e-20
6850.00   1.5057e-21
6852.00   2.3585e-21
6854.00   6.5944e-25
6856.00   8.6953e-18
6858.00   3.9116e-20
6860.00   6.8659e-21
6862.00   2.7583e-17
6864.00   1.6590e-19
6866.00   3.1070e-18
6868.00   1.9942e-21
6870.00   3.3321e-18
6872.00   2.7819e-18
6874.00   1.2944e-18
6876.00   3.2845e-22
6878.00   1.1415e-18
6880.00   6.8727e-25
6882.00   1.9781e-20
6884.00   9.4145e-22
6886.00   1.1231e-20
6888.00   1.4847e-21
6890.00   8.0558e-19
6892.00   9.7117e-20
6894.00   6.5335e-23
6896.00   2.2174e-19
6898.00   1.3037e-25
6900.00   4.1178e-26
6902.00   9.7490e-21
6904.00   1.6685e-25
6906.00   2.0780e-18
6908.00   4.6106e-18
6910.00   1.2841e-21
6912.00   6.5076e-18
6914.00   2.6267e-18
6916.00   1.5568e-21
6918.00   3.1468e-20
6920.00   3.3675e-26
6922.00   2.4770e-21
6924.00   7.9403e-18
6926.00   2.7099e-19
6928.00   7.1713e-21
6930.00   1.1411e-18
6932.00   3.7509e-19
6934.00   1.6559e-20
6936.00   2.6320e-21
6938.00   5.1530e-22
6940.00   1.4542e-19
6942.00   3.9590e-19
6944.00   4.6491e-19
6946.00   7.2253e-19
6948.00   1.0451e-18
6950.00   1.6553e-18
6952.00   6.6381e-22
6954.00   1.0976e-23
6956.00   5.9513e-24
6958.00   2.3587e-19
6960.00   1.6304e-19
6962.00   2.3880e-20
6964.00   1.4748e-19
6966.00   5.1354e-19
6968.00   5.8344e-22
6970.00   4.7618e-21
6972.00   6.2554e-22
6974.00   3.7034e-20
6976.00   2.6107e-22
6978.00   1.4635e-18
6980.00   7.4688e-22
6982.00   2.7232e-21
6984.00   1.5334e-21
6986.00   1.6993e-20
6988.00   6.5723e-21
6990.00   2.5901e-21
6992.00   3.5430e-20
6994.00   3.3593e-18
6996.00   8.6798e-19
6998.00   1.4266e-22
7000.00   2.6380e-19
7002.00   2.3661e-21
7004.00   1.4135e-21
7006.00   2.7768e-22
7008.00   5.0981e-20
7010.00   1.3604e-18
7012.00   7.7609e-19
7014.00   2.9009e-21
7016.00   2.2942e-19
7018.00   3.5257e-20
7020.00   5.6634e-22
7022.00   1.8821e-19
7024.00   1.6611e-21
7026.00   3.2009e-22
7028.00   3.6505e-24
7030.00   1.7395e-20
7032.00   2.8397e-19
7034.00   5.9779e-20
7036.00   1.9425e-21
7038.00   1.3466e-19
7040.00   2.9512e-20
7042.00   1.9796e-20
7044.00   3.6098e-23
7046.00   2.9760e-20
7048.00   2.6024e-19
7050.00   2.0344e-26
7052.00   4.0788e-23
7054.00   6.1197e-19
7056.00   6.2693e-24
7058.00   1.2888e-20
7060.00   1.7672e-19
7062.00   2.8416e-24
7064.00   5.2048e-19
7066.00   5.0814e-21
7068.00   2.0175e-19
7070.00   1.0825e-21
7072.00   6.5048e-25
7074.00   3.0683e-21
7076.00   4.1888e-19
7078.00   2.6146e-21
7080.00   7.3978e-21
7082.00   8.0381e-21
7084.00   9.5404e-21
7086.00   2.9838e-25
7088.00   2.5823e-19
7090.00   1.4738e-19
7092.00   1.6837e-20
7094.00   1.9069e-21
7096.00   7.2572e-23
7098.00   3.3685e-19
7100.00   3.4123e-22
7102.00   1.4615e-22
7104.00   5.5048e-19
7106.00   6.1365e-21
7108.00   9.5638e-22
7110.00   3.2378e-17
7112.00   2.0993e-19
7114.00   1.4719e-18
7116.00   8.5664e-20
7118.00   6.4542e-19
7120.00   1.9951e-23
7122.00   2.9475e-24
7124.00   1.5624e-19
7126.00   1.1872e-22
7128.00   3.0185e-19
7130.00   6.4646e-19
7132.00   1.6195e-19
7134.00   2.3940e-20
7136.00   8.3750e-18
7138.00   2.7298e-20
7140.00   2.6127e-19
7142.00   1.4529e-23
7144.00   3.2322e-24
7146.00   5.0510e-20
7148.00   1.5894e-19
7150.00   1.7112e-20
7152.00   1.7931e-20
7154.00   1.2728e-23
7156.00   7.3920e-18
7158.00   1.0238e-19
7160.00   4.0955e-24
7162.00   4.4159e-19
7164.00   1.0932e-18
7166.00   1.9723e-21
7168.00   6.2391e-19
7170.00   6.4391e-19
7172.00   1.9970e-18
7174.00   6.0275e-21
7176.00   2.0061e-25
7178.00   1.4466e-20
7180.00   9.3546e-18
7182.00   1.4801e-18
7184.00   1.6356e-17
7186.00   5.4579e-20
7188.00   3.7729e-25
7190.00   1.4391e-21
7192.00   5.1991e-18
7194.00   9.4428e-18
7196.00   7.7965e-22
7198.00   3.4111e-22
7200.00   1.1853e-19
7202.00   1.8775e-20
7204.00   5.4574e-20
7206.00   1.0819e-19
7208.00   1.3469e-23
7210.00   9.9425e-23
7212.00   2.4837e-18
7214.00   1.2213e-20
7216.00   9.4812e-19
7218.00   3.1794e-20
7220.00   1.2404e-27
7222.00   4.1724e-17
7224.00   4.6288e-17
7226.00   1.1796e-18
7228.00   3.6801e-21
7230.00   4.2161e-20
7232.00   4.7430e-23
7234.00   9.1826e-21
7236.00   5.1133e-23
7238.00   2.4231e-20
7240.00   2.4047e-20
7242.00   5.0130e-21
7244.00   2.5116e-19
7246.00   3.5944e-20
7248.00   1.4167e-19
7250.00   1.0156e-19
7252.00   4.8902e-24
7254.00   5.8133e-18
7256.00   3.5737e-27
7258.00   8.4741e-24
7260.00   7.4308e-21
7262.00   2.3090e-19
7264.00   9.7183e-18
7266.00   1.0740e-18
7268.00   4.1269e-20
7270.00   1.9536e-22
7272.00   7.3673e-27
7274.00   2.9571e-19
7276.00   2.3128e-19
7278.00   1.3188e-18
7280.00   3.5639e-19
7282.00   4.0457e-18
7284.00   6.0388e-23
7286.00   2.8539e-19
7288.00   9.2779e-18
7290.00   3.7639e-18
7292.00   2.5331e-23
7294.00   3.6669e-20
7296.00   2.6335e-22
7298.00   8.0494e-21
7300.00   2.4817e-20
7302.00   2.7837e-17
7304.00   3.8460e-19
7306.00   5.0209e-19
7308.00   6.9859e-17
7310.00   4.3461e-17
7312.00   8.3174e-22
7314.00   2.6560e-21
7316.00   2.7018e-20
7318.00   7.5059e-19
7320.00   4.9141e-17
7322.00   5.7267e-19
7324.00   5.2636e-21
7326.00   4.3958e-23
7328.00   1.1156e-20
7330.00   1.1420e-20
7332.00   1.5004e-19
7334.00   5.2083e-18
7336.00   3.6521e-17
7338.00   6.2789e-24
7340.00   7.6817e-29
7342.00   3.6454e-21
7344.00   4.1733e-23
7346.00   6.4063e-22
7348.00   4.7380e-26
7350.00   3.6375e-19
7352.00   5.6881e-18
7354.00   9.5090e-20
7356.00   1.6134e-21
7358.00   7.5307e-20
7360.00   1.5018e-21
7362.00   6.6531e-20
7364.00   1.0460e-22
7366.00   7.6406e-20
7368.00   6.7975e-22
7370.00   2.4502e-19
7372.00   3.8502e-23
7374.00   1.8906e-22
7376.00   3.5730e-25
7378.00   1.0394e-21
7380.00   7.1984e-21
7382.00   3.2154e-21
7384.00   7.2524e-23
7386.00   3.6750e-20
7388.00   1.4724e-18
7390.00   1.6120e-21
7392.00   6.0437e-24
7394.00   1.3089e-21
7396.00   2.4957e-22
7398.00   1.1164e-20
7400.00   1.1914e-18
7402.00   2.7662e-18
7404.00   2.1111e-26
7406.00   1.1522e-19
7408.00   1.1746e-20
7410.00   2.4058e-17
7412.00   3.2680e-21
7414.00   3.7371e-19
7416.00   9.0189e-21
7418.00   2.2723e-18
7420.00   2.1670e-18
7422.00   2.2933e-20
7424.00   1.4123e-19
7426.00   2.6874e-18
7428.00   5.3107e-22
7430.00   3.2025e-18
7432.00   9.8046e-20
7434.00   3.3796e-21
7436.00   3.4573e-19
7438.00   1.5498e-21
7440.00   1.3098e-20
7442.00   3.1905e-21
7444.00   1.2374e-26
7446.00   2.5126e-18
7448.00   4.5164e-25
7450.00   5.2236e-17
7452.00   2.2686e-18
7454.00   1.6621e-18
7456.00   8.4231e-20
7458.00   4.9792e-23
7460.00   3.1528e-23
7462.00   1.1538e-16
7464.00   1.1292e-21
7466.00   6.2316e-18
7468.00   5.6950e-24
7470.00   4.6214e-22
7472.00   4.9540e-22
7474.00   4.9850e-23
7476.00   3.8539e-21
7478.00   1.9800e-24
7480.00   1.3106e-18
7482.00   3.5990e-19
7484.00   7.9762e-26
7486.00   2.9011e-20
7488.00   3.8396e-19
7490.00   1.9226e-22
7492.00   1.8938e-20
7494.00   3.4335e-23
7496.00   4.2950e-22
7498.00   1.7460e-20
7500.00   2.0516e-19
7502.00   8.4908e-19
7504.00   1.3326e-18
7506.00   2.7591e-21
7508.00   7.4629e-24
7510.00   1.2074e-21
7512.00   3.2926e-25
7514.00   5.1669e-20
7516.00   4.5549e-17
7518.00   6.4436e-20
7520.00   2.9626e-17
7522.00   1.0793e-21
7524.00   7.4686e-21
7526.00   8.4621e-20
7528.00   2.1045e-22
7530.00   1.1473e-21
7532.00   2.1846e-20
7534.00   4.6768e-17
7536.00   1.6194e-23
7538.00   9.6359e-23
7540.00   1.2690e-20
7542.00   6.3071e-21
7544.00   1.3709e-19
7546.00   3.7269e-26
7548.00   6.0726e-20
7550.00   1.2187e-21
7552.00   8.0048e-21
7554.00   2.0602e-19
7556.00   1.4870e-21
7558.00   3.9915e-21
7560.00   2.3042e-20
7562.00   6.5944e-21
7564.00   1.0240e-19
7566.00   6.5028e-21
7568.00   5.1151e-19
7570.00   2.7532e-21
7572.00   8.4785e-22
7574.00   7.3285e-27
7576.00   3.1641e-19
7578.00   3.9579e-25
7580.00   2.3864e-17
7582.00   1.7390e-21
7584.00   4.6792e-18
7586.00   1.6185e-21
7588.00   1.7020e-21
7590.00   4.8492e-26
7592.00   4.9584e-22
7594.00   2.8262e-21
7596.00   1.6765e-21
7598.00   3.6529e-20
7600.00   3.8039e-20
7602.00   1.3499e-20
7604.00   1.9086e-21
7606.00   8.1649e-20
7608.00   1.2860e-23
7610.00   7.1702e-20
7612.00   5.4117e-26
7614.00   1.6451e-19
7616.00   5.2715e-20
7618.00   1.0169e-17
7620.00   3.2294e-19
7622.00   5.8184e-21
7624.00   1.3492e-22
7626.00   1.1375e-22
7628.00   6.1922e-27
7630.00   1.9478e-22
7632.00   1.1640e-21
7634.00   9.9231e-21
7636.00   7.3710e-23
7638.00   5.2863e-19
7640.00   2.3060e-20
7642.00   4.2238e-20
7644.00   4.5759e-21
7646.00   2.4391e-19
7648.00   1.4715e-17
7650.00   1.6967e-21
7652.00   9.8701e-23
7654.00   1.0162e-18
7656.00   4.7539e-17
7658.00   1.1267e-17
7660.00   3.7568e-18
7662.00   1.3668e-24
7664.00   2.1733e-22
7666.00   8.4654e-20
7668.00   4.0638e-22
7670.00   3.4633e-23
7672.00   5.8370e-18
7674.00   1.6606e-21
7676.00   4.0082e-19
7678.00   4.0067e-21
7680.00   4.2617e-25
7682.00   1.6880e-24
7684.00   4.2264e-23
7686.00   3.5251e-17
7688.00   2.6155e-20
7690.00   1.1647e-19
7692.00   1.9952e-20
7694.00   4.2657e-19
7696.00   8.1427e-21
7698.00   4.8269e-18
7700.00   6.1769e-19
7702.00   3.1088e-20
7704.00   1.6431e-24
7706.00   1.2776e-20
7708.00   1.2978e-20
7710.00   1.7134e-19
7712.00   2.1546e-16
7714.00   3.2442e-20
7716.00   7.0905e-20
7718.00   3.4951e-24
7720.00   1.0355e-19
7722.00   2.2928e-24
7724.00   2.0568e-20
7726.00   6.9997e-23
7728.00   5.5616e-24
7730.00   3.2877e-20
7732.00   4.3729e-22
7734.00   2.4562e-20
7736.00   2.8425e-23
7738.00   2.3107e-17
7740.00   2.7355e-19
7742.00   3.8058e-19
7744.00   5.1890e-23
7746.00   6.4256e-21
7748.00   4.9077e-21
7750.00   1.1803e-24
7752.00   2.6613e-22
7754.00   5.5415e-24
7756.00   2.4235e-22
7758.00   8.0739e-19
7760.00   4.0874e-24
7762.00   1.8212e-20
7764.00   7.0913e-19
7766.00   8.9871e-20
7768.00   5.4365e-24
7770.00   1.1000e-27
7772.00   6.8960e-23
7774.00   5.6949e-19
7776.00   8.5187e-24
7778.00   2.0333e-18
7780.00   1.4257e-23
7782.00   9.6547e-23
7784.00   6.7270e-19
7786.00   6.4000e-24
7788.00   2.0137e-20
7790.00   1.1607e-21
7792.00   1.4602e-19
7794.00   3.8545e-20
7796.00   5.1291e-26
7798.00   3.9816e-18
7800.00   2.9769e-26
7802.00   4.4551e-18
7804.00   3.1411e-20
7806.00   5.2098e-18
7808.00   1.1674e-18
7810.00   2.4572e-22
7812.00   2.3371e-21
7814.00   9.0610e-18
7816.00   8.5509e-21
7818.00   3.7491e-19
7820.00   7.1561e-20
7822.00   2.2018e-23
7824.00   2.5468e-20
7826.00   1.9339e-20
7828.00   1.1785e-23
7830.00   1.0801e-18
7832.00   2.6744e-18
7834.00   3.9032e-19
7836.00   3.4230e-18
7838.00   7.3759e-20
7840.00   2.6171e-18
7842.00   5.8482e-18
7844.00   6.5286e-20
7846.00   2.4122e-20
7848.00   7.5030e-19
7850.00   1.2752e-25
7852.00   1.1945e-19
7854.00   1.0445e-21
7856.00   8.3225e-21
7858.00   2.1869e-25
7860.00   6.5613e-20
7862.00   9.5330e-20
7864.00   7.8749e-23
7866.00   8.8357e-18
7868.00   6.8261e-22
7870.00   5.8669e-21
7872.00   3.4988e-19
7874.00   2.4815e-20
7876.00   5.4045e-24
7878.00   7.2340e-23
7880.00   1.9894e-22
7882.00   1.0210e-19
7884.00   6.2339e-23
7886.00   5.1018e-19
7888.00   3.2550e-22
7890.00   1.3541e-24
7892.00   3.7050e-20
7894.00   3.3485e-18
7896.00   1.6357e-20
7898.00   6.0186e-18
7900.00   6.8518e-19
7902.00   8.3803e-24
7904.00   1.3180e-20
7906.00   2.0992e-20
7908.00   6.7887e-24
7910.00   1.5366e-25
7912.00   1.3392e-22
7914.00   9.6633e-18
7916.00   9.5766e-22
7918.00   1.2601e-17
7920.00   3.5387e-27
7922.00   4.7094e-19
7924.00   4.1650e-26
7926.00   2.0084e-19
7928.00   4.4402e-22
7930.00   1.8167e-19
7932.00   1.4428e-20
7934.00   1.8794e-19
7936.00   9.0463e-24
7938.00   4.8631e-19
7940.00   2.5833e-21
7942.00   8.6171e-21
7944.00   1.8028e-27
7946.00   9.8464e-22
7948.00   1.8152e-18
7950.00   5.2203e-22
7952.00   2.3927e-19
7954.00   9.7089e-21
7956.00   7.7635e-20
7958.00   1.6840e-21
7960.00   3.7952e-27
7962.00   3.6730e-24
7964.00   2.1324e-24
7966.00   8.8426e-21
7968.00   4.3726e-19
7970.00   1.0158e-18
7972.00   4.9197e-22
7974.00   1.6128e-19
7976.00   3.5482e-18
7978.00   6.4438e-20
7980.00   9.2220e-21
7982.00   2.1345e-17
7984.00   3.2331e-21
7986.00   2.6049e-20
7988.00   1.7272e-20
7990.00   2.1608e-22
7992.00   2.7588e-23
7994.00   2.7413e-20
7996.00   3.9035e-18
7998.00   3.6832e-20
8000.00   3.4030e-22
8002.00   7.0942e-22
8004.00   1.5951e-21
8006.00   3.5539e-22
8008.00   2.2672e-19
8010.00   3.4179e-22
8012.00   2.9647e-18
8014.00   3.0970e-20
8016.00   9.1635e-20
8018.00   7.1104e-19
8020.00   3.0830e-23
8022.00   1.5789e-21
8024.00   5.0775e-20
8026.00   1.0296e-22
8028.00   5.0170e-22
8030.00   3.1013e-18
8032.00   7.1306e-19
8034.00   2.4985e-23
8036.00   4.9651e-20
8038.00   7.7962e-19
8040.00   3.3486e-22
8042.00   1.7209e-18
8044.00   1.4453e-20
8046.00   4.9970e-27
8048.00   1.4523e-21
8050.00   1.3072e-20
8052.00   5.6603e-21
8054.00   4.0473e-18
8056.00   4.1075e-26
8058.00   5.3921e-23
8060.00   8.5455e-18
8062.00   1.6004e-21
8064.00   4.8878e-18
8066.00   1.2325e-23
8068.00   2.6606e-20
8070.00   2.1487e-19
8072.00   2.8985e-26
8074.00   4.2090e-18
8076.00   8.3616e-18
8078.00   6.5413e-21
8080.00   1.9280e-19
8082.00   4.7268e-26
8084.00   3.1872e-18
8086.00   1.5195e-19
8088.00   9.0997e-24
8090.00   2.6298e-20
8092.00   1.7241e-19
8094.00   7.5039e-20
8096.00   2.6119e-18
8098.00   2.0038e-21
8100.00   2.1758e-27
8102.00   6.3904e-22
8104.00   1.3314e-18
8106.00   2.2485e-20
8108.00   2.6697e-19
8110.00   5.8448e-23
8112.00   2.3055e-21
8114.00   8.3093e-21
8116.00   2.1269e-26
8118.00   1.6428e-19
8120.00   6.2180e-20
8122.00   5.4534e-21
8124.00   2.1587e-19
8126.00   2.5783e-21
8128.00   2.3243e-20
8130.00   2.9558e-20
8132.00   2.1426e-20
8134.00   2.7383e-23
8136.00   2.6546e-18
8138.00   3.2399e-25
8140.00   2.2058e-21
8142.00   9.5720e-22
8144.00   4.0932e-20
8146.00   2.1201e-20
8148.00   1.5745e-18
8150.00   1.1357e-22
8152.00   1.0394e-19
8154.00   1.2182e-21
8156.00   3.1410e-21
8158.00   6.7515e-20
8160.00   2.7603e-18
8162.00   1.6843e-24
8164.00   4.9519e-20
8166.00   3.5649e-25
8168.00   1.8391e-18
8170.00   1.5341e-23
8172.00   1.0914e-19
8174.00   7.2885e-19
8176.00   4.5854e-27
8178.00   1.8063e-20
8180.00   6.2983e-25
8182.00   2.8459e-21
8184.00   1.5167e-21
8186.00   1.1351e-20
8188.00   6.9888e-24
8190.00   9.6384e-19
8192.00   2.8742e-20
8194.00   2.0510e-21
8196.00   4.2904e-23
8198.00   3.2009e-20
8200.00   5.7802e-21
8202.00   3.5168e-19
8204.00   8.3173e-19
8206.00   1.8575e-19
8208.00   1.9997e-17
8210.00   8.6201e-18
8212.00   3.3755e-18
8214.00   8.4064e-22
8216.00   2.2715e-19
8218.00   3.4189e-20
8220.00   2.0465e-21
8222.00   8.0158e-19
8224.00   1.5768e-24
8226.00   1.9994e-23
8228.00   1.0300e-16
8230.00   5.9693e-21
8232.00   2.2571e-22
8234.00   1.0999e-18
8236.00   2.6348e-25
8238.00   2.2345e-18
8240.00   1.3871e-20
8242.00   4.5617e-19
8244.00   1.8713e-25
8246.00   2.8386e-20
8248.00   3.7955e-19
8250.00   3.6526e-18
8252.00   4.8110e-21
8254.00   1.3239e-21
8256.00   6.9265e-21
8258.00   1.3283e-19
8260.00   3.1474e-18
8262.00   1.9090e-20
8264.00   1.0075e-17
8266.00   3.4709e-21
8268.00   5.1693e-24
8270.00   9.3086e-22
8272.00   6.1155e-21
8274.00   1.0838e-18
8276.00   2.4614e-18
8278.00   8.8730e-20
8280.00   5.2378e-22
8282.00   2.9779e-21
8284.00   3.8264e-18
8286.00   2.4506e-22
8288.00   8.3343e-17
8290.00   4.7080e-18
8292.00   6.0762e-23
8294.00   6.4318e-20
8296.00   7.0814e-20
8298.00   1.2654e-21
8300.00   8.3987e-19
8302.00   3.1468e-18
8304.00   2.5300e-20
8306.00   3.2675e-18
8308.00   5.9088e-20
8310.00   6.8745e-18
8312.00   3.2716e-21
8314.00   1.2852e-20
8316.00   5.0274e-21
8318.00   1.7877e-25
8320.00   2.8731e-21
8322.00   1.9305e-18
8324.00   2.2625e-19
8326.00   3.8936e-27
8328.00   9.9144e-22
8330.00   3.4384e-19
8332.00   4.0108e-23
8334.00   6.5977e-20
8336.00   2.1827e-22
8338.00   1.0665e-18
8340.00   7.4463e-20
8342.00   3.4805e-21
8344.00   3.3861e-19
8346.00   5.4206e-21
8348.00   1.6537e-20
8350.00   6.4055e-24
8352.00   2.9230e-19
8354.00   1.0233e-21
8356.00   2.9343e-20
8358.00   3.1620e-17
8360.00   2.6781e-21
8362.00   2.7801e-26
8364.00   1.3059e-23
8366.00   4.3067e-19
8368.00   2.3734e-18
8370.00   1.7384e-24
8372.00   2.7681e-19
8374.00   2.7113e-20
8376.00   6.7444e-19
8378.00   6.1790e-19
8380.00   1.9171e-25
8382.00   1.6057e-18
8384.00   1.0511e-26
8386.00   4.2136e-18
8388.00   1.6011e-20
8390.00   1.8237e-20
8392.00   3.3286e-20
8394.00   1.4898e-25
8396.00   8.0042e-19
8398.00   8.0087e-18
8400.00   1.1804e-22
8402.00   1.2903e-22
8404.00   2.0774e-17
8406.00   6.7212e-20
8408.00   4.4878e-19
8410.00   3.0557e-21
8412.00   1.4660e-20
8414.00   5.7528e-20
8416.00   3.1687e-19
8418.00   2.0393e-23
8420.00   7.1260e-19
8422.00   1.3322e-21
8424.00   2.1603e-17
8426.00   4.2421e-27
8428.00   3.1899e-21
8430.00   3.3236e-22
8432.00   1.0843e-19
8434.00   8.7168e-20
8436.00   2.3709e-19
8438.00   1.1128e-19
8440.00   5.9954e-21
8442.00   9.9667e-25
8444.00   1.1003e-17
8446.00   7.9924e-21
8448.00   8.3816e-23
8450.00   5.2446e-22
8452.00   1.4399e-18
8454.00   1.0759e-18
8456.00   5.3114e-24
8458.00   2.0175e-21
8460.00   4.4144e-23
8462.00   1.6408e-24
8464.00   2.6511e-23
8466.00   3.7213e-19
8468.00   5.4109e-19
8470.00   1.5173e-17
8472.00   1.1237e-19
8474.00   4.5611e-19
8476.00   9.5438e-21
8478.00   9.6652e-21
8480.00   5.9933e-20
8482.00   5.5918e-20
8484.00   2.0243e-19
8486.00   2.5847e-18
8488.00   1.8080e-23
8490.00   4.3868e-17
8492.00   3.3738e-19
8494.00   3.2220e-22
8496.00   1.4880e-19
8498.00   9.0830e-21
8500.00   3.0739e-17
8502.00   3.0614e-24
8504.00   3.9919e-19
8506.00   2.2081e-20
8508.00   1.1383e-17
8510.00   4.4397e-23
8512.00   3.5148e-22
8514.00   2.2754e-19
8516.00   9.2701e-23
8518.00   6.6792e-18
8520.00   2.9286e-25
8522.00   7.3022e-22
8524.00   7.7493e-20
8526.00   3.6270e-21
8528.00   7.1592e-19
8530.00   1.0718e-20
8532.00   2.3281e-20
8534.00   2.8080e-23
8536.00   5.5453e-22
8538.00   7.6003e-23
8540.00   2.6278e-22
8542.00   1.5156e-24
8544.00   3.7451e-20
8546.00   2.9398e-19
8548.00   4.0613e-19
8550.00   2.3443e-18
8552.00   3.4101e-21
8554.00   2.5757e-18
8556.00   3.9516e-19
8558.00   2.4099e-19
8560.00   2.9415e-28
8562.00   9.4664e-24
8564.00   2.5428e-19
8566.00   1.5016e-21
8568.00   4.1448e-21
8570.00   8.5721e-22
8572.00   6.7332e-21
8574.00   7.9309e-19
8576.00   7.3741e-20
8578.00   3.2444e-21
8580.00   4.4482e-20
8582.00   9.5576e-20
8584.00   4.8282e-22
8586.00   1.2487e-22
8588.00   3.1234e-24
8590.00   1.4627e-20
8592.00   1.4841e-21
8594.00   8.5690e-22
8596.00   9.4790e-18
8598.00   3.1721e-21
8600.00   1.5148e-19
8602.00   1.9029e-20
8604.00   1.3294e-19
8606.00   3.6087e-19
8608.00   5.0605e-25
8610.00   1.9786e-24
8612.00   8.5495e-19
8614.00   5.0810e-24
8616.00   2.1485e-18
8618.00   7.2319e-23
8620.00   1.7491e-21
8622.00   1.4277e-21
8624.00   1.2425e-22
8626.00   2.8853e-19
8628.00   5.7956e-19
8630.00   7.6379e-20
8632.00   1.8032e-23
8634.00   2.2574e-20
8636.00   3.8085e-20
8638.00   1.2199e-22
8640.00   6.8958e-22
8642.00   4.9508e-18
8644.00   3.6002e-22
8646.00   2.2312e-24
8648.00   3.9774e-24
8650.00   2.0654e-19
8652.00   2.6654e-24
8654.00   2.7683e-20
8656.00   1.3878e-20
8658.00   4.4776e-26
8660.00   2.1356e-21
8662.00   2.8862e-22
8664.00   2.2196e-19
8666.00   7.2168e-22
8668.00   1.3695e-20
8670.00   4.1929e-21
8672.00   1.6691e-18
8674.00   2.4389e-23
8676.00   3.9604e-19
8678.00   1.3570e-18
8680.00   2.4485e-26
8682.00   2.5252e-25
8684.00   6.2171e-18
8686.00   2.7500e-24
8688.00   1.4671e-22
8690.00   2.3375e-19
8692.00   1.9629e-23
8694.00   5.7779e-22
8696.00   2.7545e-19
8698.00   1.8144e-26
8700.00   1.2868e-21
8702.00   3.0735e-22
8704.00   7.4224e-20
8706.00   4.4844e-20
8708.00   2.4835e-20
8710.00   1.5612e-26
8712.00   8.2638e-25
8714.00   6.3319e-20
8716.00   2.3212e-19
8718.00   6.3779e-22
8720.00   1.4308e-19
8722.00   1.6363e-17
8724.00   3.8860e-23
8726.00   3.5791e-26
8728.00   1.3546e-22
8730.00   1.1369e-23
8732.00   4.4814e-21
8734.00   3.1534e-20
8736.00   5.1977e-21
8738.00   2.5201e-26
8740.00   1.4207e-19
8742.00   3.1925e-24
8744.00   4.1958e-20
8746.00   2.9777e-20
8748.00   2.9137e-22
8750.00   3.3078e-19
8752.00   2.3986e-19
8754.00   4.5790e-21
8756.00   1.7855e-19
8758.00   4.0992e-19
8760.00   1.9050e-21
8762.00   4.7249e-19
8764.00   4.1099e-21
8766.00   2.6694e-23
8768.00   1.2516e-26
8770.00   1.3957e-24
8772.00   3.9261e-23
8774.00   4.6178e-23
8776.00   1.9518e-19
8778.00   4.9880e-25
8780.00   3.5820e-25
8782.00   8.9512e-22
8784.00   3.6179e-23
8786.00   1.4944e-26
8788.00   4.1603e-22
8790.00   1.1878e-22
8792.00   3.4381e-22
8794.00   2.9305e-19
8796.00   6.5425e-21
8798.00   3.5077e-22
8800.00   5.2820e-24
8802.00   2.1499e-28
8804.00   1.0217e-21
8806.00   4.0671e-19
8808.00   1.8031e-22
8810.00   1.2000e-18
8812.00   5.3329e-21
8814.00   2.0476e-22
8816.00   7.0353e-17
8818.00   5.3489e-22
8820.00   4.3922e-20
8822.00   1.1727e-24
8824.00   2.2122e-19
8826.00   5.9432e-20
8828.00   7.4377e-18
8830.00   4.9949e-23
8832.00   4.4998e-25
8834.00   9.2656e-23
8836.00   7.4515e-23
8838.00   2.9576e-20
8840.00   2.2834e-24
8842.00   8.3486e-21
8844.00   4.7033e-21
8846.00   4.0485e-21
8848.00   1.1047e-18
8850.00   4.9903e-21
8852.00   5.2621e-21
8854.00   2.4396e-21
8856.00   1.2548e-22
8858.00   3.5729e-21
8860.00   1.5866e-19
8862.00   8.0894e-22
8864.00   2.6427e-21
8866.00   1.2838e-28
8868.00   1.6562e-17
8870.00   3.6604e-19
8872.00   8.9973e-28
8874.00   3.7495e-17
8876.00   1.8915e-20
8878.00   1.4849e-24
8880.00   5.1603e-25
8882.00   2.4254e-21
8884.00   1.3785e-20
8886.00   1.0637e-19
8888.00   6.8917e-26
8890.00   2.2862e-19
8892.00   4.6877e-19
8894.00   4.0582e-23
8896.00   1.6452e-21
8898.00   4.6746e-19
8900.00   2.4258e-24
8902.00   4.2439e-22
8904.00   7.9990e-24
8906.00   1.0555e-22
8908.00   8.8159e-22
8910.00   3.3693e-23
8912.00   1.4224e-20
8914.00   4.6322e-25
8916.00   2.5656e-24
8918.00   1.5219e-21
8920.00   3.0421e-17
8922.00   2.4017e-19
8924.00   4.3994e-21
8926.00   8.7095e-18
8928.00   1.7431e-22
8930.00   2.5808e-26
8932.00   1.4933e-21
8934.00   4.8641e-20
8936.00   2.9376e-27
8938.00   3.6625e-17
8940.00   8.5474e-22
8942.00   4.1712e-24
8944.00   2.8877e-20
8946.00   1.8972e-18
8948.00   2.8552e-23
8950.00   4.4792e-20
8952.00   2.3653e-25
8954.00   6.0358e-26
8956.00   8.5491e-18
8958.00   3.9452e-23
8960.00   7.9900e-20
8962.00   1.7565e-22
8964.00   1.4758e-24
8966.00   4.4924e-20
8968.00   8.4007e-21
8970.00   1.4112e-20
8972.00   6.2287e-22
8974.00   3.5408e-26
8976.00   3.3491e-21
8978.00   2.4634e-28
8980.00   7.1522e-23
8982.00   4.4016e-19
8984.00   5.1477e-25
8986.00   5.2026e-21
8988.00   1.2953e-21
8990.00   4.0667e-18
8992.00   4.0446e-24
8994.00   3.3675e-21
8996.00   2.6185e-24
8998.00   3.0520e-25
9000.00   1.0252e-19
9002.00   3.1937e-21
9004.00   3.0662e-26
9006.00   1.3167e-17
9008.00   2.2768e-27
9010.00   9.6095e-22
9012.00   1.2599e-23
9014.00   8.9758e-18
9016.00   1.6796e-25
9018.00   5.7972e-26
9020.00   3.1369e-20
9022.00   6.3358e-25
9024.00   4.8267e-20
9026.00   1.5503e-19
9028.00   3.0375e-19
9030.00   1.3724e-19
9032.00   4.6250e-23
9034.00   1.5388e-19
9036.00   3.7103e-20
9038.00   2.4215e-19
9040.00   5.7152e-27
9042.00   4.2453e-21
9044.00   6.0943e-23
9046.00   2.7164e-27
9048.00   2.6419e-19
9050.00   2.2926e-20
9052.00   1.3187e-18
9054.00   6.7506e-25
9056.00   8.8984e-20
9058.00   4.7976e-19
9060.00   2.0499e-20
9062.00   2.4905e-17
9064.00   2.9415e-23
9066.00   7.4578e-20
9068.00   4.2277e-24
9070.00   1.1518e-17
9072.00   9.2158e-22
9074.00   1.2541e-19
9076.00   8.0227e-18
9078.00   1.0002e-17
9080.00   3.0198e-19
9082.00   4.6884e-20
9084.00   4.0697e-20
9086.00   3.3169e-24
9088.00   1.9173e-21
9090.00   4.9361e-19
9092.00   2.4477e-23
9094.00   1.1396e-26
9096.00   1.6566e-17
9098.00   9.1222e-22
9100.00   1.0902e-21
9102.00   1.3240e-22
9104.00   7.0896e-20
9106.00   7.1425e-20
9108.00   2.5081e-27
9110.00   2.3043e-21
9112.00   3.0645e-19
9114.00   4.0115e-20
9116.00   1.0759e-17
9118.00   4.6120e-21
9120.00   3.3392e-27
9122.00   1.8339e-17
9124.00   2.9960e-26
9126.00   1.9719e-19
9128.00   3.9146e-22
9130.00   2.0782e-19
9132.00   7.5162e-19
9134.00   4.3482e-20
9136.00   1.2714e-21
9138.00   7.5030e-20
9140.00   2.3152e-24
9142.00   1.3695e-23
9144.00   9.0389e-24
9146.00   1.3512e-21
9148.00   2.4236e-25
9150.00   4.7391e-23
9152.00   1.4724e-22
9154.00   4.2378e-20
9156.00   2.4196e-17
9158.00   4.0016e-26
9160.00   3.6874e-23
9162.00   8.8529e-27
9164.00   1.4603e-20
9166.00   6.5205e-25
9168.00   7.2409e-19
9170.00   4.7446e-21
9172.00   2.3125e-17
9174.00   1.3517e-25
9176.00   3.5110e-17
9178.00   1.6231e-17
9180.00   1.1513e-17
9182.00   4.6470e-20
9184.00   4.3038e-23
9186.00   2.3259e-26
9188.00   2.5842e-17
9190.00   1.7789e-22
9192.00   2.9285e-20
9194.00   1.3381e-19
9196.00   9.0445e-18
9198.00   9.1053e-23
9200.00   8.3228e-20
9202.00   1.2761e-18
9204.00   4.3712e-17
9206.00   1.5300e-24
9208.00   3.4778e-25
9210.00   8.5337e-18
9212.00   1.6905e-19
9214.00   3.2904e-19
9216.00   1.5886e-22
9218.00   4.9242e-25
9220.00   1.6154e-22
9222.00   4.1028e-20
9224.00   1.0152e-21
9226.00   4.3799e-19
9228.00   5.1868e-20
9230.00   2.0796e-25
9232.00   9.0149e-20
9234.00   1.8056e-20
9236.00   9.4497e-27
9238.00   4.4406e-19
9240.00   4.0048e-22
9242.00   3.9928e-19
9244.00   2.6494e-20
9246.00   1.0440e-21
9248.00   1.8965e-20
9250.00   3.3973e-21
9252.00   1.8698e-17
9254.00   3.3200e-22
9256.00   3.4044e-25
9258.00   1.7976e-18
9260.00   3.5205e-24
9262.00   2.1304e-29
9264.00   5.8377e-20
9266.00   2.3004e-24
9268.00   3.1087e-19
9270.00   1.2140e-22
9272.00   2.0105e-17
9274.00   4.4590e-19
9276.00   6.0181e-27
9278.00   2.0969e-24
9280.00   1.6817e-28
9282.00   8.3851e-20
9284.00   1.1704e-20
9286.00   2.0128e-19
9288.00   9.2589e-25
9290.00   1.4826e-18
9292.00   1.3119e-27
9294.00   7.2936e-23
9296.00   4.0779e-18
9298.00   4.3419e-19
9300.00   4.3312e-22
9302.00   1.6485e-28
9304.00   2.9972e-17
9306.00   2.0288e-20
9308.00   1.8372e-22
9310.00   7.7807e-22
9312.00   1.9366e-23
9314.00   1.2593e-23
9316.00   2.2451e-18
9318.00   4.7769e-24
9320.00   3.5370e-19
9322.00   2.7492e-19
9324.00   1.7162e-18
9326.00   1.9249e-18
9328.00   1.3467e-17
9330.00   2.9318e-20
9332.00   5.5104e-27
9334.00   1.6739e-23
9336.00   1.2048e-20
9338.00   6.5882e-22
9340.00   3.2350e-24
9342.00   2.3747e-18
9344.00   7.2639e-29
9346.00   1.5433e-22
9348.00   2.0284e-19
9350.00   5.6614e-19
9352.00   5.7395e-20
9354.00   6.6471e-26
9356.00   1.6417e-19
9358.00   2.8961e-19
9360.00   1.2202e-24
9362.00   2.9230e-21
9364.00   4.7120e-25
9366.00   2.5267e-21
9368.00   6.8293e-19
9370.00   1.6982e-25
9372.00   2.2815e-20
9374.00   1.7301e-20
9376.00   1.1142e-18
9378.00   1.9813e-22
9380.00   1.0085e-21
9382.00   2.0904e-20
9384.00   2.7518e-20
9386.00   7.2876e-21
9388.00   3.8202e-19
9390.00   1.9219e-22
9392.00   4.0860e-20
9394.00   5.6086e-21
9396.00   3.7172e-28
9398.00   1.9025e-26
9400.00   3.3033e-19
9402.00   2.5330e-24
9404.00   1.3977e-19
9406.00   6.0061e-21
9408.00   9.3498e-18
9410.00   1.2915e-18
9412.00   2.6335e-21
9414.00   3.2678e-20
9416.00   1.2149e-24
9418.00   1.5139e-17
9420.00   5.8777e-22
9422.00   1.3551e-22
9424.00   9.9485e-22
9426.00   3.3194e-20
9428.00   1.5916e-16
9430.00   2.9964e-21
9432.00   4.1111e-19
9434.00   5.4196e-29
9436.00   4.6925e-18
9438.00   7.6472e-21
9440.00   4.4827e-21
9442.00   2.3119e-20
9444.00   4.4984e-25
9446.00   4.6646e-20
9448.00   1.8798e-22
9450.00   8.6432e-26
9452.00   8.0508e-21
9454.00   7.0813e-25
9456.00   1.9155e-20
9458.00   8.4460e-22
9460.00   2.3732e-24
9462.00   1.9119e-22
9464.00   6.7439e-18
9466.00   2.4541e-20
9468.00   1.4503e-19
9470.00   2.7286e-19
9472.00   5.8922e-22
9474.00   9.1314e-18
9476.00   2.4312e-21
9478.00   7.0210e-21
9480.00   1.4463e-24
9482.00   7.1991e-21
9484.00   3.9543e-24
9486.00   1.0631e-22
9488.00   1.2495e-24
9490.00   5.8309e-21
9492.00   3.2621e-20
9494.00   5.3456e-28
9496.00   3.1661e-20
9498.00   4.6388e-18
9500.00   3.4561e-20
9502.00   4.4972e-27
9504.00   1.0187e-21
9506.00   5.5753e-26
9508.00   2.8541e-22
9510.00   2.7469e-17
9512.00   1.7031e-26
9514.00   2.2684e-19
9516.00   1.8307e-24
9518.00   1.9955e-21
9520.00   4.5670e-20
9522.00   1.7550e-23
9524.00   3.7029e-20
9526.00   1.1132e-19
9528.00   1.8391e-18
9530.00   3.7329e-24
9532.00   1.1138e-17
9534.00   1.9442e-17
9536.00   7.6317e-20
9538.00   2.6518e-25
9540.00   1.4048e-21
9542.00   6.0175e-20
9544.00   1.6444e-26
9546.00   3.8987e-20
9548.00   1.2918e-20
9550.00   9.0651e-18
9552.00   8.3245e-21
9554.00   2.4763e-22
9556.00   1.4612e-17
9558.00   7.7270e-20
9560.00   3.7637e-18
9562.00   2.0428e-27
9564.00   1.1840e-20
9566.00   1.9125e-19
9568.00   5.2444e-20
9570.00   1.5351e-18
9572.00   1.4723e-17
9574.00   7.0292e-23
9576.00   4.0086e-26
9578.00   3.0954e-21
9580.00   3.0514e-20
9582.00   1.2110e-21
9584.00   6.7406e-26
9586.00   2.7931e-22
9588.00   4.5814e-25
9590.00   1.6254e-19
9592.00   4.6034e-21
9594.00   3.6918e-23
9596.00   2.8935e-19
9598.00   1.6233e-19
9600.00   7.3974e-23
9602.00   2.8424e-21
9604.00   1.2724e-27
9606.00   3.6813e-19
9608.00   4.2955e-21
9610.00   9.1919e-22
9612.00   3.0150e-22
9614.00   5.0832e-19
9616.00   5.0748e-27
9618.00   2.2229e-17
9620.00   2.8826e-24
9622.00   7.4649e-26
9624.00   1.1121e-26
9626.00   6.1993e-27
9628.00   2.6030e-27
9630.00   2.7742e-20
9632.00   1.0475e-20
9634.00   2.3976e-18
9636.00   1.2046e-24
9638.00   1.3563e-20
9640.00   6.6597e-21
9642.00   1.5683e-21
9644.00   1.7384e-26
9646.00   4.9353e-21
9648.00   1.7935e-24
9650.00   7.7368e-24
9652.00   6.8055e-20
9654.00   1.0391e-28
9656.00   2.5897e-18
9658.00   2.8198e-24
9660.00   1.8296e-23
9662.00   9.9863e-18
9664.00   1.4927e-19
9666.00   7.1220e-27
9668.00   3.7143e-23
9670.00   3.3566e-20
9672.00   1.6665e-19
9674.00   2.0253e-22
9676.00   2.4508e-19
9678.00   1.1419e-22
9680.00   2.5014e-17
9682.00   4.9835e-19
9684.00   7.3650e-22
9686.00   1.3162e-22
9688.00   3.8056e-27
9690.00   1.5962e-24
9692.00   2.3788e-25
9694.00   5.2743e-27
9696.00   1.0195e-19
9698.00   5.4689e-24
9700.00   1.3223e-21
9702.00   1.4982e-26
9704.00   1.2108e-20
9706.00   5.3563e-24
9708.00   4.9548e-25
9710.00   2.5601e-26
9712.00   4.8279e-21
9714.00   3.4626e-20
9716.00   5.1861e-26
9718.00   3.4415e-20
9720.00   1.2890e-24
9722.00   1.8189e-20
9724.00   5.7709e-21
9726.00   2.1905e-25
9728.00   3.6859e-23
9730.00   4.4965e-20
9732.00   8.8854e-21
9734.00   2.6960e-23
9736.00   4.2941e-20
9738.00   6.6032e-20
9740.00   8.2297e-23
9742.00   2.6688e-19
9744.00   2.6805e-19
9746.00   4.1705e-19
9748.00   3.1561e-20
9750.00   3.7679e-20
9752.00   4.0152e-26
9754.00   5.0842e-23
9756.00   4.2228e-20
9758.00   2.9364e-28
9760.00   4.7926e-24
9762.00   1.7226e-26
9764.00   3.2106e-19
9766.00   5.1082e-19
9768.00   9.9146e-22
9770.00   5.7250e-23
9772.00   2.2091e-23
9774.00   4.4110e-25
9776.00   1.4484e-26
9778.00   1.0429e-24
9780.00   4.3300e-22
9782.00   2.7075e-20
9784.00   4.7036e-29
9786.00   2.7988e-25
9788.00   5.5153e-19
9790.00   2.3036e-22
9792.00   5.4852e-25
9794.00   2.3834e-23
9796.00   2.3923e-19
9798.00   3.1613e-21
9800.00   1.5518e-20
9802.00   8.8300e-25
9804.00   9.4163e-23
9806.00   3.4920e-20
9808.00   1.5938e-20
9810.00   3.5211e-22
9812.00   7.5255e-18
9814.00   2.4523e-25
9816.00   6.1120e-20
9818.00   3.1310e-25
9820.00   2.5457e-23
9822.00   8.3824e-24
9824.00   1.2516e-23
9826.00   1.9162e-19
9828.00   3.9999e-21
9830.00   1.0343e-22
9832.00   2.7063e-30
9834.00   8.7763e-27
9836.00   8.3763e-26
9838.00   5.3681e-21
9840.00   8.0354e-28
9842.00   8.7084e-21
9844.00   6.7915e-18
9846.00   3.7587e-23
9848.00   1.2610e-19
9850.00   1.5804e-19
9852.00   1.7620e-25
9854.00   1.2969e-24
9856.00   5.6799e-26
9858.00   4.5319e-22
9860.00   4.3072e-23
9862.00   4.3780e-21
9864.00   4.2094e-24
9866.00   2.5911e-25
9868.00   8.9694e-19
9870.00   1.4286e-23
9872.00   1.0382e-21
9874.00   3.4401e-21
9876.00   3.2843e-21
9878.00   9.3769e-26
9880.00   3.8045e-19
9882.00   2.1079e-19
9884.00   3.0769e-23
9886.00   1.9511e-25
9888.00   1.8669e-24
9890.00   8.6479e-27
9892.00   3.3216e-23
9894.00   4.7492e-18
9896.00   5.9777e-19
9898.00   8.4670e-23
9900.00   8.3251e-20
9902.00   5.2643e-24
9904.00   1.1864e-19
9906.00   6.6093e-20
9908.00   1.6370e-19
9910.00   5.1874e-19
9912.00   2.4202e-19
9914.00   3.4845e-25
9916.00   2.9158e-23
9918.00   6.8734e-24
9920.00   9.0707e-20
9922.00   5.1577e-21
9924.00   8.2042e-21
9926.00   4.1067e-23
9928.00   1.6716e-27
9930.00   3.8376e-26
9932.00   1.2490e-20
9934.00   2.3020e-22
9936.00   1.0999e-22
9938.00   7.8332e-21
9940.00   1.3770e-22
9942.00   2.5151e-23
9944.00   4.1906e-23
9946.00   8.3702e-19
9948.00   6.4019e-25
9950.00   1.8249e-19
9952.00   4.6103e-26
9954.00   1.1829e-20
9956.00   2.3237e-17
9958.00   2.7976e-21
9960.00   7.0168e-25
9962.00   1.0241e-21
9964.00   2.7302e-27
9966.00   1.3263e-27
9968.00   5.3564e-23
9970.00   1.9386e-20
9972.00   2.7279e-22
9974.00   4.7821e-28
9976.00   2.4214e-19
9978.00   1.4331e-20
9980.00   1.0767e-25
9982.00   1.9279e-20
9984.00   2.2372e-20
9986.00   2.7657e-23
9988.00   6.5835e-29
9990.00   2.1157e-23
9992.00   3.6757e-20
9994.00   8.2162e-21
9996.00   8.5945e-22
9998.00   2.2342e-16
10000.00   4.6162e-25
