1000.00   4.1934e-16
1002.00   1.7617e-16
1004.00   1.4564e-16
1006.00   1.2066e-16
1008.00   8.1761e-17
1010.00   8.0433e-17
1012.00   2.7049e-17
1014.00   1.7066e-16
1016.00   6.5344e-17
1018.00   7.2089e-17
1020.00   1.5924e-16
1022.00   1.0053e-16
1024.00   2.7552e-17
1026.00   9.9874e-18
1028.00   4.2542e-17
1030.00   3.9843e-16
1032.00   4.7490e-16
1034.00   3.1120e-16
1036.00   1.1235e-16
1038.00   4.8543e-17
1040.00   1.8671e-17
1042.00   6.3506e-17
1044.00   3.6657e-16
1046.00   4.8565e-16
1048.00   9.6374e-18
1050.00   1.9267e-16
1052.00   1.6578e-16
1054.00   1.6713e-16
1056.00   1.3680e-15
1058.00   5.4379e-16
1060.00   1.8551e-15
1062.00   5.3988e-16
1064.00   3.0572e-15
1066.00   7.3365e-16
1068.00   4.0871e-15
1070.00   1.7580e-15
1072.00   2.3474e-15
1074.00   3.0438e-15
1076.00   3.7795e-15
1078.00   2.8297e-16
1080.00   3.0379e-16
1082.00   1.6232e-15
1084.00   3.2656e-16
1086.00   4.3218e-17
1088.00   1.8096e-15
1090.00   1.8679e-15
1092.00   7.4774e-16
1094.00   3.3845e-15
1096.00   8.4184e-16
1098.00   2.7682e-15
1100.00   4.0277e-15
1102.00   1.1380e-15
1104.00   4.3807e-16
1106.00   1.1355e-15
1108.00   1.1953e-15
1110.00   1.0567e-15
1112.00   1.6559e-15
1114.00   1.0539e-15
1116.00   9.8399e-16
1118.00   1.1083e-16
1120.00   4.0378e-16
1122.00   4.8788e-16
1124.00   1.2924e-15
1126.00   1.4273e-15
1128.00   8.2864e-16
1130.00   6.2467e-16
1132.00   1.3404e-15
1134.00   2.4386e-15
1136.00   4.2782e-16
1138.00   1.4591e-15
1140.00   1.1560e-15
1142.00   1.6508e-15
1144.00   5.2047e-15
1146.00   2.5846e-15
1148.00   6.3302e-15
1150.00   4.5917e-15
1152.00   2.5750e-15
1154.00   3.0681e-15
1156.00   6.4852e-16
1158.00   1.3029e-15
1160.00   2.8146e-15
1162.00   9.9292e-16
1164.00   7.8102e-16
1166.00   9.8543e-16
1168.00   1.0569e-15
1170.00   1.9966e-15
1172.00   1.6099e-15
1174.00   2.0232e-15
1176.00   5.1593e-16
1178.00   6.1026e-16
1180.00   1.3520e-16
1182.00   9.3725e-16
1184.00   1.9176e-15
1186.00   7.9624e-16
1188.00   2.0269e-15
1190.00   3.3966e-16
1192.00   1.0287e-15
1194.00   1.7160e-16
1196.00   2.2754e-16
1198.00   1.0795e-15
1200.00   1.0397e-15
1202.00   3.1686e-16
1204.00   2.6652e-16
1206.00   1.1898e-16
1208.00   5.8035e-16
1210.00   8.0711e-16
1212.00   9.3621e-16
1214.00   1.3905e-15
1216.00   5.2324e-16
1218.00   1.5536e-15
1220.00   8.7391e-16
1222.00   8.1817e-17
1224.00   5.4142e-16
1226.00   3.1958e-16
1228.00   7.4182e-16
1230.00   1.6464e-16
1232.00   6.6889e-16
1234.00   7.6661e-16
1236.00   4.4107e-16
1238.00   7.8013e-16
1240.00   7.1198e-16
1242.00   1.1031e-15
1244.00   6.7154e-16
1246.00   4.3623e-16
1248.00   1.1360e-15
1250.00   2.2464e-16
1252.00   7.6576e-16
1254.00   2.3509e-16
1256.00   1.1050e-15
1258.00   1.0916e-15
1260.00   1.9025e-16
1262.00   1.3514e-15
1264.00   7.3539e-16
1266.00   1.7845e-15
1268.00   1.1218e-15
1270.00   9.9902e-16
1272.00   1.2218e-15
1274.00   1.0285e-15
1276.00   9.9982e-16
1278.00   5.9928e-16
1280.00   1.0961e-15
1282.00   5.0160e-16
1284.00   4.2167e-16
1286.00   6.1630e-16
1288.00   8.8188e-16
1290.00   1.7116e-15
1292.00   7.1953e-16
1294.00   4.7252e-16
1296.00   1.2123e-15
1298.00   5.0250e-16
1300.00   6.9448e-16
1302.00   3.2349e-16
1304.00   4.6161e-16
1306.00   4.4270e-16
1308.00   5.4052e-16
1310.00   2.4335e-16
1312.00   3.3370e-16
1314.00   1.1217e-15
1316.00   6.1677e-16
1318.00   1.1631e-15
1320.00   1.1583e-15
1322.00   1.4678e-15
1324.00   6.2357e-16
1326.00   4.4520e-16
1328.00   9.4433e-16
1330.00   1.1083e-15
1332.00   1.1754e-15
1334.00   1.8526e-16
1336.00   1.4635e-16
1338.00   4.1803e-16
1340.00   1.4732e-15
1342.00   5.0506e-16
1344.00   3.7997e-16
1346.00   8.9440e-16
1348.00   3.5809e-16
1350.00   4.9926e-16
1352.00   9.3280e-16
1354.00   1.1271e-15
1356.00   4.9384e-16
1358.00   9.0475e-16
1360.00   1.3653e-15
1362.00   1.7156e-15
1364.00   1.3024e-15
1366.00   2.7131e-15
1368.00   1.2786e-15
1370.00   6.6068e-16
1372.00   2.3457e-15
1374.00   2.6892e-15
1376.00   1.5840e-15
1378.00   2.5473e-15
1380.00   1.8234e-15
1382.00   1.9089e-15
1384.00   1.8150e-15
1386.00   1.7409e-15
1388.00   1.8221e-15
1390.00   2.3127e-16
1392.00   1.1582e-15
1394.00   4.4380e-16
1396.00   1.7078e-15
1398.00   1.8256e-15
1400.00   3.1395e-15
1402.00   3.6618e-15
1404.00   1.7157e-15
1406.00   9.3638e-16
1408.00   1.9424e-15
1410.00   1.7395e-15
1412.00   1.0900e-15
1414.00   1.4719e-15
1416.00   6.3340e-15
1418.00   2.5536e-15
1420.00   1.2744e-15
1422.00   5.4128e-16
1424.00   7.3262e-16
1426.00   3.7310e-16
1428.00   1.1511e-15
1430.00   1.5092e-15
1432.00   1.1073e-15
1434.00   4.5036e-16
1436.00   1.7234e-15
1438.00   2.5929e-15
1440.00   2.0358e-15
1442.00   1.7618e-15
1444.00   7.8076e-16
1446.00   3.9637e-16
1448.00   6.5242e-16
1450.00   7.5002e-16
1452.00   1.1747e-15
1454.00   1.3740e-15
1456.00   8.5934e-16
1458.00   7.5639e-16
1460.00   2.7206e-16
1462.00   8.8376e-16
1464.00   1.4181e-15
1466.00   5.6749e-16
1468.00   1.0158e-15
1470.00   4.2162e-16
1472.00   2.5856e-16
1474.00   2.7220e-15
1476.00   6.9205e-16
1478.00   1.4781e-15
1480.00   1.8852e-15
1482.00   2.1947e-16
1484.00   1.4664e-15
1486.00   8.0368e-16
1488.00   1.1768e-15
1490.00   2.3260e-15
1492.00   1.1160e-15
1494.00   4.5806e-16
1496.00   1.6372e-15
1498.00   1.6348e-16
1500.00   2.5776e-16
1502.00   1.2321e-15
1504.00   1.1930e-15
1506.00   2.6232e-15
1508.00   2.1729e-15
1510.00   3.2348e-16
1512.00   2.2106e-15
1514.00   1.1010e-15
1516.00   8.2914e-16
1518.00   1.7475e-16
1520.00   9.0216e-16
1522.00   6.1813e-16
1524.00   3.8754e-16
1526.00   3.5386e-16
1528.00   2.3361e-16
1530.00   9.1180e-17
1532.00   2.0555e-16
1534.00   1.5318e-16
1536.00   1.1773e-16
1538.00   1.5457e-16
1540.00   3.6972e-16
1542.00   3.8435e-16
1544.00   3.0530e-16
1546.00   3.3238e-16
1548.00   2.0240e-16
1550.00   2.4823e-16
1552.00   3.8929e-16
1554.00   9.7319e-16
1556.00   6.3034e-16
1558.00   1.5119e-16
1560.00   1.2774e-15
1562.00   3.5414e-16
1564.00   8.8659e-16
1566.00   4.6897e-16
1568.00   5.9523e-16
1570.00   1.1537e-15
1572.00   9.4093e-16
1574.00   1.3864e-15
1576.00   1.2453e-16
1578.00   1.5581e-15
1580.00   9.6343e-16
1582.00   4.3441e-16
1584.00   6.0453e-16
1586.00   5.0464e-16
1588.00   6.8504e-16
1590.00   2.0220e-16
1592.00   3.8174e-16
1594.00   1.4942e-15
1596.00   2.9152e-16
1598.00   3.9249e-16
1600.00   8.1930e-16
1602.00   4.6663e-16
1604.00   3.9435e-16
1606.00   8.4746e-16
1608.00   1.6333e-15
1610.00   5.5437e-16
1612.00   2.0609e-16
1614.00   6.1473e-16
1616.00   1.7046e-16
1618.00   1.6441e-15
1620.00   2.5299e-16
1622.00   1.7826e-15
1624.00   6.4521e-16
1626.00   1.1103e-15
1628.00   3.2661e-16
1630.00   1.9370e-15
1632.00   2.0023e-15
1634.00   1.6254e-15
1636.00   3.3051e-15
1638.00   9.2156e-16
1640.00   2.4263e-15
1642.00   2.0405e-15
1644.00   8.9259e-16
1646.00   1.8460e-15
1648.00   1.4736e-15
1650.00   2.6262e-15
1652.00   4.4420e-16
1654.00   1.2768e-15
1656.00   2.4985e-16
1658.00   7.4336e-16
1660.00   8.3054e-16
1662.00   4.0085e-16
1664.00   5.0167e-16
1666.00   1.1252e-16
1668.00   9.0834e-16
1670.00   1.0949e-16
1672.00   3.2047e-17
1674.00   1.1231e-15
1676.00   8.9732e-16
1678.00   3.8667e-16
1680.00   7.8105e-16
1682.00   7.8767e-16
1684.00   6.3653e-16
1686.00   6.2674e-16
1688.00   4.2554e-16
1690.00   1.3964e-15
1692.00   4.8660e-16
1694.00   9.7427e-16
1696.00   6.1349e-16
1698.00   4.8449e-16
1700.00   8.8954e-16
1702.00   8.5587e-16
1704.00   3.7173e-16
1706.00   3.8033e-16
1708.00   1.9277e-15
1710.00   1.3051e-15
1712.00   5.3761e-16
1714.00   9.2903e-16
1716.00   1.6482e-15
1718.00   9.2408e-16
1720.00   1.1063e-15
1722.00   7.3812e-16
1724.00   8.3444e-16
1726.00   1.0807e-15
1728.00   5.6883e-16
1730.00   4.7860e-17
1732.00   9.9767e-16
1734.00   4.6246e-16
1736.00   1.9789e-16
1738.00   2.8764e-16
1740.00   2.5908e-17
1742.00   2.7361e-16
1744.00   3.4614e-17
1746.00   8.9311e-16
1748.00   3.2500e-16
1750.00   6.7867e-16
1752.00   1.8765e-17
1754.00   1.9409e-17
1756.00   9.7750e-17
1758.00   3.0259e-16
1760.00   5.4788e-16
1762.00   1.2568e-15
1764.00   2.7990e-16
1766.00   2.4313e-16
1768.00   1.6696e-16
1770.00   8.7423e-16
1772.00   9.1479e-16
1774.00   6.9747e-16
1776.00   8.6631e-16
1778.00   7.7793e-16
1780.00   7.4196e-17
1782.00   1.6883e-15
1784.00   2.2948e-16
1786.00   6.5821e-15
1788.00   4.0881e-15
1790.00   6.4162e-16
1792.00   9.8316e-16
1794.00   1.0531e-15
1796.00   4.5353e-16
1798.00   1.6877e-15
1800.00   6.3753e-17
1802.00   8.7658e-17
1804.00   1.2080e-15
1806.00   9.1387e-16
1808.00   3.6980e-16
1810.00   1.1374e-15
1812.00   2.1989e-16
1814.00   1.1633e-16
1816.00   9.1222e-16
1818.00   8.3283e-16
1820.00   6.6423e-17
1822.00   6.7415e-16
1824.00   8.1719e-16
1826.00   8.4053e-16
1828.00   1.2792e-15
1830.00   6.4293e-16
1832.00   6.6492e-16
1834.00   8.0968e-16
1836.00   8.7935e-16
1838.00   1.3268e-18
1840.00   1.7538e-16
1842.00   4.1717e-16
1844.00   1.0431e-15
1846.00   6.4251e-16
1848.00   1.1328e-15
1850.00   8.4133e-17
1852.00   7.7675e-16
1854.00   9.2340e-17
1856.00   7.0162e-16
1858.00   1.1140e-16
1860.00   3.9935e-16
1862.00   3.7154e-16
1864.00   1.1078e-15
1866.00   2.3634e-16
1868.00   4.0022e-16
1870.00   5.3656e-16
1872.00   7.6572e-16
1874.00   4.9787e-16
1876.00   5.7552e-16
1878.00   1.1194e-15
1880.00   1.5044e-15
1882.00   1.9483e-16
1884.00   6.5529e-16
1886.00   5.0184e-16
1888.00   1.1270e-15
1890.00   5.2842e-16
1892.00   5.5420e-16
1894.00   4.6553e-16
1896.00   5.3370e-16
1898.00   6.4488e-16
1900.00   6.8130e-16
1902.00   6.3477e-16
1904.00   7.8719e-16
1906.00   1.0372e-16
1908.00   5.5739e-17
1910.00   1.1752e-15
1912.00   1.1232e-15
1914.00   5.4258e-17
1916.00   7.1866e-16
1918.00   1.5380e-15
1920.00   3.2298e-16
1922.00   3.6005e-16
1924.00   4.0765e-17
1926.00   1.1509e-15
1928.00   8.4810e-16
1930.00   6.3135e-16
1932.00   8.4778e-16
1934.00   1.2952e-16
1936.00   1.8596e-15
1938.00   4.6652e-17
1940.00   9.6419e-16
1942.00   3.0880e-16
1944.00   1.5509e-15
1946.00   5.0382e-16
1948.00   1.9060e-15
1950.00   1.7197e-16
1952.00   7.5706e-16
1954.00   6.2300e-16
1956.00   9.4057e-16
1958.00   1.1408e-15
1960.00   3.7223e-17
1962.00   7.1514e-16
1964.00   8.6922e-16
1966.00   1.3451e-15
1968.00   1.4164e-15
1970.00   9.4819e-16
1972.00   7.1508e-16
1974.00   3.5462e-16
1976.00   1.3186e-15
1978.00   6.0388e-16
1980.00   1.2091e-16
1982.00   1.3334e-17
1984.00   1.0994e-15
1986.00   1.5823e-15
1988.00   7.4980e-16
1990.00   8.3220e-16
1992.00   1.2029e-16
1994.00   4.2496e-16
1996.00   9.0343e-16
1998.00   1.2311e-17
2000.00   2.0639e-15
2002.00   3.2527e-17
2004.00   1.2279e-15
2006.00   6.8579e-16
2008.00   1.5876e-15
2010.00   1.1433e-15
2012.00   3.7659e-16
2014.00   1.5263e-15
2016.00   1.3029e-15
2018.00   8.5444e-16
2020.00   1.0181e-15
2022.00   7.2827e-17
2024.00   9.3280e-16
2026.00   1.7151e-16
2028.00   8.9069e-16
2030.00   7.0725e-16
2032.00   1.6142e-15
2034.00   1.0161e-15
2036.00   7.6812e-16
2038.00   8.2580e-16
2040.00   1.8002e-15
2042.00   8.8580e-18
2044.00   1.1487e-15
2046.00   1.3883e-17
2048.00   9.8987e-16
2050.00   3.2662e-17
2052.00   9.2501e-16
2054.00   3.1358e-16
2056.00   9.6958e-16
2058.00   8.6996e-16
2060.00   5.5172e-17
2062.00   3.3726e-16
2064.00   9.5649e-16
2066.00   8.7679e-16
2068.00   5.8095e-16
2070.00   1.6910e-15
2072.00   1.0574e-15
2074.00   7.2282e-16
2076.00   2.8897e-16
2078.00   1.0730e-15
2080.00   9.2906e-16
2082.00   1.5799e-16
2084.00   1.8691e-16
2086.00   4.1641e-16
2088.00   1.4531e-15
2090.00   1.0560e-17
2092.00   5.6959e-16
2094.00   9.2276e-16
2096.00   2.4024e-16
2098.00   6.5516e-16
2100.00   6.7587e-16
2102.00   1.4177e-15
2104.00   1.4281e-17
2106.00   1.0276e-15
2108.00   1.4159e-15
2110.00   2.4145e-15
2112.00   1.0840e-17
2114.00   1.3302e-15
2116.00   2.0732e-15
2118.00   8.7538e-16
2120.00   1.1791e-15
2122.00   7.1347e-16
2124.00   2.1374e-17
2126.00   5.0487e-16
2128.00   9.1871e-16
2130.00   1.0790e-15
2132.00   1.8341e-15
2134.00   5.4761e-16
2136.00   1.0004e-15
2138.00   1.0658e-15
2140.00   2.9114e-16
2142.00   1.5652e-15
2144.00   1.3387e-16
2146.00   5.6557e-16
2148.00   1.0836e-15
2150.00   1.0322e-15
2152.00   9.1638e-16
2154.00   3.0762e-16
2156.00   5.5430e-16
2158.00   7.6972e-16
2160.00   5.8070e-16
2162.00   1.0674e-15
2164.00   1.0360e-15
2166.00   1.0469e-15
2168.00   1.7412e-15
2170.00   4.2119e-16
2172.00   1.5566e-16
2174.00   1.7490e-15
2176.00   6.7191e-16
2178.00   8.7970e-16
2180.00   5.5159e-16
2182.00   1.1559e-16
2184.00   1.4489e-15
2186.00   2.2076e-16
2188.00   1.1254e-15
2190.00   4.4883e-16
2192.00   6.0324e-16
2194.00   6.5942e-16
2196.00   3.6191e-16
2198.00   4.4557e-16
2200.00   2.1182e-17
2202.00   1.0017e-15
2204.00   6.9956e-16
2206.00   1.1119e-15
2208.00   7.8276e-16
2210.00   8.8816e-16
2212.00   1.2309e-15
2214.00   1.4171e-15
2216.00   9.3387e-16
2218.00   1.0508e-15
2220.00   1.2901e-15
2222.00   8.3516e-16
2224.00   1.6669e-15
2226.00   1.0844e-15
2228.00   1.4678e-15
2230.00   4.6633e-16
2232.00   1.0681e-15
2234.00   9.8609e-16
2236.00   6.6067e-16
2238.00   1.3396e-15
2240.00   9.9569e-16
2242.00   1.1943e-15
2244.00   1.1348e-15
2246.00   1.3153e-15
2248.00   5.0161e-16
2250.00   2.0320e-15
2252.00   9.8550e-16
2254.00   1.3092e-15
2256.00   1.9794e-15
2258.00   1.1619e-15
2260.00   1.2678e-15
2262.00   6.0253e-16
2264.00   1.3676e-15
2266.00   2.2331e-15
2268.00   1.3539e-15
2270.00   1.3515e-15
2272.00   1.6544e-15
2274.00   1.8805e-15
2276.00   2.2358e-15
2278.00   8.5489e-16
2280.00   1.2481e-15
2282.00   5.1271e-16
2284.00   1.3244e-15
2286.00   1.1040e-15
2288.00   1.2543e-15
2290.00   9.6693e-16
2292.00   1.6895e-16
2294.00   3.3178e-15
2296.00   7.9646e-16
2298.00   9.3912e-16
2300.00   7.3827e-16
2302.00   6.8411e-16
2304.00   2.3420e-15
2306.00   7.4788e-16
2308.00   2.7553e-15
2310.00   9.7253e-16
2312.00   2.1072e-15
2314.00   2.3044e-15
2316.00   5.8445e-17
2318.00   2.2360e-15
2320.00   3.0914e-18
2322.00   1.7411e-15
2324.00   5.2503e-16
2326.00   1.6851e-15
2328.00   2.1941e-15
2330.00   2.0040e-15
2332.00   3.2835e-15
2334.00   3.4287e-17
2336.00   3.8167e-17
2338.00   2.0627e-15
2340.00   1.9775e-15
2342.00   7.7744e-17
2344.00   2.9867e-15
2346.00   1.2676e-15
2348.00   2.4108e-15
2350.00   6.5560e-17
2352.00   2.2448e-15
2354.00   9.9870e-16
2356.00   1.6507e-15
2358.00   1.1598e-15
2360.00   3.5468e-15
2362.00   1.8101e-15
2364.00   3.2593e-15
2366.00   2.1619e-15
2368.00   1.6896e-15
2370.00   1.6202e-15
2372.00   3.2258e-16
2374.00   3.0128e-15
2376.00   1.6756e-15
2378.00   1.1691e-16
2380.00   2.7199e-15
2382.00   3.5191e-15
2384.00   1.2190e-15
2386.00   1.3030e-15
2388.00   2.7802e-15
2390.00   2.0581e-16
2392.00   1.6375e-15
2394.00   2.4604e-16
2396.00   3.3441e-15
2398.00   1.0044e-16
2400.00   2.9499e-15
2402.00   1.8348e-15
2404.00   2.9886e-15
2406.00   2.5159e-15
2408.00   1.4031e-16
2410.00   2.1697e-15
2412.00   1.3382e-15
2414.00   2.7508e-15
2416.00   2.1069e-15
2418.00   2.4705e-15
2420.00   1.1566e-15
2422.00   1.6690e-15
2424.00   3.5603e-15
2426.00   1.2393e-15
2428.00   3.6836e-15
2430.00   3.7231e-15
2432.00   2.6359e-15
2434.00   3.8371e-15
2436.00   1.7925e-15
2438.00   1.6727e-15
2440.00   3.1053e-15
2442.00   1.9874e-16
2444.00   1.5479e-15
2446.00   2.4124e-15
2448.00   1.3048e-15
2450.00   1.8298e-15
2452.00   1.4653e-15
2454.00   2.8926e-15
2456.00   1.8237e-15
2458.00   1.7644e-15
2460.00   1.9795e-15
2462.00   2.2894e-15
2464.00   5.0057e-15
2466.00   4.3140e-15
2468.00   1.8910e-15
2470.00   3.9631e-15
2472.00   2.1013e-15
2474.00   2.6452e-15
2476.00   1.6223e-15
2478.00   1.9882e-15
2480.00   1.7992e-15
2482.00   3.3573e-15
2484.00   9.6454e-16
2486.00   1.5219e-15
2488.00   2.1486e-15
2490.00   2.9881e-15
2492.00   6.0012e-16
2494.00   2.0257e-15
2496.00   9.9587e-16
2498.00   3.2212e-15
2500.00   1.5071e-15
2502.00   2.0148e-15
2504.00   2.2458e-15
2506.00   3.4394e-15
2508.00   1.0013e-15
2510.00   2.2270e-15
2512.00   2.3901e-15
2514.00   3.0555e-15
2516.00   4.6218e-16
2518.00   1.7085e-15
2520.00   2.7989e-15
2522.00   4.3743e-15
2524.00   3.4123e-16
2526.00   3.1141e-15
2528.00   4.6594e-16
2530.00   2.2615e-15
2532.00   2.9031e-16
2534.00   1.5325e-15
2536.00   1.3191e-15
2538.00   2.4797e-15
2540.00   3.0154e-15
2542.00   3.1357e-15
2544.00   2.1459e-15
2546.00   2.9740e-15
2548.00   1.2418e-15
2550.00   3.3420e-15
2552.00   8.5759e-16
2554.00   1.3244e-15
2556.00   1.4693e-15
2558.00   1.7767e-15
2560.00   2.1735e-15
2562.00   1.7743e-15
2564.00   1.2684e-15
2566.00   2.0130e-15
2568.00   1.6488e-15
2570.00   1.3192e-15
2572.00   6.6224e-16
2574.00   2.7119e-15
2576.00   3.6254e-16
2578.00   1.6459e-15
2580.00   1.1331e-16
2582.00   2.1726e-15
2584.00   4.0158e-16
2586.00   3.1360e-15
2588.00   2.1246e-15
2590.00   5.9812e-16
2592.00   2.1081e-15
2594.00   2.7601e-16
2596.00   4.9087e-16
2598.00   2.1145e-15
2600.00   3.5182e-15
2602.00   1.9587e-17
2604.00   3.5951e-16
2606.00   5.2910e-16
2608.00   2.9867e-15
2610.00   9.2882e-16
2612.00   3.3649e-15
2614.00   2.7757e-15
2616.00   1.2531e-17
2618.00   2.9567e-15
2620.00   1.4255e-15
2622.00   2.2280e-15
2624.00   7.4829e-16
2626.00   3.8091e-15
2628.00   2.7133e-15
2630.00   7.3298e-16
2632.00   3.5568e-15
2634.00   3.0474e-16
2636.00   1.0205e-15
2638.00   1.3287e-15
2640.00   1.3291e-15
2642.00   1.7802e-15
2644.00   8.6171e-16
2646.00   8.8589e-16
2648.00   5.9507e-17
2650.00   8.3989e-16
2652.00   2.2788e-15
2654.00   1.2738e-15
2656.00   4.6246e-17
2658.00   7.3282e-16
2660.00   7.9237e-16
2662.00   3.6865e-17
2664.00   1.8270e-15
2666.00   1.8184e-15
2668.00   1.3817e-16
2670.00   2.1855e-15
2672.00   1.3004e-16
2674.00   4.6743e-18
2676.00   1.5958e-16
2678.00   2.1267e-15
2680.00   2.0433e-16
2682.00   9.6568e-16
2684.00   1.8084e-15
2686.00   1.0827e-15
2688.00   7.3418e-18
2690.00   1.0674e-15
2692.00   1.9717e-15
2694.00   1.7948e-16
2696.00   3.9584e-17
2698.00   1.4173e-15
2700.00   1.0113e-15
2702.00   2.9530e-17
2704.00   2.1979e-15
2706.00   1.1649e-15
2708.00   7.5049e-16
2710.00   1.9697e-15
2712.00   1.1071e-15
2714.00   1.8247e-15
2716.00   2.4009e-15
2718.00   5.9882e-16
2720.00   7.3022e-16
2722.00   2.0067e-15
2724.00   2.0751e-15
2726.00   8.0379e-17
2728.00   1.9251e-15
2730.00   2.0866e-15
2732.00   1.0751e-15
2734.00   2.7368e-16
2736.00   1.8304e-15
2738.00   9.4128e-17
2740.00   2.4185e-15
2742.00   2.1913e-16
2744.00   2.2527e-15
2746.00   2.7047e-15
2748.00   3.4028e-16
2750.00   2.5431e-15
2752.00   1.1608e-15
2754.00   6.1445e-16
2756.00   3.2492e-15
2758.00   1.2655e-16
2760.00   8.6577e-16
2762.00   2.2361e-15
2764.00   1.0432e-15
2766.00   1.4042e-17
2768.00   2.8044e-15
2770.00   3.5141e-16
2772.00   2.4745e-15
2774.00   4.1553e-16
2776.00   1.8011e-15
2778.00   1.4983e-15
2780.00   1.1557e-15
2782.00   6.3941e-17
2784.00   9.8417e-16
2786.00   2.7482e-15
2788.00   1.2632e-15
2790.00   1.3523e-16
2792.00   1.3271e-16
2794.00   2.3400e-16
2796.00   1.4677e-16
2798.00   8.0683e-17
2800.00   4.6251e-16
2802.00   4.4975e-18
2804.00   6.8662e-17
2806.00   6.8214e-16
2808.00   3.9507e-17
2810.00   5.3462e-16
2812.00   3.7076e-16
2814.00   8.7647e-16
2816.00   1.3739e-17
2818.00   6.6591e-16
2820.00   1.7121e-15
2822.00   4.7824e-16
2824.00   1.4912e-15
2826.00   6.7491e-16
2828.00   2.1284e-15
2830.00   1.2622e-16
2832.00   2.1924e-15
2834.00   1.1460e-15
2836.00   2.3584e-16
2838.00   2.2046e-15
2840.00   2.9895e-15
2842.00   3.2260e-16
2844.00   1.5485e-15
2846.00   1.1455e-15
2848.00   3.0742e-15
2850.00   6.9916e-16
2852.00   9.5351e-17
2854.00   1.2369e-16
2856.00   2.1567e-15
2858.00   2.0257e-15
2860.00   2.5033e-16
2862.00   4.7953e-16
2864.00   1.6788e-15
2866.00   3.1579e-16
2868.00   2.2702e-15
2870.00   1.6401e-15
2872.00   1.4977e-15
2874.00   1.4582e-16
2876.00   6.4808e-17
2878.00   2.6824e-16
2880.00   1.5225e-15
2882.00   3.2461e-16
2884.00   9.6856e-16
2886.00   1.9224e-15
2888.00   1.8127e-15
2890.00   3.8188e-16
2892.00   5.6172e-16
2894.00   2.0150e-16
2896.00   1.5322e-15
2898.00   1.5764e-15
2900.00   1.3844e-17
2902.00   1.3971e-15
2904.00   6.5198e-18
2906.00   1.0275e-15
2908.00   6.6868e-16
2910.00   4.1662e-16
2912.00   2.2816e-17
2914.00   1.4428e-17
2916.00   8.3648e-16
2918.00   1.1827e-15
2920.00   4.2900e-16
2922.00   1.2844e-16
2924.00   2.1435e-16
2926.00   1.9176e-15
2928.00   3.3049e-18
2930.00   8.1165e-17
2932.00   7.5482e-17
2934.00   2.2887e-16
2936.00   5.7629e-17
2938.00   3.8897e-17
2940.00   9.6456e-16
2942.00   2.9501e-18
2944.00   1.6692e-15
2946.00   2.0002e-16
2948.00   1.7483e-15
2950.00   1.1582e-15
2952.00   1.3678e-16
2954.00   1.7971e-15
2956.00   1.9971e-17
2958.00   4.7858e-17
2960.00   1.3528e-15
2962.00   8.4091e-16
2964.00   5.4832e-16
2966.00   1.6412e-15
2968.00   1.0866e-16
2970.00   2.0184e-15
2972.00   4.2981e-16
2974.00   3.1605e-18
2976.00   1.1115e-15
2978.00   1.5742e-17
2980.00   1.8164e-15
2982.00   3.7672e-16
2984.00   2.0228e-15
2986.00   7.4979e-16
2988.00   2.6112e-17
2990.00   2.2166e-17
2992.00   1.1257e-16
2994.00   1.7162e-16
2996.00   1.7291e-18
2998.00   1.2832e-15
3000.00   9.9371e-17
3002.00   2.1497e-15
3004.00   2.3965e-17
3006.00   1.4502e-18
3008.00   4.9844e-19
3010.00   2.1493e-16
3012.00   7.5121e-18
3014.00   1.1333e-15
3016.00   7.7988e-17
3018.00   9.1028e-16
3020.00   3.4519e-16
3022.00   1.8686e-16
3024.00   2.4603e-16
3026.00   1.5174e-16
3028.00   5.5342e-17
3030.00   5.8096e-16
3032.00   5.7744e-18
3034.00   1.8607e-16
3036.00   1.7283e-16
3038.00   2.8462e-16
3040.00   4.2321e-17
3042.00   1.4328e-17
3044.00   1.8668e-15
3046.00   1.5451e-16
3048.00   5.3161e-16
3050.00   3.6033e-16
3052.00   1.2230e-17
3054.00   3.5502e-18
3056.00   4.9440e-16
3058.00   4.0191e-17
3060.00   1.4300e-18
3062.00   4.0889e-16
3064.00   5.7355e-19
3066.00   1.6245e-15
3068.00   5.3814e-16
3070.00   8.9315e-16
3072.00   2.5294e-16
3074.00   9.9847e-18
3076.00   1.7161e-15
3078.00   8.2826e-16
3080.00   4.7473e-16
3082.00   2.3886e-17
3084.00   4.9738e-16
3086.00   6.1922e-20
3088.00   1.9450e-20
3090.00   4.3932e-16
3092.00   4.2789e-19
3094.00   1.3496e-20
3096.00   1.7781e-15
3098.00   3.0732e-17
3100.00   2.1974e-19
3102.00   3.4050e-16
3104.00   9.7052e-18
3106.00   5.8012e-16
3108.00   2.3067e-17
3110.00   1.2511e-19
3112.00   2.0839e-19
3114.00   2.8892e-16
3116.00   3.4040e-16
3118.00   7.2021e-18
3120.00   5.6233e-17
3122.00   1.0376e-17
3124.00   7.0247e-20
3126.00   9.0077e-18
3128.00   5.0162e-19
3130.00   5.2680e-17
3132.00   3.6456e-16
3134.00   1.7867e-17
3136.00   1.0960e-16
3138.00   9.5459e-18
3140.00   2.4102e-17
3142.00   1.0856e-15
3144.00   7.7054e-17
3146.00   5.5921e-16
3148.00   1.4274e-19
3150.00   1.1542e-18
3152.00   1.5723e-17
3154.00   2.9737e-18
3156.00   2.4503e-16
3158.00   1.0472e-16
3160.00   1.8113e-17
3162.00   7.4238e-16
3164.00   1.8541e-15
3166.00   1.5743e-15
3168.00   7.5137e-18
3170.00   1.2415e-15
3172.00   6.1021e-20
3174.00   7.2176e-19
3176.00   1.9826e-18
3178.00   1.7033e-15
3180.00   4.7952e-18
3182.00   1.9508e-19
3184.00   1.6479e-15
3186.00   1.8979e-15
3188.00   1.1969e-16
3190.00   4.2268e-16
3192.00   1.5287e-15
3194.00   1.1110e-15
3196.00   2.2008e-15
3198.00   1.3716e-17
3200.00   4.5692e-20
3202.00   1.5128e-18
3204.00   6.5755e-16
3206.00   3.3436e-19
3208.00   5.7262e-18
3210.00   1.7053e-15
3212.00   5.1835e-17
3214.00   1.6544e-15
3216.00   7.0462e-18
3218.00   2.2297e-18
3220.00   6.7823e-18
3222.00   8.9986e-18
3224.00   1.9295e-16
3226.00   3.6504e-17
3228.00   1.7559e-15
3230.00   4.8694e-16
3232.00   1.2940e-15
3234.00   3.6826e-17
3236.00   2.0206e-18
3238.00   1.6797e-16
3240.00   1.1142e-17
3242.00   2.6296e-19
3244.00   1.6282e-15
3246.00   8.6546e-18
3248.00   1.5376e-15
3250.00   9.5773e-16
3252.00   6.2932e-16
3254.00   1.0531e-19
3256.00   1.5437e-15
3258.00   1.3664e-15
3260.00   1.1191e-15
3262.00   4.9822e-17
3264.00   3.5798e-16
3266.00   1.6026e-18
3268.00   4.0521e-16
3270.00   1.2350e-16
3272.00   2.3485e-19
3274.00   3.3944e-17
3276.00   1.2691e-17
3278.00   1.8519e-15
3280.00   2.7342e-17
3282.00   1.2248e-15
3284.00   4.9558e-17
3286.00   1.5135e-15
3288.00   2.9118e-17
3290.00   3.9541e-16
3292.00   1.4672e-17
3294.00   1.3612e-19
3296.00   1.1456e-15
3298.00   1.2625e-15
3300.00   2.1305e-17
3302.00   1.4898e-16
3304.00   2.1385e-16
3306.00   1.7045e-15
3308.00   1.8683e-20
3310.00   5.2226e-17
3312.00   1.5572e-15
3314.00   2.4282e-16
3316.00   6.1294e-18
3318.00   1.0032e-17
3320.00   2.7644e-17
3322.00   3.4984e-16
3324.00   1.7040e-16
3326.00   5.8318e-17
3328.00   4.2033e-16
3330.00   1.8624e-17
3332.00   1.5619e-18
3334.00   1.3282e-18
3336.00   4.2401e-16
3338.00   3.8557e-16
3340.00   1.1189e-18
3342.00   2.4523e-17
3344.00   1.2038e-18
3346.00   4.9046e-20
3348.00   2.7848e-19
3350.00   2.4637e-20
3352.00   2.1319e-18
3354.00   2.3901e-18
3356.00   2.0072e-18
3358.00   1.3985e-15
3360.00   1.6649e-16
3362.00   9.7874e-17
3364.00   1.7084e-17
3366.00   1.9483e-16
3368.00   2.3147e-17
3370.00   1.2909e-16
3372.00   7.4205e-16
3374.00   8.9320e-19
3376.00   1.4341e-16
3378.00   5.2254e-19
3380.00   3.8216e-16
3382.00   1.8617e-16
3384.00   1.8823e-18
3386.00   1.0119e-16
3388.00   3.2213e-18
3390.00   3.3580e-17
3392.00   4.9843e-16
3394.00   5.0540e-18
3396.00   9.8393e-17
3398.00   1.1763e-17
3400.00   1.8238e-18
3402.00   2.4301e-18
3404.00   3.7373e-18
3406.00   3.2797e-17
3408.00   4.4659e-19
3410.00   2.4675e-16
3412.00   1.9939e-18
3414.00   2.4364e-16
3416.00   3.1839e-16
3418.00   2.7946e-19
3420.00   8.1897e-17
3422.00   1.9243e-18
3424.00   8.0562e-19
3426.00   9.5743e-17
3428.00   1.0559e-16
3430.00   1.9296e-16
3432.00   2.4231e-18
3434.00   1.3833e-18
3436.00   1.1592e-15
3438.00   4.6757e-18
3440.00   5.4873e-17
3442.00   3.0078e-17
3444.00   5.4000e-17
3446.00   1.1652e-17
3448.00   2.7876e-18
3450.00   2.2356e-17
3452.00   1.1272e-15
3454.00   5.4702e-17
3456.00   7.7769e-16
3458.00   3.8983e-17
3460.00   1.8822e-18
3462.00   1.6590e-21
3464.00   1.0476e-16
3466.00   1.0518e-17
3468.00   1.3725e-19
3470.00   2.3946e-16
3472.00   3.4575e-17
3474.00   1.1738e-18
3476.00   4.0431e-16
3478.00   7.1810e-17
3480.00   8.8729e-17
3482.00   1.9766e-16
3484.00   1.8760e-16
3486.00   3.6697e-16
3488.00   3.6269e-19
3490.00   4.1633e-16
3492.00   1.5879e-19
3494.00   1.7013e-16
3496.00   1.3630e-16
3498.00   1.9327e-17
3500.00   1.9040e-16
3502.00   6.6594e-19
3504.00   8.6311e-17
3506.00   2.0644e-18
3508.00   7.4290e-17
3510.00   2.6982e-18
3512.00   1.3938e-17
3514.00   2.8337e-18
3516.00   5.4744e-17
3518.00   2.0697e-17
3520.00   8.6369e-18
3522.00   1.8192e-16
3524.00   3.9164e-19
3526.00   4.1240e-17
3528.00   4.7863e-17
3530.00   1.2971e-17
3532.00   2.4932e-17
3534.00   1.0217e-18
3536.00   1.0832e-16
3538.00   1.1157e-16
3540.00   1.3361e-17
3542.00   6.9079e-17
3544.00   6.4271e-18
3546.00   1.5321e-19
3548.00   2.9565e-17
3550.00   5.1572e-18
3552.00   1.0722e-17
3554.00   5.2081e-17
3556.00   2.5199e-16
3558.00   1.6754e-16
3560.00   1.3852e-17
3562.00   1.0208e-18
3564.00   3.9459e-17
3566.00   1.3850e-16
3568.00   3.2984e-18
3570.00   7.9209e-19
3572.00   9.4991e-19
3574.00   9.0703e-20
3576.00   1.0919e-17
3578.00   3.3964e-19
3580.00   1.9202e-19
3582.00   1.3467e-20
3584.00   3.9850e-18
3586.00   3.2089e-17
3588.00   1.6068e-17
3590.00   6.1236e-17
3592.00   1.3370e-19
3594.00   1.8623e-18
3596.00   5.7248e-20
3598.00   3.4347e-18
3600.00   3.0417e-18
3602.00   2.0171e-17
3604.00   8.0296e-19
3606.00   1.1957e-17
3608.00   1.4108e-18
3610.00   1.8621e-18
3612.00   5.1106e-19
3614.00   4.4504e-17
3616.00   3.3655e-19
3618.00   3.8362e-18
3620.00   1.1592e-18
3622.00   5.1063e-16
3624.00   3.1340e-16
3626.00   2.2101e-20
3628.00   8.7799e-18
3630.00   1.3485e-18
3632.00   4.3164e-19
3634.00   1.8433e-20
3636.00   7.2634e-17
3638.00   2.0970e-18
3640.00   1.3287e-19
3642.00   6.5894e-16
3644.00   1.8976e-18
3646.00   5.2584e-18
3648.00   1.0114e-18
3650.00   1.9787e-19
3652.00   3.7702e-20
3654.00   5.1730e-20
3656.00   1.0643e-15
3658.00   1.1049e-18
3660.00   5.5782e-19
3662.00   1.0891e-17
3664.00   1.1610e-19
3666.00   8.3413e-20
3668.00   1.4471e-19
3670.00   3.4482e-19
3672.00   8.9415e-20
3674.00   1.4743e-18
3676.00   4.7002e-19
3678.00   7.1138e-20
3680.00   3.2100e-18
3682.00   1.2140e-17
3684.00   1.1766e-19
3686.00   1.9148e-17
3688.00   7.0771e-19
3690.00   3.5179e-19
3692.00   1.0660e-19
3694.00   2.8123e-18
3696.00   2.8846e-18
3698.00   3.9773e-17
3700.00   2.5421e-18
3702.00   4.3482e-22
3704.00   1.2104e-18
3706.00   3.7992e-20
3708.00   1.7603e-19
3710.00   5.2406e-18
3712.00   2.2380e-17
3714.00   1.6731e-18
3716.00   1.4155e-18
3718.00   2.9176e-19
3720.00   9.3099e-18
3722.00   2.1632e-19
3724.00   7.8289e-18
3726.00   2.2085e-17
3728.00   1.6911e-16
3730.00   3.1716e-19
3732.00   1.3722e-19
3734.00   1.2249e-19
3736.00   5.7301e-20
3738.00   1.7998e-18
3740.00   9.8996e-20
3742.00   1.0984e-17
3744.00   4.4802e-18
3746.00   2.2342e-17
3748.00   2.1405e-16
3750.00   2.4809e-18
3752.00   1.6026e-20
3754.00   1.4743e-18
3756.00   6.9866e-17
3758.00   1.9108e-17
3760.00   2.5024e-16
3762.00   2.4294e-16
3764.00   4.8623e-16
3766.00   3.7703e-19
3768.00   7.9380e-19
3770.00   6.5607e-20
3772.00   2.3890e-19
3774.00   2.2121e-19
3776.00   1.9438e-19
3778.00   1.0006e-17
3780.00   5.4822e-17
3782.00   5.6482e-17
3784.00   1.7203e-16
3786.00   1.6547e-17
3788.00   1.3060e-18
3790.00   3.4245e-19
3792.00   1.8388e-19
3794.00   1.4712e-19
3796.00   7.6020e-19
3798.00   1.8429e-17
3800.00   2.4843e-19
3802.00   1.2563e-18
3804.00   1.8718e-18
3806.00   1.8337e-18
3808.00   6.2360e-18
3810.00   8.2214e-19
3812.00   7.6398e-19
3814.00   8.4244e-17
3816.00   5.9961e-21
3818.00   1.5454e-20
3820.00   1.8328e-18
3822.00   7.3638e-17
3824.00   7.1531e-16
3826.00   3.2168e-20
3828.00   8.6185e-17
3830.00   1.3205e-18
3832.00   9.3036e-21
3834.00   8.8954e-18
3836.00   3.0997e-19
3838.00   2.1706e-19
3840.00   4.0210e-19
3842.00   3.5454e-19
3844.00   4.5161e-19
3846.00   8.6518e-17
3848.00   4.7330e-19
3850.00   1.9200e-19
3852.00   1.4571e-19
3854.00   1.8153e-19
3856.00   8.1482e-19
3858.00   7.8062e-19
3860.00   5.5475e-19
3862.00   3.7171e-19
3864.00   3.6055e-18
3866.00   2.4617e-19
3868.00   1.3559e-19
3870.00   7.0430e-20
3872.00   3.5572e-16
3874.00   1.3045e-19
3876.00   6.8519e-19
3878.00   3.3085e-19
3880.00   4.2626e-19
3882.00   1.8224e-19
3884.00   1.7806e-18
3886.00   4.8016e-20
3888.00   6.9791e-21
3890.00   5.3043e-20
3892.00   1.1353e-20
3894.00   3.2592e-18
3896.00   2.1813e-17
3898.00   1.4458e-20
3900.00   2.1257e-19
3902.00   6.4632e-21
3904.00   7.6556e-18
3906.00   1.3613e-16
3908.00   6.2685e-17
3910.00   1.1937e-17
3912.00   7.4425e-19
3914.00   1.0452e-16
3916.00   2.3699e-18
3918.00   1.2955e-17
3920.00   1.2786e-17
3922.00   1.2239e-18
3924.00   3.0804e-18
3926.00   1.9750e-18
3928.00   5.9242e-18
3930.00   4.9017e-17
3932.00   6.6307e-18
3934.00   5.3989e-19
3936.00   5.5809e-17
3938.00   5.5893e-16
3940.00   1.8295e-18
3942.00   7.9718e-19
3944.00   7.0303e-19
3946.00   1.6671e-16
3948.00   2.1927e-19
3950.00   2.7051e-18
3952.00   5.4855e-18
3954.00   5.2098e-19
3956.00   1.4589e-19
3958.00   9.6348e-18
3960.00   2.1012e-17
3962.00   1.1457e-18
3964.00   6.1404e-17
3966.00   1.0349e-17
3968.00   6.4131e-19
3970.00   5.2249e-17
3972.00   5.8091e-19
3974.00   4.6796e-16
3976.00   1.1312e-17
3978.00   5.5509e-19
3980.00   4.6774e-19
3982.00   6.1282e-17
3984.00   3.8568e-18
3986.00   2.8602e-19
3988.00   1.9113e-19
3990.00   7.9940e-17
3992.00   1.8163e-18
3994.00   1.2960e-19
3996.00   2.0570e-17
3998.00   1.1513e-20
4000.00   1.5354e-18
4002.00   3.9875e-16
4004.00   1.3247e-17
4006.00   3.8848e-20
4008.00   3.4467e-17
4010.00   4.9175e-19
4012.00   6.7989e-18
4014.00   9.7652e-19
4016.00   1.7933e-18
4018.00   4.7740e-19
4020.00   5.5156e-19
4022.00   1.4533e-18
4024.00   1.0228e-16
4026.00   2.1144e-19
4028.00   4.4168e-19
4030.00   3.9800e-21
4032.00   4.0830e-19
4034.00   7.8046e-18
4036.00   3.5611e-19
4038.00   8.0252e-20
4040.00   1.6275e-18
4042.00   1.8418e-19
4044.00   3.9059e-19
4046.00   1.2784e-18
4048.00   3.7269e-19
4050.00   2.3254e-19
4052.00   7.2390e-19
4054.00   1.8646e-19
4056.00   1.2385e-19
4058.00   2.2272e-17
4060.00   3.3133e-19
4062.00   1.2189e-16
4064.00   2.9439e-18
4066.00   3.0837e-20
4068.00   3.3095e-18
4070.00   1.0355e-17
4072.00   4.6726e-20
4074.00   4.3897e-18
4076.00   2.8538e-17
4078.00   1.2157e-17
4080.00   3.5756e-19
4082.00   5.4147e-19
4084.00   3.4762e-19
4086.00   3.2344e-19
4088.00   2.2424e-17
4090.00   1.7650e-19
4092.00   1.8757e-18
4094.00   8.9630e-18
4096.00   7.0264e-20
4098.00   2.2474e-18
4100.00   5.3651e-20
4102.00   1.4908e-18
4104.00   4.5322e-18
4106.00   5.2024e-19
4108.00   7.1436e-18
4110.00   1.0782e-18
4112.00   3.7838e-17
4114.00   1.2203e-19
4116.00   7.5842e-20
4118.00   3.1458e-18
4120.00   6.6928e-18
4122.00   1.1628e-16
4124.00   1.9886e-17
4126.00   5.2478e-20
4128.00   1.3499e-16
4130.00   6.4827e-21
4132.00   1.2267e-18
4134.00   1.6029e-18
4136.00   8.2179e-19
4138.00   3.1757e-17
4140.00   1.5624e-18
4142.00   7.8944e-20
4144.00   8.4365e-18
4146.00   7.6655e-20
4148.00   1.7799e-18
4150.00   2.9731e-18
4152.00   6.3696e-18
4154.00   7.6937e-19
4156.00   1.5754e-19
4158.00   2.2510e-18
4160.00   9.9664e-18
4162.00   7.7998e-18
4164.00   1.3427e-18
4166.00   1.3179e-19
4168.00   4.6871e-18
4170.00   1.0356e-18
4172.00   7.1211e-18
4174.00   7.3681e-16
4176.00   2.8580e-18
4178.00   5.0346e-16
4180.00   1.3152e-16
4182.00   2.4624e-18
4184.00   1.0811e-17
4186.00   1.1129e-18
4188.00   3.4257e-19
4190.00   8.3842e-19
4192.00   2.8427e-20
4194.00   5.7566e-20
4196.00   7.1186e-19
4198.00   4.6034e-20
4200.00   7.9166e-19
4202.00   7.5052e-18
4204.00   5.2786e-20
4206.00   3.1526e-18
4208.00   2.0481e-19
4210.00   5.7441e-18
4212.00   1.3668e-18
4214.00   9.2740e-19
4216.00   2.0195e-20
4218.00   5.4557e-19
4220.00   4.4314e-19
4222.00   1.2838e-18
4224.00   1.3530e-18
4226.00   9.5185e-19
4228.00   5.0297e-19
4230.00   5.0088e-21
4232.00   9.7206e-19
4234.00   1.3790e-15
4236.00   4.2632e-19
4238.00   2.1681e-18
4240.00   1.2250e-19
4242.00   2.1694e-18
4244.00   9.0010e-18
4246.00   3.0382e-21
4248.00   9.8355e-17
4250.00   1.0800e-18
4252.00   4.6977e-19
4254.00   4.6636e-19
4256.00   2.0759e-17
4258.00   9.3204e-17
4260.00   2.8208e-19
4262.00   8.9877e-20
4264.00   4.2156e-19
4266.00   2.2123e-19
4268.00   1.4602e-18
4270.00   2.6367e-18
4272.00   1.8423e-20
4274.00   2.1051e-16
4276.00   3.8275e-18
4278.00   4.8753e-17
4280.00   2.3280e-19
4282.00   1.0577e-18
4284.00   3.1813e-20
4286.00   1.5043e-18
4288.00   5.8218e-18
4290.00   1.2997e-19
4292.00   3.5116e-17
4294.00   4.2906e-20
4296.00   2.5356e-16
4298.00   6.1931e-20
4300.00   1.1162e-17
4302.00   1.9145e-17
4304.00   7.4423e-16
4306.00   1.1184e-18
4308.00   1.2559e-21
4310.00   2.0076e-19
4312.00   1.3773e-18
4314.00   2.1353e-16
4316.00   7.1367e-20
4318.00   6.0146e-19
4320.00   2.5415e-18
4322.00   4.7508e-19
4324.00   8.4590e-20
4326.00   5.6210e-17
4328.00   1.7528e-18
4330.00   4.8472e-19
4332.00   6.3427e-16
4334.00   5.4180e-20
4336.00   5.9681e-20
4338.00   3.8319e-17
4340.00   1.8738e-17
4342.00   7.3268e-19
4344.00   2.8782e-17
4346.00   2.0988e-18
4348.00   7.5851e-19
4350.00   4.0651e-19
4352.00   9.6199e-16
4354.00   8.8880e-19
4356.00   6.1493e-19
4358.00   8.5754e-17
4360.00   1.0660e-17
4362.00   3.5493e-17
4364.00   2.4854e-19
4366.00   5.7719e-19
4368.00   5.9743e-20
4370.00   5.9205e-17
4372.00   1.1638e-15
4374.00   2.4322e-19
4376.00   3.5675e-18
4378.00   2.5691e-18
4380.00   2.0390e-18
4382.00   2.5998e-19
4384.00   1.9176e-16
4386.00   5.8656e-16
4388.00   4.9224e-19
4390.00   1.3925e-20
4392.00   2.4437e-19
4394.00   2.1771e-19
4396.00   1.4256e-19
4398.00   4.1618e-16
4400.00   1.1769e-18
4402.00   1.4436e-17
4404.00   1.4981e-20
4406.00   2.7746e-19
4408.00   9.0353e-20
4410.00   2.4284e-18
4412.00   6.9996e-20
4414.00   9.5178e-16
4416.00   6.3180e-16
4418.00   4.5380e-19
4420.00   2.4787e-19
4422.00   1.9605e-18
4424.00   8.9228e-19
4426.00   1.4204e-19
4428.00   9.1901e-21
4430.00   1.3277e-18
4432.00   7.9243e-19
4434.00   4.7519e-19
4436.00   1.2261e-18
4438.00   2.2432e-19
4440.00   1.1051e-16
4442.00   8.9243e-19
4444.00   1.2249e-17
4446.00   1.7691e-18
4448.00   2.6620e-18
4450.00   1.7050e-18
4452.00   6.9869e-17
4454.00   1.9175e-18
4456.00   3.4628e-17
4458.00   5.7441e-19
4460.00   7.1924e-20
4462.00   4.5449e-17
4464.00   1.7561e-19
4466.00   6.1901e-18
4468.00   1.1327e-19
4470.00   1.3553e-19
4472.00   2.2515e-16
4474.00   1.6898e-17
4476.00   5.5736e-20
4478.00   2.1546e-19
4480.00   1.5525e-17
4482.00   2.4688e-21
4484.00   3.1730e-20
4486.00   8.8815e-20
4488.00   9.4321e-19
4490.00   6.0106e-16
4492.00   2.9987e-16
4494.00   1.4523e-18
4496.00   1.0846e-19
4498.00   5.6517e-20
4500.00   3.2269e-19
4502.00   7.2905e-19
4504.00   2.3393e-18
4506.00   3.8694e-19
4508.00   8.1753e-16
4510.00   5.2195e-18
4512.00   1.1622e-18
4514.00   1.3553e-19
4516.00   3.3637e-16
4518.00   1.2184e-19
4520.00   6.6066e-16
4522.00   9.3915e-16
4524.00   5.5276e-18
4526.00   1.6982e-17
4528.00   8.8394e-20
4530.00   5.5658e-18
4532.00   1.1808e-19
4534.00   1.3980e-16
4536.00   1.5697e-19
4538.00   7.7385e-19
4540.00   1.3150e-20
4542.00   6.6136e-16
4544.00   1.6237e-19
4546.00   4.0556e-19
4548.00   1.3607e-19
4550.00   9.8478e-16
4552.00   3.2175e-20
4554.00   1.4368e-19
4556.00   5.0536e-16
4558.00   1.0599e-20
4560.00   2.0578e-19
4562.00   9.3587e-20
4564.00   1.5068e-18
4566.00   4.7388e-21
4568.00   4.0909e-19
4570.00   1.6618e-19
4572.00   7.0263e-20
4574.00   1.2805e-20
4576.00   7.8267e-16
4578.00   4.6692e-18
4580.00   4.8121e-17
4582.00   1.0780e-16
4584.00   1.1422e-15
4586.00   4.3150e-18
4588.00   2.5520e-19
4590.00   9.9283e-19
4592.00   2.6420e-18
4594.00   2.5732e-18
4596.00   2.0182e-16
4598.00   3.5179e-17
4600.00   1.7859e-22
4602.00   1.0510e-18
4604.00   1.1640e-18
4606.00   1.2607e-18
4608.00   3.1918e-20
4610.00   4.7630e-19
4612.00   6.2601e-18
4614.00   2.2176e-18
4616.00   3.4432e-20
4618.00   4.8356e-20
4620.00   8.2116e-16
4622.00   5.6656e-19
4624.00   5.0076e-19
4626.00   1.2129e-18
4628.00   5.4803e-18
4630.00   9.1976e-16
4632.00   1.3575e-18
4634.00   4.1312e-18
4636.00   1.3482e-19
4638.00   2.4686e-18
4640.00   4.6531e-19
4642.00   9.7488e-20
4644.00   1.9055e-18
4646.00   1.0648e-20
4648.00   1.9106e-16
4650.00   3.8368e-20
4652.00   3.8033e-19
4654.00   8.6313e-21
4656.00   8.5895e-18
4658.00   8.4185e-19
4660.00   5.7175e-20
4662.00   1.0842e-19
4664.00   5.3244e-18
4666.00   2.9813e-16
4668.00   2.0048e-19
4670.00   2.3796e-17
4672.00   6.4291e-21
4674.00   2.1819e-21
4676.00   3.5048e-19
4678.00   1.0955e-19
4680.00   6.6683e-21
4682.00   2.0700e-21
4684.00   1.7879e-19
4686.00   2.1091e-19
4688.00   2.8955e-19
4690.00   1.7195e-20
4692.00   7.4676e-20
4694.00   1.7707e-20
4696.00   8.2986e-19
4698.00   2.4104e-19
4700.00   1.4486e-19
4702.00   1.1898e-19
4704.00   7.7917e-20
4706.00   1.1954e-19
4708.00   1.9892e-19
4710.00   9.8399e-19
4712.00   4.0081e-22
4714.00   1.9915e-18
4716.00   1.2415e-19
4718.00   3.6737e-19
4720.00   7.0011e-18
4722.00   1.7713e-19
4724.00   2.3310e-19
4726.00   3.0193e-20
4728.00   4.8654e-18
4730.00   2.8352e-19
4732.00   3.7793e-17
4734.00   4.2686e-20
4736.00   2.1103e-21
4738.00   2.0000e-18
4740.00   3.3717e-20
4742.00   3.7842e-20
4744.00   1.2146e-17
4746.00   1.2629e-18
4748.00   6.9710e-20
4750.00   7.2059e-19
4752.00   2.5615e-20
4754.00   1.6301e-19
4756.00   8.1745e-19
4758.00   1.4478e-19
4760.00   7.2272e-18
4762.00   2.6868e-20
4764.00   8.0230e-20
4766.00   1.6321e-20
4768.00   6.5496e-20
4770.00   1.0763e-20
4772.00   5.9010e-20
4774.00   6.4356e-19
4776.00   4.3701e-20
4778.00   2.4521e-18
4780.00   5.6158e-20
4782.00   1.0780e-20
4784.00   2.9135e-20
4786.00   6.7340e-21
4788.00   1.2106e-21
4790.00   3.7209e-19
4792.00   9.9584e-20
4794.00   2.5047e-21
4796.00   1.2164e-20
4798.00   1.8998e-19
4800.00   2.8419e-21
4802.00   8.9632e-20
4804.00   2.2641e-19
4806.00   5.4079e-20
4808.00   5.9614e-19
4810.00   6.5171e-18
4812.00   4.0227e-20
4814.00   1.4807e-18
4816.00   1.1292e-18
4818.00   3.1401e-19
4820.00   4.1601e-21
4822.00   5.9682e-20
4824.00   1.3491e-18
4826.00   2.2255e-17
4828.00   6.8485e-21
4830.00   7.0261e-19
4832.00   1.6051e-17
4834.00   1.8059e-17
4836.00   7.7838e-19
4838.00   1.0391e-19
4840.00   3.0040e-17
4842.00   6.1197e-19
4844.00   1.7050e-18
4846.00   1.2935e-18
4848.00   8.0561e-18
4850.00   3.0323e-20
4852.00   6.9572e-20
4854.00   4.2031e-20
4856.00   4.5792e-18
4858.00   3.9682e-20
4860.00   1.0676e-19
4862.00   3.0896e-20
4864.00   1.3508e-20
4866.00   2.5245e-18
4868.00   2.4402e-17
4870.00   9.9491e-18
4872.00   8.3492e-18
4874.00   9.1163e-19
4876.00   1.1272e-18
4878.00   1.6783e-19
4880.00   3.9880e-19
4882.00   1.5597e-22
4884.00   2.4423e-20
4886.00   3.2063e-18
4888.00   1.3794e-20
4890.00   3.5275e-18
4892.00   2.0519e-18
4894.00   8.0729e-18
4896.00   2.9973e-18
4898.00   4.2403e-19
4900.00   2.3336e-19
4902.00   7.2751e-18
4904.00   5.4126e-18
4906.00   1.0846e-18
4908.00   1.0755e-21
4910.00   1.1124e-20
4912.00   4.5897e-19
4914.00   4.7732e-21
4916.00   3.2548e-20
4918.00   1.3222e-19
4920.00   1.4416e-19
4922.00   1.1151e-18
4924.00   1.3972e-15
4926.00   3.4083e-20
4928.00   3.2491e-19
4930.00   4.9432e-21
4932.00   6.8384e-19
4934.00   7.1725e-20
4936.00   2.4142e-19
4938.00   3.6538e-20
4940.00   4.7740e-20
4942.00   1.8402e-20
4944.00   2.6837e-19
4946.00   4.0781e-19
4948.00   2.3310e-18
4950.00   1.3249e-18
4952.00   4.4970e-18
4954.00   1.4784e-17
4956.00   3.7291e-22
4958.00   3.3241e-20
4960.00   1.0446e-19
4962.00   7.9824e-20
4964.00   8.4238e-21
4966.00   8.0602e-21
4968.00   1.0083e-18
4970.00   1.2463e-18
4972.00   6.5063e-20
4974.00   9.6513e-19
4976.00   9.6270e-18
4978.00   1.4593e-20
4980.00   3.5944e-19
4982.00   1.1229e-20
4984.00   1.6167e-21
4986.00   2.6135e-21
4988.00   3.6680e-18
4990.00   5.2956e-21
4992.00   4.2511e-18
4994.00   2.3597e-17
4996.00   6.1970e-20
4998.00   3.2377e-18
5000.00   7.4058e-18
5002.00   6.8875e-20
5004.00   6.9354e-20
5006.00   2.5572e-18
5008.00   5.0916e-21
5010.00   1.9103e-21
5012.00   1.1298e-21
5014.00   3.9131e-19
5016.00   3.1347e-18
5018.00   1.7642e-15
5020.00   1.1551e-17
5022.00   1.1945e-18
5024.00   1.8009e-20
5026.00   1.0263e-19
5028.00   2.8902e-20
5030.00   4.8413e-19
5032.00   2.1106e-21
5034.00   5.1640e-21
5036.00   5.5355e-19
5038.00   1.9649e-21
5040.00   4.0890e-19
5042.00   4.0571e-20
5044.00   1.0082e-18
5046.00   1.0399e-17
5048.00   1.0096e-18
5050.00   1.2634e-18
5052.00   3.7923e-20
5054.00   6.5036e-20
5056.00   1.9282e-19
5058.00   7.9652e-21
5060.00   5.8694e-19
5062.00   1.7333e-19
5064.00   2.9319e-20
5066.00   1.3867e-17
5068.00   1.2155e-21
5070.00   1.1107e-19
5072.00   2.6928e-18
5074.00   1.3454e-17
5076.00   1.7804e-18
5078.00   3.7063e-20
5080.00   1.1785e-19
5082.00   3.4692e-21
5084.00   2.0219e-19
5086.00   3.5293e-18
5088.00   8.9971e-21
5090.00   2.0528e-19
5092.00   5.7957e-22
5094.00   5.6888e-18
5096.00   8.1630e-19
5098.00   4.1889e-21
5100.00   1.0752e-16
5102.00   5.4674e-19
5104.00   6.0895e-21
5106.00   6.4963e-20
5108.00   5.2717e-19
5110.00   1.0395e-19
5112.00   1.5976e-18
5114.00   1.9341e-22
5116.00   8.1985e-21
5118.00   1.1586e-21
5120.00   7.7243e-18
5122.00   7.6130e-20
5124.00   9.7705e-19
5126.00   2.0242e-18
5128.00   2.6984e-17
5130.00   2.4664e-19
5132.00   1.2189e-17
5134.00   1.9167e-19
5136.00   9.9167e-18
5138.00   9.6574e-21
5140.00   6.0121e-21
5142.00   6.2969e-21
5144.00   6.1080e-20
5146.00   2.0500e-17
5148.00   4.8306e-20
5150.00   7.4074e-18
5152.00   3.1349e-21
5154.00   1.6139e-17
5156.00   2.5310e-20
5158.00   1.1771e-17
5160.00   4.2791e-17
5162.00   7.3342e-18
5164.00   5.7509e-19
5166.00   4.6351e-20
5168.00   1.5900e-19
5170.00   1.7124e-15
5172.00   1.7298e-17
5174.00   1.1922e-22
5176.00   4.8707e-21
5178.00   1.0907e-18
5180.00   9.1779e-19
5182.00   1.7199e-18
5184.00   1.0858e-18
5186.00   2.2618e-19
5188.00   5.8803e-20
5190.00   5.4834e-22
5192.00   2.7472e-18
5194.00   3.7719e-20
5196.00   2.6447e-22
5198.00   9.2085e-16
5200.00   3.6367e-20
5202.00   2.3770e-22
5204.00   3.1430e-20
5206.00   6.3383e-19
5208.00   3.1331e-21
5210.00   3.0976e-19
5212.00   2.6414e-20
5214.00   1.3204e-19
5216.00   2.6586e-19
5218.00   1.9348e-18
5220.00   2.3551e-19
5222.00   1.4031e-21
5224.00   1.8574e-20
5226.00   9.0844e-20
5228.00   7.8273e-18
5230.00   4.7475e-23
5232.00   3.6283e-19
5234.00   9.7530e-16
5236.00   1.3604e-18
5238.00   3.7185e-18
5240.00   1.0782e-18
5242.00   2.0057e-20
5244.00   5.2474e-19
5246.00   2.6209e-19
5248.00   3.3751e-20
5250.00   3.9511e-19
5252.00   1.5773e-18
5254.00   2.6089e-16
5256.00   4.9022e-17
5258.00   2.1813e-18
5260.00   1.0048e-18
5262.00   5.2654e-18
5264.00   8.0615e-17
5266.00   9.8689e-23
5268.00   9.0179e-19
5270.00   1.2720e-19
5272.00   1.0998e-16
5274.00   3.0549e-18
5276.00   1.1408e-15
5278.00   2.8591e-18
5280.00   2.0095e-19
5282.00   2.7806e-20
5284.00   1.3555e-15
5286.00   4.8089e-19
5288.00   1.0955e-19
5290.00   1.0252e-19
5292.00   8.3042e-19
5294.00   1.3727e-18
5296.00   3.3188e-19
5298.00   6.6954e-19
5300.00   2.2025e-19
5302.00   7.5997e-20
5304.00   1.1638e-18
5306.00   2.1009e-21
5308.00   1.1699e-19
5310.00   5.0998e-20
5312.00   1.3849e-20
5314.00   3.3637e-18
5316.00   1.3758e-15
5318.00   4.9871e-21
5320.00   8.6353e-19
5322.00   5.8973e-20
5324.00   2.8812e-18
5326.00   3.2582e-16
5328.00   6.3453e-20
5330.00   5.3186e-20
5332.00   1.9218e-20
5334.00   2.7754e-18
5336.00   2.6999e-19
5338.00   1.7908e-17
5340.00   5.6892e-19
5342.00   3.2377e-20
5344.00   1.6030e-20
5346.00   9.7712e-18
5348.00   2.3195e-19
5350.00   3.6587e-19
5352.00   2.2606e-19
5354.00   5.7045e-19
5356.00   2.7308e-20
5358.00   3.1224e-18
5360.00   1.9444e-20
5362.00   2.3748e-16
5364.00   6.3899e-20
5366.00   2.9405e-19
5368.00   7.7720e-20
5370.00   2.0515e-19
5372.00   5.6897e-20
5374.00   1.8316e-21
5376.00   2.3532e-18
5378.00   9.8765e-20
5380.00   4.2081e-19
5382.00   1.6989e-18
5384.00   1.6807e-19
5386.00   8.6698e-20
5388.00   1.4243e-19
5390.00   2.1568e-20
5392.00   4.4011e-21
5394.00   3.9195e-18
5396.00   3.4612e-19
5398.00   2.6954e-20
5400.00   2.8857e-20
5402.00   1.5013e-19
5404.00   4.4373e-20
5406.00   3.5361e-19
5408.00   1.8182e-18
5410.00   5.0974e-20
5412.00   3.8042e-19
5414.00   2.1662e-17
5416.00   1.3640e-19
5418.00   2.4240e-19
5420.00   2.3128e-19
5422.00   1.2939e-19
5424.00   1.0062e-19
5426.00   2.8231e-16
5428.00   5.8721e-17
5430.00   1.5230e-20
5432.00   4.7828e-18
5434.00   7.8524e-19
5436.00   4.2537e-19
5438.00   1.0229e-19
5440.00   4.3803e-18
5442.00   1.2281e-19
5444.00   2.2541e-19
5446.00   7.1788e-18
5448.00   1.4887e-20
5450.00   1.7042e-17
5452.00   7.8648e-19
5454.00   1.3544e-19
5456.00   2.9811e-20
5458.00   6.4623e-20
5460.00   9.5898e-20
5462.00   3.2206e-23
5464.00   1.5920e-22
5466.00   9.6506e-18
5468.00   1.7321e-18
5470.00   4.4476e-19
5472.00   4.9115e-20
5474.00   5.0356e-21
5476.00   9.1999e-21
5478.00   7.4323e-18
5480.00   2.5886e-20
5482.00   2.8620e-19
5484.00   6.1953e-19
5486.00   3.7142e-19
5488.00   9.9102e-19
5490.00   4.4992e-20
5492.00   6.3953e-22
5494.00   1.3973e-21
5496.00   2.5384e-19
5498.00   3.4557e-18
5500.00   2.2296e-18
5502.00   4.5004e-18
5504.00   9.4146e-20
5506.00   3.0445e-19
5508.00   8.5821e-19
5510.00   1.6668e-18
5512.00   8.8241e-22
5514.00   1.0509e-19
5516.00   3.9866e-20
5518.00   1.1100e-19
5520.00   1.1278e-18
5522.00   9.0795e-20
5524.00   9.5381e-22
5526.00   2.4316e-18
5528.00   4.9061e-19
5530.00   4.8853e-17
5532.00   6.0599e-18
5534.00   2.4629e-17
5536.00   2.7594e-20
5538.00   4.1598e-19
5540.00   1.6253e-19
5542.00   3.0261e-19
5544.00   1.0774e-17
5546.00   2.0114e-18
5548.00   9.7400e-20
5550.00   9.0464e-20
5552.00   1.4315e-19
5554.00   1.2237e-19
5556.00   2.1012e-19
5558.00   2.5231e-20
5560.00   1.3612e-19
5562.00   5.1951e-21
5564.00   7.7513e-23
5566.00   3.9222e-18
5568.00   3.2029e-17
5570.00   8.2287e-20
5572.00   1.7882e-19
5574.00   7.7159e-20
5576.00   4.3462e-22
5578.00   3.2569e-20
5580.00   2.3523e-19
5582.00   1.5126e-18
5584.00   3.3810e-20
5586.00   1.7834e-20
5588.00   2.4906e-17
5590.00   4.4747e-20
5592.00   6.2735e-19
5594.00   5.4945e-22
5596.00   2.4193e-19
5598.00   2.6306e-20
5600.00   9.9301e-20
5602.00   1.8203e-19
5604.00   2.3438e-21
5606.00   8.5036e-21
5608.00   8.5594e-19
5610.00   1.3694e-20
5612.00   7.7481e-19
5614.00   8.7696e-20
5616.00   1.1790e-19
5618.00   2.6946e-19
5620.00   8.2616e-20
5622.00   8.7647e-20
5624.00   2.0149e-17
5626.00   2.0587e-18
5628.00   1.8016e-17
5630.00   3.0854e-19
5632.00   6.6616e-19
5634.00   1.0627e-19
5636.00   1.9517e-22
5638.00   2.5064e-19
5640.00   5.3062e-20
5642.00   1.3791e-21
5644.00   1.3718e-18
5646.00   7.7335e-22
5648.00   1.2645e-20
5650.00   1.0774e-19
5652.00   5.4327e-18
5654.00   2.4429e-19
5656.00   1.0179e-18
5658.00   2.5549e-17
5660.00   1.9057e-20
5662.00   8.1272e-20
5664.00   5.4227e-19
5666.00   3.3776e-20
5668.00   2.9702e-20
5670.00   6.7986e-18
5672.00   8.8996e-22
5674.00   6.5850e-19
5676.00   2.9838e-19
5678.00   3.7310e-20
5680.00   7.7580e-21
5682.00   1.5743e-19
5684.00   6.0906e-21
5686.00   6.3090e-23
5688.00   4.5729e-22
5690.00   2.2844e-17
5692.00   1.5783e-19
5694.00   3.2468e-22
5696.00   3.1606e-19
5698.00   1.9525e-23
5700.00   1.4692e-18
5702.00   4.6989e-21
5704.00   3.0324e-19
5706.00   5.1511e-20
5708.00   1.3874e-19
5710.00   1.6722e-20
5712.00   1.8417e-19
5714.00   1.0483e-20
5716.00   6.0538e-19
5718.00   9.2019e-19
5720.00   7.3727e-22
5722.00   3.9889e-18
5724.00   3.1393e-21
5726.00   4.8465e-18
5728.00   7.9100e-20
5730.00   7.3597e-19
5732.00   5.5935e-18
5734.00   8.4616e-20
5736.00   1.6693e-22
5738.00   2.5129e-18
5740.00   2.6355e-21
5742.00   4.1177e-20
5744.00   7.8053e-19
5746.00   1.8688e-18
5748.00   1.3050e-18
5750.00   1.8085e-19
5752.00   2.1285e-20
5754.00   8.8936e-19
5756.00   1.0182e-19
5758.00   3.6291e-19
5760.00   3.8767e-19
5762.00   1.6455e-19
5764.00   1.2953e-20
5766.00   6.4824e-19
5768.00   6.0142e-20
5770.00   8.6891e-21
5772.00   1.0077e-20
5774.00   1.3401e-19
5776.00   5.6597e-20
5778.00   4.9425e-21
5780.00   2.8617e-18
5782.00   6.7419e-19
5784.00   1.6537e-19
5786.00   1.4744e-20
5788.00   6.0651e-21
5790.00   1.4304e-19
5792.00   8.0061e-20
5794.00   1.0397e-19
5796.00   4.8557e-18
5798.00   7.5565e-19
5800.00   3.7873e-20
5802.00   9.0864e-19
5804.00   5.3102e-19
5806.00   6.4147e-21
5808.00   3.0384e-19
5810.00   1.3614e-19
5812.00   5.0759e-19
5814.00   3.5960e-17
5816.00   2.4055e-21
5818.00   2.0416e-20
5820.00   6.0873e-26
5822.00   5.3540e-20
5824.00   2.9461e-18
5826.00   3.7243e-18
5828.00   6.1112e-21
5830.00   1.4449e-18
5832.00   8.3992e-19
5834.00   1.3483e-18
5836.00   2.6787e-17
5838.00   1.7477e-21
5840.00   2.9606e-21
5842.00   1.3682e-18
5844.00   9.1705e-21
5846.00   9.2732e-23
5848.00   4.8561e-20
5850.00   1.8248e-20
5852.00   7.9619e-20
5854.00   2.2732e-18
5856.00   1.9215e-19
5858.00   2.4835e-20
5860.00   6.5345e-19
5862.00   2.0712e-18
5864.00   2.0081e-18
5866.00   7.8166e-21
5868.00   1.7425e-19
5870.00   4.5139e-19
5872.00   2.0812e-21
5874.00   4.1635e-20
5876.00   2.6545e-20
5878.00   6.3225e-21
5880.00   4.6041e-19
5882.00   5.0747e-21
5884.00   1.1607e-20
5886.00   4.3623e-20
5888.00   7.8800e-21
5890.00   3.7407e-22
5892.00   5.6471e-18
5894.00   1.0220e-20
5896.00   9.8765e-20
5898.00   5.7549e-19
5900.00   1.7505e-20
5902.00   1.7656e-18
5904.00   2.0715e-19
5906.00   1.2576e-19
5908.00   9.6017e-20
5910.00   3.4041e-19
5912.00   2.1447e-22
5914.00   4.8818e-17
5916.00   2.2598e-21
5918.00   4.3208e-21
5920.00   4.2296e-20
5922.00   1.0953e-18
5924.00   8.9466e-19
5926.00   2.0618e-18
5928.00   6.1002e-22
5930.00   2.1847e-19
5932.00   5.6932e-18
5934.00   2.6047e-21
5936.00   1.1386e-22
5938.00   7.4535e-21
5940.00   8.6001e-20
5942.00   1.7330e-20
5944.00   5.6676e-19
5946.00   1.1508e-18
5948.00   2.6658e-20
5950.00   2.6465e-20
5952.00   3.3611e-17
5954.00   8.2854e-22
5956.00   1.7415e-18
5958.00   2.8529e-21
5960.00   1.2105e-20
5962.00   5.4462e-18
5964.00   5.4379e-21
5966.00   2.5694e-22
5968.00   3.9533e-18
5970.00   3.5812e-20
5972.00   3.4262e-19
5974.00   4.1700e-20
5976.00   1.1340e-20
5978.00   3.1521e-23
5980.00   2.0337e-21
5982.00   1.6647e-18
5984.00   9.3237e-20
5986.00   6.4070e-19
5988.00   1.9893e-20
5990.00   2.8258e-22
5992.00   5.5428e-17
5994.00   1.6387e-18
5996.00   6.4619e-20
5998.00   7.0315e-20
6000.00   2.8307e-22
6002.00   3.9823e-21
6004.00   5.3603e-19
6006.00   2.4630e-19
6008.00   3.0200e-21
6010.00   1.5526e-21
6012.00   2.5430e-20
6014.00   1.0587e-19
6016.00   1.3071e-18
6018.00   1.7523e-18
6020.00   1.5677e-21
6022.00   2.4557e-18
6024.00   1.2948e-19
6026.00   2.9435e-22
6028.00   4.9011e-20
6030.00   3.7889e-21
6032.00   1.0506e-18
6034.00   4.3492e-19
6036.00   1.1227e-19
6038.00   2.3755e-21
6040.00   1.2840e-18
6042.00   8.2515e-21
6044.00   3.0546e-18
6046.00   1.3729e-17
6048.00   8.1876e-19
6050.00   1.1029e-17
6052.00   4.4546e-22
6054.00   2.2564e-20
6056.00   1.0029e-22
6058.00   1.7741e-19
6060.00   8.4470e-18
6062.00   3.3330e-21
6064.00   7.3975e-19
6066.00   2.7990e-24
6068.00   2.5435e-18
6070.00   2.4121e-18
6072.00   5.1828e-20
6074.00   3.0712e-20
6076.00   1.1282e-21
6078.00   3.4014e-17
6080.00   3.9652e-19
6082.00   1.6397e-22
6084.00   2.6115e-17
6086.00   2.1768e-20
6088.00   1.4656e-18
6090.00   2.2781e-23
6092.00   5.7870e-20
6094.00   2.5521e-20
6096.00   9.4725e-20
6098.00   4.6419e-21
6100.00   2.5215e-19
6102.00   7.9822e-24
6104.00   1.8602e-17
6106.00   6.8452e-20
6108.00   1.0033e-19
6110.00   3.4816e-25
6112.00   2.3492e-21
6114.00   1.6104e-17
6116.00   4.8028e-18
6118.00   1.2229e-18
6120.00   2.8663e-18
6122.00   1.7278e-18
6124.00   2.2554e-22
6126.00   8.5111e-21
6128.00   8.7293e-26
6130.00   6.7507e-18
6132.00   1.5894e-20
6134.00   2.9010e-19
6136.00   1.8442e-20
6138.00   6.9778e-22
6140.00   7.5542e-22
6142.00   2.1320e-18
6144.00   5.6482e-22
6146.00   1.3885e-20
6148.00   1.7153e-16
6150.00   1.6860e-16
6152.00   2.0183e-19
6154.00   4.7009e-18
6156.00   1.5468e-18
6158.00   2.3350e-18
6160.00   5.3535e-19
6162.00   9.0993e-22
6164.00   1.9107e-18
6166.00   2.1344e-19
6168.00   4.0139e-22
6170.00   4.7490e-21
6172.00   2.1212e-17
6174.00   4.7584e-20
6176.00   3.0151e-17
6178.00   1.5919e-19
6180.00   2.9401e-17
6182.00   8.8222e-22
6184.00   1.8318e-18
6186.00   2.1855e-17
6188.00   1.2619e-19
6190.00   3.6722e-20
6192.00   3.6989e-20
6194.00   1.4527e-22
6196.00   3.9804e-19
6198.00   4.1715e-19
6200.00   1.3183e-17
6202.00   1.0694e-19
6204.00   6.6003e-19
6206.00   3.2080e-22
6208.00   1.7834e-21
6210.00   1.1063e-21
6212.00   9.2670e-24
6214.00   2.6413e-19
6216.00   1.0198e-20
6218.00   1.9807e-19
6220.00   1.0709e-18
6222.00   2.1880e-18
6224.00   2.9500e-22
6226.00   3.8213e-26
6228.00   3.5730e-20
6230.00   2.5084e-18
6232.00   1.8559e-19
6234.00   1.1544e-17
6236.00   2.0506e-20
6238.00   2.1158e-16
6240.00   3.8661e-17
6242.00   1.9270e-21
6244.00   2.6867e-19
6246.00   9.1927e-21
6248.00   3.7051e-16
6250.00   2.2999e-24
6252.00   1.2028e-21
6254.00   7.5933e-23
6256.00   4.6894e-19
6258.00   4.6049e-20
6260.00   2.8953e-19
6262.00   2.0339e-19
6264.00   6.7165e-18
6266.00   2.4670e-21
6268.00   3.1171e-21
6270.00   1.9619e-19
6272.00   1.7205e-19
6274.00   2.1014e-18
6276.00   8.3216e-21
6278.00   5.8891e-22
6280.00   1.5583e-18
6282.00   3.7779e-21
6284.00   3.0100e-22
6286.00   2.2033e-23
6288.00   6.2740e-22
6290.00   7.7315e-18
6292.00   3.0103e-20
6294.00   9.6252e-20
6296.00   9.3340e-22
6298.00   7.0937e-20
6300.00   1.2200e-20
6302.00   1.2416e-20
6304.00   1.8174e-21
6306.00   2.7690e-17
6308.00   2.3535e-18
6310.00   2.0145e-19
6312.00   2.7121e-23
6314.00   8.6302e-21
6316.00   1.3230e-19
6318.00   9.8806e-17
6320.00   5.1587e-18
6322.00   1.6365e-19
6324.00   1.2785e-22
6326.00   5.5705e-19
6328.00   1.3601e-19
6330.00   7.5269e-22
6332.00   1.6303e-17
6334.00   8.2812e-24
6336.00   1.5787e-20
6338.00   1.4953e-18
6340.00   9.9239e-20
6342.00   1.0172e-20
6344.00   1.7170e-20
6346.00   7.3879e-19
6348.00   2.1920e-17
6350.00   2.6570e-18
6352.00   5.9604e-25
6354.00   1.3882e-19
6356.00   8.6726e-20
6358.00   1.2466e-20
6360.00   3.0971e-19
6362.00   2.6264e-19
6364.00   2.1099e-20
6366.00   2.3422e-20
6368.00   4.5573e-24
6370.00   2.4019e-17
6372.00   1.9077e-17
6374.00   7.7899e-21
6376.00   7.2972e-23
6378.00   1.7716e-21
6380.00   1.2113e-18
6382.00   5.4322e-20
6384.00   5.2717e-17
6386.00   1.3158e-17
6388.00   1.5613e-19
6390.00   6.5423e-21
6392.00   1.6771e-19
6394.00   9.9531e-20
6396.00   1.3072e-19
6398.00   2.2075e-19
6400.00   1.1778e-19
6402.00   5.9318e-19
6404.00   1.3070e-19
6406.00   4.8323e-20
6408.00   2.1289e-17
6410.00   2.1390e-18
6412.00   6.5270e-21
6414.00   1.6303e-24
6416.00   1.6941e-16
6418.00   6.5930e-20
6420.00   2.1357e-20
6422.00   4.0052e-20
6424.00   4.0077e-20
6426.00   1.8580e-22
6428.00   1.1749e-18
6430.00   1.9875e-21
6432.00   9.0705e-17
6434.00   2.3797e-18
6436.00   2.0017e-20
6438.00   9.0303e-23
6440.00   1.2093e-19
6442.00   5.5050e-18
6444.00   2.5733e-20
6446.00   2.2218e-17
6448.00   1.6315e-23
6450.00   5.5239e-21
6452.00   2.0042e-20
6454.00   9.2821e-20
6456.00   5.1433e-16
6458.00   2.3447e-22
6460.00   1.0656e-21
6462.00   3.8916e-21
6464.00   7.4419e-24
6466.00   9.1002e-18
6468.00   4.2095e-19
6470.00   1.6951e-22
6472.00   3.9806e-22
6474.00   1.0199e-19
6476.00   1.8167e-24
6478.00   5.0732e-26
6480.00   3.8240e-19
6482.00   2.8343e-17
6484.00   1.9778e-20
6486.00   1.4598e-17
6488.00   1.5977e-18
6490.00   6.7002e-25
6492.00   1.5029e-17
6494.00   2.5014e-17
6496.00   1.9903e-21
6498.00   5.8335e-22
6500.00   2.0922e-21
6502.00   2.9190e-23
6504.00   9.1214e-22
6506.00   4.9105e-18
6508.00   1.1498e-17
6510.00   8.1316e-20
6512.00   1.9228e-19
6514.00   1.0260e-19
6516.00   1.5561e-16
6518.00   1.0370e-17
6520.00   1.8701e-19
6522.00   1.2162e-20
6524.00   5.9782e-21
6526.00   1.7971e-22
6528.00   2.4395e-18
6530.00   1.9141e-19
6532.00   1.5441e-17
6534.00   3.5651e-19
6536.00   4.4809e-24
6538.00   6.6705e-20
6540.00   2.2477e-20
6542.00   4.8688e-21
6544.00   1.2454e-20
6546.00   4.8751e-26
6548.00   5.6411e-20
6550.00   2.7216e-20
6552.00   1.7322e-20
6554.00   1.6260e-20
6556.00   5.8869e-20
6558.00   2.4088e-19
6560.00   3.9438e-18
6562.00   1.0064e-17
6564.00   2.1404e-22
6566.00   5.7830e-20
6568.00   1.5514e-23
6570.00   2.3200e-19
6572.00   2.1510e-17
6574.00   1.9798e-17
6576.00   1.1437e-24
6578.00   2.8169e-20
6580.00   2.1819e-20
6582.00   2.1656e-18
6584.00   2.3050e-21
6586.00   1.3479e-17
6588.00   8.5203e-20
6590.00   1.0698e-23
6592.00   1.2706e-19
6594.00   9.1830e-19
6596.00   8.8878e-19
6598.00   4.9613e-19
6600.00   7.4209e-20
6602.00   8.8993e-21
6604.00   2.5989e-21
6606.00   2.7705e-22
6608.00   1.4723e-21
6610.00   3.8760e-18
6612.00   5.9907e-18
6614.00   4.5519e-18
6616.00   1.8257e-20
6618.00   1.0685e-17
6620.00   1.2473e-23
6622.00   2.6791e-21
6624.00   2.0767e-17
6626.00   6.3066e-20
6628.00   4.1946e-18
6630.00   1.0375e-26
6632.00   1.2906e-20
6634.00   3.3888e-21
6636.00   2.3418e-24
6638.00   1.3777e-20
6640.00   7.4619e-20
6642.00   2.0972e-21
6644.00   6.8291e-21
6646.00   6.6262e-26
6648.00   1.8543e-23
6650.00   6.4055e-18
6652.00   4.1795e-17
6654.00   1.2440e-20
6656.00   1.2401e-19
6658.00   1.3604e-18
6660.00   3.2776e-21
6662.00   2.8988e-20
6664.00   1.5664e-21
6666.00   5.2710e-18
6668.00   3.4543e-20
6670.00   4.2590e-20
6672.00   4.5312e-21
6674.00   1.9001e-20
6676.00   4.3360e-22
6678.00   5.2134e-18
6680.00   2.1084e-19
6682.00   6.8116e-18
6684.00   6.3480e-22
6686.00   2.4187e-21
6688.00   2.9902e-19
6690.00   4.6639e-20
6692.00   1.6436e-19
6694.00   4.1983e-18
6696.00   3.3973e-24
6698.00   1.5290e-20
6700.00   5.4441e-19
6702.00   3.9051e-20
6704.00   6.2745e-19
6706.00   8.4341e-19
6708.00   1.7402e-23
6710.00   7.6441e-20
6712.00   9.7994e-22
6714.00   2.5288e-20
6716.00   1.1764e-22
6718.00   3.2424e-22
6720.00   2.3341e-20
6722.00   4.2129e-23
6724.00   1.1452e-19
6726.00   1.2264e-22
6728.00   4.6410e-26
6730.00   5.0453e-18
6732.00   4.5641e-19
6734.00   5.8102e-25
6736.00   8.6071e-21
6738.00   3.4581e-24
6740.00   4.5642e-24
6742.00   1.4389e-20
6744.00   2.5947e-20
6746.00   6.6978e-21
6748.00   3.7128e-21
6750.00   5.6297e-19
6752.00   1.1511e-23
6754.00   3.9168e-21
6756.00   3.3711e-22
6758.00   1.3780e-20
6760.00   3.0454e-19
6762.00   3.3745e-21
6764.00   7.2251e-20
6766.00   2.1203e-20
6768.00   5.7887e-18
6770.00   9.4494e-21
6772.00   8.3335e-21
6774.00   6.5196e-22
6776.00   2.8446e-19
6778.00   1.4286e-21
6780.00   2.1632e-20
6782.00   1.6001e-21
6784.00   7.6729e-23
6786.00   2.0332e-20
6788.00   2.4872e-19
6790.00   3.1429e-21
6792.00   4.7973e-19
6794.00   2.5995e-20
6796.00   4.1932e-19
6798.00   2.3860e-21
6800.00   1.2763e-18
6802.00   3.1311e-20
6804.00   7.6386e-20
6806.00   1.4519e-22
6808.00   1.0153e-26
6810.00   1.6902e-20
6812.00   2.6348e-20
6814.00   3.3427e-20
6816.00   2.7256e-19
6818.00   1.2343e-21
6820.00   4.0764e-18
6822.00   4.6002e-18
6824.00   2.5817e-20
6826.00   8.1794e-19
6828.00   8.8004e-20
6830.00   1.0540e-20
6832.00   6.2315e-18
6834.00   2.5480e-21
6836.00   1.0721e-24
6838.00   5.6779e-19
6840.00   6.7691e-21
6842.00   1.2395e-22
6844.00   1.5134e-20
6846.00   3.0243e-21
6848.00   4.2219e-20
6850.00   2.1419e-21
6852.00   2.8391e-21
6854.00   3.6108e-25
6856.00   9.1254e-18
6858.00   4.4630e-20
6860.00   7.7360e-21
6862.00   1.7365e-17
6864.00   2.0187e-19
6866.00   2.6628e-18
6868.00   1.0146e-20
6870.00   3.1141e-18
6872.00   2.6789e-18
6874.00   3.7964e-19
6876.00   5.0216e-23
6878.00   1.3201e-18
6880.00   6.0517e-25
6882.00   1.8406e-20
6884.00   1.0596e-21
6886.00   2.1211e-20
6888.00   1.7395e-21
6890.00   9.8049e-19
6892.00   8.2507e-20
6894.00   9.1060e-23
6896.00   6.2290e-20
6898.00   5.9749e-25
6900.00   8.3064e-26
6902.00   8.6475e-21
6904.00   4.0646e-25
6906.00   2.4942e-18
6908.00   4.3162e-18
6910.00   1.2639e-21
6912.00   6.3242e-18
6914.00   3.3534e-18
6916.00   1.5038e-21
6918.00   5.4188e-20
6920.00   3.5561e-26
6922.00   7.8219e-22
6924.00   4.6336e-18
6926.00   1.7678e-19
6928.00   5.4274e-21
6930.00   1.5077e-18
6932.00   3.4845e-19
6934.00   3.0845e-21
6936.00   2.3991e-21
6938.00   1.0789e-21
6940.00   1.6582e-19
6942.00   1.4741e-19
6944.00   6.5441e-20
6946.00   5.9137e-19
6948.00   1.2223e-18
6950.00   2.0592e-18
6952.00   6.7171e-22
6954.00   7.9069e-24
6956.00   2.3607e-23
6958.00   2.1429e-19
6960.00   1.7637e-19
6962.00   2.4644e-20
6964.00   3.0683e-19
6966.00   5.4831e-19
6968.00   1.3366e-21
6970.00   4.9519e-21
6972.00   8.7446e-22
6974.00   3.9774e-20
6976.00   2.8132e-22
6978.00   1.3356e-18
6980.00   1.6337e-21
6982.00   3.1995e-21
6984.00   1.4630e-21
6986.00   1.8668e-20
6988.00   7.0577e-21
6990.00   5.2036e-21
6992.00   3.8682e-20
6994.00   2.2246e-18
6996.00   1.0533e-18
6998.00   8.5458e-22
7000.00   1.8035e-19
7002.00   8.0512e-21
7004.00   1.4429e-21
7006.00   2.8481e-22
7008.00   6.0952e-20
7010.00   1.1888e-18
7012.00   8.7475e-19
7014.00   9.5325e-22
7016.00   2.6413e-19
7018.00   1.0773e-20
7020.00   7.5796e-22
7022.00   2.4023e-19
7024.00   1.2006e-21
7026.00   3.3240e-22
7028.00   3.5442e-24
7030.00   2.7000e-21
7032.00   2.5260e-19
7034.00   7.5589e-20
7036.00   2.1573e-21
7038.00   1.4436e-19
7040.00   2.3583e-20
7042.00   1.6613e-20
7044.00   3.4639e-23
7046.00   2.8153e-20
7048.00   1.3638e-19
7050.00   3.6282e-26
7052.00   7.2366e-23
7054.00   1.2523e-19
7056.00   9.7617e-24
7058.00   1.3746e-20
7060.00   2.1846e-19
7062.00   3.2984e-24
7064.00   6.3271e-19
7066.00   5.3391e-21
7068.00   2.5957e-19
7070.00   1.0543e-21
7072.00   2.7054e-25
7074.00   4.5803e-21
7076.00   5.7911e-19
7078.00   8.8917e-21
7080.00   5.7971e-21
7082.00   4.9544e-21
7084.00   1.1231e-20
7086.00   1.7879e-25
7088.00   1.6317e-19
7090.00   1.4149e-19
7092.00   1.8427e-20
7094.00   1.3379e-21
7096.00   7.2461e-23
7098.00   3.9910e-19
7100.00   2.1536e-22
7102.00   5.1132e-22
7104.00   7.4205e-19
7106.00   5.7608e-21
7108.00   1.3053e-21
7110.00   1.8850e-17
7112.00   2.3773e-19
7114.00   1.3137e-18
7116.00   8.4298e-20
7118.00   6.1410e-19
7120.00   6.4659e-23
7122.00   4.7116e-24
7124.00   1.4278e-19
7126.00   1.3801e-22
7128.00   2.7645e-19
7130.00   7.0110e-19
7132.00   5.4149e-20
7134.00   2.5042e-20
7136.00   8.7505e-18
7138.00   2.9315e-20
7140.00   2.6576e-19
7142.00   6.6647e-24
7144.00   1.5567e-23
7146.00   5.2374e-20
7148.00   1.7048e-19
7150.00   2.7662e-20
7152.00   2.1078e-20
7154.00   3.5573e-23
7156.00   8.0533e-19
7158.00   1.0332e-19
7160.00   3.7889e-24
7162.00   4.0270e-19
7164.00   9.0470e-19
7166.00   2.1475e-21
7168.00   4.6075e-19
7170.00   6.7293e-19
7172.00   2.1202e-19
7174.00   1.8593e-21
7176.00   1.9239e-25
7178.00   1.5673e-20
7180.00   9.6390e-18
7182.00   1.5281e-18
7184.00   1.0806e-17
7186.00   3.6655e-20
7188.00   2.7519e-25
7190.00   1.3506e-21
7192.00   5.3864e-18
7194.00   9.2278e-18
7196.00   9.1881e-22
7198.00   1.5673e-22
7200.00   1.1618e-19
7202.00   2.9012e-21
7204.00   1.2430e-20
7206.00   2.1671e-20
7208.00   1.5444e-23
7210.00   1.1388e-22
7212.00   2.7170e-18
7214.00   1.4451e-21
7216.00   8.5392e-19
7218.00   3.2636e-20
7220.00   1.0280e-27
7222.00   4.7635e-17
7224.00   5.2646e-17
7226.00   1.1980e-18
7228.00   2.9036e-21
7230.00   4.1201e-20
7232.00   3.7430e-23
7234.00   1.0230e-20
7236.00   6.1469e-23
7238.00   3.1337e-20
7240.00   2.3883e-20
7242.00   4.1856e-21
7244.00   3.0886e-19
7246.00   3.4485e-20
7248.00   1.3187e-19
7250.00   2.0783e-20
7252.00   3.1239e-23
7254.00   3.8944e-18
7256.00   2.6527e-27
7258.00   3.9463e-23
7260.00   9.8182e-21
7262.00   3.1886e-19
7264.00   1.0693e-17
7266.00   1.0910e-18
7268.00   1.3479e-20
7270.00   1.4733e-22
7272.00   7.8648e-27
7274.00   3.5686e-19
7276.00   2.3776e-19
7278.00   9.2058e-19
7280.00   3.9035e-19
7282.00   4.7999e-18
7284.00   1.0707e-22
7286.00   3.1272e-19
7288.00   1.0005e-17
7290.00   3.9145e-18
7292.00   1.7853e-23
7294.00   3.4659e-20
7296.00   7.9612e-23
7298.00   8.7283e-21
7300.00   2.3646e-20
7302.00   2.8683e-17
7304.00   5.0553e-19
7306.00   3.6099e-19
7308.00   7.7308e-17
7310.00   4.8764e-17
7312.00   2.2284e-21
7314.00   2.6453e-21
7316.00   2.7706e-20
7318.00   5.2430e-19
7320.00   5.5727e-17
7322.00   4.4379e-19
7324.00   7.4693e-21
7326.00   6.2452e-23
7328.00   1.7280e-21
7330.00   1.6998e-21
7332.00   2.9690e-19
7334.00   5.1844e-18
7336.00   2.4201e-17
7338.00   6.4433e-24
7340.00   9.3825e-29
7342.00   3.7216e-21
7344.00   3.4306e-23
7346.00   5.1762e-22
7348.00   4.0844e-25
7350.00   3.5852e-19
7352.00   5.8757e-18
7354.00   8.2845e-20
7356.00   1.6301e-21
7358.00   7.2786e-20
7360.00   1.9199e-21
7362.00   5.6497e-20
7364.00   1.4436e-22
7366.00   7.3113e-20
7368.00   8.8001e-22
7370.00   2.7411e-19
7372.00   1.5267e-22
7374.00   3.6270e-22
7376.00   3.1830e-25
7378.00   1.2788e-21
7380.00   4.4770e-21
7382.00   2.7760e-21
7384.00   1.0405e-22
7386.00   3.5945e-20
7388.00   1.5908e-19
7390.00   6.0204e-22
7392.00   3.3698e-23
7394.00   1.2812e-21
7396.00   2.4612e-21
7398.00   7.8978e-21
7400.00   1.4347e-18
7402.00   2.3827e-18
7404.00   2.7870e-26
7406.00   1.1721e-19
7408.00   8.0289e-21
7410.00   1.6080e-17
7412.00   4.9242e-21
7414.00   3.2495e-19
7416.00   8.7766e-21
7418.00   1.9074e-18
7420.00   1.8886e-18
7422.00   2.2154e-20
7424.00   1.7061e-19
7426.00   2.7247e-18
7428.00   6.9741e-23
7430.00   3.5034e-18
7432.00   8.4454e-20
7434.00   3.6189e-21
7436.00   3.2293e-19
7438.00   1.6472e-21
7440.00   1.4079e-20
7442.00   5.4850e-22
7444.00   1.1976e-26
7446.00   2.3939e-18
7448.00   4.8901e-25
7450.00   6.0666e-17
7452.00   2.3884e-19
7454.00   1.4084e-18
7456.00   7.2902e-20
7458.00   1.8774e-22
7460.00   1.1757e-22
7462.00   1.2798e-16
7464.00   1.2694e-21
7466.00   4.2454e-18
7468.00   6.5831e-23
7470.00   3.9154e-22
7472.00   1.0561e-21
7474.00   8.7024e-23
7476.00   3.3796e-21
7478.00   2.5680e-24
7480.00   1.2968e-18
7482.00   4.9190e-19
7484.00   7.4575e-26
7486.00   3.0066e-20
7488.00   4.6526e-19
7490.00   2.0002e-22
7492.00   2.0333e-20
7494.00   5.4039e-23
7496.00   2.6516e-22
7498.00   2.1530e-20
7500.00   2.3294e-19
7502.00   8.5497e-19
7504.00   1.5901e-18
7506.00   3.2729e-22
7508.00   1.5134e-24
7510.00   1.2995e-21
7512.00   2.0961e-24
7514.00   4.7628e-20
7516.00   4.7408e-17
7518.00   8.4369e-20
7520.00   1.9985e-17
7522.00   1.1549e-21
7524.00   4.8331e-21
7526.00   8.8202e-20
7528.00   4.1159e-22
7530.00   1.0126e-21
7532.00   3.1614e-20
7534.00   4.5435e-17
7536.00   3.0426e-23
7538.00   1.3394e-22
7540.00   4.4917e-21
7542.00   9.8162e-21
7544.00   1.4537e-19
7546.00   1.0540e-25
7548.00   5.7200e-20
7550.00   1.2671e-21
7552.00   5.8532e-21
7554.00   2.5113e-19
7556.00   1.8193e-21
7558.00   2.8120e-21
7560.00   2.5676e-20
7562.00   6.9367e-21
7564.00   8.8775e-20
7566.00   8.9993e-21
7568.00   6.3852e-19
7570.00   2.6462e-21
7572.00   5.8881e-21
7574.00   7.2375e-27
7576.00   3.7944e-19
7578.00   3.5771e-25
7580.00   1.6197e-17
7582.00   2.6524e-22
7584.00   4.9794e-18
7586.00   3.1737e-21
7588.00   1.1356e-21
7590.00   6.3895e-26
7592.00   6.4752e-22
7594.00   3.0001e-21
7596.00   2.5206e-22
7598.00   4.9638e-20
7600.00   7.6603e-20
7602.00   1.2732e-20
7604.00   5.0338e-21
7606.00   8.5303e-20
7608.00   2.9224e-23
7610.00   5.8258e-20
7612.00   4.7572e-26
7614.00   1.4019e-19
7616.00   5.2391e-20
7618.00   6.8587e-18
7620.00   3.8736e-19
7622.00   4.8335e-21
7624.00   1.6182e-22
7626.00   1.1083e-21
7628.00   6.5122e-27
7630.00   3.2478e-23
7632.00   1.1660e-21
7634.00   1.2079e-20
7636.00   7.8246e-23
7638.00   4.0188e-19
7640.00   3.0834e-20
7642.00   4.0147e-20
7644.00   5.7054e-21
7646.00   3.0354e-19
7648.00   9.9938e-18
7650.00   1.2563e-21
7652.00   1.2745e-22
7654.00   1.1021e-18
7656.00   5.2366e-17
7658.00   9.3128e-18
7660.00   3.0257e-18
7662.00   1.5181e-24
7664.00   1.8943e-22
7666.00   8.9390e-21
7668.00   5.2444e-22
7670.00   1.1971e-22
7672.00   1.7027e-18
7674.00   6.2876e-22
7676.00   5.3321e-19
7678.00   4.8618e-21
7680.00   4.3014e-25
7682.00   1.6851e-24
7684.00   4.8214e-23
7686.00   2.3709e-17
7688.00   9.8309e-20
7690.00   1.6278e-19
7692.00   2.4511e-20
7694.00   3.4995e-19
7696.00   6.8355e-21
7698.00   4.6203e-18
7700.00   5.4030e-19
7702.00   4.3939e-20
7704.00   1.9392e-24
7706.00   1.5972e-20
7708.00   1.0475e-20
7710.00   1.6671e-19
7712.00   2.0788e-16
7714.00   3.4315e-20
7716.00   3.4409e-20
7718.00   5.4796e-24
7720.00   1.8163e-20
7722.00   1.7271e-23
7724.00   2.0380e-20
7726.00   7.5106e-23
7728.00   3.4778e-24
7730.00   3.0798e-20
7732.00   7.1253e-23
7734.00   2.7068e-21
7736.00   1.7928e-22
7738.00   1.9933e-17
7740.00   3.3277e-19
7742.00   4.3234e-19
7744.00   4.8406e-23
7746.00   3.1332e-20
7748.00   6.3077e-21
7750.00   6.8888e-24
7752.00   2.8418e-22
7754.00   9.4446e-24
7756.00   2.4915e-22
7758.00   8.8045e-19
7760.00   1.0023e-24
7762.00   5.6332e-20
7764.00   2.4623e-19
7766.00   7.4822e-20
7768.00   8.2508e-24
7770.00   1.0533e-27
7772.00   6.0064e-23
7774.00   3.3316e-19
7776.00   8.9003e-24
7778.00   7.6774e-19
7780.00   2.1594e-23
7782.00   1.1891e-22
7784.00   6.2502e-19
7786.00   1.1236e-24
7788.00   9.6552e-20
7790.00   3.6185e-21
7792.00   1.2400e-19
7794.00   1.9088e-19
7796.00   3.9936e-26
7798.00   4.3140e-18
7800.00   4.2660e-26
7802.00   3.6129e-18
7804.00   1.2974e-19
7806.00   5.6439e-18
7808.00   1.2647e-18
7810.00   5.3756e-22
7812.00   2.4982e-21
7814.00   1.0476e-17
7816.00   1.3285e-21
7818.00   4.2066e-19
7820.00   8.8273e-20
7822.00   4.3729e-23
7824.00   2.3815e-20
7826.00   1.7967e-20
7828.00   7.9900e-24
7830.00   1.1873e-18
7832.00   3.2826e-18
7834.00   3.0581e-19
7836.00   2.8189e-18
7838.00   7.3083e-20
7840.00   3.1759e-18
7842.00   5.8070e-18
7844.00   7.8406e-20
7846.00   9.7145e-20
7848.00   7.7667e-19
7850.00   8.5483e-26
7852.00   1.3129e-19
7854.00   1.0937e-21
7856.00   4.3484e-20
7858.00   1.6515e-25
7860.00   3.6789e-19
7862.00   6.7010e-20
7864.00   7.5377e-23
7866.00   1.7549e-18
7868.00   6.9370e-22
7870.00   1.0069e-20
7872.00   3.6468e-19
7874.00   1.1421e-20
7876.00   7.4900e-24
7878.00   2.5363e-22
7880.00   2.6493e-22
7882.00   5.7730e-20
7884.00   8.3099e-23
7886.00   3.1971e-19
7888.00   3.3374e-22
7890.00   5.5236e-25
7892.00   6.0914e-21
7894.00   2.8384e-18
7896.00   2.3477e-21
7898.00   1.2319e-18
7900.00   2.0157e-19
7902.00   1.2096e-23
7904.00   5.3135e-20
7906.00   2.7491e-20
7908.00   2.9375e-23
7910.00   1.1672e-25
7912.00   1.0057e-22
7914.00   8.4031e-18
7916.00   1.0184e-21
7918.00   2.5790e-18
7920.00   3.4905e-27
7922.00   6.2691e-19
7924.00   4.6460e-26
7926.00   2.1436e-19
7928.00   5.1583e-22
7930.00   1.8874e-19
7932.00   5.3949e-21
7934.00   2.4660e-19
7936.00   9.9880e-24
7938.00   4.4672e-19
7940.00   2.9056e-21
7942.00   9.2019e-21
7944.00   1.1076e-27
7946.00   2.9794e-22
7948.00   1.2298e-18
7950.00   4.5888e-22
7952.00   2.5970e-19
7954.00   1.4391e-21
7956.00   8.2061e-20
7958.00   2.0051e-22
7960.00   4.5331e-27
7962.00   2.0531e-23
7964.00   1.2836e-23
7966.00   9.2167e-21
7968.00   4.6530e-19
7970.00   1.2024e-18
7972.00   7.8261e-22
7974.00   1.5400e-19
7976.00   6.7771e-19
7978.00   5.2378e-20
7980.00   1.0407e-20
7982.00   1.5260e-17
7984.00   1.4774e-21
7986.00   1.2886e-19
7988.00   1.5189e-20
7990.00   2.8872e-22
7992.00   3.2240e-23
7994.00   2.6479e-20
7996.00   4.1408e-18
7998.00   3.7998e-20
8000.00   9.6109e-23
8002.00   1.5520e-21
8004.00   1.5058e-21
8006.00   4.6099e-22
8008.00   7.2360e-20
8010.00   2.9815e-22
8012.00   3.1118e-18
8014.00   1.1329e-20
8016.00   7.6570e-20
8018.00   5.6621e-19
8020.00   3.4739e-23
8022.00   2.3391e-22
8024.00   7.0575e-20
8026.00   1.5876e-22
8028.00   3.1078e-22
8030.00   6.1756e-19
8032.00   8.1383e-19
8034.00   2.7512e-23
8036.00   4.9311e-20
8038.00   5.9146e-19
8040.00   3.1393e-22
8042.00   1.4866e-18
8044.00   6.5467e-20
8046.00   4.8651e-27
8048.00   9.5364e-22
8050.00   1.3437e-20
8052.00   5.7046e-21
8054.00   8.0476e-19
8056.00   4.9803e-26
8058.00   4.9446e-23
8060.00   1.0637e-17
8062.00   2.0418e-21
8064.00   4.5560e-18
8066.00   1.0441e-23
8068.00   3.3157e-20
8070.00   2.7177e-19
8072.00   1.1112e-25
8074.00   4.5180e-18
8076.00   7.5848e-18
8078.00   4.5490e-21
8080.00   1.1522e-19
8082.00   4.5583e-26
8084.00   6.5231e-19
8086.00   4.8671e-20
8088.00   1.0967e-23
8090.00   3.2969e-20
8092.00   1.1663e-19
8094.00   1.0616e-19
8096.00   2.5001e-18
8098.00   9.7560e-22
8100.00   2.6765e-27
8102.00   5.9916e-22
8104.00   1.3813e-18
8106.00   7.8353e-20
8108.00   5.4752e-20
8110.00   2.3127e-22
8112.00   3.0012e-21
8114.00   4.6774e-21
8116.00   3.7453e-26
8118.00   2.0492e-19
8120.00   7.9956e-21
8122.00   7.0737e-22
8124.00   2.3746e-19
8126.00   2.5682e-21
8128.00   2.5818e-20
8130.00   1.4697e-20
8132.00   1.5968e-20
8134.00   5.1657e-23
8136.00   5.2315e-19
8138.00   5.0905e-25
8140.00   2.6897e-21
8142.00   1.3840e-22
8144.00   3.2658e-20
8146.00   2.4693e-20
8148.00   1.0428e-18
8150.00   1.0896e-22
8152.00   5.2096e-20
8154.00   1.0696e-21
8156.00   3.5082e-21
8158.00   4.3279e-20
8160.00   2.1818e-18
8162.00   1.7585e-24
8164.00   4.4488e-20
8166.00   7.6110e-25
8168.00   2.1306e-18
8170.00   1.6400e-23
8172.00   1.1641e-19
8174.00   8.1411e-19
8176.00   3.7377e-27
8178.00   2.8092e-20
8180.00   1.0839e-24
8182.00   1.4131e-20
8184.00   1.7349e-21
8186.00   1.6681e-20
8188.00   7.1577e-24
8190.00   1.0226e-18
8192.00   1.4487e-20
8194.00   2.6361e-21
8196.00   1.2778e-22
8198.00   4.5437e-21
8200.00   1.2556e-20
8202.00   3.8828e-19
8204.00   8.6095e-19
8206.00   2.2704e-19
8208.00   1.9444e-17
8210.00   7.6484e-18
8212.00   3.1643e-18
8214.00   7.7000e-22
8216.00   2.0983e-19
8218.00   3.4866e-20
8220.00   2.2914e-21
8222.00   3.4869e-19
8224.00   8.1089e-25
8226.00   5.2413e-23
8228.00   7.2729e-17
8230.00   8.5570e-21
8232.00   2.5267e-22
8234.00   1.0577e-18
8236.00   7.0306e-25
8238.00   2.2708e-18
8240.00   9.2922e-21
8242.00   5.7414e-19
8244.00   3.2078e-25
8246.00   1.6999e-20
8248.00   8.1117e-20
8250.00   1.8310e-18
8252.00   1.2757e-21
8254.00   1.1550e-21
8256.00   6.7327e-21
8258.00   1.2376e-19
8260.00   3.2446e-18
8262.00   2.0127e-20
8264.00   1.2577e-17
8266.00   4.1754e-21
8268.00   9.9380e-24
8270.00   1.0578e-21
8272.00   6.3600e-21
8274.00   1.0511e-18
8276.00   2.3669e-18
8278.00   1.1670e-19
8280.00   5.5061e-22
8282.00   4.3573e-22
8284.00   2.8628e-18
8286.00   4.1120e-22
8288.00   6.4664e-17
8290.00   4.1908e-18
8292.00   4.6724e-23
8294.00   3.3140e-20
8296.00   9.4215e-20
8298.00   4.0973e-22
8300.00   4.7229e-19
8302.00   2.4427e-18
8304.00   1.2763e-20
8306.00   1.3712e-18
8308.00   3.3072e-19
8310.00   5.4025e-18
8312.00   2.2315e-21
8314.00   1.7964e-20
8316.00   6.0033e-21
8318.00   2.0992e-25
8320.00   3.3283e-21
8322.00   1.5173e-18
8324.00   2.9536e-19
8326.00   3.5619e-27
8328.00   1.4008e-21
8330.00   4.5958e-19
8332.00   5.9515e-24
8334.00   8.0666e-20
8336.00   1.0479e-21
8338.00   1.0045e-18
8340.00   9.0417e-20
8342.00   2.6626e-21
8344.00   4.4844e-19
8346.00   5.6549e-21
8348.00   1.5650e-20
8350.00   3.0066e-24
8352.00   3.9207e-19
8354.00   1.0438e-21
8356.00   3.1815e-20
8358.00   2.2540e-17
8360.00   1.6628e-21
8362.00   5.9702e-26
8364.00   2.3518e-23
8366.00   5.0983e-19
8368.00   1.2142e-18
8370.00   2.0031e-24
8372.00   1.1460e-19
8374.00   3.5260e-20
8376.00   7.1112e-19
8378.00   4.2356e-19
8380.00   2.9715e-25
8382.00   1.6279e-18
8384.00   4.0219e-26
8386.00   3.4394e-18
8388.00   2.2772e-21
8390.00   2.0171e-20
8392.00   3.6820e-20
8394.00   1.3528e-25
8396.00   8.8716e-19
8398.00   9.2252e-18
8400.00   1.2358e-22
8402.00   6.7495e-23
8404.00   2.0822e-17
8406.00   8.0773e-20
8408.00   3.3878e-19
8410.00   2.5317e-21
8412.00   2.0948e-21
8414.00   5.6029e-20
8416.00   3.9435e-19
8418.00   7.1868e-23
8420.00   3.5360e-19
8422.00   1.4580e-21
8424.00   1.5904e-17
8426.00   3.6372e-27
8428.00   2.6384e-21
8430.00   3.0534e-22
8432.00   1.3038e-19
8434.00   1.0949e-19
8436.00   2.2381e-19
8438.00   7.8193e-20
8440.00   6.7938e-21
8442.00   7.0689e-25
8444.00   7.3371e-18
8446.00   3.6790e-21
8448.00   8.9602e-23
8450.00   2.1028e-22
8452.00   1.3736e-18
8454.00   1.3377e-18
8456.00   5.3642e-24
8458.00   1.0614e-21
8460.00   2.1920e-22
8462.00   2.1712e-24
8464.00   1.8228e-23
8466.00   2.7986e-19
8468.00   1.1234e-19
8470.00   1.1353e-17
8472.00   1.2239e-19
8474.00   4.3560e-19
8476.00   1.1744e-20
8478.00   9.2472e-21
8480.00   1.1679e-19
8482.00   3.8180e-20
8484.00   2.4353e-19
8486.00   3.1507e-18
8488.00   6.9869e-23
8490.00   3.2518e-17
8492.00   3.2391e-19
8494.00   6.0229e-22
8496.00   1.8648e-19
8498.00   9.3165e-21
8500.00   1.9800e-17
8502.00   3.0737e-24
8504.00   3.7281e-19
8506.00   2.2486e-20
8508.00   8.4772e-18
8510.00   1.7546e-22
8512.00   4.7068e-22
8514.00   2.3663e-19
8516.00   1.0496e-22
8518.00   4.5470e-18
8520.00   1.3003e-24
8522.00   6.1866e-22
8524.00   4.9319e-20
8526.00   1.4979e-21
8528.00   5.3984e-19
8530.00   8.8944e-21
8532.00   2.0091e-20
8534.00   2.9860e-23
8536.00   5.1651e-22
8538.00   7.9170e-23
8540.00   2.5455e-22
8542.00   5.4314e-24
8544.00   8.1392e-20
8546.00   4.4804e-20
8548.00   3.7993e-19
8550.00   1.6905e-18
8552.00   2.9846e-21
8554.00   2.5936e-18
8556.00   4.9294e-19
8558.00   2.5459e-19
8560.00   3.4893e-28
8562.00   6.2667e-23
8564.00   1.7152e-19
8566.00   1.5156e-21
8568.00   4.4454e-21
8570.00   1.3286e-22
8572.00   6.5821e-21
8574.00   6.8493e-19
8576.00   8.5247e-20
8578.00   4.0807e-21
8580.00   4.4232e-20
8582.00   1.1439e-19
8584.00   7.5563e-22
8586.00   1.2409e-22
8588.00   6.9849e-24
8590.00   1.4935e-20
8592.00   1.8138e-21
8594.00   2.7167e-22
8596.00   4.0251e-18
8598.00   4.2760e-21
8600.00   4.1615e-20
8602.00   2.9815e-20
8604.00   1.4732e-19
8606.00   1.5319e-19
8608.00   2.6116e-24
8610.00   9.6166e-24
8612.00   6.1793e-19
8614.00   2.9846e-23
8616.00   1.4645e-18
8618.00   1.2029e-22
8620.00   1.6014e-21
8622.00   1.5626e-21
8624.00   4.4972e-22
8626.00   2.3453e-19
8628.00   7.5526e-19
8630.00   9.9077e-20
8632.00   1.1375e-22
8634.00   2.4163e-20
8636.00   3.0885e-20
8638.00   1.1371e-22
8640.00   5.1807e-22
8642.00   5.9717e-18
8644.00   4.9582e-22
8646.00   2.7784e-24
8648.00   1.1957e-23
8650.00   2.2595e-19
8652.00   3.2670e-24
8654.00   4.5249e-21
8656.00   1.4110e-20
8658.00   5.3343e-26
8660.00   9.3232e-22
8662.00   6.7742e-22
8664.00   2.9193e-19
8666.00   5.8910e-22
8668.00   1.2570e-20
8670.00   5.1291e-21
8672.00   1.5228e-18
8674.00   3.7733e-23
8676.00   3.7131e-19
8678.00   1.2606e-18
8680.00   2.2083e-26
8682.00   4.8820e-25
8684.00   7.3845e-18
8686.00   2.2667e-24
8688.00   1.6772e-22
8690.00   2.0407e-19
8692.00   2.8113e-23
8694.00   6.0634e-22
8696.00   4.2909e-20
8698.00   5.1372e-26
8700.00   1.0992e-21
8702.00   2.9572e-22
8704.00   6.9191e-20
8706.00   9.1385e-21
8708.00   3.6230e-21
8710.00   3.9562e-26
8712.00   3.1488e-24
8714.00   7.8538e-20
8716.00   3.0741e-20
8718.00   6.4222e-22
8720.00   1.6065e-19
8722.00   1.1295e-17
8724.00   1.0345e-22
8726.00   6.8301e-26
8728.00   1.1502e-22
8730.00   2.3041e-23
8732.00   4.8944e-21
8734.00   4.6163e-21
8736.00   4.6150e-21
8738.00   2.4809e-25
8740.00   1.2982e-19
8742.00   4.2898e-24
8744.00   4.0609e-20
8746.00   4.1940e-20
8748.00   6.4788e-23
8750.00   3.3182e-19
8752.00   2.7473e-19
8754.00   7.9323e-21
8756.00   1.8359e-19
8758.00   3.9960e-19
8760.00   2.1890e-21
8762.00   4.7687e-19
8764.00   5.0294e-21
8766.00   2.9362e-23
8768.00   1.0032e-26
8770.00   2.3714e-24
8772.00   4.0268e-23
8774.00   3.6630e-23
8776.00   1.7912e-19
8778.00   9.1886e-25
8780.00   7.2488e-25
8782.00   7.5028e-22
8784.00   9.4054e-23
8786.00   1.3805e-26
8788.00   3.4475e-22
8790.00   1.1650e-22
8792.00   4.0148e-22
8794.00   2.1184e-19
8796.00   6.2481e-21
8798.00   2.3426e-22
8800.00   2.0875e-23
8802.00   2.3894e-28
8804.00   1.2115e-21
8806.00   5.9333e-20
8808.00   1.0653e-22
8810.00   1.2475e-18
8812.00   1.9906e-21
8814.00   2.8407e-23
8816.00   2.7499e-17
8818.00   5.2381e-22
8820.00   4.4334e-20
8822.00   1.1768e-24
8824.00   7.7117e-20
8826.00   4.9768e-20
8828.00   2.3926e-18
8830.00   5.2252e-23
8832.00   3.1005e-24
8834.00   1.4719e-22
8836.00   7.1300e-23
8838.00   3.1604e-20
8840.00   3.5241e-24
8842.00   9.2447e-21
8844.00   3.8319e-21
8846.00   5.2638e-21
8848.00   8.9583e-19
8850.00   5.3472e-21
8852.00   7.4261e-22
8854.00   1.6447e-21
8856.00   1.8088e-22
8858.00   3.5399e-21
8860.00   4.2554e-20
8862.00   1.2294e-22
8864.00   2.8755e-21
8866.00   1.8285e-28
8868.00   1.7351e-17
8870.00   2.9586e-19
8872.00   8.3650e-28
8874.00   2.6121e-17
8876.00   2.0175e-20
8878.00   6.2992e-24
8880.00   5.7093e-25
8882.00   2.8063e-21
8884.00   1.3627e-20
8886.00   1.4180e-20
8888.00   4.6403e-25
8890.00   2.2705e-19
8892.00   1.1582e-19
8894.00   2.1273e-22
8896.00   7.2925e-22
8898.00   4.9974e-19
8900.00   2.5676e-24
8902.00   3.3322e-22
8904.00   8.3769e-24
8906.00   9.4679e-23
8908.00   1.0241e-21
8910.00   3.3881e-23
8912.00   2.0702e-21
8914.00   2.9010e-24
8916.00   3.2729e-24
8918.00   2.6146e-21
8920.00   2.0659e-17
8922.00   1.5614e-19
8924.00   4.1439e-21
8926.00   5.2204e-18
8928.00   1.7898e-22
8930.00   2.8123e-26
8932.00   2.2625e-22
8934.00   6.1119e-20
8936.00   2.7393e-27
8938.00   1.5624e-17
8940.00   8.0401e-22
8942.00   4.9886e-24
8944.00   3.7563e-20
8946.00   1.4560e-18
8948.00   9.6465e-23
8950.00   4.5311e-20
8952.00   5.5549e-25
8954.00   6.6308e-25
8956.00   3.8012e-18
8958.00   1.7266e-22
8960.00   7.2073e-20
8962.00   1.6582e-22
8964.00   2.6459e-24
8966.00   4.4615e-20
8968.00   1.2715e-20
8970.00   4.1778e-21
8972.00   9.3243e-22
8974.00   1.4356e-25
8976.00   3.5723e-21
8978.00   2.4465e-28
8980.00   7.0799e-23
8982.00   3.7278e-19
8984.00   1.0712e-24
8986.00   4.7472e-21
8988.00   1.6140e-21
8990.00   5.0263e-18
8992.00   4.0643e-24
8994.00   5.9748e-21
8996.00   1.0964e-23
8998.00   2.6984e-24
9000.00   1.2526e-19
9002.00   2.6546e-21
9004.00   2.1535e-25
9006.00   9.7608e-18
9008.00   3.7105e-27
9010.00   1.0397e-21
9012.00   4.5896e-23
9014.00   6.9036e-18
9016.00   2.1137e-25
9018.00   5.4463e-26
9020.00   3.5254e-20
9022.00   5.1354e-25
9024.00   3.1380e-20
9026.00   1.1463e-19
9028.00   3.0183e-19
9030.00   9.9874e-20
9032.00   4.6021e-23
9034.00   1.5530e-20
9036.00   5.5399e-21
9038.00   2.8477e-19
9040.00   6.1895e-27
9042.00   5.3122e-21
9044.00   6.3524e-23
9046.00   2.7173e-27
9048.00   2.2330e-19
9050.00   2.7060e-20
9052.00   4.2353e-19
9054.00   4.2567e-24
9056.00   9.5309e-20
9058.00   3.6452e-19
9060.00   1.8615e-20
9062.00   8.0300e-18
9064.00   2.9834e-23
9066.00   9.1119e-20
9068.00   4.6396e-24
9070.00   4.2016e-18
9072.00   8.6122e-22
9074.00   1.1282e-19
9076.00   5.7297e-18
9078.00   5.4369e-18
9080.00   2.8640e-19
9082.00   3.9769e-20
9084.00   6.2981e-21
9086.00   3.0948e-24
9088.00   1.9549e-21
9090.00   5.4426e-19
9092.00   2.9880e-23
9094.00   1.1057e-26
9096.00   1.2224e-17
9098.00   9.8592e-22
9100.00   1.4150e-21
9102.00   1.4057e-22
9104.00   7.9997e-20
9106.00   6.2000e-20
9108.00   3.0401e-27
9110.00   1.9749e-21
9112.00   1.7553e-19
9114.00   5.3991e-20
9116.00   1.1227e-17
9118.00   4.7040e-21
9120.00   3.1267e-27
9122.00   9.6370e-18
9124.00   1.3464e-25
9126.00   1.3161e-19
9128.00   4.2139e-22
9130.00   2.2393e-19
9132.00   4.8484e-19
9134.00   9.7170e-21
9136.00   1.1250e-21
9138.00   9.2512e-20
9140.00   5.4434e-24
9142.00   1.2278e-23
9144.00   3.6664e-23
9146.00   1.4114e-21
9148.00   2.4108e-25
9150.00   4.0759e-23
9152.00   3.9291e-22
9154.00   3.4146e-20
9156.00   1.6368e-17
9158.00   4.0172e-26
9160.00   9.7433e-23
9162.00   6.3891e-26
9164.00   1.6345e-20
9166.00   1.2236e-24
9168.00   9.5234e-19
9170.00   5.4462e-21
9172.00   1.7611e-17
9174.00   5.4790e-25
9176.00   1.6275e-17
9178.00   6.9260e-18
9180.00   8.0021e-18
9182.00   3.8299e-20
9184.00   2.0067e-23
9186.00   2.0615e-26
9188.00   1.9261e-17
9190.00   1.9012e-22
9192.00   3.7640e-20
9194.00   1.1053e-19
9196.00   4.0214e-18
9198.00   9.4470e-23
9200.00   1.0099e-19
9202.00   1.2433e-18
9204.00   2.4262e-17
9206.00   4.0750e-24
9208.00   1.8257e-24
9210.00   3.1311e-18
9212.00   9.4133e-20
9214.00   2.5634e-19
9216.00   3.0091e-23
9218.00   3.7721e-25
9220.00   9.2103e-23
9222.00   3.9618e-20
9224.00   1.0557e-21
9226.00   4.8257e-20
9228.00   6.6240e-20
9230.00   2.0475e-25
9232.00   1.3593e-20
9234.00   2.3208e-20
9236.00   7.1715e-27
9238.00   3.6012e-19
9240.00   3.4059e-22
9242.00   3.7809e-19
9244.00   3.9459e-20
9246.00   1.3158e-21
9248.00   1.9340e-20
9250.00   3.1284e-21
9252.00   1.2497e-17
9254.00   3.3653e-22
9256.00   1.6243e-24
9258.00   1.1430e-18
9260.00   2.0280e-23
9262.00   2.3350e-29
9264.00   6.7180e-20
9266.00   7.3001e-24
9268.00   3.6471e-20
9270.00   1.1322e-22
9272.00   1.4919e-17
9274.00   3.8779e-19
9276.00   1.3968e-26
9278.00   1.7321e-24
9280.00   1.4722e-28
9282.00   1.0442e-19
9284.00   1.7431e-20
9286.00   2.2269e-19
9288.00   1.4103e-24
9290.00   1.0716e-18
9292.00   1.0906e-27
9294.00   1.9544e-22
9296.00   2.6600e-18
9298.00   5.0481e-19
9300.00   3.7123e-22
9302.00   1.0033e-28
9304.00   1.8712e-17
9306.00   2.9985e-20
9308.00   2.7238e-22
9310.00   6.4230e-22
9312.00   1.6112e-23
9314.00   8.1841e-23
9316.00   1.9698e-18
9318.00   4.4642e-24
9320.00   2.8685e-19
9322.00   2.4423e-19
9324.00   1.1847e-18
9326.00   9.9174e-19
9328.00   9.1051e-18
9330.00   3.0919e-20
9332.00   3.3322e-26
9334.00   5.2494e-23
9336.00   9.0170e-21
9338.00   6.5429e-22
9340.00   5.4553e-24
9342.00   1.0559e-18
9344.00   7.8295e-29
9346.00   1.6539e-22
9348.00   1.6313e-19
9350.00   4.6031e-19
9352.00   8.5213e-21
9354.00   3.2132e-25
9356.00   1.3750e-19
9358.00   2.7404e-19
9360.00   1.1921e-24
9362.00   2.4816e-21
9364.00   5.6787e-25
9366.00   2.3320e-21
9368.00   1.0578e-19
9370.00   7.2305e-25
9372.00   2.2920e-20
9374.00   1.6752e-20
9376.00   6.3968e-19
9378.00   2.4264e-22
9380.00   1.1847e-21
9382.00   3.0130e-21
9384.00   3.8174e-21
9386.00   7.6486e-21
9388.00   5.6537e-20
9390.00   2.0499e-22
9392.00   3.5342e-20
9394.00   5.2457e-21
9396.00   2.9222e-28
9398.00   1.6598e-26
9400.00   3.3050e-20
9402.00   3.8574e-24
9404.00   5.5892e-20
9406.00   5.1951e-21
9408.00   5.8466e-18
9410.00   9.9365e-19
9412.00   3.1017e-21
9414.00   4.9233e-20
9416.00   1.4428e-24
9418.00   1.1197e-17
9420.00   5.4533e-22
9422.00   1.4899e-22
9424.00   8.5262e-22
9426.00   2.2677e-20
9428.00   3.6133e-17
9430.00   2.4692e-21
9432.00   6.4746e-19
9434.00   8.0569e-29
9436.00   3.4377e-18
9438.00   5.9752e-21
9440.00   4.3105e-21
9442.00   2.1878e-20
9444.00   5.1052e-25
9446.00   6.6808e-20
9448.00   1.4890e-22
9450.00   8.7597e-25
9452.00   1.0663e-20
9454.00   4.1926e-24
9456.00   1.3655e-20
9458.00   8.9365e-22
9460.00   1.0511e-24
9462.00   1.1764e-22
9464.00   7.1107e-18
9466.00   3.4825e-21
9468.00   1.9973e-19
9470.00   9.6898e-20
9472.00   6.7621e-22
9474.00   4.7050e-18
9476.00   2.3101e-21
9478.00   9.1476e-21
9480.00   4.5314e-24
9482.00   2.1981e-21
9484.00   5.2129e-24
9486.00   1.4883e-23
9488.00   1.1972e-24
9490.00   8.0860e-22
9492.00   2.2705e-20
9494.00   3.9789e-28
9496.00   2.9209e-20
9498.00   9.2138e-19
9500.00   2.5622e-20
9502.00   1.1556e-26
9504.00   1.1169e-21
9506.00   2.3085e-25
9508.00   3.3479e-22
9510.00   1.4449e-17
9512.00   6.4861e-26
9514.00   2.9523e-20
9516.00   2.0120e-24
9518.00   6.8864e-22
9520.00   5.3283e-20
9522.00   2.4136e-23
9524.00   3.0261e-20
9526.00   1.5187e-20
9528.00   1.0727e-18
9530.00   3.9445e-24
9532.00   7.4439e-18
9534.00   1.4748e-17
9536.00   5.3042e-20
9538.00   3.7359e-25
9540.00   1.5845e-21
9542.00   5.0286e-20
9544.00   1.7540e-26
9546.00   3.1221e-20
9548.00   1.0312e-20
9550.00   7.9350e-18
9552.00   5.2036e-21
9554.00   2.3486e-22
9556.00   9.0513e-18
9558.00   8.9479e-20
9560.00   5.8352e-19
9562.00   1.9466e-27
9564.00   1.3469e-20
9566.00   1.3235e-19
9568.00   5.6061e-20
9570.00   1.1971e-18
9572.00   3.0130e-18
9574.00   1.0931e-23
9576.00   3.8080e-25
9578.00   3.1897e-21
9580.00   2.5776e-20
9582.00   1.2037e-21
9584.00   1.8032e-25
9586.00   4.9505e-22
9588.00   6.6196e-25
9590.00   1.1637e-19
9592.00   4.0991e-21
9594.00   2.5616e-23
9596.00   2.3663e-19
9598.00   1.2199e-19
9600.00   3.6644e-22
9602.00   2.4304e-21
9604.00   1.0516e-27
9606.00   2.4571e-19
9608.00   3.8748e-21
9610.00   1.1256e-21
9612.00   1.7070e-21
9614.00   7.0551e-20
9616.00   4.4070e-27
9618.00   1.6290e-17
9620.00   5.7628e-24
9622.00   7.2211e-26
9624.00   1.4455e-26
9626.00   4.5270e-27
9628.00   2.1196e-27
9630.00   1.8816e-20
9632.00   8.5376e-21
9634.00   2.7528e-18
9636.00   3.1653e-24
9638.00   1.6047e-20
9640.00   4.9280e-21
9642.00   1.5996e-21
9644.00   1.7330e-26
9646.00   4.5762e-21
9648.00   1.6532e-24
9650.00   7.2750e-24
9652.00   2.3162e-20
9654.00   1.0501e-28
9656.00   3.0008e-18
9658.00   3.0031e-24
9660.00   2.2281e-23
9662.00   7.0669e-18
9664.00   9.6945e-20
9666.00   6.4469e-27
9668.00   3.2652e-23
9670.00   3.2684e-20
9672.00   1.5953e-19
9674.00   6.0321e-22
9676.00   1.5896e-19
9678.00   1.4245e-22
9680.00   1.8458e-17
9682.00   6.5005e-20
9684.00   6.5518e-22
9686.00   3.3669e-22
9688.00   3.7681e-27
9690.00   1.6491e-24
9692.00   2.3264e-25
9694.00   1.3527e-26
9696.00   7.7695e-20
9698.00   3.2814e-24
9700.00   1.6922e-21
9702.00   1.4293e-26
9704.00   9.6413e-21
9706.00   3.4896e-23
9708.00   4.7233e-25
9710.00   2.7722e-26
9712.00   6.9960e-22
9714.00   3.3136e-20
9716.00   3.4388e-25
9718.00   3.9588e-20
9720.00   3.8334e-24
9722.00   1.2410e-20
9724.00   3.9107e-21
9726.00   2.0908e-25
9728.00   2.5268e-23
9730.00   3.8272e-20
9732.00   1.3084e-21
9734.00   6.6692e-24
9736.00   5.0233e-20
9738.00   4.7045e-20
9740.00   2.5884e-22
9742.00   2.2856e-19
9744.00   2.5229e-19
9746.00   4.1418e-19
9748.00   3.8561e-20
9750.00   4.5610e-20
9752.00   1.6362e-26
9754.00   5.9043e-23
9756.00   2.6847e-20
9758.00   2.4627e-28
9760.00   2.7569e-23
9762.00   1.4404e-26
9764.00   4.1289e-19
9766.00   6.5806e-19
9768.00   1.0643e-21
9770.00   7.2037e-23
9772.00   1.8141e-23
9774.00   3.4490e-25
9776.00   2.1012e-26
9778.00   1.0689e-24
9780.00   3.6479e-22
9782.00   2.7388e-20
9784.00   5.1999e-29
9786.00   4.1052e-25
9788.00   4.9169e-19
9790.00   2.9985e-23
9792.00   6.0421e-25
9794.00   7.4937e-23
9796.00   2.6492e-19
9798.00   2.6615e-21
9800.00   1.5843e-20
9802.00   1.0152e-23
9804.00   1.4863e-23
9806.00   3.9413e-20
9808.00   1.8554e-20
9810.00   5.7353e-22
9812.00   3.1165e-18
9814.00   3.3657e-26
9816.00   7.5914e-20
9818.00   2.4285e-25
9820.00   2.5054e-23
9822.00   7.1220e-24
9824.00   1.6157e-23
9826.00   1.6683e-19
9828.00   3.6740e-21
9830.00   8.6154e-23
9832.00   2.8390e-30
9834.00   9.9383e-26
9836.00   4.2763e-25
9838.00   5.7174e-21
9840.00   7.9310e-28
9842.00   8.2298e-21
9844.00   7.2295e-18
9846.00   1.1215e-22
9848.00   1.5442e-19
9850.00   4.7394e-20
9852.00   3.3863e-25
9854.00   6.6350e-24
9856.00   4.8567e-26
9858.00   5.7850e-22
9860.00   1.3747e-23
9862.00   3.1328e-21
9864.00   1.3459e-24
9866.00   1.4901e-24
9868.00   5.9808e-19
9870.00   1.2104e-23
9872.00   1.4277e-21
9874.00   3.2702e-21
9876.00   3.2617e-21
9878.00   2.3804e-25
9880.00   5.9063e-20
9882.00   6.2076e-20
9884.00   3.2368e-23
9886.00   1.7792e-25
9888.00   5.9842e-24
9890.00   8.7145e-27
9892.00   3.3860e-23
9894.00   9.4550e-19
9896.00   4.8143e-19
9898.00   1.2028e-23
9900.00   9.8202e-20
9902.00   8.8987e-24
9904.00   1.0535e-19
9906.00   6.1540e-20
9908.00   1.3184e-19
9910.00   6.9502e-20
9912.00   3.5882e-20
9914.00   3.1115e-25
9916.00   2.9939e-23
9918.00   9.6270e-25
9920.00   9.3260e-20
9922.00   3.4964e-21
9924.00   6.4566e-21
9926.00   6.2833e-24
9928.00   1.4591e-27
9930.00   9.4739e-26
9932.00   9.3673e-21
9934.00   2.2806e-22
9936.00   1.2003e-22
9938.00   1.0307e-20
9940.00   1.4274e-22
9942.00   3.5553e-24
9944.00   1.1046e-23
9946.00   3.3958e-19
9948.00   5.9062e-25
9950.00   2.5543e-20
9952.00   5.1186e-26
9954.00   1.2465e-20
9956.00   9.8708e-18
9958.00   1.6807e-21
9960.00   9.3169e-25
9962.00   1.0765e-21
9964.00   8.7475e-27
9966.00   1.6121e-27
9968.00   5.5468e-23
9970.00   1.3138e-20
9972.00   2.7198e-22
9974.00   4.1925e-28
9976.00   4.9553e-20
9978.00   1.0626e-20
9980.00   1.2999e-25
9982.00   1.6357e-20
9984.00   3.1239e-20
9986.00   3.8704e-23
9988.00   6.3923e-29
9990.00   2.3305e-23
9992.00   2.6078e-20
9994.00   1.1475e-20
9996.00   7.6896e-22
9998.00   1.0596e-16
10000.00   1.1991e-24
