1000  8.455393e+03  8.361979e+03  9.341356e+01 
1002  3.125465e+03  3.058796e+03  6.666888e+01 
1004  5.875463e+03  5.800534e+03  7.492986e+01 
1006  3.953343e+03  3.901189e+03  5.215448e+01 
1008  3.496828e+03  3.458100e+03  3.872851e+01 
1010  8.184051e+01  7.752647e+01  4.314044e+00 
1012  1.250549e+03  1.233753e+03  1.679603e+01 
1014  3.288685e+03  3.255406e+03  3.327899e+01 
1016  2.508845e+03  2.472941e+03  3.590451e+01 
1018  1.819139e+03  1.802647e+03  1.649196e+01 
1020  2.643712e+03  2.625600e+03  1.811201e+01 
1022  1.975885e+03  1.966148e+03  9.737058e+00 
1024  4.708175e+02  4.639196e+02  6.897930e+00 
1026  2.330537e+02  2.249652e+02  8.088494e+00 
1028  2.698920e+03  2.690582e+03  8.338910e+00 
1030  1.151933e+04  1.147152e+04  4.781451e+01 
1032  4.781751e+03  4.735054e+03  4.669747e+01 
1034  7.908488e+03  7.837668e+03  7.082041e+01 
1036  8.249975e+03  8.206097e+03  4.387763e+01 
1038  1.509616e+03  1.486075e+03  2.354131e+01 
1040  2.479264e+03  2.457333e+03  2.193046e+01 
1042  4.014732e+03  3.957350e+03  5.738204e+01 
1044  3.947806e+03  3.897490e+03  5.031597e+01 
1046  3.335479e+03  3.274742e+03  6.073660e+01 
1048  8.617702e+02  8.223907e+02  3.937946e+01 
1050  4.061079e+03  4.000348e+03  6.073084e+01 
1052  2.349652e+03  2.261056e+03  8.859660e+01 
1054  1.172771e+04  1.158566e+04  1.420496e+02 
1057  7.068300e+03  6.911708e+03  1.565922e+02 
1059  8.686122e+03  8.542093e+03  1.440296e+02 
1061  1.746775e+04  1.727432e+04  1.934332e+02 
1063  2.426549e+04  2.418819e+04  7.730161e+01 
1065  8.017164e+03  7.877329e+03  1.398355e+02 
1067  2.589628e+04  2.572736e+04  1.689137e+02 
1069  1.656544e+04  1.637097e+04  1.944683e+02 
1071  1.982649e+04  1.951287e+04  3.136205e+02 
1073  4.154440e+04  4.116977e+04  3.746377e+02 
1075  3.002242e+04  2.975444e+04  2.679828e+02 
1077  2.346429e+04  2.312493e+04  3.393533e+02 
1079  4.081200e+03  3.962541e+03  1.186597e+02 
1081  1.281272e+04  1.275869e+04  5.403309e+01 
1084  1.926320e+04  1.911455e+04  1.486484e+02 
1086  5.081843e+03  4.875859e+03  2.059839e+02 
1088  1.748584e+04  1.730361e+04  1.822305e+02 
1090  2.728120e+04  2.700190e+04  2.792976e+02 
1092  1.645751e+04  1.628829e+04  1.692261e+02 
1094  2.039765e+04  2.013779e+04  2.598620e+02 
1096  2.435919e+04  2.417719e+04  1.820014e+02 
1098  2.684771e+04  2.670453e+04  1.431783e+02 
1101  2.294270e+04  2.271094e+04  2.317660e+02 
1103  1.237400e+04  1.208711e+04  2.868904e+02 
1105  2.342396e+04  2.303879e+04  3.851713e+02 
1107  3.523293e+04  3.485849e+04  3.744379e+02 
1109  2.104213e+04  2.082017e+04  2.219561e+02 
1111  2.327511e+04  2.307903e+04  1.960871e+02 
1114  3.903408e+04  3.871778e+04  3.163060e+02 
1116  1.940070e+04  1.925502e+04  1.456757e+02 
1118  4.828016e+03  4.584969e+03  2.430468e+02 
1120  6.125667e+03  5.986673e+03  1.389937e+02 
1122  1.731026e+04  1.715416e+04  1.560971e+02 
1124  2.215313e+04  2.184213e+04  3.109943e+02 
1127  4.400576e+04  4.379405e+04  2.117132e+02 
1129  2.878155e+04  2.854805e+04  2.335006e+02 
1131  2.944722e+04  2.909830e+04  3.489151e+02 
1133  3.824443e+04  3.810320e+04  1.412305e+02 
1135  5.044180e+04  4.956861e+04  8.731893e+02 
1138  2.023322e+04  1.996580e+04  2.674213e+02 
1140  3.290225e+04  3.214583e+04  7.564103e+02 
1142  3.097031e+04  3.055164e+04  4.186668e+02 
1144  8.143255e+04  8.069912e+04  7.334298e+02 
1147  8.018954e+04  7.964350e+04  5.460402e+02 
1149  5.380454e+04  5.344471e+04  3.598351e+02 
1151  5.516045e+04  5.462718e+04  5.332680e+02 
1153  5.390130e+04  5.334659e+04  5.547054e+02 
1156  1.926329e+04  1.896321e+04  3.000769e+02 
1158  3.598368e+04  3.551095e+04  4.727349e+02 
1160  4.398321e+04  4.336702e+04  6.161946e+02 
1162  2.560765e+04  2.528759e+04  3.200572e+02 
1165  3.277872e+04  3.242609e+04  3.526300e+02 
1167  4.014864e+04  3.933992e+04  8.087241e+02 
1169  4.343938e+04  4.299024e+04  4.491418e+02 
1171  4.778636e+04  4.704600e+04  7.403567e+02 
1174  4.373189e+04  4.315879e+04  5.730992e+02 
1176  1.743512e+04  1.694904e+04  4.860784e+02 
1178  1.359361e+04  1.341087e+04  1.827392e+02 
1181  2.205347e+04  2.184485e+04  2.086222e+02 
1183  2.239745e+04  2.217296e+04  2.244840e+02 
1185  3.327452e+04  3.292709e+04  3.474321e+02 
1187  4.580559e+04  4.531041e+04  4.951710e+02 
1190  2.370777e+04  2.347152e+04  2.362503e+02 
1192  4.226582e+04  4.189153e+04  3.742929e+02 
1194  1.616432e+04  1.590439e+04  2.599284e+02 
1197  8.856038e+04  8.742897e+04  1.131405e+03 
1199  1.073659e+05  1.065132e+05  8.527392e+02 
1201  6.334013e+04  6.251298e+04  8.271514e+02 
1204  1.778080e+04  1.759968e+04  1.811243e+02 
1206  4.280098e+04  4.227757e+04  5.234005e+02 
1208  4.726917e+04  4.686620e+04  4.029669e+02 
1211  4.707110e+04  4.643314e+04  6.379546e+02 
1213  1.692311e+04  1.617892e+04  7.441895e+02 
1215  1.845718e+04  1.718835e+04  1.268827e+03 
1218  4.493547e+04  4.313241e+04  1.803065e+03 
1220  6.973646e+04  5.479476e+04  1.494170e+04 
1223  1.382439e+04  1.357925e+04  2.451346e+02 
1225  1.066458e+04  1.056809e+04  9.648743e+01 
1227  1.594508e+04  1.586822e+04  7.685130e+01 
1230  6.509462e+03  6.417016e+03  9.244572e+01 
1232  2.234072e+04  2.219126e+04  1.494655e+02 
1235  2.741809e+04  2.712454e+04  2.935521e+02 
1237  1.873601e+04  1.857648e+04  1.595321e+02 
1239  1.730425e+04  1.666705e+04  6.372015e+02 
1242  2.419353e+04  2.377150e+04  4.220361e+02 
1244  1.911470e+04  1.888547e+04  2.292269e+02 
1247  1.173446e+04  1.158414e+04  1.503120e+02 
1249  1.762081e+04  1.739737e+04  2.234445e+02 
1252  1.660768e+04  1.639763e+04  2.100522e+02 
1254  1.831176e+04  1.805122e+04  2.605389e+02 
1256  4.291628e+04  4.201618e+04  9.000989e+02 
1259  2.758780e+04  2.707199e+04  5.158140e+02 
1261  4.248483e+04  4.176518e+04  7.196503e+02 
1264  1.795616e+05  1.746139e+05  4.947717e+03 
1266  3.746120e+05  3.650688e+05  9.543140e+03 
1269  3.688199e+04  3.589272e+04  9.892692e+02 
1271  6.265705e+04  6.124371e+04  1.413337e+03 
1274  2.558504e+04  2.510190e+04  4.831390e+02 
1276  2.704329e+04  2.654561e+04  4.976868e+02 
1279  3.773468e+04  3.642505e+04  1.309623e+03 
1281  2.252550e+04  2.181273e+04  7.127687e+02 
1284  2.094738e+04  2.006393e+04  8.834572e+02 
1286  3.146139e+04  3.013347e+04  1.327918e+03 
1289  1.406818e+05  1.350007e+05  5.681143e+03 
1291  9.013330e+04  8.615538e+04  3.977920e+03 
1294  6.768048e+04  6.504902e+04  2.631450e+03 
1296  6.433568e+04  6.280899e+04  1.526691e+03 
1299  5.001032e+04  4.756308e+04  2.447236e+03 
1301  2.917291e+04  2.811751e+04  1.055398e+03 
1304  2.337161e+04  2.246610e+04  9.055101e+02 
1306  3.276521e+04  3.142713e+04  1.338078e+03 
1309  1.277610e+04  1.231232e+04  4.637794e+02 
1311  1.609739e+04  1.545764e+04  6.397482e+02 
1314  2.511234e+04  2.430754e+04  8.047941e+02 
1316  2.916502e+04  2.767860e+04  1.486428e+03 
1319  3.758479e+04  3.593362e+04  1.651169e+03 
1322  3.130843e+04  3.017777e+04  1.130655e+03 
1324  2.354663e+04  2.230176e+04  1.244880e+03 
1327  3.082316e+04  2.946757e+04  1.355585e+03 
1329  2.500804e+04  2.362461e+04  1.383429e+03 
1332  2.499488e+04  2.354284e+04  1.452038e+03 
1335  1.017476e+04  9.823031e+03  3.517321e+02 
1337  1.515538e+04  1.426912e+04  8.862622e+02 
1340  7.349416e+04  6.618794e+04  7.306219e+03 
1342  1.260631e+04  1.136824e+04  1.238067e+03 
1345  4.449036e+04  4.020231e+04  4.288052e+03 
1348  6.947221e+03  6.229084e+03  7.181368e+02 
1350  4.021500e+04  3.652286e+04  3.692132e+03 
1353  3.138794e+04  2.816301e+04  3.224930e+03 
1355  3.805874e+04  3.564276e+04  2.415984e+03 
1358  2.101535e+04  1.998942e+04  1.025934e+03 
1361  6.944794e+04  6.527886e+04  4.169078e+03 
1363  4.931166e+04  4.723823e+04  2.073424e+03 
1366  5.455731e+04  5.165236e+04  2.904948e+03 
1369  3.051303e+04  2.851993e+04  1.993100e+03 
1371  5.116387e+04  4.783199e+04  3.331875e+03 
1374  6.688438e+04  6.393670e+04  2.947673e+03 
1377  5.593380e+04  5.310060e+04  2.833206e+03 
1379  4.467668e+04  4.177938e+04  2.897305e+03 
1382  5.179885e+04  4.788608e+04  3.912768e+03 
1385  2.842341e+04  2.562891e+04  2.794494e+03 
1388  4.216028e+04  3.875386e+04  3.406417e+03 
1390  2.494547e+04  2.237074e+04  2.574731e+03 
1393  2.199075e+04  1.715116e+04  4.839590e+03 
1396  3.464321e+04  3.151908e+04  3.124130e+03 
1398  8.159030e+04  7.663009e+04  4.960207e+03 
1401  4.289309e+04  4.101792e+04  1.875175e+03 
1404  3.682474e+04  3.503791e+04  1.786829e+03 
1407  2.500388e+04  2.239223e+04  2.611647e+03 
1409  4.195832e+04  3.847418e+04  3.484144e+03 
1412  2.925556e+04  2.713073e+04  2.124828e+03 
1415  6.682370e+04  6.335676e+04  3.466937e+03 
1418  5.112987e+04  4.684621e+04  4.283655e+03 
1420  6.975462e+04  4.889064e+04  2.086398e+04 
1423  3.039828e+04  2.679308e+04  3.605208e+03 
1426  1.351623e+04  1.181271e+04  1.703516e+03 
1429  6.752174e+04  6.016339e+04  7.358351e+03 
1431  4.912812e+04  4.524196e+04  3.886168e+03 
1434  2.474869e+04  2.225631e+04  2.492380e+03 
1437  7.828234e+04  6.903284e+04  9.249493e+03 
1440  5.457851e+04  4.952059e+04  5.057920e+03 
1443  6.202593e+04  5.334235e+04  8.683582e+03 
1445  3.278083e+04  2.801138e+04  4.769443e+03 
1448  2.872516e+04  2.481557e+04  3.909589e+03 
1451  3.766139e+04  3.166697e+04  5.994420e+03 
1454  7.779898e+04  6.490629e+04  1.289269e+04 
1457  2.989027e+04  2.463715e+04  5.253121e+03 
1460  6.005035e+04  4.553716e+04  1.451319e+04 
1462  3.011712e+04  2.714080e+04  2.976314e+03 
1465  6.144952e+04  5.096030e+04  1.048921e+04 
1468  4.642644e+04  3.865864e+04  7.767801e+03 
1471  5.612660e+04  4.457671e+04  1.154990e+04 
1474  6.999854e+04  5.849830e+04  1.150024e+04 
1477  5.710369e+04  4.695995e+04  1.014375e+04 
1480  3.006073e+04  2.697184e+04  3.088894e+03 
1482  5.085436e+04  4.459292e+04  6.261436e+03 
1485  3.474504e+04  2.906580e+04  5.679246e+03 
1488  5.868562e+04  4.963952e+04  9.046103e+03 
1491  3.955503e+04  3.482473e+04  4.730298e+03 
1494  2.783351e+04  2.364224e+04  4.191265e+03 
1497  1.582555e+04  1.365443e+04  2.171119e+03 
1500  1.364862e+04  1.214185e+04  1.506768e+03 
1503  2.871376e+04  2.538207e+04  3.331688e+03 
1506  3.810723e+04  3.515695e+04  2.950284e+03 
1509  2.844799e+04  2.568409e+04  2.763902e+03 
1512  3.212859e+04  2.906972e+04  3.058867e+03 
1515  2.165142e+04  1.979343e+04  1.857989e+03 
1518  4.696982e+03  3.997904e+03  6.990786e+02 
1520  2.632797e+04  2.274129e+04  3.586683e+03 
1523  3.252669e+04  2.844297e+04  4.083715e+03 
1526  2.594364e+04  2.298927e+04  2.954373e+03 
1529  6.565515e+03  4.969572e+03  1.595943e+03 
1532  1.234191e+04  1.057109e+04  1.770818e+03 
1535  1.185318e+05  1.017743e+05  1.675753e+04 
1538  9.646935e+04  8.027439e+04  1.619496e+04 
1541  1.766690e+04  1.531373e+04  2.353170e+03 
1544  7.721083e+03  6.296488e+03  1.424595e+03 
1547  2.458480e+05  1.999887e+05  4.585930e+04 
1550  3.418244e+04  2.759349e+04  6.588949e+03 
1553  2.369738e+04  1.834028e+04  5.357104e+03 
1556  3.102558e+04  2.725370e+04  3.771880e+03 
1559  1.854943e+04  1.724746e+04  1.301973e+03 
1562  2.384852e+04  2.079666e+04  3.051860e+03 
1566  1.384786e+04  1.206809e+04  1.779764e+03 
1569  2.541262e+04  2.379951e+04  1.613104e+03 
1572  3.996511e+04  3.267340e+04  7.291704e+03 
1575  3.178988e+04  2.813487e+04  3.655016e+03 
1578  5.077979e+04  4.562132e+04  5.158463e+03 
1581  4.036698e+04  3.046218e+04  9.904800e+03 
1584  2.104664e+04  1.826054e+04  2.786104e+03 
1587  3.075203e+04  2.814935e+04  2.602683e+03 
1590  1.233866e+04  9.496022e+03  2.842633e+03 
1593  3.613338e+04  2.756284e+04  8.570540e+03 
1596  1.927221e+04  1.292251e+04  6.349703e+03 
1599  1.568438e+04  1.212730e+04  3.557083e+03 
1603  1.979579e+04  1.770629e+04  2.089502e+03 
1606  2.648723e+04  2.228079e+04  4.206441e+03 
1609  1.840329e+04  1.700826e+04  1.395022e+03 
1612  2.108317e+04  1.809821e+04  2.984961e+03 
1615  2.785614e+03  2.276382e+03  5.092320e+02 
1618  2.225831e+04  1.977623e+04  2.482076e+03 
1621  3.414986e+04  3.098239e+04  3.167467e+03 
1624  3.400971e+04  3.201599e+04  1.993721e+03 
1628  5.975760e+04  5.705603e+04  2.701567e+03 
1631  3.185834e+04  2.899216e+04  2.866186e+03 
1634  4.270560e+04  4.024614e+04  2.459459e+03 
1637  5.926077e+04  5.344841e+04  5.812359e+03 
1640  1.109542e+05  9.354388e+04  1.741029e+04 
1644  3.702652e+04  3.234386e+04  4.682668e+03 
1647  3.476074e+04  3.168407e+04  3.076667e+03 
1650  3.140039e+04  2.924275e+04  2.157639e+03 
1653  4.283542e+04  4.054516e+04  2.290255e+03 
1656  4.986310e+04  4.611634e+04  3.746764e+03 
1660  1.978845e+04  1.878878e+04  9.996634e+02 
1663  1.172262e+04  1.113144e+04  5.911811e+02 
1666  1.317924e+04  1.083411e+04  2.345128e+03 
1669  3.029996e+04  2.687106e+04  3.428905e+03 
1673  3.547437e+04  3.217806e+04  3.296309e+03 
1676  5.035636e+04  4.078926e+04  9.567101e+03 
1679  4.090879e+04  3.161851e+04  9.290282e+03 
1682  4.137696e+04  3.162114e+04  9.755814e+03 
1686  3.825511e+04  2.758540e+04  1.066971e+04 
1689  3.123643e+04  2.790017e+04  3.336259e+03 
1692  2.157732e+04  2.056658e+04  1.010739e+03 
1696  4.363932e+04  3.018623e+04  1.345310e+04 
1699  1.598044e+04  1.427736e+04  1.703074e+03 
1702  3.324635e+04  2.674577e+04  6.500583e+03 
1706  2.060315e+04  1.883870e+04  1.764446e+03 
1709  5.491129e+04  4.390323e+04  1.100806e+04 
1712  2.463516e+04  2.053724e+04  4.097925e+03 
1715  5.243950e+04  4.762498e+04  4.814511e+03 
1719  3.428848e+04  3.269697e+04  1.591506e+03 
1722  6.127543e+04  5.124973e+04  1.002570e+04 
1726  3.730116e+04  3.482991e+04  2.471250e+03 
1729  1.420698e+04  1.224288e+04  1.964108e+03 
1732  2.644439e+04  2.313501e+04  3.309382e+03 
1736  1.312218e+04  1.178608e+04  1.336099e+03 
1739  9.744699e+03  6.703217e+03  3.041482e+03 
1742  1.168532e+04  9.913981e+03  1.771334e+03 
1746  2.153234e+04  1.888050e+04  2.651844e+03 
1749  3.417648e+04  2.795028e+04  6.226203e+03 
1753  3.118340e+03  2.039349e+03  1.078991e+03 
1756  9.328974e+03  6.418751e+03  2.910222e+03 
1759  2.763782e+04  2.498868e+04  2.649140e+03 
1763  2.589431e+04  2.051654e+04  5.377776e+03 
1766  1.811664e+04  1.364953e+04  4.467102e+03 
1770  1.394403e+04  1.178999e+04  2.154040e+03 
1773  4.079534e+04  2.763715e+04  1.315819e+04 
1777  1.802237e+04  1.633386e+04  1.688510e+03 
1780  1.574730e+04  1.369437e+04  2.052933e+03 
1784  4.680245e+04  4.267001e+04  4.132444e+03 
1787  1.160735e+05  1.070943e+05  8.979231e+03 
1791  2.021051e+04  1.702226e+04  3.188254e+03 
1794  4.138436e+04  3.471190e+04  6.672461e+03 
1798  3.756192e+04  3.500593e+04  2.555988e+03 
1801  6.708030e+03  3.943436e+03  2.764594e+03 
1805  3.409254e+04  2.791885e+04  6.173688e+03 
1808  3.019154e+04  2.358146e+04  6.610069e+03 
1812  1.534459e+04  9.131503e+03  6.213089e+03 
1815  1.941565e+04  1.698838e+04  2.427270e+03 
1819  1.096411e+04  9.783846e+03  1.180264e+03 
1822  2.523540e+04  2.253088e+04  2.704522e+03 
1826  2.915093e+04  2.629835e+04  2.852577e+03 
1829  2.409549e+04  2.195104e+04  2.144447e+03 
1833  2.105554e+04  1.812146e+04  2.934072e+03 
1836  1.835432e+04  1.643837e+04  1.915948e+03 
1840  3.349359e+04  2.111083e+04  1.238275e+04 
1844  2.393402e+04  1.704484e+04  6.889183e+03 
1847  2.059991e+04  1.918099e+04  1.418925e+03 
1851  3.111927e+04  2.573650e+04  5.382767e+03 
1854  8.934061e+03  7.094626e+03  1.839435e+03 
1858  1.964146e+04  1.573376e+04  3.907694e+03 
1862  4.194585e+04  2.934420e+04  1.260166e+04 
1865  1.975711e+04  1.611089e+04  3.646223e+03 
1869  3.204703e+04  2.551672e+04  6.530310e+03 
1873  1.503456e+04  1.168329e+04  3.351271e+03 
1876  3.037421e+04  2.729320e+04  3.081012e+03 
1880  2.818041e+04  2.438467e+04  3.795741e+03 
1883  4.996258e+04  3.196381e+04  1.799877e+04 
1887  3.398214e+04  2.834683e+04  5.635314e+03 
1891  1.489202e+04  1.277340e+04  2.118620e+03 
1895  1.785644e+04  1.526862e+04  2.587824e+03 
1898  3.485449e+04  2.920245e+04  5.652045e+03 
1902  4.087004e+04  3.423762e+04  6.632415e+03 
1906  2.067559e+04  1.707429e+04  3.601290e+03 
1909  2.354797e+04  1.979257e+04  3.755404e+03 
1913  2.275879e+04  1.892080e+04  3.837991e+03 
1917  3.238701e+04  2.761231e+04  4.774699e+03 
1921  2.113223e+04  1.375911e+04  7.373121e+03 
1924  2.197851e+04  1.747848e+04  4.500032e+03 
1928  3.743939e+04  3.017217e+04  7.267218e+03 
1932  2.248217e+04  1.717007e+04  5.312093e+03 
1936  2.144307e+04  1.926438e+04  2.178693e+03 
1939  2.448669e+04  1.844920e+04  6.037494e+03 
1943  3.231912e+04  2.564212e+04  6.676994e+03 
1947  5.450285e+04  4.396949e+04  1.053336e+04 
1951  1.853121e+04  1.476779e+04  3.763426e+03 
1954  3.951185e+04  2.919647e+04  1.031538e+04 
1958  1.317024e+05  7.504340e+04  5.665898e+04 
1962  3.778366e+04  2.755977e+04  1.022389e+04 
1966  1.301791e+05  1.093937e+05  2.078546e+04 
1970  1.281639e+05  1.137428e+05  1.442108e+04 
1974  1.869391e+05  1.155264e+05  7.141276e+04 
1977  3.544371e+04  2.175596e+04  1.368775e+04 
1981  1.279546e+04  9.175417e+03  3.620043e+03 
1985  3.412322e+04  2.594517e+04  8.178046e+03 
1989  2.400558e+04  1.859684e+04  5.408742e+03 
1993  3.127663e+04  2.119282e+04  1.008382e+04 
1997  2.027407e+04  1.404596e+04  6.228115e+03 
2001  4.039062e+04  3.520702e+04  5.183603e+03 
2005  2.989055e+04  2.598163e+04  3.908916e+03 
2008  5.488296e+04  4.715091e+04  7.732051e+03 
2012  4.900555e+04  3.833472e+04  1.067082e+04 
2016  6.153044e+04  4.769625e+04  1.383418e+04 
2020  2.383035e+04  1.975350e+04  4.076851e+03 
2024  8.547794e+04  5.153525e+04  3.394268e+04 
2028  2.069742e+05  1.322905e+05  7.468371e+04 
2032  5.268889e+04  4.322587e+04  9.463021e+03 
2036  2.007214e+04  1.667456e+04  3.397587e+03 
2040  2.215136e+04  1.905559e+04  3.095769e+03 
2044  2.467087e+04  2.098248e+04  3.688389e+03 
2048  1.860860e+04  1.287983e+04  5.728776e+03 
2052  2.051129e+04  1.680585e+04  3.705437e+03 
2056  3.344575e+04  2.860413e+04  4.841620e+03 
2060  1.114117e+04  7.705182e+03  3.435987e+03 
2064  4.034720e+04  3.576602e+04  4.581177e+03 
2068  5.829980e+04  4.156301e+04  1.673680e+04 
2072  5.024864e+04  3.591002e+04  1.433862e+04 
2076  4.755802e+04  2.947902e+04  1.807900e+04 
2080  2.185535e+04  1.603303e+04  5.822317e+03 
2084  2.190851e+04  1.444081e+04  7.467705e+03 
2088  1.836066e+04  1.587817e+04  2.482497e+03 
2092  3.167739e+04  2.209011e+04  9.587283e+03 
2096  2.251091e+04  1.728466e+04  5.226244e+03 
2100  3.789909e+04  2.903102e+04  8.868069e+03 
2104  3.586174e+04  2.553972e+04  1.032201e+04 
2109  6.268760e+04  5.778698e+04  4.900621e+03 
2113  2.290917e+04  1.682293e+04  6.086244e+03 
2117  9.888452e+04  6.831430e+04  3.057021e+04 
2121  1.031745e+04  8.210479e+03  2.106974e+03 
2125  2.537477e+04  1.596430e+04  9.410468e+03 
2129  4.870359e+04  3.960386e+04  9.099729e+03 
2133  3.141077e+04  2.264814e+04  8.762633e+03 
2138  5.482876e+04  4.905910e+04  5.769664e+03 
2142  4.398078e+04  3.355780e+04  1.042298e+04 
2146  4.275562e+04  3.682715e+04  5.928471e+03 
2150  3.456590e+04  3.030964e+04  4.256260e+03 
2154  3.043612e+04  2.195303e+04  8.483090e+03 
2158  3.836504e+04  2.825509e+04  1.010995e+04 
2163  3.905835e+04  3.271208e+04  6.346273e+03 
2167  6.906655e+04  5.760697e+04  1.145958e+04 
2171  2.431722e+04  1.706661e+04  7.250605e+03 
2175  5.711571e+04  4.558815e+04  1.152756e+04 
2180  1.609340e+04  1.341230e+04  2.681094e+03 
2184  4.527609e+04  3.265717e+04  1.261892e+04 
2188  3.650100e+04  2.838849e+04  8.112511e+03 
2192  1.365732e+04  9.538411e+03  4.118914e+03 
2197  1.466999e+04  8.964176e+03  5.705815e+03 
2201  2.174259e+04  1.488220e+04  6.860389e+03 
2205  3.127946e+04  2.307022e+04  8.209232e+03 
2209  2.956641e+04  2.225241e+04  7.314008e+03 
2214  5.132316e+04  4.129834e+04  1.002482e+04 
2218  2.999628e+04  2.402455e+04  5.971732e+03 
2222  6.006707e+04  5.094870e+04  9.118377e+03 
2227  4.998207e+04  3.611319e+04  1.386888e+04 
2231  5.444467e+04  3.875805e+04  1.568661e+04 
2235  8.226463e+04  7.071807e+04  1.154656e+04 
2240  7.218956e+04  5.884641e+04  1.334315e+04 
2244  8.733087e+04  7.583508e+04  1.149579e+04 
2248  8.408595e+04  7.647839e+04  7.607566e+03 
2253  8.157620e+04  7.335859e+04  8.217614e+03 
2257  5.298582e+04  4.381250e+04  9.173324e+03 
2262  1.228868e+05  1.140948e+05  8.792013e+03 
2266  1.214375e+05  1.120883e+05  9.349210e+03 
2270  9.500820e+04  8.259316e+04  1.241504e+04 
2275  1.034191e+05  8.421377e+04  1.920537e+04 
2279  1.272126e+05  1.037437e+05  2.346892e+04 
2284  6.718040e+04  5.829454e+04  8.885865e+03 
2288  4.277212e+04  3.009624e+04  1.267588e+04 
2293  6.839894e+04  5.809750e+04  1.030144e+04 
2297  4.704340e+04  3.543489e+04  1.160851e+04 
2302  3.739073e+04  3.093516e+04  6.455573e+03 
2306  1.325775e+05  8.246062e+04  5.011684e+04 
2311  8.551676e+04  7.210930e+04  1.340745e+04 
2315  5.378090e+04  4.371809e+04  1.006281e+04 
2320  5.289316e+04  4.574219e+04  7.150977e+03 
2324  7.044620e+04  5.574702e+04  1.469918e+04 
2329  1.288735e+05  1.188124e+05  1.006116e+04 
2333  3.643670e+04  2.973487e+04  6.701828e+03 
2338  8.060394e+04  6.921824e+04  1.138569e+04 
2342  9.601879e+04  8.480035e+04  1.121844e+04 
2347  1.332800e+05  1.104604e+05  2.281961e+04 
2351  5.274984e+04  3.589408e+04  1.685575e+04 
2356  1.089253e+05  9.263783e+04  1.628749e+04 
2361  2.310998e+05  1.910500e+05  4.004974e+04 
2365  1.666833e+05  1.419974e+05  2.468588e+04 
2370  9.088255e+04  7.334244e+04  1.754012e+04 
2374  1.079452e+05  9.160410e+04  1.634107e+04 
2379  9.362097e+04  7.923967e+04  1.438129e+04 
2384  2.896331e+05  2.635710e+05  2.606217e+04 
2388  1.132735e+05  8.915321e+04  2.412024e+04 
2393  2.907811e+05  2.311337e+05  5.964741e+04 
2398  1.160735e+05  9.480987e+04  2.126363e+04 
2402  1.398852e+05  1.132593e+05  2.662582e+04 
2407  1.178060e+05  9.169763e+04  2.610835e+04 
2412  1.869625e+05  1.500108e+05  3.695168e+04 
2416  1.184084e+05  9.916843e+04  1.923993e+04 
2421  9.241145e+04  7.777005e+04  1.464139e+04 
2426  1.341634e+05  1.173517e+05  1.681176e+04 
2431  2.745014e+05  2.081989e+05  6.630256e+04 
2435  1.690638e+05  1.396469e+05  2.941685e+04 
2440  1.153186e+05  7.819448e+04  3.712409e+04 
2445  1.468328e+05  1.243211e+05  2.251173e+04 
2450  2.191648e+05  1.537822e+05  6.538251e+04 
2454  1.151040e+05  9.183462e+04  2.326935e+04 
2459  1.802891e+05  1.432072e+05  3.708193e+04 
2464  2.172135e+05  1.708690e+05  4.634445e+04 
2469  1.444015e+05  1.237849e+05  2.061664e+04 
2473  1.447134e+05  1.208978e+05  2.381561e+04 
2478  1.199830e+05  1.043329e+05  1.565005e+04 
2483  1.460267e+05  1.235570e+05  2.246963e+04 
2488  1.840524e+05  1.349389e+05  4.911351e+04 
2493  6.976594e+04  5.570317e+04  1.406276e+04 
2498  8.538550e+04  6.820660e+04  1.717890e+04 
2503  1.260080e+05  1.069025e+05  1.910556e+04 
2507  2.742792e+05  2.073473e+05  6.693191e+04 
2512  1.418314e+05  1.231469e+05  1.868452e+04 
2517  1.036375e+05  7.631995e+04  2.731756e+04 
2522  9.868162e+04  7.844800e+04  2.023362e+04 
2527  1.639318e+05  1.415637e+05  2.236810e+04 
2532  5.738692e+04  5.008695e+04  7.299972e+03 
2537  1.466292e+05  1.294795e+05  1.714973e+04 
2542  1.219785e+05  1.049791e+05  1.699939e+04 
2547  1.098484e+05  9.743392e+04  1.241447e+04 
2552  9.874712e+04  7.587797e+04  2.286916e+04 
2557  7.730355e+04  6.622268e+04  1.108087e+04 
2562  1.812684e+05  1.514404e+05  2.982808e+04 
2567  1.026963e+05  8.456510e+04  1.813124e+04 
2572  9.989589e+04  7.893227e+04  2.096362e+04 
2577  7.404745e+04  6.060836e+04  1.343908e+04 
2582  1.053330e+05  8.339464e+04  2.193840e+04 
2587  1.105494e+05  9.733812e+04  1.321126e+04 
2592  9.397098e+04  8.496165e+04  9.009327e+03 
2597  2.142909e+05  1.791602e+05  3.513066e+04 
2602  4.825925e+04  3.884912e+04  9.410129e+03 
2607  1.815119e+05  1.448085e+05  3.670343e+04 
2612  3.027472e+05  2.465743e+05  5.617286e+04 
2617  9.247521e+04  7.581409e+04  1.666113e+04 
2622  1.590786e+05  1.382594e+05  2.081924e+04 
2627  3.541223e+05  2.662253e+05  8.789697e+04 
2632  2.272902e+05  1.735847e+05  5.370559e+04 
2638  6.153207e+04  4.246876e+04  1.906331e+04 
2643  8.364822e+04  5.668091e+04  2.696731e+04 
2648  4.225791e+04  2.471812e+04  1.753979e+04 
2653  5.976338e+04  4.319297e+04  1.657041e+04 
2658  3.657780e+04  2.384347e+04  1.273433e+04 
2663  3.327036e+04  2.565692e+04  7.613441e+03 
2669  6.338783e+04  4.981783e+04  1.357000e+04 
2674  7.723782e+03  3.960175e+03  3.763607e+03 
2679  5.190523e+04  3.532196e+04  1.658327e+04 
2684  9.072137e+04  6.272071e+04  2.800066e+04 
2689  2.830891e+04  1.901173e+04  9.297187e+03 
2695  1.111102e+05  9.335648e+04  1.775372e+04 
2700  2.672762e+04  1.695773e+04  9.769886e+03 
2705  1.144729e+05  9.044899e+04  2.402388e+04 
2710  1.109303e+05  9.434231e+04  1.658799e+04 
2716  2.405066e+05  1.775434e+05  6.296315e+04 
2721  6.465721e+04  4.324985e+04  2.140737e+04 
2726  1.111945e+05  9.142894e+04  1.976557e+04 
2732  1.924677e+05  1.558181e+05  3.664966e+04 
2737  1.901897e+05  1.395593e+05  5.063042e+04 
2742  8.652284e+04  6.801430e+04  1.850854e+04 
2748  2.450884e+05  2.015830e+05  4.350537e+04 
2753  3.293550e+05  2.435446e+05  8.581041e+04 
2758  7.114684e+04  5.974470e+04  1.140215e+04 
2764  9.826551e+04  8.079637e+04  1.746914e+04 
2769  1.661670e+05  1.290797e+05  3.708727e+04 
2774  1.759725e+05  1.343777e+05  4.159484e+04 
2780  7.477954e+04  5.339426e+04  2.138528e+04 
2785  8.879748e+04  6.159279e+04  2.720469e+04 
2791  2.153974e+05  1.640719e+05  5.132552e+04 
2796  4.690995e+04  4.113995e+04  5.769994e+03 
2802  4.822582e+04  4.066464e+04  7.561177e+03 
2807  3.730977e+04  2.775087e+04  9.558908e+03 
2813  3.249803e+04  2.149385e+04  1.100419e+04 
2818  2.068785e+05  1.166170e+05  9.026151e+04 
2823  2.050932e+05  1.277477e+05  7.734545e+04 
2829  1.704746e+05  1.341648e+05  3.630977e+04 
2834  1.022297e+05  7.210419e+04  3.012547e+04 
2840  9.926068e+05  5.331577e+05  4.594490e+05 
2846  5.336942e+05  3.607252e+05  1.729690e+05 
2851  1.898722e+05  1.186403e+05  7.123197e+04 
2857  4.696245e+05  3.161336e+05  1.534909e+05 
2862  1.370237e+05  8.361305e+04  5.341068e+04 
2868  1.790488e+05  1.342948e+05  4.475394e+04 
2873  1.544234e+05  1.123910e+05  4.203236e+04 
2879  3.617619e+05  2.023391e+05  1.594229e+05 
2885  1.593836e+05  9.925515e+04  6.012846e+04 
2890  9.177692e+04  6.417444e+04  2.760249e+04 
2896  6.572515e+04  4.781266e+04  1.791249e+04 
2901  3.244572e+04  2.399833e+04  8.447393e+03 
2907  8.359430e+04  5.213370e+04  3.146059e+04 
2913  1.204246e+04  6.972792e+03  5.069671e+03 
2918  6.985846e+04  5.027053e+04  1.958793e+04 
2924  8.564972e+04  7.355127e+04  1.209845e+04 
2930  1.277038e+04  7.218487e+03  5.551887e+03 
2936  3.552496e+04  1.990571e+04  1.561926e+04 
2941  6.486946e+04  5.370814e+04  1.116133e+04 
2947  8.957759e+04  7.039450e+04  1.918310e+04 
2953  4.634536e+04  3.958924e+04  6.756114e+03 
2958  4.506726e+04  3.571396e+04  9.353300e+03 
2964  8.696370e+04  7.548812e+04  1.147558e+04 
2970  8.918091e+04  7.268739e+04  1.649352e+04 
2976  4.454146e+04  3.225043e+04  1.229103e+04 
2982  1.425590e+05  1.150831e+05  2.747593e+04 
2987  5.783418e+04  4.791593e+04  9.918253e+03 
2993  1.563336e+04  8.053326e+03  7.580035e+03 
2999  3.386705e+04  2.572109e+04  8.145959e+03 
3005  7.293562e+04  6.456953e+04  8.366096e+03 
3011  5.185255e+04  3.065530e+04  2.119725e+04 
3017  4.427235e+04  2.683189e+04  1.744046e+04 
3023  1.956957e+04  1.073954e+04  8.830028e+03 
3028  2.543805e+04  1.453039e+04  1.090766e+04 
3034  8.493538e+04  4.407925e+04  4.085612e+04 
3040  1.561984e+04  8.489172e+03  7.130668e+03 
3046  1.087600e+05  6.761119e+04  4.114885e+04 
3052  6.080066e+04  3.228542e+04  2.851523e+04 
3058  1.162374e+04  6.374542e+03  5.249194e+03 
3064  3.292279e+04  2.386722e+04  9.055564e+03 
3070  8.242398e+04  4.690331e+04  3.552067e+04 
3076  5.071289e+05  2.843696e+05  2.227593e+05 
3082  1.650839e+04  1.010327e+04  6.405122e+03 
3088  1.189419e+04  6.979993e+03  4.914194e+03 
3094  2.237261e+04  1.790754e+04  4.465071e+03 
3100  1.002618e+04  5.737852e+03  4.288326e+03 
3106  3.510276e+04  1.901633e+04  1.608642e+04 
3112  1.427987e+04  7.655244e+03  6.624628e+03 
3118  1.206798e+04  6.608898e+03  5.459082e+03 
3124  9.560673e+02  4.945185e+02  4.615487e+02 
3130  1.622354e+04  9.146034e+03  7.077510e+03 
3136  5.053823e+03  2.729069e+03  2.324754e+03 
3142  5.814335e+04  5.091007e+04  7.233277e+03 
3149  1.450060e+04  8.999044e+03  5.501552e+03 
3155  1.019649e+04  5.691246e+03  4.505249e+03 
3161  1.700757e+05  1.455409e+05  2.453482e+04 
3167  7.362182e+04  6.473018e+04  8.891637e+03 
3173  5.759281e+03  2.941905e+03  2.817376e+03 
3179  4.072983e+04  3.115395e+04  9.575878e+03 
3186  1.773097e+05  1.601540e+05  1.715562e+04 
3192  1.126757e+05  9.205130e+04  2.062442e+04 
3198  8.870852e+04  8.153240e+04  7.176128e+03 
3204  1.451579e+04  9.176939e+03  5.338854e+03 
3210  1.052481e+05  8.806448e+04  1.718367e+04 
3217  3.557058e+03  1.823632e+03  1.733425e+03 
3223  1.330003e+04  7.150622e+03  6.149403e+03 
3229  1.002104e+05  8.116194e+04  1.904843e+04 
3236  2.888539e+04  1.977481e+04  9.110585e+03 
3242  2.663641e+04  1.923653e+04  7.399878e+03 
3248  6.581284e+04  4.466488e+04  2.114796e+04 
3255  1.058018e+05  8.330998e+04  2.249185e+04 
3261  3.768123e+04  2.879792e+04  8.883305e+03 
3267  3.871177e+04  2.362451e+04  1.508726e+04 
3274  6.406820e+03  3.351195e+03  3.055625e+03 
3280  2.197565e+05  1.821164e+05  3.764009e+04 
3286  5.299128e+04  3.624626e+04  1.674502e+04 
3293  5.204417e+04  3.825629e+04  1.378788e+04 
3299  5.842167e+04  3.894389e+04  1.947778e+04 
3306  5.925390e+04  4.383002e+04  1.542388e+04 
3312  4.858025e+04  3.454337e+04  1.403688e+04 
3318  1.990050e+04  1.101471e+04  8.885791e+03 
3325  2.341131e+04  1.377958e+04  9.631726e+03 
3331  2.387030e+03  1.228178e+03  1.158852e+03 
3338  2.499046e+04  1.483830e+04  1.015217e+04 
3344  1.327370e+03  6.894905e+02  6.378794e+02 
3351  3.811669e+02  1.958261e+02  1.853408e+02 
3357  3.663925e+04  2.399137e+04  1.264788e+04 
3364  3.627837e+04  2.234372e+04  1.393464e+04 
3371  4.328175e+04  2.264596e+04  2.063579e+04 
3377  5.890143e+04  3.028603e+04  2.861539e+04 
3384  3.072408e+04  1.723924e+04  1.348484e+04 
3390  3.443740e+04  1.861283e+04  1.582457e+04 
3397  5.619417e+03  2.940574e+03  2.678843e+03 
3403  2.338043e+03  1.201024e+03  1.137019e+03 
3410  8.064967e+03  4.857912e+03  3.207055e+03 
3417  3.222865e+04  1.964406e+04  1.258459e+04 
3423  6.100498e+03  3.130670e+03  2.969828e+03 
3430  1.363883e+04  7.401805e+03  6.237023e+03 
3437  2.218553e+04  1.558603e+04  6.599499e+03 
3443  2.686925e+04  1.382882e+04  1.304043e+04 
3450  5.828589e+04  3.345705e+04  2.482884e+04 
3457  4.868527e+04  2.742236e+04  2.126290e+04 
3464  9.105225e+03  4.921579e+03  4.183646e+03 
3470  1.044835e+04  6.010992e+03  4.437355e+03 
3477  3.795483e+04  2.231824e+04  1.563659e+04 
3484  3.591459e+04  1.989238e+04  1.602221e+04 
3491  2.334488e+04  1.380532e+04  9.539560e+03 
3498  5.074276e+04  2.972838e+04  2.101437e+04 
3504  5.864789e+04  3.031042e+04  2.833747e+04 
3511  2.168339e+03  1.107749e+03  1.060589e+03 
3518  2.987557e+04  1.649063e+04  1.338495e+04 
3525  1.913926e+04  9.823800e+03  9.315462e+03 
3532  1.414058e+04  7.276730e+03  6.863855e+03 
3539  5.021735e+04  2.578791e+04  2.442944e+04 
3545  4.737082e+03  2.423064e+03  2.314018e+03 
3552  1.364467e+04  7.658212e+03  5.986457e+03 
3559  7.983980e+03  4.165352e+03  3.818629e+03 
3566  8.090775e+03  4.287387e+03  3.803389e+03 
3573  1.082791e+03  6.118707e+02  4.709207e+02 
3580  3.869947e+02  1.981322e+02  1.888625e+02 
3587  8.231387e+03  4.211206e+03  4.020180e+03 
3594  5.455314e+02  2.791486e+02  2.663828e+02 
3601  1.615210e+03  8.271692e+02  7.880413e+02 
3608  1.102206e+03  5.639025e+02  5.383035e+02 
3615  2.348234e+03  1.219753e+03  1.128482e+03 
3622  2.662471e+04  1.603351e+04  1.059121e+04 
3629  1.273337e+03  7.147698e+02  5.585676e+02 
3636  3.344198e+03  1.771225e+03  1.572973e+03 
3643  1.477211e+04  9.632190e+03  5.139920e+03 
3651  2.222793e+02  1.137150e+02  1.085642e+02 
3658  1.806736e+04  1.361762e+04  4.449736e+03 
3665  9.502531e+02  4.845714e+02  4.656817e+02 
3672  4.029783e+02  2.020573e+02  2.009210e+02 
3679  9.642578e+02  4.216971e+02  5.425607e+02 
3686  1.495564e+03  6.243851e+02  8.711793e+02 
3693  5.087783e+02  2.593352e+02  2.494432e+02 
3701  2.766615e+03  1.408853e+03  1.357762e+03 
3708  6.886158e+02  3.523057e+02  3.363102e+02 
3715  1.111446e+03  4.212294e+02  6.902168e+02 
3722  4.481600e+03  2.304094e+03  2.177506e+03 
3730  8.119027e+03  4.306597e+03  3.812430e+03 
3737  2.182108e+02  1.113653e+02  1.068456e+02 
3744  2.934318e+03  1.505557e+03  1.428761e+03 
3751  1.411720e+04  8.196800e+03  5.920401e+03 
3759  1.304865e+04  7.032760e+03  6.015893e+03 
3766  5.549554e+04  3.550976e+04  1.998577e+04 
3773  1.224716e+02  6.134233e+01  6.112929e+01 
3781  3.354267e+04  1.912122e+04  1.442145e+04 
3788  2.677050e+03  1.385433e+03  1.291617e+03 
3795  3.180077e+03  1.630368e+03  1.549708e+03 
3803  4.762261e+02  2.428428e+02  2.333833e+02 
3810  4.305344e+03  2.260623e+03  2.044721e+03 
3818  3.778247e+02  1.855391e+02  1.922856e+02 
3825  9.385278e+04  6.819559e+04  2.565719e+04 
3833  1.552952e+03  8.296117e+02  7.233405e+02 
3840  3.291498e+03  1.613586e+03  1.677912e+03 
3847  4.545172e+03  2.385764e+03  2.159408e+03 
3855  1.261531e+02  6.438657e+01  6.176651e+01 
3862  3.259793e+02  1.662772e+02  1.597021e+02 
3870  2.413230e+04  1.531470e+04  8.817608e+03 
3878  1.048566e+03  5.346475e+02  5.139188e+02 
3885  2.574224e+02  1.310705e+02  1.263519e+02 
3893  5.455701e+03  2.846465e+03  2.609236e+03 
3900  6.824418e+02  3.502125e+02  3.322293e+02 
3908  1.658444e+04  8.811412e+03  7.773028e+03 
3915  1.193591e+04  6.426162e+03  5.509750e+03 
3923  5.327587e+02  2.716096e+02  2.611491e+02 
3931  1.652845e+04  9.058241e+03  7.470207e+03 
3938  4.916271e+04  3.078390e+04  1.837882e+04 
3946  1.526507e+04  8.608892e+03  6.656178e+03 
3954  4.775340e+02  2.432967e+02  2.342373e+02 
3961  1.288746e+04  6.453479e+03  6.433982e+03 
3969  2.606237e+04  1.362034e+04  1.244204e+04 
3977  6.835804e+04  4.626085e+04  2.209719e+04 
3985  6.198667e+03  3.234695e+03  2.963972e+03 
3992  5.752861e+03  2.989118e+03  2.763743e+03 
4000  3.641637e+04  2.227780e+04  1.413858e+04 
4008  2.511813e+03  1.284441e+03  1.227373e+03 
4016  9.817494e+02  4.994019e+02  4.823475e+02 
4024  6.264196e+03  3.292229e+03  2.971967e+03 
4031  8.940959e+02  4.540238e+02  4.400721e+02 
4039  2.942659e+02  1.497296e+02  1.445363e+02 
4047  2.919869e+02  1.482742e+02  1.437126e+02 
4055  1.496819e+03  7.566339e+02  7.401855e+02 
4063  8.634299e+03  4.482209e+03  4.152090e+03 
4071  8.789062e+03  4.467821e+03  4.321242e+03 
4079  7.727988e+03  3.954891e+03  3.773097e+03 
4087  5.053816e+03  2.590830e+03  2.462986e+03 
4095  9.362168e+03  4.752705e+03  4.609463e+03 
4103  1.220105e+03  5.944658e+02  6.256396e+02 
4111  3.866108e+03  1.974417e+03  1.891691e+03 
4119  2.001272e+04  1.128001e+04  8.732715e+03 
4127  1.723875e+04  9.736174e+03  7.502581e+03 
4135  8.728501e+03  4.561836e+03  4.166665e+03 
4143  7.764662e+03  3.938428e+03  3.826233e+03 
4151  1.008932e+03  5.125920e+02  4.963398e+02 
4159  5.026850e+03  2.565608e+03  2.461241e+03 
4167  1.059011e+03  5.394924e+02  5.195188e+02 
4175  1.660982e+05  1.082136e+05  5.788463e+04 
4183  4.225531e+03  2.160503e+03  2.065028e+03 
4191  2.383551e+02  1.209300e+02  1.174251e+02 
4200  1.289581e+03  6.530493e+02  6.365316e+02 
4208  3.931568e+03  2.046236e+03  1.885332e+03 
4216  1.425545e+02  7.242252e+01  7.013197e+01 
4224  1.323264e+03  6.721776e+02  6.510865e+02 
4232  8.733352e+04  7.028291e+04  1.705060e+04 
4241  3.275918e+05  1.662692e+05  1.613227e+05 
4249  8.111655e+03  4.474175e+03  3.637480e+03 
4257  1.797140e+04  9.705521e+03  8.265879e+03 
4265  1.184344e+03  5.995560e+02  5.847878e+02 
4274  1.729959e+05  8.921610e+04  8.377976e+04 
4282  3.867893e+02  1.963344e+02  1.904549e+02 
4290  2.046893e+05  1.038263e+05  1.008630e+05 
4299  7.586308e+04  5.106145e+04  2.480163e+04 
4307  4.788988e+04  2.424049e+04  2.364939e+04 
4316  1.291291e+05  6.866567e+04  6.046341e+04 
4324  4.089635e+03  2.046631e+03  2.043004e+03 
4332  4.732169e+04  3.379432e+04  1.352738e+04 
4341  5.250483e+04  3.211302e+04  2.039181e+04 
4349  1.911329e+05  1.120969e+05  7.903595e+04 
4358  2.509062e+05  1.270259e+05  1.238804e+05 
4366  1.330370e+04  7.053418e+03  6.250278e+03 
4375  1.201504e+05  8.661310e+04  3.353730e+04 
4383  1.122874e+05  7.078159e+04  4.150583e+04 
4392  1.869373e+02  9.475278e+01  9.218452e+01 
4400  4.568491e+04  2.967770e+04  1.600722e+04 
4409  1.781138e+05  1.410144e+05  3.709945e+04 
4418  1.512283e+05  8.693596e+04  6.429230e+04 
4426  3.131945e+02  1.586217e+02  1.545728e+02 
4435  4.181726e+04  2.309088e+04  1.872638e+04 
4443  1.559316e+03  7.895833e+02  7.697330e+02 
4452  7.596345e+04  3.829906e+04  3.766439e+04 
4461  2.776540e+04  1.402211e+04  1.374330e+04 
4469  4.994362e+04  3.164697e+04  1.829665e+04 
4478  3.609422e+04  1.824047e+04  1.785375e+04 
4487  1.171935e+05  7.817092e+04  3.902253e+04 
4496  6.854549e+03  3.472197e+03  3.382352e+03 
4504  3.514352e+04  2.640766e+04  8.735857e+03 
4513  5.375640e+04  3.326500e+04  2.049139e+04 
4522  1.347077e+05  1.018848e+05  3.282293e+04 
4531  2.835723e+04  1.591664e+04  1.244059e+04 
4540  3.545670e+04  2.560431e+04  9.852387e+03 
4548  5.656967e+04  4.517966e+04  1.139002e+04 
4557  7.284866e+04  5.062303e+04  2.222563e+04 
4566  1.546669e+02  7.828435e+01  7.638252e+01 
4575  5.967598e+04  4.367729e+04  1.599870e+04 
4584  1.296155e+05  9.547386e+04  3.414160e+04 
4593  2.514101e+04  1.413921e+04  1.100180e+04 
4602  2.467684e+03  1.247154e+03  1.220530e+03 
4611  4.833957e+02  2.447312e+02  2.386645e+02 
4620  6.667878e+04  5.024685e+04  1.643193e+04 
4629  2.134982e+05  1.587953e+05  5.470293e+04 
4638  1.490047e+04  7.521627e+03  7.378847e+03 
4647  2.764063e+04  1.601369e+04  1.162694e+04 
4656  1.561349e+03  7.955458e+02  7.658036e+02 
4665  9.225181e+04  5.681555e+04  3.543626e+04 
4674  2.429788e+03  1.243985e+03  1.185803e+03 
4683  6.756456e+03  3.409092e+03  3.347364e+03 
4692  9.802012e+01  4.958160e+01  4.843851e+01 
4701  7.133721e+02  3.602295e+02  3.531426e+02 
4711  3.320231e+02  1.500658e+02  1.819573e+02 
4720  6.352102e+03  3.216081e+03  3.136021e+03 
4729  3.894360e+04  1.976869e+04  1.917491e+04 
4738  1.928598e+03  9.791094e+02  9.494882e+02 
4747  4.747650e+03  2.392698e+03  2.354953e+03 
4757  6.123053e+02  3.092352e+02  3.030702e+02 
4766  1.795933e+01  9.063164e+00  8.896163e+00 
4775  3.139771e+04  1.584019e+04  1.555752e+04 
4784  2.978449e+01  1.500622e+01  1.477827e+01 
4794  4.340566e+03  2.186347e+03  2.154219e+03 
4803  1.785196e+02  8.999937e+01  8.852018e+01 
4813  6.707942e+04  3.384256e+04  3.323686e+04 
4822  2.903362e+04  1.471088e+04  1.432274e+04 
4831  5.988595e+03  3.038433e+03  2.950161e+03 
4841  3.358366e+03  1.720689e+03  1.637677e+03 
4850  4.506401e+03  2.272519e+03  2.233882e+03 
4860  6.329434e+02  3.200847e+02  3.128587e+02 
4869  9.976195e+03  5.062852e+03  4.913343e+03 
4879  4.075421e+04  2.055453e+04  2.019968e+04 
4888  4.298998e+04  2.166884e+04  2.132114e+04 
4898  2.376532e+04  1.197522e+04  1.179010e+04 
4907  5.070042e+04  2.556299e+04  2.513743e+04 
4917  8.742441e+01  4.405505e+01  4.336936e+01 
4926  5.265271e+04  4.032284e+04  1.232987e+04 
4936  3.239261e+02  1.632969e+02  1.606292e+02 
4945  7.599294e+04  3.833552e+04  3.765743e+04 
4955  3.105704e+04  1.564490e+04  1.541213e+04 
4965  2.069915e+02  1.041890e+02  1.028026e+02 
4974  3.398737e+04  1.710767e+04  1.687970e+04 
4984  5.382625e+02  2.711979e+02  2.670645e+02 
4994  4.590679e+03  2.336357e+03  2.254322e+03 
5004  5.872180e+04  2.958712e+04  2.913468e+04 
5013  5.841936e+04  4.480938e+04  1.360998e+04 
5023  3.139093e+04  1.580952e+04  1.558141e+04 
5033  2.811908e+02  1.416176e+02  1.395732e+02 
5043  3.263452e+04  1.642417e+04  1.621035e+04 
5052  5.696134e+04  2.868270e+04  2.827864e+04 
5062  1.030030e+04  5.183839e+03  5.116457e+03 
5072  1.304603e+05  6.567835e+04  6.478192e+04 
5082  1.500875e+03  7.592179e+02  7.416570e+02 
5092  5.376219e+02  2.702483e+02  2.673736e+02 
5102  6.611833e+03  3.497341e+03  3.114491e+03 
5112  9.478788e+04  4.774388e+04  4.704400e+04 
5122  1.460332e+03  7.378600e+02  7.224720e+02 
5132  6.277981e+03  3.182468e+03  3.095514e+03 
5142  2.341546e+03  1.194008e+03  1.147538e+03 
5152  3.274179e+03  1.659367e+03  1.614812e+03 
5162  4.735466e+05  2.392491e+05  2.342975e+05 
5172  8.978816e+04  6.341810e+04  2.637006e+04 
5182  6.982856e+04  3.513164e+04  3.469691e+04 
5192  4.582727e+02  2.919828e+02  1.662899e+02 
5202  7.797697e+04  5.692433e+04  2.105263e+04 
5212  7.758437e+01  3.904338e+01  3.854099e+01 
5222  1.262226e+04  6.344653e+03  6.277605e+03 
5233  8.818173e+04  6.785039e+04  2.033134e+04 
5243  6.558157e+02  3.305040e+02  3.253116e+02 
5253  5.063369e+04  2.990060e+04  2.073309e+04 
5263  2.589469e+05  1.309533e+05  1.279936e+05 
5273  2.945792e+05  1.846786e+05  1.099006e+05 
5284  6.129917e+04  4.275076e+04  1.854841e+04 
5294  1.580595e+04  7.944332e+03  7.861613e+03 
5304  3.675770e+02  1.849066e+02  1.826704e+02 
5315  2.264469e+05  1.863646e+05  4.008227e+04 
5325  6.299088e+04  3.924066e+04  2.375022e+04 
5335  1.154018e+05  5.813015e+04  5.727166e+04 
5346  1.468221e+04  7.397855e+03  7.284360e+03 
5356  4.448497e+02  2.236183e+02  2.212314e+02 
5367  3.686638e+04  2.150184e+04  1.536453e+04 
5377  1.194249e+05  6.013811e+04  5.928676e+04 
5388  8.593059e+02  4.319321e+02  4.273738e+02 
5398  3.955251e+02  1.989760e+02  1.965491e+02 
5409  1.905688e+04  9.628667e+03  9.428208e+03 
5419  1.395474e+02  7.011746e+01  6.942995e+01 
5430  1.400145e+05  8.032273e+04  5.969173e+04 
5440  1.657552e+03  8.342369e+02  8.233154e+02 
5451  1.695760e+03  8.563873e+02  8.393732e+02 
5461  1.012569e+03  5.038294e+02  5.087395e+02 
5472  7.473100e+03  3.773372e+03  3.699728e+03 
5483  4.417413e+02  2.219175e+02  2.198238e+02 
5493  7.908479e+03  3.971948e+03  3.936530e+03 
5504  4.477178e+02  2.249103e+02  2.228075e+02 
5515  3.842677e+02  1.930372e+02  1.912305e+02 
5526  3.211151e+04  1.612032e+04  1.599119e+04 
5536  1.269158e+04  6.562037e+03  6.129541e+03 
5547  1.069337e+04  5.370485e+03  5.322880e+03 
5558  8.417053e+03  4.224663e+03  4.192389e+03 
5569  3.946731e+03  1.980957e+03  1.965775e+03 
5580  7.925842e+03  3.978687e+03  3.947156e+03 
5590  8.101580e+03  4.066658e+03  4.034923e+03 
5601  1.040574e+02  5.225467e+01  5.180269e+01 
5612  5.983273e+03  3.003585e+03  2.979688e+03 
5623  1.036271e+04  5.263127e+03  5.099583e+03 
5634  1.571109e+02  7.884516e+01  7.826576e+01 
5645  9.531298e+03  4.782420e+03  4.748877e+03 
5656  1.091513e+04  5.568772e+03  5.346358e+03 
5667  3.593189e+03  1.803203e+03  1.789986e+03 
5678  1.024642e+04  5.140578e+03  5.105846e+03 
5689  1.296237e+04  6.505321e+03  6.457052e+03 
5700  2.330615e+02  1.169640e+02  1.160975e+02 
5711  1.067768e+03  5.357448e+02  5.320231e+02 
5723  8.325721e+03  4.187142e+03  4.138578e+03 
5734  2.392142e+03  1.209016e+03  1.183126e+03 
5745  9.125692e+03  4.577187e+03  4.548505e+03 
5756  1.820064e+03  9.129395e+02  9.071243e+02 
5767  7.047949e+02  3.535448e+02  3.512502e+02 
5779  2.322416e+03  1.165704e+03  1.156712e+03 
5790  5.912654e+02  2.963125e+02  2.949530e+02 
5801  2.988889e+03  1.498754e+03  1.490135e+03 
5812  3.361296e+03  1.717024e+03  1.644272e+03 
5824  7.959911e+02  4.001475e+02  3.958437e+02 
5835  1.397480e+04  6.877774e+03  7.097023e+03 
5846  3.028594e+03  1.518578e+03  1.510015e+03 
5858  1.278721e+03  6.417109e+02  6.370100e+02 
5869  1.336260e+04  6.700186e+03  6.662418e+03 
5881  1.383150e+03  6.932420e+02  6.899081e+02 
5892  6.285405e+02  3.182448e+02  3.102957e+02 
5904  2.191423e+03  1.098554e+03  1.092869e+03 
5915  6.761726e+03  3.389535e+03  3.372190e+03 
5927  2.694958e+03  1.353296e+03  1.341662e+03 
5938  5.282781e+01  2.647780e+01  2.635001e+01 
5950  3.512929e+03  1.797446e+03  1.715483e+03 
5961  9.284783e+02  4.653132e+02  4.631650e+02 
5973  5.640386e+02  2.835378e+02  2.805007e+02 
5985  1.853945e+03  9.291495e+02  9.247960e+02 
5996  1.430439e+04  7.297331e+03  7.007058e+03 
6008  4.338506e+03  2.174140e+03  2.164366e+03 
6020  2.166588e+03  1.086111e+03  1.080477e+03 
6031  2.669725e+02  1.337604e+02  1.332121e+02 
6043  1.557460e+04  7.800843e+03  7.773760e+03 
6055  7.488577e+03  3.751909e+03  3.736668e+03 
6067  3.597915e+02  1.800673e+02  1.797241e+02 
6078  6.963454e+03  3.514987e+03  3.448467e+03 
6090  1.005122e+03  5.034623e+02  5.016593e+02 
6102  2.113864e+03  1.048311e+03  1.065554e+03 
6114  3.978376e+03  2.004084e+03  1.974292e+03 
6126  2.112257e+03  1.060991e+03  1.051266e+03 
6138  4.412191e+02  2.212401e+02  2.199790e+02 
6150  3.963056e+04  2.290623e+04  1.672434e+04 
6162  7.665701e+02  3.836983e+02  3.828717e+02 
6174  6.625323e+03  3.319470e+03  3.305854e+03 
6186  1.149332e+04  5.754860e+03  5.738463e+03 
6198  1.679843e+03  8.411190e+02  8.387237e+02 
6210  9.946259e+01  4.980871e+01  4.965388e+01 
6222  2.756483e+02  1.381219e+02  1.375264e+02 
6234  4.158727e+04  2.369971e+04  1.788755e+04 
6246  4.075467e+04  2.571740e+04  1.503727e+04 
6259  2.029647e+03  1.016051e+03  1.013596e+03 
6271  8.218718e+02  4.112550e+02  4.106168e+02 
6283  8.345896e+02  4.182983e+02  4.162913e+02 
6295  7.096294e+02  3.579626e+02  3.516668e+02 
6307  4.423471e+03  2.193398e+03  2.230072e+03 
6320  1.885194e+04  9.442113e+03  9.409830e+03 
6332  2.757819e+03  1.371228e+03  1.386591e+03 
6344  3.280244e+03  1.830352e+03  1.449892e+03 
6357  4.804432e+03  2.404259e+03  2.400173e+03 
6369  7.552829e+03  4.086028e+03  3.466802e+03 
6381  1.273685e+04  6.374398e+03  6.362455e+03 
6394  9.637989e+02  4.822117e+02  4.815872e+02 
6406  9.993220e+03  5.145767e+03  4.847453e+03 
6419  4.448717e+04  2.617301e+04  1.831416e+04 
6431  1.625411e+04  8.473091e+03  7.781022e+03 
6444  7.155282e+03  3.568306e+03  3.586976e+03 
6456  8.007092e+04  5.583376e+04  2.423716e+04 
6469  7.989194e+03  3.996494e+03  3.992700e+03 
6482  6.112332e+03  3.033242e+03  3.079091e+03 
6494  8.967637e+03  4.485946e+03  4.481690e+03 
6507  3.484036e+03  1.742254e+03  1.741782e+03 
6520  3.239091e+04  1.708496e+04  1.530595e+04 
6532  2.862910e+03  1.431809e+03  1.431101e+03 
6545  3.836289e+02  1.918625e+02  1.917664e+02 
6558  5.390702e+03  2.519703e+03  2.870999e+03 
6571  4.725592e+03  2.358267e+03  2.367325e+03 
6583  3.572785e+03  1.786433e+03  1.786352e+03 
6596  6.984241e+02  3.492198e+02  3.492043e+02 
6609  2.570592e+03  1.285666e+03  1.284926e+03 
6622  4.526548e+03  2.262699e+03  2.263849e+03 
6635  3.438790e+01  1.719395e+01  1.719395e+01 
6648  6.460035e+03  3.229857e+03  3.230178e+03 
6661  1.937727e+03  9.689789e+02  9.687479e+02 
6674  9.059106e+02  4.505058e+02  4.554049e+02 
6687  3.480580e+03  1.740249e+03  1.740331e+03 
6700  1.887204e+03  9.436159e+02  9.435882e+02 
6713  1.035082e+02  5.178141e+01  5.172679e+01 
6726  1.321824e+03  6.609272e+02  6.608964e+02 
6739  1.355257e+01  6.776284e+00  6.776286e+00 
6752  5.536455e+02  2.768233e+02  2.768221e+02 
6765  1.080322e+03  5.401616e+02  5.401601e+02 
6778  7.737765e+02  3.868884e+02  3.868881e+02 
6792  1.817227e+02  9.086091e+01  9.086175e+01 
6805  1.301772e+03  6.508927e+02  6.508790e+02 
6818  1.645631e+03  8.228160e+02  8.228147e+02 
6831  8.669044e+02  4.333863e+02  4.335182e+02 
6845  3.845908e+01  1.922954e+01  1.922954e+01 
6858  2.855550e+03  1.427782e+03  1.427768e+03 
6871  1.264605e+04  6.323488e+03  6.322562e+03 
6885  1.869642e+02  9.354739e+01  9.341679e+01 
6898  1.457180e+03  7.285994e+02  7.285803e+02 
6912  2.052647e+03  1.025122e+03  1.027525e+03 
6925  9.918866e+02  4.958100e+02  4.960766e+02 
6938  8.873182e+03  4.436707e+03  4.436475e+03 
6952  4.452162e+02  2.222826e+02  2.229336e+02 
6966  8.274248e+02  4.133565e+02  4.140683e+02 
6979  2.544829e+02  1.272416e+02  1.272413e+02 
6993  5.611444e+02  2.805755e+02  2.805689e+02 
