1000  7.172603e+04  7.099648e+04  7.295560e+02 
1002  2.423153e+04  2.363127e+04  6.002612e+02 
1004  3.879362e+04  3.797781e+04  8.158129e+02 
1006  2.530320e+04  2.471612e+04  5.870803e+02 
1008  3.309692e+04  3.268674e+04  4.101723e+02 
1010  9.521422e+02  8.986703e+02  5.347189e+01 
1012  1.198433e+04  1.174352e+04  2.408064e+02 
1014  3.304011e+04  3.266156e+04  3.785527e+02 
1016  2.437323e+04  2.390301e+04  4.702140e+02 
1018  1.835837e+04  1.813705e+04  2.213121e+02 
1020  2.848976e+04  2.822202e+04  2.677383e+02 
1022  2.229884e+04  2.213504e+04  1.637923e+02 
1024  7.553157e+03  7.345181e+03  2.079763e+02 
1026  4.448666e+03  4.200366e+03  2.483003e+02 
1028  2.639647e+04  2.625121e+04  1.452665e+02 
1030  5.640059e+04  5.553731e+04  8.632820e+02 
1032  3.118245e+04  3.033420e+04  8.482435e+02 
1034  5.069730e+04  4.962963e+04  1.067673e+03 
1036  4.706066e+04  4.617243e+04  8.882365e+02 
1038  1.708768e+04  1.665326e+04  4.344208e+02 
1040  2.901188e+04  2.864605e+04  3.658290e+02 
1042  4.192450e+04  4.124932e+04  6.751843e+02 
1044  4.490464e+04  4.434750e+04  5.571462e+02 
1046  3.498812e+04  3.430609e+04  6.820225e+02 
1048  8.083014e+03  7.635196e+03  4.478185e+02 
1050  4.301221e+04  4.226689e+04  7.453220e+02 
1052  2.614366e+04  2.518099e+04  9.626655e+02 
1054  1.174448e+05  1.159988e+05  1.446019e+03 
1057  7.498585e+04  7.348360e+04  1.502252e+03 
1059  8.668204e+04  8.499783e+04  1.684207e+03 
1061  1.642784e+05  1.621622e+05  2.116168e+03 
1063  2.328384e+05  2.315057e+05  1.332710e+03 
1065  8.382211e+04  8.220902e+04  1.613086e+03 
1067  2.553710e+05  2.535555e+05  1.815465e+03 
1069  1.626016e+05  1.606759e+05  1.925672e+03 
1071  1.942128e+05  1.911782e+05  3.034667e+03 
1073  3.727667e+05  3.677314e+05  5.035284e+03 
1075  2.950918e+05  2.919836e+05  3.108234e+03 
1077  2.251272e+05  2.209927e+05  4.134499e+03 
1079  4.274612e+04  4.142637e+04  1.319754e+03 
1081  1.281001e+05  1.274645e+05  6.356124e+02 
1084  1.892636e+05  1.869672e+05  2.296473e+03 
1086  5.414352e+04  5.201429e+04  2.129225e+03 
1088  1.751245e+05  1.731624e+05  1.962127e+03 
1090  2.713598e+05  2.685532e+05  2.806656e+03 
1092  1.604647e+05  1.583028e+05  2.161959e+03 
1094  1.971667e+05  1.945583e+05  2.608410e+03 
1096  2.442494e+05  2.425208e+05  1.728557e+03 
1098  2.697002e+05  2.678760e+05  1.824197e+03 
1101  2.243375e+05  2.221784e+05  2.159154e+03 
1103  1.072913e+05  1.046706e+05  2.620614e+03 
1105  1.541105e+05  1.506581e+05  3.452394e+03 
1107  2.030283e+05  1.992573e+05  3.771012e+03 
1109  1.943814e+05  1.918512e+05  2.530179e+03 
1111  2.080673e+05  2.057321e+05  2.335229e+03 
1114  3.183623e+05  3.150113e+05  3.351040e+03 
1116  1.708526e+05  1.688588e+05  1.993793e+03 
1118  4.126480e+04  3.815497e+04  3.109836e+03 
1120  6.714775e+04  6.547806e+04  1.669695e+03 
1122  1.582488e+05  1.538016e+05  4.447203e+03 
1124  1.984692e+05  1.950262e+05  3.442934e+03 
1127  3.985132e+05  3.950573e+05  3.455963e+03 
1129  2.540768e+05  2.525619e+05  1.514908e+03 
1131  2.351628e+05  2.317723e+05  3.390566e+03 
1133  3.288147e+05  3.266300e+05  2.184671e+03 
1135  1.472404e+05  1.411706e+05  6.069868e+03 
1138  1.262533e+05  1.236521e+05  2.601154e+03 
1140  2.273267e+05  2.223630e+05  4.963668e+03 
1142  3.036840e+05  3.001136e+05  3.570414e+03 
1144  7.564012e+05  7.489028e+05  7.498429e+03 
1147  8.034348e+05  7.965988e+05  6.835907e+03 
1149  5.540454e+05  5.487562e+05  5.289204e+03 
1151  5.529366e+05  5.459248e+05  7.011841e+03 
1153  5.216704e+05  5.162333e+05  5.437126e+03 
1156  1.758635e+05  1.726087e+05  3.254818e+03 
1158  3.925765e+05  3.871202e+05  5.456371e+03 
1160  4.547755e+05  4.486779e+05  6.097538e+03 
1162  2.670091e+05  2.636682e+05  3.340883e+03 
1165  3.676224e+05  3.637348e+05  3.887583e+03 
1167  4.257812e+05  4.208954e+05  4.885754e+03 
1169  4.294127e+05  4.247146e+05  4.698023e+03 
1171  4.342476e+05  4.268585e+05  7.389034e+03 
1174  4.774620e+05  4.683022e+05  9.159757e+03 
1176  1.865490e+05  1.725971e+05  1.395186e+04 
1178  1.691403e+05  1.655559e+05  3.584445e+03 
1181  2.593940e+05  2.544988e+05  4.895241e+03 
1183  2.585926e+05  2.549465e+05  3.646046e+03 
1185  3.747771e+05  3.702699e+05  4.507214e+03 
1187  5.314542e+05  5.243568e+05  7.097459e+03 
1190  2.731740e+05  2.688452e+05  4.328796e+03 
1192  4.839956e+05  4.791038e+05  4.891831e+03 
1194  2.110737e+05  2.054164e+05  5.657277e+03 
1197  7.431407e+05  7.092708e+05  3.386985e+04 
1199  7.700037e+05  7.484825e+05  2.152116e+04 
1201  4.657470e+05  4.461995e+05  1.954753e+04 
1204  8.923891e+04  8.647609e+04  2.762826e+03 
1206  1.568271e+05  1.440535e+05  1.277367e+04 
1208  3.028336e+05  2.929216e+05  9.911976e+03 
1211  2.489153e+05  2.363297e+05  1.258557e+04 
1213  1.740423e+05  1.556041e+05  1.843826e+04 
1215  2.733399e+05  2.265316e+05  4.680827e+04 
1218  3.185918e+05  2.837294e+05  3.486240e+04 
1220  2.437912e+05  2.401805e+05  3.610700e+03 
1223  1.351547e+05  1.329620e+05  2.192725e+03 
1225  1.456485e+05  1.431702e+05  2.478263e+03 
1227  2.067609e+05  2.049460e+05  1.814906e+03 
1230  1.061109e+05  1.041280e+05  1.982936e+03 
1232  2.929456e+05  2.896759e+05  3.269698e+03 
1235  2.657390e+05  2.612260e+05  4.512926e+03 
1237  2.252503e+05  2.222112e+05  3.039037e+03 
1239  1.723944e+05  1.616225e+05  1.077196e+04 
1242  2.904317e+05  2.771782e+05  1.325351e+04 
1244  2.087337e+05  2.053315e+05  3.402188e+03 
1247  1.396028e+05  1.371050e+05  2.497758e+03 
1249  1.969712e+05  1.939746e+05  2.996618e+03 
1252  1.965867e+05  1.935390e+05  3.047666e+03 
1254  2.385344e+05  2.340820e+05  4.452356e+03 
1256  4.434088e+05  4.236358e+05  1.977301e+04 
1259  2.614811e+05  2.520292e+05  9.451949e+03 
1261  4.541774e+05  4.426280e+05  1.154941e+04 
1264  1.270594e+06  1.176947e+06  9.364722e+04 
1266  2.251193e+06  2.105766e+06  1.454269e+05 
1269  4.184933e+05  3.944382e+05  2.405510e+04 
1271  6.465194e+05  6.134332e+05  3.308617e+04 
1274  2.898585e+05  2.833032e+05  6.555219e+03 
1276  2.438041e+05  2.360731e+05  7.730952e+03 
1279  2.778666e+05  2.671596e+05  1.070699e+04 
1281  2.072688e+05  1.992247e+05  8.044110e+03 
1284  1.960294e+05  1.864443e+05  9.585078e+03 
1286  2.980521e+05  2.814640e+05  1.658810e+04 
1289  9.609778e+05  8.819864e+05  7.899137e+04 
1291  6.103829e+05  5.604864e+05  4.989645e+04 
1294  2.664506e+05  2.414764e+05  2.497414e+04 
1296  3.438245e+05  3.251757e+05  1.864883e+04 
1299  3.807812e+05  3.623885e+05  1.839271e+04 
1301  3.000928e+05  2.834689e+05  1.662389e+04 
1304  2.533564e+05  2.384276e+05  1.492880e+04 
1306  3.719012e+05  3.543007e+05  1.760046e+04 
1309  1.603687e+05  1.520421e+05  8.326558e+03 
1311  1.871838e+05  1.796645e+05  7.519288e+03 
1314  2.744222e+05  2.655264e+05  8.895885e+03 
1316  3.050834e+05  2.887895e+05  1.629394e+04 
1319  3.933453e+05  3.771796e+05  1.616567e+04 
1322  3.466034e+05  3.334511e+05  1.315230e+04 
1324  2.784545e+05  2.625945e+05  1.585997e+04 
1327  3.483734e+05  3.349107e+05  1.346264e+04 
1329  2.634383e+05  2.488967e+05  1.454163e+04 
1332  2.871384e+05  2.694961e+05  1.764229e+04 
1335  1.272852e+05  1.203675e+05  6.917627e+03 
1337  1.664557e+05  1.565005e+05  9.955172e+03 
1340  6.463978e+05  5.541459e+05  9.225186e+04 
1342  1.260833e+05  1.135930e+05  1.249028e+04 
1345  4.401488e+05  3.823452e+05  5.780363e+04 
1348  6.577273e+04  5.835276e+04  7.419965e+03 
1350  3.115062e+05  2.802507e+05  3.125548e+04 
1353  2.918558e+05  2.544560e+05  3.739987e+04 
1355  3.285083e+05  3.044192e+05  2.408914e+04 
1358  2.238702e+05  2.113297e+05  1.254054e+04 
1361  5.627288e+05  5.195548e+05  4.317396e+04 
1363  4.009688e+05  3.811613e+05  1.980746e+04 
1366  5.956705e+05  5.599919e+05  3.567862e+04 
1369  3.362496e+05  3.150853e+05  2.116436e+04 
1371  5.568436e+05  5.140528e+05  4.279078e+04 
1374  6.591335e+05  6.293728e+05  2.976072e+04 
1377  5.863128e+05  5.645499e+05  2.176280e+04 
1379  4.524708e+05  4.247745e+05  2.769628e+04 
1382  5.337856e+05  4.992793e+05  3.450627e+04 
1385  3.047231e+05  2.766323e+05  2.809078e+04 
1388  4.678683e+05  4.223986e+05  4.546979e+04 
1390  2.368830e+05  2.103118e+05  2.657128e+04 
1393  2.729414e+05  1.915712e+05  8.137023e+04 
1396  3.657207e+05  3.336272e+05  3.209346e+04 
1398  8.309954e+05  7.834178e+05  4.757764e+04 
1401  4.622046e+05  4.346385e+05  2.756615e+04 
1404  3.878922e+05  3.694890e+05  1.840328e+04 
1407  2.522541e+05  2.290179e+05  2.323620e+04 
1409  3.205342e+05  2.952814e+05  2.525278e+04 
1412  3.120172e+05  2.884226e+05  2.359462e+04 
1415  6.874351e+05  6.596294e+05  2.780570e+04 
1418  5.372052e+05  5.011974e+05  3.600783e+04 
1420  2.653322e+05  2.377888e+05  2.754337e+04 
1423  2.672167e+05  2.378009e+05  2.941578e+04 
1426  1.405470e+05  1.227625e+05  1.778451e+04 
1429  3.504667e+05  2.985311e+05  5.193565e+04 
1431  4.597657e+05  4.276702e+05  3.209548e+04 
1434  2.525426e+05  2.260677e+05  2.647490e+04 
1437  5.461546e+05  5.172875e+05  2.886708e+04 
1440  5.171396e+05  4.728049e+05  4.433471e+04 
1443  4.585611e+05  3.980400e+05  6.052105e+04 
1445  2.116393e+05  1.754499e+05  3.618941e+04 
1448  2.497388e+05  2.167745e+05  3.296436e+04 
1451  3.433895e+05  3.084250e+05  3.496450e+04 
1454  3.877221e+05  3.355573e+05  5.216474e+04 
1457  2.468455e+05  2.151791e+05  3.166644e+04 
1460  2.383904e+05  1.958076e+05  4.258279e+04 
1462  3.126943e+05  2.854417e+05  2.725261e+04 
1465  3.300691e+05  2.673396e+05  6.272949e+04 
1468  2.790899e+05  2.284427e+05  5.064725e+04 
1471  3.897837e+05  3.355772e+05  5.420650e+04 
1474  5.944043e+05  5.356971e+05  5.870724e+04 
1477  5.247024e+05  4.603242e+05  6.437814e+04 
1480  2.995612e+05  2.787988e+05  2.076244e+04 
1482  4.133742e+05  3.699342e+05  4.343994e+04 
1485  4.000569e+05  3.438222e+05  5.623462e+04 
1488  5.401514e+05  4.720078e+05  6.814355e+04 
1491  4.401830e+05  3.997214e+05  4.046162e+04 
1494  3.574757e+05  3.106260e+05  4.684968e+04 
1497  1.687821e+05  1.452099e+05  2.357214e+04 
1500  1.440629e+05  1.280167e+05  1.604623e+04 
1503  2.971962e+05  2.654646e+05  3.173167e+04 
1506  4.086794e+05  3.791364e+05  2.954302e+04 
1509  3.133026e+05  2.872851e+05  2.601754e+04 
1512  3.560150e+05  3.229586e+05  3.305641e+04 
1515  2.216799e+05  2.026974e+05  1.898246e+04 
1518  4.796863e+04  3.997419e+04  7.994438e+03 
1520  2.681007e+05  2.317725e+05  3.632823e+04 
1523  3.011804e+05  2.650978e+05  3.608263e+04 
1526  2.773800e+05  2.433950e+05  3.398499e+04 
1529  6.830346e+04  5.100023e+04  1.730323e+04 
1532  1.334166e+05  1.139744e+05  1.944218e+04 
1535  3.796448e+05  2.778264e+05  1.018184e+05 
1538  2.343148e+05  1.432840e+05  9.103076e+04 
1541  1.294650e+05  1.036129e+05  2.585214e+04 
1544  8.367799e+04  6.840128e+04  1.527671e+04 
1547  3.436165e+05  1.686164e+05  1.750001e+05 
1550  3.368306e+05  2.568280e+05  8.000256e+04 
1553  1.957915e+05  1.593042e+05  3.648730e+04 
1556  2.642788e+05  2.262783e+05  3.800042e+04 
1559  1.651520e+05  1.522756e+05  1.287641e+04 
1562  2.301817e+05  2.007911e+05  2.939063e+04 
1566  1.177458e+05  1.003779e+05  1.736795e+04 
1569  2.380339e+05  2.194469e+05  1.858707e+04 
1572  3.820285e+05  3.071493e+05  7.487923e+04 
1575  3.020772e+05  2.636919e+05  3.838522e+04 
1578  4.982691e+05  4.508592e+05  4.740995e+04 
1581  3.992782e+05  2.977854e+05  1.014928e+05 
1584  2.041068e+05  1.785115e+05  2.559527e+04 
1587  2.906433e+05  2.679529e+05  2.269037e+04 
1590  1.165942e+05  8.839338e+04  2.820079e+04 
1593  3.461694e+05  2.665050e+05  7.966445e+04 
1596  1.897274e+05  1.282382e+05  6.148911e+04 
1599  1.675395e+05  1.303980e+05  3.714147e+04 
1603  1.896130e+05  1.681069e+05  2.150605e+04 
1606  2.838766e+05  2.386469e+05  4.522968e+04 
1609  1.883318e+05  1.712349e+05  1.709685e+04 
1612  2.368394e+05  1.992858e+05  3.755356e+04 
1615  2.781092e+04  2.137515e+04  6.435769e+03 
1618  2.159149e+05  1.903513e+05  2.556353e+04 
1621  3.294342e+05  2.950541e+05  3.438005e+04 
1624  3.018277e+05  2.759906e+05  2.583712e+04 
1628  5.426248e+05  5.074948e+05  3.513005e+04 
1631  2.911623e+05  2.691071e+05  2.205522e+04 
1634  4.160701e+05  3.895372e+05  2.653286e+04 
1637  4.595404e+05  3.835683e+05  7.597211e+04 
1640  9.313461e+05  7.338763e+05  1.974698e+05 
1644  3.149572e+05  2.785037e+05  3.645361e+04 
1647  3.300612e+05  3.036257e+05  2.643550e+04 
1650  2.894661e+05  2.699248e+05  1.954124e+04 
1653  4.026256e+05  3.795930e+05  2.303260e+04 
1656  4.523268e+05  4.151859e+05  3.714088e+04 
1660  1.822772e+05  1.707777e+05  1.149950e+04 
1663  1.178827e+05  1.081751e+05  9.707605e+03 
1666  1.233198e+05  1.004865e+05  2.283325e+04 
1669  2.160537e+05  1.736760e+05  4.237763e+04 
1673  2.542001e+05  2.105628e+05  4.363730e+04 
1676  3.759759e+05  2.998219e+05  7.615408e+04 
1679  2.755694e+05  2.336264e+05  4.194295e+04 
1682  3.547292e+05  2.794782e+05  7.525098e+04 
1686  2.935506e+05  2.162974e+05  7.725319e+04 
1689  3.146812e+05  2.790610e+05  3.562027e+04 
1692  2.094920e+05  1.988475e+05  1.064448e+04 
1696  1.770826e+05  1.512586e+05  2.582393e+04 
1699  1.485903e+05  1.321751e+05  1.641517e+04 
1702  2.943392e+05  2.346516e+05  5.968766e+04 
1706  1.765672e+05  1.601876e+05  1.637963e+04 
1709  4.875720e+05  4.008323e+05  8.673971e+04 
1712  2.127953e+05  1.836531e+05  2.914220e+04 
1715  4.894177e+05  4.417915e+05  4.762614e+04 
1719  3.300629e+05  3.129670e+05  1.709590e+04 
1722  5.461996e+05  4.721225e+05  7.407715e+04 
1726  3.650910e+05  3.360125e+05  2.907845e+04 
1729  1.280195e+05  1.087265e+05  1.929297e+04 
1732  2.363039e+05  2.048677e+05  3.143621e+04 
1736  1.182305e+05  1.067075e+05  1.152304e+04 
1739  8.829595e+04  6.035577e+04  2.794019e+04 
1742  1.325439e+05  1.138440e+05  1.869995e+04 
1746  2.023126e+05  1.778559e+05  2.445669e+04 
1749  2.818886e+05  2.382390e+05  4.364963e+04 
1753  2.924685e+04  1.892431e+04  1.032254e+04 
1756  9.397442e+04  6.490430e+04  2.907012e+04 
1759  2.590242e+05  2.319922e+05  2.703203e+04 
1763  2.073877e+05  1.678535e+05  3.953414e+04 
1766  1.392907e+05  1.096484e+05  2.964230e+04 
1770  1.150857e+05  9.731415e+04  1.777158e+04 
1773  3.961413e+05  2.651210e+05  1.310203e+05 
1777  1.798865e+05  1.619199e+05  1.796660e+04 
1780  1.537403e+05  1.325220e+05  2.121832e+04 
1784  4.493715e+05  4.167252e+05  3.264623e+04 
1787  1.100952e+06  1.039702e+06  6.125063e+04 
1791  1.860462e+05  1.564099e+05  2.963624e+04 
1794  3.953112e+05  3.303216e+05  6.498966e+04 
1798  3.716459e+05  3.459593e+05  2.568655e+04 
1801  5.837355e+04  3.438526e+04  2.398829e+04 
1805  3.548931e+05  2.907245e+05  6.416859e+04 
1808  2.630045e+05  2.088223e+05  5.418222e+04 
1812  1.554923e+05  9.443472e+04  6.105760e+04 
1815  1.825766e+05  1.613434e+05  2.123315e+04 
1819  1.157517e+05  1.013927e+05  1.435898e+04 
1822  2.285125e+05  2.045725e+05  2.394009e+04 
1826  2.662611e+05  2.348701e+05  3.139099e+04 
1829  2.333432e+05  2.092302e+05  2.411304e+04 
1833  2.054819e+05  1.744702e+05  3.101172e+04 
1836  1.850177e+05  1.672240e+05  1.779373e+04 
1840  2.517759e+05  1.672016e+05  8.457428e+04 
1844  2.095134e+05  1.513702e+05  5.814320e+04 
1847  1.938942e+05  1.789487e+05  1.494543e+04 
1851  2.494572e+05  2.046434e+05  4.481380e+04 
1854  8.370014e+04  6.104177e+04  2.265837e+04 
1858  1.626592e+05  1.337746e+05  2.888460e+04 
1862  2.783842e+05  1.892267e+05  8.915752e+04 
1865  1.723385e+05  1.441134e+05  2.822507e+04 
1869  2.614475e+05  2.162734e+05  4.517407e+04 
1873  9.317634e+04  7.478962e+04  1.838671e+04 
1876  2.932191e+05  2.614206e+05  3.179853e+04 
1880  2.728053e+05  2.370349e+05  3.577047e+04 
1883  4.463223e+05  2.871214e+05  1.592010e+05 
1887  3.019053e+05  2.431228e+05  5.878255e+04 
1891  1.354926e+05  1.150029e+05  2.048974e+04 
1895  1.595590e+05  1.363527e+05  2.320622e+04 
1898  3.211919e+05  2.699690e+05  5.122287e+04 
1902  3.733476e+05  3.089963e+05  6.435127e+04 
1906  2.110957e+05  1.718155e+05  3.928022e+04 
1909  2.248007e+05  1.908827e+05  3.391797e+04 
1913  2.206567e+05  1.837351e+05  3.692159e+04 
1917  3.147017e+05  2.653191e+05  4.938257e+04 
1921  2.065525e+05  1.317406e+05  7.481182e+04 
1924  2.015312e+05  1.569934e+05  4.453784e+04 
1928  3.565489e+05  2.908858e+05  6.566311e+04 
1932  2.155937e+05  1.649636e+05  5.063015e+04 
1936  2.056233e+05  1.841192e+05  2.150409e+04 
1939  2.309623e+05  1.784484e+05  5.251396e+04 
1943  3.125329e+05  2.497882e+05  6.274470e+04 
1947  5.253846e+05  4.338937e+05  9.149086e+04 
1951  1.730968e+05  1.385818e+05  3.451500e+04 
1954  2.817994e+05  2.277762e+05  5.402320e+04 
1958  8.255371e+05  4.693549e+05  3.561822e+05 
1962  3.034664e+05  2.389830e+05  6.448350e+04 
1966  1.091773e+06  8.790714e+05  2.127018e+05 
1970  9.666526e+05  7.738358e+05  1.928168e+05 
1974  1.667882e+06  1.008870e+06  6.590121e+05 
1977  2.880648e+05  1.752609e+05  1.128039e+05 
1981  1.164058e+05  8.545190e+04  3.095385e+04 
1985  3.293870e+05  2.549257e+05  7.446129e+04 
1989  2.267026e+05  1.803184e+05  4.638414e+04 
1993  2.721696e+05  1.855474e+05  8.662223e+04 
1997  1.890221e+05  1.333222e+05  5.569989e+04 
2001  3.864942e+05  3.404590e+05  4.603524e+04 
2005  2.817324e+05  2.480105e+05  3.372193e+04 
2008  5.122182e+05  4.450050e+05  6.721319e+04 
2012  4.457801e+05  3.600870e+05  8.569306e+04 
2016  4.823527e+05  3.744743e+05  1.078783e+05 
2020  2.148402e+05  1.790524e+05  3.578771e+04 
2024  3.004467e+05  2.105128e+05  8.993391e+04 
2028  6.521246e+05  4.529686e+05  1.991560e+05 
2032  4.824145e+05  4.070026e+05  7.541188e+04 
2036  1.803466e+05  1.547824e+05  2.556415e+04 
2040  2.219914e+05  1.912065e+05  3.078492e+04 
2044  2.381346e+05  2.035710e+05  3.456360e+04 
2048  1.708005e+05  1.223266e+05  4.847393e+04 
2052  1.784348e+05  1.495854e+05  2.884933e+04 
2056  3.249068e+05  2.800451e+05  4.486174e+04 
2060  1.141838e+05  7.830239e+04  3.588145e+04 
2064  4.026178e+05  3.576457e+05  4.497204e+04 
2068  4.994684e+05  3.570069e+05  1.424615e+05 
2072  4.666523e+05  3.455281e+05  1.211242e+05 
2076  4.517188e+05  3.072910e+05  1.444278e+05 
2080  2.141842e+05  1.597726e+05  5.441166e+04 
2084  1.881397e+05  1.299941e+05  5.814564e+04 
2088  1.725326e+05  1.510268e+05  2.150579e+04 
2092  2.590509e+05  1.909538e+05  6.809713e+04 
2096  2.055342e+05  1.607087e+05  4.482553e+04 
2100  3.857228e+05  3.001123e+05  8.561054e+04 
2104  3.600269e+05  2.736540e+05  8.637289e+04 
2109  6.542913e+05  6.014204e+05  5.287093e+04 
2113  1.975399e+05  1.562393e+05  4.130053e+04 
2117  9.497525e+05  6.646272e+05  2.851252e+05 
2121  9.022062e+04  7.089619e+04  1.932443e+04 
2125  2.336918e+05  1.517650e+05  8.192680e+04 
2129  4.386869e+05  3.697132e+05  6.897367e+04 
2133  2.929076e+05  2.228498e+05  7.005777e+04 
2138  4.384647e+05  3.911838e+05  4.728092e+04 
2142  3.895865e+05  3.047849e+05  8.480161e+04 
2146  2.585259e+05  2.139345e+05  4.459146e+04 
2150  3.398992e+05  3.010628e+05  3.883635e+04 
2154  2.289959e+05  1.641376e+05  6.485829e+04 
2158  3.432611e+05  2.573869e+05  8.587423e+04 
2163  3.755290e+05  3.225854e+05  5.294366e+04 
2167  5.486713e+05  4.635053e+05  8.516603e+04 
2171  2.100780e+05  1.519020e+05  5.817606e+04 
2175  5.360397e+05  4.417546e+05  9.428506e+04 
2180  1.447265e+05  1.219594e+05  2.276712e+04 
2184  4.009695e+05  3.036909e+05  9.727863e+04 
2188  3.622256e+05  2.863626e+05  7.586297e+04 
2192  1.234100e+05  8.902159e+04  3.438843e+04 
2197  1.258298e+05  7.993013e+04  4.589969e+04 
2201  2.150901e+05  1.551805e+05  5.990954e+04 
2205  2.860229e+05  2.200853e+05  6.593763e+04 
2209  3.118745e+05  2.392849e+05  7.258964e+04 
2214  4.806411e+05  3.970347e+05  8.360634e+04 
2218  3.110076e+05  2.501633e+05  6.084424e+04 
2222  5.536950e+05  4.799156e+05  7.377937e+04 
2227  4.490528e+05  3.328161e+05  1.162366e+05 
2231  4.761206e+05  3.531418e+05  1.229787e+05 
2235  4.672645e+05  3.707702e+05  9.649432e+04 
2240  6.594699e+05  5.347514e+05  1.247186e+05 
2244  5.889014e+05  4.850644e+05  1.038371e+05 
2248  5.791298e+05  5.064680e+05  7.266183e+04 
2253  6.053366e+05  5.289268e+05  7.640982e+04 
2257  4.803293e+05  3.935519e+05  8.677744e+04 
2262  6.732338e+05  5.937821e+05  7.945166e+04 
2266  8.565458e+05  7.788858e+05  7.766005e+04 
2270  8.095295e+05  7.041267e+05  1.054028e+05 
2275  9.028714e+05  7.389051e+05  1.639664e+05 
2279  7.371441e+05  5.710804e+05  1.660638e+05 
2284  5.252860e+05  4.503688e+05  7.491719e+04 
2288  3.784188e+05  2.830399e+05  9.537889e+04 
2293  6.732366e+05  5.897568e+05  8.347983e+04 
2297  4.435355e+05  3.494762e+05  9.405926e+04 
2302  3.417646e+05  2.929458e+05  4.881874e+04 
2306  1.228617e+06  8.584573e+05  3.701595e+05 
2311  8.669182e+05  7.457244e+05  1.211938e+05 
2315  5.592079e+05  4.692614e+05  8.994642e+04 
2320  5.353715e+05  4.708441e+05  6.452737e+04 
2324  6.953941e+05  5.717534e+05  1.236406e+05 
2329  1.072919e+06  9.811524e+05  9.176619e+04 
2333  3.364490e+05  2.597153e+05  7.673371e+04 
2338  7.558314e+05  6.534960e+05  1.023354e+05 
2342  8.136224e+05  7.105038e+05  1.031186e+05 
2347  1.082657e+06  8.881686e+05  1.944885e+05 
2351  5.192764e+05  3.776885e+05  1.415880e+05 
2356  9.290120e+05  8.006009e+05  1.284111e+05 
2361  1.399496e+06  1.110522e+06  2.889744e+05 
2365  1.446537e+06  1.224844e+06  2.216938e+05 
2370  7.264662e+05  5.715360e+05  1.549303e+05 
2374  9.540722e+05  7.995532e+05  1.545190e+05 
2379  8.217824e+05  6.551279e+05  1.666545e+05 
2384  1.730836e+06  1.472755e+06  2.580813e+05 
2388  1.091289e+06  8.497259e+05  2.415629e+05 
2393  2.183845e+06  1.584758e+06  5.990874e+05 
2398  1.083722e+06  8.782145e+05  2.055072e+05 
2402  1.336827e+06  1.055304e+06  2.815232e+05 
2407  1.171449e+06  8.760153e+05  2.954340e+05 
2412  1.688590e+06  1.318356e+06  3.702343e+05 
2416  1.081739e+06  9.375701e+05  1.441688e+05 
2421  9.104816e+05  7.913671e+05  1.191144e+05 
2426  1.348462e+06  1.202498e+06  1.459646e+05 
2431  2.516202e+06  2.005995e+06  5.102068e+05 
2435  1.587178e+06  1.341064e+06  2.461142e+05 
2440  7.227600e+05  5.647019e+05  1.580580e+05 
2445  1.357432e+06  1.172611e+06  1.848208e+05 
2450  1.594537e+06  1.182432e+06  4.121051e+05 
2454  1.079165e+06  9.212668e+05  1.578986e+05 
2459  1.473957e+06  1.239135e+06  2.348223e+05 
2464  1.776132e+06  1.541945e+06  2.341877e+05 
2469  1.486166e+06  1.326261e+06  1.599052e+05 
2473  1.402959e+06  1.221100e+06  1.818590e+05 
2478  1.151356e+06  1.022447e+06  1.289091e+05 
2483  1.200585e+06  1.007162e+06  1.934235e+05 
2488  1.338018e+06  1.121192e+06  2.168262e+05 
2493  6.386246e+05  5.194727e+05  1.191520e+05 
2498  8.740392e+05  7.339787e+05  1.400605e+05 
2503  1.183656e+06  1.014738e+06  1.689172e+05 
2507  1.451851e+06  1.122346e+06  3.295044e+05 
2512  1.422215e+06  1.257860e+06  1.643552e+05 
2517  1.039498e+06  8.091758e+05  2.303218e+05 
2522  9.964820e+05  8.225606e+05  1.739214e+05 
2527  1.564598e+06  1.375027e+06  1.895706e+05 
2532  5.116674e+05  4.477811e+05  6.388631e+04 
2537  1.481134e+06  1.342631e+06  1.385035e+05 
2542  1.221210e+06  1.074425e+06  1.467855e+05 
2547  1.142199e+06  1.031614e+06  1.105844e+05 
2552  9.918818e+05  7.991625e+05  1.927192e+05 
2557  7.760566e+05  6.842594e+05  9.179719e+04 
2562  1.327675e+06  1.137687e+06  1.899878e+05 
2567  9.625574e+05  8.069997e+05  1.555577e+05 
2572  1.001907e+06  8.406811e+05  1.612262e+05 
2577  6.416725e+05  5.302098e+05  1.114628e+05 
2582  8.805848e+05  7.294896e+05  1.510952e+05 
2587  9.956229e+05  8.616899e+05  1.339330e+05 
2592  6.628265e+05  5.953034e+05  6.752316e+04 
2597  1.823843e+06  1.407283e+06  4.165599e+05 
2602  4.815146e+05  4.063340e+05  7.518059e+04 
2607  1.700048e+06  1.338570e+06  3.614779e+05 
2612  2.459947e+06  1.814436e+06  6.455111e+05 
2617  7.833689e+05  5.925056e+05  1.908633e+05 
2622  1.292902e+06  1.109380e+06  1.835219e+05 
2627  3.228132e+06  2.254971e+06  9.731614e+05 
2632  2.064248e+06  1.448251e+06  6.159974e+05 
2638  5.358561e+05  3.955757e+05  1.402804e+05 
2643  7.709014e+05  5.558611e+05  2.150404e+05 
2648  3.749514e+05  2.473744e+05  1.275770e+05 
2653  5.689932e+05  4.373722e+05  1.316210e+05 
2658  3.273234e+05  2.288152e+05  9.850816e+04 
2663  3.002312e+05  2.488212e+05  5.140999e+04 
2669  6.439554e+05  5.327758e+05  1.111796e+05 
2674  6.035930e+04  3.210254e+04  2.825676e+04 
2679  4.658189e+05  3.473469e+05  1.184720e+05 
2684  8.722850e+05  6.793434e+05  1.929415e+05 
2689  2.359553e+05  1.707795e+05  6.517582e+04 
2695  9.051417e+05  7.604179e+05  1.447238e+05 
2700  2.541798e+05  1.723284e+05  8.185137e+04 
2705  9.142055e+05  7.509328e+05  1.632728e+05 
2710  8.975286e+05  7.640871e+05  1.334415e+05 
2716  1.555079e+06  1.157355e+06  3.977241e+05 
2721  6.341566e+05  4.675196e+05  1.666370e+05 
2726  7.974420e+05  6.403565e+05  1.570855e+05 
2732  1.330276e+06  9.807625e+05  3.495135e+05 
2737  1.200672e+06  8.913526e+05  3.093191e+05 
2742  6.818018e+05  5.239048e+05  1.578970e+05 
2748  1.762624e+06  1.417595e+06  3.450293e+05 
2753  2.093921e+06  1.508659e+06  5.852624e+05 
2758  5.593451e+05  4.319149e+05  1.274301e+05 
2764  8.543612e+05  7.244644e+05  1.298968e+05 
2769  1.259692e+06  1.006093e+06  2.535994e+05 
2774  1.338914e+06  9.889794e+05  3.499343e+05 
2780  6.083096e+05  4.558615e+05  1.524481e+05 
2785  7.824729e+05  5.988758e+05  1.835970e+05 
2791  6.057858e+05  4.126976e+05  1.930882e+05 
2796  3.742603e+05  3.220294e+05  5.223088e+04 
2802  4.657470e+05  4.046662e+05  6.108082e+04 
2807  3.063380e+05  2.288268e+05  7.751126e+04 
2813  3.109066e+05  2.174490e+05  9.345755e+04 
2818  7.708532e+05  4.689177e+05  3.019355e+05 
2823  1.316878e+06  8.963334e+05  4.205442e+05 
2829  1.154568e+06  9.319971e+05  2.225715e+05 
2834  9.773553e+05  7.315859e+05  2.457694e+05 
2840  2.282915e+06  1.316255e+06  9.666601e+05 
2846  2.436442e+06  1.702224e+06  7.342179e+05 
2851  1.260511e+06  8.917402e+05  3.687707e+05 
2857  1.672448e+06  1.135115e+06  5.373325e+05 
2862  9.491742e+05  6.179985e+05  3.311758e+05 
2868  1.241337e+06  9.617430e+05  2.795942e+05 
2873  6.439232e+05  4.467991e+05  1.971242e+05 
2879  9.461970e+05  5.793753e+05  3.668217e+05 
2885  7.341045e+05  5.550650e+05  1.790395e+05 
2890  7.399009e+05  5.523234e+05  1.875775e+05 
2896  6.402318e+05  4.983577e+05  1.418741e+05 
2901  3.113437e+05  2.438769e+05  6.746678e+04 
2907  4.886832e+05  3.290048e+05  1.596784e+05 
2913  1.138578e+05  6.922296e+04  4.463482e+04 
2918  6.391859e+05  4.635954e+05  1.755905e+05 
2924  6.354458e+05  4.992997e+05  1.361461e+05 
2930  1.174598e+05  7.016101e+04  4.729884e+04 
2936  2.209834e+05  1.325024e+05  8.848101e+04 
2941  4.957781e+05  3.921585e+05  1.036196e+05 
2947  7.359150e+05  5.697893e+05  1.661257e+05 
2953  3.951783e+05  3.206944e+05  7.448384e+04 
2958  4.069067e+05  3.218670e+05  8.503963e+04 
2964  6.259552e+05  5.296744e+05  9.628081e+04 
2970  7.636970e+05  6.202891e+05  1.434079e+05 
2976  3.455933e+05  2.470343e+05  9.855897e+04 
2982  9.299700e+05  7.265081e+05  2.034619e+05 
2987  4.190469e+05  3.418873e+05  7.715957e+04 
2993  1.270470e+05  6.694174e+04  6.010521e+04 
2999  3.202792e+05  2.569128e+05  6.336640e+04 
3005  3.603679e+05  3.065429e+05  5.382499e+04 
3011  5.444038e+05  3.305112e+05  2.138926e+05 
3017  4.627924e+05  2.868253e+05  1.759671e+05 
3023  2.148155e+05  1.190667e+05  9.574880e+04 
3028  2.050058e+05  1.250780e+05  7.992780e+04 
3034  3.128267e+05  1.640001e+05  1.488266e+05 
3040  1.420010e+05  7.897029e+04  6.303074e+04 
3046  7.872898e+05  5.240933e+05  2.631964e+05 
3052  3.112476e+05  1.654751e+05  1.457725e+05 
3058  9.677705e+04  5.644718e+04  4.032986e+04 
3064  3.142692e+05  2.436900e+05  7.057913e+04 
3070  5.745421e+05  3.547872e+05  2.197549e+05 
3076  1.285749e+06  7.465608e+05  5.391886e+05 
3082  1.528711e+05  1.003342e+05  5.253690e+04 
3088  1.087356e+05  6.841917e+04  4.031648e+04 
3094  2.283364e+05  1.913805e+05  3.695588e+04 
3100  9.439922e+04  5.742280e+04  3.697642e+04 
3106  2.244618e+05  1.266172e+05  9.784466e+04 
3112  1.267175e+05  6.988787e+04  5.682960e+04 
3118  1.081737e+05  6.184811e+04  4.632558e+04 
3124  9.532459e+03  4.915122e+03  4.617337e+03 
3130  1.516825e+05  8.956911e+04  6.211335e+04 
3136  4.670906e+04  2.571040e+04  2.099866e+04 
3142  3.421549e+05  2.809142e+05  6.124066e+04 
3149  1.242716e+05  8.536705e+04  3.890451e+04 
3155  8.432389e+04  5.055066e+04  3.377323e+04 
3161  1.171918e+06  9.627578e+05  2.091599e+05 
3167  5.468628e+05  4.639976e+05  8.286512e+04 
3173  9.088260e+03  4.621020e+03  4.467241e+03 
3179  4.196259e+05  3.448729e+05  7.475298e+04 
3186  1.131257e+06  9.819217e+05  1.493349e+05 
3192  8.335642e+05  6.717098e+05  1.618545e+05 
3198  4.726593e+05  4.166232e+05  5.603612e+04 
3204  1.394715e+05  9.435868e+04  4.511285e+04 
3210  7.822912e+05  6.330138e+05  1.492775e+05 
3217  9.838892e+03  5.034657e+03  4.804235e+03 
3223  1.133715e+05  6.175416e+04  5.161731e+04 
3229  6.895046e+05  5.320928e+05  1.574117e+05 
3236  3.029748e+05  2.142625e+05  8.871225e+04 
3242  2.480973e+05  1.908300e+05  5.726729e+04 
3248  6.315941e+05  4.581769e+05  1.734173e+05 
3255  7.989058e+05  5.570900e+05  2.418157e+05 
3261  3.803288e+05  3.055526e+05  7.477616e+04 
3267  3.592967e+05  2.118480e+05  1.474486e+05 
3274  2.892993e+04  1.495514e+04  1.397479e+04 
3280  1.500971e+06  1.015796e+06  4.851753e+05 
3286  4.803512e+05  3.365870e+05  1.437642e+05 
3293  4.182638e+05  2.718411e+05  1.464227e+05 
3299  5.756110e+05  3.724185e+05  2.031925e+05 
3306  5.232587e+05  3.763120e+05  1.469466e+05 
3312  4.522661e+05  3.224769e+05  1.297893e+05 
3318  1.398171e+05  8.038712e+04  5.942997e+04 
3325  1.999200e+05  1.242091e+05  7.571086e+04 
3331  1.920506e+04  9.846807e+03  9.358251e+03 
3338  2.473563e+05  1.545838e+05  9.277248e+04 
3344  1.207755e+04  6.301222e+03  5.776333e+03 
3351  2.947398e+03  1.509497e+03  1.437901e+03 
3357  3.356933e+05  2.330730e+05  1.026203e+05 
3364  3.586860e+05  2.288175e+05  1.298685e+05 
3371  3.956906e+05  2.068522e+05  1.888383e+05 
3377  1.171743e+05  6.200655e+04  5.516773e+04 
3384  2.014465e+05  1.240843e+05  7.736223e+04 
3390  2.392848e+05  1.331189e+05  1.061658e+05 
3397  4.830376e+04  2.565050e+04  2.265326e+04 
3403  2.181118e+04  1.117446e+04  1.063671e+04 
3410  7.937758e+04  4.963072e+04  2.974686e+04 
3417  2.784252e+05  1.715050e+05  1.069201e+05 
3423  6.677805e+04  3.414021e+04  3.263784e+04 
3430  1.132132e+05  6.406939e+04  4.914380e+04 
3437  2.189210e+05  1.639840e+05  5.493701e+04 
3443  8.160590e+04  4.193670e+04  3.966920e+04 
3450  3.349829e+05  2.154698e+05  1.195131e+05 
3457  2.906292e+05  1.744387e+05  1.161905e+05 
3464  8.828387e+04  4.702752e+04  4.125634e+04 
3470  1.021108e+05  6.119011e+04  4.092067e+04 
3477  3.529535e+05  2.014119e+05  1.515416e+05 
3484  2.972135e+05  1.719921e+05  1.252214e+05 
3491  1.505138e+05  9.523563e+04  5.527818e+04 
3498  2.938040e+05  1.659027e+05  1.279013e+05 
3504  1.658573e+05  8.731436e+04  7.854295e+04 
3511  1.122268e+04  5.713538e+03  5.509141e+03 
3518  1.665367e+05  8.819261e+04  7.834409e+04 
3525  1.540776e+05  7.864402e+04  7.543357e+04 
3532  9.620927e+04  4.846588e+04  4.774339e+04 
3539  1.688836e+05  8.851133e+04  8.037227e+04 
3545  2.533646e+04  1.298214e+04  1.235433e+04 
3552  1.212954e+05  6.447499e+04  5.682042e+04 
3559  7.490458e+04  3.968632e+04  3.521827e+04 
3566  7.640445e+04  4.185951e+04  3.454494e+04 
3573  8.404656e+03  4.655782e+03  3.748874e+03 
3580  2.862157e+03  1.465332e+03  1.396825e+03 
3587  7.349817e+04  3.820236e+04  3.529581e+04 
3594  3.734349e+03  1.907266e+03  1.827082e+03 
3601  1.335968e+04  6.867333e+03  6.492352e+03 
3608  8.123323e+03  4.155949e+03  3.967374e+03 
3615  2.289344e+04  1.200162e+04  1.089182e+04 
3622  2.550520e+05  1.602828e+05  9.476918e+04 
3629  9.392701e+03  5.561839e+03  3.830862e+03 
3636  3.395890e+04  1.828395e+04  1.567495e+04 
3643  1.465097e+05  1.024861e+05  4.402355e+04 
3651  1.355610e+03  6.915127e+02  6.640973e+02 
3658  1.806424e+05  1.413763e+05  3.926604e+04 
3665  2.580802e+03  1.312600e+03  1.268202e+03 
3672  2.041147e+03  9.833297e+02  1.057818e+03 
3679  7.550410e+03  3.037072e+03  4.513338e+03 
3686  1.221942e+04  5.117997e+03  7.101422e+03 
3693  4.165185e+03  2.123182e+03  2.042003e+03 
3701  2.563562e+04  1.341555e+04  1.222008e+04 
3708  6.054597e+03  3.091957e+03  2.962640e+03 
3715  1.077799e+04  4.398014e+03  6.379974e+03 
3722  2.782047e+04  1.431439e+04  1.350608e+04 
3730  7.198000e+04  3.889573e+04  3.308427e+04 
3737  1.593149e+03  8.123608e+02  7.807887e+02 
3744  2.311306e+04  1.185209e+04  1.126097e+04 
3751  1.262109e+05  8.088179e+04  4.532913e+04 
3759  1.289375e+05  7.210627e+04  5.683121e+04 
3766  3.066410e+05  2.006315e+05  1.060096e+05 
3773  1.068880e+03  5.590223e+02  5.098575e+02 
3781  2.017471e+05  1.134794e+05  8.826768e+04 
3788  1.860343e+04  9.629613e+03  8.973812e+03 
3795  2.141352e+04  1.036010e+04  1.105341e+04 
3803  4.439572e+03  2.259243e+03  2.180329e+03 
3810  4.148712e+04  2.221933e+04  1.926780e+04 
3818  1.783438e+03  6.152660e+02  1.168172e+03 
3825  4.075251e+05  2.705976e+05  1.369275e+05 
3833  1.003407e+04  5.133969e+03  4.900099e+03 
3840  4.615809e+03  2.163147e+03  2.452661e+03 
3847  4.340887e+04  2.341504e+04  1.999382e+04 
3855  1.261062e+03  6.452801e+02  6.157822e+02 
3862  2.841548e+03  1.448906e+03  1.392642e+03 
3870  1.557644e+05  1.027698e+05  5.299466e+04 
3878  3.659051e+03  1.863014e+03  1.796037e+03 
3885  2.298015e+03  1.169638e+03  1.128376e+03 
3893  2.508006e+04  1.296184e+04  1.211822e+04 
3900  6.878024e+03  3.533607e+03  3.344417e+03 
3908  1.272092e+05  6.858630e+04  5.862294e+04 
3915  1.125385e+05  5.914212e+04  5.339642e+04 
3923  4.392849e+03  2.236239e+03  2.156609e+03 
3931  1.346365e+05  7.129573e+04  6.334074e+04 
3938  4.694409e+05  2.712269e+05  1.982140e+05 
3946  1.488117e+05  8.037148e+04  6.844024e+04 
3954  4.348044e+03  2.215077e+03  2.132967e+03 
3961  8.144524e+04  3.638268e+04  4.506257e+04 
3969  2.026312e+05  7.047538e+04  1.321558e+05 
3977  2.758342e+05  1.770460e+05  9.878818e+04 
3985  5.933477e+04  3.056103e+04  2.877374e+04 
3992  5.242746e+04  2.767683e+04  2.475063e+04 
4000  2.241997e+05  1.389379e+05  8.526187e+04 
4008  2.109281e+04  1.081975e+04  1.027306e+04 
4016  7.290361e+03  3.712504e+03  3.577857e+03 
4024  5.975731e+04  3.257784e+04  2.717947e+04 
4031  5.047170e+03  2.589421e+03  2.457749e+03 
4039  1.886762e+03  9.592853e+02  9.274769e+02 
4047  1.124018e+03  5.704359e+02  5.535823e+02 
4055  1.458144e+04  7.406920e+03  7.174519e+03 
4063  7.506494e+04  3.937602e+04  3.568891e+04 
4071  2.957450e+04  1.501479e+04  1.455971e+04 
4079  5.918302e+04  3.029065e+04  2.889237e+04 
4087  2.619905e+04  1.345728e+04  1.274176e+04 
4095  2.032379e+04  1.030015e+04  1.002363e+04 
4103  8.295684e+03  4.160353e+03  4.135331e+03 
4111  2.540208e+04  1.306122e+04  1.234087e+04 
4119  1.294334e+05  7.263632e+04  5.679707e+04 
4127  1.190426e+05  6.805045e+04  5.099219e+04 
4135  4.044169e+04  2.097460e+04  1.946710e+04 
4143  2.045422e+04  1.031989e+04  1.013433e+04 
4151  7.581643e+03  3.849617e+03  3.732025e+03 
4159  2.072752e+04  1.055289e+04  1.017463e+04 
4167  8.094572e+03  4.115294e+03  3.979278e+03 
4175  7.260908e+05  4.749376e+05  2.511531e+05 
4183  2.922246e+04  1.493290e+04  1.428956e+04 
4191  1.373992e+03  6.967699e+02  6.772217e+02 
4200  8.362102e+03  4.241701e+03  4.120401e+03 
4208  2.304758e+04  1.187146e+04  1.117612e+04 
4216  1.243923e+03  6.314415e+02  6.124813e+02 
4224  1.053859e+04  5.347127e+03  5.191463e+03 
4232  3.806391e+05  2.917239e+05  8.891511e+04 
4241  4.718633e+05  2.379198e+05  2.339436e+05 
4249  7.282524e+04  4.077087e+04  3.205438e+04 
4257  1.211302e+05  6.584506e+04  5.528511e+04 
4265  2.777310e+03  1.405852e+03  1.371458e+03 
4274  3.865602e+05  2.083210e+05  1.782392e+05 
4282  3.127626e+03  1.585024e+03  1.542602e+03 
4290  3.364417e+05  1.696389e+05  1.668028e+05 
4299  4.857249e+05  3.295009e+05  1.562240e+05 
4307  7.979392e+04  4.028115e+04  3.951277e+04 
4316  3.227251e+05  1.768380e+05  1.458871e+05 
4324  2.967484e+04  1.493480e+04  1.474005e+04 
4332  2.650760e+05  1.881021e+05  7.697388e+04 
4341  2.750844e+05  1.646196e+05  1.104648e+05 
4349  5.032404e+05  3.354482e+05  1.677922e+05 
4358  4.267715e+05  2.150747e+05  2.116968e+05 
4366  8.410897e+04  4.505793e+04  3.905104e+04 
4375  4.228343e+05  2.998114e+05  1.230229e+05 
4383  5.534605e+05  3.481910e+05  2.052695e+05 
4392  8.372781e+02  4.237837e+02  4.134943e+02 
4400  2.445084e+05  1.511218e+05  9.338660e+04 
4409  6.292846e+05  4.434713e+05  1.858133e+05 
4418  4.267195e+05  2.638990e+05  1.628204e+05 
4426  1.898200e+03  9.608915e+02  9.373082e+02 
4435  1.797072e+05  9.676612e+04  8.294106e+04 
4443  1.282593e+04  6.477651e+03  6.348274e+03 
4452  1.690358e+05  8.477445e+04  8.426135e+04 
4461  6.046938e+04  3.041209e+04  3.005729e+04 
4469  3.167868e+05  2.037575e+05  1.130293e+05 
4478  6.222713e+04  3.135101e+04  3.087612e+04 
4487  6.468887e+05  4.372163e+05  2.096724e+05 
4496  1.091687e+04  5.531645e+03  5.385223e+03 
4504  2.454703e+05  1.856094e+05  5.986091e+04 
4513  2.846560e+05  1.797362e+05  1.049198e+05 
4522  6.919355e+05  5.045277e+05  1.874079e+05 
4531  1.606206e+05  9.108356e+04  6.953699e+04 
4540  2.365272e+05  1.719994e+05  6.452780e+04 
4548  3.305774e+05  2.556278e+05  7.494968e+04 
4557  3.382134e+05  2.220980e+05  1.161155e+05 
4566  1.179402e+03  5.959267e+02  5.834756e+02 
4575  3.238226e+05  2.331126e+05  9.071005e+04 
4584  6.376882e+05  4.345980e+05  2.030902e+05 
4593  1.772449e+05  9.914559e+04  7.809931e+04 
4602  1.167281e+04  5.917283e+03  5.755524e+03 
4611  4.277848e+03  2.168748e+03  2.109099e+03 
4620  3.227651e+05  2.250461e+05  9.771895e+04 
4629  7.000354e+05  4.816861e+05  2.183494e+05 
4638  2.134475e+04  1.074105e+04  1.060369e+04 
4647  1.649036e+05  9.268693e+04  7.221669e+04 
4656  1.113135e+04  5.673221e+03  5.458125e+03 
4665  3.878861e+05  2.257898e+05  1.620963e+05 
4674  2.780934e+04  1.423530e+04  1.357403e+04 
4683  9.515391e+03  4.787025e+03  4.728365e+03 
4692  9.817814e+02  4.950321e+02  4.867494e+02 
4701  2.390495e+03  1.204438e+03  1.186057e+03 
4711  3.005660e+03  6.542249e+02  2.351435e+03 
4720  1.617575e+04  8.185042e+03  7.990709e+03 
4729  8.760986e+04  4.480713e+04  4.280273e+04 
4738  2.084792e+04  1.057427e+04  1.027365e+04 
4747  8.254301e+03  4.163759e+03  4.090542e+03 
4757  5.622562e+03  2.841796e+03  2.780767e+03 
4766  1.940250e+02  9.781853e+01  9.620644e+01 
4775  4.245033e+04  2.135922e+04  2.109111e+04 
4784  6.616291e+01  3.330348e+01  3.285943e+01 
4794  6.027637e+03  3.030763e+03  2.996874e+03 
4803  9.865879e+02  4.968713e+02  4.897166e+02 
4813  9.324850e+04  4.692957e+04  4.631893e+04 
4822  1.807508e+05  9.107870e+04  8.967207e+04 
4831  5.165630e+04  2.620430e+04  2.545200e+04 
4841  3.767789e+04  1.933738e+04  1.834052e+04 
4850  1.557790e+04  7.871671e+03  7.706234e+03 
4860  5.647837e+03  2.855758e+03  2.792079e+03 
4869  9.194836e+04  4.665283e+04  4.529553e+04 
4879  5.607895e+04  2.819734e+04  2.788161e+04 
4888  6.452993e+04  3.246527e+04  3.206466e+04 
4898  4.575646e+04  2.304976e+04  2.270670e+04 
4907  1.116604e+05  5.618000e+04  5.548039e+04 
4917  6.664122e+02  3.353812e+02  3.310310e+02 
4926  4.114640e+05  3.234689e+05  8.799512e+04 
4936  2.698412e+03  1.357972e+03  1.340439e+03 
4945  1.030985e+05  5.184730e+04  5.125115e+04 
4955  6.123342e+04  3.081081e+04  3.042261e+04 
4965  8.911943e+02  4.482578e+02  4.429366e+02 
4974  6.062370e+04  3.047787e+04  3.014583e+04 
4984  3.680945e+03  1.852514e+03  1.828431e+03 
4994  5.049217e+04  2.569822e+04  2.479395e+04 
5004  8.457730e+04  4.251809e+04  4.205921e+04 
5013  4.872786e+05  3.813897e+05  1.058889e+05 
5023  4.923249e+04  2.486518e+04  2.436731e+04 
5033  1.396528e+03  7.026962e+02  6.938316e+02 
5043  5.307327e+04  2.667178e+04  2.640149e+04 
5052  7.603733e+04  3.817603e+04  3.786130e+04 
5062  2.338310e+04  1.175577e+04  1.162732e+04 
5072  1.830898e+05  9.074855e+04  9.234121e+04 
5082  6.080617e+03  3.070533e+03  3.010084e+03 
5092  4.738952e+03  2.386457e+03  2.352495e+03 
5102  6.578043e+04  3.526939e+04  3.051104e+04 
5112  1.283610e+05  6.448793e+04  6.387309e+04 
5122  1.369702e+04  6.921655e+03  6.775366e+03 
5132  6.081810e+04  3.093123e+04  2.988687e+04 
5142  2.698628e+04  1.377614e+04  1.321014e+04 
5152  3.102280e+04  1.574993e+04  1.527287e+04 
5162  6.888382e+05  3.465380e+05  3.423003e+05 
5172  7.407836e+05  5.381924e+05  2.025912e+05 
5182  9.628258e+04  4.834173e+04  4.794084e+04 
5192  7.263490e+03  4.898771e+03  2.364718e+03 
5202  4.734810e+05  3.599862e+05  1.134948e+05 
5212  7.708038e+02  3.873278e+02  3.834761e+02 
5222  2.533567e+04  1.274345e+04  1.259222e+04 
5233  5.005736e+05  3.857568e+05  1.148169e+05 
5243  5.891978e+03  2.969550e+03  2.922428e+03 
5253  3.310523e+05  1.972569e+05  1.337954e+05 
5263  4.181654e+05  2.134100e+05  2.047554e+05 
5273  8.214765e+05  5.544952e+05  2.669813e+05 
5284  5.183907e+05  3.780253e+05  1.403654e+05 
5294  2.244077e+04  1.126016e+04  1.118061e+04 
5304  1.701288e+03  8.543531e+02  8.469349e+02 
5315  8.702203e+05  6.563374e+05  2.138829e+05 
5325  3.035255e+05  1.855190e+05  1.180065e+05 
5335  1.753189e+05  8.830916e+04  8.700976e+04 
5346  3.145401e+04  1.588864e+04  1.556537e+04 
5356  3.886173e+03  1.951478e+03  1.934695e+03 
5367  2.062492e+05  1.193151e+05  8.693409e+04 
5377  1.605118e+05  8.058867e+04  7.992308e+04 
5388  7.417215e+03  3.722746e+03  3.694469e+03 
5398  3.140963e+03  1.581936e+03  1.559028e+03 
5409  5.073522e+04  2.576912e+04  2.496610e+04 
5419  1.142175e+03  5.732999e+02  5.688751e+02 
5430  5.039027e+05  2.856876e+05  2.182150e+05 
5440  1.309592e+04  6.597467e+03  6.498453e+03 
5451  1.329956e+04  6.772890e+03  6.526671e+03 
5461  8.885891e+03  4.483958e+03  4.401934e+03 
5472  2.379961e+04  1.200608e+04  1.179353e+04 
5483  2.818762e+03  1.414167e+03  1.404594e+03 
5493  1.680202e+04  8.431447e+03  8.370573e+03 
5504  3.007258e+03  1.509000e+03  1.498258e+03 
5515  3.210744e+03  1.611132e+03  1.599612e+03 
5526  7.494708e+04  3.755741e+04  3.738967e+04 
5536  6.275327e+04  3.210544e+04  3.064784e+04 
5547  2.293601e+04  1.153907e+04  1.139694e+04 
5558  1.124112e+04  5.636849e+03  5.604275e+03 
5569  3.386273e+04  1.694355e+04  1.691919e+04 
5580  1.064354e+04  5.336074e+03  5.307465e+03 
5590  3.241390e+04  1.622475e+04  1.618915e+04 
5601  1.124808e+03  5.641420e+02  5.606658e+02 
5612  9.075955e+03  4.550061e+03  4.525894e+03 
5623  4.990989e+04  2.548340e+04  2.442649e+04 
5634  1.096665e+03  5.498680e+02  5.467971e+02 
5645  1.175276e+04  5.890183e+03  5.862578e+03 
5656  5.471271e+04  2.821979e+04  2.649292e+04 
5667  2.106067e+04  1.055809e+04  1.050258e+04 
5678  1.366577e+04  6.846936e+03  6.818838e+03 
5689  4.651250e+04  2.331533e+04  2.319717e+04 
5700  2.463941e+03  1.235143e+03  1.228798e+03 
5711  4.345669e+03  2.177768e+03  2.167901e+03 
5723  2.268470e+04  1.143618e+04  1.124852e+04 
5734  1.398840e+04  7.055155e+03  6.933249e+03 
5745  1.553389e+04  7.785089e+03  7.748806e+03 
5756  4.186257e+03  2.097786e+03  2.088471e+03 
5767  1.974374e+03  9.894453e+02  9.849282e+02 
5779  8.779832e+03  4.403403e+03  4.376429e+03 
5790  4.513156e+03  2.263274e+03  2.249882e+03 
5801  5.919090e+03  2.965784e+03  2.953307e+03 
5812  2.891807e+04  1.499406e+04  1.392401e+04 
5824  6.654887e+03  3.350508e+03  3.304380e+03 
5835  3.919216e+04  1.957862e+04  1.961354e+04 
5846  4.556312e+03  2.282049e+03  2.274263e+03 
5858  8.487534e+03  4.256999e+03  4.230536e+03 
5869  2.244016e+04  1.123451e+04  1.120565e+04 
5881  1.128593e+03  5.645846e+02  5.640081e+02 
5892  5.753418e+03  2.986542e+03  2.766876e+03 
5904  6.591139e+03  3.301245e+03  3.289893e+03 
5915  4.647648e+04  2.327603e+04  2.320045e+04 
5927  2.244479e+04  1.127444e+04  1.117035e+04 
5938  8.034576e+02  4.023043e+02  4.011534e+02 
5950  3.073917e+04  1.595191e+04  1.478726e+04 
5961  7.901837e+03  3.956572e+03  3.945265e+03 
5973  2.906522e+03  1.460113e+03  1.446409e+03 
5985  6.945811e+03  3.478052e+03  3.467760e+03 
5996  1.462614e+05  7.525288e+04  7.100853e+04 
6008  4.554915e+03  2.279910e+03  2.275005e+03 
6020  1.052476e+04  5.273950e+03  5.250808e+03 
6031  2.597606e+03  1.300386e+03  1.297220e+03 
6043  5.640001e+04  2.817243e+04  2.822758e+04 
6055  2.093415e+04  1.047654e+04  1.045761e+04 
6067  3.244202e+03  1.620609e+03  1.623593e+03 
6078  7.587041e+04  3.847086e+04  3.739954e+04 
6090  2.735225e+03  1.368936e+03  1.366289e+03 
6102  1.735664e+04  8.569225e+03  8.787414e+03 
6114  3.714122e+04  1.877764e+04  1.836357e+04 
6126  2.134893e+04  1.072838e+04  1.062055e+04 
6138  4.233006e+03  2.123292e+03  2.109715e+03 
6150  2.829991e+05  1.683683e+05  1.146308e+05 
6162  5.997495e+03  2.997560e+03  2.999936e+03 
6174  6.173896e+04  3.109751e+04  3.064145e+04 
6186  3.934607e+04  1.968522e+04  1.966085e+04 
6198  1.560841e+04  7.809432e+03  7.798982e+03 
6210  9.459521e+02  4.735013e+02  4.724508e+02 
6222  2.595866e+03  1.299635e+03  1.296231e+03 
6234  2.617535e+05  1.510423e+05  1.107112e+05 
6246  2.467430e+05  1.597414e+05  8.700157e+04 
6259  1.052696e+04  5.265986e+03  5.260979e+03 
6271  3.297778e+03  1.645992e+03  1.651786e+03 
6283  4.064214e+03  2.034880e+03  2.029334e+03 
6295  7.108622e+03  3.603427e+03  3.505195e+03 
6307  3.411143e+04  1.681211e+04  1.729933e+04 
6320  1.613151e+05  8.095130e+04  8.036382e+04 
6332  2.030094e+04  1.003256e+04  1.026838e+04 
6344  2.854158e+04  1.942993e+04  9.111658e+03 
6357  7.839104e+03  3.919991e+03  3.919113e+03 
6369  7.132559e+04  4.238677e+04  2.893882e+04 
6381  1.141134e+05  5.711682e+04  5.699657e+04 
6394  3.198910e+03  1.599490e+03  1.599420e+03 
6406  4.426321e+04  2.261258e+04  2.165062e+04 
6419  1.990017e+05  1.131165e+05  8.588523e+04 
6431  1.627605e+05  8.488549e+04  7.787501e+04 
6444  3.094593e+04  1.534248e+04  1.560344e+04 
6456  3.532516e+05  2.319183e+05  1.213333e+05 
6469  1.900707e+04  9.503586e+03  9.503488e+03 
6482  4.520515e+04  2.236426e+04  2.284089e+04 
6494  7.260726e+04  3.631782e+04  3.628944e+04 
6507  2.837175e+04  1.418642e+04  1.418533e+04 
6520  3.472175e+05  1.839562e+05  1.632612e+05 
6532  2.523981e+04  1.262011e+04  1.261970e+04 
6545  7.086396e+02  3.543215e+02  3.543182e+02 
6558  2.867710e+04  1.629516e+04  1.238194e+04 
6571  3.978677e+04  1.984260e+04  1.994417e+04 
6583  3.063063e+04  1.531835e+04  1.531228e+04 
6596  3.508749e+03  1.754495e+03  1.754254e+03 
6609  2.439867e+04  1.220765e+04  1.219102e+04 
6622  4.118419e+04  2.059575e+04  2.058843e+04 
6635  3.242691e+02  1.621346e+02  1.621345e+02 
6648  5.959886e+04  2.980551e+04  2.979335e+04 
6661  1.332478e+04  6.663042e+03  6.661740e+03 
6674  5.964577e+03  2.879845e+03  3.084732e+03 
6687  1.874658e+04  9.369547e+03  9.377030e+03 
6700  3.886438e+03  1.943095e+03  1.943342e+03 
6713  9.106583e+02  4.557475e+02  4.549108e+02 
6726  1.028201e+04  5.141200e+03  5.140806e+03 
6739  1.071542e+02  5.357520e+01  5.357896e+01 
6752  1.636280e+03  8.181385e+02  8.181417e+02 
6765  1.205138e+04  6.025586e+03  6.025798e+03 
6778  7.196455e+03  3.598242e+03  3.598213e+03 
6792  1.697631e+03  8.487856e+02  8.488458e+02 
6805  4.954108e+03  2.476988e+03  2.477120e+03 
6818  1.528372e+04  7.641909e+03  7.641811e+03 
6831  6.310132e+03  3.151955e+03  3.158177e+03 
6845  2.671669e+02  1.335835e+02  1.335834e+02 
6858  2.870415e+04  1.435224e+04  1.435191e+04 
6871  2.947203e+04  1.473193e+04  1.474010e+04 
6885  1.488592e+03  7.461247e+02  7.424676e+02 
6898  1.796282e+03  8.981450e+02  8.981369e+02 
6912  1.729289e+04  8.640818e+03  8.652068e+03 
6925  7.845652e+03  3.922040e+03  3.923613e+03 
6938  1.511892e+04  7.559516e+03  7.559402e+03 
6952  4.383284e+03  2.193322e+03  2.189962e+03 
6966  1.896373e+03  9.475257e+02  9.488475e+02 
6979  2.825807e+03  1.412874e+03  1.412933e+03 
6993  4.561204e+03  2.280643e+03  2.280562e+03 
