1000  5.660088e+02  3.718021e+02  1.942068e+02 
1002  1.972263e+02  1.147377e+02  8.248860e+01 
1004  2.234278e+02  1.304952e+02  9.293259e+01 
1006  1.602328e+02  9.732665e+01  6.290617e+01 
1008  2.815225e+02  1.804049e+02  1.011176e+02 
1010  8.581120e+00  4.498912e+00  4.082209e+00 
1012  1.335559e+02  7.927288e+01  5.428302e+01 
1014  2.722795e+02  1.680770e+02  1.042025e+02 
1016  2.879273e+02  1.868840e+02  1.010433e+02 
1018  1.520666e+02  1.019720e+02  5.009463e+01 
1020  2.340881e+02  1.730732e+02  6.101488e+01 
1022  1.476174e+02  1.242552e+02  2.336217e+01 
1024  3.303807e+01  3.047569e+01  2.562376e+00 
1026  6.045169e+00  5.820765e+00  2.244043e-01 
1028  1.594437e+02  1.456359e+02  1.380785e+01 
1030  4.821755e+02  4.137426e+02  6.843288e+01 
1032  9.638276e+02  9.304248e+02  3.340281e+01 
1034  3.813646e+02  2.822711e+02  9.909346e+01 
1036  4.873164e+02  4.526910e+02  3.462544e+01 
1038  8.899875e+01  5.131915e+01  3.767960e+01 
1040  8.914278e+01  7.586135e+01  1.328143e+01 
1042  3.005909e+02  1.853854e+02  1.152056e+02 
1044  1.821548e+02  1.003138e+02  8.184097e+01 
1046  1.257708e+02  7.125306e+01  5.451769e+01 
1048  2.363934e+01  1.298399e+01  1.065535e+01 
1050  2.378722e+02  1.864423e+02  5.142992e+01 
1052  7.656235e+01  4.063815e+01  3.592420e+01 
1054  1.184368e+03  1.079147e+03  1.052204e+02 
1057  5.729048e+02  3.078684e+02  2.650365e+02 
1059  6.703099e+02  5.404644e+02  1.298455e+02 
1061  1.560427e+03  1.185329e+03  3.750976e+02 
1063  3.344519e+03  3.257277e+03  8.724126e+01 
1065  6.488981e+02  5.686672e+02  8.023084e+01 
1067  3.751047e+03  3.554914e+03  1.961324e+02 
1069  1.667994e+03  1.501997e+03  1.659972e+02 
1071  1.897372e+03  1.792563e+03  1.048094e+02 
1073  5.760880e+03  5.609859e+03  1.510209e+02 
1075  3.355896e+03  3.234541e+03  1.213554e+02 
1077  3.007367e+03  2.522508e+03  4.848595e+02 
1079  2.733898e+02  1.498311e+02  1.235587e+02 
1081  1.819274e+03  1.748447e+03  7.082727e+01 
1084  2.606653e+03  2.468016e+03  1.386361e+02 
1086  3.056035e+02  1.634355e+02  1.421680e+02 
1088  2.105930e+03  1.980485e+03  1.254451e+02 
1090  2.973223e+03  2.725516e+03  2.477069e+02 
1092  1.807978e+03  1.707581e+03  1.003968e+02 
1094  1.853539e+03  1.654332e+03  1.992070e+02 
1096  2.827461e+03  2.570391e+03  2.570704e+02 
1098  3.810233e+03  3.561134e+03  2.490987e+02 
1101  2.472495e+03  2.275329e+03  1.971654e+02 
1103  4.803458e+02  3.414848e+02  1.388609e+02 
1105  1.080962e+03  8.433970e+02  2.375648e+02 
1107  1.658868e+03  1.290192e+03  3.686758e+02 
1109  1.460562e+03  1.162243e+03  2.983190e+02 
1111  1.839016e+03  1.632188e+03  2.068280e+02 
1114  2.651213e+03  1.960882e+03  6.903317e+02 
1116  2.039030e+03  1.795681e+03  2.433490e+02 
1118  2.460992e+02  1.784340e+02  6.766523e+01 
1120  3.608083e+02  2.380407e+02  1.227676e+02 
1122  2.710018e+03  2.670739e+03  3.927897e+01 
1124  2.417479e+03  2.209890e+03  2.075883e+02 
1127  7.471172e+03  7.167633e+03  3.035396e+02 
1129  3.763177e+03  3.587810e+03  1.753671e+02 
1131  2.486210e+03  2.314146e+03  1.720648e+02 
1133  5.263943e+03  5.145068e+03  1.188746e+02 
1135  1.751185e+03  1.113603e+03  6.375817e+02 
1138  1.773002e+03  1.679782e+03  9.321954e+01 
1140  2.459878e+03  1.907391e+03  5.524874e+02 
1142  3.972219e+03  3.764753e+03  2.074659e+02 
1144  1.186768e+04  9.739596e+03  2.128082e+03 
1147  1.339214e+04  1.112558e+04  2.266564e+03 
1149  7.728601e+03  7.153639e+03  5.749625e+02 
1151  8.500011e+03  7.966722e+03  5.332888e+02 
1153  7.652598e+03  6.120674e+03  1.531924e+03 
1156  1.070707e+03  6.810010e+02  3.897062e+02 
1158  4.551688e+03  2.794367e+03  1.757321e+03 
1160  4.627150e+03  2.806052e+03  1.821098e+03 
1162  2.769961e+03  1.708649e+03  1.061312e+03 
1165  2.616737e+03  1.585346e+03  1.031391e+03 
1167  2.116815e+03  1.282147e+03  8.346684e+02 
1169  2.478942e+03  1.697262e+03  7.816804e+02 
1171  3.407543e+03  2.156376e+03  1.251167e+03 
1174  4.044186e+03  2.903241e+03  1.140945e+03 
1176  3.768552e+03  2.614696e+03  1.153856e+03 
1178  1.063333e+03  7.064240e+02  3.569091e+02 
1181  2.368771e+03  1.642638e+03  7.261335e+02 
1183  1.743823e+03  1.261401e+03  4.824224e+02 
1185  2.601781e+03  1.730210e+03  8.715706e+02 
1187  4.118745e+03  2.769995e+03  1.348750e+03 
1190  2.069740e+03  1.498374e+03  5.713660e+02 
1192  5.575433e+03  4.278503e+03  1.296929e+03 
1194  1.874499e+03  1.409671e+03  4.648285e+02 
1197  4.720963e+03  3.919635e+03  8.013280e+02 
1199  3.050556e+03  2.776168e+03  2.743875e+02 
1201  1.498680e+03  1.315119e+03  1.835603e+02 
1204  4.087050e+02  3.341549e+02  7.455009e+01 
1206  1.227042e+03  1.048635e+03  1.784073e+02 
1208  2.103447e+03  1.933709e+03  1.697372e+02 
1211  1.516842e+03  1.234435e+03  2.824067e+02 
1213  4.352179e+02  4.138563e+02  2.136164e+01 
1215  5.537376e+02  5.486527e+02  5.084920e+00 
1218  1.486036e+03  1.370630e+03  1.154069e+02 
1220  2.949388e+03  2.853086e+03  9.630151e+01 
1223  4.752301e+02  4.467371e+02  2.849302e+01 
1225  2.900621e+02  2.512802e+02  3.878187e+01 
1227  6.240312e+02  5.495779e+02  7.445322e+01 
1230  1.845968e+02  1.527898e+02  3.180702e+01 
1232  1.165849e+03  9.464851e+02  2.193634e+02 
1235  1.403056e+03  1.095499e+03  3.075569e+02 
1237  1.314521e+03  9.989059e+02  3.156149e+02 
1239  1.125065e+03  8.571553e+02  2.679095e+02 
1242  1.489564e+03  1.055087e+03  4.344779e+02 
1244  5.747076e+02  3.965504e+02  1.781573e+02 
1247  4.471226e+02  2.855671e+02  1.615555e+02 
1249  1.074072e+03  7.081274e+02  3.659448e+02 
1252  1.230894e+03  7.688124e+02  4.620812e+02 
1254  1.696243e+03  1.138513e+03  5.577305e+02 
1256  1.497340e+03  9.020606e+02  5.952794e+02 
1259  1.813436e+03  1.168685e+03  6.447509e+02 
1261  1.852284e+03  1.236565e+03  6.157190e+02 
1264  2.991321e+03  1.893713e+03  1.097608e+03 
1266  1.143212e+04  8.698934e+03  2.733190e+03 
1269  1.492051e+03  8.800596e+02  6.119913e+02 
1271  3.355719e+03  2.154438e+03  1.201282e+03 
1274  1.547742e+03  1.015193e+03  5.325491e+02 
1276  1.014240e+03  7.741717e+02  2.400681e+02 
1279  9.766436e+02  5.502048e+02  4.264388e+02 
1281  1.276520e+03  7.194681e+02  5.570516e+02 
1284  6.480272e+02  3.634373e+02  2.845898e+02 
1286  1.537772e+03  8.585797e+02  6.791923e+02 
1289  5.332385e+03  2.945587e+03  2.386798e+03 
1291  2.332946e+03  1.363881e+03  9.690649e+02 
1294  1.864388e+03  1.027297e+03  8.370916e+02 
1296  4.964989e+03  3.465298e+03  1.499691e+03 
1299  3.991555e+03  2.721677e+03  1.269878e+03 
1301  8.994067e+02  5.285020e+02  3.709047e+02 
1304  3.203900e+03  2.028518e+03  1.175382e+03 
1306  1.602168e+03  8.990833e+02  7.030852e+02 
1309  7.449174e+02  4.200992e+02  3.248181e+02 
1311  5.625674e+02  3.148281e+02  2.477393e+02 
1314  1.511696e+03  8.611147e+02  6.505815e+02 
1316  1.009805e+03  5.344558e+02  4.753493e+02 
1319  2.136989e+03  1.175271e+03  9.617179e+02 
1322  2.353113e+03  1.390103e+03  9.630107e+02 
1324  1.313935e+03  7.043062e+02  6.096286e+02 
1327  2.324553e+03  1.232244e+03  1.092309e+03 
1329  1.955130e+03  1.048482e+03  9.066482e+02 
1332  3.105265e+03  1.653899e+03  1.451365e+03 
1335  1.011429e+03  5.987261e+02  4.127027e+02 
1337  7.179495e+02  3.814209e+02  3.365286e+02 
1340  2.945960e+03  1.526501e+03  1.419458e+03 
1342  3.617803e+02  1.896896e+02  1.720907e+02 
1345  1.824891e+03  9.535333e+02  8.713574e+02 
1348  8.658347e+01  4.555161e+01  4.103186e+01 
1350  1.491119e+03  7.878202e+02  7.032986e+02 
1353  1.108918e+03  5.791501e+02  5.297678e+02 
1355  1.381255e+03  7.332483e+02  6.480072e+02 
1358  1.405560e+03  7.684703e+02  6.370896e+02 
1361  3.519730e+03  2.283542e+03  1.236187e+03 
1363  3.130166e+03  1.769313e+03  1.360853e+03 
1366  4.079877e+03  2.113064e+03  1.966813e+03 
1369  2.065933e+03  1.289506e+03  7.764277e+02 
1371  2.943883e+03  1.687859e+03  1.256024e+03 
1374  5.191550e+03  2.782342e+03  2.409208e+03 
1377  5.244110e+03  3.021462e+03  2.222649e+03 
1379  2.222755e+03  1.233299e+03  9.894562e+02 
1382  3.099092e+03  1.611234e+03  1.487859e+03 
1385  1.474238e+03  7.656771e+02  7.085613e+02 
1388  2.521341e+03  1.320948e+03  1.200393e+03 
1390  1.069327e+03  5.793837e+02  4.899436e+02 
1393  2.465935e+03  1.431197e+03  1.034738e+03 
1396  2.059819e+03  1.083031e+03  9.767878e+02 
1398  8.581573e+03  5.326174e+03  3.255400e+03 
1401  7.372260e+03  4.541038e+03  2.831222e+03 
1404  2.462970e+03  1.286222e+03  1.176749e+03 
1407  6.675786e+02  3.451558e+02  3.224228e+02 
1409  1.166372e+03  6.237620e+02  5.426102e+02 
1412  1.767007e+03  1.005972e+03  7.610346e+02 
1415  9.502307e+03  5.571479e+03  3.930828e+03 
1418  4.050632e+03  2.121073e+03  1.929559e+03 
1420  7.841683e+02  4.180953e+02  3.660731e+02 
1423  1.089848e+03  6.851909e+02  4.046574e+02 
1426  4.569830e+02  2.865299e+02  1.704531e+02 
1429  1.187279e+03  6.116313e+02  5.756476e+02 
1431  2.124155e+03  1.222712e+03  9.014430e+02 
1434  8.728518e+02  5.124673e+02  3.603846e+02 
1437  5.721214e+03  3.171067e+03  2.550146e+03 
1440  3.293968e+03  1.742627e+03  1.551341e+03 
1443  2.862232e+03  1.500028e+03  1.362204e+03 
1445  1.104518e+03  6.330792e+02  4.714384e+02 
1448  9.874088e+02  5.410543e+02  4.463545e+02 
1451  2.154178e+03  1.135558e+03  1.018620e+03 
1454  2.034424e+03  1.062678e+03  9.717463e+02 
1457  5.436359e+02  2.781410e+02  2.654949e+02 
1460  1.223434e+03  6.326433e+02  5.907907e+02 
1462  8.331252e+02  4.274205e+02  4.057047e+02 
1465  1.275104e+03  6.426447e+02  6.324597e+02 
1468  7.676025e+02  3.977810e+02  3.698215e+02 
1471  1.189225e+03  6.045231e+02  5.847016e+02 
1474  4.529064e+03  2.454481e+03  2.074584e+03 
1477  2.574661e+03  1.319353e+03  1.255308e+03 
1480  3.476221e+03  1.807560e+03  1.668661e+03 
1482  1.744346e+03  8.906631e+02  8.536826e+02 
1485  1.247128e+03  6.389748e+02  6.081528e+02 
1488  2.300948e+03  1.163198e+03  1.137750e+03 
1491  1.391804e+03  7.144144e+02  6.773896e+02 
1494  7.085814e+02  3.759307e+02  3.326508e+02 
1497  6.852349e+02  3.486031e+02  3.366317e+02 
1500  3.833933e+02  1.969500e+02  1.864434e+02 
1503  1.805204e+03  9.147183e+02  8.904857e+02 
1506  3.053810e+03  1.565495e+03  1.488315e+03 
1509  3.642623e+03  1.861961e+03  1.780662e+03 
1512  3.505742e+03  1.903080e+03  1.602661e+03 
1515  8.620657e+02  4.647957e+02  3.972701e+02 
1518  1.180105e+02  6.695985e+01  5.105060e+01 
1520  2.806580e+03  1.447862e+03  1.358718e+03 
1523  4.341935e+02  2.803985e+02  1.537950e+02 
1526  1.307344e+03  6.916919e+02  6.156526e+02 
1529  1.893882e+02  9.524203e+01  9.414611e+01 
1532  5.703130e+02  2.989402e+02  2.713728e+02 
1535  2.069770e+03  1.055016e+03  1.014753e+03 
1538  5.641813e+02  2.826366e+02  2.815447e+02 
1541  7.015055e+02  3.613297e+02  3.401757e+02 
1544  1.580300e+02  8.031250e+01  7.771752e+01 
1547  7.452690e+02  3.885341e+02  3.567349e+02 
1550  7.955591e+02  5.205449e+02  2.750142e+02 
1553  4.304947e+02  2.138976e+02  2.165972e+02 
1556  9.621565e+02  5.729212e+02  3.892353e+02 
1559  1.982925e+03  1.966055e+03  1.687000e+01 
1562  1.645577e+03  1.514329e+03  1.312483e+02 
1566  3.105473e+02  2.601690e+02  5.037833e+01 
1569  2.657824e+03  2.598760e+03  5.906392e+01 
1572  1.164228e+03  9.502698e+02  2.139583e+02 
1575  2.163688e+03  2.094008e+03  6.968094e+01 
1578  2.059526e+03  1.342236e+03  7.172896e+02 
1581  1.448224e+03  1.229675e+03  2.185485e+02 
1584  9.125323e+02  8.195123e+02  9.301995e+01 
1587  1.201860e+03  9.582139e+02  2.436464e+02 
1590  2.109039e+02  1.072748e+02  1.036291e+02 
1593  6.053794e+02  3.029853e+02  3.023940e+02 
1596  2.594784e+02  1.300771e+02  1.294013e+02 
1599  7.555240e+02  4.335203e+02  3.220037e+02 
1603  7.611867e+02  6.216111e+02  1.395756e+02 
1606  9.497701e+02  6.536241e+02  2.961461e+02 
1609  3.490762e+03  3.399377e+03  9.138520e+01 
1612  1.790932e+03  1.671267e+03  1.196656e+02 
1615  5.377862e+01  4.101527e+01  1.276335e+01 
1618  2.206864e+03  2.118033e+03  8.883102e+01 
1621  3.320583e+03  3.075876e+03  2.447062e+02 
1624  1.819939e+03  1.654574e+03  1.653645e+02 
1628  3.328136e+03  2.993248e+03  3.348885e+02 
1631  3.209977e+03  2.876536e+03  3.334416e+02 
1634  4.290812e+03  4.049391e+03  2.414208e+02 
1637  5.476959e+03  5.193024e+03  2.839354e+02 
1640  9.288048e+03  6.958145e+03  2.329903e+03 
1644  2.306169e+03  1.860837e+03  4.453319e+02 
1647  3.728983e+03  3.197218e+03  5.317653e+02 
1650  4.022254e+03  3.651585e+03  3.706692e+02 
1653  3.875021e+03  3.131660e+03  7.433619e+02 
1656  4.794497e+02  3.373374e+02  1.421124e+02 
1660  1.538212e+03  1.461895e+03  7.631673e+01 
1663  3.144394e+02  2.623424e+02  5.209702e+01 
1666  4.027999e+02  2.422741e+02  1.605258e+02 
1669  9.737834e+02  7.736072e+02  2.001763e+02 
1673  1.043776e+03  8.505416e+02  1.932349e+02 
1676  2.911778e+03  2.627704e+03  2.840737e+02 
1679  2.326964e+03  2.046232e+03  2.807328e+02 
1682  1.033436e+03  5.616194e+02  4.718167e+02 
1686  1.302702e+03  9.564624e+02  3.462398e+02 
1689  1.510344e+03  1.083265e+03  4.270791e+02 
1692  1.042403e+03  7.691198e+02  2.732828e+02 
1696  5.058567e+02  2.819087e+02  2.239480e+02 
1699  6.215349e+02  4.468269e+02  1.747080e+02 
1702  3.805997e+03  3.602844e+03  2.031528e+02 
1706  1.306192e+03  9.691107e+02  3.370812e+02 
1709  2.045660e+03  1.448822e+03  5.968374e+02 
1712  8.410619e+02  5.118868e+02  3.291751e+02 
1715  1.864528e+03  1.302563e+03  5.619644e+02 
1719  2.364582e+03  1.840950e+03  5.236322e+02 
1722  2.296844e+03  1.285275e+03  1.011570e+03 
1726  2.995697e+03  2.610985e+03  3.847123e+02 
1729  4.086152e+02  2.912267e+02  1.173885e+02 
1732  4.945869e+02  3.063916e+02  1.881953e+02 
1736  2.718318e+02  1.523359e+02  1.194959e+02 
1739  1.148491e+02  5.944100e+01  5.540809e+01 
1742  2.650637e+02  1.376200e+02  1.274437e+02 
1746  7.864922e+02  6.223198e+02  1.641724e+02 
1749  1.378470e+03  8.224028e+02  5.560671e+02 
1753  4.031645e+01  2.040253e+01  1.991392e+01 
1756  6.764767e+01  3.407174e+01  3.357593e+01 
1759  1.352066e+03  1.067625e+03  2.844407e+02 
1763  7.271460e+02  4.725949e+02  2.545511e+02 
1766  3.535089e+02  1.825006e+02  1.710083e+02 
1770  4.055476e+02  2.425209e+02  1.630266e+02 
1773  1.354851e+03  8.567205e+02  4.981307e+02 
1777  7.311142e+02  4.076662e+02  3.234480e+02 
1780  7.594389e+02  4.581779e+02  3.012610e+02 
1784  5.256833e+03  3.627672e+03  1.629161e+03 
1787  1.415906e+04  9.652173e+03  4.506887e+03 
1791  1.041682e+03  5.412214e+02  5.004612e+02 
1794  1.205922e+03  8.243592e+02  3.815625e+02 
1798  3.449364e+03  2.104893e+03  1.344471e+03 
1801  1.005203e+02  5.026747e+01  5.025286e+01 
1805  1.608647e+03  8.275079e+02  7.811387e+02 
1808  1.014526e+03  5.971600e+02  4.173658e+02 
1812  3.404603e+02  1.702322e+02  1.702281e+02 
1815  7.069000e+02  4.369245e+02  2.699755e+02 
1819  7.272815e+02  6.486810e+02  7.860044e+01 
1822  1.077713e+03  7.562806e+02  3.214327e+02 
1826  7.933571e+02  5.507806e+02  2.425765e+02 
1829  7.214100e+02  4.567570e+02  2.646531e+02 
1833  8.216681e+02  6.753702e+02  1.462978e+02 
1836  8.789965e+02  5.400505e+02  3.389460e+02 
1840  3.723866e+02  2.155833e+02  1.568033e+02 
1844  4.086490e+02  2.224301e+02  1.862188e+02 
1847  9.241124e+02  5.868367e+02  3.372757e+02 
1851  4.009178e+02  2.449036e+02  1.560142e+02 
1854  8.746385e+01  4.457474e+01  4.288912e+01 
1858  3.145258e+02  1.708764e+02  1.436494e+02 
1862  3.314367e+02  1.702977e+02  1.611390e+02 
1865  6.496501e+02  4.652040e+02  1.844461e+02 
1869  3.349612e+02  1.718628e+02  1.630984e+02 
1873  2.011934e+02  1.043614e+02  9.683205e+01 
1876  1.347147e+03  1.020890e+03  3.262574e+02 
1880  1.112640e+03  6.850058e+02  4.276344e+02 
1883  8.696726e+02  4.369536e+02  4.327190e+02 
1887  2.213818e+03  1.489014e+03  7.248038e+02 
1891  4.366648e+02  2.416339e+02  1.950309e+02 
1895  5.331010e+02  3.114426e+02  2.216584e+02 
1898  6.185992e+02  3.190374e+02  2.995618e+02 
1902  2.251475e+03  1.517307e+03  7.341683e+02 
1906  6.576890e+02  3.947840e+02  2.629050e+02 
1909  7.516698e+02  4.627143e+02  2.889554e+02 
1913  9.534584e+02  5.764608e+02  3.769975e+02 
1917  1.568339e+03  9.107784e+02  6.575605e+02 
1921  4.241326e+02  2.198122e+02  2.043204e+02 
1924  1.628502e+03  1.044932e+03  5.835701e+02 
1928  1.050704e+03  6.899630e+02  3.607414e+02 
1932  6.721665e+02  3.921638e+02  2.800027e+02 
1936  1.748587e+03  1.512120e+03  2.364670e+02 
1939  3.544849e+02  1.780768e+02  1.764082e+02 
1943  1.151847e+03  6.622435e+02  4.896038e+02 
1947  1.113617e+03  6.020917e+02  5.115252e+02 
1951  4.057416e+02  2.258982e+02  1.798434e+02 
1954  5.702511e+02  2.923641e+02  2.778870e+02 
1958  2.315660e+03  1.159491e+03  1.156169e+03 
1962  8.238636e+02  4.344689e+02  3.893948e+02 
1966  2.162299e+03  1.111866e+03  1.050432e+03 
1970  1.238154e+03  7.141473e+02  5.240069e+02 
1974  2.173321e+03  1.109797e+03  1.063523e+03 
1977  4.951887e+02  2.532352e+02  2.419535e+02 
1981  1.208551e+02  6.073181e+01  6.012333e+01 
1985  7.902140e+02  4.002346e+02  3.899794e+02 
1989  7.008452e+02  4.220287e+02  2.788165e+02 
1993  2.572316e+02  1.294984e+02  1.277332e+02 
1997  3.333530e+02  1.672047e+02  1.661483e+02 
2001  1.701588e+03  1.166278e+03  5.353098e+02 
2005  1.096715e+03  6.007294e+02  4.959857e+02 
2008  2.018474e+03  1.236486e+03  7.819882e+02 
2012  8.203258e+02  4.481478e+02  3.721780e+02 
2016  8.289188e+02  4.340325e+02  3.948863e+02 
2020  6.008654e+02  3.602707e+02  2.405946e+02 
2024  9.246922e+02  4.640986e+02  4.605936e+02 
2028  2.157450e+03  1.149249e+03  1.008201e+03 
2032  1.056336e+03  6.273516e+02  4.289847e+02 
2036  6.656086e+02  4.142032e+02  2.514054e+02 
2040  1.343255e+03  1.044580e+03  2.986756e+02 
2044  1.156492e+03  7.291622e+02  4.273303e+02 
2048  1.838633e+02  9.235188e+01  9.151142e+01 
2052  4.819806e+02  3.336508e+02  1.483298e+02 
2056  1.175600e+03  7.314855e+02  4.441148e+02 
2060  2.463878e+02  1.573067e+02  8.908111e+01 
2064  1.766624e+03  1.152044e+03  6.145793e+02 
2068  1.050470e+03  5.402034e+02  5.102665e+02 
2072  1.474434e+03  1.136344e+03  3.380897e+02 
2076  1.661641e+03  8.339372e+02  8.277034e+02 
2080  6.486322e+02  3.781975e+02  2.704347e+02 
2084  1.226257e+02  6.220767e+01  6.041805e+01 
2088  9.822406e+02  6.901324e+02  2.921082e+02 
2092  3.310724e+02  1.666676e+02  1.644047e+02 
2096  4.753159e+02  2.732351e+02  2.020808e+02 
2100  8.930758e+02  4.566474e+02  4.364284e+02 
2104  2.453611e+03  1.237574e+03  1.216037e+03 
2109  3.551974e+03  2.234822e+03  1.317152e+03 
2113  3.895454e+02  1.966158e+02  1.929296e+02 
2117  2.540735e+03  1.586282e+03  9.544532e+02 
2121  1.534771e+02  7.985798e+01  7.361908e+01 
2125  1.626119e+02  8.132397e+01  8.128793e+01 
2129  1.533393e+03  9.078909e+02  6.255022e+02 
2133  4.944931e+02  2.500859e+02  2.444072e+02 
2138  1.195433e+03  6.750320e+02  5.204011e+02 
2142  3.811160e+02  1.958027e+02  1.853133e+02 
2146  5.324643e+02  3.130590e+02  2.194053e+02 
2150  1.558375e+03  9.453532e+02  6.130212e+02 
2154  1.743814e+02  9.346411e+01  8.091730e+01 
2158  4.900406e+02  2.773273e+02  2.127133e+02 
2163  1.031367e+03  6.820799e+02  3.492876e+02 
2167  8.806334e+02  4.549895e+02  4.256438e+02 
2171  2.049441e+02  1.031742e+02  1.017699e+02 
2175  1.083334e+03  5.766828e+02  5.066511e+02 
2180  2.695432e+02  1.406015e+02  1.289416e+02 
2184  4.362213e+02  2.194589e+02  2.167623e+02 
2188  1.105955e+03  6.038871e+02  5.020683e+02 
2192  1.279574e+02  6.489571e+01  6.306164e+01 
2197  4.819764e+01  2.435868e+01  2.383895e+01 
2201  2.225085e+02  1.117760e+02  1.107325e+02 
2205  3.420141e+02  1.733937e+02  1.686204e+02 
2209  5.497861e+02  2.821843e+02  2.676017e+02 
2214  1.097337e+03  6.447760e+02  4.525605e+02 
2218  7.027061e+02  3.925559e+02  3.101501e+02 
2222  2.655887e+03  2.043046e+03  6.128405e+02 
2227  7.743260e+02  4.183471e+02  3.559790e+02 
2231  6.365165e+02  3.355166e+02  3.009998e+02 
2235  1.250089e+03  8.902739e+02  3.598150e+02 
2240  2.312261e+03  1.653831e+03  6.584301e+02 
2244  2.660088e+03  1.622090e+03  1.037998e+03 
2248  2.273011e+03  1.437124e+03  8.358875e+02 
2253  2.451597e+03  1.764121e+03  6.874752e+02 
2257  1.484783e+03  8.916837e+02  5.930997e+02 
2262  3.799037e+03  3.208961e+03  5.900757e+02 
2266  5.900692e+03  4.334962e+03  1.565730e+03 
2270  3.644003e+03  2.360417e+03  1.283585e+03 
2275  6.125039e+03  4.788793e+03  1.336246e+03 
2279  3.170108e+03  2.361125e+03  8.089838e+02 
2284  2.264177e+03  1.479850e+03  7.843266e+02 
2288  6.868066e+02  3.506352e+02  3.361714e+02 
2293  3.800312e+03  2.098990e+03  1.701321e+03 
2297  1.176245e+03  6.375557e+02  5.386889e+02 
2302  5.578274e+02  2.875131e+02  2.703143e+02 
2306  7.384981e+03  3.796492e+03  3.588490e+03 
2311  4.265054e+03  2.310913e+03  1.954141e+03 
2315  3.626026e+03  2.021078e+03  1.604948e+03 
2320  3.084083e+03  1.748975e+03  1.335107e+03 
2324  3.177715e+03  1.774911e+03  1.402804e+03 
2329  1.738665e+04  1.510708e+04  2.279565e+03 
2333  2.015713e+04  2.010207e+04  5.505954e+01 
2338  1.484062e+04  1.376210e+04  1.078524e+03 
2342  4.756943e+04  4.705238e+04  5.170546e+02 
2347  5.463516e+04  5.280592e+04  1.829233e+03 
2351  3.227701e+03  1.868359e+03  1.359342e+03 
2356  3.263665e+03  1.819438e+03  1.444226e+03 
2361  8.271359e+04  8.232270e+04  3.908899e+02 
2365  3.314620e+04  3.165244e+04  1.493756e+03 
2370  2.724534e+04  2.684906e+04  3.962731e+02 
2374  4.097982e+04  4.042502e+04  5.548011e+02 
2379  2.561073e+04  2.530347e+04  3.072578e+02 
2384  1.425267e+05  1.408035e+05  1.723175e+03 
2388  3.644497e+04  3.581830e+04  6.266722e+02 
2393  8.097132e+04  7.973890e+04  1.232418e+03 
2398  3.247638e+04  3.029629e+04  2.180096e+03 
2402  4.661039e+04  4.555314e+04  1.057252e+03 
2407  2.470344e+04  2.359432e+04  1.109117e+03 
2412  6.377265e+04  6.235611e+04  1.416545e+03 
2416  7.443112e+03  4.319485e+03  3.123627e+03 
2421  4.227582e+03  2.182531e+03  2.045051e+03 
2426  1.256130e+04  7.673091e+03  4.888206e+03 
2431  1.835350e+04  1.082726e+04  7.526233e+03 
2435  1.376682e+04  9.183416e+03  4.583403e+03 
2440  6.239275e+03  4.059634e+03  2.179641e+03 
2445  1.447352e+04  1.021916e+04  4.254358e+03 
2450  5.668216e+03  3.261313e+03  2.406903e+03 
2454  6.427146e+03  3.940117e+03  2.487029e+03 
2459  1.603759e+04  1.074880e+04  5.288788e+03 
2464  2.458494e+04  1.527395e+04  9.310989e+03 
2469  1.396627e+04  8.194995e+03  5.771279e+03 
2473  7.843594e+03  4.247872e+03  3.595721e+03 
2478  6.000146e+03  3.518520e+03  2.481626e+03 
2483  4.413225e+03  3.130362e+03  1.282862e+03 
2488  8.427751e+03  5.253952e+03  3.173799e+03 
2493  1.123833e+04  9.638507e+03  1.599819e+03 
2498  9.265610e+03  6.286701e+03  2.978909e+03 
2503  8.169653e+03  4.867087e+03  3.302566e+03 
2507  1.159516e+04  6.916409e+03  4.678756e+03 
2512  1.299653e+04  8.835769e+03  4.160763e+03 
2517  5.604614e+03  3.613565e+03  1.991049e+03 
2522  6.727542e+03  3.440964e+03  3.286578e+03 
2527  2.034416e+04  1.614880e+04  4.195358e+03 
2532  5.606212e+03  3.938974e+03  1.667238e+03 
2537  1.259593e+04  8.289645e+03  4.306289e+03 
2542  9.497407e+03  5.931385e+03  3.566022e+03 
2547  1.361331e+04  9.116007e+03  4.497305e+03 
2552  5.886888e+03  3.874896e+03  2.011993e+03 
2557  4.304241e+03  2.539601e+03  1.764640e+03 
2562  3.940295e+04  3.676014e+04  2.642813e+03 
2567  1.067438e+04  8.316799e+03  2.357580e+03 
2572  9.715994e+03  6.074841e+03  3.641153e+03 
2577  7.386333e+03  6.292728e+03  1.093606e+03 
2582  1.154986e+04  9.303473e+03  2.246382e+03 
2587  6.124557e+04  5.956866e+04  1.676912e+03 
2592  9.139203e+03  7.295137e+03  1.844066e+03 
2597  2.124624e+05  2.102157e+05  2.246708e+03 
2602  2.589781e+03  1.590889e+03  9.988915e+02 
2607  5.451639e+04  5.233608e+04  2.180313e+03 
2612  1.115720e+05  1.081154e+05  3.456657e+03 
2617  3.413272e+04  3.324787e+04  8.848513e+02 
2622  2.632814e+04  2.371597e+04  2.612171e+03 
2627  1.135532e+05  1.102841e+05  3.269099e+03 
2632  9.974895e+04  9.795926e+04  1.789690e+03 
2638  1.363838e+03  7.183104e+02  6.455280e+02 
2643  1.163733e+03  6.094036e+02  5.543293e+02 
2648  5.827732e+02  3.011924e+02  2.815807e+02 
2653  1.817181e+03  9.084644e+02  9.087170e+02 
2658  3.115752e+02  1.567248e+02  1.548504e+02 
2663  2.169367e+03  1.258421e+03  9.109456e+02 
2669  4.816505e+03  2.638550e+03  2.177955e+03 
2674  8.366301e+01  4.183108e+01  4.183193e+01 
2679  3.000963e+03  1.607835e+03  1.393129e+03 
2684  3.905240e+03  1.992535e+03  1.912704e+03 
2689  3.216144e+02  1.615774e+02  1.600370e+02 
2695  6.770874e+03  5.876102e+03  8.947719e+02 
2700  5.622927e+02  2.833532e+02  2.789395e+02 
2705  4.738780e+03  2.541750e+03  2.197031e+03 
2710  6.526032e+03  5.189833e+03  1.336199e+03 
2716  3.717749e+04  3.463824e+04  2.539256e+03 
2721  3.141111e+03  1.623234e+03  1.517877e+03 
2726  2.640390e+04  2.580729e+04  5.966052e+02 
2732  2.059172e+04  1.747475e+04  3.116974e+03 
2737  3.661579e+04  3.574841e+04  8.673809e+02 
2742  1.326734e+04  1.261794e+04  6.494074e+02 
2748  6.095981e+04  5.950769e+04  1.452121e+03 
2753  6.757294e+04  6.432870e+04  3.244232e+03 
2758  3.711077e+03  2.124290e+03  1.586787e+03 
2764  1.408930e+04  1.269860e+04  1.390695e+03 
2769  2.375732e+04  2.154764e+04  2.209680e+03 
2774  3.026690e+04  2.816897e+04  2.097925e+03 
2780  1.223798e+03  6.289796e+02  5.948187e+02 
2785  4.439085e+03  2.236280e+03  2.202805e+03 
2791  7.954272e+02  4.214367e+02  3.739905e+02 
2796  1.325246e+03  7.422005e+02  5.830458e+02 
2802  2.045823e+03  1.122902e+03  9.229208e+02 
2807  8.469498e+02  4.300746e+02  4.168751e+02 
2813  2.808417e+02  1.415192e+02  1.393225e+02 
2818  1.707806e+03  8.545901e+02  8.532156e+02 
2823  3.456001e+03  1.823170e+03  1.632831e+03 
2829  1.067871e+04  7.781565e+03  2.897148e+03 
2834  7.166619e+03  5.266360e+03  1.900259e+03 
2840  6.109992e+03  3.134277e+03  2.975716e+03 
2846  5.694906e+03  2.873791e+03  2.821115e+03 
2851  2.465340e+03  1.274728e+03  1.190613e+03 
2857  3.069516e+03  1.540562e+03  1.528954e+03 
2862  1.736397e+03  8.736845e+02  8.627130e+02 
2868  1.876077e+03  9.689025e+02  9.071744e+02 
2873  1.054696e+03  5.345014e+02  5.201948e+02 
2879  1.502521e+03  9.078861e+02  5.946353e+02 
2885  5.368991e+03  3.612948e+03  1.756043e+03 
2890  4.002068e+03  2.554428e+03  1.447639e+03 
2896  9.417145e+02  4.762321e+02  4.654824e+02 
2901  3.140583e+02  1.593895e+02  1.546688e+02 
2907  6.539500e+02  3.336795e+02  3.202705e+02 
2913  1.129748e+02  5.650799e+01  5.646677e+01 
2918  1.169405e+03  6.133775e+02  5.560275e+02 
2924  9.073848e+03  6.511473e+03  2.562375e+03 
2930  3.578343e+01  1.790752e+01  1.787592e+01 
2936  8.531709e+01  4.268672e+01  4.263037e+01 
2941  6.305387e+03  5.001558e+03  1.303829e+03 
2947  6.250212e+03  4.437159e+03  1.813052e+03 
2953  4.777824e+03  3.362361e+03  1.415463e+03 
2958  1.426846e+03  7.415276e+02  6.853184e+02 
2964  7.616404e+03  5.566315e+03  2.050089e+03 
2970  5.467975e+03  3.322628e+03  2.145346e+03 
2976  1.019527e+03  5.334769e+02  4.860498e+02 
2982  1.856789e+04  1.616186e+04  2.406035e+03 
2987  6.516670e+03  5.494469e+03  1.022201e+03 
2993  1.300429e+02  6.501481e+01  6.502808e+01 
2999  9.538646e+02  5.385906e+02  4.152739e+02 
3005  8.508619e+03  7.147471e+03  1.361148e+03 
3011  5.952321e+02  2.977176e+02  2.975145e+02 
3017  4.384680e+02  2.195042e+02  2.189637e+02 
3023  1.627055e+02  8.135965e+01  8.134586e+01 
3028  9.900484e+01  4.949879e+01  4.950605e+01 
3034  3.974031e+02  1.987045e+02  1.986986e+02 
3040  1.058240e+02  5.291890e+01  5.290512e+01 
3046  1.309587e+03  6.617455e+02  6.478419e+02 
3052  5.386110e+02  2.692982e+02  2.693128e+02 
3058  2.514036e+01  1.257486e+01  1.256549e+01 
3064  7.202090e+02  3.623155e+02  3.578936e+02 
3070  6.951960e+02  3.479127e+02  3.472833e+02 
3076  1.498876e+03  7.513197e+02  7.475562e+02 
3082  9.476738e+01  4.741792e+01  4.734947e+01 
3088  4.765268e+01  2.382834e+01  2.382434e+01 
3094  9.085389e+02  4.605801e+02  4.479588e+02 
3100  3.217103e+01  1.609653e+01  1.607450e+01 
3106  8.654111e+01  4.332114e+01  4.321997e+01 
3112  3.714678e+01  1.857574e+01  1.857104e+01 
3118  4.562090e+01  2.281421e+01  2.280670e+01 
3124  1.837041e+01  9.185205e+00  9.185206e+00 
3130  5.166021e+01  2.586311e+01  2.579710e+01 
3136  2.480466e+01  1.240377e+01  1.240089e+01 
3142  1.488789e+03  8.038771e+02  6.849114e+02 
3149  9.470709e+01  4.744608e+01  4.726101e+01 
3155  2.991415e+01  1.496404e+01  1.495011e+01 
3161  9.055395e+03  5.978616e+03  3.076779e+03 
3167  4.910573e+03  3.099037e+03  1.811535e+03 
3173  1.662306e+01  8.311565e+00  8.311493e+00 
3179  1.230702e+03  6.203055e+02  6.103967e+02 
3186  1.118980e+04  7.383749e+03  3.806050e+03 
3192  9.339629e+03  6.979049e+03  2.360580e+03 
3198  1.034594e+04  8.252552e+03  2.093393e+03 
3204  9.624364e+01  4.817625e+01  4.806739e+01 
3210  8.196486e+03  5.734139e+03  2.462348e+03 
3217  9.854439e+00  4.927242e+00  4.927197e+00 
3223  3.845449e+01  1.922736e+01  1.922713e+01 
3229  5.393204e+03  3.772236e+03  1.620968e+03 
3236  3.769197e+02  1.969021e+02  1.800176e+02 
3242  5.865144e+02  2.953618e+02  2.911526e+02 
3248  7.588206e+02  3.870225e+02  3.717981e+02 
3255  5.872889e+03  3.220726e+03  2.652163e+03 
3261  1.235248e+03  6.302468e+02  6.050016e+02 
3267  4.669737e+02  2.353696e+02  2.316042e+02 
3274  1.597621e+01  8.004783e+00  7.971427e+00 
3280  1.266865e+04  7.058726e+03  5.609926e+03 
3286  1.348337e+03  7.062076e+02  6.421298e+02 
3293  1.665398e+03  8.566635e+02  8.087341e+02 
3299  5.700278e+02  3.256621e+02  2.443657e+02 
3306  1.495978e+03  7.593282e+02  7.366494e+02 
3312  1.201367e+03  6.292788e+02  5.720879e+02 
3318  1.632512e+02  8.162984e+01  8.162131e+01 
3325  1.149940e+02  5.761094e+01  5.738309e+01 
3331  2.488026e+01  1.244014e+01  1.244012e+01 
3338  1.166779e+02  5.840098e+01  5.827690e+01 
3344  9.399865e+00  4.699955e+00  4.699911e+00 
3351  3.618817e+00  1.809409e+00  1.809409e+00 
3357  5.366887e+02  2.690362e+02  2.676526e+02 
3364  1.764409e+02  8.990983e+01  8.653104e+01 
3371  5.054899e+02  2.527386e+02  2.527513e+02 
3377  1.449498e+02  7.248845e+01  7.246136e+01 
3384  1.978276e+02  9.898448e+01  9.884312e+01 
3390  1.649060e+02  8.246232e+01  8.244372e+01 
3397  2.369812e+01  1.184958e+01  1.184854e+01 
3403  5.075551e+01  2.537776e+01  2.537775e+01 
3410  3.045076e+01  1.525630e+01  1.519446e+01 
3417  2.923675e+02  1.470159e+02  1.453515e+02 
3423  4.672265e+01  2.336116e+01  2.336148e+01 
3430  8.039540e+01  4.020708e+01  4.018832e+01 
3437  2.821374e+02  1.419545e+02  1.401830e+02 
3443  7.416415e+01  3.708459e+01  3.707957e+01 
3450  4.789366e+02  2.403941e+02  2.385425e+02 
3457  2.452858e+02  1.227693e+02  1.225165e+02 
3464  4.892220e+01  2.448799e+01  2.443421e+01 
3470  4.522151e+01  2.263295e+01  2.258856e+01 
3477  3.299284e+02  1.670154e+02  1.629131e+02 
3484  2.289931e+02  1.145341e+02  1.144590e+02 
3491  6.817630e+01  3.414803e+01  3.402828e+01 
3498  1.408893e+02  7.055042e+01  7.033884e+01 
3504  1.604337e+02  8.024269e+01  8.019101e+01 
3511  1.342809e+01  6.714079e+00  6.714006e+00 
3518  1.310842e+02  6.558041e+01  6.550381e+01 
3525  1.992753e+02  9.963723e+01  9.963803e+01 
3532  1.472628e+02  7.363091e+01  7.363188e+01 
3539  3.148861e+02  1.574417e+02  1.574445e+02 
3545  1.208546e+01  6.042742e+00  6.042714e+00 
3552  3.790632e+01  1.897495e+01  1.893137e+01 
3559  1.698234e+01  8.491349e+00  8.490992e+00 
3566  2.161272e+01  1.102418e+01  1.058854e+01 
3573  4.172150e+01  2.107543e+01  2.064607e+01 
3580  1.135880e+00  5.679438e-01  5.679362e-01 
3587  4.225849e+01  2.192670e+01  2.033179e+01 
3594  4.695242e+00  2.347621e+00  2.347621e+00 
3601  2.380288e+01  1.190148e+01  1.190140e+01 
3608  5.966726e+00  2.983364e+00  2.983362e+00 
3615  2.739360e+01  1.369620e+01  1.369740e+01 
3622  1.033755e+02  5.175402e+01  5.162148e+01 
3629  3.003576e+01  1.511502e+01  1.492073e+01 
3636  1.326925e+01  6.635448e+00  6.633797e+00 
3643  9.244809e+01  4.642512e+01  4.602297e+01 
3651  3.758344e+00  1.879172e+00  1.879172e+00 
3658  3.146033e+02  1.599668e+02  1.546365e+02 
3665  4.964822e+00  2.482425e+00  2.482397e+00 
3672  4.544962e+00  2.272666e+00  2.272296e+00 
3679  4.874565e+00  2.453703e+00  2.420862e+00 
3686  1.580648e+01  7.876868e+00  7.929612e+00 
3693  5.215854e+00  2.611070e+00  2.604784e+00 
3701  2.632544e+01  1.315858e+01  1.316685e+01 
3708  6.456702e+00  3.228346e+00  3.228356e+00 
3715  3.848383e+00  1.941261e+00  1.907123e+00 
3722  8.627382e+00  4.313882e+00  4.313500e+00 
3730  1.768319e+01  8.841468e+00  8.841718e+00 
3737  1.314842e+00  6.574246e-01  6.574177e-01 
3744  7.516075e+00  3.759131e+00  3.756944e+00 
3751  5.466273e+01  2.738932e+01  2.727342e+01 
3759  3.768792e+01  1.884753e+01  1.884038e+01 
3766  2.457739e+02  1.234704e+02  1.223035e+02 
3773  2.608087e+00  1.328774e+00  1.279313e+00 
3781  9.106200e+01  4.561947e+01  4.544253e+01 
3788  1.060395e+01  5.302329e+00  5.301623e+00 
3795  9.478187e+00  4.785633e+00  4.692554e+00 
3803  2.737927e+00  1.368954e+00  1.368974e+00 
3810  1.419829e+01  7.099318e+00  7.098971e+00 
3818  2.266378e+00  1.133094e+00  1.133284e+00 
3825  5.552056e+02  2.793428e+02  2.758627e+02 
3833  4.607870e+00  2.309623e+00  2.298247e+00 
3840  4.823100e+00  2.386204e+00  2.436896e+00 
3847  1.073755e+01  5.369098e+00  5.368451e+00 
3855  1.480785e+00  7.403858e-01  7.403991e-01 
3862  2.074302e+00  1.037146e+00  1.037156e+00 
3870  1.310683e+02  6.573577e+01  6.533250e+01 
3878  6.081013e+00  3.051318e+00  3.029695e+00 
3885  6.373230e+00  3.186816e+00  3.186415e+00 
3893  9.930555e+00  4.966578e+00  4.963977e+00 
3900  9.232769e+00  4.616367e+00  4.616403e+00 
3908  7.605974e+01  3.807550e+01  3.798424e+01 
3915  1.205723e+02  6.033193e+01  6.024032e+01 
3923  5.926655e+00  2.963327e+00  2.963328e+00 
3931  1.867330e+02  9.348732e+01  9.324571e+01 
3938  8.935753e+02  4.498649e+02  4.437104e+02 
3946  1.952621e+02  9.777442e+01  9.748773e+01 
3954  8.645241e+00  4.322620e+00  4.322620e+00 
3961  4.115899e+01  2.052681e+01  2.063218e+01 
3969  3.627285e+02  1.836506e+02  1.790779e+02 
3977  2.790762e+02  1.399528e+02  1.391235e+02 
3985  5.018333e+01  2.509958e+01  2.508376e+01 
3992  1.963486e+01  9.822530e+00  9.812332e+00 
4000  1.472219e+02  7.375970e+01  7.346218e+01 
4008  1.051035e+01  5.255169e+00  5.255177e+00 
4016  1.034978e+01  5.174894e+00  5.174885e+00 
4024  2.970343e+01  1.486384e+01  1.483959e+01 
4031  3.184049e+00  1.605110e+00  1.578938e+00 
4039  3.468431e+00  1.734232e+00  1.734199e+00 
4047  1.201041e+00  6.006646e-01  6.003765e-01 
4055  3.426628e+00  1.713326e+00  1.713302e+00 
4063  6.183402e+01  3.091702e+01  3.091700e+01 
4071  3.889932e+01  1.945037e+01  1.944895e+01 
4079  1.710303e+02  8.551582e+01  8.551446e+01 
4087  1.366268e+01  6.831533e+00  6.831149e+00 
4095  1.503748e+01  7.518744e+00  7.518731e+00 
4103  6.825836e+00  3.427574e+00  3.398262e+00 
4111  2.001629e+01  1.000811e+01  1.000818e+01 
4119  5.453317e+01  2.728523e+01  2.724793e+01 
4127  6.416684e+01  3.213000e+01  3.203684e+01 
4135  2.320369e+01  1.160246e+01  1.160123e+01 
4143  4.212371e+01  2.105861e+01  2.106509e+01 
4151  1.048998e+01  5.244989e+00  5.244988e+00 
4159  1.413069e+01  7.065402e+00  7.065287e+00 
4167  3.587265e+00  1.793641e+00  1.793623e+00 
4175  1.083463e+03  5.463323e+02  5.371305e+02 
4183  1.431699e+01  7.158590e+00  7.158400e+00 
4191  1.880546e+00  9.402732e-01  9.402732e-01 
4200  5.592259e+00  2.796138e+00  2.796122e+00 
4208  3.734497e+01  1.867715e+01  1.866782e+01 
4216  2.886116e+00  1.443058e+00  1.443058e+00 
4224  1.866488e+01  9.352332e+00  9.312545e+00 
4232  2.796046e+03  1.475207e+03  1.320839e+03 
4241  1.300254e+03  6.502552e+02  6.499988e+02 
4249  2.776526e+01  1.389188e+01  1.387338e+01 
4257  5.214173e+01  2.607874e+01  2.606299e+01 
4265  3.829504e+00  1.925816e+00  1.903688e+00 
4274  6.482623e+02  3.242367e+02  3.240256e+02 
4282  3.811517e+00  1.905759e+00  1.905758e+00 
4290  1.061196e+03  5.307068e+02  5.304895e+02 
4299  6.747815e+02  3.402905e+02  3.344910e+02 
4307  1.915924e+02  9.579872e+01  9.579369e+01 
4316  4.600572e+02  2.301033e+02  2.299539e+02 
4324  1.207253e+01  6.036659e+00  6.035870e+00 
4332  4.304008e+02  2.172438e+02  2.131570e+02 
4341  2.057227e+02  1.043110e+02  1.014116e+02 
4349  1.651437e+03  8.375970e+02  8.138404e+02 
4358  1.144643e+03  5.723890e+02  5.722541e+02 
4366  3.090315e+01  1.545454e+01  1.544861e+01 
4375  1.706737e+03  8.766664e+02  8.300707e+02 
4383  5.345990e+02  2.688652e+02  2.657338e+02 
4392  2.308987e+00  1.154484e+00  1.154503e+00 
4400  1.999319e+02  1.004954e+02  9.943649e+01 
4409  1.245513e+03  6.298523e+02  6.156605e+02 
4418  1.061086e+03  5.328808e+02  5.282057e+02 
4426  3.072708e+00  1.536354e+00  1.536354e+00 
4435  9.001120e+01  4.502880e+01  4.498240e+01 
4443  8.006256e+00  4.003135e+00  4.003121e+00 
4452  3.691544e+02  1.845892e+02  1.845652e+02 
4461  1.145569e+02  5.727977e+01  5.727716e+01 
4469  2.279331e+02  1.141847e+02  1.137484e+02 
4478  1.764983e+02  8.825163e+01  8.824667e+01 
4487  6.608556e+02  3.315430e+02  3.293126e+02 
4496  2.787734e+01  1.393854e+01  1.393880e+01 
4504  6.054736e+02  3.066239e+02  2.988497e+02 
4513  2.255868e+02  1.129784e+02  1.126084e+02 
4522  1.640714e+03  8.297142e+02  8.109999e+02 
4531  8.479054e+01  4.241478e+01  4.237576e+01 
4540  4.119788e+02  2.076243e+02  2.043544e+02 
4548  1.271107e+03  6.480895e+02  6.230172e+02 
4557  3.954833e+02  1.983816e+02  1.971017e+02 
4566  1.261613e+00  6.308068e-01  6.308066e-01 
4575  7.189960e+02  3.636993e+02  3.552967e+02 
4584  1.820515e+03  9.323541e+02  8.881608e+02 
4593  7.879024e+01  3.945137e+01  3.933887e+01 
4602  9.271107e+00  4.635561e+00  4.635546e+00 
4611  1.012830e+00  5.064166e-01  5.064139e-01 
4620  6.498630e+02  3.288228e+02  3.210401e+02 
4629  1.379400e+03  6.954476e+02  6.839520e+02 
4638  6.962267e+01  3.481166e+01  3.481101e+01 
4647  7.964553e+01  3.987970e+01  3.976583e+01 
4656  3.628603e+00  1.814382e+00  1.814221e+00 
4665  2.544628e+02  1.274372e+02  1.270255e+02 
4674  1.256231e+01  6.281782e+00  6.280528e+00 
4683  3.429735e+01  1.714875e+01  1.714860e+01 
4692  7.421413e-01  3.710707e-01  3.710707e-01 
4701  5.236007e+00  2.618004e+00  2.618003e+00 
4711  8.873788e-01  4.434751e-01  4.439037e-01 
4720  2.429131e+01  1.214570e+01  1.214561e+01 
4729  1.608655e+02  8.043600e+01  8.042952e+01 
4738  3.772621e+00  1.886403e+00  1.886217e+00 
4747  2.138358e+01  1.069181e+01  1.069176e+01 
4757  1.535269e+00  7.676368e-01  7.676318e-01 
4766  5.152761e-01  2.576381e-01  2.576379e-01 
4775  1.466284e+02  7.331536e+01  7.331301e+01 
4784  1.800290e-01  9.001451e-02  9.001451e-02 
4794  2.107912e+01  1.053959e+01  1.053953e+01 
4803  1.074582e+00  5.372909e-01  5.372909e-01 
4813  3.041232e+02  1.520679e+02  1.520554e+02 
4822  1.091638e+02  5.458268e+01  5.458116e+01 
4831  2.896498e+01  1.448293e+01  1.448205e+01 
4841  2.339191e+01  1.169690e+01  1.169502e+01 
4850  1.953186e+01  9.765991e+00  9.765872e+00 
4860  3.246121e+00  1.630206e+00  1.615915e+00 
4869  4.099249e+01  2.049833e+01  2.049416e+01 
4879  1.744831e+02  8.724342e+01  8.723965e+01 
4888  2.138116e+02  1.069087e+02  1.069029e+02 
4898  5.001576e+01  2.500799e+01  2.500777e+01 
4907  2.137043e+02  1.068543e+02  1.068500e+02 
4917  1.202466e+00  6.012329e-01  6.012329e-01 
4926  4.117200e+03  2.179240e+03  1.937960e+03 
4936  4.414293e+00  2.207147e+00  2.207147e+00 
4945  3.461710e+02  1.730929e+02  1.730781e+02 
4955  1.588585e+02  7.943006e+01  7.942845e+01 
4965  1.103800e+00  5.519001e-01  5.518999e-01 
4974  1.664562e+02  8.322923e+01  8.322699e+01 
4984  3.229263e+00  1.614631e+00  1.614631e+00 
4994  1.795391e+01  8.977350e+00  8.976556e+00 
5004  2.696770e+02  1.348420e+02  1.348350e+02 
5013  4.938609e+03  2.699139e+03  2.239470e+03 
5023  1.291920e+02  6.459888e+01  6.459312e+01 
5033  1.071443e+00  5.357217e-01  5.357214e-01 
5043  1.513818e+02  7.569146e+01  7.569038e+01 
5052  2.412572e+02  1.206315e+02  1.206257e+02 
5062  3.833163e+01  1.916590e+01  1.916573e+01 
5072  6.319167e+02  3.159777e+02  3.159390e+02 
5082  2.678442e+00  1.339224e+00  1.339218e+00 
5092  1.784247e+00  8.921250e-01  8.921218e-01 
5102  1.837113e+01  9.186095e+00  9.185033e+00 
5112  4.694209e+02  2.347192e+02  2.347017e+02 
5122  9.655635e+00  4.827855e+00  4.827780e+00 
5132  2.426883e+01  1.213469e+01  1.213414e+01 
5142  1.167672e+01  5.838764e+00  5.837955e+00 
5152  1.572324e+01  7.861808e+00  7.861428e+00 
5162  2.466668e+03  1.233616e+03  1.233052e+03 
5172  6.060153e+03  3.334548e+03  2.725605e+03 
5182  3.194387e+02  1.597214e+02  1.597173e+02 
5192  6.224704e+00  3.118025e+00  3.106678e+00 
5202  1.149629e+03  5.770877e+02  5.725411e+02 
5212  1.269027e+00  6.345136e-01  6.345136e-01 
5222  6.486329e+01  3.243183e+01  3.243146e+01 
5233  1.568757e+03  7.889643e+02  7.797922e+02 
5243  5.072211e+00  2.536113e+00  2.536098e+00 
5253  2.011556e+02  1.006387e+02  1.005170e+02 
5263  1.310015e+03  6.550995e+02  6.549155e+02 
5273  3.559245e+03  1.790217e+03  1.769028e+03 
5284  2.466089e+03  1.247224e+03  1.218864e+03 
5294  7.792583e+01  3.896320e+01  3.896262e+01 
5304  2.840801e+00  1.420400e+00  1.420401e+00 
5315  5.116449e+03  2.606423e+03  2.510026e+03 
5325  2.640215e+02  1.321240e+02  1.318974e+02 
5335  5.588070e+02  2.794192e+02  2.793878e+02 
5346  6.059623e+01  3.029832e+01  3.029791e+01 
5356  4.743455e+00  2.371728e+00  2.371728e+00 
5367  1.214719e+02  6.082153e+01  6.065041e+01 
5377  5.753519e+02  2.876924e+02  2.876595e+02 
5388  1.391736e+01  6.958679e+00  6.958679e+00 
5398  1.849170e+00  9.245853e-01  9.245850e-01 
5409  7.820526e+01  3.910329e+01  3.910198e+01 
5419  2.756573e+00  1.378286e+00  1.378286e+00 
5430  4.568457e+02  2.285709e+02  2.282748e+02 
5440  8.279675e+00  4.139842e+00  4.139833e+00 
5451  5.908341e+00  2.954193e+00  2.954148e+00 
5461  1.329253e+00  6.646481e-01  6.646052e-01 
5472  1.844995e+01  9.225053e+00  9.224901e+00 
5483  4.251502e+00  2.125751e+00  2.125751e+00 
5493  4.677932e+01  2.338972e+01  2.338960e+01 
5504  5.704434e+00  2.852217e+00  2.852217e+00 
5515  6.814369e+00  3.407187e+00  3.407182e+00 
5526  1.428300e+02  7.141579e+01  7.141417e+01 
5536  2.351719e+01  1.175924e+01  1.175795e+01 
5547  3.020191e+01  1.510102e+01  1.510089e+01 
5558  4.311802e+01  2.155909e+01  2.155893e+01 
5569  6.855866e+00  3.427924e+00  3.427942e+00 
5580  1.762130e+01  8.810658e+00  8.810642e+00 
5590  1.443608e+01  7.218034e+00  7.218042e+00 
5601  9.382664e-01  4.691335e-01  4.691328e-01 
5612  1.548402e+01  7.742013e+00  7.742006e+00 
5623  2.982465e+01  1.491258e+01  1.491207e+01 
5634  1.285994e+00  6.429970e-01  6.429968e-01 
5645  2.158772e+01  1.079387e+01  1.079385e+01 
5656  2.991809e+01  1.495926e+01  1.495883e+01 
5667  4.037428e+01  2.018714e+01  2.018714e+01 
5678  2.385043e+01  1.192523e+01  1.192520e+01 
5689  5.939436e+01  2.969718e+01  2.969718e+01 
5700  2.464632e+00  1.232333e+00  1.232299e+00 
5711  9.740590e+00  4.870295e+00  4.870295e+00 
5723  1.829547e+01  9.147781e+00  9.147691e+00 
5734  9.553440e+00  4.776737e+00  4.776703e+00 
5745  3.548899e+01  1.774452e+01  1.774447e+01 
5756  3.455971e+00  1.727986e+00  1.727986e+00 
5767  2.451718e+00  1.225859e+00  1.225859e+00 
5779  6.839268e+00  3.419677e+00  3.419591e+00 
5790  1.707473e+00  8.537384e-01  8.537347e-01 
5801  1.155473e+01  5.777363e+00  5.777362e+00 
5812  9.786070e+00  4.893126e+00  4.892943e+00 
5824  1.395860e+00  6.979329e-01  6.979271e-01 
5835  3.791385e+01  1.895707e+01  1.895678e+01 
5846  1.511972e+01  7.559862e+00  7.559862e+00 
5858  9.672257e+00  4.836141e+00  4.836117e+00 
5869  3.369731e+01  1.684860e+01  1.684871e+01 
5881  2.516082e+00  1.258026e+00  1.258056e+00 
5892  1.778979e+00  1.137598e+00  6.413803e-01 
5904  7.984568e+00  3.992285e+00  3.992282e+00 
5915  1.202145e+02  6.010725e+01  6.010725e+01 
5927  1.485316e+01  7.426607e+00  7.426554e+00 
5938  7.931842e-01  3.965921e-01  3.965921e-01 
5950  1.694204e+01  8.471211e+00  8.470832e+00 
5961  8.815871e+00  4.407936e+00  4.407936e+00 
5973  4.187068e+00  2.093535e+00  2.093533e+00 
5985  1.147519e+01  5.737593e+00  5.737595e+00 
5996  6.272619e+01  3.136574e+01  3.136045e+01 
6008  3.000189e+00  1.500094e+00  1.500094e+00 
6020  1.406725e+01  7.033632e+00  7.033622e+00 
6031  2.898636e+00  1.449318e+00  1.449318e+00 
6043  4.351349e+01  2.175691e+01  2.175658e+01 
6055  3.446059e+01  1.723030e+01  1.723030e+01 
6067  3.462198e+00  1.731103e+00  1.731095e+00 
6078  9.181351e+01  4.590754e+01  4.590597e+01 
6090  3.782586e+00  1.891293e+00  1.891293e+00 
6102  4.507006e+00  2.253709e+00  2.253296e+00 
6114  1.783422e+01  8.917214e+00  8.917008e+00 
6126  7.043300e+00  3.521680e+00  3.521620e+00 
6138  2.543556e+00  1.271779e+00  1.271776e+00 
6150  1.883482e+02  9.419567e+01  9.415250e+01 
6162  5.882612e+00  2.941339e+00  2.941273e+00 
6174  1.500034e+02  7.500224e+01  7.500120e+01 
6186  7.156631e+01  3.578316e+01  3.578315e+01 
6198  2.377106e+01  1.188553e+01  1.188553e+01 
6210  3.866018e-01  1.933009e-01  1.933009e-01 
6222  3.971683e+00  1.985842e+00  1.985841e+00 
6234  2.275252e+02  1.137790e+02  1.137462e+02 
6246  3.118915e+02  1.560267e+02  1.558648e+02 
6259  2.038756e+01  1.019378e+01  1.019378e+01 
6271  3.913266e+00  1.956640e+00  1.956626e+00 
6283  4.665127e+00  2.332570e+00  2.332557e+00 
6295  1.477148e+00  7.386001e-01  7.385482e-01 
6307  1.096996e+01  5.485406e+00  5.484553e+00 
6320  6.978033e+02  3.489028e+02  3.489005e+02 
6332  1.957872e+01  9.789548e+00  9.789175e+00 
6344  4.446149e+01  2.224076e+01  2.222072e+01 
6357  9.935333e+00  4.967669e+00  4.967665e+00 
6369  1.487525e+02  7.440829e+01  7.434419e+01 
6381  4.562612e+02  2.281306e+02  2.281306e+02 
6394  5.212549e+00  2.606274e+00  2.606274e+00 
6406  2.323895e+01  1.161947e+01  1.161948e+01 
6419  1.266276e+02  6.331181e+01  6.331580e+01 
6431  1.859545e+02  9.298897e+01  9.296549e+01 
6444  6.434781e+01  3.217421e+01  3.217359e+01 
6456  6.694938e+02  3.347097e+02  3.347841e+02 
6469  3.111531e+01  1.555766e+01  1.555765e+01 
6482  3.085307e+01  1.542685e+01  1.542622e+01 
6494  2.819966e+02  1.410187e+02  1.409779e+02 
6507  1.010628e+02  5.053148e+01  5.053136e+01 
6520  4.001428e+02  2.001266e+02  2.000162e+02 
6532  9.449699e+01  4.724850e+01  4.724849e+01 
6545  1.018984e+00  5.094922e-01  5.094922e-01 
6558  1.002878e+02  7.385796e+01  2.642982e+01 
6571  4.030662e+01  2.015338e+01  2.015324e+01 
6583  1.179834e+02  5.899172e+01  5.899172e+01 
6596  9.137691e+00  4.568846e+00  4.568845e+00 
6609  3.726018e+01  1.863009e+01  1.863009e+01 
6622  1.033529e+02  5.167645e+01  5.167645e+01 
6635  5.952161e-01  2.976080e-01  2.976080e-01 
6648  8.950386e+01  4.475203e+01  4.475183e+01 
6661  4.266988e+01  2.133501e+01  2.133487e+01 
6674  2.319492e+00  1.159379e+00  1.160113e+00 
6687  2.886189e+01  1.443095e+01  1.443095e+01 
6700  9.046942e+00  4.523471e+00  4.523471e+00 
6713  4.288886e-01  2.145229e-01  2.143657e-01 
6726  3.458071e+01  1.729037e+01  1.729034e+01 
6739  2.101378e-01  1.050689e-01  1.050689e-01 
6752  2.481768e+00  1.240884e+00  1.240884e+00 
6765  2.367498e+01  1.183749e+01  1.183749e+01 
6778  1.464752e+01  7.323761e+00  7.323761e+00 
6792  1.193882e+00  5.969408e-01  5.969408e-01 
6805  7.759946e+00  3.879974e+00  3.879972e+00 
6818  1.417457e+01  7.087284e+00  7.087284e+00 
6831  2.965935e+00  1.482968e+00  1.482967e+00 
6845  1.419151e+00  7.095755e-01  7.095755e-01 
6858  1.801294e+02  9.006470e+01  9.006467e+01 
6871  5.435734e+01  2.717869e+01  2.717865e+01 
6885  6.110567e-01  3.055286e-01  3.055282e-01 
6898  9.578291e+00  4.789148e+00  4.789143e+00 
6912  5.642768e+00  2.821386e+00  2.821382e+00 
6925  5.814042e+01  2.907022e+01  2.907021e+01 
6938  1.881672e+01  9.408364e+00  9.408356e+00 
6952  4.168607e+00  2.084305e+00  2.084302e+00 
6966  3.687212e+00  1.843607e+00  1.843606e+00 
6979  5.574645e+00  2.787322e+00  2.787322e+00 
6993  2.758989e+01  1.379494e+01  1.379494e+01 
