1000.97394    1.7064e-17    2.3750e-17    1.1557e-18
1002.92358    6.9106e-18    9.4685e-18    8.2381e-19
1004.87708    8.7387e-18    1.2041e-17    8.8118e-19
1006.83441    5.8645e-18    8.1420e-18    4.4500e-19
1008.79553    7.0919e-18    9.8714e-18    4.7753e-19
1010.76050    1.8251e-19    2.4288e-19    3.8863e-20
1012.72925    2.9463e-18    4.1188e-18    1.5600e-19
1014.70178    6.3540e-18    8.9031e-18    2.8803e-19
1016.67822    7.1811e-18    1.0041e-17    3.7426e-19
1018.65857    3.4016e-18    4.7804e-18    1.2034e-19
1020.64270    5.4010e-18    7.6158e-18    1.3042e-19
1022.63074    3.4672e-18    4.9052e-18    4.5440e-20
1024.62256    6.0994e-19    8.6365e-19    6.1688e-21
1026.61841    1.5620e-19    2.2033e-19    3.6078e-21
1028.61792    5.0454e-18    7.1490e-18    3.9297e-20
1030.62158    2.3479e-17    3.3229e-17    2.7816e-19
1032.62891    9.3860e-17    1.3321e-16    2.1556e-19
1034.64038    1.3294e-17    1.8679e-17    4.8073e-19
1036.65564    2.2688e-17    3.2156e-17    1.5862e-19
1038.67480    2.6133e-18    3.6113e-18    2.3843e-19
1040.69800    2.6034e-18    3.6591e-18    9.1251e-20
1042.72510    7.5706e-18    1.0495e-17    6.1164e-19
1044.75610    7.5431e-18    1.0219e-17    1.1764e-18
1046.79102    5.4885e-18    7.4949e-18    7.1390e-19
1048.83008    7.7818e-19    1.0368e-18    1.6269e-19
1050.87292    6.6514e-18    9.2608e-18    4.4209e-19
1052.91980    2.6909e-18    3.5216e-18    7.1413e-19
1054.97070    3.0634e-17    4.3133e-17    8.8897e-19
1057.02563    1.6108e-17    2.1222e-17    3.9373e-18
1059.08447    1.9236e-17    2.6456e-17    2.0561e-18
1061.14734    4.3911e-17    6.0873e-17    3.5463e-18
1063.21436    7.8593e-17    1.1147e-16    3.6663e-19
1065.28516    1.7060e-17    2.3808e-17    1.0006e-18
1067.36011    8.8531e-17    1.2471e-16    2.4453e-18
1069.43921    4.1222e-17    5.7999e-17    1.2990e-18
1071.52222    4.9756e-17    7.0196e-17    1.1155e-18
1073.60938    1.2266e-16    1.7361e-16    1.4157e-18
1075.70056    7.1947e-17    1.0184e-16    8.2272e-19
1077.79590    6.5605e-17    9.1643e-17    3.6426e-18
1079.89514    7.0170e-18    9.3139e-18    1.5512e-18
1081.99854    4.0234e-17    5.7033e-17    2.5748e-19
1084.10608    5.9388e-17    8.4103e-17    5.7508e-19
1086.21777    7.6144e-18    9.7060e-18    2.6369e-18
1088.33350    4.7832e-17    6.7327e-17    1.4400e-18
1090.45337    7.3168e-17    1.0322e-16    1.6433e-18
1092.57727    4.3545e-17    6.1613e-17    5.5064e-19
1094.70532    5.0161e-17    6.9545e-17    4.0339e-18
1096.83765    6.0176e-17    8.4883e-17    1.3823e-18
1098.97412    7.9723e-17    1.1294e-16    6.7518e-19
1101.11475    6.4177e-17    9.0233e-17    2.1729e-18
1103.25952    2.1142e-17    2.8976e-17    2.4991e-18
1105.40845    4.0293e-17    5.6036e-17    2.8277e-18
1107.56152    7.0872e-17    9.9631e-17    2.4358e-18
1109.71887    3.6822e-17    5.2054e-17    5.7403e-19
1111.88037    4.8947e-17    6.9210e-17    7.2959e-19
1114.04614    7.3788e-17    1.0433e-16    1.1162e-18
1116.21606    4.2070e-17    5.9355e-17    9.4024e-19
1118.39014    8.7075e-18    1.1640e-17    1.7292e-18
1120.56860    9.2759e-18    1.2718e-17    1.0852e-18
1122.75122    6.0844e-17    8.6240e-17    4.1042e-19
1124.93811    5.8171e-17    8.1781e-17    1.9846e-18
1127.12927    1.4442e-16    2.0473e-16    8.9895e-19
1129.32471    8.3878e-17    1.1841e-16    1.6971e-18
1131.52441    6.4427e-17    9.1228e-17    6.5011e-19
1133.72839    1.1662e-16    1.6533e-16    7.1811e-19
1135.93665    6.3533e-17    8.7740e-17    5.9292e-18
1138.14917    5.1326e-17    7.2113e-17    1.8614e-18
1140.36621    7.1158e-17    9.8979e-17    4.9528e-18
1142.58740    8.2426e-17    1.1640e-16    1.5690e-18
1144.81299    2.2658e-16    3.1964e-16    5.1221e-18
1147.04272    2.5123e-16    3.5382e-16    7.1060e-18
1149.27698    1.4845e-16    2.0992e-16    2.1715e-18
1151.51562    1.6852e-16    2.3774e-16    3.8051e-18
1153.75854    1.4902e-16    2.0953e-16    5.0390e-18
1156.00586    2.9120e-17    4.0412e-17    2.2480e-18
1158.25745    9.1177e-17    1.2692e-16    6.1246e-18
1160.51355    1.0461e-16    1.4511e-16    8.2214e-18
1162.77393    5.7316e-17    8.0718e-17    1.6255e-18
1165.03882    4.8152e-17    6.7652e-17    1.7469e-18
1167.30811    5.1758e-17    7.2291e-17    2.8980e-18
1169.58179    6.1157e-17    8.5397e-17    3.4757e-18
1171.85986    8.6319e-17    1.2011e-16    5.8978e-18
1174.14246    8.3494e-17    1.1706e-16    3.6223e-18
1176.42944    7.7206e-17    1.0834e-16    3.1206e-18
1178.72095    1.6604e-17    2.3273e-17    7.3354e-19
1181.01685    4.2824e-17    6.0287e-17    1.2668e-18
1183.31714    3.6895e-17    5.1946e-17    1.0776e-18
1185.62207    5.9878e-17    8.3710e-17    3.1660e-18
1187.93140    8.3022e-17    1.1637e-16    3.6707e-18
1190.24536    3.3908e-17    4.7759e-17    9.4611e-19
1192.56372    1.0184e-16    1.4368e-16    2.2682e-18
1194.88647    3.2721e-17    4.6048e-17    1.0082e-18
1197.21387    1.6131e-16    2.2813e-16    2.2903e-18
1199.54590    2.3048e-16    3.2689e-16    1.0461e-18
1201.88232    9.4589e-17    1.3359e-16    1.7692e-18
1204.22339    3.5132e-17    4.9448e-17    1.0653e-18
1206.56897    1.2714e-16    1.7928e-16    3.0641e-18
1208.91919    1.1630e-16    1.6437e-16    1.9196e-18
1211.27393    1.2373e-16    1.7463e-16    2.6154e-18
1213.63330    3.3529e-17    4.7097e-17    1.2418e-18
1215.99719    1.3313e-16    1.8868e-16    9.4642e-19
1218.36572    1.1126e-16    1.5554e-16    5.8911e-18
1220.73877    1.3304e-16    1.8350e-16    1.2943e-17
1223.11658    2.1994e-17    3.0731e-17    1.2027e-18
1225.49902    9.5083e-18    1.3422e-17    1.9434e-19
1227.88599    1.6479e-17    2.3322e-17    1.9334e-19
1230.27771    4.7179e-18    6.6430e-18    1.3696e-19
1232.67407    2.5941e-17    3.6682e-17    3.8085e-19
1235.07507    3.3859e-17    4.7733e-17    8.4238e-19
1237.48071    2.3885e-17    3.3688e-17    5.5536e-19
1239.89111    2.6341e-17    3.7015e-17    9.4122e-19
1242.30615    3.2646e-17    4.5887e-17    1.1366e-18
1244.72595    1.6284e-17    2.2866e-17    6.1857e-19
1247.15039    1.0472e-17    1.4717e-17    3.7220e-19
1249.57959    2.7528e-17    3.8469e-17    1.4901e-18
1252.01355    2.6550e-17    3.7171e-17    1.2768e-18
1254.45215    3.2438e-17    4.5446e-17    1.4810e-18
1256.89563    3.9765e-17    5.5378e-17    2.6106e-18
1259.34375    4.5788e-17    6.4075e-17    2.2696e-18
1261.79675    5.1998e-17    7.2486e-17    3.2443e-18
1264.25452    1.7673e-16    2.4524e-16    1.3688e-17
1266.71704    6.4640e-16    9.0918e-16    2.1094e-17
1269.18433    3.7937e-17    5.2276e-17    3.8144e-18
1271.65649    7.3486e-17    1.0268e-16    4.0099e-18
1274.13342    3.3611e-17    4.6603e-17    2.6948e-18
1276.61523    4.0160e-17    5.6332e-17    1.6758e-18
1279.10181    3.5844e-17    4.8836e-17    4.9260e-18
1281.59326    2.6062e-17    3.5708e-17    3.1100e-18
1284.08960    1.6368e-17    2.2221e-17    2.4385e-18
1286.59070    3.6536e-17    4.9102e-17    6.6315e-18
1289.09668    2.2760e-16    3.0492e-16    4.3608e-17
1291.60767    1.0275e-16    1.3698e-16    2.1302e-17
1294.12341    1.2976e-16    1.7237e-16    2.8361e-17
1296.64404    1.5010e-16    2.0841e-16    1.1331e-17
1299.16968    1.3113e-16    1.7453e-16    2.7853e-17
1301.70020    2.6601e-17    3.6082e-17    4.0387e-18
1304.23572    7.2230e-17    9.9550e-17    7.2155e-18
1306.77612    4.0792e-17    5.4641e-17    7.8369e-18
1309.32141    1.1200e-17    1.5319e-17    1.3998e-18
1311.87183    1.6918e-17    2.2090e-17    4.6092e-18
1314.42700    2.9819e-17    4.1078e-17    3.0267e-18
1316.98730    3.3069e-17    4.2674e-17    1.0214e-17
1319.55249    5.1809e-17    6.7767e-17    1.3836e-17
1322.12280    5.0673e-17    6.7432e-17    1.0792e-17
1324.69800    3.0929e-17    4.0057e-17    9.2054e-18
1327.27820    5.1132e-17    6.5482e-17    1.6984e-17
1329.86353    3.6932e-17    4.6899e-17    1.3214e-17
1332.45386    5.0269e-17    6.4034e-17    1.7513e-17
1335.04919    7.3288e-18    9.7442e-18    1.5809e-18
1337.64966    1.6549e-17    2.1004e-17    5.9474e-18
1340.25513    1.3407e-16    1.5497e-16    8.4339e-17
1342.86560    1.5211e-17    1.7697e-17    9.2949e-18
1345.48120    4.6657e-17    5.7129e-17    2.1737e-17
1348.10205    5.1893e-18    6.1414e-18    2.9237e-18
1350.72778    5.9230e-17    6.9400e-17    3.5031e-17
1353.35876    3.1601e-17    3.7696e-17    1.7099e-17
1355.99487    4.0065e-17    5.1686e-17    1.2412e-17
1358.63611    2.7565e-17    3.7066e-17    4.9580e-18
1361.28247    9.6601e-17    1.1943e-16    4.2277e-17
1363.93396    9.6862e-17    1.2429e-16    3.1599e-17
1366.59058    1.0959e-16    1.3658e-16    4.5367e-17
1369.25244    4.6674e-17    5.8859e-17    1.7678e-17
1371.91956    8.4281e-17    1.0448e-16    3.6222e-17
1374.59180    1.3755e-16    1.7432e-16    5.0040e-17
1377.26929    1.2935e-16    1.5977e-16    5.6961e-17
1379.95190    6.3908e-17    7.7760e-17    3.0943e-17
1382.63965    8.8631e-17    1.0437e-16    5.1176e-17
1385.33276    3.9101e-17    4.4576e-17    2.6073e-17
1388.03125    6.6162e-17    8.0854e-17    3.1199e-17
1390.73486    2.4666e-17    3.0117e-17    1.1694e-17
1393.44360    5.9891e-17    7.2218e-17    3.0556e-17
1396.15784    5.5218e-17    6.6721e-17    2.7847e-17
1398.87720    1.6756e-16    2.1591e-16    5.2497e-17
1401.60205    1.3060e-16    1.7431e-16    2.6570e-17
1404.33203    7.5065e-17    9.1318e-17    3.6389e-17
1407.06738    3.4973e-17    3.9622e-17    2.3910e-17
1409.80811    6.7176e-17    7.5804e-17    4.6645e-17
1412.55420    4.4449e-17    5.6489e-17    1.5798e-17
1415.30554    1.8105e-16    2.3325e-16    5.6818e-17
1418.06213    8.8517e-17    1.0821e-16    4.1656e-17
1420.82446    4.2780e-17    4.6666e-17    3.3531e-17
1423.59180    3.6025e-17    4.2395e-17    2.0866e-17
1426.36475    1.2662e-17    1.5417e-17    6.1039e-18
1429.14307    1.2498e-16    1.3012e-16    1.1276e-16
1431.92676    6.4334e-17    7.9648e-17    2.7892e-17
1434.71582    2.6478e-17    3.0320e-17    1.7338e-17
1437.51038    2.3455e-16    2.5188e-16    1.9330e-16
1440.31030    9.0745e-17    1.0938e-16    4.6390e-17
1443.11572    1.1669e-16    1.2870e-16    8.8108e-17
1445.92676    3.3498e-17    3.7617e-17    2.3697e-17
1448.74316    2.7245e-17    3.1285e-17    1.7631e-17
1451.56494    8.2261e-17    8.0299e-17    8.6931e-17
1454.39233    1.5021e-16    1.5423e-16    1.4065e-16
1457.22522    3.7929e-17    3.7486e-17    3.8983e-17
1460.06360    1.2179e-16    1.1515e-16    1.3758e-16
1462.90747    4.5741e-17    4.9649e-17    3.6442e-17
1465.75696    1.2743e-16    1.2004e-16    1.4503e-16
1468.61206    7.5331e-17    7.6616e-17    7.2275e-17
1471.47253    1.1717e-16    1.0750e-16    1.4016e-16
1474.33862    1.2360e-16    1.4504e-16    7.2558e-17
1477.21045    1.2718e-16    1.1739e-16    1.5048e-16
1480.08777    8.6847e-17    9.2431e-17    7.3558e-17
1482.97058    9.5769e-17    9.9478e-17    8.6942e-17
1485.85913    4.3013e-17    4.2810e-17    4.3496e-17
1488.75342    7.2283e-17    7.2151e-17    7.2595e-17
1491.65332    5.0922e-17    4.9687e-17    5.3859e-17
1494.55859    2.0606e-17    2.0441e-17    2.0996e-17
1497.46985    3.1305e-17    3.4212e-17    2.4387e-17
1500.38647    1.4226e-17    1.4464e-17    1.3660e-17
1503.30896    5.0367e-17    5.1304e-17    4.8139e-17
1506.23706    7.4352e-17    8.4786e-17    4.9524e-17
1509.17090    7.2544e-17    7.6595e-17    6.2902e-17
1512.11060    6.5407e-17    7.9672e-17    3.1459e-17
1515.05591    3.5774e-17    3.8959e-17    2.8194e-17
1518.00684    3.3321e-18    3.7686e-18    2.2934e-18
1520.96362    4.7933e-17    5.2494e-17    3.7077e-17
1523.92627    3.0639e-17    3.2698e-17    2.5741e-17
1526.89453    2.7512e-17    3.2270e-17    1.6188e-17
1529.86865    5.1718e-18    5.1486e-18    5.2270e-18
1532.84839    1.2641e-17    1.4921e-17    7.2180e-18
1535.83411    2.0961e-16    2.2622e-16    1.7010e-16
1538.82568    2.0368e-16    1.8554e-16    2.4684e-16
1541.82300    2.2282e-17    2.5298e-17    1.5105e-17
1544.82617    6.8677e-18    6.8105e-18    7.0036e-18
1547.83521    7.8157e-16    6.9288e-16    9.9264e-16
1550.85010    3.2809e-17    3.4541e-17    2.8689e-17
1553.87085    3.4699e-17    3.1388e-17    4.2578e-17
1556.89746    2.3782e-17    2.8992e-17    1.1386e-17
1559.92993    3.5771e-17    5.0324e-17    1.1381e-18
1562.96863    3.2825e-17    4.3999e-17    6.2346e-18
1566.01282    9.4734e-18    1.2236e-17    2.8992e-18
1569.06311    4.7675e-17    6.6706e-17    2.3868e-18
1572.11938    3.2087e-17    3.9274e-17    1.4986e-17
1575.18152    3.9060e-17    5.3956e-17    3.6111e-18
1578.24963    5.4405e-17    6.2577e-17    3.4960e-17
1581.32373    3.7935e-17    4.4293e-17    2.2803e-17
1584.40381    1.9299e-17    2.5399e-17    4.7833e-18
1587.48999    3.4075e-17    4.4585e-17    9.0653e-18
1590.58215    8.0308e-18    8.3271e-18    7.3258e-18
1593.68018    3.6911e-17    3.2963e-17    4.6307e-17
1596.78442    1.0536e-17    9.2764e-18    1.3534e-17
1599.89465    1.6591e-17    1.7704e-17    1.3942e-17
1603.01086    1.7940e-17    2.2018e-17    8.2351e-18
1606.13330    2.1030e-17    2.6499e-17    8.0158e-18
1609.26172    4.9251e-17    6.7172e-17    6.6058e-18
1612.39636    3.0099e-17    4.1470e-17    3.0398e-18
1615.53674    1.5559e-18    1.9798e-18    5.4716e-19
1618.68347    3.6862e-17    4.9923e-17    5.7817e-18
1621.83630    5.2142e-17    7.1811e-17    5.3365e-18
1624.99548    3.6456e-17    5.0817e-17    2.2808e-18
1628.16064    6.8286e-17    9.4088e-17    6.8847e-18
1631.33203    5.6224e-17    7.4299e-17    1.3211e-17
1634.50952    7.2735e-17    1.0101e-16    5.4431e-18
1637.69312    1.0724e-16    1.4120e-16    2.6426e-17
1640.88306    2.0271e-16    2.4934e-16    9.1733e-17
1644.07922    5.0726e-17    6.6481e-17    1.3234e-17
1647.28162    6.3003e-17    8.5886e-17    8.5495e-18
1650.49023    6.1106e-17    8.3579e-17    7.6263e-18
1653.70496    6.0754e-17    8.3123e-17    7.5227e-18
1656.92603    2.0464e-17    2.8786e-17    6.6242e-19
1660.15369    2.8464e-17    3.9828e-17    1.4210e-18
1663.38721    7.9444e-18    1.0926e-17    8.4867e-19
1666.62720    1.1106e-17    1.3630e-17    5.0999e-18
1669.87317    3.9302e-17    4.7751e-17    1.9198e-17
1673.12585    4.8435e-17    6.0145e-17    2.0567e-17
1676.38489    7.5354e-17    8.7053e-17    4.7515e-17
1679.65027    5.2412e-17    6.4019e-17    2.4792e-17
1682.92188    3.6295e-17    4.1271e-17    2.4455e-17
1686.19958    4.8582e-17    4.7630e-17    5.0847e-17
1689.48413    3.1199e-17    4.1011e-17    7.8483e-18
1692.77502    2.3626e-17    3.2447e-17    2.6355e-18
1696.07227    5.9692e-17    5.2035e-17    7.7914e-17
1699.37573    1.5202e-17    1.9929e-17    3.9519e-18
1702.68567    5.1857e-17    7.0269e-17    8.0438e-18
1706.00232    2.6349e-17    3.5076e-17    5.5803e-18
1709.32544    4.9692e-17    5.8157e-17    2.9548e-17
1712.65491    2.4026e-17    2.9160e-17    1.1808e-17
1715.99060    4.5661e-17    6.0338e-17    1.0735e-17
1719.33301    4.2945e-17    5.8109e-17    6.8587e-18
1722.68188    7.4201e-17    7.0202e-17    8.3718e-17
1726.03735    4.4488e-17    6.1579e-17    3.8183e-18
1729.39941    1.0284e-17    1.2981e-17    3.8644e-18
1732.76807    1.6711e-17    1.9753e-17    9.4724e-18
1736.14307    8.7911e-18    9.7495e-18    6.5105e-18
1739.52466    4.8558e-18    4.6308e-18    5.3912e-18
1742.91296    8.9035e-18    9.5233e-18    7.4284e-18
1746.30786    1.9211e-17    2.3810e-17    8.2669e-18
1749.70935    5.1128e-17    5.2557e-17    4.7726e-17
1753.11755    1.7319e-18    1.4866e-18    2.3156e-18
1756.53223    4.7188e-18    4.1013e-18    6.1884e-18
1759.95325    2.8759e-17    3.8624e-17    5.2838e-18
1763.38147    3.2313e-17    3.3361e-17    2.9820e-17
1766.81628    2.6102e-17    2.2554e-17    3.4545e-17
1770.25745    1.3631e-17    1.5998e-17    7.9975e-18
1773.70581    3.3854e-17    3.7993e-17    2.4002e-17
1777.16064    1.9708e-17    2.4104e-17    9.2459e-18
1780.62207    1.7744e-17    2.1486e-17    8.8405e-18
1784.09045    8.4680e-17    1.1080e-16    2.2522e-17
1787.56555    2.3620e-16    3.0324e-16    7.6662e-17
1791.04749    3.4313e-17    3.6087e-17    3.0091e-17
1794.53601    2.7765e-17    3.4442e-17    1.1875e-17
1798.03137    5.9286e-17    7.5892e-17    1.9769e-17
1801.53357    3.8922e-18    3.0904e-18    5.8001e-18
1805.04248    5.8152e-17    5.8773e-17    5.6673e-17
1808.55847    2.3401e-17    2.8573e-17    1.1093e-17
1812.08130    1.0657e-17    8.4869e-18    1.5822e-17
1815.61096    1.7443e-17    2.2049e-17    6.4811e-18
1819.14722    1.2687e-17    1.7239e-17    1.8558e-18
1822.69067    2.0585e-17    2.6594e-17    6.2848e-18
1826.24084    2.2142e-17    2.9630e-17    4.3216e-18
1829.79797    2.0557e-17    2.5393e-17    9.0489e-18
1833.36206    1.6735e-17    2.2050e-17    4.0859e-18
1836.93311    3.1787e-17    3.1554e-17    3.2340e-17
1840.51111    1.5304e-17    1.4227e-17    1.7867e-17
1844.09607    1.7930e-17    1.6183e-17    2.2087e-17
1847.68799    2.3985e-17    3.0241e-17    9.0972e-18
1851.28687    2.0294e-17    2.2170e-17    1.5831e-17
1854.89282    3.9875e-18    3.8680e-18    4.2721e-18
1858.50586    1.2291e-17    1.2790e-17    1.1102e-17
1862.12585    1.7661e-17    1.7655e-17    1.7674e-17
1865.75293    2.0610e-17    2.2690e-17    1.5663e-17
1869.38696    2.1555e-17    1.9384e-17    2.6719e-17
1873.02820    8.4339e-18    9.2023e-18    6.6056e-18
1876.67651    3.5694e-17    4.3854e-17    1.6276e-17
1880.33191    3.1332e-17    3.7233e-17    1.7289e-17
1883.99438    2.9482e-17    2.4689e-17    4.0886e-17
1887.66406    5.1983e-17    6.3986e-17    2.3421e-17
1891.34082    1.2175e-17    1.4158e-17    7.4563e-18
1895.02490    1.4342e-17    1.6741e-17    8.6335e-18
1898.71606    2.1466e-17    2.1216e-17    2.2061e-17
1902.41431    4.8903e-17    5.9984e-17    2.2534e-17
1906.11987    1.5640e-17    1.8311e-17    9.2829e-18
1909.83252    1.7597e-17    2.0995e-17    9.5105e-18
1913.55261    2.0778e-17    2.5293e-17    1.0035e-17
1917.27979    3.4208e-17    4.0547e-17    1.9123e-17
1921.01428    1.2077e-17    1.1011e-17    1.4614e-17
1924.75610    2.7291e-17    3.4374e-17    1.0436e-17
1928.50513    2.7157e-17    3.0501e-17    1.9200e-17
1932.26147    1.7459e-17    1.9882e-17    1.1694e-17
1936.02515    3.0451e-17    4.1350e-17    4.5160e-18
1939.79614    1.5862e-17    1.3380e-17    2.1769e-17
1943.57446    2.5064e-17    2.7755e-17    1.8659e-17
1947.36011    4.4326e-17    4.1940e-17    5.0003e-17
1951.15332    1.6852e-17    1.6428e-17    1.7861e-17
1954.95374    5.0296e-17    4.3358e-17    6.6808e-17
1958.76160    1.3313e-16    1.0295e-16    2.0495e-16
1962.57690    2.4477e-17    2.3387e-17    2.7073e-17
1966.39966    7.3436e-17    6.5737e-17    9.1758e-17
1970.22974    5.1541e-17    6.1495e-17    2.7852e-17
1974.06738    1.0362e-16    8.6661e-17    1.4398e-16
1977.91248    2.3136e-17    1.9619e-17    3.1503e-17
1981.76514    7.2832e-18    5.7828e-18    1.0853e-17
1985.62524    2.7421e-17    2.4233e-17    3.5006e-17
1989.49280    2.0893e-17    2.1183e-17    2.0202e-17
1993.36792    1.5116e-17    1.4429e-17    1.6750e-17
1997.25061    1.2018e-17    9.8459e-18    1.7186e-17
2001.14087    4.2675e-17    5.0056e-17    2.5108e-17
2005.03870    2.7793e-17    3.1790e-17    1.8282e-17
2008.94409    5.1190e-17    5.9029e-17    3.2536e-17
2012.85718    3.4912e-17    3.4116e-17    3.6805e-17
2016.77783    3.9660e-17    3.7886e-17    4.3879e-17
2020.70605    1.5865e-17    1.8601e-17    9.3545e-18
2024.64209    4.9202e-17    3.8777e-17    7.4009e-17
2028.58569    1.0783e-16    9.8478e-17    1.3010e-16
2032.53687    3.6582e-17    3.8122e-17    3.2918e-17
2036.49585    1.9522e-17    2.0188e-17    1.7935e-17
2040.46265    2.2682e-17    3.0334e-17    4.4722e-18
2044.43701    2.2754e-17    2.8555e-17    8.9494e-18
2048.41919    2.0123e-17    1.6202e-17    2.9455e-17
2052.40918    1.5300e-17    1.6634e-17    1.2126e-17
2056.40674    2.7658e-17    3.3086e-17    1.4742e-17
2060.41211    5.0801e-18    6.0898e-18    2.6774e-18
2064.42554    3.4184e-17    4.3104e-17    1.2957e-17
2068.44678    4.0344e-17    3.6270e-17    5.0038e-17
2072.47559    3.9666e-17    4.1202e-17    3.6008e-17
2076.51221    3.5315e-17    2.8066e-17    5.2565e-17
2080.55713    1.6703e-17    1.7712e-17    1.4302e-17
2084.60938    9.0335e-18    7.0378e-18    1.3783e-17
2088.66992    1.8839e-17    2.3274e-17    8.2866e-18
2092.73828    1.7137e-17    1.3675e-17    2.5374e-17
2096.81445    1.5132e-17    1.5400e-17    1.4494e-17
2100.89868    3.1045e-17    2.7899e-17    3.8532e-17
2104.99072    3.1970e-17    3.1049e-17    3.4159e-17
2109.09082    6.3526e-17    8.0520e-17    2.3087e-17
2113.19922    3.3658e-17    2.8301e-17    4.6406e-17
2117.31519    7.4356e-17    7.4072e-17    7.5031e-17
2121.43945    7.3087e-18    7.0069e-18    8.0269e-18
2125.57129    1.2860e-17    9.7570e-18    2.0245e-17
2129.71143    3.4547e-17    3.9273e-17    2.3300e-17
2133.85986    3.1959e-17    2.7194e-17    4.3297e-17
2138.01611    3.9785e-17    4.5305e-17    2.6650e-17
2142.18066    2.5124e-17    2.2165e-17    3.2166e-17
2146.35303    3.0144e-17    3.1138e-17    2.7777e-17
2150.53369    3.1539e-17    3.8154e-17    1.5799e-17
2154.72266    1.2231e-17    1.1514e-17    1.3936e-17
2158.91968    1.9858e-17    1.9347e-17    2.1073e-17
2163.12500    3.1781e-17    3.3340e-17    2.8071e-17
2167.33813    4.5424e-17    4.2550e-17    5.2262e-17
2171.55957    1.3126e-17    1.0543e-17    1.9270e-17
2175.78955    4.6356e-17    4.5010e-17    4.9559e-17
2180.02759    1.2363e-17    1.2083e-17    1.3028e-17
2184.27393    3.1883e-17    2.5647e-17    4.6724e-17
2188.52832    2.4017e-17    2.5190e-17    2.1225e-17
2192.79102    7.6740e-18    6.2589e-18    1.1042e-17
2197.06226    3.4755e-18    2.6410e-18    5.4613e-18
2201.34180    9.6837e-18    7.5996e-18    1.4643e-17
2205.62939    1.8492e-17    1.5529e-17    2.5544e-17
2209.92554    2.1074e-17    1.8304e-17    2.7665e-17
2214.22998    3.6654e-17    3.7222e-17    3.5301e-17
2218.54297    2.3020e-17    2.3893e-17    2.0943e-17
2222.86426    5.9721e-17    6.8287e-17    3.9337e-17
2227.19409    2.6450e-17    2.5500e-17    2.8711e-17
2231.53223    2.8351e-17    2.5446e-17    3.5264e-17
2235.87891    3.8326e-17    4.6896e-17    1.7930e-17
2240.23389    5.6096e-17    5.9487e-17    4.8027e-17
2244.59717    5.8191e-17    6.9846e-17    3.0454e-17
2248.96924    5.3284e-17    6.7002e-17    2.0639e-17
2253.34985    5.3168e-17    6.8339e-17    1.7065e-17
2257.73901    3.9573e-17    4.4231e-17    2.8488e-17
2262.13672    8.8356e-17    1.1334e-16    2.8904e-17
2266.54297    1.0478e-16    1.3496e-16    3.2953e-17
2270.95752    7.7546e-17    9.0450e-17    4.6837e-17
2275.38086    9.9695e-17    1.1917e-16    5.3345e-17
2279.81299    9.1407e-17    1.0001e-16    7.0933e-17
2284.25366    5.2765e-17    5.9333e-17    3.7135e-17
2288.70288    3.0564e-17    2.5741e-17    4.2041e-17
2293.16089    7.7426e-17    8.5321e-17    5.8639e-17
2297.62744    3.7760e-17    3.4009e-17    4.6688e-17
2302.10303    2.6734e-17    2.4127e-17    3.2936e-17
2306.58691    1.3488e-16    1.1350e-16    1.8576e-16
2311.07959    7.6914e-17    8.3648e-17    6.0891e-17
2315.58105    5.5748e-17    6.2078e-17    4.0684e-17
2320.09155    6.1250e-17    6.6554e-17    4.8627e-17
2324.61060    6.6854e-17    6.7917e-17    6.4326e-17
2329.13843    1.7413e-16    2.2993e-16    4.1326e-17
2333.67529    1.1458e-16    1.6130e-16    3.4178e-18
2338.22070    1.2307e-16    1.6118e-16    3.2403e-17
2342.77490    2.6358e-16    3.6678e-16    1.8006e-17
2347.33838    3.1835e-16    4.3637e-16    3.7495e-17
2351.91064    5.2987e-17    5.3471e-17    5.1836e-17
2356.49170    7.7889e-17    8.4518e-17    6.2116e-17
2361.08154    5.0331e-16    7.0296e-16    2.8187e-17
2365.68066    2.3089e-16    3.1670e-16    2.6708e-17
2370.28833    1.7649e-16    2.4355e-16    1.6890e-17
2374.90527    2.5735e-16    3.5006e-16    3.6744e-17
2379.53101    1.5854e-16    2.2025e-16    1.1695e-17
2384.16602    8.3078e-16    1.1613e-15    4.4352e-17
2388.80981    2.2133e-16    2.9170e-16    5.3870e-17
2393.46289    5.2026e-16    6.8960e-16    1.1729e-16
2398.12476    2.2634e-16    2.9592e-16    6.0766e-17
2402.79590    2.7451e-16    3.7002e-16    4.7223e-17
2407.47607    1.6433e-16    2.1795e-16    3.6730e-17
2412.16528    3.9414e-16    5.3389e-16    6.1554e-17
2416.86377    1.6125e-16    1.6705e-16    1.4745e-16
2421.57129    1.2997e-16    1.2271e-16    1.4726e-16
2426.28809    1.8994e-16    2.1844e-16    1.2214e-16
2431.01392    3.3422e-16    3.4731e-16    3.0306e-16
2435.74902    2.1495e-16    2.3851e-16    1.5890e-16
2440.49365    1.4930e-16    1.4672e-16    1.5546e-16
2445.24707    2.1136e-16    2.3845e-16    1.4689e-16
2450.01001    2.0321e-16    1.7929e-16    2.6013e-16
2454.78223    1.3122e-16    1.3853e-16    1.1383e-16
2459.56348    2.3503e-16    2.5375e-16    1.9049e-16
2464.35425    3.0914e-16    3.5623e-16    1.9707e-16
2469.15430    2.0797e-16    2.3683e-16    1.3932e-16
2473.96387    1.7212e-16    1.8459e-16    1.4243e-16
2478.78271    1.2955e-16    1.4330e-16    9.6815e-17
2483.61084    1.3147e-16    1.4323e-16    1.0349e-16
2488.44849    2.0021e-16    1.9433e-16    2.1418e-16
2493.29541    1.1502e-16    1.3799e-16    6.0374e-17
2498.15186    1.0721e-16    1.2490e-16    6.5118e-17
2503.01782    1.4459e-16    1.5785e-16    1.1306e-16
2507.89307    2.6436e-16    2.6190e-16    2.7022e-16
2512.77808    1.9914e-16    2.1829e-16    1.5355e-16
2517.67236    9.9912e-17    1.0394e-16    9.0322e-17
2522.57642    1.3663e-16    1.2931e-16    1.5406e-16
2527.48975    2.0489e-16    2.6409e-16    6.4005e-17
2532.41309    6.8697e-17    8.3422e-17    3.3657e-17
2537.34570    1.6827e-16    1.9791e-16    9.7751e-17
2542.28760    1.6552e-16    1.8472e-16    1.1983e-16
2547.23975    1.6430e-16    2.0016e-16    7.8960e-17
2552.20117    9.8275e-17    1.0787e-16    7.5446e-17
2557.17236    6.5822e-17    7.8681e-17    3.5223e-17
2562.15332    2.9511e-16    3.8644e-16    7.7777e-17
2567.14404    1.1784e-16    1.4230e-16    5.9612e-17
2572.14404    1.4270e-16    1.4940e-16    1.2676e-16
2577.15430    8.4913e-17    1.0249e-16    4.3079e-17
2582.17383    1.2459e-16    1.4177e-16    8.3733e-17
2587.20361    3.3675e-16    4.4477e-16    7.9679e-17
2592.24292    1.2118e-16    1.5297e-16    4.5529e-17
2597.29199    9.3760e-16    1.2910e-15    9.6563e-17
2602.35107    4.3330e-17    4.8767e-17    3.0392e-17
2607.41992    2.8903e-16    3.8065e-16    7.1013e-17
2612.49854    6.0111e-16    8.0501e-16    1.1588e-16
2617.58740    1.8929e-16    2.5645e-16    2.9486e-17
2622.68604    2.1247e-16    2.7982e-16    5.2179e-17
2627.79443    6.1937e-16    8.1706e-16    1.4894e-16
2632.91284    4.5804e-16    6.0648e-16    1.0480e-16
2638.04126    5.4096e-17    4.8211e-17    6.8099e-17
2643.17969    5.4483e-17    4.7446e-17    7.1228e-17
2648.32812    2.1489e-17    1.5982e-17    3.4592e-17
2653.48633    6.3596e-17    5.2479e-17    9.0052e-17
2658.65479    2.1829e-17    1.6679e-17    3.4082e-17
2663.83350    3.5997e-17    3.8815e-17    2.9291e-17
2669.02197    8.8150e-17    8.9364e-17    8.5260e-17
2674.22070    2.4928e-18    1.8322e-18    4.0649e-18
2679.42969    4.9613e-17    5.0708e-17    4.7006e-17
2684.64868    8.2067e-17    7.2926e-17    1.0382e-16
2689.87793    1.9755e-17    1.5346e-17    3.0246e-17
2695.11719    9.3225e-17    1.0675e-16    6.1035e-17
2700.36670    1.4734e-17    1.1194e-17    2.3157e-17
2705.62646    1.2900e-16    1.1456e-16    1.6336e-16
2710.89648    8.3640e-17    1.0086e-16    4.2655e-17
2716.17676    2.7483e-16    3.4171e-16    1.1567e-16
2721.46729    5.3050e-17    4.6517e-17    6.8595e-17
2726.76831    1.6930e-16    2.3162e-16    2.1005e-17
2732.07959    1.9712e-16    2.6325e-16    3.9756e-17
2737.40112    2.4483e-16    3.1367e-16    8.1015e-17
2742.73291    1.0148e-16    1.3364e-16    2.4960e-17
2748.07520    3.6780e-16    5.0493e-16    4.1488e-17
2753.42798    4.4751e-16    5.6849e-16    1.5961e-16
2758.79102    6.9511e-17    8.1164e-17    4.1783e-17
2764.16479    1.1163e-16    1.4143e-16    4.0718e-17
2769.54883    1.8408e-16    2.1354e-16    1.1398e-16
2774.94336    2.3456e-16    2.8521e-16    1.1403e-16
2780.34863    5.0993e-17    4.3393e-17    6.9080e-17
2785.76416    7.1973e-17    6.4499e-17    8.9760e-17
2791.18994    1.4747e-16    1.4914e-16    1.4349e-16
2796.62695    3.7629e-17    4.3621e-17    2.3370e-17
2802.07422    3.3474e-17    4.0447e-17    1.6880e-17
2807.53198    2.3608e-17    2.2796e-17    2.5539e-17
2813.00049    1.4813e-17    1.1994e-17    2.1520e-17
2818.47949    1.4665e-16    1.1092e-16    2.3166e-16
2823.96948    1.5203e-16    1.2414e-16    2.1841e-16
2829.47021    1.7473e-16    1.8963e-16    1.3928e-16
2834.98145    9.3122e-17    9.6427e-17    8.5256e-17
2840.50342    7.4180e-16    5.5306e-16    1.1910e-15
2846.03613    3.9848e-16    3.1614e-16    5.9443e-16
2851.57959    1.2649e-16    1.1973e-16    1.4260e-16
2857.13379    3.5341e-16    2.6844e-16    5.5562e-16
2862.69922    8.1253e-17    6.1432e-17    1.2842e-16
2868.27490    1.0661e-16    9.1850e-17    1.4174e-16
2873.86182    1.0716e-16    8.7501e-17    1.5395e-16
2879.45947    2.2935e-16    1.7646e-16    3.5522e-16
2885.06836    1.2324e-16    1.1348e-16    1.4649e-16
2890.68774    6.8919e-17    6.6537e-17    7.4588e-17
2896.31860    4.8029e-17    3.7754e-17    7.2478e-17
2901.95972    1.5881e-17    1.2336e-17    2.4315e-17
2907.61230    5.3711e-17    4.2875e-17    7.9499e-17
2913.27563    3.6323e-18    2.6580e-18    5.9509e-18
2918.95020    3.2644e-17    3.0211e-17    3.8433e-17
2924.63574    1.0329e-16    1.3219e-16    3.4514e-17
2930.33228    2.5493e-18    1.8719e-18    4.1611e-18
2936.04004    6.7614e-18    4.9986e-18    1.0956e-17
2941.75903    7.4874e-17    9.0254e-17    3.8274e-17
2947.48877    9.2868e-17    1.0185e-16    7.1506e-17
2953.22998    4.2966e-17    5.6716e-17    1.0245e-17
2958.98242    4.3357e-17    4.0051e-17    5.1223e-17
2964.74585    8.1090e-17    1.0223e-16    3.0771e-17
2970.52075    8.4012e-17    9.4182e-17    5.9812e-17
2976.30664    2.9138e-17    2.8490e-17    3.0680e-17
2982.10376    1.6465e-16    2.1008e-16    5.6524e-17
2987.91187    6.2096e-17    7.8745e-17    2.2477e-17
2993.73218    6.8637e-18    4.9834e-18    1.1338e-17
2999.56348    2.1743e-17    1.9449e-17    2.7203e-17
3005.40601    8.9840e-17    1.1820e-16    2.2359e-17
3011.25977    2.6204e-17    1.9169e-17    4.2945e-17
3017.12500    1.9797e-17    1.4475e-17    3.2460e-17
3023.00195    6.2756e-18    4.5666e-18    1.0343e-17
3028.89014    7.6233e-18    5.5463e-18    1.2566e-17
3034.79004    4.9717e-17    3.6057e-17    8.2225e-17
3040.70117    5.3867e-18    3.9169e-18    8.8843e-18
3046.62402    6.8890e-17    5.2484e-17    1.0793e-16
3052.55811    3.8617e-17    2.8063e-17    6.3734e-17
3058.50391    2.3065e-18    1.6734e-18    3.8128e-18
3064.46143    2.8386e-17    2.2397e-17    4.2637e-17
3070.43018    4.1071e-17    3.0007e-17    6.7400e-17
3076.41064    3.3056e-16    2.4126e-16    5.4305e-16
3082.40332    5.2338e-18    3.8384e-18    8.5544e-18
3088.40698    3.3324e-18    2.4224e-18    5.4979e-18
3094.42261    2.4335e-17    2.0417e-17    3.3658e-17
3100.44971    2.5050e-18    1.8190e-18    4.1377e-18
3106.48901    7.5215e-18    5.4740e-18    1.2394e-17
3112.53979    3.6805e-18    2.6719e-18    6.0806e-18
3118.60229    3.5106e-18    2.5506e-18    5.7950e-18
3124.67676    4.5400e-19    3.2961e-19    7.5001e-19
3130.76318    3.3650e-18    2.5577e-18    5.2862e-18
3136.86133    9.2626e-19    6.7253e-19    1.5301e-18
3142.97119    3.4185e-17    3.8965e-17    2.2809e-17
3149.09302    4.1832e-18    3.0740e-18    6.8226e-18
3155.22681    1.9395e-18    1.4087e-18    3.2028e-18
3161.37256    1.2458e-16    1.5110e-16    6.1473e-17
3167.53027    5.8354e-17    7.3692e-17    2.1855e-17
3173.70020    1.8175e-18    1.3145e-18    3.0143e-18
3179.88184    4.1132e-17    3.2838e-17    6.0868e-17
3186.07568    1.3841e-16    1.7493e-16    5.1490e-17
3192.28149    9.1512e-17    1.1582e-16    3.3666e-17
3198.49951    9.9400e-17    1.3342e-16    1.8443e-17
3204.72949    6.7183e-18    4.9472e-18    1.0933e-17
3210.97168    8.5735e-17    1.0817e-16    3.2349e-17
3217.22607    8.7798e-19    6.3503e-19    1.4561e-18
3223.49268    2.1722e-18    1.5748e-18    3.5939e-18
3229.77148    7.9127e-17    9.2611e-17    4.7040e-17
3236.06226    7.0435e-18    6.9288e-18    7.3165e-18
3242.36572    1.9130e-17    1.5051e-17    2.8836e-17
3248.68115    3.3455e-17    2.5990e-17    5.1219e-17
3255.00879    9.3442e-17    1.0621e-16    6.3053e-17
3261.34912    3.7403e-17    3.1937e-17    5.0411e-17
3267.70093    1.7163e-17    1.3641e-17    2.5545e-17
3274.06616    2.3722e-18    1.7843e-18    3.7712e-18
3280.44336    2.1033e-16    2.4428e-16    1.2955e-16
3286.83301    3.6069e-17    3.0429e-17    4.9490e-17
3293.23535    3.7690e-17    3.6558e-17    4.0382e-17
3299.64990    3.3987e-17    2.7075e-17    5.0437e-17
3306.07690    4.8679e-17    4.1195e-17    6.6489e-17
3312.51660    3.3077e-17    2.7261e-17    4.6917e-17
3318.96875    5.9356e-18    4.2935e-18    9.8431e-18
3325.43359    4.9279e-18    3.6017e-18    8.0837e-18
3331.91064    5.7148e-19    4.1307e-19    9.4844e-19
3338.40063    7.5966e-18    5.5404e-18    1.2490e-17
3344.90332    2.5674e-19    1.8552e-19    4.2622e-19
3351.41846    9.4277e-20    6.8091e-20    1.5659e-19
3357.94629    1.8299e-17    1.3662e-17    2.9336e-17
3364.48682    6.7510e-18    5.3225e-18    1.0150e-17
3371.04004    1.4002e-17    1.0186e-17    2.3083e-17
3377.60645    1.7668e-17    1.2739e-17    2.9397e-17
3384.18481    8.6541e-18    6.2856e-18    1.4290e-17
3390.77686    7.5619e-18    5.4819e-18    1.2512e-17
3397.38159    1.0262e-18    7.4096e-19    1.7051e-18
3403.99902    9.2763e-19    6.6945e-19    1.5420e-18
3410.62915    1.3759e-18    1.0068e-18    2.2544e-18
3417.27271    1.5098e-17    1.1236e-17    2.4290e-17
3423.92847    1.8639e-18    1.3449e-18    3.0990e-18
3430.59766    3.4680e-18    2.5053e-18    5.7588e-18
3437.27979    1.4037e-17    1.0524e-17    2.2397e-17
3443.97534    7.3705e-18    5.3171e-18    1.2257e-17
3450.68359    2.1654e-17    1.5812e-17    3.5554e-17
3457.40479    1.8595e-17    1.3534e-17    3.0638e-17
3464.13916    3.5003e-18    2.5511e-18    5.7593e-18
3470.88647    1.6650e-18    1.2084e-18    2.7514e-18
3477.64697    1.2947e-17    9.8262e-18    2.0374e-17
3484.42090    8.1413e-18    5.8892e-18    1.3501e-17
3491.20776    4.2320e-18    3.0733e-18    6.9892e-18
3498.00781    1.1940e-17    8.8148e-18    1.9378e-17
3504.82129    1.6048e-17    1.1591e-17    2.6655e-17
3511.64771    3.0160e-19    2.1739e-19    5.0201e-19
3518.48804    6.2625e-18    4.5730e-18    1.0283e-17
3525.34131    7.9434e-18    5.7230e-18    1.3227e-17
3532.20776    8.3513e-18    6.0091e-18    1.3925e-17
3539.08813    2.3574e-17    1.6965e-17    3.9304e-17
3545.98145    3.1111e-18    2.2372e-18    5.1907e-18
3552.88818    2.0922e-18    1.5161e-18    3.4631e-18
3559.80884    8.6108e-19    6.2048e-19    1.4336e-18
3566.74292    1.0481e-18    7.5920e-19    1.7357e-18
3573.68994    5.4490e-19    4.2816e-19    8.2269e-19
3580.65112    5.3290e-20    3.8362e-20    8.8814e-20
3587.62500    1.5373e-18    1.1241e-18    2.5204e-18
3594.61304    1.5683e-19    1.1289e-19    2.6140e-19
3601.61499    3.9111e-19    2.8153e-19    6.5186e-19
3608.63013    2.5677e-19    1.8468e-19    4.2833e-19
3615.65894    4.8567e-19    3.4953e-19    8.0963e-19
3622.70166    7.7902e-18    5.6488e-18    1.2886e-17
3629.75806    4.6695e-19    3.4999e-19    7.4527e-19
3636.82837    4.1254e-19    2.9701e-19    6.8745e-19
3643.91138    3.7258e-18    2.7267e-18    6.1033e-18
3651.00928    8.0089e-20    5.7594e-20    1.3362e-19
3658.12085    1.0347e-17    7.9701e-18    1.6004e-17
3665.24609    2.3520e-19    1.6908e-19    3.9253e-19
3672.38525    1.1227e-19    8.0524e-20    1.8782e-19
3679.53857    1.4832e-19    1.0453e-19    2.5251e-19
3686.70557    4.5401e-19    3.1937e-19    7.7441e-19
3693.88647    1.2599e-19    9.0563e-20    2.1030e-19
3701.08154    6.7676e-19    4.8693e-19    1.1285e-18
3708.29053    1.4596e-19    1.0497e-19    2.4351e-19
3715.51343    2.6402e-19    1.7458e-19    4.7685e-19
3722.75049    6.9569e-19    4.9957e-19    1.1624e-18
3730.00171    1.4967e-18    1.0759e-18    2.4982e-18
3737.26709    3.7232e-20    2.6693e-20    6.2313e-20
3744.54639    4.4442e-19    3.1938e-19    7.4198e-19
3751.84009    3.7058e-18    2.6698e-18    6.1713e-18
3759.14795    2.3917e-18    1.7177e-18    3.9956e-18
3766.47021    2.1643e-17    1.6205e-17    3.4582e-17
3773.80664    4.7126e-20    3.4641e-20    7.6835e-20
3781.15723    6.6358e-18    4.8605e-18    1.0861e-17
3788.52197    4.0789e-19    2.9345e-19    6.8021e-19
3795.90137    7.4644e-19    5.1698e-19    1.2925e-18
3803.29492    9.2575e-20    6.6304e-20    1.5509e-19
3810.70312    6.0263e-19    4.3297e-19    1.0064e-18
3818.12549    7.8081e-20    5.6023e-20    1.3057e-19
3825.56250    4.6816e-17    3.6638e-17    7.1036e-17
3833.01416    2.9778e-19    2.1987e-19    4.8318e-19
3840.47998    4.5001e-19    3.0520e-19    7.9462e-19
3847.96045    6.0686e-19    4.3575e-19    1.0140e-18
3855.45557    2.4991e-20    1.7902e-20    4.1863e-20
3862.96533    5.5380e-20    3.9666e-20    9.2774e-20
3870.48950    1.1212e-17    8.2530e-18    1.8253e-17
3878.02832    1.7256e-19    1.2442e-19    2.8710e-19
3885.58203    9.6761e-20    6.9295e-20    1.6212e-19
3893.15039    9.9954e-19    7.1837e-19    1.6686e-18
3900.73340    1.4631e-19    1.0472e-19    2.4526e-19
3908.33154    3.2710e-18    2.3519e-18    5.4584e-18
3915.94409    4.1405e-18    3.0223e-18    6.8017e-18
3923.57153    1.6036e-19    1.1474e-19    2.6891e-19
3931.21387    6.6203e-18    4.8654e-18    1.0796e-17
3938.87109    2.5657e-17    2.0175e-17    3.8704e-17
3946.54346    6.6242e-18    4.8983e-18    1.0731e-17
3954.23047    1.2766e-19    9.1345e-20    2.1407e-19
3961.93262    3.2192e-18    2.2992e-18    5.4086e-18
3969.64941    8.7990e-18    6.5517e-18    1.4147e-17
3977.38159    2.6430e-17    1.9814e-17    4.2171e-17
3985.12866    1.8122e-18    1.3090e-18    3.0094e-18
3992.89111    6.9891e-19    5.0081e-19    1.1703e-18
4000.66846    1.1444e-17    8.3832e-18    1.8729e-17
4008.46094    3.5118e-19    2.5117e-19    5.8917e-19
4016.26880    2.4574e-19    1.7570e-19    4.1239e-19
4024.09155    1.0752e-18    7.7001e-19    1.8016e-18
4031.92969    1.7976e-19    1.3259e-19    2.9199e-19
4039.78320    8.2653e-20    5.9064e-20    1.3879e-19
4047.65186    5.0665e-20    3.6205e-20    8.5074e-20
4055.53589    1.5825e-19    1.1307e-19    2.6578e-19
4063.43506    1.7496e-18    1.2525e-18    2.9327e-18
4071.35010    1.3774e-18    9.8485e-19    2.3115e-18
4079.28027    2.4425e-18    1.7467e-18    4.0985e-18
4087.22607    1.0006e-18    7.1575e-19    1.6784e-18
4095.18701    1.1375e-18    8.1270e-19    1.9103e-18
4103.16357    2.4647e-19    1.7141e-19    4.2510e-19
4111.15576    7.8275e-19    5.5919e-19    1.3148e-18
4119.16357    3.4874e-18    2.5293e-18    5.7676e-18
4127.18652    3.0268e-18    2.2937e-18    4.7713e-18
4135.22559    1.6272e-18    1.1661e-18    2.7244e-18
4143.28027    1.7505e-18    1.2497e-18    2.9422e-18
4151.35059    2.4631e-19    1.7586e-19    4.1396e-19
4159.43652    9.2945e-19    6.6389e-19    1.5614e-18
4167.53857    1.7014e-19    1.2151e-19    2.8585e-19
4175.65625    5.6639e-17    4.3470e-17    8.7979e-17
4183.78906    6.0036e-19    4.2888e-19    1.0084e-18
4191.93848    4.8553e-20    3.4662e-20    8.1610e-20
4200.10352    2.0757e-19    1.4818e-19    3.4887e-19
4208.28418    1.0777e-18    7.7656e-19    1.7944e-18
4216.48145    3.7094e-20    2.6481e-20    6.2350e-20
4224.69434    3.5240e-19    2.5140e-19    5.9274e-19
4232.92334    6.4273e-17    6.3472e-17    6.6177e-17
4241.16846    1.1999e-16    8.6051e-17    2.0074e-16
4249.42920    8.5045e-19    7.4284e-19    1.1065e-18
4257.70605    2.6710e-18    1.9224e-18    4.4525e-18
4265.99902    2.4775e-19    1.7685e-19    4.1648e-19
4274.30859    5.5930e-17    4.0052e-17    9.3714e-17
4282.63428    8.8756e-20    6.3310e-20    1.4931e-19
4290.97607    8.8311e-17    6.3360e-17    1.4768e-16
4299.33398    2.6717e-17    2.0704e-17    4.1026e-17
4307.70801    1.5460e-17    1.1034e-17    2.5994e-17
4316.09863    3.8184e-17    2.7400e-17    6.3846e-17
4324.50586    5.1206e-19    3.6517e-19    8.6161e-19
4332.92920    1.7105e-17    1.3386e-17    2.5955e-17
4341.36914    1.1403e-17    8.4363e-18    1.8462e-17
4349.82520    7.9498e-17    6.1424e-17    1.2251e-16
4358.29785    9.5963e-17    6.8663e-17    1.6093e-16
4366.78662    1.9246e-18    1.3793e-18    3.2223e-18
4375.29199    5.9620e-17    5.2027e-17    7.7690e-17
4383.81445    2.9553e-17    2.2133e-17    4.7210e-17
4392.35352    4.0950e-20    2.9179e-20    6.8962e-20
4400.90869    1.1083e-17    8.3038e-18    1.7698e-17
4409.48047    7.0359e-17    5.7463e-17    1.0105e-16
4418.06934    6.1434e-17    4.5791e-17    9.8660e-17
4426.67480    6.5258e-20    4.6497e-20    1.0990e-19
4435.29736    7.1045e-18    5.1224e-18    1.1821e-17
4443.93652    2.0927e-19    1.4912e-19    3.5242e-19
4452.59277    2.9763e-17    2.1212e-17    5.0111e-17
4461.26562    9.7630e-18    6.9552e-18    1.6445e-17
4469.95508    1.2157e-17    8.9453e-18    1.9799e-17
4478.66162    1.4254e-17    1.0157e-17    2.4005e-17
4487.38477    3.5812e-17    2.6824e-17    5.7200e-17
4496.12549    2.4019e-18    1.7120e-18    4.0436e-18
4504.88281    2.0973e-17    1.6601e-17    3.1375e-17
4513.65771    1.3920e-17    1.0178e-17    2.2823e-17
4522.44922    6.2635e-17    4.9904e-17    9.2929e-17
4531.25830    5.6404e-18    4.0583e-18    9.4054e-18
4540.08447    1.5590e-17    1.2014e-17    2.4100e-17
4548.92773    3.4202e-17    2.9142e-17    4.6244e-17
4557.78809    2.1702e-17    1.6343e-17    3.4456e-17
4566.66602    2.8583e-20    2.0342e-20    4.8194e-20
4575.56055    2.4666e-17    1.9713e-17    3.6451e-17
4584.47314    6.0628e-17    5.1629e-17    8.2041e-17
4593.40283    3.8455e-18    2.7851e-18    6.3690e-18
4602.34961    6.5255e-19    4.6442e-19    1.1003e-18
4611.31445    4.0798e-20    2.9024e-20    6.8815e-20
4620.29590    2.8054e-17    2.2215e-17    4.1950e-17
4629.29590    8.1322e-17    6.3997e-17    1.2255e-16
4638.31250    5.6658e-18    4.0311e-18    9.5558e-18
4647.34668    4.5664e-18    3.3163e-18    7.5413e-18
4656.39941    1.6434e-19    1.1702e-19    2.7694e-19
4665.46875    1.8175e-17    1.3323e-17    2.9721e-17
4674.55664    3.4994e-19    2.4957e-19    5.8880e-19
4683.66113    2.7275e-18    1.9403e-18    4.6008e-18
4692.78418    1.4240e-20    1.0129e-20    2.4022e-20
4701.92480    2.7663e-19    1.9667e-19    4.6690e-19
4711.08301    2.3599e-20    1.6768e-20    3.9852e-20
4720.25977    1.9991e-18    1.4214e-18    3.3737e-18
4729.45361    1.3167e-17    9.3681e-18    2.2207e-17
4738.66602    1.2943e-19    9.2099e-20    2.1826e-19
4747.89551    1.7212e-18    1.2237e-18    2.9050e-18
4757.14355    5.2036e-20    3.6995e-20    8.7829e-20
4766.41016    6.5011e-21    4.6218e-21    1.0973e-20
4775.69385    1.1413e-17    8.1170e-18    1.9257e-17
4784.99609    1.1200e-20    7.9620e-21    1.8904e-20
4794.31641    1.6699e-18    1.1872e-18    2.8185e-18
4803.65430    5.3725e-20    3.8194e-20    9.0684e-20
4813.01074    2.4860e-17    1.7679e-17    4.1947e-17
4822.38574    7.7844e-18    5.5339e-18    1.3140e-17
4831.77930    1.3699e-18    9.7377e-19    2.3124e-18
4841.19043    5.1426e-19    3.6638e-19    8.6618e-19
4850.62012    1.4425e-18    1.0250e-18    2.4360e-18
4860.06836    1.4309e-19    1.0180e-19    2.4136e-19
4869.53467    2.5126e-18    1.7896e-18    4.2333e-18
4879.01953    1.4003e-17    9.9542e-18    2.3639e-17
4888.52295    1.7269e-17    1.2277e-17    2.9147e-17
4898.04492    3.5996e-18    2.5576e-18    6.0790e-18
4907.58545    1.7005e-17    1.2088e-17    2.8707e-17
4917.14453    1.7901e-20    1.2712e-20    3.0250e-20
4926.72168    3.5767e-17    3.6043e-17    3.5111e-17
4936.31836    5.6747e-20    4.0297e-20    9.5893e-20
4945.93311    2.7517e-17    1.9559e-17    4.6453e-17
4955.56689    1.0154e-17    7.2122e-18    1.7153e-17
4965.21973    5.3240e-20    3.7806e-20    8.9966e-20
4974.89062    1.1268e-17    8.0040e-18    1.9034e-17
4984.58105    6.9380e-20    4.9267e-20    1.1724e-19
4994.29004    4.3522e-19    3.0939e-19    7.3464e-19
5004.01758    2.0402e-17    1.4496e-17    3.4455e-17
5013.76465    4.5227e-17    4.5998e-17    4.3392e-17
5023.53027    9.9559e-18    7.0747e-18    1.6812e-17
5033.31543    3.3836e-20    2.4027e-20    5.7176e-20
5043.11914    1.1152e-17    7.9203e-18    1.8841e-17
5052.94238    1.8857e-17    1.3398e-17    3.1846e-17
5062.78418    1.6829e-18    1.1951e-18    2.8437e-18
5072.64551    4.9049e-17    3.4878e-17    8.2770e-17
5082.52637    2.2074e-19    1.5677e-19    3.7297e-19
5092.42578    6.0354e-20    4.2858e-20    1.0199e-19
5102.34473    8.0945e-19    5.7674e-19    1.3632e-18
5112.28320    3.6105e-17    2.5660e-17    6.0960e-17
5122.24121    3.1678e-19    2.2499e-19    5.3519e-19
5132.21777    1.2424e-18    8.8260e-19    2.0987e-18
5142.21484    3.0071e-19    2.1394e-19    5.0720e-19
5152.23047    7.5890e-19    5.3914e-19    1.2818e-18
5162.26660    1.8453e-16    1.3179e-16    3.1003e-16
5172.32129    5.7592e-17    5.8109e-17    5.6362e-17
5182.39648    2.4304e-17    1.7253e-17    4.1082e-17
5192.49023    9.1923e-20    6.8923e-20    1.4666e-19
5202.60449    4.0941e-17    3.1377e-17    6.3701e-17
5212.73779    1.2809e-20    9.0956e-21    2.1645e-20
5222.89160    4.4028e-18    3.1269e-18    7.4390e-18
5233.06445    5.2867e-17    4.1718e-17    7.9398e-17
5243.25781    1.3584e-19    9.6469e-20    2.2952e-19
5253.47021    1.0090e-17    7.2847e-18    1.6767e-17
5263.70312    9.5977e-17    6.8368e-17    1.6168e-16
5273.95557    1.4700e-16    1.1425e-16    2.2494e-16
5284.22852    3.8285e-17    3.0915e-17    5.5823e-17
5294.52100    5.6100e-18    3.9844e-18    9.4783e-18
5304.83398    6.4989e-20    4.6150e-20    1.0982e-19
5315.16650    1.5866e-16    1.4115e-16    2.0035e-16
5325.51953    1.3306e-17    9.7101e-18    2.1863e-17
5335.89258    4.1009e-17    2.9158e-17    6.9211e-17
5346.28564    4.3758e-18    3.1079e-18    7.3931e-18
5356.69922    1.0157e-19    7.2126e-20    1.7163e-19
5367.13281    5.9434e-18    4.3057e-18    9.8407e-18
5377.58691    4.2108e-17    2.9940e-17    7.1064e-17
5388.06152    2.3126e-19    1.6422e-19    3.9079e-19
5398.55664    5.6043e-20    3.9798e-20    9.4703e-20
5409.07178    5.3570e-18    3.8052e-18    9.0497e-18
5419.60742    3.5103e-20    2.4934e-20    5.9302e-20
5430.16406    3.0570e-17    2.2001e-17    5.0964e-17
5440.74121    2.0864e-19    1.4816e-19    3.5254e-19
5451.33887    1.6115e-19    1.1446e-19    2.7226e-19
5461.95703    4.9847e-20    3.5401e-20    8.4223e-20
5472.59570    1.2183e-18    8.6535e-19    2.0581e-18
5483.25488    1.2524e-19    8.8932e-20    2.1163e-19
5493.93555    2.6285e-18    1.8667e-18    4.4414e-18
5504.63672    1.0330e-19    7.3354e-20    1.7456e-19
5515.35840    7.6822e-20    5.4553e-20    1.2981e-19
5526.10156    1.0094e-17    7.1696e-18    1.7052e-17
5536.86523    1.2999e-18    9.2506e-19    2.1920e-18
5547.64941    1.9225e-18    1.3653e-18    3.2486e-18
5558.45557    3.0306e-18    2.1522e-18    5.1207e-18
5569.28271    2.6311e-19    1.8683e-19    4.4462e-19
5580.12988    1.3270e-18    9.4234e-19    2.2424e-18
5590.99902    9.3138e-19    6.6139e-19    1.5739e-18
5601.88965    2.4058e-20    1.7084e-20    4.0653e-20
5612.80078    1.0792e-18    7.6634e-19    1.8236e-18
5623.73340    1.3067e-18    9.2856e-19    2.2067e-18
5634.68750    2.9724e-20    2.1108e-20    5.0229e-20
5645.66211    1.7692e-18    1.2563e-18    2.9896e-18
5656.65918    2.0464e-18    1.4538e-18    3.4565e-18
5667.67676    5.8227e-19    4.1347e-19    9.8393e-19
5678.71680    1.5536e-18    1.1032e-18    2.6252e-18
5689.77734    2.0236e-18    1.4370e-18    3.4196e-18
5700.86035    4.5266e-20    3.2145e-20    7.6488e-20
5711.96484    3.9739e-19    2.8219e-19    6.7152e-19
5723.09033    1.2190e-18    8.6571e-19    2.0597e-18
5734.23779    3.0877e-19    2.1931e-19    5.2164e-19
5745.40723    2.2648e-18    1.6083e-18    3.8271e-18
5756.59766    2.5217e-19    1.7907e-19    4.2612e-19
5767.81104    9.7780e-20    6.9435e-20    1.6523e-19
5779.04492    6.4701e-19    4.5953e-19    1.0931e-18
5790.30176    4.7808e-20    3.3950e-20    8.0785e-20
5801.58008    4.2244e-19    2.9998e-19    7.1386e-19
5812.88037    4.0605e-19    2.8850e-19    6.8577e-19
5824.20264    6.5977e-20    4.6854e-20    1.1148e-19
5835.54688    2.0777e-18    1.4758e-18    3.5102e-18
5846.91357    5.0790e-19    3.6067e-19    8.5826e-19
5858.30225    2.2555e-19    1.6018e-19    3.8110e-19
5869.71289    1.9931e-18    1.4154e-18    3.3680e-18
5881.14600    5.0398e-19    3.5788e-19    8.5165e-19
5892.60156    3.2958e-20    3.0216e-20    3.9483e-20
5904.07910    5.7147e-19    4.0581e-19    9.6569e-19
5915.57910    1.9873e-18    1.4112e-18    3.3582e-18
5927.10156    4.6557e-19    3.3063e-19    7.8670e-19
5938.64648    7.2267e-21    5.1318e-21    1.2212e-20
5950.21387    5.6096e-19    3.9856e-19    9.4742e-19
5961.80371    1.3656e-19    9.6970e-20    2.3076e-19
5973.41602    1.3116e-19    9.3146e-20    2.2163e-19
5985.05127    4.1833e-19    2.9707e-19    7.0691e-19
5996.70850    3.3885e-18    2.4080e-18    5.7219e-18
6008.38867    1.5209e-18    1.0800e-18    2.5701e-18
6020.09229    6.3367e-19    4.4999e-19    1.0708e-18
6031.81836    4.8263e-20    3.4272e-20    8.1556e-20
6043.56738    2.5773e-18    1.8303e-18    4.3551e-18
6055.33887    2.4655e-18    1.7508e-18    4.1663e-18
6067.13428    3.8984e-20    2.7683e-20    6.5878e-20
6078.95117    1.4099e-18    1.0017e-18    2.3813e-18
6090.79150    2.8283e-19    2.0084e-19    4.7794e-19
6102.65527    1.5102e-19    1.0720e-19    2.5529e-19
6114.54199    7.3064e-19    5.1893e-19    1.2344e-18
6126.45215    3.8217e-19    2.7140e-19    6.4576e-19
6138.38525    8.3423e-20    5.9241e-20    1.4097e-19
6150.34131    1.0978e-17    7.8440e-18    1.8436e-17
6162.32178    9.6437e-20    6.8481e-20    1.6296e-19
6174.32422    1.1691e-18    8.3020e-19    1.9755e-18
6186.35059    2.1980e-18    1.5609e-18    3.7143e-18
6198.40088    3.1063e-19    2.2058e-19    5.2492e-19
6210.47314    8.1868e-21    5.8136e-21    1.3834e-20
6222.57031    6.3354e-20    4.4991e-20    1.0705e-19
6234.69043    9.1358e-18    6.5345e-18    1.5326e-17
6246.83496    1.4208e-17    1.0237e-17    2.3658e-17
6259.00195    4.1233e-19    2.9280e-19    6.9677e-19
6271.19385    2.2859e-19    1.6232e-19    3.8627e-19
6283.40869    1.3309e-19    9.4518e-20    2.2487e-19
6295.64795    3.6626e-20    2.6017e-20    6.1873e-20
6307.91016    3.8753e-19    2.7513e-19    6.5501e-19
6320.19678    5.0931e-18    3.6171e-18    8.6054e-18
6332.50781    3.7880e-19    2.6897e-19    6.4017e-19
6344.84180    6.2045e-19    4.5497e-19    1.0143e-18
6357.20020    5.7231e-19    4.0641e-19    9.6710e-19
6369.58252    1.7428e-18    1.2544e-18    2.9048e-18
6381.98926    3.1687e-18    2.2501e-18    5.3545e-18
6394.42041    1.4772e-19    1.0490e-19    2.4962e-19
6406.87549    1.2100e-18    8.6024e-19    2.0423e-18
6419.35449    8.6848e-18    6.2306e-18    1.4525e-17
6431.85840    3.9685e-18    2.8402e-18    6.6534e-18
6444.38672    1.9118e-18    1.3576e-18    3.2307e-18
6456.93896    3.5637e-17    2.6223e-17    5.8040e-17
6469.51514    1.2799e-18    9.0891e-19    2.1629e-18
6482.11719    6.4455e-19    4.5759e-19    1.0894e-18
6494.74268    2.2777e-18    1.6174e-18    3.8490e-18
6507.39355    7.6373e-19    5.4234e-19    1.2906e-18
6520.06836    8.6338e-18    6.1898e-18    1.4450e-17
6532.76855    6.5227e-19    4.6319e-19    1.1022e-18
6545.49316    3.9276e-20    2.7890e-20    6.6369e-20
6558.24268    1.5310e-18    1.2085e-18    2.2983e-18
6571.01611    6.2503e-19    4.4381e-19    1.0563e-18
6583.81543    8.7125e-19    6.1869e-19    1.4723e-18
6596.63965    1.7706e-19    1.2573e-19    2.9920e-19
6609.48828    3.1086e-19    2.2075e-19    5.2528e-19
6622.36230    8.7398e-19    6.2063e-19    1.4769e-18
6635.26172    7.1352e-21    5.0668e-21    1.2057e-20
6648.18506    1.1761e-18    8.3519e-19    1.9875e-18
6661.13525    4.1147e-19    2.9222e-19    6.9525e-19
6674.10986    8.7134e-20    6.1804e-20    1.4741e-19
6687.10938    4.5441e-19    3.2268e-19    7.6787e-19
6700.13428    2.9563e-19    2.0993e-19    4.9957e-19
6713.18506    9.4401e-21    6.7063e-21    1.5946e-20
6726.26123    3.1156e-19    2.2125e-19    5.2648e-19
6739.36279    2.2602e-21    1.6050e-21    3.8194e-21
6752.48926    6.6383e-20    4.7139e-20    1.1218e-19
6765.64258    2.2275e-19    1.5818e-19    3.7641e-19
6778.82031    1.6949e-19    1.2036e-19    2.8641e-19
6792.02441    1.8678e-20    1.3263e-20    3.1563e-20
6805.25439    3.0644e-19    2.1761e-19    5.1782e-19
6818.50928    2.2905e-19    1.6265e-19    3.8705e-19
6831.78955    9.5366e-20    6.7721e-20    1.6115e-19
6845.09717    1.1357e-20    8.0645e-21    1.9191e-20
6858.43018    8.7601e-19    6.2207e-19    1.4803e-18
6871.78906    1.9599e-18    1.3918e-18    3.3119e-18
6885.17432    1.3391e-20    9.5096e-21    2.2629e-20
6898.58447    5.7419e-19    4.0775e-19    9.7028e-19
6912.02246    1.5748e-19    1.1183e-19    2.6612e-19
6925.48486    2.9016e-19    2.0604e-19    4.9031e-19
6938.97412    1.0258e-18    7.2846e-19    1.7335e-18
6952.49023    3.6638e-20    2.6017e-20    6.1912e-20
6966.03271    1.8075e-19    1.2835e-19    3.0545e-19
6979.60059    5.0791e-20    3.6067e-20    8.5828e-20
6993.19629    1.6632e-19    1.1811e-19    2.8106e-19
