1000.97394    1.5468e-17    2.0644e-17    7.6012e-19
1002.92358    6.1987e-18    8.1975e-18    5.1958e-19
1004.87708    8.9384e-18    1.1890e-17    5.5259e-19
1006.83441    6.1808e-18    8.2562e-18    2.8383e-19
1008.79553    6.5684e-18    8.7753e-18    2.9826e-19
1010.76050    1.2473e-19    1.5918e-19    2.6865e-20
1012.72925    2.5046e-18    3.3573e-18    8.1772e-20
1014.70178    5.7026e-18    7.6550e-18    1.5521e-19
1016.67822    5.9445e-18    7.9505e-18    2.4486e-19
1018.65857    3.1255e-18    4.1918e-18    9.6028e-20
1020.64270    4.7579e-18    6.3985e-18    9.6418e-20
1022.63074    3.1689e-18    4.2697e-18    4.1299e-20
1024.62256    5.6821e-19    7.6505e-19    8.9176e-21
1026.61841    1.8618e-19    2.4851e-19    9.0639e-21
1028.61792    5.1130e-18    6.8977e-18    4.2019e-20
1030.62158    2.3449e-17    3.1586e-17    3.3039e-19
1032.62891    9.2081e-17    1.2440e-16    2.4586e-19
1034.64038    1.3558e-17    1.8158e-17    4.8576e-19
1036.65564    2.2014e-17    2.9697e-17    1.8271e-19
1038.67480    2.5776e-18    3.4291e-18    1.5800e-19
1040.69800    2.7242e-18    3.6524e-18    8.6763e-20
1042.72510    7.2399e-18    9.6522e-18    3.8601e-19
1044.75610    7.6836e-18    1.0176e-17    6.0191e-19
1046.79102    5.7794e-18    7.6499e-18    4.6466e-19
1048.83008    8.4468e-19    1.0925e-18    1.4061e-19
1050.87292    6.8484e-18    9.1385e-18    3.4134e-19
1052.91980    2.8968e-18    3.7530e-18    4.6393e-19
1054.97070    2.6824e-17    3.6035e-17    6.5355e-19
1057.02563    1.4597e-17    1.9134e-17    1.7049e-18
1059.08447    1.7581e-17    2.3354e-17    1.1787e-18
1061.14734    4.0312e-17    5.3875e-17    1.7753e-18
1063.21436    6.7547e-17    9.1193e-17    3.6496e-19
1065.28516    1.5741e-17    2.1029e-17    7.1785e-19
1067.36011    7.4714e-17    1.0051e-16    1.4143e-18
1069.43921    3.6626e-17    4.9215e-17    8.5622e-19
1071.52222    4.3764e-17    5.8845e-17    9.1591e-19
1073.60938    1.0507e-16    1.4152e-16    1.4896e-18
1075.70056    6.2684e-17    8.4457e-17    8.2148e-19
1077.79590    5.6886e-17    7.6223e-17    1.9431e-18
1079.89514    6.9961e-18    9.1288e-18    9.3625e-19
1081.99854    3.4082e-17    4.5999e-17    2.2203e-19
1084.10608    4.9909e-17    6.7305e-17    4.8085e-19
1086.21777    7.4131e-18    9.5096e-18    1.4567e-18
1088.33350    4.1625e-17    5.5912e-17    1.0312e-18
1090.45337    6.5182e-17    8.7665e-17    1.3005e-18
1092.57727    3.7842e-17    5.1006e-17    4.4221e-19
1094.70532    4.5704e-17    6.1003e-17    2.2376e-18
1096.83765    5.4754e-17    7.3750e-17    7.8138e-19
1098.97412    6.7538e-17    9.1119e-17    5.3981e-19
1101.11475    5.7602e-17    7.7076e-17    2.2694e-18
1103.25952    2.1410e-17    2.8315e-17    1.7907e-18
1105.40845    3.8245e-17    5.1045e-17    1.8755e-18
1107.56152    6.8067e-17    9.0894e-17    3.2071e-18
1109.71887    3.6077e-17    4.8570e-17    5.8140e-19
1111.88037    4.5896e-17    6.1724e-17    9.2448e-19
1114.04614    7.6889e-17    1.0362e-16    9.4855e-19
1116.21606    3.4915e-17    4.6855e-17    9.8890e-19
1118.39014    9.0600e-18    1.1730e-17    1.4731e-18
1120.56860    9.5835e-18    1.2664e-17    8.3093e-19
1122.75122    5.0905e-17    6.8654e-17    4.7452e-19
1124.93811    5.0136e-17    6.7130e-17    1.8497e-18
1127.12927    1.1785e-16    1.5902e-16    8.8181e-19
1129.32471    6.4510e-17    8.6334e-17    2.5014e-18
1131.52441    5.8068e-17    7.8276e-17    6.5122e-19
1133.72839    9.7199e-17    1.3112e-16    8.2574e-19
1135.93665    5.3170e-17    6.9431e-17    6.9670e-18
1138.14917    4.3239e-17    5.7704e-17    2.1385e-18
1140.36621    4.9415e-17    6.4972e-17    5.2142e-18
1142.58740    6.9826e-17    9.3830e-17    1.6221e-18
1144.81299    1.8793e-16    2.5273e-16    3.7984e-18
1147.04272    2.0708e-16    2.7846e-16    4.2505e-18
1149.27698    1.2516e-16    1.6858e-16    1.7789e-18
1151.51562    1.4030e-16    1.8856e-16    3.1754e-18
1153.75854    1.2361e-16    1.6593e-16    3.3661e-18
1156.00586    2.8496e-17    3.7926e-17    1.7041e-18
1158.25745    7.5162e-17    1.0040e-16    3.4510e-18
1160.51355    9.3097e-17    1.2420e-16    4.7328e-18
1162.77393    5.1311e-17    6.9018e-17    1.0015e-18
1165.03882    4.2620e-17    5.7256e-17    1.0377e-18
1167.30811    5.3034e-17    7.0891e-17    2.2988e-18
1169.58179    5.6728e-17    7.5972e-17    2.0515e-18
1171.85986    7.8116e-17    1.0404e-16    4.4686e-18
1174.14246    7.7277e-17    1.0351e-16    2.7459e-18
1176.42944    6.1342e-17    8.2170e-17    2.1620e-18
1178.72095    1.4903e-17    1.9973e-17    4.9782e-19
1181.01685    3.8747e-17    5.2052e-17    9.4292e-19
1183.31714    3.4703e-17    4.6596e-17    9.1033e-19
1185.62207    5.6075e-17    7.5059e-17    2.1343e-18
1187.93140    7.5475e-17    1.0113e-16    2.5804e-18
1190.24536    3.1821e-17    4.2724e-17    8.4289e-19
1192.56372    8.5583e-17    1.1513e-16    1.6343e-18
1194.88647    2.8833e-17    3.8638e-17    9.7365e-19
1197.21387    1.5027e-16    2.0207e-16    3.1196e-18
1199.54590    2.7777e-16    3.7488e-16    1.8569e-18
1201.88232    1.0076e-16    1.3512e-16    3.1108e-18
1204.22339    2.6627e-17    3.5462e-17    1.5229e-18
1206.56897    9.3558e-17    1.2478e-16    4.8385e-18
1208.91919    9.6768e-17    1.2990e-16    2.6298e-18
1211.27393    9.7362e-17    1.3026e-16    3.8793e-18
1213.63330    2.9882e-17    3.9726e-17    1.9141e-18
1215.99719    1.5492e-16    2.0872e-16    2.0480e-18
1218.36572    7.2934e-17    9.5699e-17    8.2520e-18
1220.73877    1.2080e-16    1.5048e-16    3.6487e-17
1223.11658    1.6168e-17    2.1343e-17    1.4650e-18
1225.49902    1.0338e-17    1.3887e-17    2.5174e-19
1227.88599    1.7282e-17    2.3296e-17    1.9408e-19
1230.27771    5.4030e-18    7.2400e-18    1.8363e-19
1232.67407    2.6180e-17    3.5266e-17    3.6534e-19
1235.07507    2.8946e-17    3.8770e-17    1.0344e-18
1237.48071    2.3066e-17    3.1002e-17    5.1852e-19
1239.89111    2.5168e-17    3.3602e-17    1.2048e-18
1242.30615    3.4241e-17    4.5880e-17    1.1724e-18
1244.72595    1.8713e-17    2.5067e-17    6.6076e-19
1247.15039    1.1385e-17    1.5266e-17    3.5961e-19
1249.57959    2.7809e-17    3.7193e-17    1.1488e-18
1252.01355    2.5600e-17    3.4245e-17    1.0381e-18
1254.45215    3.0061e-17    4.0240e-17    1.1384e-18
1256.89563    4.4585e-17    5.9219e-17    3.0061e-18
1259.34375    4.6056e-17    6.1461e-17    2.2856e-18
1261.79675    5.5783e-17    7.4339e-17    3.0626e-18
1264.25452    2.2834e-16    3.0090e-16    2.2187e-17
1266.71704    6.7019e-16    8.9561e-16    2.9716e-17
1269.18433    4.2540e-17    5.6012e-17    4.2643e-18
1271.65649    7.6539e-17    1.0194e-16    4.3801e-18
1274.13342    3.5414e-17    4.7047e-17    2.3602e-18
1276.61523    4.2575e-17    5.6949e-17    1.7327e-18
1279.10181    3.8005e-17    4.9573e-17    5.1366e-18
1281.59326    2.4865e-17    3.2660e-17    2.7162e-18
1284.08960    1.9431e-17    2.5296e-17    2.7672e-18
1286.59070    3.7974e-17    4.9065e-17    6.4626e-18
1289.09668    2.2366e-16    2.8839e-16    3.9744e-17
1291.60767    1.0926e-16    1.3997e-16    2.2013e-17
1294.12341    1.1413e-16    1.4569e-16    2.4464e-17
1296.64404    1.3291e-16    1.7608e-16    1.0272e-17
1299.16968    1.0435e-16    1.3293e-16    2.3125e-17
1301.70020    3.0123e-17    3.9319e-17    3.9949e-18
1304.23572    6.5386e-17    8.6168e-17    6.3398e-18
1306.77612    4.2034e-17    5.4675e-17    6.1190e-18
1309.32141    1.0730e-17    1.4103e-17    1.1469e-18
1311.87183    1.8721e-17    2.4017e-17    3.6743e-18
1314.42700    3.1426e-17    4.1522e-17    2.7409e-18
1316.98730    3.5703e-17    4.5497e-17    7.8732e-18
1319.55249    5.1757e-17    6.6434e-17    1.0055e-17
1322.12280    4.8866e-17    6.3462e-17    7.3950e-18
1324.69800    2.9753e-17    3.8153e-17    5.8840e-18
1327.27820    4.7764e-17    6.0924e-17    1.0370e-17
1329.86353    3.5250e-17    4.4508e-17    8.9458e-18
1332.45386    4.0227e-17    5.1008e-17    9.5946e-18
1335.04919    7.1043e-18    9.1612e-18    1.2604e-18
1337.64966    1.7450e-17    2.1996e-17    4.5341e-18
1340.25513    1.1278e-16    1.3156e-16    5.9437e-17
1342.86560    1.4434e-17    1.7068e-17    6.9490e-18
1345.48120    4.9840e-17    6.0910e-17    1.8386e-17
1348.10205    6.8092e-18    8.0720e-18    3.2211e-18
1350.72778    5.4238e-17    6.3998e-17    2.6508e-17
1353.35876    3.4058e-17    4.0686e-17    1.5226e-17
1355.99487    4.8576e-17    6.1308e-17    1.2402e-17
1358.63611    2.7091e-17    3.5223e-17    3.9861e-18
1361.28247    9.6343e-17    1.1956e-16    3.0387e-17
1363.93396    9.3922e-17    1.2037e-16    1.8777e-17
1366.59058    1.0019e-16    1.2620e-16    2.6295e-17
1369.25244    4.5619e-17    5.7101e-17    1.2997e-17
1371.91956    7.9460e-17    9.9623e-17    2.2169e-17
1374.59180    1.2713e-16    1.6169e-16    2.8918e-17
1377.26929    1.1714e-16    1.4681e-16    3.2816e-17
1379.95190    6.6728e-17    8.2091e-17    2.3078e-17
1382.63965    8.5576e-17    1.0431e-16    3.2346e-17
1385.33276    3.9931e-17    4.7506e-17    1.8408e-17
1388.03125    6.5226e-17    8.0909e-17    2.0665e-17
1390.73486    2.6186e-17    3.1548e-17    1.0950e-17
1393.44360    5.6111e-17    6.6420e-17    2.6822e-17
1396.15784    5.3854e-17    6.5725e-17    2.0126e-17
1398.87720    1.4634e-16    1.8637e-16    3.2629e-17
1401.60205    1.0392e-16    1.3628e-16    1.1984e-17
1404.33203    7.0949e-17    8.8973e-17    1.9739e-17
1407.06738    3.6947e-17    4.3987e-17    1.6947e-17
1409.80811    6.9946e-17    8.2418e-17    3.4508e-17
1412.55420    4.3284e-17    5.4965e-17    1.0095e-17
1415.30554    1.4992e-16    1.9310e-16    2.7238e-17
1418.06213    8.2238e-17    1.0402e-16    2.0339e-17
1420.82446    5.3195e-17    5.4050e-17    5.0769e-17
1423.59180    3.4371e-17    4.0410e-17    1.7212e-17
1426.36475    1.3264e-17    1.5580e-17    6.6838e-18
1429.14307    1.0807e-16    1.1930e-16    7.6158e-17
1431.92676    6.6324e-17    8.1919e-17    2.2015e-17
1434.71582    2.9147e-17    3.4088e-17    1.5109e-17
1437.51038    1.4711e-16    1.6540e-16    9.5117e-17
1440.31030    8.7332e-17    1.0776e-16    2.9300e-17
1443.11572    1.0621e-16    1.2086e-16    6.4600e-17
1445.92676    3.3847e-17    3.7658e-17    2.3017e-17
1448.74316    2.8767e-17    3.2402e-17    1.8438e-17
1451.56494    7.0834e-17    7.4439e-17    6.0593e-17
1454.39233    1.1689e-16    1.2321e-16    9.8925e-17
1457.22522    3.9462e-17    4.0523e-17    3.6446e-17
1460.06360    8.8100e-17    8.1960e-17    1.0555e-16
1462.90747    4.7505e-17    5.5692e-17    2.4244e-17
1465.75696    1.1046e-16    1.1163e-16    1.0713e-16
1468.61206    7.0405e-17    7.4469e-17    5.8860e-17
1471.47253    9.4760e-17    9.0241e-17    1.0760e-16
1474.33862    1.0816e-16    1.3030e-16    4.5255e-17
1477.21045    9.3041e-17    9.2331e-17    9.5058e-17
1480.08777    6.5041e-17    7.5490e-17    3.5349e-17
1482.97058    7.5338e-17    8.6188e-17    4.4512e-17
1485.85913    4.7902e-17    5.0554e-17    4.0369e-17
1488.75342    7.9727e-17    8.4284e-17    6.6777e-17
1491.65332    5.5632e-17    5.8774e-17    4.6704e-17
1494.55859    2.2524e-17    2.3378e-17    2.0095e-17
1497.46985    2.8009e-17    3.3000e-17    1.3827e-17
1500.38647    1.7293e-17    1.8636e-17    1.3475e-17
1503.30896    4.9000e-17    5.5241e-17    3.1268e-17
1506.23706    6.8706e-17    8.3156e-17    2.7650e-17
1509.17090    5.8381e-17    6.8699e-17    2.9064e-17
1512.11060    5.8635e-17    7.1564e-17    2.1900e-17
1515.05591    3.6448e-17    4.2772e-17    1.8479e-17
1518.00684    4.0857e-18    4.6489e-18    2.4852e-18
1520.96362    3.8106e-17    4.5732e-17    1.6441e-17
1523.92627    4.1901e-17    4.6405e-17    2.9105e-17
1526.89453    2.6715e-17    3.1743e-17    1.2430e-17
1529.86865    5.8617e-18    5.9159e-18    5.7079e-18
1532.84839    1.3393e-17    1.5717e-17    6.7912e-18
1535.83411    1.8589e-16    2.0146e-16    1.4165e-16
1538.82568    1.6256e-16    1.5706e-16    1.7819e-16
1541.82300    2.0141e-17    2.2462e-17    1.3543e-17
1544.82617    7.8464e-18    8.1751e-18    6.9125e-18
1547.83521    4.3099e-16    3.8410e-16    5.6421e-16
1550.85010    3.9911e-17    4.3470e-17    2.9799e-17
1553.87085    3.7344e-17    3.7213e-17    3.7713e-17
1556.89746    2.4960e-17    2.9334e-17    1.2531e-17
1559.92993    2.8070e-17    3.7170e-17    2.2117e-18
1562.96863    2.9145e-17    3.7103e-17    6.5349e-18
1566.01282    1.0495e-17    1.2794e-17    3.9654e-18
1569.06311    3.8749e-17    5.0942e-17    4.1056e-18
1572.11938    3.5896e-17    4.1673e-17    1.9480e-17
1575.18152    3.4655e-17    4.5238e-17    4.5873e-18
1578.24963    5.7415e-17    6.6471e-17    3.1683e-17
1581.32373    3.8787e-17    4.2434e-17    2.8425e-17
1584.40381    1.7918e-17    2.2327e-17    5.3895e-18
1587.48999    3.2817e-17    4.1481e-17    8.1992e-18
1590.58215    1.0244e-17    1.0732e-17    8.8597e-18
1593.68018    4.6396e-17    4.5219e-17    4.9741e-17
1596.78442    1.5250e-17    1.3410e-17    2.0476e-17
1599.89465    1.6953e-17    1.7508e-17    1.5376e-17
1603.01086    1.8769e-17    2.2340e-17    8.6238e-18
1606.13330    2.3142e-17    2.7922e-17    9.5632e-18
1609.26172    3.7521e-17    4.7973e-17    7.8236e-18
1612.39636    2.4972e-17    3.2317e-17    4.1045e-18
1615.53674    2.0594e-18    2.4903e-18    8.3514e-19
1618.68347    3.3036e-17    4.1853e-17    7.9844e-18
1621.83630    4.5226e-17    5.8819e-17    6.6023e-18
1624.99548    3.6014e-17    4.7255e-17    4.0734e-18
1628.16064    6.4154e-17    8.4318e-17    6.8644e-18
1631.33203    5.1041e-17    6.2994e-17    1.7078e-17
1634.50952    6.4235e-17    8.4192e-17    7.5314e-18
1637.69312    9.2969e-17    1.1573e-16    2.8306e-17
1640.88306    1.8219e-16    2.2270e-16    6.7087e-17
1644.07922    4.4589e-17    5.5837e-17    1.2631e-17
1647.28162    5.4522e-17    7.0764e-17    8.3726e-18
1650.49023    5.0873e-17    6.5840e-17    8.3484e-18
1653.70496    5.4866e-17    7.1345e-17    8.0470e-18
1656.92603    2.9179e-17    3.9135e-17    8.9371e-19
1660.15369    2.5136e-17    3.3200e-17    2.2241e-18
1663.38721    9.5288e-18    1.2416e-17    1.3242e-18
1666.62720    1.2756e-17    1.4889e-17    6.6963e-18
1669.87317    3.6875e-17    4.3276e-17    1.8690e-17
1673.12585    4.8070e-17    5.7979e-17    1.9914e-17
1676.38489    6.6146e-17    7.2493e-17    4.8113e-17
1679.65027    3.9895e-17    4.7069e-17    1.9510e-17
1682.92188    3.6583e-17    4.1912e-17    2.1441e-17
1686.19958    4.5272e-17    4.3190e-17    5.1188e-17
1689.48413    3.1899e-17    4.0364e-17    7.8470e-18
1692.77502    2.3100e-17    3.0189e-17    2.9561e-18
1696.07227    5.2002e-17    4.5800e-17    6.9624e-17
1699.37573    1.6571e-17    2.0701e-17    4.8390e-18
1702.68567    3.8602e-17    4.8695e-17    9.9255e-18
1706.00232    2.5008e-17    3.1716e-17    5.9474e-18
1709.32544    5.1912e-17    5.8987e-17    3.1808e-17
1712.65491    2.4284e-17    2.8473e-17    1.2383e-17
1715.99060    5.0232e-17    6.3904e-17    1.1386e-17
1719.33301    4.1306e-17    5.3577e-17    6.4418e-18
1722.68188    7.7848e-17    7.9882e-17    7.2067e-17
1726.03735    3.8882e-17    5.0570e-17    5.6746e-18
1729.39941    1.2492e-17    1.4863e-17    5.7537e-18
1732.76807    2.1933e-17    2.5138e-17    1.2829e-17
1736.14307    1.0354e-17    1.2197e-17    5.1190e-18
1739.52466    6.1670e-18    5.9094e-18    6.8990e-18
1742.91296    9.3528e-18    1.0263e-17    6.7660e-18
1746.30786    2.0523e-17    2.4497e-17    9.2298e-18
1749.70935    4.5053e-17    4.6861e-17    3.9917e-17
1753.11755    2.2628e-18    1.9575e-18    3.1302e-18
1756.53223    6.6906e-18    5.8700e-18    9.0222e-18
1759.95325    2.9077e-17    3.7046e-17    6.4336e-18
1763.38147    3.1669e-17    3.2988e-17    2.7923e-17
1766.81628    2.4332e-17    2.2316e-17    3.0062e-17
1770.25745    1.4125e-17    1.6543e-17    7.2524e-18
1773.70581    3.5916e-17    3.8652e-17    2.8141e-17
1777.16064    2.0246e-17    2.4684e-17    7.6391e-18
1780.62207    1.8104e-17    2.1399e-17    8.7411e-18
1784.09045    7.2827e-17    9.2818e-17    1.6028e-17
1787.56555    2.0022e-16    2.5359e-16    4.8604e-17
1791.04749    3.0078e-17    3.3657e-17    1.9908e-17
1794.53601    3.0957e-17    3.6242e-17    1.5940e-17
1798.03137    5.2995e-17    6.6525e-17    1.4552e-17
1801.53357    4.9174e-18    3.8523e-18    7.9437e-18
1805.04248    4.9821e-17    5.4278e-17    3.7158e-17
1808.55847    2.5689e-17    3.0608e-17    1.1714e-17
1812.08130    1.2047e-17    9.5090e-18    1.9257e-17
1815.61096    1.8532e-17    2.2634e-17    6.8785e-18
1819.14722    1.2023e-17    1.5399e-17    2.4327e-18
1822.69067    2.2511e-17    2.7998e-17    6.9230e-18
1826.24084    2.6614e-17    3.3987e-17    5.6635e-18
1829.79797    2.3741e-17    2.9049e-17    8.6598e-18
1833.36206    1.7920e-17    2.1942e-17    6.4950e-18
1836.93311    2.9931e-17    3.3120e-17    2.0872e-17
1840.51111    1.9474e-17    1.7460e-17    2.5198e-17
1844.09607    2.1407e-17    1.9849e-17    2.5832e-17
1847.68799    2.4359e-17    3.0060e-17    8.1622e-18
1851.28687    2.5581e-17    2.8176e-17    1.8210e-17
1854.89282    5.5334e-18    5.6782e-18    5.1220e-18
1858.50586    1.6237e-17    1.7372e-17    1.3010e-17
1862.12585    2.3109e-17    2.2805e-17    2.3973e-17
1865.75293    2.2428e-17    2.3680e-17    1.8873e-17
1869.38696    2.9698e-17    2.8175e-17    3.4024e-17
1873.02820    1.1013e-17    1.2142e-17    7.8059e-18
1876.67651    3.4306e-17    4.1974e-17    1.2521e-17
1880.33191    3.0555e-17    3.6588e-17    1.3414e-17
1883.99438    3.2784e-17    2.8176e-17    4.5875e-17
1887.66406    4.5953e-17    5.3818e-17    2.3606e-17
1891.34082    1.4082e-17    1.6325e-17    7.7092e-18
1895.02490    1.7306e-17    1.9789e-17    1.0251e-17
1898.71606    2.7298e-17    2.8801e-17    2.3027e-17
1902.41431    4.4827e-17    5.1793e-17    2.5037e-17
1906.11987    1.7132e-17    1.9507e-17    1.0385e-17
1909.83252    2.1022e-17    2.3857e-17    1.2966e-17
1913.55261    2.2761e-17    2.6859e-17    1.1120e-17
1917.27979    3.3663e-17    3.9408e-17    1.7341e-17
1921.01428    1.4306e-17    1.2796e-17    1.8595e-17
1924.75610    2.3418e-17    2.7973e-17    1.0475e-17
1928.50513    3.1674e-17    3.4622e-17    2.3298e-17
1932.26147    1.9607e-17    2.1720e-17    1.3604e-17
1936.02515    2.7044e-17    3.4239e-17    6.6010e-18
1939.79614    2.0508e-17    1.8828e-17    2.5280e-17
1943.57446    2.8068e-17    3.0488e-17    2.1191e-17
1947.36011    5.6089e-17    5.6447e-17    5.5073e-17
1951.15332    1.8909e-17    1.9343e-17    1.7676e-17
1954.95374    4.6976e-17    4.4205e-17    5.4847e-17
1958.76160    1.2606e-16    9.6857e-17    2.0905e-16
1962.57690    3.0085e-17    2.8890e-17    3.3477e-17
1966.39966    9.2248e-17    9.0259e-17    9.7899e-17
1970.22974    7.5816e-17    8.6199e-17    4.6316e-17
1974.06738    1.3795e-16    1.1783e-16    1.9513e-16
1977.91248    2.9728e-17    2.4787e-17    4.3767e-17
1981.76514    1.1021e-17    9.2622e-18    1.6019e-17
1985.62524    3.2346e-17    3.1226e-17    3.5530e-17
1989.49280    2.4379e-17    2.4374e-17    2.4394e-17
1993.36792    2.1935e-17    2.2072e-17    2.1545e-17
1997.25061    1.6372e-17    1.4118e-17    2.2778e-17
2001.14087    4.2949e-17    5.0293e-17    2.2082e-17
2005.03870    3.1140e-17    3.5911e-17    1.7586e-17
2008.94409    5.6303e-17    6.4802e-17    3.2154e-17
2012.85718    4.6441e-17    4.5317e-17    4.9633e-17
2016.77783    5.2108e-17    5.2493e-17    5.1014e-17
2020.70605    1.9076e-17    2.1637e-17    1.1800e-17
2024.64209    5.4210e-17    4.3216e-17    8.5446e-17
2028.58569    1.1557e-16    1.1028e-16    1.3058e-16
2032.53687    4.8797e-17    5.0617e-17    4.3627e-17
2036.49585    2.1390e-17    2.2213e-17    1.9054e-17
2040.46265    2.1678e-17    2.7592e-17    4.8758e-18
2044.43701    2.3744e-17    2.8662e-17    9.7731e-18
2048.41919    2.2192e-17    1.9959e-17    2.8535e-17
2052.40918    1.9234e-17    2.0071e-17    1.6858e-17
2056.40674    3.1647e-17    3.6833e-17    1.6914e-17
2060.41211    5.3699e-18    5.8810e-18    3.9178e-18
2064.42554    3.7431e-17    4.5233e-17    1.5265e-17
2068.44678    4.8356e-17    4.6214e-17    5.4443e-17
2072.47559    4.6267e-17    4.5045e-17    4.9739e-17
2076.51221    3.9921e-17    3.2457e-17    6.1129e-17
2080.55713    1.8662e-17    1.8997e-17    1.7709e-17
2084.60938    1.6111e-17    1.2704e-17    2.5790e-17
2088.66992    1.9783e-17    2.3256e-17    9.9142e-18
2092.73828    2.4354e-17    2.1145e-17    3.3472e-17
2096.81445    1.7889e-17    1.8098e-17    1.7295e-17
2100.89868    3.7749e-17    3.6261e-17    4.1975e-17
2104.99072    2.9231e-17    3.1014e-17    2.4165e-17
2109.09082    6.4844e-17    7.9981e-17    2.1838e-17
2113.19922    2.9186e-17    2.8826e-17    3.0208e-17
2117.31519    8.6121e-17    8.4037e-17    9.2043e-17
2121.43945    9.2785e-18    9.3369e-18    9.1127e-18
2125.57129    1.9012e-17    1.4641e-17    3.1430e-17
2129.71143    4.0940e-17    4.5056e-17    2.9247e-17
2133.85986    3.4697e-17    3.2614e-17    4.0618e-17
2138.01611    4.7182e-17    5.5233e-17    2.4309e-17
2142.18066    3.6378e-17    3.3979e-17    4.3197e-17
2146.35303    3.4906e-17    3.6804e-17    2.9515e-17
2150.53369    3.2310e-17    3.8360e-17    1.5123e-17
2154.72266    1.9781e-17    1.7821e-17    2.5350e-17
2158.91968    2.8841e-17    2.8130e-17    3.0861e-17
2163.12500    3.7116e-17    3.9734e-17    2.9677e-17
2167.33813    6.1588e-17    6.1932e-17    6.0610e-17
2171.55957    1.8313e-17    1.5493e-17    2.6325e-17
2175.78955    5.6271e-17    5.6749e-17    5.4911e-17
2180.02759    1.4377e-17    1.5329e-17    1.1673e-17
2184.27393    4.0497e-17    3.5390e-17    5.5005e-17
2188.52832    2.7083e-17    2.8481e-17    2.3113e-17
2192.79102    1.0909e-17    9.5029e-18    1.4904e-17
2197.06226    7.3916e-18    5.6385e-18    1.2373e-17
2201.34180    1.4921e-17    1.2364e-17    2.2185e-17
2205.62939    2.5769e-17    2.2903e-17    3.3913e-17
2209.92554    2.6428e-17    2.5358e-17    2.9468e-17
2214.22998    4.6002e-17    4.7180e-17    4.2657e-17
2218.54297    2.7026e-17    2.8307e-17    2.3387e-17
2222.86426    6.1256e-17    6.9866e-17    3.6795e-17
2227.19409    3.6018e-17    3.5069e-17    3.8714e-17
2231.53223    3.8585e-17    3.6061e-17    4.5756e-17
2235.87891    4.6465e-17    5.2585e-17    2.9077e-17
2240.23389    6.4215e-17    6.6951e-17    5.6441e-17
2244.59717    5.6836e-17    6.6671e-17    2.8892e-17
2248.96924    5.9900e-17    7.2126e-17    2.5165e-17
2253.34985    5.6382e-17    6.8889e-17    2.0846e-17
2257.73901    4.1913e-17    4.7550e-17    2.5897e-17
2262.13672    8.3219e-17    1.0326e-16    2.6264e-17
2266.54297    9.9965e-17    1.2460e-16    2.9973e-17
2270.95752    7.9309e-17    9.3159e-17    3.9958e-17
2275.38086    9.7395e-17    1.1118e-16    5.8240e-17
2279.81299    9.2727e-17    9.4912e-17    8.6518e-17
2284.25366    5.5743e-17    6.2804e-17    3.5683e-17
2288.70288    3.5865e-17    3.2579e-17    4.5201e-17
2293.16089    7.2658e-17    8.3376e-17    4.2205e-17
2297.62744    4.2176e-17    3.9922e-17    4.8578e-17
2302.10303    3.3044e-17    3.3167e-17    3.2694e-17
2306.58691    1.3317e-16    1.1391e-16    1.8788e-16
2311.07959    7.8886e-17    8.8705e-17    5.0989e-17
2315.58105    5.2257e-17    5.8563e-17    3.4338e-17
2320.09155    5.8499e-17    6.6276e-17    3.6401e-17
2324.61060    6.7171e-17    7.0001e-17    5.9130e-17
2329.13843    1.4068e-16    1.7859e-16    3.2989e-17
2333.67529    6.3906e-17    8.2930e-17    9.8538e-18
2338.22070    9.2137e-17    1.1466e-16    2.8140e-17
2342.77490    1.4899e-16    1.9206e-16    2.6621e-17
2347.33838    1.8177e-16    2.3073e-16    4.2652e-17
2351.91064    4.9367e-17    4.9729e-17    4.8336e-17
2356.49170    8.7974e-17    9.5748e-17    6.5887e-17
2361.08154    2.8613e-16    3.6822e-16    5.2878e-17
2365.68066    1.6341e-16    2.0941e-16    3.2721e-17
2370.28833    1.0812e-16    1.3689e-16    2.6386e-17
2374.90527    1.7163e-16    2.1499e-16    4.8426e-17
2379.53101    1.0600e-16    1.3419e-16    2.5897e-17
2384.16602    4.9617e-16    6.4654e-16    6.8952e-17
2388.80981    1.5124e-16    1.7808e-16    7.4982e-17
2393.46289    3.4318e-16    4.0394e-16    1.7056e-16
2398.12476    1.6064e-16    1.9212e-16    7.1192e-17
2402.79590    1.7595e-16    2.1785e-16    5.6918e-17
2407.47607    1.1649e-16    1.3970e-16    5.0539e-17
2412.16528    2.5598e-16    3.1588e-16    8.5779e-17
2416.86377    1.4313e-16    1.5687e-16    1.0407e-16
2421.57129    1.1949e-16    1.2620e-16    1.0040e-16
2426.28809    1.6177e-16    1.8948e-16    8.3049e-17
2431.01392    3.0435e-16    3.1327e-16    2.7901e-16
2435.74902    1.8615e-16    2.1072e-16    1.1636e-16
2440.49365    1.2627e-16    1.2401e-16    1.3268e-16
2445.24707    1.7272e-16    1.9769e-16    1.0177e-16
2450.01001    1.9249e-16    1.8748e-16    2.0673e-16
2454.78223    1.2359e-16    1.3319e-16    9.6293e-17
2459.56348    2.0750e-16    2.1897e-16    1.7490e-16
2464.35425    2.4852e-16    2.8863e-16    1.3457e-16
2469.15430    1.7504e-16    2.0347e-16    9.4235e-17
2473.96387    1.5740e-16    1.7723e-16    1.0107e-16
2478.78271    1.3129e-16    1.5067e-16    7.6220e-17
2483.61084    1.4062e-16    1.5692e-16    9.4303e-17
2488.44849    1.8167e-16    1.8229e-16    1.7992e-16
2493.29541    9.1147e-17    1.0259e-16    5.8625e-17
2498.15186    9.3229e-17    1.0437e-16    6.1588e-17
2503.01782    1.4231e-16    1.5774e-16    9.8467e-17
2507.89307    2.1937e-16    2.1455e-16    2.3306e-16
2512.77808    1.7070e-16    1.9356e-16    1.0572e-16
2517.67236    9.8487e-17    1.0100e-16    9.1353e-17
2522.57642    1.2241e-16    1.2765e-16    1.0755e-16
2527.48975    1.6680e-16    2.0250e-16    6.5370e-17
2532.41309    6.1020e-17    7.2699e-17    2.7837e-17
2537.34570    1.4884e-16    1.7667e-16    6.9763e-17
2542.28760    1.5099e-16    1.7212e-16    9.0943e-17
2547.23975    1.3751e-16    1.6436e-16    6.1230e-17
2552.20117    9.5818e-17    1.0376e-16    7.3250e-17
2557.17236    6.6508e-17    7.8027e-17    3.3780e-17
2562.15332    1.9600e-16    2.4084e-16    6.8606e-17
2567.14404    1.0318e-16    1.1905e-16    5.8087e-17
2572.14404    1.2622e-16    1.3181e-16    1.1034e-16
2577.15430    7.4719e-17    8.5535e-17    4.3987e-17
2582.17383    1.0851e-16    1.1914e-16    7.8332e-17
2587.20361    2.1168e-16    2.6150e-16    7.0113e-17
2592.24292    9.4391e-17    1.1599e-16    3.3036e-17
2597.29199    4.9087e-16    6.2039e-16    1.2290e-16
2602.35107    4.7262e-17    5.0409e-17    3.8321e-17
2607.41992    1.9460e-16    2.3297e-16    8.5576e-17
2612.49854    3.8923e-16    4.6790e-16    1.6569e-16
2617.58740    1.3206e-16    1.6214e-16    4.6592e-17
2622.68604    1.8224e-16    2.2377e-16    6.4253e-17
2627.79443    4.5560e-16    5.3221e-16    2.3793e-16
2632.91284    3.0065e-16    3.5037e-16    1.5937e-16
2638.04126    5.3104e-17    5.1515e-17    5.7617e-17
2643.17969    6.3972e-17    5.7609e-17    8.2051e-17
2648.32812    2.7197e-17    2.0250e-17    4.6938e-17
2653.48633    6.4206e-17    5.9213e-17    7.8392e-17
2658.65479    2.8391e-17    2.2643e-17    4.4721e-17
2663.83350    3.2056e-17    3.5561e-17    2.2096e-17
2669.02197    7.1305e-17    7.7569e-17    5.3505e-17
2674.22070    3.3473e-18    2.3838e-18    6.0849e-18
2679.42969    4.6119e-17    4.7000e-17    4.3619e-17
2684.64868    8.6476e-17    7.9137e-17    1.0733e-16
2689.87793    2.3895e-17    1.9963e-17    3.5066e-17
2695.11719    9.1984e-17    9.9719e-17    7.0009e-17
2700.36670    1.9648e-17    1.4715e-17    3.3662e-17
2705.62646    1.2804e-16    1.2451e-16    1.3808e-16
2710.89648    8.2056e-17    9.6023e-17    4.2370e-17
2716.17676    2.0413e-16    2.2708e-16    1.3889e-16
2721.46729    5.5385e-17    4.9992e-17    7.0709e-17
2726.76831    1.1498e-16    1.4320e-16    3.4801e-17
2732.07959    1.8474e-16    2.2583e-16    6.7989e-17
2737.40112    1.7007e-16    1.9472e-16    1.0005e-16
2742.73291    7.7549e-17    9.1800e-17    3.7055e-17
2748.07520    2.3608e-16    2.9749e-16    6.1624e-17
2753.42798    2.9453e-16    3.3644e-16    1.7544e-16
2758.79102    7.3600e-17    8.4989e-17    4.1239e-17
2764.16479    8.8310e-17    1.0591e-16    3.8297e-17
2769.54883    1.4315e-16    1.5602e-16    1.0657e-16
2774.94336    1.8688e-16    2.0356e-16    1.3949e-16
2780.34863    6.0276e-17    5.4725e-17    7.6048e-17
2785.76416    7.4073e-17    6.7779e-17    9.1957e-17
2791.18994    1.2984e-16    1.2349e-16    1.4789e-16
2796.62695    3.6974e-17    4.1362e-17    2.4504e-17
2802.07422    3.9622e-17    4.5854e-17    2.1918e-17
2807.53198    2.7406e-17    2.6774e-17    2.9204e-17
2813.00049    2.1394e-17    1.7936e-17    3.1220e-17
2818.47949    1.4969e-16    1.1261e-16    2.5503e-16
2823.96948    1.5936e-16    1.3342e-16    2.3306e-16
2829.47021    1.5719e-16    1.6686e-16    1.2972e-16
2834.98145    9.5756e-17    9.1017e-17    1.0922e-16
2840.50342    6.5606e-16    4.7656e-16    1.1660e-15
2846.03613    3.9314e-16    3.2871e-16    5.7621e-16
2851.57959    1.3819e-16    1.2490e-16    1.7595e-16
2857.13379    3.1631e-16    2.5217e-16    4.9855e-16
2862.69922    9.7628e-17    7.5669e-17    1.6002e-16
2868.27490    1.3040e-16    1.1956e-16    1.6118e-16
2873.86182    1.0093e-16    9.0005e-17    1.3195e-16
2879.45947    2.1770e-16    1.6388e-16    3.7062e-16
2885.06836    1.1370e-16    1.0005e-16    1.5249e-16
2890.68774    7.4495e-17    7.0666e-17    8.5374e-17
2896.31860    6.1083e-17    5.2952e-17    8.4186e-17
2901.95972    2.4129e-17    2.0429e-17    3.4641e-17
2907.61230    5.8755e-17    4.7661e-17    9.0276e-17
2913.27563    6.4301e-18    4.6391e-18    1.1519e-17
2918.95020    4.8255e-17    4.4113e-17    6.0022e-17
2924.63574    9.7057e-17    1.1605e-16    4.3102e-17
2930.33228    5.7880e-18    4.1398e-18    1.0471e-17
2936.04004    1.1403e-17    8.3723e-18    2.0013e-17
2941.75903    6.5056e-17    7.4765e-17    3.7472e-17
2947.48877    8.6327e-17    9.2404e-17    6.9062e-17
2953.22998    4.5050e-17    5.4708e-17    1.7609e-17
2958.98242    4.4480e-17    4.4101e-17    4.5557e-17
2964.74585    7.0247e-17    8.2804e-17    3.4568e-17
2970.52075    8.6194e-17    9.3479e-17    6.5495e-17
2976.30664    3.2504e-17    3.1760e-17    3.4617e-17
2982.10376    1.2688e-16    1.4738e-16    6.8611e-17
2987.91187    5.0981e-17    5.9737e-17    2.6103e-17
2993.73218    8.5971e-18    5.9972e-18    1.5984e-17
2999.56348    2.4008e-17    2.2868e-17    2.7246e-17
3005.40601    6.1844e-17    7.5932e-17    2.1816e-17
3011.25977    3.6321e-17    2.6600e-17    6.3940e-17
3017.12500    2.9707e-17    2.1833e-17    5.2080e-17
3023.00195    9.6514e-18    6.8155e-18    1.7709e-17
3028.89014    1.2124e-17    8.6324e-18    2.2044e-17
3034.79004    5.1909e-17    3.6155e-17    9.6670e-17
3040.70117    7.9402e-18    5.6043e-18    1.4577e-17
3046.62402    7.9923e-17    6.4090e-17    1.2491e-16
3052.55811    4.2581e-17    2.9976e-17    7.8395e-17
3058.50391    5.1945e-18    3.6632e-18    9.5454e-18
3064.46143    3.2848e-17    2.8728e-17    4.4552e-17
3070.43018    5.3375e-17    3.8854e-17    9.4632e-17
3076.41064    3.0630e-16    2.1973e-16    5.5226e-16
3082.40332    8.8371e-18    6.4892e-18    1.5508e-17
3088.40698    6.3428e-18    4.5412e-18    1.1462e-17
3094.42261    2.5155e-17    2.4326e-17    2.7513e-17
3100.44971    5.1625e-18    3.6686e-18    9.4074e-18
3106.48901    1.3931e-17    9.8182e-18    2.5617e-17
3112.53979    6.5763e-18    4.6268e-18    1.2115e-17
3118.60229    6.1090e-18    4.3232e-18    1.1183e-17
3124.67676    5.5835e-19    3.9081e-19    1.0344e-18
3130.76318    6.5889e-18    4.8807e-18    1.1442e-17
3136.86133    1.6776e-18    1.1812e-18    3.0880e-18
3142.97119    3.4390e-17    3.9243e-17    2.0600e-17
3149.09302    8.0461e-18    5.9563e-18    1.3984e-17
3155.22681    4.0142e-18    2.8539e-18    7.3109e-18
3161.37256    1.2085e-16    1.3709e-16    7.4726e-17
3167.53027    5.5432e-17    6.7321e-17    2.1653e-17
3173.70020    1.9781e-18    1.3680e-18    3.7117e-18
3179.88184    4.0969e-17    3.7639e-17    5.0431e-17
3186.07568    1.2562e-16    1.5322e-16    4.7186e-17
3192.28149    8.7259e-17    1.0073e-16    4.8981e-17
3198.49951    7.3650e-17    9.2141e-17    2.1112e-17
3204.72949    1.0039e-17    7.5185e-18    1.7199e-17
3210.97168    8.2448e-17    9.5564e-17    4.5181e-17
3217.22607    1.0824e-18    7.5052e-19    2.0254e-18
3223.49268    4.5234e-18    3.1665e-18    8.3788e-18
3229.77148    7.6452e-17    8.0548e-17    6.4814e-17
3236.06226    1.0110e-17    9.3648e-18    1.2226e-17
3242.36572    2.3730e-17    2.0672e-17    3.2418e-17
3248.68115    4.6595e-17    3.8443e-17    6.9759e-17
3255.00879    1.0300e-16    1.1012e-16    8.2771e-17
3261.34912    3.7193e-17    3.6062e-17    4.0406e-17
3267.70093    2.4743e-17    1.9341e-17    4.0091e-17
3274.06616    2.8463e-18    2.0672e-18    5.0599e-18
3280.44336    2.3046e-16    2.5347e-16    1.6510e-16
3286.83301    4.0969e-17    3.6718e-17    5.3050e-17
3293.23535    4.2393e-17    4.0926e-17    4.6562e-17
3299.64990    4.8013e-17    3.9220e-17    7.2995e-17
3306.07690    5.3340e-17    4.8314e-17    6.7622e-17
3312.51660    3.8229e-17    3.4043e-17    5.0122e-17
3318.96875    8.2298e-18    5.7818e-18    1.5185e-17
3325.43359    9.3301e-18    6.7682e-18    1.6609e-17
3331.91064    8.5697e-19    5.9514e-19    1.6009e-18
3338.40063    1.2990e-17    9.4012e-18    2.3185e-17
3344.90332    4.1585e-19    2.8947e-19    7.7495e-19
3351.41846    1.2917e-19    8.9764e-20    2.4113e-19
3357.94629    2.5196e-17    1.9821e-17    4.0468e-17
3364.48682    1.2286e-17    9.2593e-18    2.0885e-17
3371.04004    1.9499e-17    1.3665e-17    3.6075e-17
3377.60645    1.9182e-17    1.3215e-17    3.6137e-17
3384.18481    1.2710e-17    9.0994e-18    2.2970e-17
3390.77686    1.2270e-17    8.6803e-18    2.2470e-17
3397.38159    1.9172e-18    1.3337e-18    3.5752e-18
3403.99902    9.9643e-19    6.9213e-19    1.8610e-18
3410.62915    2.9216e-18    2.1222e-18    5.1930e-18
3417.27271    1.7682e-17    1.3280e-17    3.0187e-17
3423.92847    2.5779e-18    1.7893e-18    4.8187e-18
3430.59766    5.0266e-18    3.5185e-18    9.3115e-18
3437.27979    1.8771e-17    1.5136e-17    2.9098e-17
3443.97534    8.6359e-18    5.9760e-18    1.6194e-17
3450.68359    2.6809e-17    1.9810e-17    4.6697e-17
3457.40479    2.5392e-17    1.8322e-17    4.5478e-17
3464.13916    5.1632e-18    3.6591e-18    9.4366e-18
3470.88647    3.4112e-18    2.4348e-18    6.1853e-18
3477.64697    1.9139e-17    1.4407e-17    3.2584e-17
3484.42090    1.3266e-17    9.3652e-18    2.4350e-17
3491.20776    7.6538e-18    5.5127e-18    1.3737e-17
3498.00781    1.7251e-17    1.2561e-17    3.0576e-17
3504.82129    1.9235e-17    1.3365e-17    3.5915e-17
3511.64771    5.4659e-19    3.7831e-19    1.0247e-18
3518.48804    9.2454e-18    6.5647e-18    1.6862e-17
3525.34131    9.4845e-18    6.5762e-18    1.7748e-17
3532.20776    8.6557e-18    5.9849e-18    1.6244e-17
3539.08813    2.2816e-17    1.5770e-17    4.2835e-17
3545.98145    2.5413e-18    1.7538e-18    4.7786e-18
3552.88818    4.4844e-18    3.1805e-18    8.1892e-18
3559.80884    1.9475e-18    1.3515e-18    3.6411e-18
3566.74292    2.3642e-18    1.6489e-18    4.3965e-18
3573.68994    4.8383e-19    3.7000e-19    8.0725e-19
3580.65112    8.9842e-20    6.2122e-20    1.6860e-19
3587.62500    2.6351e-18    1.8356e-18    4.9068e-18
3594.61304    1.9243e-19    1.3312e-19    3.6095e-19
3601.61499    5.4020e-19    3.7385e-19    1.0128e-18
3608.63013    3.4764e-19    2.4041e-19    6.5234e-19
3615.65894    7.7082e-19    5.3452e-19    1.4422e-18
3622.70166    1.3845e-17    9.9689e-18    2.4859e-17
3629.75806    4.4242e-19    3.2872e-19    7.6545e-19
3636.82837    8.6749e-19    6.0246e-19    1.6205e-18
3643.91138    7.5944e-18    5.6109e-18    1.3230e-17
3651.00928    7.7689e-20    5.3718e-20    1.4580e-19
3658.12085    1.4366e-17    1.2166e-17    2.0616e-17
3665.24609    2.5672e-19    1.7705e-19    4.8310e-19
3672.38525    1.2432e-19    8.4426e-20    2.3766e-19
3679.53857    2.4146e-19    1.5406e-19    4.8979e-19
3686.70557    5.8225e-19    3.6463e-19    1.2006e-18
3693.88647    1.6612e-19    1.1444e-19    3.1295e-19
3701.08154    9.4483e-19    6.5388e-19    1.7715e-18
3708.29053    1.7995e-19    1.2454e-19    3.3741e-19
3715.51343    3.7896e-19    2.0510e-19    8.7295e-19
3722.75049    1.1202e-18    7.7210e-19    2.1091e-18
3730.00171    2.9992e-18    2.0811e-18    5.6078e-18
3737.26709    6.2396e-20    4.3083e-20    1.1727e-19
3744.54639    7.9496e-19    5.4932e-19    1.4929e-18
3751.84009    6.5970e-18    4.6922e-18    1.2009e-17
3759.14795    4.8789e-18    3.4000e-18    9.0809e-18
3766.47021    2.5620e-17    1.9778e-17    4.2219e-17
3773.80664    4.6291e-20    3.2581e-20    8.5247e-20
3781.15723    1.0074e-17    7.2714e-18    1.8038e-17
3788.52197    6.5441e-19    4.5354e-19    1.2251e-18
3795.90137    9.0662e-19    5.6359e-19    1.8813e-18
3803.29492    1.5203e-19    1.0478e-19    2.8629e-19
3810.70312    1.1867e-18    8.2243e-19    2.2219e-18
3818.12549    1.0026e-19    6.9132e-20    1.8870e-19
3825.56250    4.5275e-17    3.7828e-17    6.6435e-17
3833.01416    4.1942e-19    2.9032e-19    7.8621e-19
3840.47998    5.5580e-19    3.3161e-19    1.1928e-18
3847.96045    1.2899e-18    8.9334e-19    2.4166e-18
3855.45557    3.5947e-20    2.4813e-20    6.7584e-20
3862.96533    9.3101e-20    6.4203e-20    1.7521e-19
3870.48950    1.2590e-17    9.5152e-18    2.1327e-17
3878.02832    2.0438e-19    1.4130e-19    3.8361e-19
3885.58203    1.0018e-19    6.9090e-20    1.8853e-19
3893.15039    1.3867e-18    9.6060e-19    2.5974e-18
3900.73340    1.9047e-19    1.3152e-19    3.5797e-19
3908.33154    5.0143e-18    3.4916e-18    9.3407e-18
3915.94409    6.1351e-18    4.3496e-18    1.1208e-17
3923.57153    1.8849e-19    1.2988e-19    3.5501e-19
3931.21387    9.0123e-18    6.4597e-18    1.6265e-17
3938.87109    3.3883e-17    2.6784e-17    5.4053e-17
3946.54346    9.4254e-18    6.8286e-18    1.6804e-17
3954.23047    1.6139e-19    1.1126e-19    3.0382e-19
3961.93262    4.3290e-18    3.0012e-18    8.1015e-18
3969.64941    9.9791e-18    5.4432e-18    2.2867e-17
3977.38159    2.8692e-17    2.2232e-17    4.7049e-17
3985.12866    2.8586e-18    1.9920e-18    5.3211e-18
3992.89111    1.3540e-18    9.3526e-19    2.5438e-18
4000.66846    1.4116e-17    1.0484e-17    2.4437e-17
4008.46094    7.2713e-19    5.0104e-19    1.3695e-18
4016.26880    3.0588e-19    2.1046e-19    5.7699e-19
4024.09155    1.9132e-18    1.3245e-18    3.5857e-18
4031.92969    2.4792e-19    1.7338e-19    4.5970e-19
4039.78320    9.1406e-20    6.2892e-20    1.7242e-19
4047.65186    6.4363e-20    4.4236e-20    1.2155e-19
4055.53589    3.3694e-19    2.3143e-19    6.3674e-19
4063.43506    2.6614e-18    1.8378e-18    5.0017e-18
4071.35010    1.7824e-18    1.2264e-18    3.3622e-18
4079.28027    2.4948e-18    1.7193e-18    4.6981e-18
4087.22607    1.3314e-18    9.1608e-19    2.5115e-18
4095.18701    1.5687e-18    1.0775e-18    2.9646e-18
4103.16357    3.3417e-19    2.1988e-19    6.5888e-19
4111.15576    1.1472e-18    7.8827e-19    2.1669e-18
4119.16357    5.3062e-18    3.7851e-18    9.6280e-18
4127.18652    4.6928e-18    3.4986e-18    8.0859e-18
4135.22559    2.1843e-18    1.5101e-18    4.0997e-18
4143.28027    1.9209e-18    1.3172e-18    3.6360e-18
4151.35059    3.0953e-19    2.1267e-19    5.8473e-19
4159.43652    1.2310e-18    8.4598e-19    2.3251e-18
4167.53857    2.7428e-19    1.8854e-19    5.1787e-19
4175.65625    6.5486e-17    5.2177e-17    1.0330e-16
4183.78906    9.9639e-19    6.8560e-19    1.8794e-18
4191.93848    6.2649e-20    4.3006e-20    1.1846e-19
4200.10352    3.0729e-19    2.1097e-19    5.8098e-19
4208.28418    1.1937e-18    8.2980e-19    2.2278e-18
4216.48145    4.2340e-20    2.9113e-20    7.9923e-20
4224.69434    3.8927e-19    2.6760e-19    7.3496e-19
4232.92334    5.1780e-17    5.3763e-17    4.6147e-17
4241.16846    1.1657e-16    7.9970e-17    2.2057e-16
4249.42920    1.5519e-18    1.3785e-18    2.0445e-18
4257.70605    4.3278e-18    3.0349e-18    8.0011e-18
4265.99902    2.9019e-19    1.9884e-19    5.4974e-19
4274.30859    5.7992e-17    4.0008e-17    1.0909e-16
4282.63428    1.1491e-19    7.8899e-20    2.1722e-19
4290.97607    8.3395e-17    5.7181e-17    1.5788e-16
4299.33398    3.1470e-17    2.5837e-17    4.7475e-17
4307.70801    1.5524e-17    1.0626e-17    2.9439e-17
4316.09863    4.1336e-17    2.8749e-17    7.7097e-17
4324.50586    1.0430e-18    7.1383e-19    1.9781e-18
4332.92920    2.0770e-17    1.7403e-17    3.0335e-17
4341.36914    1.6083e-17    1.1875e-17    2.8039e-17
4349.82520    7.7321e-17    6.1307e-17    1.2282e-16
4358.29785    9.3026e-17    6.3698e-17    1.7635e-16
4366.78662    3.0083e-18    2.0920e-18    5.6116e-18
4375.29199    5.2966e-17    4.9522e-17    6.2754e-17
4383.81445    3.8920e-17    2.9858e-17    6.4666e-17
4392.35352    4.5970e-20    3.1535e-20    8.6984e-20
4400.90869    1.5790e-17    1.2015e-17    2.6514e-17
4409.48047    7.5039e-17    6.5804e-17    1.0128e-16
4418.06934    5.4354e-17    4.0770e-17    9.2949e-17
4426.67480    7.4701e-20    5.1205e-20    1.4146e-19
4435.29736    1.0354e-17    7.2726e-18    1.9110e-17
4443.93652    3.7582e-19    2.5773e-19    7.1134e-19
4452.59277    2.9219e-17    1.9943e-17    5.5575e-17
4461.26562    9.5641e-18    6.5400e-18    1.8157e-17
4469.95508    1.6884e-17    1.2660e-17    2.8886e-17
4478.66162    1.3691e-17    9.3565e-18    2.6005e-17
4487.38477    4.3046e-17    3.3589e-17    6.9915e-17
4496.12549    2.2810e-18    1.5632e-18    4.3205e-18
4504.88281    2.1309e-17    1.8768e-17    2.8530e-17
4513.65771    1.7481e-17    1.2911e-17    3.0464e-17
4522.44922    6.4588e-17    5.6091e-17    8.8731e-17
4531.25830    7.5841e-18    5.3592e-18    1.3906e-17
4540.08447    1.7866e-17    1.4837e-17    2.6472e-17
4548.92773    3.2164e-17    3.0780e-17    3.6096e-17
4557.78809    2.6987e-17    2.1078e-17    4.3778e-17
4566.66602    4.0433e-20    2.7683e-20    7.6658e-20
4575.56055    2.7212e-17    2.3728e-17    3.7108e-17
4584.47314    5.7809e-17    5.2543e-17    7.2772e-17
4593.40283    6.6336e-18    4.7308e-18    1.2040e-17
4602.34961    7.0988e-19    4.8515e-19    1.3484e-18
4611.31445    9.1720e-20    6.2812e-20    1.7385e-19
4620.29590    3.0969e-17    2.6286e-17    4.4273e-17
4629.29590    8.5803e-17    7.1629e-17    1.2608e-16
4638.31250    5.2046e-18    3.5543e-18    9.8938e-18
4647.34668    7.3779e-18    5.2787e-18    1.3342e-17
4656.39941    3.0329e-19    2.0812e-19    5.7371e-19
4665.46875    2.5816e-17    1.8847e-17    4.5618e-17
4674.55664    6.6335e-19    4.5653e-19    1.2510e-18
4683.66113    2.4665e-18    1.6831e-18    4.6923e-18
4692.78418    1.9486e-20    1.3329e-20    3.6980e-20
4701.92480    2.5901e-19    1.7682e-19    4.9252e-19
4711.08301    6.1661e-20    4.1753e-20    1.1823e-19
4720.25977    1.9672e-18    1.3433e-18    3.7399e-18
4729.45361    1.2594e-17    8.6058e-18    2.3926e-17
4738.66602    3.8506e-19    2.6385e-19    7.2944e-19
4747.89551    1.6177e-18    1.1039e-18    3.0776e-18
4757.14355    1.1686e-19    7.9901e-20    2.2185e-19
4766.41016    6.1486e-21    4.2039e-21    1.1674e-20
4775.69385    1.0575e-17    7.2167e-18    2.0119e-17
4784.99609    1.0821e-20    7.3841e-21    2.0586e-20
4794.31641    1.5080e-18    1.0287e-18    2.8696e-18
4803.65430    6.0325e-20    4.1185e-20    1.1471e-19
4813.01074    2.2980e-17    1.5685e-17    4.3705e-17
4822.38574    1.1259e-17    7.7054e-18    2.1354e-17
4831.77930    2.0450e-18    1.4001e-18    3.8772e-18
4841.19043    9.0957e-19    6.2550e-19    1.7167e-18
4850.62012    1.5258e-18    1.0412e-18    2.9027e-18
4860.06836    2.3013e-19    1.5743e-19    4.3670e-19
4869.53467    3.8768e-18    2.6529e-18    7.3543e-18
4879.01953    1.3051e-17    8.8954e-18    2.4857e-17
4888.52295    1.5205e-17    1.0365e-17    2.8958e-17
4898.04492    4.4698e-18    3.0457e-18    8.5160e-18
4907.58545    1.7077e-17    1.1643e-17    3.2516e-17
4917.14453    2.4247e-20    1.6527e-20    4.6183e-20
4926.72168    3.5848e-17    3.7529e-17    3.1072e-17
4936.31836    7.5559e-20    5.1517e-20    1.4387e-19
4945.93311    2.5393e-17    1.7317e-17    4.8338e-17
4955.56689    9.7319e-18    6.6297e-18    1.8546e-17
4965.21973    5.5879e-20    3.8053e-20    1.0652e-19
4974.89062    1.0647e-17    7.2514e-18    2.0296e-17
4984.58105    9.9363e-20    6.7740e-20    1.8921e-19
4994.29004    1.0062e-18    6.8880e-19    1.9080e-18
5004.01758    1.8948e-17    1.2917e-17    3.6086e-17
5013.76465    4.3915e-17    4.6286e-17    3.7178e-17
5023.53027    9.4464e-18    6.4385e-18    1.7993e-17
5033.31543    5.0765e-20    3.4563e-20    9.6799e-20
5043.11914    1.0369e-17    7.0540e-18    1.9788e-17
5052.94238    1.7681e-17    1.2032e-17    3.3732e-17
5062.78418    1.9918e-18    1.3558e-18    3.7991e-18
5072.64551    4.4191e-17    3.0112e-17    8.4193e-17
5082.52637    2.9332e-19    1.9995e-19    5.5861e-19
5092.42578    1.1294e-19    7.6904e-20    2.1532e-19
5102.34473    1.7543e-18    1.2082e-18    3.3059e-18
5112.28320    3.2387e-17    2.2060e-17    6.1729e-17
5122.24121    4.7769e-19    3.2595e-19    9.0882e-19
5132.21777    2.0233e-18    1.3820e-18    3.8456e-18
5142.21484    5.8015e-19    3.9757e-19    1.0989e-18
5152.23047    1.1825e-18    8.0775e-19    2.2472e-18
5162.26660    1.6388e-16    1.1193e-16    3.1150e-16
5172.32129    5.9220e-17    6.0153e-17    5.6572e-17
5182.39648    2.2192e-17    1.5067e-17    4.2434e-17
5192.49023    1.2710e-19    1.0208e-19    1.9818e-19
5202.60449    4.0126e-17    3.4142e-17    5.7127e-17
5212.73779    1.5439e-20    1.0504e-20    2.9458e-20
5222.89160    4.0287e-18    2.7386e-18    7.6942e-18
5233.06445    4.6011e-17    4.1382e-17    5.9163e-17
5243.25781    2.0941e-19    1.4251e-19    3.9950e-19
5253.47021    1.4344e-17    1.0308e-17    2.5811e-17
5263.70312    8.6383e-17    5.8949e-17    1.6433e-16
5273.95557    1.2340e-16    1.0118e-16    1.8653e-16
5284.22852    4.0031e-17    3.5771e-17    5.2134e-17
5294.52100    5.0850e-18    3.4569e-18    9.7108e-18
5304.83398    7.9325e-20    5.3959e-20    1.5140e-19
5315.16650    1.2064e-16    1.1807e-16    1.2794e-16
5325.51953    1.8109e-17    1.3291e-17    3.1796e-17
5335.89258    3.7066e-17    2.5217e-17    7.0733e-17
5346.28564    4.1860e-18    2.8455e-18    7.9946e-18
5356.69922    1.1446e-19    7.7806e-20    2.1859e-19
5367.13281    9.3045e-18    6.6622e-18    1.6812e-17
5377.58691    3.7929e-17    2.5802e-17    7.2386e-17
5388.06152    2.5332e-19    1.7218e-19    4.8386e-19
5398.55664    9.0960e-20    6.1836e-20    1.7371e-19
5409.07178    5.2345e-18    3.5605e-18    9.9907e-18
5419.60742    4.0341e-20    2.7463e-20    7.6931e-20
5430.16406    3.7051e-17    2.6190e-17    6.7912e-17
5440.74121    3.2679e-19    2.2209e-19    6.2427e-19
5451.33887    2.8550e-19    1.9436e-19    5.4448e-19
5461.95703    1.2592e-19    8.5629e-20    2.4038e-19
5472.59570    1.5014e-18    1.0210e-18    2.8664e-18
5483.25488    1.4252e-19    9.6798e-20    2.7243e-19
5493.93555    2.4295e-18    1.6495e-18    4.6457e-18
5504.63672    1.1838e-19    8.0404e-20    2.2626e-19
5515.35840    8.7692e-20    5.9569e-20    1.6760e-19
5526.10156    9.3894e-18    6.3762e-18    1.7951e-17
5536.86523    2.1909e-18    1.4993e-18    4.1561e-18
5547.64941    2.1714e-18    1.4747e-18    4.1510e-18
5558.45557    2.6610e-18    1.8058e-18    5.0909e-18
5569.28271    6.4852e-19    4.4024e-19    1.2403e-18
5580.12988    1.4596e-18    9.9066e-19    2.7921e-18
5590.99902    1.3001e-18    8.8244e-19    2.4869e-18
5601.88965    3.8418e-20    2.6080e-20    7.3472e-20
5612.80078    1.1660e-18    7.9131e-19    2.2305e-18
5623.73340    1.8288e-18    1.2461e-18    3.4845e-18
5634.68750    3.6931e-20    2.5069e-20    7.0634e-20
5645.66211    1.8484e-18    1.2545e-18    3.5358e-18
5656.65918    2.3927e-18    1.6297e-18    4.5606e-18
5667.67676    6.7747e-19    4.5968e-19    1.2963e-18
5678.71680    1.7994e-18    1.2208e-18    3.4436e-18
5689.77734    2.4685e-18    1.6749e-18    4.7233e-18
5700.86035    5.6241e-20    3.8164e-20    1.0760e-19
5711.96484    3.7845e-19    2.5674e-19    7.2426e-19
5723.09033    1.4550e-18    9.8767e-19    2.7827e-18
5734.23779    4.4512e-19    3.0241e-19    8.5061e-19
5745.40723    2.2724e-18    1.5415e-18    4.3491e-18
5756.59766    2.9897e-19    2.0278e-19    5.7225e-19
5767.81104    1.2050e-19    8.1721e-20    2.3067e-19
5779.04492    7.1696e-19    4.8635e-19    1.3722e-18
5790.30176    8.7552e-20    5.9387e-20    1.6757e-19
5801.58008    4.9374e-19    3.3483e-19    9.4525e-19
5812.88037    6.9656e-19    4.7429e-19    1.3281e-18
5824.20264    1.4317e-19    9.7136e-20    2.7395e-19
5835.54688    2.5679e-18    1.7397e-18    4.9211e-18
5846.91357    5.5314e-19    3.7499e-19    1.0593e-18
5858.30225    3.2401e-19    2.1974e-19    6.2027e-19
5869.71289    2.4105e-18    1.6341e-18    4.6166e-18
5881.14600    4.2756e-19    2.8981e-19    8.1895e-19
5892.60156    8.0599e-20    6.1813e-20    1.3398e-19
5904.07910    6.1047e-19    4.1384e-19    1.1691e-18
5915.57910    2.0980e-18    1.4224e-18    4.0178e-18
5927.10156    7.0965e-19    4.8112e-19    1.3590e-18
5938.64648    9.3903e-21    6.3642e-21    1.7988e-20
5950.21387    8.3036e-19    5.6489e-19    1.5847e-18
5961.80371    1.7649e-19    1.1962e-19    3.3808e-19
5973.41602    1.4103e-19    9.5610e-20    2.7008e-19
5985.05127    4.7257e-19    3.2027e-19    9.0529e-19
5996.70850    5.1787e-18    3.5337e-18    9.8527e-18
6008.38867    1.2416e-18    8.4118e-19    2.3793e-18
6020.09229    7.0530e-19    4.7792e-19    1.3513e-18
6031.81836    6.5469e-20    4.4359e-20    1.2545e-19
6043.56738    3.3957e-18    2.3008e-18    6.5066e-18
6055.33887    2.2674e-18    1.5359e-18    4.3459e-18
6067.13428    6.3482e-20    4.2996e-20    1.2169e-19
6078.95117    1.8727e-18    1.2725e-18    3.5782e-18
6090.79150    2.8881e-19    1.9562e-19    5.5358e-19
6102.65527    3.1382e-19    2.1223e-19    6.0245e-19
6114.54199    1.1527e-18    7.8246e-19    2.2045e-18
6126.45215    6.1623e-19    4.1769e-19    1.1804e-18
6138.38525    1.2532e-19    8.4894e-20    2.4018e-19
6150.34131    1.3475e-17    9.5034e-18    2.4760e-17
6162.32178    1.4279e-19    9.6687e-20    2.7378e-19
6174.32422    1.4991e-18    1.0157e-18    2.8726e-18
6186.35059    2.4754e-18    1.6761e-18    4.7467e-18
6198.40088    4.0411e-19    2.7361e-19    7.7487e-19
6210.47314    1.8020e-20    1.2201e-20    3.4553e-20
6222.57031    9.1465e-20    6.1931e-20    1.7538e-19
6234.69043    1.1512e-17    8.1008e-18    2.1203e-17
6246.83496    1.5807e-17    1.1570e-17    2.7845e-17
6259.00195    4.6851e-19    3.1715e-19    8.9856e-19
6271.19385    2.1546e-19    1.4582e-19    4.1333e-19
6283.40869    1.8278e-19    1.2376e-19    3.5048e-19
6295.64795    9.0011e-20    6.1028e-20    1.7236e-19
6307.91016    7.5582e-19    5.1091e-19    1.4517e-18
6320.19678    5.0487e-18    3.4184e-18    9.6810e-18
6332.50781    5.0955e-19    3.4448e-19    9.7856e-19
6344.84180    7.7958e-19    5.7485e-19    1.3613e-18
6357.20020    6.9771e-19    4.7211e-19    1.3387e-18
6369.58252    2.2972e-18    1.6028e-18    4.2702e-18
6381.98926    3.1656e-18    2.1420e-18    6.0739e-18
6394.42041    1.8245e-19    1.2343e-19    3.5013e-19
6406.87549    1.6354e-18    1.1132e-18    3.1190e-18
6419.35449    1.0859e-17    7.6486e-18    1.9982e-17
6431.85840    6.0450e-18    4.1743e-18    1.1360e-17
6444.38672    1.8124e-18    1.2254e-18    3.4799e-18
6456.93896    3.4244e-17    2.6219e-17    5.7044e-17
6469.51514    1.4520e-18    9.8206e-19    2.7871e-18
6482.11719    1.0861e-18    7.3353e-19    2.0880e-18
6494.74268    2.2241e-18    1.5042e-18    4.2693e-18
6507.39355    7.8953e-19    5.3394e-19    1.5158e-18
6520.06836    1.3336e-17    9.2652e-18    2.4901e-17
6532.76855    6.9917e-19    4.7280e-19    1.3424e-18
6545.49316    4.8492e-20    3.2789e-20    9.3107e-20
6558.24268    1.3863e-18    9.8002e-19    2.5407e-18
6571.01611    9.5592e-19    6.4612e-19    1.8362e-18
6583.81543    8.6326e-19    5.8366e-19    1.6577e-18
6596.63965    1.7072e-19    1.1542e-19    3.2785e-19
6609.48828    3.9048e-19    2.6402e-19    7.4980e-19
6622.36230    1.0138e-18    6.8535e-19    1.9470e-18
6635.26172    8.0283e-21    5.4270e-21    1.5419e-20
6648.18506    1.5599e-18    1.0545e-18    2.9961e-18
6661.13525    4.2673e-19    2.8849e-19    8.1949e-19
6674.10986    1.3383e-19    8.9776e-20    2.5901e-19
6687.10938    5.6384e-19    3.8114e-19    1.0829e-18
6700.13428    3.2743e-19    2.2134e-19    6.2887e-19
6713.18506    1.7056e-20    1.1533e-20    3.2749e-20
6726.26123    3.0531e-19    2.0639e-19    5.8638e-19
6739.36279    2.5640e-21    1.7332e-21    4.9246e-21
6752.48926    7.8619e-20    5.3145e-20    1.5100e-19
6765.64258    2.5864e-19    1.7484e-19    4.9676e-19
6778.82031    1.8529e-19    1.2525e-19    3.5588e-19
6792.02441    3.0183e-20    2.0403e-20    5.7970e-20
6805.25439    2.9324e-19    1.9822e-19    5.6320e-19
6818.50928    3.1854e-19    2.1533e-19    6.1180e-19
6831.78955    1.5262e-19    1.0316e-19    2.9313e-19
6845.09717    1.0619e-20    7.1784e-21    2.0396e-20
6858.43018    8.4570e-19    5.7167e-19    1.6243e-18
6871.78906    2.1963e-18    1.4847e-18    4.2182e-18
6885.17432    2.2333e-20    1.5098e-20    4.2888e-20
6898.58447    4.3737e-19    2.9565e-19    8.4002e-19
6912.02246    3.0445e-19    2.0579e-19    5.8475e-19
6925.48486    2.7548e-19    1.8622e-19    5.2910e-19
6938.97412    1.1922e-18    8.0591e-19    2.2898e-18
6952.49023    6.1330e-20    4.1460e-20    1.1779e-19
6966.03271    1.7599e-19    1.1895e-19    3.3806e-19
6979.60059    5.8650e-20    3.9646e-20    1.1264e-19
6993.19629    1.5573e-19    1.0527e-19    2.9909e-19
