1000.00   2.5647e-15
1002.00   1.2714e-15
1004.00   1.2217e-15
1006.00   1.0610e-15
1008.00   6.0969e-16
1010.00   1.1601e-15
1012.00   6.3678e-16
1014.00   1.4455e-15
1016.00   8.6738e-16
1018.00   8.4759e-16
1020.00   1.5537e-15
1022.00   2.7735e-15
1024.00   7.2863e-16
1026.00   1.8814e-16
1028.00   8.6994e-16
1030.00   1.8128e-15
1032.00   1.9846e-15
1034.00   2.1129e-15
1036.00   3.5270e-15
1038.00   6.2942e-16
1040.00   4.5107e-16
1042.00   2.2517e-15
1044.00   9.2162e-16
1046.00   1.2109e-15
1048.00   1.2500e-16
1050.00   1.1477e-15
1052.00   5.9231e-16
1054.00   2.2177e-15
1056.00   7.0660e-15
1058.00   2.0994e-15
1060.00   8.2209e-15
1062.00   3.9342e-15
1064.00   1.9144e-14
1066.00   7.0714e-15
1068.00   2.0745e-14
1070.00   8.4536e-15
1072.00   1.0894e-14
1074.00   4.5625e-14
1076.00   3.5220e-14
1078.00   5.5247e-15
1080.00   1.9482e-15
1082.00   6.0418e-15
1084.00   7.6831e-15
1086.00   5.2770e-15
1088.00   1.0512e-14
1090.00   1.0050e-14
1092.00   6.4125e-15
1094.00   1.6356e-14
1096.00   7.6138e-15
1098.00   1.6273e-14
1100.00   2.0496e-14
1102.00   4.8970e-15
1104.00   2.8857e-15
1106.00   6.6239e-15
1108.00   9.6493e-15
1110.00   8.9899e-15
1112.00   1.3676e-14
1114.00   1.5683e-14
1116.00   1.4437e-14
1118.00   7.4629e-16
1120.00   1.8761e-15
1122.00   1.5246e-14
1124.00   9.4859e-15
1126.00   2.7822e-14
1128.00   2.7635e-14
1130.00   1.1752e-14
1132.00   1.8723e-14
1134.00   2.8635e-14
1136.00   5.3348e-15
1138.00   1.0005e-14
1140.00   1.0284e-14
1142.00   1.4106e-14
1144.00   5.7718e-14
1146.00   5.9744e-14
1148.00   8.1237e-14
1150.00   4.7357e-14
1152.00   2.7237e-14
1154.00   3.0013e-14
1156.00   6.6040e-15
1158.00   2.4214e-14
1160.00   2.6329e-14
1162.00   1.1662e-14
1164.00   9.3557e-15
1166.00   1.6950e-14
1168.00   1.6010e-14
1170.00   1.9989e-14
1172.00   1.3495e-14
1174.00   2.3959e-14
1176.00   2.4822e-14
1178.00   7.0249e-15
1180.00   9.1076e-15
1182.00   1.5025e-14
1184.00   1.8982e-14
1186.00   1.1212e-14
1188.00   2.6849e-14
1190.00   6.5581e-15
1192.00   3.4509e-14
1194.00   1.5765e-14
1196.00   1.9454e-14
1198.00   4.9866e-14
1200.00   1.6034e-14
1202.00   6.6874e-15
1204.00   5.5152e-15
1206.00   4.3305e-15
1208.00   1.3629e-14
1210.00   1.5789e-14
1212.00   1.4221e-14
1214.00   8.5974e-15
1216.00   8.8954e-16
1218.00   1.3545e-14
1220.00   2.9418e-14
1222.00   3.0252e-15
1224.00   6.4640e-15
1226.00   4.8793e-15
1228.00   7.6674e-15
1230.00   1.3894e-15
1232.00   1.1761e-14
1234.00   1.0007e-14
1236.00   5.3920e-15
1238.00   1.1028e-14
1240.00   7.1291e-15
1242.00   1.1880e-14
1244.00   4.0702e-15
1246.00   2.4937e-15
1248.00   4.4422e-15
1250.00   2.7718e-15
1252.00   7.2989e-15
1254.00   5.6380e-15
1256.00   6.7829e-15
1258.00   9.2421e-15
1260.00   7.8407e-15
1262.00   8.7216e-15
1264.00   6.7921e-15
1266.00   1.4706e-14
1268.00   4.9174e-15
1270.00   5.8114e-15
1272.00   1.3563e-14
1274.00   5.7499e-15
1276.00   5.9643e-15
1278.00   2.9435e-15
1280.00   6.9265e-15
1282.00   2.0850e-15
1284.00   1.9841e-15
1286.00   3.4865e-15
1288.00   6.2013e-15
1290.00   1.2915e-14
1292.00   5.1593e-15
1294.00   5.5993e-15
1296.00   9.5690e-15
1298.00   2.1092e-15
1300.00   1.1181e-14
1302.00   5.7594e-15
1304.00   1.0386e-14
1306.00   6.1440e-15
1308.00   4.4186e-15
1310.00   2.7925e-15
1312.00   1.4512e-15
1314.00   7.7177e-15
1316.00   3.2022e-15
1318.00   5.3117e-15
1320.00   5.8766e-15
1322.00   9.8286e-15
1324.00   4.6421e-15
1326.00   2.6125e-15
1328.00   7.5566e-15
1330.00   6.9749e-15
1332.00   1.1855e-14
1334.00   4.1261e-15
1336.00   2.1375e-15
1338.00   1.7504e-15
1340.00   8.1307e-15
1342.00   7.3576e-16
1344.00   3.3653e-15
1346.00   4.5715e-15
1348.00   2.4684e-16
1350.00   1.5487e-15
1352.00   4.1958e-15
1354.00   3.5614e-15
1356.00   4.1672e-15
1358.00   2.8499e-15
1360.00   9.9819e-15
1362.00   1.2687e-14
1364.00   6.2956e-15
1366.00   1.2785e-14
1368.00   7.5866e-15
1370.00   3.9714e-15
1372.00   1.3448e-14
1374.00   2.1591e-14
1376.00   1.9425e-14
1378.00   1.0456e-14
1380.00   7.8588e-15
1382.00   9.0471e-15
1384.00   7.7899e-15
1386.00   2.3660e-15
1388.00   9.5418e-15
1390.00   9.3215e-16
1392.00   1.0766e-14
1394.00   3.8682e-15
1396.00   7.8979e-15
1398.00   3.0272e-15
1400.00   4.0251e-14
1402.00   3.3010e-14
1404.00   8.9971e-15
1406.00   1.3836e-15
1408.00   3.3699e-15
1410.00   2.5462e-15
1412.00   7.1710e-15
1414.00   5.5521e-15
1416.00   4.2061e-14
1418.00   1.5728e-14
1420.00   3.3256e-15
1422.00   1.6142e-15
1424.00   8.2872e-15
1426.00   3.0186e-15
1428.00   3.6336e-15
1430.00   4.2486e-15
1432.00   6.5932e-15
1434.00   2.6052e-15
1436.00   4.9988e-15
1438.00   2.0010e-14
1440.00   1.0419e-14
1442.00   9.5935e-15
1444.00   2.1014e-15
1446.00   2.7828e-15
1448.00   2.1813e-15
1450.00   2.3970e-15
1452.00   5.6961e-15
1454.00   4.1960e-15
1456.00   1.6201e-15
1458.00   1.1718e-15
1460.00   2.3066e-15
1462.00   1.6971e-15
1464.00   2.3078e-15
1466.00   1.0519e-15
1468.00   1.5498e-15
1470.00   2.1132e-15
1472.00   1.7335e-15
1474.00   1.8148e-14
1476.00   1.6846e-15
1478.00   7.9375e-15
1480.00   1.0888e-14
1482.00   8.3880e-16
1484.00   6.8118e-15
1486.00   4.7084e-15
1488.00   4.7912e-15
1490.00   6.0207e-15
1492.00   7.0849e-15
1494.00   5.0361e-15
1496.00   2.9623e-15
1498.00   5.6313e-16
1500.00   6.6189e-16
1502.00   3.0459e-15
1504.00   3.9674e-15
1506.00   8.6155e-15
1508.00   1.4282e-14
1510.00   7.9134e-16
1512.00   1.3133e-14
1514.00   2.3168e-15
1516.00   1.7134e-15
1518.00   7.2688e-16
1520.00   9.7180e-15
1522.00   1.5649e-15
1524.00   2.3801e-15
1526.00   5.8053e-15
1528.00   3.1126e-15
1530.00   1.5024e-16
1532.00   2.4649e-15
1534.00   1.9654e-15
1536.00   1.3814e-15
1538.00   7.1926e-16
1540.00   1.7075e-15
1542.00   2.4836e-15
1544.00   7.4314e-16
1546.00   1.2937e-15
1548.00   2.1060e-15
1550.00   5.4812e-15
1552.00   2.0683e-15
1554.00   7.7222e-16
1556.00   4.8510e-15
1558.00   3.1258e-15
1560.00   4.9663e-14
1562.00   1.1754e-15
1564.00   3.1205e-14
1566.00   6.4249e-15
1568.00   6.4007e-15
1570.00   5.8457e-14
1572.00   1.6907e-14
1574.00   4.3884e-14
1576.00   1.4016e-14
1578.00   1.7536e-14
1580.00   2.6186e-14
1582.00   4.5345e-15
1584.00   2.1757e-14
1586.00   2.4022e-15
1588.00   1.6536e-14
1590.00   1.5618e-16
1592.00   1.2208e-15
1594.00   1.7928e-15
1596.00   2.8473e-16
1598.00   8.9599e-16
1600.00   5.4280e-15
1602.00   1.7497e-14
1604.00   2.2837e-15
1606.00   5.6077e-15
1608.00   9.3644e-14
1610.00   1.0975e-14
1612.00   1.5132e-14
1614.00   2.6340e-14
1616.00   9.3066e-16
1618.00   4.8471e-14
1620.00   1.0301e-15
1622.00   5.1771e-14
1624.00   1.3723e-14
1626.00   2.8224e-14
1628.00   3.0529e-15
1630.00   5.0813e-14
1632.00   3.6263e-14
1634.00   3.1899e-14
1636.00   5.7933e-14
1638.00   5.7734e-14
1640.00   4.1712e-14
1642.00   2.2371e-14
1644.00   3.4169e-14
1646.00   1.1477e-14
1648.00   1.0105e-14
1650.00   4.7479e-14
1652.00   4.2253e-15
1654.00   3.6937e-14
1656.00   5.6070e-15
1658.00   2.9624e-14
1660.00   3.1059e-14
1662.00   2.1698e-15
1664.00   2.8614e-15
1666.00   1.7996e-16
1668.00   1.9684e-15
1670.00   1.8056e-14
1672.00   2.7619e-16
1674.00   1.5736e-14
1676.00   7.2019e-14
1678.00   2.1714e-15
1680.00   5.6723e-15
1682.00   4.5117e-14
1684.00   2.8393e-15
1686.00   2.3169e-14
1688.00   6.1195e-15
1690.00   7.2443e-15
1692.00   7.4975e-15
1694.00   6.0318e-15
1696.00   1.2751e-15
1698.00   1.8508e-15
1700.00   3.1776e-15
1702.00   1.0642e-13
1704.00   4.8551e-15
1706.00   1.8139e-15
1708.00   8.3269e-15
1710.00   1.2357e-14
1712.00   2.0740e-15
1714.00   3.7274e-15
1716.00   1.0280e-14
1718.00   2.2065e-14
1720.00   7.4132e-15
1722.00   5.9046e-15
1724.00   1.4133e-14
1726.00   5.7555e-14
1728.00   1.9597e-15
1730.00   1.6187e-16
1732.00   4.5799e-15
1734.00   5.6165e-16
1736.00   4.2044e-16
1738.00   2.3989e-15
1740.00   4.8988e-17
1742.00   1.3625e-15
1744.00   4.1688e-17
1746.00   1.0146e-14
1748.00   4.0066e-15
1750.00   6.0051e-15
1752.00   8.2456e-17
1754.00   2.2384e-17
1756.00   6.0709e-17
1758.00   2.7221e-16
1760.00   4.7271e-15
1762.00   1.4395e-14
1764.00   4.4747e-15
1766.00   8.5879e-16
1768.00   4.8508e-16
1770.00   2.5995e-15
1772.00   8.3691e-15
1774.00   2.5904e-15
1776.00   3.3700e-15
1778.00   2.3826e-15
1780.00   3.2416e-16
1782.00   7.8664e-15
1784.00   2.3971e-15
1786.00   5.2067e-14
1788.00   2.2957e-14
1790.00   2.3954e-15
1792.00   2.4779e-15
1794.00   1.1240e-14
1796.00   1.8466e-15
1798.00   1.6121e-14
1800.00   1.2952e-16
1802.00   1.6350e-16
1804.00   2.7948e-15
1806.00   2.1117e-15
1808.00   1.9675e-15
1810.00   3.3821e-15
1812.00   5.9392e-16
1814.00   3.1117e-16
1816.00   4.1443e-15
1818.00   1.2818e-14
1820.00   1.7095e-16
1822.00   4.9095e-15
1824.00   7.5119e-15
1826.00   3.0367e-15
1828.00   4.2731e-15
1830.00   2.6657e-15
1832.00   4.5318e-15
1834.00   7.6443e-15
1836.00   7.0825e-15
1838.00   2.6636e-18
1840.00   5.6125e-16
1842.00   1.9468e-15
1844.00   3.1463e-15
1846.00   4.6492e-15
1848.00   5.7971e-15
1850.00   1.7248e-16
1852.00   2.8925e-15
1854.00   4.2517e-16
1856.00   5.3245e-16
1858.00   1.8193e-16
1860.00   1.7067e-15
1862.00   1.0306e-15
1864.00   9.2004e-15
1866.00   3.3123e-16
1868.00   4.3563e-16
1870.00   7.4060e-16
1872.00   1.4690e-15
1874.00   5.1231e-15
1876.00   2.4360e-15
1878.00   1.3258e-14
1880.00   9.0407e-15
1882.00   1.2994e-15
1884.00   2.2281e-15
1886.00   1.3867e-15
1888.00   2.4143e-14
1890.00   1.2845e-15
1892.00   1.7280e-15
1894.00   3.6624e-16
1896.00   3.1835e-15
1898.00   2.3083e-15
1900.00   1.6212e-15
1902.00   2.9084e-14
1904.00   5.1317e-15
1906.00   8.7033e-16
1908.00   2.5554e-16
1910.00   8.0112e-15
1912.00   4.9672e-15
1914.00   9.8927e-17
1916.00   3.5332e-15
1918.00   8.7500e-15
1920.00   6.9718e-16
1922.00   1.5362e-15
1924.00   9.6735e-17
1926.00   2.0221e-14
1928.00   9.5746e-15
1930.00   4.8556e-15
1932.00   4.6861e-15
1934.00   3.9051e-16
1936.00   3.5998e-14
1938.00   1.5025e-16
1940.00   1.1035e-15
1942.00   2.4693e-16
1944.00   6.9814e-15
1946.00   8.1284e-16
1948.00   6.6649e-15
1950.00   2.6808e-15
1952.00   4.6154e-16
1954.00   9.8531e-16
1956.00   1.3935e-15
1958.00   4.5627e-15
1960.00   2.3513e-17
1962.00   2.9314e-15
1964.00   4.2646e-16
1966.00   3.8707e-15
1968.00   4.3079e-15
1970.00   7.9220e-15
1972.00   7.5690e-16
1974.00   5.0095e-16
1976.00   5.4526e-15
1978.00   1.1026e-15
1980.00   8.9893e-17
1982.00   6.7875e-17
1984.00   7.2672e-16
1986.00   2.4017e-15
1988.00   5.2744e-15
1990.00   4.1634e-16
1992.00   3.8920e-16
1994.00   5.7603e-16
1996.00   8.6438e-16
1998.00   6.4226e-17
2000.00   2.1775e-14
2002.00   1.3224e-16
2004.00   5.8788e-15
2006.00   2.1370e-15
2008.00   5.0592e-15
2010.00   1.2924e-14
2012.00   1.0908e-15
2014.00   2.4532e-15
2016.00   1.8290e-15
2018.00   2.3810e-15
2020.00   4.4823e-15
2022.00   7.7942e-17
2024.00   1.8772e-15
2026.00   1.2301e-15
2028.00   5.7038e-15
2030.00   3.5724e-15
2032.00   6.3113e-15
2034.00   2.1113e-15
2036.00   3.8270e-16
2038.00   6.1852e-15
2040.00   2.2078e-14
2042.00   2.5192e-17
2044.00   1.1175e-14
2046.00   8.8282e-17
2048.00   8.2014e-16
2050.00   6.5177e-17
2052.00   9.1030e-15
2054.00   9.7496e-16
2056.00   8.9531e-15
2058.00   3.8115e-15
2060.00   1.4485e-16
2062.00   5.8846e-15
2064.00   1.3477e-14
2066.00   5.2190e-15
2068.00   6.5485e-16
2070.00   4.2489e-15
2072.00   2.5290e-14
2074.00   2.6366e-15
2076.00   1.5559e-16
2078.00   4.1899e-15
2080.00   4.1793e-15
2082.00   2.1181e-16
2084.00   1.5982e-16
2086.00   3.4426e-16
2088.00   1.0762e-14
2090.00   1.0807e-17
2092.00   3.0147e-16
2094.00   1.1358e-15
2096.00   3.3511e-16
2098.00   4.3370e-15
2100.00   2.0173e-15
2102.00   2.6289e-15
2104.00   2.7296e-17
2106.00   6.8574e-15
2108.00   1.4074e-14
2110.00   3.1259e-14
2112.00   3.8888e-17
2114.00   1.9273e-15
2116.00   2.9982e-15
2118.00   8.9604e-15
2120.00   1.2741e-14
2122.00   1.1998e-15
2124.00   3.2850e-17
2126.00   1.7017e-16
2128.00   7.1967e-16
2130.00   9.5697e-15
2132.00   6.6273e-15
2134.00   3.3464e-16
2136.00   1.6016e-15
2138.00   5.5208e-15
2140.00   3.7791e-15
2142.00   2.1732e-15
2144.00   1.0276e-16
2146.00   4.9027e-15
2148.00   1.3120e-15
2150.00   1.1420e-14
2152.00   6.9956e-15
2154.00   1.2980e-15
2156.00   2.9477e-16
2158.00   4.4866e-15
2160.00   1.0881e-15
2162.00   2.5790e-15
2164.00   1.4460e-14
2166.00   2.1782e-15
2168.00   4.9524e-15
2170.00   5.7175e-16
2172.00   2.1734e-16
2174.00   7.7277e-15
2176.00   1.1512e-15
2178.00   2.0540e-15
2180.00   1.8290e-15
2182.00   9.2303e-17
2184.00   1.7816e-15
2186.00   5.0580e-16
2188.00   7.7026e-15
2190.00   1.9645e-15
2192.00   1.9160e-16
2194.00   6.1584e-16
2196.00   1.5685e-16
2198.00   1.4010e-16
2200.00   2.2835e-17
2202.00   8.0289e-16
2204.00   1.6464e-15
2206.00   7.7723e-16
2208.00   7.0113e-16
2210.00   2.0047e-15
2212.00   2.2683e-15
2214.00   1.3184e-14
2216.00   2.1554e-15
2218.00   1.1675e-15
2220.00   7.6056e-15
2222.00   3.8438e-15
2224.00   5.6251e-14
2226.00   3.8676e-15
2228.00   1.6944e-15
2230.00   5.5284e-16
2232.00   4.9535e-15
2234.00   1.5489e-14
2236.00   6.7719e-15
2238.00   3.1736e-15
2240.00   2.5807e-15
2242.00   3.7528e-14
2244.00   2.2221e-14
2246.00   8.7413e-15
2248.00   5.3499e-16
2250.00   3.2733e-14
2252.00   2.4440e-15
2254.00   3.8340e-14
2256.00   2.7287e-14
2258.00   4.2110e-15
2260.00   1.6832e-13
2262.00   1.1489e-14
2264.00   8.2800e-15
2266.00   6.8835e-14
2268.00   6.3205e-14
2270.00   5.2563e-15
2272.00   2.2878e-14
2274.00   3.3088e-14
2276.00   6.3782e-14
2278.00   2.6926e-15
2280.00   1.0064e-13
2282.00   1.6864e-15
2284.00   4.5295e-14
2286.00   2.6030e-15
2288.00   1.9862e-15
2290.00   1.2582e-15
2292.00   3.1909e-16
2294.00   2.2437e-14
2296.00   2.5677e-15
2298.00   6.2011e-15
2300.00   1.9105e-15
2302.00   7.8936e-16
2304.00   1.3159e-14
2306.00   2.2842e-15
2308.00   1.2540e-14
2310.00   2.0240e-15
2312.00   2.1119e-14
2314.00   1.8975e-14
2316.00   1.8692e-16
2318.00   1.0093e-14
2320.00   4.3344e-18
2322.00   1.2359e-14
2324.00   4.6314e-15
2326.00   1.6197e-14
2328.00   4.1533e-13
2330.00   2.6500e-14
2332.00   9.0421e-13
2334.00   1.4915e-16
2336.00   6.4659e-17
2338.00   4.8969e-13
2340.00   3.5793e-14
2342.00   3.1762e-16
2344.00   1.7080e-12
2346.00   4.2652e-14
2348.00   1.8463e-12
2350.00   1.0326e-16
2352.00   2.1489e-14
2354.00   9.2086e-15
2356.00   1.4850e-14
2358.00   2.5772e-15
2360.00   2.6020e-12
2362.00   6.7449e-13
2364.00   7.5479e-13
2366.00   1.0735e-12
2368.00   5.3963e-13
2370.00   3.6096e-13
2372.00   2.5223e-15
2374.00   1.8368e-12
2376.00   3.6389e-13
2378.00   6.9737e-16
2380.00   1.2988e-12
2382.00   4.0764e-12
2384.00   7.7934e-13
2386.00   2.6378e-13
2388.00   1.4492e-12
2390.00   1.7391e-15
2392.00   4.6425e-13
2394.00   3.5929e-15
2396.00   2.7514e-12
2398.00   5.2371e-16
2400.00   1.1647e-12
2402.00   8.0807e-15
2404.00   1.8184e-12
2406.00   8.2164e-13
2408.00   1.6049e-15
2410.00   1.1595e-12
2412.00   6.1875e-13
2414.00   6.9040e-13
2416.00   2.3634e-14
2418.00   3.0243e-14
2420.00   3.9133e-15
2422.00   7.2687e-15
2424.00   6.5322e-14
2426.00   1.0604e-14
2428.00   8.3647e-14
2430.00   6.5439e-14
2432.00   4.7353e-14
2434.00   1.2678e-13
2436.00   2.6241e-14
2438.00   5.3902e-15
2440.00   8.0811e-14
2442.00   4.7038e-16
2444.00   3.6244e-14
2446.00   1.8375e-13
2448.00   1.5791e-14
2450.00   1.0306e-14
2452.00   4.4548e-14
2454.00   4.0596e-14
2456.00   9.4158e-15
2458.00   6.0830e-14
2460.00   6.1631e-14
2462.00   6.5342e-14
2464.00   1.3151e-13
2466.00   5.4662e-14
2468.00   3.3294e-14
2470.00   7.0210e-14
2472.00   2.3154e-14
2474.00   1.5007e-14
2476.00   5.3238e-14
2478.00   2.1650e-14
2480.00   1.0818e-14
2482.00   1.6812e-14
2484.00   1.5749e-13
2486.00   1.4498e-14
2488.00   3.5094e-15
2490.00   8.4126e-14
2492.00   6.0960e-15
2494.00   5.1881e-13
2496.00   2.7310e-15
2498.00   1.0968e-13
2500.00   6.5017e-15
2502.00   2.2506e-14
2504.00   2.3718e-14
2506.00   9.1317e-14
2508.00   1.1929e-14
2510.00   9.7809e-15
2512.00   1.6439e-13
2514.00   3.2268e-14
2516.00   3.3055e-15
2518.00   9.7811e-15
2520.00   5.5508e-14
2522.00   2.7543e-14
2524.00   1.9538e-15
2526.00   3.3135e-13
2528.00   7.9844e-15
2530.00   8.7183e-14
2532.00   1.3327e-14
2534.00   7.0710e-14
2536.00   2.3340e-14
2538.00   4.8571e-14
2540.00   9.9442e-14
2542.00   6.9373e-14
2544.00   3.7074e-14
2546.00   7.8451e-14
2548.00   3.4963e-14
2550.00   1.1935e-13
2552.00   1.3053e-14
2554.00   2.6599e-15
2556.00   1.2835e-14
2558.00   3.3117e-14
2560.00   7.4048e-14
2562.00   6.8090e-13
2564.00   4.1903e-13
2566.00   1.9146e-13
2568.00   3.4995e-14
2570.00   2.0276e-15
2572.00   1.4386e-14
2574.00   9.7307e-14
2576.00   1.1079e-14
2578.00   1.7694e-13
2580.00   2.0105e-16
2582.00   2.4892e-13
2584.00   3.7512e-14
2586.00   2.4768e-12
2588.00   2.0809e-14
2590.00   2.1098e-14
2592.00   2.1052e-13
2594.00   2.9540e-14
2596.00   9.0980e-15
2598.00   2.1459e-12
2600.00   4.3390e-12
2602.00   1.7695e-17
2604.00   2.2055e-15
2606.00   1.4414e-14
2608.00   1.8855e-12
2610.00   2.1485e-14
2612.00   2.8264e-12
2614.00   1.2222e-12
2616.00   1.7192e-17
2618.00   1.7506e-12
2620.00   4.2798e-13
2622.00   7.5070e-13
2624.00   9.1640e-15
2626.00   4.2317e-12
2628.00   1.6362e-12
2630.00   2.4528e-14
2632.00   4.6339e-12
2634.00   2.6014e-15
2636.00   1.1965e-15
2638.00   7.4729e-15
2640.00   7.2757e-15
2642.00   1.0180e-14
2644.00   7.2016e-16
2646.00   1.0892e-15
2648.00   3.8027e-17
2650.00   1.2223e-15
2652.00   7.5622e-15
2654.00   1.1682e-15
2656.00   7.3286e-17
2658.00   5.1200e-16
2660.00   1.5999e-15
2662.00   7.0054e-17
2664.00   2.5173e-14
2666.00   2.8908e-14
2668.00   3.8286e-16
2670.00   2.0490e-14
2672.00   1.6458e-16
2674.00   2.0486e-17
2676.00   1.8792e-16
2678.00   2.4333e-14
2680.00   2.4960e-16
2682.00   2.9775e-15
2684.00   1.2833e-14
2686.00   3.4194e-15
2688.00   2.5522e-17
2690.00   1.4555e-15
2692.00   1.9623e-13
2694.00   1.6656e-15
2696.00   9.3102e-17
2698.00   2.7472e-15
2700.00   1.3096e-15
2702.00   4.4603e-17
2704.00   2.9370e-14
2706.00   3.7168e-15
2708.00   1.6756e-15
2710.00   1.4184e-13
2712.00   1.0773e-14
2714.00   3.9758e-13
2716.00   8.2250e-13
2718.00   6.8578e-15
2720.00   1.0460e-15
2722.00   1.5824e-14
2724.00   5.7642e-13
2726.00   1.6110e-16
2728.00   3.1452e-13
2730.00   3.8761e-13
2732.00   1.9222e-13
2734.00   6.5400e-16
2736.00   2.3746e-13
2738.00   1.2528e-15
2740.00   1.1494e-12
2742.00   5.8505e-16
2744.00   4.0538e-13
2746.00   9.8434e-13
2748.00   3.9081e-15
2750.00   1.2931e-12
2752.00   1.0278e-14
2754.00   6.4336e-15
2756.00   1.9570e-12
2758.00   7.3697e-15
2760.00   4.6924e-14
2762.00   4.0969e-13
2764.00   6.7748e-15
2766.00   9.0231e-18
2768.00   7.0865e-13
2770.00   1.0520e-14
2772.00   1.1048e-12
2774.00   2.2081e-14
2776.00   1.3824e-14
2778.00   7.1982e-15
2780.00   1.8639e-15
2782.00   1.2607e-16
2784.00   1.1780e-15
2786.00   1.0466e-14
2788.00   2.4816e-15
2790.00   6.2082e-15
2792.00   2.9383e-16
2794.00   2.2074e-15
2796.00   1.2512e-15
2798.00   1.5249e-15
2800.00   9.9781e-15
2802.00   2.5969e-18
2804.00   8.5361e-15
2806.00   2.3679e-15
2808.00   6.7652e-17
2810.00   6.2754e-16
2812.00   3.8984e-16
2814.00   2.1150e-15
2816.00   3.5918e-17
2818.00   1.1911e-15
2820.00   3.2325e-15
2822.00   7.2778e-15
2824.00   2.3675e-14
2826.00   9.0952e-15
2828.00   1.5478e-13
2830.00   5.8266e-16
2832.00   3.9517e-14
2834.00   3.3252e-15
2836.00   1.0735e-15
2838.00   1.3047e-13
2840.00   2.8786e-14
2842.00   8.2956e-16
2844.00   4.5641e-15
2846.00   2.5775e-15
2848.00   2.0873e-14
2850.00   2.1937e-15
2852.00   1.2975e-15
2854.00   2.7503e-16
2856.00   6.2079e-15
2858.00   4.0848e-15
2860.00   1.2923e-16
2862.00   1.6123e-15
2864.00   4.9523e-15
2866.00   9.6059e-16
2868.00   1.4256e-14
2870.00   6.3562e-15
2872.00   6.2782e-15
2874.00   5.0525e-16
2876.00   4.1995e-17
2878.00   1.7100e-16
2880.00   4.0109e-14
2882.00   9.4960e-16
2884.00   3.4762e-15
2886.00   8.6775e-14
2888.00   5.7518e-14
2890.00   2.6889e-15
2892.00   2.9761e-15
2894.00   2.2480e-16
2896.00   2.6492e-15
2898.00   3.7754e-15
2900.00   1.3219e-17
2902.00   4.0325e-15
2904.00   1.4228e-17
2906.00   1.4528e-15
2908.00   5.5964e-15
2910.00   3.9503e-16
2912.00   2.9785e-17
2914.00   6.3877e-17
2916.00   1.4550e-14
2918.00   2.8141e-15
2920.00   3.5042e-16
2922.00   6.4808e-17
2924.00   1.7065e-16
2926.00   2.1710e-13
2928.00   3.3507e-18
2930.00   1.8990e-16
2932.00   6.0575e-17
2934.00   2.6886e-16
2936.00   1.4165e-16
2938.00   2.1478e-17
2940.00   8.1546e-15
2942.00   7.0038e-18
2944.00   1.0840e-13
2946.00   2.2920e-15
2948.00   8.9044e-14
2950.00   1.0747e-14
2952.00   1.4550e-16
2954.00   1.1908e-13
2956.00   7.0318e-18
2958.00   6.3361e-17
2960.00   4.6243e-15
2962.00   8.0911e-15
2964.00   3.3525e-14
2966.00   9.2827e-14
2968.00   9.8704e-17
2970.00   7.8049e-14
2972.00   2.6955e-15
2974.00   7.5052e-18
2976.00   8.4407e-15
2978.00   3.3214e-17
2980.00   3.0814e-14
2982.00   6.5227e-16
2984.00   4.8924e-13
2986.00   1.5253e-13
2988.00   4.1227e-17
2990.00   1.7350e-17
2992.00   8.1720e-17
2994.00   1.7915e-16
2996.00   7.5852e-18
2998.00   8.0982e-15
3000.00   1.1393e-16
3002.00   2.3016e-13
3004.00   2.4892e-17
3006.00   1.3787e-17
3008.00   5.0047e-18
3010.00   4.0496e-16
3012.00   9.5768e-18
3014.00   9.1889e-16
3016.00   2.8082e-16
3018.00   9.3676e-16
3020.00   3.4070e-16
3022.00   1.1536e-16
3024.00   2.2108e-16
3026.00   9.4389e-17
3028.00   4.3806e-17
3030.00   3.0329e-16
3032.00   9.3253e-18
3034.00   1.6955e-16
3036.00   3.6780e-16
3038.00   2.3552e-16
3040.00   5.1719e-17
3042.00   1.8530e-17
3044.00   6.2692e-15
3046.00   9.9666e-17
3048.00   9.4941e-16
3050.00   2.2083e-16
3052.00   2.2313e-17
3054.00   2.9454e-18
3056.00   5.1506e-16
3058.00   2.5042e-17
3060.00   9.2627e-19
3062.00   2.2724e-16
3064.00   5.4992e-19
3066.00   3.2855e-15
3068.00   4.0407e-16
3070.00   9.0426e-16
3072.00   5.1488e-16
3074.00   6.5447e-18
3076.00   3.0548e-15
3078.00   1.3717e-15
3080.00   3.9448e-16
3082.00   1.1830e-17
3084.00   3.9806e-16
3086.00   2.7354e-19
3088.00   9.3802e-20
3090.00   2.2153e-16
3092.00   7.7578e-19
3094.00   1.9822e-19
3096.00   6.5368e-15
3098.00   2.4702e-17
3100.00   4.5213e-19
3102.00   1.8331e-16
3104.00   1.6829e-17
3106.00   2.4135e-16
3108.00   1.5411e-17
3110.00   1.5876e-18
3112.00   7.1639e-19
3114.00   1.1390e-16
3116.00   1.4763e-16
3118.00   1.0169e-17
3120.00   2.7336e-17
3122.00   1.3280e-17
3124.00   1.3277e-19
3126.00   1.0933e-17
3128.00   2.2779e-18
3130.00   3.3189e-17
3132.00   2.9210e-16
3134.00   1.5195e-17
3136.00   6.3750e-17
3138.00   1.4705e-17
3140.00   2.1226e-17
3142.00   1.4193e-14
3144.00   4.5282e-17
3146.00   6.2488e-16
3148.00   6.0878e-19
3150.00   2.2895e-18
3152.00   5.6843e-17
3154.00   2.5592e-18
3156.00   1.8545e-16
3158.00   1.8944e-16
3160.00   1.5760e-17
3162.00   2.8969e-14
3164.00   9.4812e-14
3166.00   4.4341e-14
3168.00   5.6720e-18
3170.00   2.3984e-14
3172.00   3.2064e-19
3174.00   2.0566e-18
3176.00   1.6525e-17
3178.00   5.5179e-15
3180.00   7.7201e-18
3182.00   7.2864e-19
3184.00   6.4762e-14
3186.00   9.1404e-14
3188.00   2.1759e-15
3190.00   4.9031e-16
3192.00   1.2917e-13
3194.00   5.7686e-14
3196.00   2.3249e-13
3198.00   1.7265e-17
3200.00   1.2185e-18
3202.00   1.4238e-18
3204.00   5.2485e-16
3206.00   3.6935e-19
3208.00   2.3454e-17
3210.00   4.8991e-14
3212.00   1.3163e-16
3214.00   1.0026e-13
3216.00   3.3398e-18
3218.00   1.6776e-18
3220.00   4.6152e-18
3222.00   1.7804e-17
3224.00   7.1770e-17
3226.00   2.2528e-17
3228.00   1.4108e-13
3230.00   4.0517e-16
3232.00   1.6672e-15
3234.00   1.1138e-15
3236.00   2.2383e-18
3238.00   2.2370e-15
3240.00   5.2797e-18
3242.00   1.2082e-18
3244.00   3.8939e-15
3246.00   3.0090e-17
3248.00   4.1295e-15
3250.00   1.1470e-15
3252.00   5.2568e-16
3254.00   4.5373e-18
3256.00   7.6624e-14
3258.00   4.8693e-15
3260.00   6.1391e-15
3262.00   2.8020e-17
3264.00   3.4778e-15
3266.00   4.0001e-18
3268.00   3.5283e-16
3270.00   1.3910e-16
3272.00   4.4920e-19
3274.00   1.6927e-17
3276.00   1.8785e-17
3278.00   1.6847e-13
3280.00   1.9286e-17
3282.00   3.2080e-14
3284.00   2.8635e-17
3286.00   1.7731e-14
3288.00   2.0285e-17
3290.00   4.8119e-16
3292.00   1.8858e-17
3294.00   4.1815e-19
3296.00   1.5301e-14
3298.00   2.1253e-15
3300.00   9.9868e-18
3302.00   6.1926e-15
3304.00   6.0185e-15
3306.00   4.4163e-15
3308.00   6.2095e-20
3310.00   1.2032e-16
3312.00   1.2163e-14
3314.00   2.0039e-15
3316.00   6.2777e-18
3318.00   2.0728e-17
3320.00   1.5542e-16
3322.00   1.3535e-16
3324.00   6.7697e-17
3326.00   5.4760e-17
3328.00   8.4427e-16
3330.00   3.1693e-17
3332.00   1.7645e-18
3334.00   6.5189e-18
3336.00   4.5755e-16
3338.00   4.3615e-16
3340.00   1.6928e-18
3342.00   2.2031e-17
3344.00   4.6532e-18
3346.00   6.8431e-19
3348.00   1.8476e-18
3350.00   1.4186e-19
3352.00   2.4418e-18
3354.00   4.5092e-18
3356.00   1.6925e-18
3358.00   1.7578e-15
3360.00   2.0842e-16
3362.00   4.0250e-16
3364.00   8.3422e-17
3366.00   8.2766e-16
3368.00   8.7045e-18
3370.00   2.0272e-16
3372.00   1.3680e-15
3374.00   8.3866e-19
3376.00   2.5561e-16
3378.00   3.6133e-19
3380.00   5.6898e-16
3382.00   1.1605e-16
3384.00   2.9259e-18
3386.00   1.7429e-16
3388.00   2.9703e-17
3390.00   1.7685e-17
3392.00   5.1958e-16
3394.00   2.4241e-18
3396.00   6.1042e-17
3398.00   1.6890e-17
3400.00   4.7962e-18
3402.00   6.0478e-18
3404.00   2.6974e-17
3406.00   4.4332e-17
3408.00   1.6233e-18
3410.00   4.2165e-16
3412.00   1.1284e-18
3414.00   2.5685e-16
3416.00   1.6217e-15
3418.00   1.7261e-19
3420.00   5.2210e-17
3422.00   6.7219e-19
3424.00   6.3581e-19
3426.00   7.5471e-17
3428.00   5.1666e-16
3430.00   2.3504e-16
3432.00   3.0534e-18
3434.00   1.6683e-18
3436.00   2.5070e-15
3438.00   4.5532e-18
3440.00   6.9690e-17
3442.00   4.5779e-17
3444.00   8.7167e-17
3446.00   1.0777e-17
3448.00   3.8350e-18
3450.00   4.9057e-16
3452.00   2.5634e-15
3454.00   1.2358e-15
3456.00   1.4328e-15
3458.00   2.0606e-17
3460.00   4.4602e-18
3462.00   5.9755e-20
3464.00   5.2600e-16
3466.00   6.6705e-18
3468.00   3.3177e-19
3470.00   4.0813e-16
3472.00   1.2406e-16
3474.00   1.6263e-18
3476.00   3.0049e-15
3478.00   4.5971e-16
3480.00   4.5005e-16
3482.00   1.2018e-15
3484.00   1.6829e-16
3486.00   5.4823e-16
3488.00   4.8631e-19
3490.00   8.2428e-16
3492.00   4.8858e-19
3494.00   5.7146e-16
3496.00   8.3493e-16
3498.00   1.8343e-17
3500.00   1.8265e-16
3502.00   3.8605e-17
3504.00   3.4848e-16
3506.00   4.4670e-18
3508.00   1.8589e-16
3510.00   1.6137e-17
3512.00   2.5316e-17
3514.00   1.0564e-18
3516.00   3.3517e-16
3518.00   7.5345e-17
3520.00   1.0920e-17
3522.00   7.4522e-16
3524.00   1.8931e-18
3526.00   7.9072e-16
3528.00   5.5322e-17
3530.00   2.5858e-16
3532.00   2.4519e-17
3534.00   1.0624e-18
3536.00   9.9299e-17
3538.00   1.0243e-16
3540.00   3.6486e-17
3542.00   5.1968e-17
3544.00   4.5107e-18
3546.00   9.7166e-19
3548.00   2.1493e-17
3550.00   2.6231e-18
3552.00   4.4004e-18
3554.00   2.1394e-17
3556.00   4.5856e-16
3558.00   4.9286e-17
3560.00   9.4462e-18
3562.00   1.8208e-18
3564.00   3.9833e-17
3566.00   1.0445e-16
3568.00   3.6135e-18
3570.00   1.4469e-18
3572.00   8.5575e-18
3574.00   3.7338e-19
3576.00   4.9130e-17
3578.00   8.4352e-19
3580.00   6.0568e-19
3582.00   2.1696e-20
3584.00   5.4214e-18
3586.00   8.9758e-18
3588.00   1.3333e-17
3590.00   3.7482e-17
3592.00   2.0617e-19
3594.00   8.2948e-19
3596.00   9.7768e-19
3598.00   2.8177e-18
3600.00   1.5186e-18
3602.00   4.4122e-17
3604.00   8.6794e-19
3606.00   4.6516e-18
3608.00   1.6192e-18
3610.00   1.7899e-18
3612.00   5.2104e-19
3614.00   4.2486e-17
3616.00   1.4051e-18
3618.00   3.5788e-17
3620.00   1.9386e-18
3622.00   5.9137e-16
3624.00   3.1378e-16
3626.00   8.7836e-19
3628.00   3.5302e-17
3630.00   8.9561e-19
3632.00   1.5590e-18
3634.00   6.2055e-19
3636.00   8.0668e-17
3638.00   5.2132e-18
3640.00   2.9814e-19
3642.00   1.1041e-15
3644.00   8.3086e-19
3646.00   1.5084e-18
3648.00   2.6312e-18
3650.00   5.0203e-19
3652.00   4.6831e-19
3654.00   7.4302e-20
3656.00   4.4606e-15
3658.00   2.4559e-18
3660.00   2.0864e-19
3662.00   1.5716e-17
3664.00   1.1709e-18
3666.00   3.8856e-19
3668.00   2.2491e-18
3670.00   3.4614e-19
3672.00   2.7067e-19
3674.00   1.0696e-18
3676.00   2.6431e-18
3678.00   2.9666e-19
3680.00   3.1146e-18
3682.00   9.2604e-18
3684.00   6.3706e-19
3686.00   1.9193e-17
3688.00   7.3364e-19
3690.00   1.8438e-18
3692.00   9.8306e-19
3694.00   3.1440e-18
3696.00   1.3099e-18
3698.00   2.7102e-17
3700.00   5.3261e-18
3702.00   2.5698e-22
3704.00   4.6696e-18
3706.00   2.3165e-19
3708.00   4.6562e-19
3710.00   2.8488e-17
3712.00   8.8171e-18
3714.00   2.4625e-18
3716.00   9.1221e-19
3718.00   6.4604e-19
3720.00   2.1627e-17
3722.00   5.1274e-19
3724.00   1.8862e-17
3726.00   1.1515e-17
3728.00   5.0191e-17
3730.00   3.9367e-19
3732.00   8.6935e-20
3734.00   4.4741e-19
3736.00   1.5009e-19
3738.00   1.3598e-18
3740.00   3.9639e-19
3742.00   1.1568e-17
3744.00   1.9490e-18
3746.00   3.1672e-17
3748.00   4.4906e-16
3750.00   5.0370e-18
3752.00   2.8364e-20
3754.00   3.1911e-18
3756.00   5.7624e-17
3758.00   2.5331e-17
3760.00   1.5124e-16
3762.00   7.2834e-17
3764.00   1.6729e-15
3766.00   6.8145e-19
3768.00   8.8945e-18
3770.00   9.1275e-19
3772.00   2.7224e-19
3774.00   4.3857e-19
3776.00   4.3902e-19
3778.00   4.3383e-18
3780.00   1.6304e-16
3782.00   3.1735e-17
3784.00   7.2334e-16
3786.00   3.6103e-17
3788.00   6.1086e-18
3790.00   1.3574e-19
3792.00   5.3132e-19
3794.00   1.6676e-19
3796.00   4.4364e-19
3798.00   5.2581e-17
3800.00   1.2740e-18
3802.00   3.0933e-18
3804.00   7.1861e-19
3806.00   7.8802e-18
3808.00   9.5034e-18
3810.00   5.0030e-19
3812.00   6.1801e-19
3814.00   4.7442e-17
3816.00   4.0194e-20
3818.00   7.6568e-20
3820.00   2.6676e-18
3822.00   2.0468e-16
3824.00   4.0596e-15
3826.00   2.0883e-19
3828.00   8.5023e-17
3830.00   2.2775e-18
3832.00   1.1740e-20
3834.00   1.9944e-17
3836.00   6.5018e-19
3838.00   3.2126e-18
3840.00   8.2711e-19
3842.00   3.1900e-19
3844.00   4.5026e-18
3846.00   5.7758e-17
3848.00   1.0509e-18
3850.00   9.5485e-19
3852.00   3.5187e-19
3854.00   1.8548e-19
3856.00   2.2838e-18
3858.00   2.6276e-19
3860.00   5.0227e-19
3862.00   1.0652e-18
3864.00   2.9526e-18
3866.00   2.3281e-19
3868.00   1.9451e-19
3870.00   5.3364e-19
3872.00   8.3120e-16
3874.00   1.4654e-18
3876.00   1.9558e-18
3878.00   2.7803e-18
3880.00   1.8728e-18
3882.00   6.6322e-19
3884.00   6.2472e-18
3886.00   2.2477e-19
3888.00   1.6356e-20
3890.00   2.0938e-19
3892.00   3.7926e-20
3894.00   4.3740e-18
3896.00   6.2282e-17
3898.00   3.3386e-20
3900.00   1.5215e-18
3902.00   4.5269e-20
3904.00   8.4519e-18
3906.00   6.1431e-17
3908.00   1.3836e-16
3910.00   9.1390e-17
3912.00   1.0594e-18
3914.00   8.2473e-16
3916.00   8.0320e-18
3918.00   7.2597e-18
3920.00   1.0872e-17
3922.00   3.4611e-18
3924.00   2.5569e-18
3926.00   4.3776e-18
3928.00   1.0897e-17
3930.00   9.9503e-16
3932.00   1.0448e-17
3934.00   1.4358e-19
3936.00   7.4761e-17
3938.00   7.1892e-15
3940.00   5.8839e-18
3942.00   1.6548e-18
3944.00   1.1361e-18
3946.00   1.4756e-15
3948.00   3.4084e-19
3950.00   1.2246e-17
3952.00   3.1296e-18
3954.00   1.3557e-18
3956.00   2.3433e-19
3958.00   2.7591e-17
3960.00   8.6493e-18
3962.00   5.2854e-18
3964.00   1.8529e-16
3966.00   4.8829e-17
3968.00   2.0456e-18
3970.00   3.6130e-15
3972.00   2.0254e-18
3974.00   2.0388e-15
3976.00   7.0525e-18
3978.00   3.5058e-18
3980.00   4.6657e-18
3982.00   3.6056e-16
3984.00   7.1005e-19
3986.00   4.5472e-19
3988.00   7.6594e-19
3990.00   4.4552e-17
3992.00   3.2562e-18
3994.00   3.0292e-19
3996.00   1.4802e-17
3998.00   1.3456e-19
4000.00   8.3761e-18
4002.00   9.2489e-16
4004.00   1.5687e-17
4006.00   3.2582e-20
4008.00   8.2421e-18
4010.00   1.3016e-18
4012.00   4.1009e-18
4014.00   3.4597e-18
4016.00   1.6183e-17
4018.00   1.9089e-18
4020.00   1.2579e-17
4022.00   1.7052e-17
4024.00   1.1675e-16
4026.00   6.4601e-19
4028.00   6.6816e-18
4030.00   8.8777e-21
4032.00   5.0863e-19
4034.00   5.3775e-18
4036.00   4.8199e-19
4038.00   7.8864e-20
4040.00   1.8513e-18
4042.00   1.1646e-18
4044.00   6.3526e-19
4046.00   1.4241e-18
4048.00   7.4118e-19
4050.00   4.9154e-19
4052.00   9.4432e-19
4054.00   4.5398e-20
4056.00   3.1998e-19
4058.00   6.6781e-18
4060.00   6.7981e-19
4062.00   1.7292e-16
4064.00   4.8653e-18
4066.00   3.8574e-20
4068.00   8.7338e-17
4070.00   7.1352e-18
4072.00   1.6380e-19
4074.00   5.8971e-18
4076.00   5.2665e-17
4078.00   1.2628e-16
4080.00   4.2383e-18
4082.00   5.8236e-19
4084.00   5.5407e-18
4086.00   4.5066e-19
4088.00   4.9086e-17
4090.00   5.4464e-19
4092.00   5.8529e-18
4094.00   2.9816e-18
4096.00   8.7536e-19
4098.00   6.5380e-18
4100.00   4.4958e-19
4102.00   1.1499e-18
4104.00   1.2192e-17
4106.00   4.2431e-18
4108.00   8.3441e-18
4110.00   4.2210e-18
4112.00   1.2609e-17
4114.00   3.4090e-18
4116.00   1.0777e-19
4118.00   4.1086e-18
4120.00   2.3435e-17
4122.00   3.7969e-16
4124.00   6.4202e-17
4126.00   1.6698e-19
4128.00   4.6195e-16
4130.00   1.5017e-19
4132.00   1.0879e-18
4134.00   1.1301e-18
4136.00   5.9992e-18
4138.00   9.0459e-17
4140.00   2.4500e-18
4142.00   2.5498e-19
4144.00   3.2855e-17
4146.00   7.0546e-18
4148.00   1.9291e-18
4150.00   4.7778e-18
4152.00   5.8069e-18
4154.00   2.3987e-18
4156.00   5.1398e-19
4158.00   8.5915e-18
4160.00   2.7500e-17
4162.00   4.0682e-18
4164.00   7.9116e-19
4166.00   6.4205e-19
4168.00   1.0521e-17
4170.00   5.0053e-18
4172.00   5.4793e-18
4174.00   6.0661e-15
4176.00   4.7652e-18
4178.00   3.0627e-15
4180.00   5.1886e-17
4182.00   9.4228e-18
4184.00   4.6990e-17
4186.00   1.1036e-18
4188.00   7.0296e-18
4190.00   1.7936e-18
4192.00   2.6573e-21
4194.00   1.4440e-19
4196.00   2.5562e-19
4198.00   8.5791e-19
4200.00   1.1243e-18
4202.00   4.7968e-18
4204.00   1.4814e-19
4206.00   9.1806e-18
4208.00   4.6420e-19
4210.00   6.6480e-17
4212.00   6.2480e-18
4214.00   1.6214e-18
4216.00   3.7457e-20
4218.00   1.8720e-18
4220.00   7.2255e-19
4222.00   2.4157e-18
4224.00   3.4868e-17
4226.00   3.5102e-19
4228.00   1.8504e-18
4230.00   6.3333e-21
4232.00   1.7875e-17
4234.00   4.6171e-14
4236.00   8.1487e-19
4238.00   7.3779e-19
4240.00   2.3804e-19
4242.00   1.5236e-18
4244.00   8.6430e-16
4246.00   1.1343e-20
4248.00   7.9387e-17
4250.00   1.8579e-18
4252.00   2.6362e-18
4254.00   9.3458e-19
4256.00   3.0542e-17
4258.00   2.6155e-16
4260.00   3.1976e-19
4262.00   4.9229e-20
4264.00   5.8880e-19
4266.00   8.2755e-19
4268.00   2.2695e-18
4270.00   1.6909e-18
4272.00   2.1754e-20
4274.00   5.7714e-16
4276.00   3.7012e-16
4278.00   1.4595e-16
4280.00   1.2523e-19
4282.00   1.7275e-18
4284.00   1.0888e-19
4286.00   2.6490e-18
4288.00   6.2934e-16
4290.00   6.9192e-19
4292.00   5.1227e-17
4294.00   1.5306e-19
4296.00   9.2033e-16
4298.00   8.0457e-20
4300.00   5.4594e-17
4302.00   3.8276e-17
4304.00   4.2991e-15
4306.00   1.0740e-16
4308.00   1.6496e-21
4310.00   2.7751e-19
4312.00   3.2833e-17
4314.00   9.0917e-16
4316.00   1.7966e-19
4318.00   5.1654e-18
4320.00   2.2245e-16
4322.00   1.6945e-18
4324.00   7.5725e-20
4326.00   1.3613e-17
4328.00   1.5649e-18
4330.00   3.6499e-18
4332.00   4.4592e-15
4334.00   1.7760e-20
4336.00   3.8872e-19
4338.00   1.3605e-15
4340.00   4.7707e-17
4342.00   1.6932e-18
4344.00   1.0058e-17
4346.00   1.6868e-16
4348.00   2.0841e-18
4350.00   1.4528e-19
4352.00   1.1962e-14
4354.00   7.0587e-19
4356.00   1.5602e-18
4358.00   2.4637e-16
4360.00   4.6339e-16
4362.00   1.2176e-17
4364.00   1.8146e-18
4366.00   1.0532e-18
4368.00   1.1474e-19
4370.00   1.6028e-16
4372.00   2.4513e-14
4374.00   1.4571e-19
4376.00   1.1621e-18
4378.00   9.1529e-19
4380.00   1.6336e-18
4382.00   1.4665e-17
4384.00   2.2822e-15
4386.00   2.6736e-15
4388.00   3.2967e-19
4390.00   1.4625e-21
4392.00   1.2144e-18
4394.00   9.0947e-19
4396.00   1.4595e-19
4398.00   3.0751e-15
4400.00   1.0044e-18
4402.00   4.1421e-18
4404.00   7.8676e-21
4406.00   1.0586e-18
4408.00   3.2601e-19
4410.00   1.5272e-18
4412.00   1.2673e-19
4414.00   1.5533e-14
4416.00   3.2345e-15
4418.00   7.3085e-19
4420.00   3.7309e-18
4422.00   4.0262e-19
4424.00   9.9528e-19
4426.00   8.7071e-19
4428.00   2.5989e-19
4430.00   1.7290e-18
4432.00   1.1855e-17
4434.00   9.2851e-19
4436.00   3.8971e-19
4438.00   1.4978e-19
4440.00   8.3469e-16
4442.00   1.0681e-18
4444.00   4.4572e-18
4446.00   7.9711e-18
4448.00   6.6152e-19
4450.00   1.4833e-18
4452.00   2.2476e-16
4454.00   7.3786e-19
4456.00   1.1374e-17
4458.00   6.2859e-17
4460.00   3.4657e-19
4462.00   2.6110e-17
4464.00   2.7960e-19
4466.00   2.5993e-18
4468.00   2.1864e-19
4470.00   3.6025e-18
4472.00   1.3629e-15
4474.00   1.0966e-16
4476.00   1.3433e-19
4478.00   1.2940e-18
4480.00   6.6518e-18
4482.00   3.1174e-21
4484.00   3.6820e-19
4486.00   1.5533e-19
4488.00   2.9749e-17
4490.00   3.1470e-15
4492.00   1.0391e-15
4494.00   1.3589e-18
4496.00   1.0147e-19
4498.00   2.6314e-19
4500.00   4.3262e-19
4502.00   3.0406e-19
4504.00   6.9903e-19
4506.00   7.5172e-19
4508.00   4.8316e-15
4510.00   8.8559e-18
4512.00   3.2776e-19
4514.00   1.4685e-17
4516.00   1.2933e-15
4518.00   1.2312e-19
4520.00   5.2591e-15
4522.00   7.8821e-15
4524.00   1.2947e-18
4526.00   9.0846e-18
4528.00   8.6408e-18
4530.00   3.0732e-18
4532.00   1.0361e-19
4534.00   4.5384e-16
4536.00   2.8751e-19
4538.00   3.8718e-19
4540.00   1.8893e-20
4542.00   3.4029e-15
4544.00   3.3747e-19
4546.00   3.4355e-19
4548.00   4.6101e-19
4550.00   1.2796e-14
4552.00   5.7933e-20
4554.00   7.2469e-19
4556.00   2.9681e-15
4558.00   1.4927e-20
4560.00   2.0798e-19
4562.00   1.3145e-19
4564.00   4.5789e-19
4566.00   8.9478e-21
4568.00   6.1658e-19
4570.00   4.6210e-19
4572.00   1.7594e-19
4574.00   2.7809e-20
4576.00   6.9659e-15
4578.00   6.7489e-18
4580.00   7.5445e-17
4582.00   1.1697e-15
4584.00   2.5136e-14
4586.00   1.5952e-18
4588.00   6.1416e-18
4590.00   3.4451e-19
4592.00   1.1562e-18
4594.00   3.9987e-18
4596.00   6.4368e-16
4598.00   1.2158e-17
4600.00   1.2143e-21
4602.00   2.5942e-18
4604.00   4.3482e-18
4606.00   6.5918e-19
4608.00   1.4435e-19
4610.00   3.0525e-19
4612.00   2.8796e-18
4614.00   3.7824e-19
4616.00   3.0029e-20
4618.00   1.4381e-19
4620.00   9.7130e-15
4622.00   4.8630e-19
4624.00   3.4859e-19
4626.00   1.0052e-17
4628.00   1.1423e-17
4630.00   1.4273e-14
4632.00   8.7136e-17
4634.00   4.2017e-18
4636.00   6.7551e-19
4638.00   1.0343e-18
4640.00   3.6637e-17
4642.00   1.0785e-18
4644.00   6.4074e-18
4646.00   3.1712e-21
4648.00   1.1433e-15
4650.00   1.7758e-19
4652.00   7.2850e-19
4654.00   2.4209e-20
4656.00   2.9640e-17
4658.00   3.7373e-19
4660.00   2.9857e-20
4662.00   3.3669e-19
4664.00   4.1287e-17
4666.00   2.6179e-15
4668.00   6.7318e-19
4670.00   1.4932e-16
4672.00   2.5662e-20
4674.00   3.2518e-21
4676.00   1.6553e-19
4678.00   9.2777e-19
4680.00   8.1928e-21
4682.00   5.2195e-21
4684.00   1.4691e-18
4686.00   5.9298e-18
4688.00   1.7697e-17
4690.00   4.7188e-20
4692.00   1.3863e-19
4694.00   2.0734e-20
4696.00   7.7368e-19
4698.00   2.3812e-19
4700.00   2.4388e-18
4702.00   4.2529e-19
4704.00   1.6081e-18
4706.00   3.9856e-19
4708.00   2.1017e-19
4710.00   2.2624e-19
4712.00   8.0617e-22
4714.00   5.5104e-18
4716.00   1.0764e-17
4718.00   8.7673e-19
4720.00   1.9774e-17
4722.00   3.0766e-19
4724.00   3.2260e-19
4726.00   8.9602e-20
4728.00   8.1128e-17
4730.00   3.2732e-19
4732.00   1.9650e-16
4734.00   4.5057e-20
4736.00   7.5897e-21
4738.00   1.7217e-18
4740.00   1.5935e-19
4742.00   7.3654e-20
4744.00   4.8909e-17
4746.00   7.2622e-18
4748.00   1.6605e-20
4750.00   4.7174e-18
4752.00   2.9025e-20
4754.00   7.2097e-19
4756.00   3.3473e-19
4758.00   3.7973e-20
4760.00   2.8743e-18
4762.00   2.4925e-20
4764.00   6.7638e-20
4766.00   3.6072e-20
4768.00   4.5126e-19
4770.00   1.3098e-20
4772.00   3.8788e-18
4774.00   7.1302e-17
4776.00   5.4470e-19
4778.00   6.0361e-17
4780.00   8.9280e-20
4782.00   3.0210e-21
4784.00   2.7019e-20
4786.00   9.2999e-20
4788.00   2.3663e-21
4790.00   9.1406e-20
4792.00   1.2165e-19
4794.00   3.4540e-20
4796.00   3.7160e-19
4798.00   1.1233e-17
4800.00   2.1588e-19
4802.00   2.4531e-19
4804.00   1.9018e-19
4806.00   1.1303e-19
4808.00   9.1419e-20
4810.00   2.9615e-18
4812.00   8.8637e-20
4814.00   1.6538e-16
4816.00   9.0163e-19
4818.00   1.9630e-18
4820.00   1.2190e-20
4822.00   4.1637e-20
4824.00   1.6510e-18
4826.00   4.0542e-16
4828.00   2.3710e-20
4830.00   1.8068e-19
4832.00   2.5028e-17
4834.00   1.8078e-16
4836.00   1.0188e-18
4838.00   5.6265e-19
4840.00   1.7728e-16
4842.00   4.2072e-19
4844.00   4.3290e-17
4846.00   3.0743e-18
4848.00   3.9412e-17
4850.00   4.1596e-20
4852.00   7.6042e-18
4854.00   1.3176e-19
4856.00   1.7356e-17
4858.00   2.7029e-20
4860.00   1.3241e-19
4862.00   6.5741e-20
4864.00   2.0538e-20
4866.00   5.4713e-18
4868.00   2.3426e-16
4870.00   5.9392e-17
4872.00   3.9646e-17
4874.00   9.2503e-17
4876.00   1.1531e-18
4878.00   2.7136e-19
4880.00   4.1618e-18
4882.00   1.3191e-20
4884.00   1.7116e-19
4886.00   6.6379e-18
4888.00   5.0560e-20
4890.00   1.1021e-16
4892.00   9.3574e-19
4894.00   2.4610e-17
4896.00   2.3156e-18
4898.00   2.9446e-17
4900.00   2.1855e-19
4902.00   4.6987e-18
4904.00   1.2522e-16
4906.00   9.6994e-17
4908.00   3.2508e-21
4910.00   8.6576e-21
4912.00   8.9137e-19
4914.00   1.4113e-21
4916.00   3.6625e-20
4918.00   8.2787e-20
4920.00   3.5584e-20
4922.00   3.6634e-18
4924.00   3.8617e-14
4926.00   9.8461e-20
4928.00   1.0171e-18
4930.00   7.9867e-21
4932.00   2.4094e-18
4934.00   5.2169e-20
4936.00   1.0525e-18
4938.00   4.8590e-20
4940.00   5.7752e-20
4942.00   3.7899e-20
4944.00   1.1998e-18
4946.00   5.5765e-19
4948.00   1.8445e-16
4950.00   6.1702e-17
4952.00   1.5374e-17
4954.00   1.5441e-17
4956.00   8.4266e-21
4958.00   1.5226e-18
4960.00   4.7251e-20
4962.00   5.9874e-19
4964.00   2.8707e-20
4966.00   2.8179e-19
4968.00   3.4642e-19
4970.00   1.0617e-18
4972.00   2.0661e-19
4974.00   7.2135e-17
4976.00   2.6289e-17
4978.00   9.6722e-21
4980.00   4.4499e-19
4982.00   8.2851e-21
4984.00   7.8450e-21
4986.00   3.9876e-20
4988.00   4.5971e-18
4990.00   1.9794e-20
4992.00   1.0430e-17
4994.00   1.0202e-16
4996.00   9.5326e-19
4998.00   8.9973e-18
5000.00   2.3315e-17
5002.00   8.7671e-20
5004.00   1.3378e-18
5006.00   1.3549e-16
5008.00   5.7147e-21
5010.00   2.4134e-21
5012.00   1.6566e-21
5014.00   1.8907e-19
5016.00   4.2466e-18
5018.00   7.1196e-14
5020.00   7.1851e-17
5022.00   2.6360e-18
5024.00   7.9019e-20
5026.00   1.1565e-19
5028.00   2.0078e-18
5030.00   1.0275e-18
5032.00   9.1080e-22
5034.00   3.2200e-21
5036.00   2.2241e-18
5038.00   4.4813e-22
5040.00   2.8244e-17
5042.00   9.2211e-20
5044.00   4.4211e-17
5046.00   7.1679e-18
5048.00   1.0172e-17
5050.00   1.2060e-16
5052.00   1.2895e-19
5054.00   2.2929e-19
5056.00   2.9617e-19
5058.00   1.4491e-20
5060.00   1.2384e-17
5062.00   1.1445e-19
5064.00   3.9458e-20
5066.00   1.5476e-17
5068.00   2.6460e-22
5070.00   2.4250e-19
5072.00   2.8736e-16
5074.00   3.1224e-18
5076.00   3.3029e-17
5078.00   6.5216e-20
5080.00   1.6450e-19
5082.00   1.6955e-20
5084.00   5.4453e-19
5086.00   9.9320e-18
5088.00   6.5030e-20
5090.00   2.5722e-19
5092.00   1.1850e-21
5094.00   2.0379e-18
5096.00   1.1242e-18
5098.00   3.5683e-21
5100.00   9.9415e-17
5102.00   2.3169e-19
5104.00   5.7813e-21
5106.00   1.5923e-18
5108.00   4.8509e-17
5110.00   4.1718e-20
5112.00   1.8987e-16
5114.00   2.7460e-22
5116.00   1.6594e-20
5118.00   9.4922e-22
5120.00   3.8347e-17
5122.00   1.7038e-19
5124.00   2.5408e-17
5126.00   1.3170e-18
5128.00   1.4525e-17
5130.00   8.7637e-19
5132.00   1.0436e-16
5134.00   1.1757e-19
5136.00   3.8316e-17
5138.00   1.3032e-20
5140.00   2.6715e-20
5142.00   1.0592e-21
5144.00   1.2718e-19
5146.00   1.2233e-16
5148.00   9.3899e-20
5150.00   2.4881e-17
5152.00   1.0286e-21
5154.00   8.0518e-17
5156.00   7.8461e-21
5158.00   1.2069e-15
5160.00   2.9745e-17
5162.00   2.8399e-17
5164.00   1.3815e-17
5166.00   1.0940e-19
5168.00   1.8174e-18
5170.00   1.1288e-13
5172.00   1.9406e-16
5174.00   5.7191e-23
5176.00   4.5837e-20
5178.00   5.7568e-18
5180.00   5.4554e-18
5182.00   6.7061e-17
5184.00   9.2193e-17
5186.00   2.4656e-18
5188.00   1.0294e-19
5190.00   2.9047e-21
5192.00   5.1501e-18
5194.00   2.3549e-19
5196.00   5.4142e-22
5198.00   6.3468e-15
5200.00   2.8077e-18
5202.00   8.4425e-22
5204.00   5.3203e-20
5206.00   4.3053e-19
5208.00   2.8979e-21
5210.00   9.7250e-19
5212.00   1.7813e-19
5214.00   5.0448e-20
5216.00   1.1180e-18
5218.00   4.7024e-18
5220.00   2.7692e-17
5222.00   3.9578e-21
5224.00   3.7084e-20
5226.00   1.0138e-19
5228.00   4.1414e-18
5230.00   1.2251e-22
5232.00   2.8787e-19
5234.00   9.3786e-15
5236.00   4.9434e-18
5238.00   1.3483e-17
5240.00   3.4333e-19
5242.00   7.3532e-20
5244.00   1.6516e-18
5246.00   5.6915e-19
5248.00   3.9051e-20
5250.00   8.3395e-18
5252.00   1.3676e-18
5254.00   9.7154e-16
5256.00   2.6141e-16
5258.00   3.8965e-18
5260.00   1.0556e-18
5262.00   6.2091e-16
5264.00   2.1769e-16
5266.00   7.0580e-23
5268.00   8.4272e-17
5270.00   4.0834e-19
5272.00   7.2040e-17
5274.00   3.0722e-16
5276.00   1.7695e-14
5278.00   4.4934e-18
5280.00   5.7834e-19
5282.00   4.6674e-20
5284.00   2.5652e-14
5286.00   3.7317e-19
5288.00   2.0796e-19
5290.00   1.2508e-19
5292.00   1.5349e-18
5294.00   2.0516e-18
5296.00   3.6183e-17
5298.00   1.0496e-18
5300.00   5.3196e-20
5302.00   1.6248e-19
5304.00   1.8596e-18
5306.00   4.6380e-21
5308.00   2.4909e-20
5310.00   1.5659e-19
5312.00   7.2038e-21
5314.00   3.8089e-18
5316.00   5.1913e-14
5318.00   9.7860e-21
5320.00   1.7681e-18
5322.00   3.7550e-19
5324.00   2.6328e-18
5326.00   1.6699e-15
5328.00   1.5539e-19
5330.00   1.2455e-19
5332.00   3.8677e-19
5334.00   2.6420e-16
5336.00   2.6100e-19
5338.00   6.2433e-17
5340.00   5.0991e-19
5342.00   4.3352e-20
5344.00   9.5105e-20
5346.00   3.6992e-17
5348.00   2.5902e-17
5350.00   5.4185e-19
5352.00   4.9166e-18
5354.00   4.6486e-19
5356.00   4.1667e-20
5358.00   2.8888e-18
5360.00   9.6516e-20
5362.00   1.5158e-15
5364.00   2.0887e-18
5366.00   1.4835e-19
5368.00   1.8330e-19
5370.00   2.5226e-19
5372.00   4.6643e-20
5374.00   9.3680e-22
5376.00   2.7386e-16
5378.00   1.3791e-19
5380.00   4.3354e-19
5382.00   7.6785e-19
5384.00   5.5220e-18
5386.00   1.1730e-19
5388.00   3.7485e-18
5390.00   5.2188e-20
5392.00   1.5850e-20
5394.00   1.3754e-18
5396.00   9.2533e-19
5398.00   1.9738e-20
5400.00   3.6169e-20
5402.00   8.4186e-20
5404.00   3.0930e-19
5406.00   4.3649e-19
5408.00   8.4094e-19
5410.00   1.6938e-18
5412.00   3.1262e-17
5414.00   1.1091e-16
5416.00   2.7211e-18
5418.00   9.5046e-20
5420.00   3.4108e-19
5422.00   8.0671e-19
5424.00   3.5867e-19
5426.00   2.5039e-15
5428.00   2.0723e-17
5430.00   1.3550e-20
5432.00   1.6125e-17
5434.00   9.1416e-17
5436.00   2.1467e-18
5438.00   3.3461e-18
5440.00   2.2531e-18
5442.00   7.5156e-20
5444.00   3.0200e-18
5446.00   5.9878e-18
5448.00   1.5048e-20
5450.00   1.0442e-17
5452.00   2.4976e-19
5454.00   1.3134e-19
5456.00   3.1163e-20
5458.00   1.3727e-19
5460.00   8.0325e-20
5462.00   5.0386e-24
5464.00   1.9752e-21
5466.00   4.6311e-18
5468.00   9.6522e-19
5470.00   1.2735e-18
5472.00   5.8290e-19
5474.00   1.1463e-20
5476.00   8.7824e-21
5478.00   5.5319e-17
5480.00   3.1703e-20
5482.00   7.5959e-20
5484.00   4.7868e-19
5486.00   7.6111e-19
5488.00   1.7847e-18
5490.00   8.8739e-19
5492.00   3.6229e-21
5494.00   1.7024e-22
5496.00   1.5809e-17
5498.00   1.8390e-17
5500.00   9.8866e-18
5502.00   3.4822e-18
5504.00   5.1471e-19
5506.00   4.0954e-18
5508.00   2.1046e-19
5510.00   2.3621e-18
5512.00   2.7274e-20
5514.00   1.8955e-18
5516.00   2.8128e-20
5518.00   1.2654e-18
5520.00   1.2691e-17
5522.00   9.1339e-19
5524.00   1.6665e-20
5526.00   5.7421e-18
5528.00   6.0602e-17
5530.00   1.3548e-17
5532.00   1.6850e-18
5534.00   1.7415e-16
5536.00   6.4049e-20
5538.00   1.3697e-18
5540.00   4.0676e-18
5542.00   6.9726e-18
5544.00   2.6305e-17
5546.00   1.9201e-17
5548.00   1.4731e-20
5550.00   4.6086e-20
5552.00   1.1134e-17
5554.00   3.5046e-18
5556.00   1.8902e-17
5558.00   7.8281e-20
5560.00   1.6078e-18
5562.00   3.6329e-20
5564.00   2.1002e-21
5566.00   1.2383e-18
5568.00   1.0470e-17
5570.00   4.6828e-19
5572.00   4.0545e-18
5574.00   2.1940e-18
5576.00   4.1111e-22
5578.00   2.0434e-19
5580.00   8.6861e-18
5582.00   1.8772e-18
5584.00   1.1773e-20
5586.00   5.4399e-19
5588.00   1.2242e-17
5590.00   1.5303e-20
5592.00   4.3803e-18
5594.00   6.4298e-22
5596.00   1.0206e-18
5598.00   7.3287e-21
5600.00   1.7898e-19
5602.00   1.3827e-19
5604.00   1.7717e-21
5606.00   1.9564e-20
5608.00   4.6344e-18
5610.00   2.0813e-20
5612.00   4.5601e-19
5614.00   6.7087e-18
5616.00   2.0245e-18
5618.00   6.4042e-18
5620.00   2.2678e-18
5622.00   2.4314e-20
5624.00   1.0503e-17
5626.00   4.1997e-17
5628.00   5.0118e-17
5630.00   5.5829e-19
5632.00   1.9681e-19
5634.00   4.5011e-20
5636.00   8.9754e-21
5638.00   8.2414e-19
5640.00   3.1101e-19
5642.00   3.2231e-22
5644.00   3.1581e-18
5646.00   5.0902e-21
5648.00   7.6609e-19
5650.00   7.5674e-18
5652.00   1.4849e-18
5654.00   6.3589e-18
5656.00   2.6591e-18
5658.00   6.3150e-17
5660.00   9.6374e-20
5662.00   1.8422e-19
5664.00   5.3400e-19
5666.00   1.0094e-18
5668.00   4.3740e-20
5670.00   2.9098e-17
5672.00   2.9849e-21
5674.00   1.8327e-17
5676.00   8.8839e-18
5678.00   2.6048e-19
5680.00   2.5453e-19
5682.00   4.2203e-20
5684.00   1.1076e-19
5686.00   2.1807e-22
5688.00   1.3319e-21
5690.00   4.0896e-17
5692.00   7.1911e-19
5694.00   3.9133e-22
5696.00   2.4801e-19
5698.00   2.0624e-23
5700.00   1.2391e-18
5702.00   3.1768e-20
5704.00   6.2269e-19
5706.00   8.6195e-20
5708.00   2.6830e-19
5710.00   1.8479e-20
5712.00   1.6575e-18
5714.00   1.7863e-20
5716.00   1.7214e-18
5718.00   6.2543e-18
5720.00   1.2362e-21
5722.00   1.3856e-17
5724.00   2.3491e-20
5726.00   1.5735e-17
5728.00   9.4457e-20
5730.00   1.1355e-17
5732.00   2.1281e-17
5734.00   4.8164e-19
5736.00   1.5836e-22
5738.00   6.3084e-18
5740.00   1.7700e-21
5742.00   2.9270e-19
5744.00   1.5648e-18
5746.00   1.6942e-17
5748.00   7.7390e-19
5750.00   6.2692e-19
5752.00   4.5585e-19
5754.00   1.9637e-18
5756.00   1.0888e-18
5758.00   2.9503e-19
5760.00   1.7947e-19
5762.00   8.0220e-19
5764.00   3.5432e-21
5766.00   1.1016e-18
5768.00   2.8278e-19
5770.00   2.2489e-20
5772.00   8.2150e-21
5774.00   5.9620e-20
5776.00   1.5823e-19
5778.00   7.5504e-20
5780.00   1.6063e-17
5782.00   2.5766e-18
5784.00   2.0283e-19
5786.00   2.3759e-20
5788.00   1.0115e-20
5790.00   2.5779e-19
5792.00   3.1976e-20
5794.00   3.4025e-19
5796.00   2.3790e-18
5798.00   3.9521e-18
5800.00   2.5802e-20
5802.00   2.0155e-17
5804.00   2.9983e-19
5806.00   2.2052e-20
5808.00   5.0062e-18
5810.00   3.5148e-18
5812.00   4.2900e-18
5814.00   2.4079e-17
5816.00   2.6239e-21
5818.00   4.6603e-20
5820.00   8.0484e-26
5822.00   1.6475e-19
5824.00   2.8652e-18
5826.00   2.8878e-18
5828.00   2.7663e-21
5830.00   1.3255e-17
5832.00   3.8683e-19
5834.00   9.5639e-19
5836.00   3.0616e-17
5838.00   1.5283e-21
5840.00   3.2297e-21
5842.00   6.9555e-18
5844.00   4.9970e-19
5846.00   3.2903e-22
5848.00   1.6000e-18
5850.00   3.4042e-19
5852.00   7.4903e-20
5854.00   2.7087e-17
5856.00   1.2802e-19
5858.00   4.7118e-19
5860.00   2.9571e-18
5862.00   5.6178e-19
5864.00   1.9177e-17
5866.00   8.1083e-21
5868.00   2.5397e-19
5870.00   2.1744e-17
5872.00   2.7243e-21
5874.00   3.6946e-20
5876.00   1.3203e-20
5878.00   3.7398e-20
5880.00   2.4731e-18
5882.00   3.2681e-20
5884.00   5.3914e-20
5886.00   7.3022e-20
5888.00   1.8380e-19
5890.00   2.4646e-22
5892.00   1.5733e-18
5894.00   9.7671e-20
5896.00   5.2416e-19
5898.00   6.8918e-18
5900.00   3.4161e-20
5902.00   4.4534e-18
5904.00   5.3183e-20
5906.00   5.2661e-20
5908.00   1.6070e-19
5910.00   2.3447e-18
5912.00   8.5961e-21
5914.00   1.4141e-16
5916.00   2.5944e-20
5918.00   8.0083e-21
5920.00   2.4972e-19
5922.00   2.2467e-18
5924.00   1.5834e-17
5926.00   2.1244e-18
5928.00   6.4254e-22
5930.00   1.7998e-19
5932.00   2.5704e-17
5934.00   1.1470e-20
5936.00   2.0537e-23
5938.00   8.7541e-21
5940.00   1.9926e-20
5942.00   1.6622e-19
5944.00   9.7089e-19
5946.00   7.9573e-19
5948.00   4.7819e-19
5950.00   2.8562e-20
5952.00   2.7007e-17
5954.00   5.4494e-22
5956.00   1.5374e-17
5958.00   2.3459e-21
5960.00   1.7656e-20
5962.00   6.9952e-18
5964.00   1.5220e-19
5966.00   1.0666e-22
5968.00   3.8009e-18
5970.00   6.5195e-19
5972.00   1.0451e-19
5974.00   3.3341e-20
5976.00   6.4575e-20
5978.00   9.2868e-22
5980.00   2.3170e-21
5982.00   5.3449e-18
5984.00   4.7126e-19
5986.00   3.7664e-18
5988.00   2.6007e-20
5990.00   9.1182e-21
5992.00   4.9190e-16
5994.00   4.5080e-18
5996.00   5.7161e-20
5998.00   1.3117e-19
6000.00   1.0651e-21
6002.00   1.1914e-20
6004.00   1.9305e-18
6006.00   5.8532e-18
6008.00   2.9984e-21
6010.00   2.8555e-20
6012.00   2.1221e-20
6014.00   4.2036e-19
6016.00   3.4955e-18
6018.00   3.1738e-18
6020.00   7.4786e-22
6022.00   1.8263e-17
6024.00   1.2336e-19
6026.00   6.1951e-23
6028.00   6.8149e-20
6030.00   6.3529e-21
6032.00   9.5103e-19
6034.00   7.1846e-19
6036.00   3.7347e-19
6038.00   2.1155e-21
6040.00   1.4667e-18
6042.00   4.0751e-20
6044.00   6.8812e-17
6046.00   5.3285e-18
6048.00   3.6679e-18
6050.00   3.0034e-17
6052.00   1.0391e-20
6054.00   3.3179e-20
6056.00   5.8359e-23
6058.00   4.4165e-20
6060.00   9.6502e-18
6062.00   7.0651e-20
6064.00   3.1235e-19
6066.00   3.1358e-24
6068.00   2.8265e-18
6070.00   9.3522e-19
6072.00   6.6599e-20
6074.00   4.2799e-19
6076.00   7.4024e-20
6078.00   7.6613e-17
6080.00   3.7854e-19
6082.00   7.6478e-23
6084.00   1.5661e-16
6086.00   2.0007e-20
6088.00   4.2587e-18
6090.00   4.0184e-23
6092.00   3.0158e-20
6094.00   1.0192e-19
6096.00   6.9163e-20
6098.00   1.0113e-20
6100.00   1.3385e-19
6102.00   1.0111e-23
6104.00   7.9898e-18
6106.00   2.3460e-19
6108.00   8.8053e-20
6110.00   5.6837e-25
6112.00   2.5347e-21
6114.00   7.8930e-17
6116.00   1.8595e-17
6118.00   4.7167e-19
6120.00   1.2200e-18
6122.00   4.7614e-19
6124.00   6.6792e-23
6126.00   1.4495e-20
6128.00   4.4030e-25
6130.00   5.3738e-17
6132.00   2.4476e-20
6134.00   5.3257e-19
6136.00   1.7274e-20
6138.00   4.1514e-22
6140.00   8.3552e-22
6142.00   1.0563e-17
6144.00   2.5712e-21
6146.00   5.2201e-20
6148.00   3.8244e-16
6150.00   3.8898e-16
6152.00   9.0416e-20
6154.00   3.3564e-18
6156.00   5.0447e-18
6158.00   1.0107e-18
6160.00   5.0351e-19
6162.00   1.1661e-21
6164.00   7.7302e-19
6166.00   1.2276e-18
6168.00   1.1830e-20
6170.00   1.1173e-20
6172.00   1.5367e-16
6174.00   9.2347e-20
6176.00   1.4070e-17
6178.00   9.3193e-19
6180.00   2.6913e-17
6182.00   5.4215e-22
6184.00   1.8073e-18
6186.00   5.7904e-17
6188.00   9.7857e-18
6190.00   8.9015e-20
6192.00   7.8016e-20
6194.00   4.9677e-22
6196.00   3.2853e-18
6198.00   1.4090e-19
6200.00   2.2636e-17
6202.00   2.3592e-18
6204.00   3.8647e-19
6206.00   8.9236e-22
6208.00   2.5679e-20
6210.00   3.8360e-21
6212.00   1.8561e-24
6214.00   1.7533e-19
6216.00   3.4483e-21
6218.00   1.1614e-18
6220.00   7.7774e-18
6222.00   1.8283e-18
6224.00   1.1797e-21
6226.00   3.3527e-25
6228.00   1.8086e-19
6230.00   2.4284e-17
6232.00   6.4507e-19
6234.00   3.4845e-16
6236.00   4.5431e-19
6238.00   5.6322e-16
6240.00   1.2821e-16
6242.00   5.2864e-21
6244.00   1.5526e-18
6246.00   6.0540e-21
6248.00   1.4212e-15
6250.00   1.6661e-24
6252.00   7.7931e-21
6254.00   6.5283e-21
6256.00   3.5072e-18
6258.00   9.8853e-20
6260.00   2.6338e-19
6262.00   2.3726e-18
6264.00   1.6034e-17
6266.00   4.1895e-20
6268.00   1.7363e-20
6270.00   1.6351e-18
6272.00   3.9233e-20
6274.00   1.0931e-18
6276.00   1.1651e-18
6278.00   1.9742e-21
6280.00   1.5161e-17
6282.00   1.0961e-20
6284.00   3.4439e-23
6286.00   5.6803e-23
6288.00   1.5567e-21
6290.00   1.1223e-17
6292.00   1.6919e-20
6294.00   2.2302e-19
6296.00   1.0971e-21
6298.00   6.4269e-20
6300.00   3.5169e-20
6302.00   1.3658e-19
6304.00   3.0280e-20
6306.00   1.4973e-17
6308.00   2.8080e-17
6310.00   6.3776e-19
6312.00   4.5646e-23
6314.00   1.0211e-20
6316.00   1.2635e-18
6318.00   3.0141e-15
6320.00   3.7255e-17
6322.00   5.0561e-18
6324.00   1.1113e-22
6326.00   1.5740e-18
6328.00   1.5138e-19
6330.00   2.7391e-20
6332.00   7.0664e-18
6334.00   1.3372e-23
6336.00   7.5230e-21
6338.00   5.1178e-17
6340.00   5.0585e-19
6342.00   7.9002e-20
6344.00   3.5457e-20
6346.00   2.1406e-18
6348.00   3.8609e-17
6350.00   1.1756e-18
6352.00   7.9155e-25
6354.00   4.8321e-18
6356.00   9.8612e-20
6358.00   2.9608e-19
6360.00   3.1746e-18
6362.00   4.3306e-19
6364.00   5.7182e-19
6366.00   1.7707e-20
6368.00   3.1630e-24
6370.00   2.0795e-16
6372.00   4.3446e-16
6374.00   1.0177e-20
6376.00   7.6203e-23
6378.00   1.4741e-20
6380.00   1.9701e-18
6382.00   8.9801e-20
6384.00   1.5486e-15
6386.00   3.6157e-16
6388.00   2.7775e-18
6390.00   9.6561e-21
6392.00   6.4636e-20
6394.00   3.0477e-19
6396.00   2.3376e-18
6398.00   3.3516e-18
6400.00   3.6730e-19
6402.00   1.8681e-17
6404.00   9.1167e-19
6406.00   2.7073e-20
6408.00   6.0920e-17
6410.00   1.1461e-18
6412.00   2.0838e-20
6414.00   1.5601e-23
6416.00   5.8714e-16
6418.00   1.3519e-19
6420.00   1.9978e-20
6422.00   4.0973e-20
6424.00   5.0572e-19
6426.00   2.6900e-22
6428.00   1.6943e-18
6430.00   1.6819e-21
6432.00   9.2392e-16
6434.00   1.2145e-18
6436.00   6.3593e-20
6438.00   7.3387e-23
6440.00   8.8957e-18
6442.00   1.6597e-16
6444.00   3.5361e-20
6446.00   1.0204e-17
6448.00   4.2045e-24
6450.00   2.1278e-21
6452.00   2.5623e-19
6454.00   6.9984e-20
6456.00   3.0782e-15
6458.00   1.6976e-21
6460.00   3.4774e-22
6462.00   6.2903e-21
6464.00   1.1775e-23
6466.00   1.5727e-17
6468.00   1.0801e-19
6470.00   2.2193e-22
6472.00   2.3622e-20
6474.00   7.2661e-18
6476.00   9.0692e-25
6478.00   1.6677e-25
6480.00   1.3351e-19
6482.00   1.9807e-17
6484.00   6.6548e-19
6486.00   2.4589e-17
6488.00   5.4098e-19
6490.00   4.1389e-23
6492.00   3.9667e-16
6494.00   7.2428e-16
6496.00   8.0344e-21
6498.00   9.4544e-22
6500.00   1.7664e-21
6502.00   3.5425e-22
6504.00   2.5935e-21
6506.00   5.5723e-17
6508.00   3.3235e-16
6510.00   4.7526e-19
6512.00   5.9776e-19
6514.00   4.8774e-20
6516.00   2.0703e-15
6518.00   2.9589e-16
6520.00   2.7672e-19
6522.00   2.9964e-21
6524.00   1.9834e-20
6526.00   1.0869e-22
6528.00   1.7230e-17
6530.00   6.6189e-19
6532.00   6.7165e-17
6534.00   8.5905e-19
6536.00   3.1050e-22
6538.00   1.2238e-19
6540.00   5.2131e-20
6542.00   1.8648e-21
6544.00   2.8686e-19
6546.00   1.5985e-26
6548.00   7.0493e-20
6550.00   6.0148e-19
6552.00   3.0597e-21
6554.00   2.0172e-20
6556.00   1.5959e-19
6558.00   5.7530e-18
6560.00   1.8397e-18
6562.00   3.1404e-16
6564.00   3.8234e-22
6566.00   1.0489e-19
6568.00   9.2422e-23
6570.00   1.1598e-18
6572.00   3.5620e-17
6574.00   8.2748e-18
6576.00   1.7675e-24
6578.00   6.4751e-20
6580.00   1.2554e-19
6582.00   3.7070e-17
6584.00   1.4411e-19
6586.00   3.9387e-16
6588.00   2.6829e-18
6590.00   9.3659e-24
6592.00   1.7455e-19
6594.00   1.4891e-18
6596.00   1.8546e-17
6598.00   3.2435e-18
6600.00   1.9007e-18
6602.00   2.0024e-19
6604.00   2.9258e-20
6606.00   1.6984e-20
6608.00   7.3784e-21
6610.00   8.5809e-18
6612.00   8.6989e-18
6614.00   7.6988e-18
6616.00   1.2720e-20
6618.00   3.4717e-17
6620.00   2.6959e-23
6622.00   1.1455e-21
6624.00   1.9207e-16
6626.00   4.1474e-20
6628.00   9.2404e-19
6630.00   9.5189e-26
6632.00   2.4884e-19
6634.00   6.7040e-20
6636.00   1.0218e-24
6638.00   2.4085e-19
6640.00   6.8367e-20
6642.00   5.9462e-20
6644.00   5.4640e-21
6646.00   5.2536e-25
6648.00   4.5741e-23
6650.00   2.5185e-18
6652.00   6.7163e-17
6654.00   4.2069e-20
6656.00   6.6153e-19
6658.00   2.4629e-18
6660.00   1.0953e-19
6662.00   5.2257e-19
6664.00   3.1650e-21
6666.00   3.7226e-17
6668.00   8.2080e-19
6670.00   1.1706e-19
6672.00   3.4148e-19
6674.00   4.0619e-20
6676.00   1.1918e-21
6678.00   1.6713e-18
6680.00   1.6375e-18
6682.00   1.5756e-17
6684.00   8.8334e-22
6686.00   5.8886e-21
6688.00   7.7400e-20
6690.00   1.7838e-18
6692.00   5.5769e-20
6694.00   1.1938e-18
6696.00   5.8656e-24
6698.00   6.4395e-20
6700.00   2.7614e-18
6702.00   3.5646e-20
6704.00   1.3894e-17
6706.00   5.1936e-19
6708.00   1.2937e-23
6710.00   5.7043e-20
6712.00   2.1343e-22
6714.00   5.8828e-20
6716.00   2.6860e-22
6718.00   2.2338e-22
6720.00   4.4350e-20
6722.00   7.4827e-23
6724.00   3.1549e-19
6726.00   3.3449e-22
6728.00   1.2652e-25
6730.00   3.0155e-17
6732.00   2.2244e-19
6734.00   2.3669e-23
6736.00   8.7649e-21
6738.00   1.7895e-24
6740.00   2.5920e-24
6742.00   4.7949e-21
6744.00   4.7763e-19
6746.00   3.7486e-19
6748.00   2.5805e-21
6750.00   1.8618e-18
6752.00   2.1676e-23
6754.00   1.9025e-20
6756.00   7.5854e-22
6758.00   2.5253e-19
6760.00   3.5744e-20
6762.00   3.4778e-21
6764.00   2.8808e-19
6766.00   1.1186e-19
6768.00   1.4914e-17
6770.00   1.5937e-20
6772.00   1.9248e-20
6774.00   4.3631e-22
6776.00   9.5504e-18
6778.00   9.3806e-22
6780.00   6.8326e-21
6782.00   1.5548e-21
6784.00   1.5919e-23
6786.00   6.7470e-20
6788.00   5.6043e-19
6790.00   3.0501e-21
6792.00   1.1871e-19
6794.00   1.2909e-19
6796.00   1.4665e-19
6798.00   1.4053e-20
6800.00   3.9684e-18
6802.00   5.1560e-20
6804.00   8.4110e-20
6806.00   1.4915e-22
6808.00   2.5100e-26
6810.00   1.8964e-18
6812.00   6.5279e-20
6814.00   9.0793e-20
6816.00   8.6441e-19
6818.00   1.1117e-21
6820.00   2.7751e-18
6822.00   7.3843e-18
6824.00   1.3911e-20
6826.00   4.9578e-19
6828.00   3.0785e-20
6830.00   4.7419e-19
6832.00   1.4386e-18
6834.00   5.1488e-20
6836.00   7.2102e-25
6838.00   1.5565e-18
6840.00   1.3291e-19
6842.00   2.2114e-23
6844.00   2.1734e-20
6846.00   3.9595e-21
6848.00   8.3466e-21
6850.00   6.8813e-21
6852.00   8.5612e-22
6854.00   4.2986e-25
6856.00   3.0136e-17
6858.00   1.9971e-20
6860.00   9.9167e-21
6862.00   4.0704e-17
6864.00   8.5699e-20
6866.00   1.5323e-17
6868.00   1.3148e-20
6870.00   9.3564e-19
6872.00   2.4028e-18
6874.00   1.4095e-17
6876.00   3.2277e-21
6878.00   4.2712e-18
6880.00   6.9870e-25
6882.00   2.2589e-20
6884.00   1.2518e-22
6886.00   2.6922e-20
6888.00   2.3524e-21
6890.00   3.2830e-19
6892.00   1.7906e-19
6894.00   1.8785e-22
6896.00   3.2453e-18
6898.00   1.8161e-26
6900.00   3.6484e-26
6902.00   1.1397e-20
6904.00   6.0451e-25
6906.00   6.5578e-19
6908.00   1.2181e-18
6910.00   4.0918e-22
6912.00   1.6132e-18
6914.00   1.1927e-18
6916.00   3.1715e-20
6918.00   4.6250e-20
6920.00   3.2387e-26
6922.00   2.1759e-20
6924.00   2.2631e-17
6926.00   3.5302e-18
6928.00   3.0000e-21
6930.00   3.4154e-19
6932.00   2.8323e-19
6934.00   2.0756e-19
6936.00   3.2592e-21
6938.00   1.4020e-21
6940.00   1.4178e-19
6942.00   1.7901e-18
6944.00   5.3871e-18
6946.00   2.9717e-18
6948.00   4.2970e-19
6950.00   6.1302e-19
6952.00   4.4054e-22
6954.00   4.1508e-24
6956.00   1.6308e-23
6958.00   2.8936e-19
6960.00   1.0428e-19
6962.00   1.1181e-19
6964.00   3.9962e-19
6966.00   1.3161e-18
6968.00   1.1112e-21
6970.00   1.3765e-20
6972.00   3.3415e-21
6974.00   9.0912e-21
6976.00   8.2326e-22
6978.00   3.4533e-18
6980.00   1.2629e-21
6982.00   2.9315e-21
6984.00   5.7438e-21
6986.00   2.8659e-20
6988.00   1.2771e-21
6990.00   1.2318e-19
6992.00   5.8363e-20
6994.00   1.2169e-17
6996.00   2.2868e-17
6998.00   5.6261e-22
7000.00   3.3588e-18
7002.00   1.5769e-19
7004.00   3.6485e-21
7006.00   2.7577e-22
7008.00   2.2969e-20
7010.00   8.1468e-19
7012.00   8.8170e-19
7014.00   1.6170e-20
7016.00   2.3102e-19
7018.00   4.2621e-19
7020.00   7.9739e-22
7022.00   1.2852e-19
7024.00   5.8535e-22
7026.00   2.4138e-22
7028.00   1.1253e-23
7030.00   7.8905e-20
7032.00   1.8134e-19
7034.00   4.2047e-20
7036.00   7.8331e-21
7038.00   7.0919e-20
7040.00   1.2383e-20
7042.00   1.0833e-20
7044.00   4.8171e-23
7046.00   9.0111e-21
7048.00   1.2612e-18
7050.00   3.1872e-26
7052.00   1.0319e-21
7054.00   4.2045e-18
7056.00   3.2000e-24
7058.00   4.2289e-20
7060.00   5.1626e-19
7062.00   1.9276e-24
7064.00   2.8175e-19
7066.00   4.1182e-21
7068.00   3.9501e-19
7070.00   3.1237e-22
7072.00   5.4880e-24
7074.00   5.2502e-20
7076.00   4.6701e-19
7078.00   1.7509e-19
7080.00   1.0359e-20
7082.00   9.0934e-20
7084.00   7.3794e-20
7086.00   2.3832e-24
7088.00   2.8131e-18
7090.00   2.0864e-19
7092.00   1.3182e-19
7094.00   2.4150e-20
7096.00   5.3746e-23
7098.00   1.1988e-18
7100.00   1.8157e-21
7102.00   7.2992e-22
7104.00   1.9271e-18
7106.00   1.3140e-19
7108.00   1.5035e-21
7110.00   9.2101e-17
7112.00   1.1970e-18
7114.00   2.2438e-18
7116.00   2.3163e-19
7118.00   2.1304e-18
7120.00   6.2392e-23
7122.00   4.8418e-24
7124.00   3.6385e-19
7126.00   4.6894e-23
7128.00   3.6027e-19
7130.00   4.2505e-19
7132.00   1.5654e-18
7134.00   2.5783e-20
7136.00   4.5882e-18
7138.00   6.8910e-21
7140.00   1.8143e-19
7142.00   5.2062e-23
7144.00   1.3263e-23
7146.00   1.7730e-19
7148.00   6.1809e-20
7150.00   4.9631e-19
7152.00   1.0233e-19
7154.00   6.9240e-23
7156.00   1.2551e-16
7158.00   6.7973e-20
7160.00   5.4961e-24
7162.00   6.7801e-19
7164.00   2.9115e-18
7166.00   5.0255e-21
7168.00   1.5453e-18
7170.00   3.5193e-19
7172.00   3.3372e-17
7174.00   5.8125e-21
7176.00   4.6190e-25
7178.00   3.3298e-20
7180.00   2.3558e-17
7182.00   3.7026e-18
7184.00   5.9112e-17
7186.00   1.1261e-19
7188.00   2.2125e-24
7190.00   5.0718e-21
7192.00   1.6066e-17
7194.00   4.0935e-18
7196.00   8.4369e-22
7198.00   1.5957e-21
7200.00   5.2024e-20
7202.00   8.5227e-20
7204.00   2.3237e-19
7206.00   7.1346e-19
7208.00   3.4352e-24
7210.00   7.7619e-23
7212.00   1.3303e-18
7214.00   1.6781e-19
7216.00   1.7311e-18
7218.00   4.8342e-20
7220.00   3.3835e-27
7222.00   1.1847e-16
7224.00   1.3057e-16
7226.00   8.3776e-19
7228.00   3.3851e-21
7230.00   1.8194e-20
7232.00   1.6472e-22
7234.00   1.2001e-20
7236.00   1.3853e-22
7238.00   1.4752e-19
7240.00   5.1118e-20
7242.00   7.3379e-21
7244.00   1.6059e-19
7246.00   7.9521e-19
7248.00   7.1690e-20
7250.00   6.9777e-19
7252.00   1.5245e-23
7254.00   1.7516e-17
7256.00   1.2672e-26
7258.00   3.3203e-23
7260.00   4.1884e-21
7262.00   1.7795e-19
7264.00   6.4448e-18
7266.00   1.2474e-17
7268.00   4.3769e-19
7270.00   4.4260e-22
7272.00   2.4253e-26
7274.00   7.6660e-18
7276.00   2.8651e-19
7278.00   3.1143e-18
7280.00   8.1861e-19
7282.00   2.4540e-18
7284.00   2.4489e-22
7286.00   1.0352e-19
7288.00   7.5436e-18
7290.00   1.1271e-17
7292.00   1.8090e-22
7294.00   2.0394e-20
7296.00   2.0501e-22
7298.00   4.2942e-21
7300.00   9.6770e-20
7302.00   8.5628e-17
7304.00   3.4844e-19
7306.00   2.5910e-18
7308.00   2.2710e-16
7310.00   1.3839e-16
7312.00   3.4593e-21
7314.00   2.6983e-21
7316.00   2.6985e-20
7318.00   3.5801e-18
7320.00   1.5239e-16
7322.00   3.4526e-18
7324.00   2.4059e-20
7326.00   2.0043e-22
7328.00   1.3358e-19
7330.00   1.2780e-19
7332.00   2.3541e-19
7334.00   1.2149e-18
7336.00   1.3290e-16
7338.00   5.4578e-24
7340.00   7.4024e-28
7342.00   3.2098e-21
7344.00   8.7051e-23
7346.00   5.8205e-22
7348.00   3.3196e-25
7350.00   9.8085e-19
7352.00   1.6445e-17
7354.00   1.3717e-19
7356.00   1.0582e-21
7358.00   3.3151e-19
7360.00   4.1144e-21
7362.00   5.8079e-20
7364.00   2.4109e-22
7366.00   2.6956e-20
7368.00   1.6640e-21
7370.00   1.2404e-18
7372.00   1.9834e-22
7374.00   3.7020e-22
7376.00   1.2755e-25
7378.00   1.2890e-21
7380.00   8.0601e-20
7382.00   1.2064e-20
7384.00   2.3568e-23
7386.00   8.7298e-20
7388.00   2.4635e-17
7390.00   1.2450e-20
7392.00   4.4298e-23
7394.00   1.8557e-21
7396.00   2.0493e-21
7398.00   1.0478e-19
7400.00   3.0020e-18
7402.00   1.1465e-17
7404.00   5.3316e-25
7406.00   3.2680e-20
7408.00   5.5533e-20
7410.00   7.2321e-17
7412.00   1.0409e-20
7414.00   2.8686e-19
7416.00   3.2684e-20
7418.00   5.2264e-17
7420.00   4.5045e-18
7422.00   1.5470e-19
7424.00   3.6648e-18
7426.00   7.6467e-19
7428.00   6.5485e-21
7430.00   1.7096e-18
7432.00   1.9391e-19
7434.00   6.4771e-21
7436.00   4.3698e-19
7438.00   8.8322e-21
7440.00   1.4823e-20
7442.00   2.9000e-20
7444.00   4.5567e-26
7446.00   2.7423e-18
7448.00   2.4703e-25
7450.00   2.3442e-16
7452.00   3.8793e-17
7454.00   7.0568e-18
7456.00   3.2094e-19
7458.00   2.3402e-22
7460.00   1.2722e-22
7462.00   5.6643e-16
7464.00   2.2163e-21
7466.00   1.9112e-17
7468.00   6.9435e-24
7470.00   1.6098e-21
7472.00   3.5923e-21
7474.00   2.0821e-22
7476.00   3.6046e-21
7478.00   1.0602e-23
7480.00   4.8625e-18
7482.00   8.0194e-19
7484.00   9.8798e-26
7486.00   3.3537e-19
7488.00   5.2648e-19
7490.00   7.6116e-22
7492.00   2.3986e-20
7494.00   7.7485e-23
7496.00   4.8670e-21
7498.00   5.1173e-20
7500.00   3.2334e-19
7502.00   2.3117e-19
7504.00   6.7289e-19
7506.00   3.8251e-20
7508.00   7.3977e-23
7510.00   1.8555e-21
7512.00   1.4444e-24
7514.00   4.0821e-20
7516.00   6.0803e-16
7518.00   4.2035e-20
7520.00   8.8701e-17
7522.00   7.6072e-22
7524.00   4.2492e-20
7526.00   3.4236e-20
7528.00   7.7709e-22
7530.00   1.1116e-21
7532.00   5.7225e-20
7534.00   1.8258e-16
7536.00   9.5326e-24
7538.00   7.4662e-23
7540.00   1.5060e-19
7542.00   3.0064e-21
7544.00   1.0555e-19
7546.00   5.8795e-25
7548.00   5.3419e-20
7550.00   5.7029e-22
7552.00   5.1921e-20
7554.00   2.9274e-19
7556.00   4.2919e-21
7558.00   1.4328e-20
7560.00   5.8684e-20
7562.00   5.6451e-20
7564.00   2.4734e-19
7566.00   2.0866e-20
7568.00   3.4148e-19
7570.00   1.5858e-21
7572.00   5.3681e-21
7574.00   1.8023e-26
7576.00   4.1567e-19
7578.00   5.9604e-24
7580.00   7.3797e-17
7582.00   1.8506e-20
7584.00   2.5774e-18
7586.00   5.2801e-21
7588.00   2.2589e-20
7590.00   1.3647e-25
7592.00   6.6039e-22
7594.00   3.3816e-21
7596.00   1.7396e-20
7598.00   1.1160e-18
7600.00   1.8164e-18
7602.00   1.3857e-20
7604.00   7.4991e-21
7606.00   3.6126e-20
7608.00   4.4746e-23
7610.00   3.7993e-19
7612.00   5.6155e-26
7614.00   9.3781e-19
7616.00   1.8667e-19
7618.00   2.8335e-17
7620.00   2.4955e-19
7622.00   2.5864e-20
7624.00   6.2113e-23
7626.00   9.2215e-22
7628.00   9.0670e-27
7630.00   1.7763e-21
7632.00   5.3581e-21
7634.00   1.4243e-20
7636.00   4.5085e-23
7638.00   4.3163e-18
7640.00   1.6411e-20
7642.00   2.3196e-19
7644.00   1.5034e-20
7646.00   6.7394e-18
7648.00   4.5271e-17
7650.00   1.7876e-20
7652.00   6.1560e-22
7654.00   1.0657e-18
7656.00   2.8910e-16
7658.00   2.7047e-16
7660.00   8.8268e-17
7662.00   6.7936e-24
7664.00   5.4219e-22
7666.00   1.5762e-18
7668.00   4.5793e-21
7670.00   9.0465e-23
7672.00   3.1141e-17
7674.00   1.6393e-20
7676.00   3.3454e-19
7678.00   1.0563e-19
7680.00   8.2107e-26
7682.00   1.9092e-24
7684.00   3.9851e-23
7686.00   1.0136e-16
7688.00   1.2472e-19
7690.00   6.3975e-19
7692.00   5.1328e-20
7694.00   1.0280e-17
7696.00   1.4086e-21
7698.00   3.1165e-18
7700.00   7.5064e-19
7702.00   9.7005e-20
7704.00   3.9578e-25
7706.00   6.2148e-20
7708.00   1.1380e-19
7710.00   3.7360e-19
7712.00   1.5782e-15
7714.00   1.2752e-19
7716.00   2.5803e-19
7718.00   1.8764e-23
7720.00   1.0639e-18
7722.00   1.9515e-23
7724.00   7.6940e-20
7726.00   2.6788e-22
7728.00   2.8802e-23
7730.00   1.2082e-19
7732.00   3.7823e-21
7734.00   4.1491e-19
7736.00   6.5867e-23
7738.00   2.5878e-17
7740.00   7.1221e-19
7742.00   1.3563e-18
7744.00   1.3539e-22
7746.00   3.0436e-20
7748.00   1.7942e-20
7750.00   3.6078e-24
7752.00   1.8052e-22
7754.00   2.4602e-23
7756.00   3.0024e-22
7758.00   5.4006e-19
7760.00   9.9402e-24
7762.00   2.7944e-19
7764.00   4.9248e-18
7766.00   5.2856e-20
7768.00   8.1799e-24
7770.00   3.6471e-28
7772.00   9.9446e-23
7774.00   1.6115e-18
7776.00   7.4002e-24
7778.00   9.3370e-18
7780.00   2.9851e-23
7782.00   7.5566e-23
7784.00   5.0799e-19
7786.00   1.3353e-23
7788.00   1.0578e-19
7790.00   2.8220e-21
7792.00   2.7632e-19
7794.00   1.8558e-19
7796.00   1.7018e-25
7798.00   2.8678e-18
7800.00   3.6498e-26
7802.00   1.0444e-16
7804.00   2.0819e-19
7806.00   3.8494e-18
7808.00   1.0609e-18
7810.00   4.1536e-22
7812.00   6.3860e-21
7814.00   2.0758e-18
7816.00   4.9545e-20
7818.00   2.4887e-19
7820.00   2.9059e-19
7822.00   5.8284e-23
7824.00   4.7690e-20
7826.00   3.6747e-20
7828.00   5.6912e-23
7830.00   1.9926e-17
7832.00   6.4154e-18
7834.00   5.4617e-19
7836.00   8.2412e-17
7838.00   2.7594e-19
7840.00   1.2648e-18
7842.00   3.1707e-17
7844.00   1.9012e-19
7846.00   1.2146e-19
7848.00   3.2754e-19
7850.00   3.8377e-25
7852.00   1.0067e-19
7854.00   9.9287e-22
7856.00   3.1288e-20
7858.00   6.7062e-25
7860.00   2.6660e-19
7862.00   3.2338e-19
7864.00   4.1160e-23
7866.00   5.8243e-17
7868.00   4.7772e-22
7870.00   9.6728e-20
7872.00   9.8382e-19
7874.00   3.1035e-19
7876.00   2.9701e-23
7878.00   2.0074e-22
7880.00   3.5249e-22
7882.00   9.4749e-19
7884.00   7.5427e-23
7886.00   1.8383e-18
7888.00   2.4949e-22
7890.00   1.2339e-23
7892.00   2.1332e-19
7894.00   6.3338e-18
7896.00   1.7204e-19
7898.00   4.1351e-17
7900.00   3.6471e-18
7902.00   5.1852e-23
7904.00   6.6260e-20
7906.00   9.5272e-20
7908.00   2.8593e-23
7910.00   4.7099e-25
7912.00   1.0832e-21
7914.00   1.0894e-17
7916.00   1.0406e-20
7918.00   8.6383e-17
7920.00   2.7285e-27
7922.00   4.0991e-19
7924.00   7.2843e-27
7926.00   5.5134e-19
7928.00   1.8379e-22
7930.00   2.8011e-19
7932.00   6.4130e-20
7934.00   1.7170e-19
7936.00   4.6930e-23
7938.00   8.1935e-18
7940.00   5.0881e-21
7942.00   1.8453e-19
7944.00   4.5223e-27
7946.00   1.0286e-20
7948.00   5.5683e-18
7950.00   4.2826e-22
7952.00   1.7986e-19
7954.00   9.7488e-20
7956.00   3.7759e-19
7958.00   2.4228e-20
7960.00   6.1124e-27
7962.00   1.4830e-23
7964.00   3.8334e-24
7966.00   3.5960e-21
7968.00   2.4033e-19
7970.00   5.5215e-19
7972.00   6.5291e-22
7974.00   6.2035e-19
7976.00   2.5214e-17
7978.00   3.4527e-19
7980.00   1.4485e-20
7982.00   6.9431e-17
7984.00   3.5828e-21
7986.00   1.2456e-19
7988.00   4.3906e-20
7990.00   7.3874e-22
7992.00   3.4867e-22
7994.00   5.4262e-20
7996.00   2.4811e-18
7998.00   7.0820e-20
8000.00   5.8123e-21
8002.00   1.1994e-21
8004.00   5.1714e-21
8006.00   8.7641e-22
8008.00   6.1301e-19
8010.00   1.0599e-21
8012.00   1.8130e-18
8014.00   5.9082e-20
8016.00   7.6084e-20
8018.00   9.4853e-19
8020.00   1.0240e-22
8022.00   8.7641e-21
8024.00   3.9324e-20
8026.00   9.2288e-23
8028.00   8.2879e-21
8030.00   2.0519e-17
8032.00   4.0549e-18
8034.00   1.2805e-22
8036.00   1.0161e-18
8038.00   5.2931e-18
8040.00   7.0988e-23
8042.00   1.9278e-18
8044.00   8.1000e-20
8046.00   1.4471e-26
8048.00   4.9466e-21
8050.00   1.1323e-20
8052.00   3.3514e-20
8054.00   2.6734e-17
8056.00   1.4695e-26
8058.00   5.8609e-23
8060.00   5.4604e-18
8062.00   6.7137e-21
8064.00   3.8416e-18
8066.00   1.0721e-23
8068.00   4.5905e-20
8070.00   1.1513e-19
8072.00   3.2494e-25
8074.00   1.5371e-18
8076.00   1.1002e-17
8078.00   3.4737e-20
8080.00   8.3008e-19
8082.00   1.4660e-25
8084.00   2.1898e-17
8086.00   4.1064e-19
8088.00   5.4615e-23
8090.00   1.6763e-20
8092.00   1.4086e-18
8094.00   7.8114e-20
8096.00   5.8329e-19
8098.00   5.0745e-21
8100.00   2.3371e-27
8102.00   1.3515e-22
8104.00   5.9643e-19
8106.00   6.9010e-20
8108.00   1.8643e-18
8110.00   3.8874e-22
8112.00   1.2428e-20
8114.00   9.9924e-21
8116.00   6.2552e-26
8118.00   1.0389e-19
8120.00   7.8265e-19
8122.00   6.7820e-20
8124.00   1.3587e-18
8126.00   5.2668e-20
8128.00   5.8818e-20
8130.00   7.5498e-20
8132.00   2.6241e-19
8134.00   4.2990e-23
8136.00   1.7278e-17
8138.00   1.1453e-25
8140.00   9.0065e-21
8142.00   6.1194e-21
8144.00   3.7198e-20
8146.00   1.6074e-20
8148.00   5.7028e-18
8150.00   5.9999e-23
8152.00   1.7897e-18
8154.00   1.4418e-21
8156.00   9.7785e-21
8158.00   6.2301e-19
8160.00   1.7291e-17
8162.00   1.1963e-24
8164.00   9.2919e-20
8166.00   1.1577e-24
8168.00   9.6733e-19
8170.00   3.2947e-22
8172.00   4.5238e-19
8174.00   3.8834e-19
8176.00   1.3292e-26
8178.00   2.2361e-20
8180.00   2.7999e-24
8182.00   1.3746e-20
8184.00   1.8424e-20
8186.00   3.9599e-20
8188.00   3.7285e-24
8190.00   3.5074e-19
8192.00   3.2887e-20
8194.00   3.2261e-20
8196.00   1.6051e-22
8198.00   3.3210e-19
8200.00   9.8155e-21
8202.00   1.6988e-19
8204.00   1.9998e-19
8206.00   2.4043e-19
8208.00   1.1791e-17
8210.00   1.1945e-17
8212.00   1.2811e-18
8214.00   1.3324e-21
8216.00   6.0256e-19
8218.00   2.0913e-20
8220.00   2.2286e-21
8222.00   9.8959e-18
8224.00   2.2003e-23
8226.00   4.1428e-23
8228.00   3.3529e-16
8230.00   9.4564e-21
8232.00   9.8297e-22
8234.00   2.7313e-19
8236.00   1.0919e-24
8238.00   1.3557e-18
8240.00   4.1698e-20
8242.00   3.5892e-19
8244.00   1.5206e-24
8246.00   2.2920e-19
8248.00   2.5844e-18
8250.00   6.2888e-17
8252.00   5.3834e-20
8254.00   1.5367e-20
8256.00   7.9121e-21
8258.00   1.1912e-18
8260.00   5.2070e-18
8262.00   6.7652e-20
8264.00   7.4130e-18
8266.00   1.6809e-21
8268.00   3.2722e-23
8270.00   9.7922e-22
8272.00   9.4527e-21
8274.00   2.7862e-19
8276.00   6.1123e-19
8278.00   7.6394e-20
8280.00   8.0990e-22
8282.00   3.4033e-20
8284.00   2.7403e-17
8286.00   1.1968e-21
8288.00   3.5455e-16
8290.00   6.4972e-18
8292.00   5.8155e-23
8294.00   3.0290e-19
8296.00   5.9583e-20
8298.00   8.0760e-21
8300.00   7.9375e-18
8302.00   9.8371e-18
8304.00   3.0946e-19
8306.00   4.3665e-17
8308.00   2.3964e-19
8310.00   1.5798e-17
8312.00   2.3640e-21
8314.00   1.0134e-20
8316.00   3.8870e-20
8318.00   8.8978e-26
8320.00   2.1401e-21
8322.00   1.7615e-18
8324.00   2.1148e-19
8326.00   2.4104e-27
8328.00   1.5445e-21
8330.00   3.5185e-19
8332.00   2.9131e-22
8334.00   3.9048e-20
8336.00   1.1692e-21
8338.00   2.8313e-19
8340.00   1.9629e-18
8342.00   5.7547e-21
8344.00   2.8622e-19
8346.00   9.3756e-20
8348.00   8.9632e-21
8350.00   2.6860e-23
8352.00   2.9949e-19
8354.00   6.0721e-21
8356.00   2.4937e-19
8358.00   1.9951e-16
8360.00   1.7735e-21
8362.00   1.4545e-25
8364.00   1.8859e-23
8366.00   3.9330e-19
8368.00   2.5879e-17
8370.00   1.2982e-24
8372.00   3.8564e-18
8374.00   2.6519e-20
8376.00   5.2353e-19
8378.00   2.6358e-19
8380.00   2.6042e-25
8382.00   1.0069e-18
8384.00   8.5689e-27
8386.00   3.8915e-17
8388.00   1.6650e-19
8390.00   9.4563e-20
8392.00   1.9198e-19
8394.00   6.0021e-26
8396.00   2.5031e-19
8398.00   3.9033e-18
8400.00   1.1983e-21
8402.00   8.7269e-23
8404.00   1.3351e-17
8406.00   3.2157e-20
8408.00   1.8665e-19
8410.00   1.1656e-20
8412.00   1.5422e-19
8414.00   3.5550e-19
8416.00   2.6600e-19
8418.00   1.2134e-22
8420.00   8.4382e-18
8422.00   1.7194e-21
8424.00   1.5471e-16
8426.00   2.2876e-26
8428.00   2.8285e-21
8430.00   2.8890e-22
8432.00   5.0393e-20
8434.00   7.3850e-20
8436.00   7.5490e-19
8438.00   5.3871e-20
8440.00   3.7696e-20
8442.00   5.3760e-24
8444.00   3.3153e-17
8446.00   6.5240e-21
8448.00   1.5749e-21
8450.00   1.6594e-22
8452.00   3.7164e-19
8454.00   1.1109e-18
8456.00   3.6061e-24
8458.00   5.7649e-21
8460.00   2.1322e-22
8462.00   1.0551e-24
8464.00   2.3020e-22
8466.00   1.5168e-19
8468.00   2.4383e-19
8470.00   1.4253e-16
8472.00   4.2627e-19
8474.00   1.3790e-19
8476.00   6.2844e-21
8478.00   3.0119e-21
8480.00   1.6235e-19
8482.00   9.6068e-20
8484.00   7.7071e-20
8486.00   1.6842e-18
8488.00   1.1447e-23
8490.00   2.9457e-16
8492.00   1.1679e-19
8494.00   5.0117e-22
8496.00   2.3520e-19
8498.00   1.5732e-20
8500.00   2.0074e-16
8502.00   2.3909e-24
8504.00   1.3326e-18
8506.00   7.8304e-20
8508.00   8.1504e-17
8510.00   2.3489e-23
8512.00   4.5550e-22
8514.00   9.1502e-20
8516.00   5.4311e-23
8518.00   2.0593e-17
8520.00   1.1505e-23
8522.00   6.3603e-22
8524.00   3.2988e-19
8526.00   1.2374e-20
8528.00   2.7899e-19
8530.00   4.1315e-20
8532.00   2.6062e-20
8534.00   8.8750e-23
8536.00   4.7640e-22
8538.00   3.0059e-23
8540.00   2.6763e-22
8542.00   6.1871e-24
8544.00   6.3450e-20
8546.00   2.1842e-18
8548.00   1.0811e-19
8550.00   8.2605e-19
8552.00   4.2963e-21
8554.00   6.9968e-19
8556.00   2.4992e-19
8558.00   2.9181e-19
8560.00   1.2878e-27
8562.00   9.2198e-24
8564.00   7.1009e-19
8566.00   2.6830e-20
8568.00   8.8183e-20
8570.00   4.9551e-21
8572.00   2.7628e-20
8574.00   1.0023e-18
8576.00   1.6837e-19
8578.00   3.5487e-21
8580.00   7.2035e-20
8582.00   4.7564e-20
8584.00   1.2226e-22
8586.00   9.2343e-23
8588.00   2.0411e-23
8590.00   7.0217e-20
8592.00   1.3762e-21
8594.00   4.0658e-21
8596.00   2.3810e-17
8598.00   3.1563e-21
8600.00   1.8480e-18
8602.00   7.9525e-21
8604.00   1.3077e-19
8606.00   4.8472e-18
8608.00   7.4495e-24
8610.00   1.9799e-23
8612.00   3.0126e-19
8614.00   4.5810e-24
8616.00   1.2861e-17
8618.00   1.9943e-22
8620.00   6.5591e-21
8622.00   1.2233e-20
8624.00   3.0299e-22
8626.00   1.5459e-18
8628.00   6.7313e-19
8630.00   7.0791e-20
8632.00   4.1775e-23
8634.00   7.0007e-20
8636.00   2.0359e-19
8638.00   3.3222e-22
8640.00   2.1704e-21
8642.00   6.1852e-18
8644.00   4.1440e-22
8646.00   6.4704e-25
8648.00   1.9753e-24
8650.00   5.4955e-19
8652.00   9.1393e-25
8654.00   1.9754e-19
8656.00   2.4245e-20
8658.00   2.0390e-26
8660.00   8.9023e-21
8662.00   5.2362e-22
8664.00   2.1394e-19
8666.00   1.0740e-21
8668.00   1.3783e-20
8670.00   4.0284e-20
8672.00   3.0874e-18
8674.00   3.8063e-23
8676.00   1.0441e-19
8678.00   3.5692e-19
8680.00   3.5982e-26
8682.00   6.0320e-25
8684.00   8.4248e-18
8686.00   2.1253e-24
8688.00   6.9859e-23
8690.00   3.7604e-19
8692.00   1.1639e-23
8694.00   9.8918e-22
8696.00   2.0367e-18
8698.00   1.7421e-26
8700.00   9.4997e-22
8702.00   1.9028e-22
8704.00   1.1688e-18
8706.00   3.4085e-19
8708.00   2.8188e-19
8710.00   6.4942e-26
8712.00   4.6313e-25
8714.00   5.3763e-20
8716.00   2.8557e-18
8718.00   3.7992e-21
8720.00   7.4432e-20
8722.00   3.0594e-17
8724.00   2.0465e-22
8726.00   5.1220e-26
8728.00   3.1171e-22
8730.00   3.1001e-23
8732.00   5.5538e-20
8734.00   3.5961e-19
8736.00   1.4484e-20
8738.00   2.1963e-25
8740.00   1.3486e-18
8742.00   7.9134e-25
8744.00   5.1514e-21
8746.00   1.0262e-19
8748.00   2.4788e-21
8750.00   6.9785e-18
8752.00   1.2576e-19
8754.00   2.0606e-19
8756.00   3.0958e-19
8758.00   9.6081e-18
8760.00   1.1224e-21
8762.00   9.9861e-18
8764.00   3.9476e-20
8766.00   7.1262e-23
8768.00   1.1852e-25
8770.00   2.2804e-24
8772.00   6.8070e-23
8774.00   4.5436e-23
8776.00   3.3183e-18
8778.00   2.5678e-25
8780.00   8.7576e-25
8782.00   8.3158e-22
8784.00   1.2032e-22
8786.00   2.8334e-26
8788.00   8.1367e-22
8790.00   1.6069e-22
8792.00   5.1462e-22
8794.00   8.6315e-19
8796.00   6.6332e-21
8798.00   4.6426e-21
8800.00   2.7909e-24
8802.00   9.1472e-28
8804.00   1.1570e-21
8806.00   2.9600e-18
8808.00   6.3570e-22
8810.00   3.6660e-19
8812.00   2.3714e-20
8814.00   1.3149e-21
8816.00   1.2365e-16
8818.00   3.7696e-22
8820.00   9.2797e-19
8822.00   3.4732e-25
8824.00   2.3250e-18
8826.00   1.1263e-18
8828.00   2.0077e-17
8830.00   3.0544e-22
8832.00   3.4188e-24
8834.00   8.8285e-23
8836.00   7.5029e-23
8838.00   6.3339e-19
8840.00   1.9593e-24
8842.00   4.8877e-21
8844.00   6.9081e-21
8846.00   1.7960e-20
8848.00   8.8762e-18
8850.00   4.2665e-20
8852.00   5.8760e-20
8854.00   2.9863e-20
8856.00   2.0279e-22
8858.00   1.3390e-20
8860.00   1.1071e-18
8862.00   6.3251e-21
8864.00   9.9902e-21
8866.00   7.0781e-28
8868.00   6.4506e-18
8870.00   9.0132e-19
8872.00   2.6534e-27
8874.00   9.2253e-17
8876.00   4.1669e-20
8878.00   2.0522e-24
8880.00   1.7119e-25
8882.00   3.4387e-21
8884.00   5.1571e-20
8886.00   1.2955e-18
8888.00   3.6106e-25
8890.00   4.6890e-18
8892.00   7.5355e-18
8894.00   2.0829e-22
8896.00   6.7692e-21
8898.00   1.0040e-17
8900.00   1.1122e-24
8902.00   2.1943e-21
8904.00   2.3125e-23
8906.00   1.0358e-21
8908.00   4.9893e-21
8910.00   2.7003e-23
8912.00   1.0140e-19
8914.00   1.0718e-24
8916.00   1.3824e-24
8918.00   6.7734e-20
8920.00   7.6301e-17
8922.00   1.1285e-18
8924.00   1.2172e-20
8926.00   1.4100e-16
8928.00   1.0424e-22
8930.00   1.0623e-26
8932.00   1.6719e-20
8934.00   5.2389e-20
8936.00   1.3216e-26
8938.00   9.1999e-17
8940.00   7.2857e-22
8942.00   1.3142e-23
8944.00   1.2810e-19
8946.00   6.2048e-18
8948.00   7.5114e-23
8950.00   9.4883e-19
8952.00   2.2665e-24
8954.00   7.4358e-26
8956.00   9.3739e-18
8958.00   4.2753e-23
8960.00   2.1682e-19
8962.00   5.3296e-23
8964.00   3.1171e-24
8966.00   9.2145e-19
8968.00   5.9337e-21
8970.00   7.5039e-20
8972.00   5.1714e-22
8974.00   2.8092e-26
8976.00   7.3776e-21
8978.00   1.9712e-28
8980.00   5.7514e-22
8982.00   6.8158e-19
8984.00   3.8576e-25
8986.00   3.3966e-21
8988.00   2.3978e-21
8990.00   4.1138e-18
8992.00   1.8754e-24
8994.00   1.6222e-19
8996.00   3.0014e-24
8998.00   1.9167e-24
9000.00   6.6650e-20
9002.00   8.8138e-21
9004.00   3.1550e-25
9006.00   3.3844e-17
9008.00   3.9855e-27
9010.00   1.6214e-21
9012.00   1.9549e-23
9014.00   5.9166e-18
9016.00   4.8220e-26
9018.00   1.2908e-26
9020.00   1.3649e-19
9022.00   1.5558e-24
9024.00   2.2680e-19
9026.00   3.8050e-19
9028.00   6.2291e-18
9030.00   3.4646e-19
9032.00   2.5396e-22
9034.00   2.8653e-18
9036.00   2.6426e-19
9038.00   2.5796e-18
9040.00   5.2782e-27
9042.00   5.1452e-21
9044.00   8.0224e-24
9046.00   1.9826e-27
9048.00   6.3290e-19
9050.00   1.7920e-19
9052.00   1.8455e-17
9054.00   2.4358e-24
9056.00   7.6240e-19
9058.00   1.1278e-18
9060.00   2.3197e-20
9062.00   6.7165e-17
9064.00   4.2363e-23
9066.00   3.9049e-20
9068.00   1.1274e-23
9070.00   2.1948e-17
9072.00   3.4008e-21
9074.00   1.7266e-19
9076.00   1.4612e-17
9078.00   4.3754e-17
9080.00   3.5643e-19
9082.00   6.8354e-20
9084.00   4.5167e-19
9086.00   3.3606e-24
9088.00   1.3524e-21
9090.00   2.5842e-18
9092.00   5.0440e-23
9094.00   3.8055e-26
9096.00   7.8927e-17
9098.00   2.3277e-21
9100.00   1.6671e-21
9102.00   8.6331e-23
9104.00   3.9590e-19
9106.00   8.0415e-20
9108.00   3.5264e-27
9110.00   1.1338e-20
9112.00   8.3170e-19
9114.00   4.8009e-20
9116.00   6.6731e-18
9118.00   3.4533e-21
9120.00   6.1405e-27
9122.00   5.2481e-17
9124.00   4.6628e-26
9126.00   2.6167e-18
9128.00   5.0077e-22
9130.00   3.6039e-19
9132.00   2.2915e-18
9134.00   5.0700e-19
9136.00   3.4251e-21
9138.00   3.5975e-20
9140.00   2.5013e-23
9142.00   3.9446e-23
9144.00   3.2964e-23
9146.00   3.8025e-21
9148.00   1.6983e-25
9150.00   2.3072e-22
9152.00   6.0790e-22
9154.00   9.6291e-20
9156.00   6.1191e-17
9158.00   1.2263e-26
9160.00   8.3068e-23
9162.00   6.9348e-26
9164.00   2.6721e-20
9166.00   1.5504e-24
9168.00   8.3906e-19
9170.00   2.9233e-20
9172.00   5.6454e-17
9174.00   1.5019e-25
9176.00   6.5316e-17
9178.00   4.0781e-17
9180.00   2.8327e-17
9182.00   3.5903e-20
9184.00   2.5402e-22
9186.00   2.7403e-26
9188.00   1.5195e-16
9190.00   2.4790e-23
9192.00   1.0706e-19
9194.00   2.6211e-19
9196.00   9.9171e-18
9198.00   7.6788e-23
9200.00   2.1941e-18
9202.00   2.5955e-18
9204.00   2.1047e-16
9206.00   2.9510e-24
9208.00   2.3139e-24
9210.00   1.6254e-17
9212.00   4.6892e-19
9214.00   1.4976e-18
9216.00   1.6034e-21
9218.00   1.6164e-24
9220.00   6.2413e-22
9222.00   7.7710e-20
9224.00   1.5680e-21
9226.00   8.2251e-18
9228.00   4.5390e-20
9230.00   1.9061e-25
9232.00   9.4391e-19
9234.00   1.5404e-20
9236.00   2.0651e-26
9238.00   2.3793e-18
9240.00   1.1086e-21
9242.00   3.8015e-18
9244.00   4.0753e-20
9246.00   1.1142e-21
9248.00   6.6693e-20
9250.00   5.7800e-20
9252.00   1.9222e-16
9254.00   7.0093e-21
9256.00   2.1982e-25
9258.00   1.9782e-17
9260.00   2.6712e-23
9262.00   4.0195e-29
9264.00   3.0496e-20
9266.00   1.2972e-23
9268.00   5.6745e-18
9270.00   1.5384e-22
9272.00   5.1679e-17
9274.00   3.4509e-18
9276.00   1.1820e-26
9278.00   1.6241e-24
9280.00   1.5024e-28
9282.00   4.5692e-20
9284.00   1.8002e-20
9286.00   6.9438e-19
9288.00   6.7071e-24
9290.00   4.3655e-18
9292.00   2.6784e-27
9294.00   3.0259e-22
9296.00   5.8007e-17
9298.00   9.1082e-18
9300.00   2.1359e-21
9302.00   1.4971e-28
9304.00   1.5552e-16
9306.00   3.0349e-20
9308.00   5.7962e-22
9310.00   1.9002e-21
9312.00   4.5086e-23
9314.00   6.2723e-23
9316.00   6.4208e-18
9318.00   8.1836e-24
9320.00   1.8907e-18
9322.00   4.4860e-19
9324.00   3.1659e-18
9326.00   9.0651e-18
9328.00   3.4063e-17
9330.00   8.6929e-20
9332.00   2.1386e-25
9334.00   5.5329e-24
9336.00   8.6274e-20
9338.00   1.3482e-20
9340.00   1.4348e-23
9342.00   2.6038e-18
9344.00   3.6228e-28
9346.00   2.4345e-22
9348.00   4.2237e-19
9350.00   4.5272e-18
9352.00   5.9276e-19
9354.00   1.1060e-25
9356.00   7.6380e-19
9358.00   2.7914e-18
9360.00   1.5147e-25
9362.00   4.2735e-21
9364.00   1.1954e-25
9366.00   4.2826e-20
9368.00   3.9480e-18
9370.00   2.0323e-25
9372.00   1.0549e-20
9374.00   2.4048e-20
9376.00   1.4790e-18
9378.00   2.4658e-22
9380.00   3.1127e-21
9382.00   2.2065e-19
9384.00   2.9895e-19
9386.00   4.0141e-21
9388.00   2.4410e-18
9390.00   5.6004e-22
9392.00   3.1644e-19
9394.00   4.7404e-21
9396.00   3.8571e-28
9398.00   1.7837e-26
9400.00   6.2653e-18
9402.00   5.4883e-23
9404.00   4.7870e-19
9406.00   4.2520e-21
9408.00   4.8823e-17
9410.00   3.8403e-18
9412.00   2.0577e-20
9414.00   6.6266e-20
9416.00   5.2671e-25
9418.00   7.2293e-17
9420.00   7.8826e-22
9422.00   3.5697e-22
9424.00   4.9063e-21
9426.00   3.3073e-19
9428.00   8.3939e-17
9430.00   1.7296e-20
9432.00   3.7037e-18
9434.00   6.0533e-29
9436.00   2.8087e-17
9438.00   2.9883e-20
9440.00   2.8928e-20
9442.00   2.2282e-19
9444.00   1.7077e-25
9446.00   1.2041e-19
9448.00   5.2502e-22
9450.00   6.1252e-25
9452.00   1.3459e-19
9454.00   9.8239e-25
9456.00   9.8693e-20
9458.00   6.7306e-22
9460.00   1.8614e-23
9462.00   5.3357e-22
9464.00   5.7136e-18
9466.00   2.5462e-19
9468.00   1.1985e-19
9470.00   3.5130e-18
9472.00   3.6058e-22
9474.00   4.3006e-17
9476.00   3.0577e-20
9478.00   5.8599e-21
9480.00   8.6116e-25
9482.00   6.8452e-20
9484.00   1.7341e-23
9486.00   1.1516e-21
9488.00   2.8448e-25
9490.00   6.2912e-20
9492.00   1.5465e-19
9494.00   1.2016e-27
9496.00   3.5285e-20
9498.00   3.0577e-17
9500.00   8.3344e-20
9502.00   2.2979e-26
9504.00   1.0491e-21
9506.00   3.3534e-26
9508.00   6.3593e-22
9510.00   7.8676e-17
9512.00   5.1579e-26
9514.00   2.8359e-18
9516.00   3.5044e-24
9518.00   1.8354e-20
9520.00   3.5044e-20
9522.00   2.2689e-23
9524.00   7.9131e-20
9526.00   7.1817e-19
9528.00   2.6332e-18
9530.00   7.3836e-24
9532.00   1.1476e-16
9534.00   1.2934e-16
9536.00   1.7046e-19
9538.00   4.1204e-25
9540.00   8.1127e-21
9542.00   2.2887e-19
9544.00   1.8920e-26
9546.00   4.0480e-19
9548.00   1.2393e-19
9550.00   1.3037e-17
9552.00   5.6822e-20
9554.00   3.5385e-23
9556.00   2.4138e-16
9558.00   3.4220e-19
9560.00   2.1757e-17
9562.00   1.5096e-27
9564.00   1.7797e-20
9566.00   3.4572e-19
9568.00   1.1228e-18
9570.00   3.0772e-18
9572.00   1.0116e-16
9574.00   4.0753e-22
9576.00   2.2019e-25
9578.00   4.2731e-21
9580.00   7.0073e-20
9582.00   2.4751e-20
9584.00   4.5295e-26
9586.00   1.3409e-20
9588.00   5.4086e-25
9590.00   3.3697e-19
9592.00   1.7279e-20
9594.00   1.3985e-22
9596.00   6.0636e-19
9598.00   1.0923e-18
9600.00   2.5149e-22
9602.00   1.3986e-20
9604.00   4.8699e-27
9606.00   4.8816e-18
9608.00   5.7238e-21
9610.00   8.8572e-21
9612.00   1.9735e-20
9614.00   3.2613e-18
9616.00   1.4687e-26
9618.00   1.3302e-16
9620.00   7.7244e-24
9622.00   1.0478e-26
9624.00   1.0875e-26
9626.00   1.9308e-26
9628.00   4.8266e-27
9630.00   1.3256e-19
9632.00   5.5889e-20
9634.00   5.1513e-17
9636.00   2.8171e-24
9638.00   3.1024e-20
9640.00   1.5980e-20
9642.00   2.0628e-21
9644.00   1.4367e-26
9646.00   8.1865e-20
9648.00   1.1188e-24
9650.00   1.6510e-24
9652.00   9.0784e-19
9654.00   1.4129e-28
9656.00   1.6190e-17
9658.00   7.1428e-24
9660.00   2.5923e-23
9662.00   4.5305e-17
9664.00   7.0023e-19
9666.00   1.5019e-26
9668.00   3.0464e-23
9670.00   1.1809e-19
9672.00   1.8334e-19
9674.00   7.5939e-22
9676.00   1.1516e-18
9678.00   2.9130e-22
9680.00   1.1945e-16
9682.00   6.2530e-18
9684.00   1.9872e-21
9686.00   5.3574e-22
9688.00   2.1915e-27
9690.00   1.0044e-24
9692.00   1.5581e-25
9694.00   5.5415e-26
9696.00   6.4032e-19
9698.00   4.2404e-23
9700.00   1.8297e-21
9702.00   8.7196e-27
9704.00   1.1616e-19
9706.00   1.4906e-23
9708.00   4.7483e-25
9710.00   3.2364e-26
9712.00   4.4644e-20
9714.00   9.9042e-21
9716.00   2.6054e-25
9718.00   3.0172e-19
9720.00   4.8313e-24
9722.00   3.0986e-20
9724.00   2.7619e-20
9726.00   8.3484e-26
9728.00   1.1869e-22
9730.00   6.5747e-20
9732.00   1.0067e-19
9734.00   2.7199e-22
9736.00   3.2989e-20
9738.00   3.4246e-19
9740.00   2.0251e-22
9742.00   3.9088e-19
9744.00   2.3290e-19
9746.00   7.6947e-19
9748.00   1.0994e-20
9750.00   6.0527e-20
9752.00   6.3281e-26
9754.00   3.8459e-23
9756.00   3.3699e-19
9758.00   1.0555e-27
9760.00   4.0518e-23
9762.00   3.9003e-25
9764.00   2.8127e-19
9766.00   3.1208e-19
9768.00   2.5061e-22
9770.00   1.0475e-22
9772.00   2.1692e-23
9774.00   5.0576e-24
9776.00   1.3985e-26
9778.00   2.0499e-25
9780.00   1.0117e-21
9782.00   5.7354e-19
9784.00   1.2585e-28
9786.00   1.6983e-24
9788.00   1.9895e-18
9790.00   2.8524e-21
9792.00   1.1727e-25
9794.00   7.0971e-23
9796.00   1.3346e-18
9798.00   1.0306e-20
9800.00   2.4652e-21
9802.00   1.0027e-24
9804.00   1.0045e-21
9806.00   5.6234e-20
9808.00   2.0111e-19
9810.00   1.4634e-21
9812.00   3.7059e-17
9814.00   1.5153e-24
9816.00   1.6383e-18
9818.00   1.0646e-25
9820.00   1.2203e-23
9822.00   8.0212e-24
9824.00   7.0660e-24
9826.00   2.7632e-19
9828.00   6.7854e-20
9830.00   2.8553e-22
9832.00   8.7679e-30
9834.00   6.6422e-26
9836.00   8.6029e-27
9838.00   1.1996e-20
9840.00   4.1003e-27
9842.00   3.6778e-20
9844.00   5.7426e-18
9846.00   1.4085e-22
9848.00   1.2153e-18
9850.00   8.0999e-19
9852.00   3.5575e-25
9854.00   7.6594e-23
9856.00   1.8006e-26
9858.00   3.0828e-22
9860.00   1.1646e-22
9862.00   3.5044e-20
9864.00   1.1379e-23
9866.00   1.9711e-24
9868.00   1.1906e-17
9870.00   1.3290e-23
9872.00   8.2424e-22
9874.00   5.7753e-21
9876.00   6.7367e-20
9878.00   2.0965e-25
9880.00   2.2045e-18
9882.00   9.6748e-19
9884.00   3.7769e-24
9886.00   2.6002e-24
9888.00   4.7450e-24
9890.00   1.1869e-26
9892.00   9.4171e-23
9894.00   3.1377e-17
9896.00   1.8178e-18
9898.00   9.4482e-22
9900.00   8.2398e-19
9902.00   2.3407e-23
9904.00   3.1504e-19
9906.00   5.6774e-20
9908.00   4.9665e-19
9910.00   3.1984e-18
9912.00   1.2701e-18
9914.00   4.0379e-25
9916.00   5.1868e-23
9918.00   7.4408e-23
9920.00   4.8230e-19
9922.00   2.4686e-20
9924.00   5.0299e-20
9926.00   4.3775e-22
9928.00   6.7683e-27
9930.00   1.6498e-26
9932.00   2.8530e-20
9934.00   1.8623e-22
9936.00   2.6539e-22
9938.00   1.6043e-20
9940.00   2.3025e-22
9942.00   2.7163e-22
9944.00   4.5402e-22
9946.00   1.1033e-17
9948.00   7.1336e-25
9950.00   2.1391e-18
9952.00   1.7503e-26
9954.00   2.6620e-20
9956.00   3.1119e-16
9958.00   3.0219e-20
9960.00   4.0405e-24
9962.00   2.1290e-21
9964.00   6.4862e-27
9966.00   1.7631e-27
9968.00   8.3155e-23
9970.00   9.2765e-20
9972.00   5.5165e-22
9974.00   5.7148e-28
9976.00   1.6637e-18
9978.00   3.4524e-20
9980.00   4.0935e-26
9982.00   1.1247e-19
9984.00   2.1218e-20
9986.00   2.6252e-23
9988.00   9.0434e-29
9990.00   4.5342e-24
9992.00   8.6582e-20
9994.00   7.8155e-21
9996.00   1.5193e-21
9998.00   3.8559e-15
10000.00   1.2094e-24
