1000.00   6.5042e-15
1002.00   7.5454e-15
1004.00   5.1260e-15
1006.00   3.9264e-15
1008.00   9.4182e-16
1010.00   8.8087e-15
1012.00   2.2980e-15
1014.00   3.6946e-15
1016.00   4.1437e-15
1018.00   2.5241e-15
1020.00   3.4130e-15
1022.00   3.2839e-15
1024.00   3.2969e-15
1026.00   3.5864e-15
1028.00   1.4205e-14
1030.00   2.2734e-14
1032.00   4.1736e-14
1034.00   2.6848e-14
1036.00   9.2771e-14
1038.00   1.0279e-14
1040.00   7.4750e-15
1042.00   3.3516e-14
1044.00   2.2240e-14
1046.00   2.0847e-14
1048.00   1.0053e-15
1050.00   1.4306e-14
1052.00   1.3439e-14
1054.00   2.2493e-14
1056.00   4.6691e-13
1058.00   1.7537e-14
1060.00   3.0059e-13
1062.00   4.0192e-14
1064.00   6.2330e-13
1066.00   6.8148e-14
1068.00   3.9241e-13
1070.00   5.9827e-14
1072.00   2.4036e-13
1074.00   4.2779e-13
1076.00   5.0853e-13
1078.00   2.6711e-14
1080.00   9.5000e-15
1082.00   1.2138e-13
1084.00   4.6222e-14
1086.00   2.1817e-14
1088.00   1.0350e-13
1090.00   7.0767e-14
1092.00   4.1204e-14
1094.00   1.0776e-13
1096.00   6.3647e-14
1098.00   9.9515e-14
1100.00   6.2487e-14
1102.00   8.3033e-14
1104.00   4.5178e-14
1106.00   5.3013e-14
1108.00   1.0180e-13
1110.00   1.0799e-13
1112.00   1.9037e-13
1114.00   1.0350e-13
1116.00   9.2828e-14
1118.00   5.6997e-15
1120.00   1.4557e-14
1122.00   3.4345e-13
1124.00   6.4085e-14
1126.00   2.6570e-13
1128.00   1.7986e-13
1130.00   5.6355e-14
1132.00   4.5619e-13
1134.00   3.6592e-13
1136.00   3.1060e-14
1138.00   4.1490e-14
1140.00   2.4146e-14
1142.00   6.7002e-14
1144.00   1.6375e-12
1146.00   2.4332e-13
1148.00   7.8287e-13
1150.00   4.0248e-13
1152.00   2.1444e-13
1154.00   1.7754e-13
1156.00   6.4016e-14
1158.00   3.4571e-14
1160.00   8.4604e-14
1162.00   4.6906e-14
1164.00   6.0493e-14
1166.00   7.8550e-14
1168.00   1.4510e-13
1170.00   1.8341e-13
1172.00   9.1748e-14
1174.00   1.9913e-13
1176.00   1.4280e-13
1178.00   3.1775e-14
1180.00   8.9341e-14
1182.00   6.2661e-14
1184.00   1.7757e-13
1186.00   8.9358e-14
1188.00   1.9473e-13
1190.00   5.8446e-14
1192.00   1.5577e-13
1194.00   8.2890e-14
1196.00   1.2417e-13
1198.00   4.7396e-13
1200.00   3.3844e-13
1202.00   3.6497e-14
1204.00   4.1160e-14
1206.00   2.9535e-14
1208.00   1.3973e-13
1210.00   9.6736e-14
1212.00   1.5447e-13
1214.00   1.7709e-13
1216.00   1.1819e-13
1218.00   2.0496e-13
1220.00   2.5141e-13
1222.00   6.2968e-15
1224.00   1.2334e-13
1226.00   4.6095e-14
1228.00   1.1001e-13
1230.00   1.0800e-14
1232.00   5.8910e-14
1234.00   5.6924e-14
1236.00   2.8442e-14
1238.00   5.4542e-14
1240.00   4.2970e-14
1242.00   1.2279e-13
1244.00   4.8878e-14
1246.00   2.9234e-14
1248.00   7.3333e-14
1250.00   2.0296e-14
1252.00   5.1960e-14
1254.00   3.0008e-14
1256.00   5.2682e-14
1258.00   6.7269e-14
1260.00   1.4329e-13
1262.00   1.6763e-13
1264.00   2.7837e-14
1266.00   2.4153e-13
1268.00   7.9044e-14
1270.00   5.3966e-14
1272.00   8.8961e-14
1274.00   6.4264e-14
1276.00   7.5152e-14
1278.00   3.4390e-14
1280.00   5.8903e-14
1282.00   2.8630e-14
1284.00   1.7779e-14
1286.00   1.7190e-14
1288.00   3.1700e-14
1290.00   9.9759e-14
1292.00   2.2343e-14
1294.00   4.2636e-14
1296.00   7.6999e-14
1298.00   2.3992e-14
1300.00   6.0221e-14
1302.00   6.8356e-14
1304.00   6.5900e-14
1306.00   3.6531e-14
1308.00   1.5758e-14
1310.00   1.4734e-14
1312.00   9.2233e-15
1314.00   5.4491e-14
1316.00   2.9055e-14
1318.00   3.6565e-14
1320.00   3.0230e-14
1322.00   3.9048e-14
1324.00   3.6519e-14
1326.00   7.8951e-15
1328.00   2.6391e-14
1330.00   2.3587e-14
1332.00   7.7725e-15
1334.00   8.0653e-15
1336.00   1.2237e-14
1338.00   2.0060e-14
1340.00   4.2650e-14
1342.00   4.4103e-15
1344.00   9.2286e-15
1346.00   1.4710e-14
1348.00   3.6130e-15
1350.00   5.3213e-15
1352.00   1.6540e-14
1354.00   1.9749e-14
1356.00   1.6634e-14
1358.00   1.1800e-13
1360.00   6.3459e-14
1362.00   1.1999e-13
1364.00   1.3670e-13
1366.00   1.0064e-13
1368.00   7.8547e-14
1370.00   8.2699e-15
1372.00   1.7327e-13
1374.00   1.0079e-13
1376.00   1.8232e-13
1378.00   7.3298e-14
1380.00   9.8235e-14
1382.00   3.7972e-14
1384.00   5.5927e-14
1386.00   5.8122e-14
1388.00   3.7224e-14
1390.00   3.8060e-15
1392.00   1.7178e-13
1394.00   1.8347e-14
1396.00   3.0161e-14
1398.00   3.5526e-14
1400.00   1.5999e-13
1402.00   1.1399e-13
1404.00   3.3981e-14
1406.00   2.2565e-14
1408.00   5.3692e-14
1410.00   4.6184e-14
1412.00   5.1003e-14
1414.00   5.0750e-14
1416.00   8.6522e-14
1418.00   4.0197e-14
1420.00   3.3415e-14
1422.00   6.6258e-15
1424.00   7.2666e-14
1426.00   2.1090e-14
1428.00   3.8852e-14
1430.00   1.0196e-13
1432.00   4.5130e-14
1434.00   1.5447e-14
1436.00   6.2014e-14
1438.00   4.0117e-14
1440.00   4.3201e-14
1442.00   5.2888e-14
1444.00   1.1140e-14
1446.00   5.2203e-15
1448.00   1.9700e-14
1450.00   5.8732e-15
1452.00   1.6428e-14
1454.00   3.3607e-14
1456.00   7.7727e-15
1458.00   1.1261e-14
1460.00   5.5286e-15
1462.00   1.3442e-14
1464.00   2.0226e-14
1466.00   4.6097e-15
1468.00   1.3628e-14
1470.00   1.7884e-14
1472.00   1.1910e-14
1474.00   2.8041e-14
1476.00   2.7400e-14
1478.00   2.5743e-14
1480.00   1.1005e-14
1482.00   3.1483e-15
1484.00   5.9742e-14
1486.00   1.7641e-14
1488.00   1.6399e-14
1490.00   2.6196e-14
1492.00   2.9069e-14
1494.00   3.0255e-14
1496.00   3.0469e-14
1498.00   1.5310e-15
1500.00   3.7381e-15
1502.00   9.2634e-15
1504.00   1.5374e-14
1506.00   3.9513e-14
1508.00   1.7800e-14
1510.00   3.8051e-15
1512.00   2.6086e-14
1514.00   1.7397e-14
1516.00   2.5964e-14
1518.00   1.9294e-15
1520.00   8.5652e-15
1522.00   1.9363e-14
1524.00   2.3033e-14
1526.00   4.9191e-14
1528.00   2.9820e-14
1530.00   1.3055e-15
1532.00   1.7546e-14
1534.00   3.4750e-15
1536.00   1.6249e-15
1538.00   2.5822e-15
1540.00   3.1943e-15
1542.00   2.3228e-15
1544.00   2.0981e-15
1546.00   2.7548e-15
1548.00   6.7427e-15
1550.00   2.8265e-14
1552.00   3.0912e-14
1554.00   2.0274e-14
1556.00   2.4139e-14
1558.00   9.3954e-15
1560.00   6.7861e-13
1562.00   5.6894e-15
1564.00   4.2530e-13
1566.00   2.8076e-14
1568.00   3.9803e-14
1570.00   5.3294e-13
1572.00   1.2551e-13
1574.00   4.5529e-13
1576.00   6.6000e-14
1578.00   1.3344e-13
1580.00   2.0113e-13
1582.00   2.4225e-14
1584.00   1.3435e-13
1586.00   4.3298e-14
1588.00   1.0638e-13
1590.00   1.9445e-15
1592.00   2.5130e-15
1594.00   3.0587e-14
1596.00   2.5830e-15
1598.00   2.2405e-15
1600.00   7.7804e-14
1602.00   5.5181e-14
1604.00   3.9751e-14
1606.00   1.1103e-13
1608.00   3.8629e-13
1610.00   3.1396e-14
1612.00   4.3183e-14
1614.00   1.8966e-13
1616.00   2.3541e-15
1618.00   9.2514e-14
1620.00   2.7302e-15
1622.00   1.5090e-13
1624.00   5.2343e-14
1626.00   4.7360e-14
1628.00   1.0201e-14
1630.00   2.1771e-13
1632.00   8.2046e-14
1634.00   5.8726e-14
1636.00   3.1666e-13
1638.00   5.4592e-13
1640.00   9.6401e-14
1642.00   1.6937e-13
1644.00   1.9708e-13
1646.00   5.0039e-14
1648.00   4.7765e-14
1650.00   3.2677e-13
1652.00   1.1160e-14
1654.00   2.0892e-13
1656.00   2.8993e-14
1658.00   1.0936e-13
1660.00   8.8736e-14
1662.00   1.2371e-14
1664.00   1.5968e-14
1666.00   7.3766e-16
1668.00   2.8723e-14
1670.00   5.6927e-14
1672.00   7.4796e-16
1674.00   1.9171e-13
1676.00   3.3460e-13
1678.00   2.4602e-14
1680.00   1.0428e-13
1682.00   2.2417e-13
1684.00   2.2200e-14
1686.00   5.1852e-14
1688.00   1.3966e-14
1690.00   6.2878e-14
1692.00   1.3907e-14
1694.00   1.9703e-14
1696.00   5.3775e-15
1698.00   1.0677e-14
1700.00   2.0944e-14
1702.00   4.4073e-13
1704.00   1.1706e-14
1706.00   2.9803e-15
1708.00   4.2057e-14
1710.00   1.0750e-13
1712.00   7.1031e-15
1714.00   8.5143e-15
1716.00   7.6823e-14
1718.00   6.2057e-14
1720.00   5.2907e-14
1722.00   2.5158e-14
1724.00   3.0546e-14
1726.00   2.7589e-13
1728.00   5.7677e-15
1730.00   2.7477e-16
1732.00   2.9717e-14
1734.00   2.0826e-15
1736.00   4.0692e-15
1738.00   6.5530e-15
1740.00   4.4020e-16
1742.00   9.3467e-15
1744.00   1.2951e-15
1746.00   1.5462e-13
1748.00   4.3125e-14
1750.00   7.1595e-14
1752.00   4.6939e-16
1754.00   1.8974e-16
1756.00   5.3185e-16
1758.00   1.7622e-15
1760.00   3.1172e-14
1762.00   2.1776e-13
1764.00   4.5356e-14
1766.00   4.7430e-15
1768.00   2.4868e-15
1770.00   8.3947e-15
1772.00   8.4379e-14
1774.00   2.4310e-14
1776.00   1.0719e-14
1778.00   1.3995e-14
1780.00   1.0781e-15
1782.00   4.3288e-14
1784.00   7.6442e-15
1786.00   4.3950e-13
1788.00   1.3403e-13
1790.00   1.4525e-14
1792.00   2.7209e-15
1794.00   8.5011e-14
1796.00   6.9822e-15
1798.00   1.1088e-13
1800.00   3.8807e-16
1802.00   1.7577e-15
1804.00   5.8792e-15
1806.00   3.1764e-15
1808.00   5.1346e-15
1810.00   5.0837e-14
1812.00   2.8509e-15
1814.00   1.4797e-15
1816.00   2.0754e-14
1818.00   3.6106e-14
1820.00   5.9421e-16
1822.00   1.2425e-14
1824.00   4.4147e-14
1826.00   1.6770e-14
1828.00   2.0039e-14
1830.00   8.1820e-15
1832.00   2.1541e-14
1834.00   2.3088e-14
1836.00   5.5088e-14
1838.00   1.0875e-17
1840.00   7.0342e-15
1842.00   9.0251e-15
1844.00   7.5394e-15
1846.00   2.8795e-14
1848.00   4.2650e-14
1850.00   6.8232e-16
1852.00   1.0034e-14
1854.00   1.6157e-15
1856.00   1.6038e-15
1858.00   8.2017e-16
1860.00   2.3326e-15
1862.00   5.1846e-15
1864.00   9.2728e-14
1866.00   3.4792e-16
1868.00   9.5210e-16
1870.00   5.4660e-15
1872.00   5.1649e-15
1874.00   8.6055e-15
1876.00   1.0498e-14
1878.00   1.9219e-13
1880.00   9.0137e-14
1882.00   2.5775e-15
1884.00   9.7660e-15
1886.00   2.5069e-15
1888.00   1.5051e-13
1890.00   3.0104e-15
1892.00   4.9244e-15
1894.00   1.9985e-15
1896.00   2.5412e-14
1898.00   1.1368e-14
1900.00   6.2736e-15
1902.00   3.8149e-15
1904.00   4.2697e-14
1906.00   2.1874e-15
1908.00   4.5044e-16
1910.00   3.7097e-14
1912.00   4.5476e-14
1914.00   8.6424e-16
1916.00   1.4011e-14
1918.00   3.8219e-14
1920.00   4.3720e-15
1922.00   1.2281e-15
1924.00   2.3013e-16
1926.00   6.8943e-14
1928.00   3.1994e-14
1930.00   1.4800e-14
1932.00   4.0346e-14
1934.00   2.5174e-15
1936.00   1.4214e-13
1938.00   6.5904e-16
1940.00   4.4304e-15
1942.00   3.0146e-15
1944.00   3.3034e-14
1946.00   4.9767e-15
1948.00   4.3198e-14
1950.00   2.1510e-15
1952.00   1.0639e-15
1954.00   3.4283e-15
1956.00   3.8763e-15
1958.00   1.5158e-14
1960.00   1.1149e-16
1962.00   8.3751e-15
1964.00   1.3279e-15
1966.00   2.4192e-14
1968.00   1.0770e-14
1970.00   1.8815e-14
1972.00   3.5328e-15
1974.00   1.4791e-15
1976.00   1.4218e-14
1978.00   1.7416e-15
1980.00   2.8454e-16
1982.00   6.0530e-17
1984.00   3.6964e-15
1986.00   1.4209e-14
1988.00   1.5228e-14
1990.00   1.7145e-15
1992.00   1.6989e-15
1994.00   1.2356e-15
1996.00   2.6360e-15
1998.00   2.3366e-16
2000.00   1.4177e-13
2002.00   3.9781e-16
2004.00   2.2621e-14
2006.00   4.4079e-15
2008.00   1.2075e-14
2010.00   7.8741e-14
2012.00   2.2633e-15
2014.00   8.4770e-15
2016.00   7.1465e-15
2018.00   4.9028e-15
2020.00   6.2744e-15
2022.00   2.2327e-16
2024.00   5.8809e-15
2026.00   3.1163e-15
2028.00   1.3337e-14
2030.00   5.8887e-15
2032.00   1.4800e-14
2034.00   3.9565e-15
2036.00   9.2841e-16
2038.00   1.2573e-14
2040.00   4.8863e-14
2042.00   1.0626e-16
2044.00   2.6797e-14
2046.00   2.8409e-16
2048.00   5.4629e-15
2050.00   1.0067e-16
2052.00   2.0529e-14
2054.00   1.3520e-15
2056.00   2.9113e-14
2058.00   4.7483e-15
2060.00   3.7196e-16
2062.00   9.6915e-15
2064.00   2.5453e-14
2066.00   1.5671e-14
2068.00   3.5655e-15
2070.00   2.8472e-14
2072.00   5.2543e-14
2074.00   3.7335e-15
2076.00   7.9795e-16
2078.00   8.7140e-15
2080.00   1.0744e-14
2082.00   1.3999e-15
2084.00   8.9285e-16
2086.00   2.0304e-15
2088.00   5.2640e-14
2090.00   7.0023e-17
2092.00   1.8489e-15
2094.00   8.2676e-15
2096.00   1.7585e-15
2098.00   4.9172e-15
2100.00   4.0318e-15
2102.00   1.0950e-14
2104.00   1.0389e-16
2106.00   1.2063e-14
2108.00   3.8145e-14
2110.00   9.7728e-14
2112.00   1.5113e-16
2114.00   1.2295e-14
2116.00   2.1290e-14
2118.00   3.0684e-14
2120.00   4.1988e-14
2122.00   1.1175e-15
2124.00   9.6841e-17
2126.00   3.6661e-15
2128.00   4.4933e-15
2130.00   1.5582e-14
2132.00   2.1254e-14
2134.00   1.6629e-15
2136.00   8.3760e-15
2138.00   1.8769e-14
2140.00   1.2293e-15
2142.00   1.1049e-14
2144.00   2.5989e-16
2146.00   1.3779e-15
2148.00   4.0550e-15
2150.00   3.4857e-14
2152.00   1.2986e-14
2154.00   4.9492e-16
2156.00   1.0653e-15
2158.00   4.8767e-15
2160.00   2.2698e-15
2162.00   6.0509e-15
2164.00   1.4355e-14
2166.00   1.6889e-14
2168.00   9.4581e-15
2170.00   9.3693e-16
2172.00   2.8773e-16
2174.00   1.4339e-14
2176.00   8.1704e-15
2178.00   3.7536e-15
2180.00   3.5315e-15
2182.00   1.6528e-16
2184.00   3.7590e-15
2186.00   3.7762e-16
2188.00   1.1942e-14
2190.00   2.3590e-15
2192.00   9.0345e-17
2194.00   9.5360e-16
2196.00   7.6648e-16
2198.00   6.2432e-16
2200.00   1.1812e-16
2202.00   2.2273e-15
2204.00   4.5896e-15
2206.00   1.6217e-15
2208.00   2.9883e-16
2210.00   2.6361e-15
2212.00   4.9359e-15
2214.00   2.7759e-14
2216.00   1.6290e-15
2218.00   1.5525e-15
2220.00   1.5894e-14
2222.00   5.7215e-15
2224.00   7.7180e-14
2226.00   5.7930e-15
2228.00   3.8211e-15
2230.00   1.0225e-15
2232.00   4.8854e-15
2234.00   4.5438e-15
2236.00   2.2534e-15
2238.00   1.6992e-14
2240.00   3.2945e-15
2242.00   4.7977e-14
2244.00   1.1337e-14
2246.00   1.1109e-14
2248.00   7.4445e-16
2250.00   1.5646e-14
2252.00   4.1686e-16
2254.00   8.8612e-15
2256.00   5.0747e-14
2258.00   4.1361e-15
2260.00   6.9980e-15
2262.00   2.3047e-15
2264.00   2.6736e-14
2266.00   1.2811e-13
2268.00   6.3311e-15
2270.00   1.0040e-14
2272.00   6.0063e-14
2274.00   1.0947e-13
2276.00   1.7425e-13
2278.00   5.5603e-15
2280.00   4.7780e-15
2282.00   2.6768e-15
2284.00   2.0315e-14
2286.00   4.2188e-15
2288.00   1.0465e-14
2290.00   1.9131e-15
2292.00   1.6873e-15
2294.00   4.1537e-14
2296.00   4.5436e-15
2298.00   1.2108e-14
2300.00   3.5073e-15
2302.00   1.2511e-15
2304.00   3.1385e-14
2306.00   5.6222e-15
2308.00   3.9822e-14
2310.00   3.5665e-15
2312.00   3.4750e-14
2314.00   4.6987e-14
2316.00   4.3261e-16
2318.00   1.8146e-14
2320.00   2.8310e-18
2322.00   2.6825e-14
2324.00   1.6704e-14
2326.00   5.3330e-14
2328.00   1.1236e-13
2330.00   7.7103e-14
2332.00   2.2581e-13
2334.00   1.0561e-16
2336.00   1.5673e-16
2338.00   1.0798e-13
2340.00   5.2276e-14
2342.00   1.5246e-15
2344.00   4.5019e-13
2346.00   1.2682e-13
2348.00   6.6583e-13
2350.00   5.5547e-17
2352.00   3.6851e-14
2354.00   5.1264e-15
2356.00   2.8938e-14
2358.00   1.4586e-14
2360.00   6.9304e-13
2362.00   2.0784e-13
2364.00   1.4707e-13
2366.00   1.9396e-13
2368.00   2.1995e-13
2370.00   1.0695e-13
2372.00   1.4604e-14
2374.00   2.3072e-13
2376.00   1.2309e-13
2378.00   1.1356e-15
2380.00   1.7901e-13
2382.00   1.0477e-12
2384.00   5.9864e-14
2386.00   3.4508e-14
2388.00   3.5713e-13
2390.00   2.8207e-15
2392.00   2.3680e-14
2394.00   8.0319e-15
2396.00   7.2567e-13
2398.00   9.4783e-16
2400.00   3.1971e-13
2402.00   2.9656e-14
2404.00   3.7703e-13
2406.00   2.6148e-13
2408.00   2.1991e-15
2410.00   2.4095e-13
2412.00   1.7059e-13
2414.00   1.3018e-13
2416.00   3.6786e-14
2418.00   8.9383e-14
2420.00   4.1761e-15
2422.00   1.1523e-14
2424.00   1.4771e-13
2426.00   2.6499e-14
2428.00   1.8369e-13
2430.00   1.4153e-13
2432.00   1.8336e-13
2434.00   3.2479e-13
2436.00   4.4707e-14
2438.00   3.5368e-14
2440.00   2.4326e-13
2442.00   1.1349e-15
2444.00   6.1633e-14
2446.00   3.5185e-13
2448.00   6.1831e-14
2450.00   3.3487e-14
2452.00   4.4103e-14
2454.00   1.0123e-13
2456.00   1.9096e-14
2458.00   1.8503e-13
2460.00   1.3562e-13
2462.00   1.5244e-13
2464.00   3.2977e-13
2466.00   1.1811e-13
2468.00   4.8128e-14
2470.00   1.4199e-13
2472.00   2.6603e-14
2474.00   2.0426e-14
2476.00   1.2804e-14
2478.00   3.1284e-14
2480.00   1.5068e-14
2482.00   7.1061e-14
2484.00   1.1169e-14
2486.00   7.5923e-15
2488.00   3.0259e-14
2490.00   2.0374e-13
2492.00   1.0447e-14
2494.00   3.3771e-13
2496.00   2.8765e-14
2498.00   1.9702e-13
2500.00   3.8796e-14
2502.00   6.0081e-14
2504.00   8.2356e-14
2506.00   1.5011e-13
2508.00   1.5635e-14
2510.00   1.1242e-14
2512.00   2.1707e-13
2514.00   8.0882e-14
2516.00   1.7586e-14
2518.00   2.0671e-14
2520.00   1.1774e-13
2522.00   1.2156e-13
2524.00   6.0340e-16
2526.00   4.2464e-13
2528.00   1.2851e-14
2530.00   1.4356e-13
2532.00   9.9418e-17
2534.00   1.0129e-13
2536.00   2.8849e-14
2538.00   8.2987e-14
2540.00   1.7226e-13
2542.00   9.3849e-14
2544.00   4.1098e-14
2546.00   1.2660e-13
2548.00   5.2855e-14
2550.00   1.5921e-13
2552.00   3.5272e-14
2554.00   5.1600e-15
2556.00   1.3420e-14
2558.00   4.3659e-14
2560.00   1.0835e-13
2562.00   2.7620e-13
2564.00   1.6139e-13
2566.00   1.1165e-13
2568.00   3.8820e-14
2570.00   1.2838e-14
2572.00   3.0180e-15
2574.00   1.2342e-13
2576.00   5.2876e-14
2578.00   5.5208e-14
2580.00   2.2008e-16
2582.00   7.2607e-14
2584.00   3.7529e-14
2586.00   2.0307e-13
2588.00   6.8514e-14
2590.00   1.6835e-14
2592.00   1.6232e-13
2594.00   1.0951e-14
2596.00   7.0042e-15
2598.00   2.6657e-13
2600.00   7.7465e-13
2602.00   1.6267e-17
2604.00   3.5168e-15
2606.00   8.3284e-14
2608.00   2.2575e-13
2610.00   3.3182e-14
2612.00   2.9998e-13
2614.00   1.4364e-13
2616.00   4.8248e-17
2618.00   8.2214e-14
2620.00   4.9681e-14
2622.00   3.1849e-14
2624.00   9.8377e-15
2626.00   2.5258e-13
2628.00   1.2045e-13
2630.00   2.7894e-14
2632.00   3.3399e-13
2634.00   8.6018e-15
2636.00   1.8654e-15
2638.00   1.1971e-14
2640.00   1.2899e-14
2642.00   7.6605e-15
2644.00   1.7031e-15
2646.00   8.0347e-15
2648.00   1.4758e-16
2650.00   1.2591e-14
2652.00   2.4070e-14
2654.00   1.6386e-15
2656.00   5.0429e-16
2658.00   1.0358e-15
2660.00   9.8034e-16
2662.00   1.0880e-16
2664.00   4.0469e-14
2666.00   5.0560e-14
2668.00   4.2476e-16
2670.00   4.9400e-14
2672.00   4.5265e-16
2674.00   2.8954e-17
2676.00   4.9997e-15
2678.00   5.1525e-14
2680.00   8.1420e-16
2682.00   1.6171e-14
2684.00   2.9741e-14
2686.00   4.2773e-15
2688.00   4.5397e-17
2690.00   1.5951e-15
2692.00   6.1073e-14
2694.00   2.8992e-15
2696.00   2.8273e-16
2698.00   1.1221e-14
2700.00   3.9272e-15
2702.00   1.7277e-16
2704.00   4.1567e-14
2706.00   1.6519e-14
2708.00   7.1445e-15
2710.00   3.3038e-14
2712.00   6.7937e-15
2714.00   5.8885e-14
2716.00   2.1306e-13
2718.00   1.3846e-14
2720.00   3.6391e-15
2722.00   1.8540e-14
2724.00   1.5107e-13
2726.00   7.9037e-16
2728.00   6.0766e-14
2730.00   9.3034e-14
2732.00   8.5476e-15
2734.00   2.0930e-15
2736.00   4.9212e-14
2738.00   1.3867e-15
2740.00   2.3379e-13
2742.00   2.7094e-15
2744.00   9.8912e-14
2746.00   2.0824e-13
2748.00   3.3990e-15
2750.00   2.9391e-13
2752.00   9.1725e-15
2754.00   5.3747e-15
2756.00   5.7241e-13
2758.00   6.7710e-15
2760.00   1.5171e-16
2762.00   9.3930e-14
2764.00   6.0476e-15
2766.00   2.4723e-17
2768.00   1.6997e-13
2770.00   6.1867e-15
2772.00   2.0068e-13
2774.00   3.9393e-15
2776.00   2.3156e-15
2778.00   6.7472e-15
2780.00   8.0329e-15
2782.00   5.2799e-16
2784.00   1.5134e-15
2786.00   4.6984e-15
2788.00   1.2593e-15
2790.00   9.0636e-16
2792.00   7.5298e-16
2794.00   2.7590e-15
2796.00   7.1625e-16
2798.00   2.5191e-16
2800.00   1.2926e-14
2802.00   3.2658e-18
2804.00   1.0962e-14
2806.00   2.1152e-15
2808.00   3.5752e-16
2810.00   2.9150e-16
2812.00   4.6444e-16
2814.00   2.9618e-15
2816.00   1.4828e-16
2818.00   3.5683e-16
2820.00   5.1613e-15
2822.00   3.8038e-15
2824.00   1.1548e-14
2826.00   5.9143e-15
2828.00   1.6372e-13
2830.00   8.8316e-16
2832.00   4.2305e-14
2834.00   1.5532e-15
2836.00   1.7137e-15
2838.00   1.3862e-13
2840.00   2.6482e-14
2842.00   6.4916e-16
2844.00   3.5302e-15
2846.00   2.4384e-15
2848.00   2.5085e-14
2850.00   5.9715e-15
2852.00   1.0551e-15
2854.00   7.0960e-16
2856.00   6.7913e-15
2858.00   5.9835e-15
2860.00   3.5731e-16
2862.00   1.6410e-16
2864.00   3.2564e-15
2866.00   8.6561e-16
2868.00   9.6040e-15
2870.00   6.6129e-15
2872.00   4.2827e-15
2874.00   2.8870e-17
2876.00   1.1210e-16
2878.00   3.0763e-16
2880.00   8.0346e-16
2882.00   1.1415e-15
2884.00   1.7937e-15
2886.00   9.6574e-14
2888.00   5.7616e-14
2890.00   3.8460e-15
2892.00   6.6974e-16
2894.00   3.6846e-16
2896.00   3.6025e-15
2898.00   4.3979e-15
2900.00   4.7468e-17
2902.00   2.6781e-15
2904.00   2.3767e-17
2906.00   1.2980e-15
2908.00   1.1148e-16
2910.00   4.7459e-16
2912.00   1.2645e-16
2914.00   1.0396e-16
2916.00   3.0497e-16
2918.00   3.3116e-15
2920.00   7.4103e-16
2922.00   9.7454e-17
2924.00   1.6081e-16
2926.00   1.2124e-15
2928.00   1.7673e-17
2930.00   2.8723e-16
2932.00   4.4091e-17
2934.00   4.1359e-16
2936.00   2.5272e-16
2938.00   7.5665e-17
2940.00   2.9129e-16
2942.00   3.0967e-17
2944.00   2.4836e-14
2946.00   1.4578e-15
2948.00   1.4350e-14
2950.00   1.2608e-14
2952.00   7.4880e-17
2954.00   1.2045e-15
2956.00   1.8088e-17
2958.00   3.8533e-17
2960.00   4.3750e-15
2962.00   9.9680e-17
2964.00   4.3960e-15
2966.00   1.5529e-14
2968.00   2.4477e-16
2970.00   4.6716e-15
2972.00   1.6283e-15
2974.00   1.8304e-17
2976.00   5.2101e-16
2978.00   5.0824e-17
2980.00   2.0966e-15
2982.00   6.6549e-16
2984.00   1.1374e-13
2986.00   2.9557e-14
2988.00   3.9498e-16
2990.00   2.7486e-17
2992.00   6.6370e-17
2994.00   7.5080e-16
2996.00   1.0406e-17
2998.00   5.1104e-15
3000.00   1.7611e-16
3002.00   4.0986e-14
3004.00   3.8109e-17
3006.00   1.0134e-17
3008.00   2.3244e-18
3010.00   6.6691e-16
3012.00   4.7954e-17
3014.00   1.4675e-15
3016.00   3.2231e-16
3018.00   1.3272e-15
3020.00   4.1325e-16
3022.00   1.8300e-16
3024.00   2.9699e-16
3026.00   1.4011e-16
3028.00   5.7420e-16
3030.00   7.8126e-16
3032.00   4.2032e-17
3034.00   2.1443e-16
3036.00   3.0388e-16
3038.00   4.5841e-16
3040.00   2.8574e-16
3042.00   1.1510e-16
3044.00   7.1922e-15
3046.00   7.2641e-16
3048.00   6.4449e-16
3050.00   3.3075e-16
3052.00   1.1864e-16
3054.00   3.2301e-18
3056.00   5.7794e-16
3058.00   3.1714e-17
3060.00   2.1535e-18
3062.00   2.9699e-16
3064.00   1.8874e-18
3066.00   4.5991e-15
3068.00   6.3121e-16
3070.00   8.0027e-16
3072.00   3.6327e-16
3074.00   1.4195e-17
3076.00   3.2176e-15
3078.00   1.3613e-15
3080.00   6.5700e-16
3082.00   1.9442e-17
3084.00   5.5408e-16
3086.00   1.0677e-18
3088.00   1.4459e-18
3090.00   7.2977e-16
3092.00   5.2037e-18
3094.00   2.9966e-19
3096.00   7.2208e-15
3098.00   3.0519e-17
3100.00   2.2514e-18
3102.00   2.5964e-16
3104.00   3.8179e-17
3106.00   2.9465e-16
3108.00   7.3272e-17
3110.00   6.9441e-18
3112.00   3.5311e-19
3114.00   1.3817e-16
3116.00   1.8830e-16
3118.00   6.9073e-17
3120.00   3.1889e-17
3122.00   4.4229e-17
3124.00   1.8197e-18
3126.00   2.7131e-17
3128.00   3.9699e-18
3130.00   3.2176e-17
3132.00   3.1012e-16
3134.00   6.4365e-17
3136.00   7.5657e-17
3138.00   7.9786e-17
3140.00   5.3995e-17
3142.00   7.5979e-16
3144.00   5.6420e-17
3146.00   4.4734e-16
3148.00   4.5513e-19
3150.00   1.7572e-17
3152.00   7.0735e-17
3154.00   9.3953e-18
3156.00   2.4475e-16
3158.00   2.3080e-16
3160.00   3.9700e-17
3162.00   3.3882e-15
3164.00   8.7603e-15
3166.00   3.8369e-15
3168.00   3.9641e-18
3170.00   1.7023e-15
3172.00   1.7145e-18
3174.00   8.7453e-18
3176.00   1.6327e-17
3178.00   5.8444e-15
3180.00   5.6593e-17
3182.00   4.4393e-18
3184.00   4.2953e-15
3186.00   7.5334e-15
3188.00   2.3704e-15
3190.00   4.5019e-16
3192.00   9.7376e-15
3194.00   8.2154e-15
3196.00   1.6943e-14
3198.00   1.7912e-17
3200.00   1.7320e-18
3202.00   5.8815e-18
3204.00   7.7275e-16
3206.00   4.3810e-18
3208.00   1.7095e-17
3210.00   4.3228e-15
3212.00   1.0152e-16
3214.00   6.4927e-15
3216.00   1.6055e-17
3218.00   1.6737e-17
3220.00   1.1691e-17
3222.00   4.2870e-17
3224.00   5.0539e-16
3226.00   1.0484e-16
3228.00   4.8757e-15
3230.00   3.6823e-16
3232.00   2.4168e-15
3234.00   1.2716e-17
3236.00   1.7272e-17
3238.00   1.9872e-15
3240.00   4.7535e-18
3242.00   2.4211e-18
3244.00   4.3055e-15
3246.00   3.7047e-17
3248.00   3.5434e-15
3250.00   1.1361e-15
3252.00   6.4285e-16
3254.00   2.0868e-18
3256.00   1.2285e-16
3258.00   4.2385e-15
3260.00   4.6137e-15
3262.00   1.1914e-16
3264.00   2.1569e-17
3266.00   1.0884e-17
3268.00   4.3154e-16
3270.00   8.6020e-17
3272.00   2.9525e-18
3274.00   2.0595e-17
3276.00   2.2586e-17
3278.00   1.6540e-16
3280.00   4.2286e-17
3282.00   1.1554e-16
3284.00   8.0734e-17
3286.00   9.0846e-15
3288.00   1.1181e-16
3290.00   2.8554e-16
3292.00   2.3180e-17
3294.00   7.4563e-19
3296.00   3.1952e-16
3298.00   1.9847e-15
3300.00   8.4374e-17
3302.00   7.4716e-16
3304.00   5.9381e-17
3306.00   3.7959e-15
3308.00   2.1573e-19
3310.00   8.5980e-16
3312.00   7.3567e-15
3314.00   4.0892e-17
3316.00   7.7548e-18
3318.00   2.5108e-17
3320.00   1.3066e-16
3322.00   1.0881e-15
3324.00   4.3846e-16
3326.00   4.0227e-17
3328.00   5.0108e-16
3330.00   5.0582e-17
3332.00   3.0958e-17
3334.00   5.2887e-18
3336.00   3.2098e-16
3338.00   3.0381e-16
3340.00   6.7433e-18
3342.00   2.8497e-17
3344.00   7.2334e-18
3346.00   9.7429e-19
3348.00   1.6485e-18
3350.00   9.8567e-19
3352.00   1.2782e-17
3354.00   1.9079e-17
3356.00   2.7763e-18
3358.00   1.9054e-15
3360.00   4.3520e-16
3362.00   2.8656e-16
3364.00   1.0998e-17
3366.00   1.3475e-15
3368.00   2.7051e-17
3370.00   1.4334e-16
3372.00   8.8015e-15
3374.00   1.3287e-18
3376.00   1.1713e-16
3378.00   3.0451e-18
3380.00   3.2132e-16
3382.00   3.5006e-16
3384.00   6.2361e-18
3386.00   3.9854e-16
3388.00   6.7729e-18
3390.00   1.2678e-16
3392.00   2.0882e-15
3394.00   1.7931e-17
3396.00   6.4120e-17
3398.00   4.9900e-17
3400.00   1.4020e-17
3402.00   4.8733e-18
3404.00   3.4815e-17
3406.00   1.0122e-16
3408.00   4.9113e-18
3410.00   2.1599e-16
3412.00   2.1498e-17
3414.00   3.0006e-16
3416.00   7.5072e-17
3418.00   1.2830e-18
3420.00   1.1080e-16
3422.00   1.7763e-17
3424.00   5.9901e-19
3426.00   3.2961e-16
3428.00   2.1065e-16
3430.00   1.3884e-16
3432.00   9.6136e-18
3434.00   5.1413e-18
3436.00   1.6710e-15
3438.00   3.0694e-17
3440.00   6.9634e-17
3442.00   9.3191e-17
3444.00   1.3939e-17
3446.00   5.9222e-18
3448.00   1.8963e-17
3450.00   1.0895e-17
3452.00   1.9748e-15
3454.00   3.5995e-16
3456.00   5.4478e-16
3458.00   5.0581e-17
3460.00   1.3457e-17
3462.00   3.1308e-20
3464.00   8.6921e-18
3466.00   3.1429e-17
3468.00   5.6076e-19
3470.00   2.5598e-16
3472.00   8.7355e-17
3474.00   9.2297e-18
3476.00   2.0516e-17
3478.00   1.1631e-16
3480.00   9.7245e-18
3482.00   4.0811e-16
3484.00   1.2042e-16
3486.00   3.1604e-16
3488.00   5.7782e-19
3490.00   3.5895e-16
3492.00   1.9670e-18
3494.00   5.2466e-17
3496.00   3.2729e-17
3498.00   2.0677e-16
3500.00   1.2473e-16
3502.00   7.9949e-18
3504.00   2.3884e-17
3506.00   8.5076e-18
3508.00   1.6410e-17
3510.00   2.0452e-17
3512.00   9.0189e-18
3514.00   3.1179e-18
3516.00   2.3071e-16
3518.00   3.2074e-18
3520.00   3.0232e-17
3522.00   8.9679e-16
3524.00   7.5338e-18
3526.00   2.4261e-16
3528.00   4.3471e-16
3530.00   7.7362e-17
3532.00   2.0904e-17
3534.00   9.0713e-19
3536.00   5.0009e-17
3538.00   7.0837e-17
3540.00   3.9067e-17
3542.00   4.6395e-17
3544.00   3.4689e-17
3546.00   1.2425e-18
3548.00   3.7856e-17
3550.00   2.2775e-17
3552.00   2.3631e-17
3554.00   1.0200e-16
3556.00   2.3056e-16
3558.00   2.5177e-16
3560.00   2.4998e-17
3562.00   1.9787e-17
3564.00   2.5592e-17
3566.00   1.1096e-16
3568.00   1.0380e-17
3570.00   1.1130e-17
3572.00   3.3469e-18
3574.00   1.7824e-18
3576.00   3.7737e-17
3578.00   3.2990e-18
3580.00   1.9741e-18
3582.00   1.5143e-19
3584.00   3.4445e-18
3586.00   1.3021e-16
3588.00   2.1851e-17
3590.00   3.0973e-16
3592.00   3.1240e-18
3594.00   5.1309e-18
3596.00   2.8037e-18
3598.00   7.3960e-18
3600.00   3.0963e-18
3602.00   2.4159e-17
3604.00   5.2563e-18
3606.00   3.1407e-17
3608.00   4.4754e-18
3610.00   5.9296e-18
3612.00   8.0527e-18
3614.00   3.6888e-17
3616.00   2.8576e-18
3618.00   1.2369e-17
3620.00   5.6083e-18
3622.00   7.6633e-16
3624.00   4.1127e-16
3626.00   1.1934e-18
3628.00   3.4756e-17
3630.00   1.3356e-18
3632.00   1.1566e-17
3634.00   1.7703e-18
3636.00   4.8918e-17
3638.00   1.9258e-17
3640.00   1.2236e-18
3642.00   6.2865e-16
3644.00   2.1794e-18
3646.00   1.2219e-17
3648.00   1.0028e-17
3650.00   2.6163e-18
3652.00   2.5546e-18
3654.00   5.2273e-19
3656.00   2.3735e-15
3658.00   7.9163e-18
3660.00   8.0545e-19
3662.00   1.2775e-17
3664.00   2.7871e-18
3666.00   2.0177e-18
3668.00   3.5887e-18
3670.00   8.3235e-19
3672.00   1.2933e-18
3674.00   3.3495e-18
3676.00   1.2099e-18
3678.00   4.2500e-19
3680.00   1.7797e-18
3682.00   1.0890e-17
3684.00   1.7475e-18
3686.00   3.6684e-17
3688.00   2.2744e-18
3690.00   4.4521e-18
3692.00   2.1689e-18
3694.00   3.0969e-17
3696.00   4.9978e-18
3698.00   5.6405e-17
3700.00   3.0492e-17
3702.00   4.0712e-21
3704.00   3.4791e-17
3706.00   4.3034e-19
3708.00   2.0741e-18
3710.00   1.0253e-16
3712.00   3.3988e-17
3714.00   7.6246e-18
3716.00   2.1666e-17
3718.00   2.5864e-18
3720.00   4.2651e-18
3722.00   6.1949e-18
3724.00   1.1188e-18
3726.00   1.6204e-17
3728.00   2.8261e-16
3730.00   6.9919e-18
3732.00   5.9686e-19
3734.00   2.7400e-18
3736.00   7.5146e-19
3738.00   9.7413e-18
3740.00   1.6123e-18
3742.00   4.9555e-18
3744.00   2.2320e-18
3746.00   8.2548e-18
3748.00   5.7828e-16
3750.00   2.5246e-17
3752.00   4.5836e-19
3754.00   3.5588e-17
3756.00   7.4235e-17
3758.00   5.8251e-17
3760.00   2.3250e-16
3762.00   3.9991e-16
3764.00   1.1745e-16
3766.00   1.8329e-18
3768.00   6.7865e-18
3770.00   1.6163e-18
3772.00   1.1533e-18
3774.00   1.0122e-18
3776.00   2.6002e-18
3778.00   1.9931e-17
3780.00   1.1253e-17
3782.00   2.9881e-17
3784.00   2.1635e-17
3786.00   7.8633e-17
3788.00   1.4705e-18
3790.00   1.3090e-18
3792.00   2.6588e-18
3794.00   7.6925e-19
3796.00   8.4884e-18
3798.00   1.0251e-17
3800.00   6.1005e-18
3802.00   9.2152e-18
3804.00   2.0687e-18
3806.00   9.0434e-19
3808.00   6.5398e-18
3810.00   5.0138e-18
3812.00   8.4486e-18
3814.00   6.6050e-17
3816.00   7.9992e-20
3818.00   4.0632e-19
3820.00   1.9687e-17
3822.00   8.6392e-18
3824.00   1.7993e-16
3826.00   3.5063e-19
3828.00   8.6250e-17
3830.00   7.0546e-18
3832.00   7.6761e-20
3834.00   2.9334e-18
3836.00   2.7052e-19
3838.00   6.1651e-18
3840.00   1.0548e-18
3842.00   3.2245e-19
3844.00   2.5598e-18
3846.00   5.2128e-17
3848.00   5.9916e-18
3850.00   5.6357e-20
3852.00   1.0191e-18
3854.00   2.7430e-19
3856.00   9.5154e-18
3858.00   1.7972e-18
3860.00   5.0270e-18
3862.00   4.3417e-18
3864.00   5.1866e-18
3866.00   1.7554e-18
3868.00   1.6064e-18
3870.00   2.2738e-18
3872.00   6.8249e-17
3874.00   2.3821e-18
3876.00   1.9537e-17
3878.00   6.3829e-18
3880.00   2.7846e-18
3882.00   8.7884e-18
3884.00   3.9682e-17
3886.00   7.6485e-19
3888.00   4.1131e-20
3890.00   7.9303e-19
3892.00   9.6640e-20
3894.00   2.1276e-18
3896.00   8.0098e-18
3898.00   8.1162e-20
3900.00   4.2681e-18
3902.00   9.7867e-20
3904.00   7.1108e-17
3906.00   1.9229e-16
3908.00   1.6384e-17
3910.00   3.0613e-16
3912.00   1.4938e-18
3914.00   1.9851e-17
3916.00   1.8647e-17
3918.00   3.0676e-17
3920.00   6.4591e-18
3922.00   2.9451e-17
3924.00   1.1301e-17
3926.00   2.2863e-18
3928.00   1.4774e-16
3930.00   3.3711e-18
3932.00   5.5273e-17
3934.00   1.0579e-18
3936.00   2.2203e-16
3938.00   8.5691e-17
3940.00   1.3518e-17
3942.00   7.4488e-19
3944.00   2.6700e-18
3946.00   3.3377e-18
3948.00   2.5599e-19
3950.00   3.8274e-17
3952.00   6.0851e-18
3954.00   6.5984e-18
3956.00   8.2416e-19
3958.00   9.2493e-18
3960.00   1.0929e-16
3962.00   1.4129e-17
3964.00   2.5926e-17
3966.00   3.0050e-17
3968.00   6.1795e-19
3970.00   1.5799e-17
3972.00   1.9184e-17
3974.00   1.1209e-16
3976.00   3.1727e-17
3978.00   1.7813e-17
3980.00   9.4584e-19
3982.00   2.3075e-17
3984.00   1.4253e-17
3986.00   6.7224e-19
3988.00   3.3309e-18
3990.00   4.8887e-17
3992.00   2.2838e-18
3994.00   1.1598e-18
3996.00   9.1690e-17
3998.00   2.7020e-19
4000.00   1.4535e-17
4002.00   2.1042e-16
4004.00   2.6489e-17
4006.00   1.0868e-19
4008.00   2.3943e-17
4010.00   1.7338e-18
4012.00   3.4872e-18
4014.00   1.1742e-17
4016.00   2.0607e-17
4018.00   2.2597e-18
4020.00   1.3580e-17
4022.00   3.6785e-17
4024.00   7.9059e-17
4026.00   1.5277e-18
4028.00   1.3778e-17
4030.00   2.7471e-20
4032.00   2.5624e-18
4034.00   4.4183e-18
4036.00   2.6365e-18
4038.00   2.4820e-19
4040.00   1.7368e-18
4042.00   2.9647e-18
4044.00   6.7427e-19
4046.00   2.1822e-18
4048.00   8.0850e-19
4050.00   3.7398e-19
4052.00   4.3282e-18
4054.00   6.3426e-20
4056.00   1.1763e-18
4058.00   7.7297e-17
4060.00   3.6936e-19
4062.00   3.0403e-16
4064.00   5.7929e-19
4066.00   5.2720e-20
4068.00   9.4587e-17
4070.00   6.3937e-17
4072.00   7.0272e-19
4074.00   4.0493e-17
4076.00   4.5375e-17
4078.00   3.5156e-16
4080.00   5.9330e-18
4082.00   8.1136e-19
4084.00   8.5642e-18
4086.00   3.8366e-18
4088.00   2.6938e-18
4090.00   5.7950e-19
4092.00   6.8819e-17
4094.00   2.5729e-17
4096.00   1.8746e-18
4098.00   1.5134e-17
4100.00   1.5536e-18
4102.00   5.6067e-18
4104.00   4.3713e-18
4106.00   9.4488e-18
4108.00   1.9099e-17
4110.00   6.4672e-18
4112.00   4.2939e-17
4114.00   3.9948e-18
4116.00   3.4070e-19
4118.00   2.3495e-18
4120.00   6.9191e-19
4122.00   1.7385e-17
4124.00   3.4559e-18
4126.00   6.8295e-19
4128.00   2.4326e-17
4130.00   4.2449e-19
4132.00   2.1906e-18
4134.00   1.4949e-18
4136.00   1.6556e-17
4138.00   5.5712e-18
4140.00   3.7268e-18
4142.00   5.3260e-19
4144.00   6.1458e-17
4146.00   8.2686e-19
4148.00   1.7111e-17
4150.00   1.5705e-17
4152.00   9.0145e-18
4154.00   1.7550e-17
4156.00   1.9551e-18
4158.00   1.6673e-17
4160.00   1.3668e-18
4162.00   6.1214e-17
4164.00   1.8563e-18
4166.00   2.1307e-18
4168.00   8.0648e-18
4170.00   2.1354e-19
4172.00   5.5684e-18
4174.00   1.8187e-16
4176.00   1.1915e-17
4178.00   7.7051e-17
4180.00   1.5513e-16
4182.00   1.7047e-17
4184.00   1.8809e-18
4186.00   3.4286e-18
4188.00   2.1395e-17
4190.00   3.8961e-18
4192.00   1.0703e-20
4194.00   3.5290e-19
4196.00   1.6827e-18
4198.00   7.4450e-19
4200.00   1.5258e-18
4202.00   3.3515e-17
4204.00   3.1948e-19
4206.00   5.4059e-19
4208.00   2.7547e-18
4210.00   1.1970e-16
4212.00   1.2273e-18
4214.00   9.8626e-18
4216.00   1.9292e-19
4218.00   8.8377e-19
4220.00   2.2025e-18
4222.00   1.1925e-17
4224.00   6.2060e-17
4226.00   9.9752e-18
4228.00   1.3005e-18
4230.00   1.4488e-20
4232.00   1.7212e-17
4234.00   8.8967e-16
4236.00   6.3533e-18
4238.00   8.0958e-18
4240.00   8.7103e-19
4242.00   1.2218e-18
4244.00   5.6683e-17
4246.00   2.9477e-20
4248.00   2.1809e-16
4250.00   1.0133e-17
4252.00   8.4657e-19
4254.00   1.5501e-18
4256.00   2.2497e-16
4258.00   1.3787e-17
4260.00   1.6192e-19
4262.00   7.2808e-20
4264.00   2.6464e-18
4266.00   1.9326e-18
4268.00   4.6362e-18
4270.00   1.7703e-18
4272.00   4.7591e-20
4274.00   2.7110e-17
4276.00   2.8068e-17
4278.00   6.0673e-18
4280.00   1.2480e-18
4282.00   3.0515e-17
4284.00   1.6035e-19
4286.00   5.0473e-18
4288.00   2.9644e-17
4290.00   3.3288e-18
4292.00   3.7797e-16
4294.00   2.3945e-19
4296.00   3.1424e-17
4298.00   2.9978e-19
4300.00   1.6911e-16
4302.00   2.3702e-16
4304.00   1.8284e-16
4306.00   7.8953e-18
4308.00   8.5570e-21
4310.00   1.1640e-18
4312.00   1.4869e-16
4314.00   3.2606e-17
4316.00   1.1829e-18
4318.00   2.8518e-17
4320.00   1.2684e-17
4322.00   7.7128e-18
4324.00   9.8861e-20
4326.00   3.4699e-17
4328.00   4.1990e-18
4330.00   7.6265e-18
4332.00   1.3160e-16
4334.00   6.0158e-20
4336.00   2.7486e-18
4338.00   3.1778e-17
4340.00   3.0308e-16
4342.00   4.4401e-18
4344.00   2.4787e-17
4346.00   1.3858e-17
4348.00   2.1793e-18
4350.00   6.7065e-19
4352.00   3.7681e-16
4354.00   1.7349e-18
4356.00   5.7367e-18
4358.00   9.6532e-17
4360.00   2.5836e-17
4362.00   2.5519e-17
4364.00   1.0694e-17
4366.00   2.9541e-18
4368.00   6.5675e-19
4370.00   9.2043e-18
4372.00   4.4144e-16
4374.00   6.1740e-19
4376.00   8.1439e-18
4378.00   5.8422e-18
4380.00   2.7734e-18
4382.00   1.4547e-18
4384.00   3.0189e-17
4386.00   1.3006e-16
4388.00   4.6324e-19
4390.00   2.5636e-22
4392.00   3.3570e-18
4394.00   2.2164e-18
4396.00   4.1857e-19
4398.00   5.0761e-17
4400.00   2.5987e-18
4402.00   9.3861e-18
4404.00   2.3490e-20
4406.00   3.7213e-18
4408.00   6.1087e-19
4410.00   1.8051e-17
4412.00   3.2850e-19
4414.00   1.8288e-16
4416.00   1.3542e-16
4418.00   6.2665e-19
4420.00   4.6211e-19
4422.00   1.3439e-17
4424.00   2.4473e-18
4426.00   1.6532e-18
4428.00   1.3854e-19
4430.00   1.1626e-17
4432.00   3.2676e-18
4434.00   3.4293e-18
4436.00   7.8572e-19
4438.00   2.5320e-19
4440.00   1.2905e-17
4442.00   5.3793e-18
4444.00   1.4927e-17
4446.00   1.7706e-17
4448.00   1.9289e-18
4450.00   1.4962e-18
4452.00   6.5694e-17
4454.00   2.2703e-18
4456.00   3.2264e-17
4458.00   2.7580e-18
4460.00   1.0596e-18
4462.00   2.7935e-17
4464.00   1.0919e-18
4466.00   8.0915e-18
4468.00   1.5594e-19
4470.00   2.7820e-19
4472.00   9.9936e-17
4474.00   2.7002e-17
4476.00   1.1340e-18
4478.00   2.4718e-18
4480.00   1.2012e-17
4482.00   2.9162e-20
4484.00   3.7995e-20
4486.00   2.2202e-19
4488.00   2.1730e-18
4490.00   1.0920e-16
4492.00   4.5307e-17
4494.00   8.2689e-19
4496.00   1.4684e-19
4498.00   6.5285e-19
4500.00   8.5134e-19
4502.00   7.9763e-19
4504.00   2.5250e-18
4506.00   6.1207e-18
4508.00   2.3825e-16
4510.00   5.3941e-18
4512.00   2.1756e-19
4514.00   6.0132e-19
4516.00   4.6841e-17
4518.00   2.1257e-19
4520.00   1.3007e-16
4522.00   3.3355e-16
4524.00   3.5543e-18
4526.00   1.6749e-17
4528.00   3.6801e-19
4530.00   5.9089e-18
4532.00   3.9894e-19
4534.00   1.6667e-17
4536.00   1.9842e-18
4538.00   1.6679e-18
4540.00   2.1773e-20
4542.00   1.3838e-16
4544.00   1.6246e-18
4546.00   4.0364e-19
4548.00   1.1423e-18
4550.00   3.9575e-16
4552.00   1.8176e-19
4554.00   7.2684e-19
4556.00   6.9453e-17
4558.00   4.4798e-20
4560.00   8.0286e-19
4562.00   1.4363e-18
4564.00   1.1075e-18
4566.00   2.5366e-20
4568.00   6.7114e-19
4570.00   3.5792e-18
4572.00   4.4136e-19
4574.00   1.6253e-19
4576.00   2.1280e-16
4578.00   1.4174e-18
4580.00   1.8335e-17
4582.00   2.9445e-17
4584.00   4.4818e-16
4586.00   4.2915e-18
4588.00   2.0233e-18
4590.00   9.6915e-19
4592.00   2.3991e-18
4594.00   1.0291e-18
4596.00   5.5944e-17
4598.00   3.0216e-17
4600.00   8.0455e-22
4602.00   1.3489e-19
4604.00   6.1047e-18
4606.00   1.6023e-18
4608.00   2.8046e-19
4610.00   1.7728e-18
4612.00   4.7732e-18
4614.00   6.7665e-19
4616.00   2.6167e-19
4618.00   6.2779e-19
4620.00   1.6369e-16
4622.00   4.6989e-19
4624.00   7.2722e-18
4626.00   4.0340e-18
4628.00   2.0178e-18
4630.00   1.5705e-16
4632.00   4.5696e-18
4634.00   7.9671e-18
4636.00   1.8030e-18
4638.00   8.9050e-18
4640.00   1.4612e-18
4642.00   5.9218e-19
4644.00   3.9744e-19
4646.00   2.7477e-21
4648.00   1.9291e-17
4650.00   5.5435e-19
4652.00   2.9254e-18
4654.00   1.3609e-19
4656.00   1.3634e-18
4658.00   4.9128e-19
4660.00   1.2084e-19
4662.00   7.4085e-20
4664.00   4.5863e-18
4666.00   2.7981e-17
4668.00   7.0171e-19
4670.00   4.5967e-18
4672.00   1.1626e-19
4674.00   1.1771e-20
4676.00   3.8956e-19
4678.00   1.3246e-18
4680.00   3.2925e-20
4682.00   8.4196e-21
4684.00   1.9819e-18
4686.00   1.8489e-18
4688.00   9.1523e-19
4690.00   2.7664e-19
4692.00   2.3502e-19
4694.00   7.1155e-20
4696.00   1.0509e-17
4698.00   2.4187e-18
4700.00   1.0757e-18
4702.00   1.9786e-18
4704.00   4.9413e-19
4706.00   1.0192e-18
4708.00   2.4622e-18
4710.00   1.5322e-18
4712.00   2.5720e-21
4714.00   2.7409e-19
4716.00   4.6444e-19
4718.00   1.4690e-18
4720.00   8.4358e-19
4722.00   4.7454e-18
4724.00   2.8920e-19
4726.00   5.0719e-19
4728.00   6.1436e-18
4730.00   4.2711e-19
4732.00   3.4591e-18
4734.00   3.7334e-19
4736.00   2.1847e-20
4738.00   9.9112e-18
4740.00   2.9633e-19
4742.00   1.0133e-18
4744.00   9.2537e-18
4746.00   6.9791e-19
4748.00   1.9134e-19
4750.00   3.5028e-18
4752.00   2.5394e-19
4754.00   1.4168e-18
4756.00   6.6706e-19
4758.00   2.5164e-19
4760.00   6.5517e-18
4762.00   3.9991e-19
4764.00   2.6099e-20
4766.00   5.9277e-20
4768.00   9.3668e-19
4770.00   5.6005e-20
4772.00   4.2990e-19
4774.00   2.8853e-18
4776.00   2.9845e-19
4778.00   1.4925e-17
4780.00   2.6868e-19
4782.00   2.8098e-20
4784.00   2.1297e-20
4786.00   5.7909e-20
4788.00   2.4506e-21
4790.00   7.7655e-20
4792.00   5.5559e-19
4794.00   6.9019e-21
4796.00   1.6907e-18
4798.00   1.8097e-18
4800.00   1.2822e-20
4802.00   7.8415e-19
4804.00   1.9530e-18
4806.00   3.2622e-19
4808.00   9.5747e-19
4810.00   4.3154e-18
4812.00   4.4400e-19
4814.00   6.3687e-18
4816.00   1.1546e-18
4818.00   1.4017e-19
4820.00   6.4092e-20
4822.00   1.1623e-19
4824.00   2.0350e-18
4826.00   5.9797e-17
4828.00   5.2026e-20
4830.00   1.1013e-18
4832.00   7.4426e-17
4834.00   1.5117e-17
4836.00   6.0258e-19
4838.00   1.3827e-19
4840.00   1.8312e-18
4842.00   1.6210e-18
4844.00   9.6047e-18
4846.00   1.5410e-18
4848.00   7.7473e-19
4850.00   1.7551e-19
4852.00   3.2063e-19
4854.00   9.9316e-20
4856.00   2.0122e-19
4858.00   5.8332e-20
4860.00   1.8540e-19
4862.00   1.2537e-19
4864.00   1.1981e-19
4866.00   2.1289e-18
4868.00   1.2544e-18
4870.00   5.0754e-19
4872.00   6.7344e-18
4874.00   4.6473e-18
4876.00   5.4971e-17
4878.00   2.7534e-19
4880.00   2.9954e-18
4882.00   8.0078e-22
4884.00   8.7305e-19
4886.00   4.0767e-19
4888.00   2.1763e-19
4890.00   7.5001e-17
4892.00   3.2667e-18
4894.00   1.9671e-18
4896.00   6.1997e-18
4898.00   1.3079e-17
4900.00   2.1638e-19
4902.00   9.7441e-17
4904.00   4.9724e-19
4906.00   4.2554e-18
4908.00   5.9079e-21
4910.00   4.5630e-20
4912.00   4.3809e-18
4914.00   1.0123e-21
4916.00   3.8431e-20
4918.00   7.4288e-20
4920.00   8.8115e-19
4922.00   1.1350e-17
4924.00   7.0601e-16
4926.00   3.8675e-19
4928.00   2.4994e-18
4930.00   1.3299e-20
4932.00   9.4367e-18
4934.00   8.8097e-20
4936.00   6.6319e-18
4938.00   1.3796e-19
4940.00   3.5332e-19
4942.00   3.7316e-19
4944.00   3.9400e-19
4946.00   4.0777e-18
4948.00   9.2328e-18
4950.00   3.1544e-18
4952.00   4.7376e-17
4954.00   4.1023e-17
4956.00   1.0232e-19
4958.00   1.0875e-19
4960.00   1.3791e-19
4962.00   2.7958e-18
4964.00   4.8829e-20
4966.00   3.9041e-20
4968.00   1.0093e-18
4970.00   6.1442e-19
4972.00   5.5419e-19
4974.00   3.2422e-18
4976.00   1.0247e-16
4978.00   1.7722e-19
4980.00   3.9886e-19
4982.00   1.4309e-19
4984.00   4.8852e-21
4986.00   9.4992e-20
4988.00   8.2052e-17
4990.00   2.4799e-20
4992.00   3.9128e-18
4994.00   7.9536e-19
4996.00   3.0561e-19
4998.00   1.9026e-17
5000.00   2.9214e-17
5002.00   6.0959e-20
5004.00   1.1353e-18
5006.00   1.2463e-17
5008.00   4.1383e-20
5010.00   3.1793e-20
5012.00   1.3281e-20
5014.00   3.6882e-19
5016.00   9.1189e-18
5018.00   9.8068e-16
5020.00   1.1362e-17
5022.00   5.3393e-18
5024.00   1.0044e-19
5026.00   5.1810e-20
5028.00   8.9137e-19
5030.00   1.6816e-17
5032.00   4.3253e-21
5034.00   1.2886e-19
5036.00   1.3291e-19
5038.00   6.7795e-22
5040.00   4.4987e-18
5042.00   8.4979e-19
5044.00   2.0939e-18
5046.00   1.7934e-16
5048.00   1.1746e-17
5050.00   4.7667e-18
5052.00   2.9835e-19
5054.00   4.8474e-19
5056.00   6.8998e-20
5058.00   4.9989e-20
5060.00   7.3039e-18
5062.00   1.0472e-19
5064.00   4.1894e-20
5066.00   5.4588e-17
5068.00   8.4316e-21
5070.00   1.2716e-19
5072.00   1.4040e-17
5074.00   1.7132e-17
5076.00   5.6369e-18
5078.00   5.7019e-19
5080.00   3.4442e-18
5082.00   4.5930e-21
5084.00   3.9299e-18
5086.00   4.3301e-19
5088.00   1.4838e-19
5090.00   9.2737e-19
5092.00   1.4247e-20
5094.00   1.3731e-17
5096.00   2.2795e-17
5098.00   2.3358e-20
5100.00   9.7329e-17
5102.00   3.5666e-19
5104.00   1.1336e-19
5106.00   3.8227e-19
5108.00   2.5690e-18
5110.00   3.9793e-20
5112.00   5.5140e-18
5114.00   2.1677e-21
5116.00   3.5591e-19
5118.00   9.1899e-22
5120.00   2.0408e-19
5122.00   4.5598e-19
5124.00   6.7310e-18
5126.00   4.8353e-18
5128.00   1.9150e-17
5130.00   1.7576e-18
5132.00   4.5844e-19
5134.00   1.3486e-18
5136.00   2.7803e-19
5138.00   7.0527e-20
5140.00   5.9057e-20
5142.00   5.6267e-21
5144.00   1.2071e-18
5146.00   6.2047e-19
5148.00   2.2893e-20
5150.00   5.7152e-19
5152.00   1.3089e-20
5154.00   4.3611e-19
5156.00   6.8357e-21
5158.00   4.6173e-17
5160.00   2.9975e-17
5162.00   2.1131e-19
5164.00   1.4941e-18
5166.00   1.4897e-18
5168.00   1.3421e-18
5170.00   1.0318e-15
5172.00   1.4430e-17
5174.00   5.5716e-23
5176.00   6.2025e-20
5178.00   3.5602e-20
5180.00   6.0068e-20
5182.00   2.5014e-18
5184.00   2.9644e-18
5186.00   3.2598e-18
5188.00   2.9823e-18
5190.00   3.9678e-21
5192.00   9.6050e-18
5194.00   5.4834e-19
5196.00   2.5784e-21
5198.00   2.7334e-16
5200.00   3.0108e-19
5202.00   3.2441e-21
5204.00   3.2385e-19
5206.00   1.1476e-17
5208.00   1.2058e-20
5210.00   1.2003e-17
5212.00   5.8426e-19
5214.00   4.2830e-20
5216.00   3.4460e-18
5218.00   9.4870e-18
5220.00   8.5422e-19
5222.00   6.2899e-21
5224.00   4.4320e-20
5226.00   1.3090e-18
5228.00   1.7379e-17
5230.00   3.7344e-23
5232.00   1.0783e-18
5234.00   3.3585e-16
5236.00   9.1282e-18
5238.00   1.2928e-18
5240.00   2.4147e-18
5242.00   3.6584e-19
5244.00   4.5697e-18
5246.00   2.1692e-19
5248.00   1.8165e-19
5250.00   3.2013e-18
5252.00   3.6110e-18
5254.00   3.2844e-17
5256.00   1.4617e-18
5258.00   8.8396e-18
5260.00   1.5944e-17
5262.00   1.8007e-17
5264.00   8.7153e-18
5266.00   2.1455e-21
5268.00   3.0396e-18
5270.00   9.6743e-19
5272.00   1.1933e-16
5274.00   1.7959e-17
5276.00   4.5641e-16
5278.00   3.4847e-18
5280.00   1.1072e-18
5282.00   4.0863e-20
5284.00   1.3216e-16
5286.00   9.9628e-19
5288.00   1.6386e-19
5290.00   9.1693e-19
5292.00   2.5554e-18
5294.00   1.4421e-18
5296.00   1.3143e-18
5298.00   6.1333e-18
5300.00   2.3825e-19
5302.00   7.5932e-20
5304.00   3.0040e-18
5306.00   7.6760e-21
5308.00   2.3824e-19
5310.00   3.2546e-19
5312.00   3.0805e-20
5314.00   9.7214e-18
5316.00   6.2821e-16
5318.00   2.8157e-20
5320.00   1.8165e-18
5322.00   8.5118e-19
5324.00   3.7222e-17
5326.00   3.8850e-17
5328.00   1.0892e-19
5330.00   1.9710e-19
5332.00   1.0155e-18
5334.00   1.2105e-17
5336.00   3.0083e-18
5338.00   2.1207e-18
5340.00   1.0917e-18
5342.00   1.0234e-19
5344.00   9.2465e-19
5346.00   1.0167e-18
5348.00   9.4008e-19
5350.00   2.3981e-19
5352.00   1.5340e-18
5354.00   8.5632e-19
5356.00   1.9174e-19
5358.00   4.0833e-17
5360.00   4.4969e-19
5362.00   2.4620e-17
5364.00   5.3426e-18
5366.00   2.0895e-19
5368.00   3.8594e-19
5370.00   8.4595e-19
5372.00   4.5271e-20
5374.00   8.9421e-22
5376.00   8.6644e-18
5378.00   3.8339e-19
5380.00   2.5102e-18
5382.00   2.4875e-18
5384.00   1.5136e-17
5386.00   2.4341e-19
5388.00   9.8795e-18
5390.00   9.5817e-20
5392.00   6.1161e-20
5394.00   1.6884e-18
5396.00   5.2517e-19
5398.00   5.4091e-20
5400.00   2.1724e-19
5402.00   3.7085e-19
5404.00   2.4036e-20
5406.00   8.9588e-19
5408.00   1.2776e-18
5410.00   4.3436e-18
5412.00   4.0136e-18
5414.00   2.0652e-18
5416.00   6.2036e-19
5418.00   1.7095e-19
5420.00   1.1821e-18
5422.00   1.4988e-18
5424.00   1.3986e-18
5426.00   2.6928e-17
5428.00   6.6636e-17
5430.00   7.3613e-21
5432.00   8.4982e-19
5434.00   5.9948e-18
5436.00   3.4581e-20
5438.00   8.4869e-18
5440.00   5.3173e-18
5442.00   2.6519e-19
5444.00   3.1724e-18
5446.00   3.5922e-18
5448.00   4.9534e-20
5450.00   1.1291e-17
5452.00   6.3688e-19
5454.00   4.1377e-19
5456.00   6.2571e-20
5458.00   4.7308e-19
5460.00   1.2758e-18
5462.00   5.7865e-24
5464.00   1.0009e-21
5466.00   1.9926e-17
5468.00   4.1204e-18
5470.00   1.6143e-19
5472.00   1.3927e-19
5474.00   4.7419e-20
5476.00   2.2973e-20
5478.00   1.9967e-18
5480.00   1.0191e-19
5482.00   3.4977e-19
5484.00   1.2849e-18
5486.00   6.0155e-19
5488.00   1.0985e-17
5490.00   1.7514e-19
5492.00   1.5712e-20
5494.00   4.2768e-22
5496.00   2.4257e-18
5498.00   1.7544e-18
5500.00   1.5773e-17
5502.00   9.8650e-18
5504.00   1.1300e-18
5506.00   1.4678e-18
5508.00   5.4825e-19
5510.00   1.3684e-17
5512.00   5.8407e-20
5514.00   2.3645e-18
5516.00   8.0804e-21
5518.00   2.8067e-18
5520.00   4.7429e-18
5522.00   5.5575e-19
5524.00   6.6775e-21
5526.00   2.1519e-17
5528.00   1.6803e-18
5530.00   4.3804e-17
5532.00   6.0053e-18
5534.00   1.8412e-18
5536.00   1.0229e-18
5538.00   1.6085e-18
5540.00   1.3983e-18
5542.00   2.1850e-18
5544.00   1.2120e-17
5546.00   1.5477e-19
5548.00   3.4025e-19
5550.00   7.5720e-20
5552.00   2.1427e-18
5554.00   1.0891e-18
5556.00   8.7773e-19
5558.00   4.0150e-20
5560.00   5.8945e-19
5562.00   7.7446e-20
5564.00   6.2471e-22
5566.00   4.2710e-18
5568.00   3.5159e-17
5570.00   2.1713e-18
5572.00   1.6031e-18
5574.00   8.2249e-19
5576.00   3.7346e-21
5578.00   3.7821e-19
5580.00   2.9329e-18
5582.00   1.9037e-17
5584.00   5.1502e-20
5586.00   2.2392e-19
5588.00   2.8386e-17
5590.00   1.1000e-19
5592.00   4.6191e-20
5594.00   1.5302e-21
5596.00   9.8103e-18
5598.00   2.6913e-20
5600.00   6.6323e-19
5602.00   3.7207e-19
5604.00   1.4115e-20
5606.00   2.2981e-20
5608.00   5.1570e-18
5610.00   1.9399e-20
5612.00   7.4863e-19
5614.00   1.3624e-18
5616.00   1.5163e-18
5618.00   5.7341e-18
5620.00   7.2851e-19
5622.00   3.5874e-19
5624.00   1.0255e-17
5626.00   1.8523e-17
5628.00   5.2144e-18
5630.00   4.6223e-19
5632.00   6.4898e-19
5634.00   2.9815e-19
5636.00   2.4380e-20
5638.00   1.3633e-18
5640.00   4.8392e-18
5642.00   9.3495e-22
5644.00   1.4854e-18
5646.00   1.8490e-23
5648.00   4.7198e-19
5650.00   1.4916e-18
5652.00   4.8735e-18
5654.00   3.1809e-19
5656.00   2.9479e-18
5658.00   2.5122e-18
5660.00   1.0851e-19
5662.00   1.9114e-19
5664.00   7.4904e-18
5666.00   1.0456e-18
5668.00   7.0568e-20
5670.00   2.7399e-16
5672.00   4.4579e-21
5674.00   6.0203e-18
5676.00   2.8545e-18
5678.00   7.9494e-19
5680.00   2.9992e-19
5682.00   6.2852e-19
5684.00   2.5530e-20
5686.00   1.1338e-21
5688.00   3.5392e-21
5690.00   4.1093e-16
5692.00   9.8781e-19
5694.00   7.9919e-22
5696.00   2.8605e-19
5698.00   1.4087e-22
5700.00   2.0281e-17
5702.00   7.0145e-20
5704.00   2.0931e-18
5706.00   2.5446e-18
5708.00   2.1375e-19
5710.00   2.2512e-19
5712.00   1.4438e-18
5714.00   4.9302e-20
5716.00   8.5288e-19
5718.00   1.0830e-17
5720.00   6.2584e-21
5722.00   4.4699e-19
5724.00   7.4761e-21
5726.00   8.3121e-19
5728.00   8.1296e-19
5730.00   2.7689e-18
5732.00   5.4230e-18
5734.00   4.8143e-19
5736.00   3.0623e-22
5738.00   2.9413e-19
5740.00   2.8456e-20
5742.00   2.3850e-19
5744.00   1.9678e-18
5746.00   2.0026e-17
5748.00   6.8344e-19
5750.00   9.3151e-19
5752.00   2.0622e-19
5754.00   1.4889e-17
5756.00   5.6770e-19
5758.00   3.5139e-18
5760.00   2.7272e-19
5762.00   3.0293e-19
5764.00   2.4028e-21
5766.00   1.2397e-17
5768.00   4.3435e-19
5770.00   7.1591e-20
5772.00   5.1037e-20
5774.00   4.9426e-20
5776.00   2.0792e-19
5778.00   1.3953e-20
5780.00   2.4534e-19
5782.00   4.1909e-18
5784.00   1.0131e-18
5786.00   6.9083e-20
5788.00   2.9838e-20
5790.00   1.5763e-18
5792.00   8.5493e-19
5794.00   6.0234e-21
5796.00   1.6672e-17
5798.00   3.1060e-18
5800.00   5.1493e-20
5802.00   8.8183e-18
5804.00   3.3417e-19
5806.00   1.8455e-19
5808.00   1.4240e-18
5810.00   1.5898e-18
5812.00   1.2866e-18
5814.00   2.1048e-17
5816.00   1.0483e-20
5818.00   3.7176e-21
5820.00   3.0130e-25
5822.00   9.6605e-19
5824.00   2.3326e-18
5826.00   3.7184e-18
5828.00   6.9208e-21
5830.00   2.3833e-18
5832.00   1.5363e-18
5834.00   6.9347e-19
5836.00   2.3741e-17
5838.00   2.6730e-20
5840.00   6.7724e-21
5842.00   9.4810e-18
5844.00   3.8221e-20
5846.00   4.5522e-21
5848.00   4.3278e-19
5850.00   1.6440e-19
5852.00   1.1438e-18
5854.00   1.2796e-19
5856.00   1.5103e-19
5858.00   6.1841e-19
5860.00   6.6033e-18
5862.00   1.8686e-18
5864.00   3.1931e-20
5866.00   3.8374e-20
5868.00   1.8510e-18
5870.00   4.4768e-18
5872.00   2.2450e-20
5874.00   4.5103e-19
5876.00   1.8585e-20
5878.00   1.6324e-19
5880.00   4.6238e-18
5882.00   8.7621e-20
5884.00   4.0265e-20
5886.00   3.0442e-19
5888.00   1.6724e-19
5890.00   2.6103e-21
5892.00   9.6341e-18
5894.00   2.0225e-20
5896.00   3.1142e-18
5898.00   2.4667e-19
5900.00   2.7943e-20
5902.00   2.8307e-18
5904.00   3.2526e-19
5906.00   1.2944e-19
5908.00   1.4402e-19
5910.00   1.1388e-19
5912.00   2.0012e-20
5914.00   2.6201e-16
5916.00   8.6137e-21
5918.00   2.0982e-20
5920.00   1.0857e-18
5922.00   1.7642e-18
5924.00   8.0572e-20
5926.00   5.1199e-19
5928.00   2.8741e-21
5930.00   1.3913e-18
5932.00   8.5002e-19
5934.00   5.6898e-21
5936.00   6.2374e-22
5938.00   9.4251e-20
5940.00   2.3761e-19
5942.00   1.9832e-19
5944.00   4.8538e-18
5946.00   6.9875e-19
5948.00   9.8510e-19
5950.00   1.5089e-19
5952.00   3.4569e-17
5954.00   5.8926e-21
5956.00   1.2864e-17
5958.00   6.6214e-21
5960.00   7.2523e-21
5962.00   1.1054e-16
5964.00   4.9035e-20
5966.00   2.3838e-22
5968.00   2.3229e-18
5970.00   1.0010e-21
5972.00   3.1892e-19
5974.00   4.2114e-19
5976.00   3.1579e-20
5978.00   2.6939e-21
5980.00   1.2794e-20
5982.00   3.4614e-18
5984.00   1.7754e-18
5986.00   2.9486e-19
5988.00   2.8778e-19
5990.00   5.3245e-20
5992.00   1.4066e-18
5994.00   3.4717e-19
5996.00   3.1568e-19
5998.00   3.6921e-19
6000.00   1.2324e-20
6002.00   7.5651e-20
6004.00   4.1638e-18
6006.00   5.2407e-18
6008.00   2.4155e-20
6010.00   5.9440e-21
6012.00   3.7971e-21
6014.00   6.4609e-19
6016.00   3.0240e-18
6018.00   2.6217e-18
6020.00   1.0271e-20
6022.00   4.2291e-20
6024.00   6.7328e-20
6026.00   2.0095e-21
6028.00   2.7031e-19
6030.00   1.8436e-19
6032.00   3.2064e-18
6034.00   2.1547e-17
6036.00   2.1002e-18
6038.00   9.4471e-21
6040.00   7.8456e-19
6042.00   2.5095e-22
6044.00   6.7669e-18
6046.00   8.3688e-18
6048.00   1.3452e-18
6050.00   5.9858e-17
6052.00   1.2536e-19
6054.00   2.0082e-20
6056.00   9.1076e-23
6058.00   1.2014e-18
6060.00   1.1212e-17
6062.00   3.1613e-20
6064.00   4.8879e-19
6066.00   2.6744e-23
6068.00   1.0615e-18
6070.00   1.4844e-18
6072.00   1.9609e-18
6074.00   2.1542e-19
6076.00   4.5224e-20
6078.00   1.2626e-16
6080.00   1.6541e-18
6082.00   5.3772e-21
6084.00   7.7798e-19
6086.00   2.7000e-20
6088.00   2.8440e-18
6090.00   4.7108e-22
6092.00   3.0194e-20
6094.00   6.3627e-20
6096.00   2.8228e-19
6098.00   1.2391e-19
6100.00   1.7646e-19
6102.00   4.6565e-23
6104.00   1.0417e-17
6106.00   1.8378e-18
6108.00   1.1385e-18
6110.00   1.0797e-24
6112.00   3.1182e-20
6114.00   6.7543e-19
6116.00   5.1394e-19
6118.00   1.2943e-18
6120.00   1.5935e-18
6122.00   4.4365e-18
6124.00   3.5580e-22
6126.00   3.1288e-19
6128.00   5.3573e-25
6130.00   7.3685e-19
6132.00   2.2666e-21
6134.00   3.7909e-18
6136.00   3.0789e-20
6138.00   2.9032e-21
6140.00   2.9303e-22
6142.00   5.6080e-20
6144.00   1.4979e-20
6146.00   1.3751e-18
6148.00   2.9865e-17
6150.00   2.9127e-17
6152.00   1.1996e-18
6154.00   3.8906e-18
6156.00   8.8721e-18
6158.00   1.3834e-18
6160.00   4.6979e-19
6162.00   8.0786e-21
6164.00   1.0794e-18
6166.00   1.9592e-18
6168.00   7.3253e-20
6170.00   6.7811e-21
6172.00   3.2560e-17
6174.00   3.9267e-20
6176.00   1.6543e-17
6178.00   2.2015e-20
6180.00   1.7053e-17
6182.00   1.0189e-21
6184.00   1.4732e-18
6186.00   8.4612e-17
6188.00   2.0129e-18
6190.00   1.9095e-18
6192.00   2.1362e-19
6194.00   3.9004e-21
6196.00   3.6271e-19
6198.00   1.4869e-18
6200.00   2.7150e-17
6202.00   1.0473e-18
6204.00   2.6499e-19
6206.00   1.0607e-20
6208.00   1.2993e-20
6210.00   3.2054e-20
6212.00   6.4006e-25
6214.00   1.2901e-18
6216.00   1.0156e-20
6218.00   4.2429e-21
6220.00   2.6297e-19
6222.00   7.9443e-19
6224.00   1.6481e-20
6226.00   2.7190e-25
6228.00   7.9944e-19
6230.00   1.1596e-18
6232.00   2.0928e-18
6234.00   1.1090e-16
6236.00   1.9835e-19
6238.00   4.3230e-17
6240.00   6.1313e-18
6242.00   3.5690e-20
6244.00   2.4753e-18
6246.00   6.5525e-20
6248.00   1.6249e-16
6250.00   7.0122e-24
6252.00   1.2656e-20
6254.00   1.7851e-22
6256.00   1.0432e-20
6258.00   1.6153e-19
6260.00   5.2826e-19
6262.00   1.6989e-17
6264.00   2.6820e-17
6266.00   1.3097e-19
6268.00   1.0422e-19
6270.00   1.1388e-20
6272.00   2.1511e-19
6274.00   1.6770e-18
6276.00   1.9790e-20
6278.00   3.8405e-23
6280.00   2.3269e-19
6282.00   6.6224e-20
6284.00   1.0632e-21
6286.00   1.7280e-22
6288.00   5.2059e-21
6290.00   6.8318e-18
6292.00   3.4050e-20
6294.00   5.2855e-20
6296.00   9.6629e-21
6298.00   1.2939e-19
6300.00   2.6745e-19
6302.00   2.3089e-19
6304.00   1.9469e-19
6306.00   1.9739e-17
6308.00   1.6200e-19
6310.00   3.0688e-18
6312.00   5.5157e-22
6314.00   2.0405e-20
6316.00   2.1080e-21
6318.00   9.5269e-16
6320.00   9.2021e-18
6322.00   5.3309e-18
6324.00   6.1232e-23
6326.00   4.3102e-18
6328.00   1.0231e-18
6330.00   1.8906e-19
6332.00   1.0555e-17
6334.00   4.3637e-23
6336.00   3.2452e-20
6338.00   4.6356e-17
6340.00   2.2635e-18
6342.00   7.9725e-21
6344.00   1.4756e-20
6346.00   1.0610e-18
6348.00   4.6213e-17
6350.00   1.7678e-18
6352.00   4.6323e-24
6354.00   2.2056e-18
6356.00   1.4211e-19
6358.00   6.8263e-20
6360.00   6.7433e-20
6362.00   1.2989e-17
6364.00   1.4069e-19
6366.00   1.6797e-20
6368.00   2.6060e-24
6370.00   5.8173e-19
6372.00   1.3640e-16
6374.00   4.1741e-20
6376.00   3.5139e-22
6378.00   3.5727e-20
6380.00   6.7512e-18
6382.00   2.4597e-19
6384.00   4.8078e-16
6386.00   1.1198e-16
6388.00   2.1898e-20
6390.00   4.3766e-20
6392.00   5.6743e-19
6394.00   5.8882e-19
6396.00   8.5117e-19
6398.00   4.5060e-18
6400.00   5.1955e-19
6402.00   1.9285e-17
6404.00   6.2793e-19
6406.00   1.4079e-19
6408.00   2.8329e-18
6410.00   1.2168e-18
6412.00   9.2508e-21
6414.00   7.4196e-24
6416.00   2.4979e-17
6418.00   9.0477e-20
6420.00   3.5530e-20
6422.00   1.8781e-19
6424.00   5.4439e-19
6426.00   1.2524e-21
6428.00   5.1437e-18
6430.00   1.1023e-21
6432.00   1.5433e-18
6434.00   1.5913e-18
6436.00   6.0870e-19
6438.00   6.4800e-22
6440.00   1.9056e-18
6442.00   5.3056e-17
6444.00   6.1566e-19
6446.00   1.4849e-17
6448.00   1.3730e-24
6450.00   2.1252e-20
6452.00   1.3236e-19
6454.00   1.0914e-18
6456.00   2.0629e-16
6458.00   3.7074e-22
6460.00   2.0132e-21
6462.00   2.4841e-21
6464.00   6.9217e-23
6466.00   1.8204e-17
6468.00   3.0145e-18
6470.00   6.5144e-23
6472.00   1.0716e-20
6474.00   1.6585e-18
6476.00   1.1541e-24
6478.00   3.3870e-25
6480.00   1.6121e-19
6482.00   2.6309e-17
6484.00   8.5732e-19
6486.00   3.6564e-17
6488.00   2.2546e-18
6490.00   2.6374e-23
6492.00   1.2426e-16
6494.00   2.2457e-16
6496.00   1.9177e-20
6498.00   3.2462e-21
6500.00   7.6923e-21
6502.00   3.8336e-22
6504.00   1.2866e-21
6506.00   1.8919e-17
6508.00   1.0246e-16
6510.00   2.0674e-18
6512.00   5.4091e-18
6514.00   6.7325e-19
6516.00   2.5296e-18
6518.00   9.3230e-17
6520.00   1.2525e-19
6522.00   1.7937e-20
6524.00   3.2998e-19
6526.00   8.1783e-22
6528.00   3.5037e-18
6530.00   1.8107e-17
6532.00   1.9199e-17
6534.00   2.5066e-18
6536.00   1.3341e-22
6538.00   7.5693e-19
6540.00   1.7370e-19
6542.00   2.1566e-20
6544.00   5.9500e-19
6546.00   2.0012e-25
6548.00   2.5415e-19
6550.00   7.6214e-19
6552.00   1.8730e-19
6554.00   9.3397e-20
6556.00   4.0165e-19
6558.00   2.1396e-18
6560.00   4.6454e-18
6562.00   9.9787e-17
6564.00   1.5918e-21
6566.00   1.9258e-19
6568.00   1.0729e-22
6570.00   2.2000e-18
6572.00   5.3821e-17
6574.00   1.3439e-17
6576.00   1.3868e-24
6578.00   6.2271e-19
6580.00   5.2214e-19
6582.00   1.0905e-17
6584.00   8.9794e-20
6586.00   1.2380e-16
6588.00   7.1781e-18
6590.00   9.0019e-23
6592.00   3.4447e-18
6594.00   5.1167e-18
6596.00   8.1847e-18
6598.00   1.3045e-18
6600.00   4.6925e-19
6602.00   1.7154e-19
6604.00   8.1320e-20
6606.00   1.1436e-20
6608.00   2.7540e-20
6610.00   3.6348e-17
6612.00   1.4487e-16
6614.00   3.6804e-18
6616.00   5.2903e-20
6618.00   1.3913e-17
6620.00   1.0212e-23
6622.00   6.7300e-20
6624.00   9.0010e-17
6626.00   4.4855e-19
6628.00   4.8050e-18
6630.00   1.0930e-26
6632.00   6.7537e-19
6634.00   1.3297e-20
6636.00   1.0281e-24
6638.00   5.6892e-20
6640.00   2.4652e-18
6642.00   1.5416e-19
6644.00   9.4998e-20
6646.00   2.6440e-25
6648.00   1.8432e-23
6650.00   1.1339e-17
6652.00   9.4217e-17
6654.00   1.0777e-18
6656.00   1.8717e-20
6658.00   1.2241e-16
6660.00   2.9076e-19
6662.00   7.7057e-19
6664.00   2.1130e-21
6666.00   7.8129e-18
6668.00   7.3323e-19
6670.00   7.1309e-19
6672.00   2.0094e-20
6674.00   2.8493e-19
6676.00   5.9450e-21
6678.00   5.7510e-18
6680.00   7.2408e-19
6682.00   2.0963e-16
6684.00   2.4564e-21
6686.00   3.0419e-20
6688.00   1.9181e-19
6690.00   1.0650e-18
6692.00   1.7084e-19
6694.00   3.1752e-18
6696.00   5.4296e-24
6698.00   3.1803e-20
6700.00   1.1168e-18
6702.00   2.7231e-19
6704.00   6.0984e-18
6706.00   5.7043e-19
6708.00   8.7790e-23
6710.00   1.4819e-18
6712.00   3.5867e-21
6714.00   2.7143e-19
6716.00   1.5184e-21
6718.00   9.7649e-22
6720.00   8.6055e-20
6722.00   5.1389e-22
6724.00   6.6825e-19
6726.00   1.9330e-21
6728.00   2.5361e-25
6730.00   4.6390e-17
6732.00   8.6970e-19
6734.00   1.6296e-23
6736.00   2.3040e-19
6738.00   4.9448e-24
6740.00   5.3588e-24
6742.00   1.4368e-20
6744.00   7.0484e-19
6746.00   1.7074e-19
6748.00   1.2859e-20
6750.00   9.5343e-18
6752.00   9.2467e-22
6754.00   9.7884e-21
6756.00   1.1740e-21
6758.00   3.7277e-19
6760.00   1.0772e-18
6762.00   5.8462e-20
6764.00   5.5623e-20
6766.00   6.6108e-19
6768.00   5.7093e-17
6770.00   4.2598e-19
6772.00   1.8595e-19
6774.00   8.9450e-22
6776.00   2.5294e-17
6778.00   2.3278e-20
6780.00   2.3513e-20
6782.00   4.8368e-21
6784.00   1.9099e-22
6786.00   2.6630e-20
6788.00   9.5625e-18
6790.00   1.1298e-20
6792.00   3.2165e-19
6794.00   6.8533e-22
6796.00   1.5610e-18
6798.00   6.1327e-20
6800.00   2.1314e-17
6802.00   1.4677e-19
6804.00   1.1047e-18
6806.00   3.4445e-21
6808.00   5.3637e-26
6810.00   7.2933e-20
6812.00   2.7812e-20
6814.00   2.3656e-19
6816.00   8.2354e-18
6818.00   1.9223e-21
6820.00   7.4007e-17
6822.00   1.0374e-17
6824.00   3.0940e-20
6826.00   7.2320e-19
6828.00   5.3679e-19
6830.00   6.3750e-20
6832.00   3.3740e-18
6834.00   3.2851e-20
6836.00   1.3112e-23
6838.00   1.1974e-18
6840.00   1.7770e-19
6842.00   5.5950e-23
6844.00   2.6413e-20
6846.00   1.0661e-20
6848.00   3.2472e-19
6850.00   8.4409e-20
6852.00   3.1570e-21
6854.00   8.2123e-25
6856.00   1.4492e-16
6858.00   8.6385e-19
6860.00   1.8305e-19
6862.00   4.5355e-17
6864.00   5.0260e-18
6866.00   2.4453e-17
6868.00   7.3837e-21
6870.00   2.4468e-18
6872.00   2.5866e-18
6874.00   6.8008e-18
6876.00   2.2376e-21
6878.00   2.1994e-17
6880.00   2.5339e-24
6882.00   1.3239e-19
6884.00   3.9557e-21
6886.00   1.7627e-19
6888.00   7.6716e-20
6890.00   8.8627e-18
6892.00   3.6437e-19
6894.00   7.3423e-22
6896.00   3.1439e-19
6898.00   5.1518e-26
6900.00   7.2968e-26
6902.00   2.6439e-20
6904.00   9.4512e-24
6906.00   3.0739e-18
6908.00   3.1502e-18
6910.00   4.8990e-21
6912.00   2.1689e-17
6914.00   1.4491e-17
6916.00   3.1675e-20
6918.00   1.2906e-19
6920.00   2.5752e-25
6922.00   1.3154e-20
6924.00   8.5512e-18
6926.00   5.1208e-18
6928.00   1.8656e-21
6930.00   1.6126e-18
6932.00   6.6242e-19
6934.00   2.0143e-20
6936.00   6.0505e-21
6938.00   8.2490e-21
6940.00   1.9170e-18
6942.00   1.8015e-17
6944.00   8.8384e-19
6946.00   4.0804e-18
6948.00   2.0006e-18
6950.00   3.6961e-18
6952.00   1.0939e-20
6954.00   1.9319e-23
6956.00   5.1467e-23
6958.00   6.2556e-19
6960.00   7.5904e-20
6962.00   6.9933e-19
6964.00   2.3564e-18
6966.00   6.6820e-19
6968.00   4.4539e-21
6970.00   3.8795e-20
6972.00   3.9698e-20
6974.00   4.9842e-20
6976.00   3.5601e-21
6978.00   1.3137e-17
6980.00   3.3901e-21
6982.00   1.0570e-19
6984.00   8.3606e-22
6986.00   3.1657e-19
6988.00   1.2932e-20
6990.00   4.0422e-20
6992.00   6.3896e-19
6994.00   2.6257e-18
6996.00   1.0028e-17
6998.00   3.1064e-22
7000.00   4.5178e-18
7002.00   3.1613e-20
7004.00   3.4208e-20
7006.00   1.0199e-21
7008.00   2.9187e-19
7010.00   6.7564e-18
7012.00   1.0143e-17
7014.00   4.2009e-20
7016.00   1.4260e-17
7018.00   7.5184e-20
7020.00   5.6042e-22
7022.00   1.6881e-19
7024.00   3.3151e-22
7026.00   2.7177e-21
7028.00   2.1168e-23
7030.00   9.9119e-19
7032.00   1.9095e-18
7034.00   3.5826e-19
7036.00   3.6053e-20
7038.00   1.1192e-19
7040.00   1.5073e-20
7042.00   1.1856e-20
7044.00   1.9555e-22
7046.00   7.1994e-20
7048.00   6.8162e-18
7050.00   1.2323e-25
7052.00   3.2832e-22
7054.00   1.1135e-17
7056.00   1.4128e-22
7058.00   1.6223e-19
7060.00   3.3670e-17
7062.00   3.0841e-23
7064.00   1.6021e-17
7066.00   6.3405e-20
7068.00   1.9858e-19
7070.00   4.1286e-21
7072.00   4.7074e-25
7074.00   7.9312e-20
7076.00   3.9773e-19
7078.00   3.4694e-20
7080.00   2.3596e-20
7082.00   1.3370e-19
7084.00   5.4312e-19
7086.00   1.6169e-25
7088.00   4.2255e-18
7090.00   2.5466e-19
7092.00   4.1326e-19
7094.00   3.0964e-21
7096.00   1.9504e-22
7098.00   1.5042e-18
7100.00   2.7603e-22
7102.00   5.3543e-22
7104.00   7.6485e-18
7106.00   1.1795e-19
7108.00   6.3751e-21
7110.00   3.4993e-17
7112.00   1.9283e-20
7114.00   5.5276e-18
7116.00   5.4807e-19
7118.00   4.9231e-18
7120.00   2.7674e-22
7122.00   1.2055e-24
7124.00   1.4163e-18
7126.00   1.4355e-21
7128.00   2.1968e-18
7130.00   6.6961e-19
7132.00   2.7410e-19
7134.00   4.9070e-19
7136.00   4.6213e-18
7138.00   2.0006e-19
7140.00   2.8154e-18
7142.00   4.6951e-24
7144.00   7.1775e-24
7146.00   1.0462e-18
7148.00   2.0986e-19
7150.00   2.2196e-18
7152.00   6.4793e-19
7154.00   3.0480e-22
7156.00   1.5063e-18
7158.00   1.6835e-18
7160.00   1.8650e-23
7162.00   1.6368e-18
7164.00   3.0004e-18
7166.00   1.0069e-20
7168.00   6.0251e-19
7170.00   3.6362e-19
7172.00   3.5513e-19
7174.00   2.1972e-20
7176.00   1.8742e-24
7178.00   1.0873e-19
7180.00   9.4116e-19
7182.00   1.5877e-19
7184.00   1.2755e-17
7186.00   1.1755e-18
7188.00   1.5145e-24
7190.00   9.1825e-21
7192.00   2.0924e-18
7194.00   4.5203e-18
7196.00   3.0201e-20
7198.00   3.5771e-21
7200.00   6.8183e-20
7202.00   1.0705e-18
7204.00   2.8632e-18
7206.00   1.8294e-18
7208.00   3.8131e-23
7210.00   2.0622e-21
7212.00   1.3957e-18
7214.00   5.9683e-21
7216.00   5.5070e-19
7218.00   1.9595e-19
7220.00   1.2413e-26
7222.00   5.4334e-18
7224.00   6.6615e-18
7226.00   1.1392e-17
7228.00   7.2867e-21
7230.00   2.0134e-20
7232.00   4.7419e-22
7234.00   3.0871e-20
7236.00   1.6199e-21
7238.00   1.1239e-18
7240.00   1.0408e-19
7242.00   1.9181e-20
7244.00   3.5863e-19
7246.00   7.1149e-19
7248.00   2.1533e-19
7250.00   1.8480e-18
7252.00   3.8758e-23
7254.00   3.9759e-18
7256.00   4.3921e-26
7258.00   2.0756e-23
7260.00   8.0732e-21
7262.00   1.7996e-19
7264.00   6.4110e-18
7266.00   6.4570e-18
7268.00   3.6016e-20
7270.00   6.0626e-21
7272.00   1.0327e-25
7274.00   3.3722e-18
7276.00   4.4683e-18
7278.00   7.2587e-18
7280.00   6.5111e-19
7282.00   2.4441e-18
7284.00   8.8579e-22
7286.00   3.3472e-19
7288.00   7.1111e-18
7290.00   4.7092e-19
7292.00   5.2386e-23
7294.00   8.5615e-20
7296.00   2.4535e-21
7298.00   9.2228e-20
7300.00   6.9142e-19
7302.00   2.8789e-18
7304.00   2.8251e-19
7306.00   3.8741e-19
7308.00   8.9378e-18
7310.00   5.4462e-18
7312.00   2.0796e-20
7314.00   7.9952e-21
7316.00   1.0087e-19
7318.00   7.7352e-19
7320.00   6.9737e-18
7322.00   4.7834e-18
7324.00   2.9531e-19
7326.00   2.4563e-21
7328.00   1.2640e-20
7330.00   2.6993e-20
7332.00   6.4536e-19
7334.00   4.5569e-18
7336.00   3.0155e-17
7338.00   8.8900e-23
7340.00   4.1064e-27
7342.00   5.1199e-20
7344.00   1.3476e-22
7346.00   1.4936e-21
7348.00   3.3361e-25
7350.00   2.4437e-18
7352.00   2.3801e-18
7354.00   2.0731e-19
7356.00   2.6139e-20
7358.00   1.8699e-18
7360.00   4.5848e-20
7362.00   1.4963e-19
7364.00   8.2025e-23
7366.00   7.9994e-20
7368.00   8.8881e-20
7370.00   4.0744e-19
7372.00   4.3305e-22
7374.00   2.9455e-21
7376.00   1.1085e-24
7378.00   1.3120e-20
7380.00   1.1909e-19
7382.00   5.8872e-20
7384.00   1.1201e-22
7386.00   2.3578e-19
7388.00   2.8249e-19
7390.00   2.4062e-20
7392.00   2.0742e-23
7394.00   3.2942e-21
7396.00   3.0857e-22
7398.00   1.4299e-19
7400.00   4.2816e-18
7402.00   2.6973e-17
7404.00   1.6161e-25
7406.00   1.1954e-19
7408.00   1.2357e-20
7410.00   1.6475e-17
7412.00   4.3222e-20
7414.00   4.8991e-19
7416.00   2.3316e-19
7418.00   1.6189e-17
7420.00   1.4634e-17
7422.00   1.6527e-21
7424.00   1.6112e-18
7426.00   2.8023e-18
7428.00   5.6418e-22
7430.00   1.7771e-18
7432.00   3.4047e-19
7434.00   6.2871e-20
7436.00   2.7217e-18
7438.00   8.7944e-21
7440.00   3.0510e-20
7442.00   4.9657e-20
7444.00   7.5624e-26
7446.00   2.6922e-18
7448.00   6.2973e-24
7450.00   6.6707e-18
7452.00   3.7631e-19
7454.00   1.3354e-17
7456.00   6.6080e-19
7458.00   1.9798e-22
7460.00   1.1938e-22
7462.00   1.6149e-17
7464.00   3.2953e-20
7466.00   4.6053e-18
7468.00   4.1995e-23
7470.00   8.4288e-21
7472.00   6.9410e-21
7474.00   1.2731e-21
7476.00   1.1450e-20
7478.00   1.5090e-22
7480.00   1.1618e-19
7482.00   6.5493e-19
7484.00   3.2513e-25
7486.00   2.4403e-19
7488.00   1.0282e-17
7490.00   5.2917e-21
7492.00   1.8719e-19
7494.00   3.0010e-22
7496.00   7.1964e-21
7498.00   3.3423e-18
7500.00   6.0920e-18
7502.00   7.6049e-19
7504.00   6.2189e-19
7506.00   1.2090e-21
7508.00   3.2592e-23
7510.00   9.4912e-21
7512.00   4.3871e-24
7514.00   1.0637e-19
7516.00   1.6037e-16
7518.00   6.8032e-20
7520.00   2.0281e-17
7522.00   2.2369e-20
7524.00   1.2482e-20
7526.00   5.7475e-20
7528.00   3.5379e-21
7530.00   3.4413e-21
7532.00   4.7245e-20
7534.00   7.3137e-18
7536.00   3.9094e-22
7538.00   3.4342e-21
7540.00   1.8275e-20
7542.00   1.4063e-19
7544.00   6.1048e-20
7546.00   4.4727e-25
7548.00   6.3677e-19
7550.00   3.0719e-21
7552.00   7.7729e-20
7554.00   5.7792e-18
7556.00   2.2230e-22
7558.00   3.1302e-22
7560.00   1.1982e-18
7562.00   1.8343e-19
7564.00   5.2154e-19
7566.00   5.8166e-20
7568.00   7.7757e-19
7570.00   6.7993e-21
7572.00   4.2908e-21
7574.00   5.8029e-26
7576.00   6.7922e-18
7578.00   1.8677e-24
7580.00   1.5908e-17
7582.00   7.9312e-21
7584.00   2.5043e-18
7586.00   7.7847e-21
7588.00   3.0270e-20
7590.00   5.3750e-25
7592.00   3.1525e-20
7594.00   6.2616e-20
7596.00   4.5768e-21
7598.00   6.0649e-19
7600.00   5.9596e-19
7602.00   4.8850e-20
7604.00   4.4704e-20
7606.00   3.1678e-20
7608.00   1.6483e-22
7610.00   9.5778e-19
7612.00   2.0943e-25
7614.00   3.4998e-18
7616.00   2.4110e-18
7618.00   4.0865e-18
7620.00   5.1895e-18
7622.00   3.9327e-20
7624.00   2.0156e-22
7626.00   1.2668e-22
7628.00   7.2199e-26
7630.00   3.0029e-21
7632.00   1.5993e-20
7634.00   1.3735e-20
7636.00   2.3750e-22
7638.00   6.8832e-17
7640.00   1.7943e-20
7642.00   1.8640e-19
7644.00   1.5275e-19
7646.00   2.9558e-18
7648.00   9.8123e-18
7650.00   2.9628e-20
7652.00   4.7021e-21
7654.00   3.3171e-18
7656.00   4.6613e-18
7658.00   8.4032e-17
7660.00   2.7217e-17
7662.00   7.1381e-24
7664.00   1.6723e-21
7666.00   1.0995e-20
7668.00   2.4198e-20
7670.00   1.0021e-22
7672.00   2.3106e-20
7674.00   1.8328e-20
7676.00   3.0709e-19
7678.00   4.6430e-20
7680.00   5.0970e-25
7682.00   4.0528e-24
7684.00   4.4759e-22
7686.00   1.4233e-17
7688.00   2.1288e-19
7690.00   6.3922e-17
7692.00   1.0591e-19
7694.00   3.2209e-18
7696.00   1.7691e-20
7698.00   1.3667e-17
7700.00   1.5987e-18
7702.00   1.1383e-18
7704.00   2.0410e-24
7706.00   4.1658e-19
7708.00   3.3249e-19
7710.00   6.1929e-19
7712.00   2.0472e-16
7714.00   8.8045e-19
7716.00   5.7514e-22
7718.00   4.8563e-23
7720.00   3.7979e-19
7722.00   3.2914e-23
7724.00   1.7617e-21
7726.00   1.6063e-21
7728.00   2.3915e-23
7730.00   2.1825e-19
7732.00   6.3646e-21
7734.00   1.4403e-20
7736.00   5.3673e-23
7738.00   2.6006e-17
7740.00   5.1957e-18
7742.00   9.1953e-18
7744.00   2.6832e-22
7746.00   7.8889e-20
7748.00   8.8896e-21
7750.00   1.1107e-23
7752.00   6.8472e-22
7754.00   7.2566e-23
7756.00   4.6711e-21
7758.00   2.9309e-18
7760.00   1.1207e-23
7762.00   1.8318e-19
7764.00   1.0264e-19
7766.00   2.3817e-19
7768.00   1.3222e-23
7770.00   3.4024e-27
7772.00   1.4959e-22
7774.00   6.1953e-19
7776.00   2.8515e-23
7778.00   1.1439e-20
7780.00   5.0153e-23
7782.00   1.7846e-21
7784.00   1.1908e-18
7786.00   3.2937e-24
7788.00   1.9376e-19
7790.00   2.5289e-21
7792.00   4.6711e-18
7794.00   4.8521e-19
7796.00   2.3851e-25
7798.00   1.3597e-17
7800.00   1.6774e-24
7802.00   3.2126e-17
7804.00   2.6843e-19
7806.00   7.0559e-17
7808.00   6.9094e-19
7810.00   1.1129e-21
7812.00   1.8285e-20
7814.00   9.1659e-17
7816.00   2.8775e-19
7818.00   2.1377e-19
7820.00   8.6549e-20
7822.00   4.2834e-22
7824.00   2.8358e-19
7826.00   2.1810e-19
7828.00   1.1796e-23
7830.00   9.1335e-18
7832.00   1.2112e-16
7834.00   1.2423e-18
7836.00   2.5891e-17
7838.00   6.3069e-21
7840.00   1.2555e-18
7842.00   1.1021e-18
7844.00   1.5397e-18
7846.00   2.1351e-19
7848.00   2.8277e-19
7850.00   1.2153e-25
7852.00   3.1451e-19
7854.00   5.2956e-22
7856.00   5.2749e-20
7858.00   1.4165e-24
7860.00   4.4876e-19
7862.00   1.0836e-19
7864.00   4.8375e-22
7866.00   1.4936e-16
7868.00   6.6554e-21
7870.00   3.0053e-19
7872.00   6.5301e-18
7874.00   1.5659e-20
7876.00   6.5521e-22
7878.00   7.2142e-22
7880.00   6.9137e-21
7882.00   3.4595e-19
7884.00   7.3600e-22
7886.00   7.8732e-18
7888.00   8.7439e-22
7890.00   6.2468e-24
7892.00   1.2367e-18
7894.00   1.0705e-16
7896.00   4.4277e-20
7898.00   1.0953e-16
7900.00   9.7410e-20
7902.00   3.8484e-22
7904.00   1.1676e-19
7906.00   4.8779e-20
7908.00   8.9184e-23
7910.00   5.0695e-25
7912.00   2.1087e-22
7914.00   1.1020e-17
7916.00   2.1847e-20
7918.00   2.2931e-16
7920.00   1.4085e-26
7922.00   5.4793e-19
7924.00   3.0829e-25
7926.00   3.5682e-18
7928.00   9.1212e-22
7930.00   2.8968e-18
7932.00   1.6760e-22
7934.00   4.2553e-18
7936.00   3.5190e-22
7938.00   2.3438e-18
7940.00   7.5540e-20
7942.00   5.4134e-20
7944.00   3.9369e-27
7946.00   1.0072e-21
7948.00   1.8193e-18
7950.00   8.7854e-22
7952.00   3.2245e-18
7954.00   9.8280e-20
7956.00   1.4007e-18
7958.00   6.3865e-22
7960.00   2.2415e-26
7962.00   2.4995e-23
7964.00   1.7909e-24
7966.00   5.9008e-21
7968.00   2.3380e-19
7970.00   1.3614e-18
7972.00   2.9645e-22
7974.00   4.4763e-18
7976.00   5.4713e-17
7978.00   8.6525e-19
7980.00   2.7035e-19
7982.00   5.2518e-17
7984.00   8.5389e-21
7986.00   3.2790e-19
7988.00   7.1498e-20
7990.00   2.9676e-21
7992.00   2.0863e-21
7994.00   2.1064e-20
7996.00   3.1751e-18
7998.00   1.2333e-18
8000.00   6.2622e-23
8002.00   3.2219e-21
8004.00   6.0648e-21
8006.00   4.7059e-20
8008.00   3.8590e-19
8010.00   5.2584e-21
8012.00   1.5850e-18
8014.00   6.6552e-20
8016.00   2.0262e-19
8018.00   3.1806e-18
8020.00   8.0434e-22
8022.00   5.8054e-20
8024.00   1.8099e-18
8026.00   1.5675e-21
8028.00   2.2722e-21
8030.00   5.2528e-17
8032.00   2.6795e-19
8034.00   9.5797e-22
8036.00   2.9440e-19
8038.00   5.4446e-18
8040.00   7.7257e-22
8042.00   2.0506e-18
8044.00   1.2574e-19
8046.00   4.0110e-26
8048.00   1.5022e-20
8050.00   1.8503e-19
8052.00   1.4620e-19
8054.00   6.8561e-17
8056.00   1.3560e-25
8058.00   1.7028e-22
8060.00   9.8047e-18
8062.00   6.9676e-20
8064.00   8.6473e-18
8066.00   2.7561e-23
8068.00   7.3674e-19
8070.00   1.7956e-19
8072.00   7.9899e-26
8074.00   4.6895e-18
8076.00   8.5332e-18
8078.00   1.3449e-19
8080.00   1.8240e-18
8082.00   7.9474e-25
8084.00   5.7997e-17
8086.00   2.5848e-19
8088.00   4.4672e-22
8090.00   2.2936e-20
8092.00   7.5013e-19
8094.00   7.9902e-19
8096.00   1.6757e-18
8098.00   5.1040e-21
8100.00   2.7525e-26
8102.00   1.4742e-21
8104.00   8.5708e-19
8106.00   3.9153e-19
8108.00   4.7621e-18
8110.00   3.1321e-21
8112.00   1.7738e-19
8114.00   2.3502e-20
8116.00   8.6027e-25
8118.00   1.4308e-19
8120.00   5.7528e-20
8122.00   3.5398e-21
8124.00   5.8454e-19
8126.00   1.5272e-20
8128.00   1.1920e-18
8130.00   1.0270e-19
8132.00   5.1461e-19
8134.00   9.7656e-22
8136.00   4.4771e-17
8138.00   4.8575e-25
8140.00   3.5282e-20
8142.00   1.7713e-20
8144.00   9.9985e-20
8146.00   3.9480e-19
8148.00   1.2353e-18
8150.00   2.9850e-22
8152.00   1.6211e-18
8154.00   3.1178e-21
8156.00   7.8566e-22
8158.00   3.3910e-19
8160.00   5.8132e-18
8162.00   4.5184e-24
8164.00   4.5921e-19
8166.00   1.1212e-24
8168.00   1.2012e-18
8170.00   9.5694e-23
8172.00   5.9289e-21
8174.00   4.8214e-19
8176.00   1.2537e-26
8178.00   6.0452e-20
8180.00   8.4390e-24
8182.00   3.5578e-20
8184.00   7.0132e-20
8186.00   3.1214e-19
8188.00   4.1245e-23
8190.00   1.0930e-18
8192.00   7.0572e-20
8194.00   4.4132e-20
8196.00   6.7840e-22
8198.00   8.7554e-20
8200.00   2.5957e-20
8202.00   2.3128e-19
8204.00   4.1976e-19
8206.00   2.2929e-18
8208.00   1.2628e-17
8210.00   9.2049e-18
8212.00   2.5652e-18
8214.00   3.0608e-21
8216.00   7.0690e-19
8218.00   1.9634e-20
8220.00   5.7228e-20
8222.00   1.0261e-17
8224.00   2.2739e-23
8226.00   2.5133e-22
8228.00   2.5276e-16
8230.00   3.3127e-21
8232.00   7.3037e-21
8234.00   6.7822e-19
8236.00   6.5541e-24
8238.00   1.1975e-18
8240.00   9.4869e-21
8242.00   7.6898e-19
8244.00   1.7898e-24
8246.00   1.1517e-19
8248.00   6.8646e-18
8250.00   5.6972e-17
8252.00   1.1386e-20
8254.00   4.2273e-21
8256.00   5.9024e-21
8258.00   6.9727e-19
8260.00   2.8279e-18
8262.00   2.1335e-19
8264.00   1.2246e-17
8266.00   2.2946e-21
8268.00   2.2786e-22
8270.00   3.0944e-21
8272.00   9.7820e-20
8274.00   9.2355e-19
8276.00   1.5177e-18
8278.00   5.8896e-20
8280.00   9.2658e-21
8282.00   7.7433e-21
8284.00   7.9976e-18
8286.00   8.2474e-21
8288.00   4.4760e-16
8290.00   4.9109e-18
8292.00   2.1187e-22
8294.00   2.5782e-19
8296.00   5.2135e-20
8298.00   3.5779e-20
8300.00   9.7962e-18
8302.00   6.4249e-17
8304.00   4.5227e-19
8306.00   4.4454e-17
8308.00   4.0359e-19
8310.00   3.9941e-18
8312.00   4.1006e-21
8314.00   7.0178e-19
8316.00   2.8717e-19
8318.00   5.5381e-25
8320.00   5.2918e-20
8322.00   3.7494e-18
8324.00   1.0105e-18
8326.00   1.9923e-26
8328.00   5.9469e-22
8330.00   2.4460e-19
8332.00   8.7581e-22
8334.00   1.1990e-18
8336.00   1.9573e-21
8338.00   6.8855e-19
8340.00   8.6283e-19
8342.00   1.6874e-20
8344.00   2.5044e-19
8346.00   4.3162e-20
8348.00   3.9123e-20
8350.00   3.9028e-23
8352.00   2.1556e-19
8354.00   2.4163e-20
8356.00   8.3257e-19
8358.00   6.5007e-17
8360.00   2.9915e-22
8362.00   1.4270e-24
8364.00   5.0521e-23
8366.00   7.9870e-18
8368.00   3.5937e-17
8370.00   3.1852e-23
8372.00   4.9680e-18
8374.00   3.3111e-20
8376.00   3.4909e-19
8378.00   1.1013e-19
8380.00   2.4520e-25
8382.00   7.6716e-19
8384.00   7.1320e-27
8386.00   7.0062e-18
8388.00   4.3894e-20
8390.00   5.5197e-19
8392.00   7.6233e-20
8394.00   9.4855e-25
8396.00   7.8274e-19
8398.00   8.5198e-17
8400.00   6.0472e-21
8402.00   6.3385e-22
8404.00   1.0151e-17
8406.00   1.0269e-19
8408.00   1.1997e-19
8410.00   3.5422e-20
8412.00   3.9732e-20
8414.00   1.4262e-18
8416.00   2.0600e-19
8418.00   4.7343e-23
8420.00   1.0455e-17
8422.00   4.2795e-20
8424.00   4.5135e-17
8426.00   4.3201e-26
8428.00   3.3375e-21
8430.00   3.2451e-22
8432.00   1.5965e-19
8434.00   5.9524e-20
8436.00   8.0082e-21
8438.00   2.4072e-20
8440.00   1.3468e-19
8442.00   3.1036e-24
8444.00   7.5253e-18
8446.00   6.0579e-22
8448.00   4.9233e-21
8450.00   5.1210e-23
8452.00   9.1582e-19
8454.00   1.3705e-18
8456.00   7.7545e-23
8458.00   7.5127e-21
8460.00   5.5085e-22
8462.00   2.6206e-24
8464.00   5.5697e-22
8466.00   8.2355e-20
8468.00   7.8609e-19
8470.00   2.5676e-17
8472.00   3.5432e-18
8474.00   4.7745e-19
8476.00   1.0270e-20
8478.00   1.0584e-20
8480.00   2.5886e-19
8482.00   1.4423e-19
8484.00   2.7386e-19
8486.00   2.2453e-18
8488.00   3.4393e-23
8490.00   1.3247e-16
8492.00   1.1273e-18
8494.00   1.3086e-20
8496.00   1.6741e-19
8498.00   4.2049e-19
8500.00   6.5407e-17
8502.00   1.4551e-23
8504.00   1.4702e-18
8506.00   8.8171e-19
8508.00   2.3790e-17
8510.00   2.4243e-24
8512.00   4.8132e-21
8514.00   1.4589e-19
8516.00   2.3316e-22
8518.00   4.4537e-18
8520.00   3.9708e-24
8522.00   1.6387e-21
8524.00   9.6750e-19
8526.00   4.9114e-22
8528.00   1.8067e-19
8530.00   1.2768e-19
8532.00   2.6182e-20
8534.00   5.7632e-22
8536.00   3.9659e-21
8538.00   8.9094e-23
8540.00   1.7603e-21
8542.00   5.4990e-24
8544.00   1.7001e-19
8546.00   6.7665e-18
8548.00   2.8376e-19
8550.00   4.6774e-19
8552.00   9.4617e-21
8554.00   2.3062e-18
8556.00   3.4420e-19
8558.00   5.5315e-19
8560.00   8.1896e-27
8562.00   3.3749e-24
8564.00   1.0217e-19
8566.00   8.6476e-21
8568.00   2.5755e-20
8570.00   2.8844e-20
8572.00   1.1804e-19
8574.00   5.4862e-19
8576.00   4.8259e-19
8578.00   9.0180e-21
8580.00   2.8021e-19
8582.00   8.1505e-20
8584.00   1.8457e-21
8586.00   3.3525e-22
8588.00   1.8509e-23
8590.00   4.1284e-19
8592.00   1.8317e-20
8594.00   3.2189e-20
8596.00   2.2896e-17
8598.00   5.3530e-20
8600.00   1.3904e-18
8602.00   4.2502e-19
8604.00   2.5433e-19
8606.00   5.0068e-18
8608.00   2.7118e-24
8610.00   8.2747e-24
8612.00   1.7059e-19
8614.00   7.1381e-25
8616.00   8.0368e-19
8618.00   1.6161e-21
8620.00   2.1698e-20
8622.00   9.7502e-21
8624.00   6.8458e-22
8626.00   3.8744e-18
8628.00   4.3062e-19
8630.00   5.4322e-20
8632.00   3.3970e-23
8634.00   1.9230e-19
8636.00   5.1139e-19
8638.00   1.8747e-21
8640.00   1.8613e-21
8642.00   3.5646e-18
8644.00   1.8022e-22
8646.00   3.0108e-24
8648.00   6.4771e-24
8650.00   1.1803e-17
8652.00   4.0378e-24
8654.00   5.9688e-19
8656.00   6.1825e-19
8658.00   3.4173e-25
8660.00   1.4927e-23
8662.00   1.6138e-21
8664.00   1.6417e-19
8666.00   1.2966e-20
8668.00   4.1287e-20
8670.00   2.2393e-19
8672.00   6.6205e-18
8674.00   1.3266e-23
8676.00   2.7023e-19
8678.00   9.2593e-19
8680.00   8.0228e-26
8682.00   3.9100e-24
8684.00   5.9504e-18
8686.00   3.7744e-24
8688.00   1.0250e-22
8690.00   8.4320e-19
8692.00   1.0912e-21
8694.00   8.1440e-23
8696.00   6.3047e-18
8698.00   4.4756e-26
8700.00   3.1458e-21
8702.00   1.4553e-21
8704.00   3.4502e-19
8706.00   1.0002e-18
8708.00   6.7775e-20
8710.00   2.2041e-25
8712.00   1.5399e-24
8714.00   9.0345e-19
8716.00   2.5335e-19
8718.00   1.6545e-20
8720.00   1.1172e-19
8722.00   7.0863e-17
8724.00   3.4033e-22
8726.00   4.5106e-25
8728.00   6.2393e-22
8730.00   1.5725e-23
8732.00   3.1967e-19
8734.00   8.1819e-20
8736.00   2.1530e-19
8738.00   1.6996e-25
8740.00   3.2628e-18
8742.00   1.7592e-23
8744.00   1.9185e-19
8746.00   1.5357e-18
8748.00   4.1414e-21
8750.00   2.1869e-18
8752.00   1.8363e-19
8754.00   4.5723e-20
8756.00   8.2741e-18
8758.00   7.8285e-18
8760.00   2.0396e-21
8762.00   3.0367e-18
8764.00   2.1900e-19
8766.00   1.5285e-21
8768.00   3.0082e-26
8770.00   4.0805e-24
8772.00   1.8195e-21
8774.00   1.6001e-22
8776.00   9.3492e-19
8778.00   4.1641e-25
8780.00   5.7961e-24
8782.00   2.1714e-21
8784.00   2.8533e-21
8786.00   6.2208e-26
8788.00   1.3513e-21
8790.00   4.2505e-22
8792.00   1.1270e-20
8794.00   3.5647e-18
8796.00   4.3827e-20
8798.00   6.2366e-21
8800.00   2.6993e-25
8802.00   2.9762e-27
8804.00   6.3146e-22
8806.00   8.8979e-18
8808.00   2.4054e-23
8810.00   6.7520e-19
8812.00   2.9857e-23
8814.00   3.7748e-21
8816.00   1.5316e-16
8818.00   5.0092e-21
8820.00   2.8220e-19
8822.00   1.4549e-24
8824.00   4.0012e-18
8826.00   3.1893e-19
8828.00   1.2786e-17
8830.00   1.3712e-22
8832.00   2.6094e-24
8834.00   7.0773e-21
8836.00   4.9511e-22
8838.00   1.8414e-19
8840.00   2.8960e-23
8842.00   6.6888e-21
8844.00   8.1351e-20
8846.00   1.5111e-19
8848.00   1.6339e-17
8850.00   1.4226e-19
8852.00   1.1360e-20
8854.00   4.7366e-20
8856.00   3.3789e-21
8858.00   3.1052e-22
8860.00   3.0315e-18
8862.00   1.6316e-20
8864.00   8.3138e-20
8866.00   6.9829e-27
8868.00   6.0427e-17
8870.00   2.1800e-19
8872.00   1.1746e-26
8874.00   7.1085e-17
8876.00   2.5575e-21
8878.00   4.3909e-24
8880.00   5.8676e-25
8882.00   6.6214e-20
8884.00   1.1768e-21
8886.00   1.2727e-19
8888.00   5.9164e-25
8890.00   1.3587e-18
8892.00   2.3747e-18
8894.00   1.2610e-22
8896.00   3.6594e-23
8898.00   2.9157e-18
8900.00   1.5492e-23
8902.00   6.2072e-21
8904.00   6.5168e-23
8906.00   4.6218e-22
8908.00   2.4315e-20
8910.00   1.3426e-22
8912.00   2.8380e-19
8914.00   9.3203e-25
8916.00   7.1255e-24
8918.00   1.4990e-20
8920.00   3.8144e-17
8922.00   2.3852e-19
8924.00   2.7010e-20
8926.00   4.5539e-17
8928.00   5.1102e-22
8930.00   4.8643e-26
8932.00   3.4239e-21
8934.00   1.3376e-19
8936.00   5.2558e-26
8938.00   8.8467e-17
8940.00   1.5650e-21
8942.00   4.4331e-23
8944.00   1.0778e-18
8946.00   4.9830e-20
8948.00   1.2804e-22
8950.00   2.8853e-19
8952.00   7.0843e-25
8954.00   4.5076e-25
8956.00   2.2076e-17
8958.00   3.7502e-23
8960.00   1.7132e-18
8962.00   6.6476e-22
8964.00   1.9867e-23
8966.00   2.6636e-19
8968.00   2.4907e-19
8970.00   5.8765e-23
8972.00   1.8302e-20
8974.00   3.6849e-26
8976.00   4.5472e-22
8978.00   2.0235e-27
8980.00   1.9745e-21
8982.00   1.5994e-18
8984.00   1.2670e-24
8986.00   1.3362e-20
8988.00   2.8889e-20
8990.00   2.8592e-18
8992.00   1.1738e-23
8994.00   3.9868e-20
8996.00   2.0710e-24
8998.00   1.5836e-24
9000.00   8.7862e-20
9002.00   4.9965e-20
9004.00   3.9206e-25
9006.00   1.2148e-17
9008.00   6.1699e-26
9010.00   2.3554e-20
9012.00   1.4332e-22
9014.00   7.0807e-18
9016.00   2.5175e-25
9018.00   3.2551e-26
9020.00   1.0137e-18
9022.00   6.1550e-25
9024.00   4.7935e-20
9026.00   8.8201e-21
9028.00   1.8006e-18
9030.00   7.0396e-21
9032.00   1.0527e-21
9034.00   1.7225e-20
9036.00   7.3961e-19
9038.00   1.8608e-18
9040.00   9.0410e-26
9042.00   5.6086e-20
9044.00   2.0485e-22
9046.00   1.2436e-26
9048.00   1.1945e-18
9050.00   1.3193e-18
9052.00   5.3505e-18
9054.00   4.9181e-24
9056.00   2.5412e-18
9058.00   1.3409e-18
9060.00   2.3057e-19
9062.00   4.2537e-17
9064.00   9.6955e-22
9066.00   5.8427e-20
9068.00   2.4144e-22
9070.00   2.4798e-17
9072.00   6.0948e-21
9074.00   1.5005e-19
9076.00   3.1193e-17
9078.00   3.7968e-17
9080.00   2.0369e-18
9082.00   8.2982e-20
9084.00   1.1739e-19
9086.00   6.9898e-24
9088.00   7.9069e-21
9090.00   1.5090e-17
9092.00   1.2852e-21
9094.00   1.5930e-25
9096.00   5.1100e-17
9098.00   4.9113e-20
9100.00   5.9665e-20
9102.00   2.6478e-21
9104.00   1.1330e-19
9106.00   1.0533e-19
9108.00   3.2171e-26
9110.00   1.8137e-20
9112.00   6.1843e-20
9114.00   2.8408e-20
9116.00   4.7674e-18
9118.00   3.9735e-20
9120.00   4.1473e-26
9122.00   6.8468e-17
9124.00   1.8513e-25
9126.00   3.5068e-18
9128.00   1.2578e-20
9130.00   5.5659e-19
9132.00   1.0998e-18
9134.00   4.3595e-20
9136.00   5.2074e-20
9138.00   1.0476e-19
9140.00   2.0511e-23
9142.00   6.5420e-23
9144.00   4.9775e-23
9146.00   2.5245e-20
9148.00   4.3123e-25
9150.00   3.6922e-22
9152.00   3.6614e-21
9154.00   1.2627e-19
9156.00   3.0402e-17
9158.00   5.0834e-26
9160.00   4.7993e-22
9162.00   8.8825e-26
9164.00   1.4546e-18
9166.00   1.0170e-23
9168.00   5.3678e-19
9170.00   1.7410e-19
9172.00   2.0559e-17
9174.00   1.1858e-25
9176.00   8.6837e-17
9178.00   3.9303e-17
9180.00   2.1737e-17
9182.00   6.3720e-20
9184.00   7.6582e-22
9186.00   6.4216e-26
9188.00   7.0051e-17
9190.00   5.2469e-22
9192.00   5.3063e-20
9194.00   4.3300e-19
9196.00   2.3355e-17
9198.00   9.1473e-22
9200.00   9.6221e-19
9202.00   1.6153e-17
9204.00   1.4392e-16
9206.00   1.3599e-23
9208.00   1.7405e-24
9210.00   1.8444e-17
9212.00   2.8091e-21
9214.00   6.8569e-20
9216.00   3.1015e-22
9218.00   2.2970e-26
9220.00   1.3749e-21
9222.00   1.4442e-19
9224.00   1.6228e-20
9226.00   5.1434e-20
9228.00   6.7705e-20
9230.00   5.5894e-25
9232.00   2.4285e-19
9234.00   1.7932e-20
9236.00   5.2305e-26
9238.00   5.9627e-18
9240.00   3.6882e-21
9242.00   9.6200e-18
9244.00   2.2917e-20
9246.00   7.0286e-21
9248.00   9.1764e-19
9250.00   1.6310e-20
9252.00   6.2488e-17
9254.00   2.1315e-21
9256.00   5.7772e-26
9258.00   3.2128e-17
9260.00   1.1589e-23
9262.00   4.4942e-28
9264.00   4.4385e-20
9266.00   6.1515e-23
9268.00   2.0883e-19
9270.00   4.2728e-22
9272.00   1.8576e-17
9274.00   7.7291e-18
9276.00   3.9476e-26
9278.00   2.8813e-24
9280.00   5.7591e-28
9282.00   1.0872e-19
9284.00   1.0101e-20
9286.00   1.4365e-19
9288.00   1.2949e-23
9290.00   1.7990e-17
9292.00   8.7585e-27
9294.00   1.8232e-21
9296.00   1.4867e-17
9298.00   1.5375e-18
9300.00   3.4097e-21
9302.00   8.5058e-27
9304.00   3.9962e-17
9306.00   1.7821e-20
9308.00   2.4443e-21
9310.00   1.8762e-20
9312.00   4.6134e-22
9314.00   5.5337e-23
9316.00   7.7246e-17
9318.00   3.4112e-23
9320.00   4.7494e-18
9322.00   5.1572e-19
9324.00   6.8794e-18
9326.00   7.7338e-18
9328.00   1.6915e-17
9330.00   3.6729e-21
9332.00   1.2915e-25
9334.00   1.8977e-23
9336.00   2.5211e-20
9338.00   3.9063e-21
9340.00   4.2476e-23
9342.00   6.1322e-18
9344.00   2.8305e-27
9346.00   8.0245e-22
9348.00   5.3004e-19
9350.00   8.3958e-18
9352.00   1.6325e-19
9354.00   4.6426e-26
9356.00   8.3221e-19
9358.00   6.9633e-18
9360.00   1.8094e-24
9362.00   5.1158e-21
9364.00   2.1849e-24
9366.00   1.2127e-20
9368.00   2.2981e-17
9370.00   1.8455e-25
9372.00   6.5951e-20
9374.00   2.1731e-19
9376.00   6.5912e-18
9378.00   1.3898e-21
9380.00   6.5744e-21
9382.00   5.7733e-20
9384.00   5.7506e-20
9386.00   5.2554e-21
9388.00   6.9922e-18
9390.00   2.2025e-21
9392.00   7.0517e-19
9394.00   9.5919e-21
9396.00   1.4963e-27
9398.00   5.6140e-26
9400.00   3.5722e-20
9402.00   4.7046e-23
9404.00   2.1141e-21
9406.00   1.3823e-20
9408.00   1.2368e-17
9410.00   5.8976e-18
9412.00   1.5149e-19
9414.00   3.3799e-20
9416.00   1.4008e-24
9418.00   4.6784e-17
9420.00   3.3512e-21
9422.00   7.5880e-21
9424.00   7.8299e-21
9426.00   1.6405e-19
9428.00   2.3387e-16
9430.00   1.7103e-20
9432.00   5.7477e-17
9434.00   1.3713e-27
9436.00   1.2902e-17
9438.00   1.1533e-19
9440.00   1.2421e-19
9442.00   5.5590e-19
9444.00   5.3224e-25
9446.00   1.2267e-19
9448.00   6.2120e-22
9450.00   6.3706e-24
9452.00   1.4173e-19
9454.00   2.0098e-25
9456.00   1.4972e-20
9458.00   5.4038e-21
9460.00   4.6606e-24
9462.00   5.3525e-22
9464.00   2.8049e-18
9466.00   6.7126e-20
9468.00   1.2643e-19
9470.00   1.3316e-19
9472.00   3.9595e-21
9474.00   3.6606e-17
9476.00   2.8258e-20
9478.00   1.3652e-20
9480.00   1.2044e-25
9482.00   5.2415e-20
9484.00   4.3563e-23
9486.00   2.2360e-22
9488.00   8.3325e-25
9490.00   1.2126e-20
9492.00   3.7729e-20
9494.00   2.7156e-27
9496.00   7.1864e-20
9498.00   7.8416e-17
9500.00   3.3148e-20
9502.00   4.8028e-26
9504.00   3.7675e-21
9506.00   3.0653e-26
9508.00   5.4910e-21
9510.00   1.0229e-16
9512.00   1.3722e-25
9514.00   2.1533e-19
9516.00   1.4880e-23
9518.00   1.5599e-20
9520.00   3.7972e-19
9522.00   7.2529e-23
9524.00   3.4787e-19
9526.00   2.0562e-18
9528.00   1.1143e-17
9530.00   9.2394e-23
9532.00   3.7308e-17
9534.00   9.0937e-17
9536.00   7.3726e-19
9538.00   2.8564e-24
9540.00   4.7563e-20
9542.00   7.1189e-19
9544.00   4.8610e-26
9546.00   2.5002e-19
9548.00   2.2043e-20
9550.00   6.7027e-18
9552.00   1.4463e-19
9554.00   3.7654e-22
9556.00   6.6177e-17
9558.00   4.3610e-19
9560.00   1.2636e-16
9562.00   8.0210e-27
9564.00   3.9117e-19
9566.00   7.5801e-19
9568.00   3.2735e-19
9570.00   4.9451e-18
9572.00   2.6791e-16
9574.00   2.6612e-21
9576.00   2.9758e-25
9578.00   2.7211e-20
9580.00   1.4361e-19
9582.00   7.1895e-21
9584.00   1.0788e-25
9586.00   3.2930e-21
9588.00   1.7614e-24
9590.00   2.1350e-18
9592.00   1.6275e-19
9594.00   1.1530e-22
9596.00   9.3239e-19
9598.00   4.8632e-19
9600.00   1.0104e-21
9602.00   2.2371e-20
9604.00   1.5028e-26
9606.00   6.5509e-18
9608.00   9.6848e-21
9610.00   4.9237e-20
9612.00   4.3376e-21
9614.00   9.3606e-18
9616.00   3.0847e-26
9618.00   6.1224e-17
9620.00   5.6454e-23
9622.00   1.1383e-25
9624.00   3.5865e-26
9626.00   2.6376e-26
9628.00   3.1765e-26
9630.00   2.7012e-20
9632.00   4.5189e-20
9634.00   9.0214e-18
9636.00   2.5379e-23
9638.00   4.3566e-19
9640.00   6.3908e-21
9642.00   9.0235e-21
9644.00   7.9810e-26
9646.00   2.7178e-20
9648.00   8.9985e-24
9650.00   1.7855e-23
9652.00   7.7876e-20
9654.00   1.0663e-27
9656.00   6.0707e-17
9658.00   2.0867e-23
9660.00   5.1304e-22
9662.00   7.8767e-18
9664.00   1.4884e-19
9666.00   6.1969e-26
9668.00   6.2688e-23
9670.00   7.6189e-19
9672.00   1.7765e-19
9674.00   3.2024e-21
9676.00   2.4339e-19
9678.00   3.2044e-21
9680.00   7.7379e-17
9682.00   4.5219e-19
9684.00   3.0620e-20
9686.00   1.9205e-21
9688.00   1.7283e-26
9690.00   3.9918e-24
9692.00   8.4695e-25
9694.00   7.0944e-26
9696.00   2.0864e-19
9698.00   5.7830e-24
9700.00   2.2507e-20
9702.00   1.8078e-26
9704.00   2.0663e-20
9706.00   7.9711e-23
9708.00   4.2963e-25
9710.00   1.7949e-25
9712.00   2.3277e-20
9714.00   8.9608e-20
9716.00   3.2334e-25
9718.00   1.5923e-18
9720.00   2.0352e-23
9722.00   4.5965e-20
9724.00   5.6136e-21
9726.00   3.3357e-25
9728.00   3.1842e-23
9730.00   7.8864e-20
9732.00   2.4230e-20
9734.00   2.2806e-22
9736.00   3.5640e-19
9738.00   5.6408e-20
9740.00   6.4677e-22
9742.00   4.7215e-19
9744.00   1.7261e-18
9746.00   5.3727e-18
9748.00   9.4656e-20
9750.00   1.9202e-18
9752.00   1.0844e-25
9754.00   9.4608e-22
9756.00   8.6756e-20
9758.00   2.8003e-27
9760.00   2.5439e-23
9762.00   1.4060e-25
9764.00   3.2120e-19
9766.00   4.3178e-18
9768.00   7.2257e-21
9770.00   2.8060e-22
9772.00   6.3440e-23
9774.00   1.7388e-24
9776.00   4.3483e-26
9778.00   1.7734e-24
9780.00   6.0705e-21
9782.00   1.7441e-19
9784.00   2.5341e-27
9786.00   3.1433e-24
9788.00   6.9551e-18
9790.00   2.0881e-22
9792.00   1.5282e-24
9794.00   6.5303e-22
9796.00   3.8065e-18
9798.00   4.7053e-20
9800.00   9.7231e-20
9802.00   6.4325e-24
9804.00   4.4765e-22
9806.00   9.3669e-19
9808.00   1.2063e-18
9810.00   4.6814e-21
9812.00   9.7529e-17
9814.00   3.5037e-25
9816.00   7.6556e-19
9818.00   2.7152e-25
9820.00   1.3405e-22
9822.00   3.5818e-23
9824.00   6.8010e-23
9826.00   4.1531e-19
9828.00   1.9228e-20
9830.00   1.6053e-21
9832.00   5.9320e-29
9834.00   7.1997e-25
9836.00   3.3120e-26
9838.00   1.1680e-20
9840.00   1.9589e-26
9842.00   7.2989e-20
9844.00   2.8295e-18
9846.00   5.9537e-22
9848.00   6.7559e-18
9850.00   4.6549e-18
9852.00   2.1009e-24
9854.00   1.7274e-23
9856.00   3.5279e-26
9858.00   4.0588e-22
9860.00   7.3330e-23
9862.00   1.1480e-19
9864.00   7.2007e-24
9866.00   8.6360e-25
9868.00   1.5950e-17
9870.00   6.0626e-23
9872.00   3.6008e-20
9874.00   6.5400e-20
9876.00   1.9519e-20
9878.00   3.4125e-24
9880.00   1.2803e-17
9882.00   5.4470e-18
9884.00   1.0621e-22
9886.00   9.2582e-25
9888.00   1.9279e-23
9890.00   2.5413e-26
9892.00   7.4531e-23
9894.00   8.0467e-17
9896.00   7.7008e-18
9898.00   1.8285e-22
9900.00   5.3406e-18
9902.00   6.9236e-23
9904.00   4.8195e-18
9906.00   4.7331e-19
9908.00   2.1040e-18
9910.00   8.6885e-18
9912.00   7.8497e-18
9914.00   5.3974e-25
9916.00   1.3486e-21
9918.00   1.4451e-23
9920.00   1.5152e-18
9922.00   5.0289e-21
9924.00   9.5233e-20
9926.00   1.8726e-22
9928.00   1.5290e-26
9930.00   9.9149e-27
9932.00   1.2751e-20
9934.00   9.1826e-22
9936.00   2.6782e-21
9938.00   1.9710e-19
9940.00   2.1969e-21
9942.00   5.2790e-23
9944.00   9.0735e-23
9946.00   1.3482e-17
9948.00   1.4531e-24
9950.00   3.2758e-19
9952.00   7.5110e-26
9954.00   3.5038e-19
9956.00   3.2058e-16
9958.00   3.2329e-20
9960.00   8.4654e-25
9962.00   2.6640e-20
9964.00   2.2339e-25
9966.00   9.2085e-27
9968.00   1.8598e-21
9970.00   1.8861e-20
9972.00   3.5166e-21
9974.00   1.3281e-27
9976.00   4.4062e-18
9978.00   1.3767e-20
9980.00   1.4585e-25
9982.00   2.5011e-19
9984.00   2.1365e-20
9986.00   2.6692e-23
9988.00   8.2056e-28
9990.00   5.9085e-23
9992.00   6.9233e-20
9994.00   7.9501e-21
9996.00   1.4818e-20
9998.00   3.4924e-15
10000.00   1.7563e-24
