1000.00   9.1672e-17
1002.00   7.1128e-17
1004.00   6.7693e-17
1006.00   5.1193e-17
1008.00   3.8720e-17
1010.00   5.0710e-17
1012.00   2.3096e-17
1014.00   6.6795e-17
1016.00   4.5311e-17
1018.00   4.9301e-17
1020.00   7.0683e-17
1022.00   8.4173e-17
1024.00   2.9656e-17
1026.00   8.2121e-18
1028.00   2.6604e-17
1030.00   5.1812e-17
1032.00   6.0254e-17
1034.00   6.7298e-17
1036.00   1.0046e-16
1038.00   4.4149e-17
1040.00   4.1978e-17
1042.00   1.1409e-16
1044.00   5.8850e-17
1046.00   1.0458e-16
1048.00   2.1926e-17
1050.00   6.4384e-17
1052.00   7.2837e-17
1054.00   1.0853e-16
1056.00   2.0848e-16
1058.00   1.3998e-16
1060.00   2.6302e-16
1062.00   2.3634e-16
1064.00   4.1416e-16
1066.00   2.2194e-16
1068.00   4.5845e-16
1070.00   2.1105e-16
1072.00   3.6205e-16
1074.00   1.0206e-15
1076.00   8.3572e-16
1078.00   2.9295e-16
1080.00   1.0880e-16
1082.00   1.3619e-16
1084.00   2.2588e-16
1086.00   1.8096e-16
1088.00   2.9301e-16
1090.00   3.0977e-16
1092.00   2.4535e-16
1094.00   3.3967e-16
1096.00   3.1841e-16
1098.00   3.9582e-16
1100.00   4.3566e-16
1102.00   1.7716e-16
1104.00   1.6202e-16
1106.00   2.7452e-16
1108.00   4.7469e-16
1110.00   4.0971e-16
1112.00   4.7864e-16
1114.00   7.1943e-16
1116.00   5.1808e-16
1118.00   1.1425e-16
1120.00   1.4014e-16
1122.00   3.2819e-16
1124.00   2.2070e-16
1126.00   6.2671e-16
1128.00   5.1563e-16
1130.00   3.1189e-16
1132.00   5.2692e-16
1134.00   5.5462e-16
1136.00   2.3990e-16
1138.00   2.1641e-16
1140.00   3.9176e-16
1142.00   3.4683e-16
1144.00   1.2845e-15
1146.00   1.1421e-15
1148.00   1.6523e-15
1150.00   1.1848e-15
1152.00   7.0737e-16
1154.00   7.9092e-16
1156.00   4.4203e-16
1158.00   8.6570e-16
1160.00   9.0447e-16
1162.00   5.4767e-16
1164.00   6.0302e-16
1166.00   8.9215e-16
1168.00   9.3007e-16
1170.00   8.9103e-16
1172.00   7.6843e-16
1174.00   1.2244e-15
1176.00   9.5834e-16
1178.00   4.0619e-16
1180.00   3.3172e-16
1182.00   6.5391e-16
1184.00   7.8689e-16
1186.00   5.4661e-16
1188.00   1.0478e-15
1190.00   4.7456e-16
1192.00   1.0451e-15
1194.00   4.2814e-16
1196.00   5.3760e-16
1198.00   1.3473e-15
1200.00   5.1234e-16
1202.00   2.8543e-16
1204.00   1.7498e-16
1206.00   1.6841e-16
1208.00   4.2376e-16
1210.00   7.7928e-16
1212.00   4.1111e-16
1214.00   2.7553e-16
1216.00   1.8435e-16
1218.00   2.7215e-16
1220.00   1.6872e-15
1222.00   5.6343e-17
1224.00   2.8012e-16
1226.00   3.0393e-16
1228.00   4.3604e-16
1230.00   1.1157e-16
1232.00   5.6966e-16
1234.00   5.4390e-16
1236.00   3.2928e-16
1238.00   5.2108e-16
1240.00   3.8042e-16
1242.00   6.5398e-16
1244.00   3.8079e-16
1246.00   3.1505e-16
1248.00   2.8152e-16
1250.00   1.8818e-16
1252.00   4.3258e-16
1254.00   3.6468e-16
1256.00   4.7736e-16
1258.00   6.9593e-16
1260.00   4.4288e-16
1262.00   6.3980e-16
1264.00   3.6241e-16
1266.00   8.5031e-16
1268.00   3.2133e-16
1270.00   2.3480e-16
1272.00   6.7698e-16
1274.00   4.8325e-16
1276.00   5.2573e-16
1278.00   3.6825e-16
1280.00   5.5952e-16
1282.00   2.7879e-16
1284.00   3.9281e-16
1286.00   3.2129e-16
1288.00   3.9099e-16
1290.00   6.9038e-16
1292.00   5.1750e-16
1294.00   3.6574e-16
1296.00   6.9285e-16
1298.00   3.0222e-16
1300.00   7.4660e-16
1302.00   6.7838e-16
1304.00   6.4760e-16
1306.00   5.3738e-16
1308.00   3.8002e-16
1310.00   3.2675e-16
1312.00   2.8341e-16
1314.00   4.6293e-16
1316.00   3.3878e-16
1318.00   6.1269e-16
1320.00   5.0670e-16
1322.00   4.0624e-16
1324.00   8.5876e-16
1326.00   3.2667e-16
1328.00   5.0235e-16
1330.00   4.7435e-16
1332.00   6.3611e-16
1334.00   3.5157e-16
1336.00   1.8837e-16
1338.00   2.8899e-16
1340.00   5.8329e-16
1342.00   1.9073e-16
1344.00   2.4916e-16
1346.00   3.1599e-16
1348.00   8.4787e-17
1350.00   3.2987e-16
1352.00   3.3920e-16
1354.00   5.4007e-16
1356.00   2.7414e-16
1358.00   3.5600e-16
1360.00   5.0152e-16
1362.00   7.1192e-16
1364.00   4.3588e-16
1366.00   5.6256e-16
1368.00   3.1055e-16
1370.00   4.3158e-16
1372.00   5.6275e-16
1374.00   9.9189e-16
1376.00   5.7144e-16
1378.00   6.9200e-16
1380.00   5.0351e-16
1382.00   6.2807e-16
1384.00   6.1400e-16
1386.00   3.4964e-16
1388.00   5.6532e-16
1390.00   1.3345e-16
1392.00   4.0385e-16
1394.00   4.7315e-16
1396.00   5.0486e-16
1398.00   2.8456e-16
1400.00   1.0934e-15
1402.00   7.1056e-16
1404.00   6.1709e-16
1406.00   3.0709e-16
1408.00   2.5814e-16
1410.00   3.2989e-16
1412.00   2.9906e-16
1414.00   4.4604e-16
1416.00   9.2172e-16
1418.00   7.4915e-16
1420.00   3.8276e-16
1422.00   1.9352e-16
1424.00   5.8231e-16
1426.00   2.1150e-16
1428.00   4.5640e-16
1430.00   3.3184e-16
1432.00   3.5347e-16
1434.00   3.7882e-16
1436.00   4.1768e-16
1438.00   4.1294e-16
1440.00   3.6312e-16
1442.00   4.4725e-16
1444.00   2.9337e-16
1446.00   2.4147e-16
1448.00   1.5517e-16
1450.00   2.4828e-16
1452.00   3.1547e-16
1454.00   2.2422e-16
1456.00   2.5163e-16
1458.00   1.8036e-16
1460.00   1.6738e-16
1462.00   4.0094e-16
1464.00   2.1195e-16
1466.00   1.6320e-16
1468.00   2.2695e-16
1470.00   2.6269e-16
1472.00   2.3851e-16
1474.00   6.0538e-16
1476.00   1.9432e-16
1478.00   6.5582e-16
1480.00   2.6540e-16
1482.00   9.4617e-17
1484.00   8.4715e-16
1486.00   4.2492e-16
1488.00   3.5124e-16
1490.00   7.2849e-16
1492.00   6.4525e-16
1494.00   5.8975e-16
1496.00   3.4929e-16
1498.00   9.6383e-17
1500.00   1.3041e-16
1502.00   2.5769e-16
1504.00   3.0489e-16
1506.00   3.8032e-16
1508.00   5.4834e-16
1510.00   1.0527e-16
1512.00   5.2687e-16
1514.00   2.9462e-16
1516.00   1.7774e-16
1518.00   7.5857e-17
1520.00   2.6189e-16
1522.00   3.8090e-16
1524.00   2.5351e-16
1526.00   2.7330e-16
1528.00   4.3757e-16
1530.00   5.1771e-17
1532.00   2.7466e-16
1534.00   1.1292e-16
1536.00   7.5492e-17
1538.00   1.4268e-16
1540.00   9.2904e-17
1542.00   1.6845e-16
1544.00   1.5393e-16
1546.00   1.1099e-16
1548.00   1.8741e-16
1550.00   4.8014e-16
1552.00   6.8457e-16
1554.00   1.4113e-16
1556.00   4.8453e-16
1558.00   1.6180e-16
1560.00   5.8581e-16
1562.00   1.3978e-16
1564.00   4.1781e-16
1566.00   1.9442e-16
1568.00   1.4939e-16
1570.00   7.2208e-16
1572.00   7.2733e-16
1574.00   9.4387e-16
1576.00   1.2215e-16
1578.00   7.5120e-16
1580.00   7.8156e-16
1582.00   3.3503e-16
1584.00   2.0446e-16
1586.00   2.5804e-16
1588.00   4.4992e-16
1590.00   1.3342e-16
1592.00   1.6004e-16
1594.00   5.5500e-16
1596.00   1.8665e-16
1598.00   2.9430e-16
1600.00   3.4072e-16
1602.00   4.0173e-16
1604.00   9.2220e-17
1606.00   4.9926e-16
1608.00   3.2956e-16
1610.00   1.7267e-16
1612.00   1.6734e-16
1614.00   2.7961e-16
1616.00   5.1878e-17
1618.00   6.3142e-16
1620.00   1.5404e-16
1622.00   1.0762e-15
1624.00   2.8157e-16
1626.00   6.1034e-16
1628.00   3.4902e-16
1630.00   1.1545e-15
1632.00   7.2842e-16
1634.00   8.4657e-16
1636.00   1.1592e-15
1638.00   5.4816e-16
1640.00   1.1018e-15
1642.00   6.7574e-16
1644.00   4.1446e-16
1646.00   3.7792e-16
1648.00   2.5815e-16
1650.00   8.9260e-16
1652.00   1.4214e-16
1654.00   6.9645e-16
1656.00   4.1191e-16
1658.00   6.4702e-16
1660.00   2.5791e-16
1662.00   2.5337e-16
1664.00   2.2567e-16
1666.00   6.8576e-17
1668.00   1.1235e-16
1670.00   1.6212e-16
1672.00   3.0003e-17
1674.00   3.2193e-16
1676.00   5.7213e-16
1678.00   1.1451e-16
1680.00   1.9327e-16
1682.00   4.3044e-16
1684.00   1.3550e-16
1686.00   2.2216e-16
1688.00   2.6449e-16
1690.00   3.4827e-16
1692.00   1.2690e-16
1694.00   2.5477e-16
1696.00   7.5322e-17
1698.00   1.3908e-16
1700.00   1.3218e-16
1702.00   6.9797e-16
1704.00   3.4818e-16
1706.00   1.2405e-16
1708.00   2.8879e-16
1710.00   7.8830e-16
1712.00   2.4851e-16
1714.00   2.7958e-16
1716.00   4.3637e-16
1718.00   4.4784e-16
1720.00   2.8640e-16
1722.00   4.4364e-16
1724.00   6.5702e-16
1726.00   6.5727e-16
1728.00   1.4331e-16
1730.00   5.2112e-17
1732.00   3.6815e-16
1734.00   1.1895e-16
1736.00   5.1893e-17
1738.00   2.7089e-16
1740.00   4.4878e-17
1742.00   2.1808e-16
1744.00   4.0310e-17
1746.00   3.8081e-16
1748.00   2.2746e-16
1750.00   2.9764e-16
1752.00   3.0967e-17
1754.00   3.3677e-17
1756.00   1.9569e-17
1758.00   1.4436e-16
1760.00   2.2965e-16
1762.00   3.8382e-16
1764.00   2.6446e-16
1766.00   8.7975e-17
1768.00   9.9867e-17
1770.00   1.4618e-16
1772.00   1.4298e-16
1774.00   6.2212e-16
1776.00   1.3144e-16
1778.00   1.5910e-16
1780.00   9.1397e-17
1782.00   2.4179e-16
1784.00   1.8317e-16
1786.00   2.0823e-15
1788.00   1.1133e-15
1790.00   2.8360e-16
1792.00   2.1938e-16
1794.00   6.8928e-16
1796.00   3.5952e-16
1798.00   6.0330e-16
1800.00   2.7438e-17
1802.00   1.7537e-16
1804.00   3.7128e-16
1806.00   2.4636e-16
1808.00   2.5068e-16
1810.00   2.3532e-16
1812.00   1.5004e-16
1814.00   7.9100e-17
1816.00   2.7468e-16
1818.00   2.4986e-16
1820.00   4.5647e-17
1822.00   1.7315e-16
1824.00   2.0909e-16
1826.00   2.0389e-16
1828.00   2.5465e-16
1830.00   2.2422e-16
1832.00   2.0200e-16
1834.00   3.7875e-16
1836.00   1.9305e-16
1838.00   1.3540e-18
1840.00   3.6660e-16
1842.00   1.4377e-16
1844.00   4.0515e-16
1846.00   1.2364e-16
1848.00   2.7895e-16
1850.00   6.1510e-17
1852.00   3.2993e-16
1854.00   1.0152e-16
1856.00   1.3164e-16
1858.00   1.2039e-16
1860.00   1.5644e-16
1862.00   3.3965e-16
1864.00   2.9993e-16
1866.00   1.2744e-16
1868.00   1.4248e-16
1870.00   1.5261e-16
1872.00   1.4636e-16
1874.00   1.0014e-16
1876.00   1.7601e-16
1878.00   4.0504e-16
1880.00   2.5883e-16
1882.00   2.5816e-16
1884.00   6.4584e-16
1886.00   2.4445e-16
1888.00   4.7831e-16
1890.00   1.4474e-16
1892.00   1.1504e-16
1894.00   5.6097e-17
1896.00   2.0124e-16
1898.00   1.9529e-16
1900.00   3.6137e-16
1902.00   4.5899e-16
1904.00   3.3041e-16
1906.00   2.4580e-16
1908.00   8.2675e-17
1910.00   2.8062e-16
1912.00   2.8871e-16
1914.00   8.4346e-17
1916.00   2.5067e-16
1918.00   3.6389e-16
1920.00   3.6902e-16
1922.00   1.1749e-16
1924.00   4.3559e-17
1926.00   5.3071e-16
1928.00   2.7364e-16
1930.00   1.4335e-16
1932.00   1.8017e-16
1934.00   1.7586e-16
1936.00   4.7155e-16
1938.00   5.4212e-17
1940.00   2.5891e-16
1942.00   1.4764e-16
1944.00   3.6663e-16
1946.00   2.6880e-16
1948.00   4.4446e-16
1950.00   7.4235e-17
1952.00   1.2404e-16
1954.00   6.6688e-17
1956.00   2.1782e-16
1958.00   5.9007e-16
1960.00   2.2551e-17
1962.00   3.3238e-16
1964.00   2.0047e-16
1966.00   6.2658e-16
1968.00   5.0436e-16
1970.00   3.5760e-16
1972.00   3.0050e-16
1974.00   1.3420e-16
1976.00   4.1049e-16
1978.00   1.8018e-16
1980.00   7.0957e-17
1982.00   1.9947e-17
1984.00   2.3815e-16
1986.00   3.0424e-16
1988.00   1.0766e-16
1990.00   1.8874e-16
1992.00   1.7749e-16
1994.00   1.5344e-16
1996.00   2.1693e-16
1998.00   3.5348e-17
2000.00   6.5973e-16
2002.00   4.5126e-17
2004.00   2.3931e-16
2006.00   1.4598e-16
2008.00   5.2625e-16
2010.00   3.4411e-16
2012.00   1.5836e-16
2014.00   4.4368e-16
2016.00   3.0348e-16
2018.00   2.5125e-16
2020.00   2.3964e-16
2022.00   4.1982e-17
2024.00   3.7808e-16
2026.00   1.3682e-16
2028.00   2.6741e-16
2030.00   3.4260e-16
2032.00   2.9091e-16
2034.00   2.2899e-16
2036.00   8.8663e-17
2038.00   1.3755e-16
2040.00   4.0405e-16
2042.00   1.6457e-17
2044.00   3.0574e-16
2046.00   3.1739e-17
2048.00   1.8794e-16
2050.00   3.8375e-17
2052.00   1.9344e-16
2054.00   9.5971e-17
2056.00   2.1285e-16
2058.00   3.0167e-16
2060.00   7.7316e-17
2062.00   3.8623e-16
2064.00   3.1818e-16
2066.00   2.6078e-16
2068.00   3.8075e-16
2070.00   5.6805e-16
2072.00   3.2582e-16
2074.00   3.2274e-16
2076.00   1.5438e-16
2078.00   5.6455e-16
2080.00   3.6718e-16
2082.00   2.0482e-16
2084.00   1.0458e-16
2086.00   1.0200e-16
2088.00   3.5488e-16
2090.00   2.2405e-17
2092.00   1.4624e-16
2094.00   2.0144e-16
2096.00   1.6566e-16
2098.00   1.7175e-16
2100.00   2.5651e-16
2102.00   2.9975e-16
2104.00   1.7204e-17
2106.00   5.2889e-16
2108.00   3.9509e-16
2110.00   8.1514e-16
2112.00   1.8716e-17
2114.00   2.5037e-16
2116.00   1.0616e-15
2118.00   1.6765e-16
2120.00   1.8431e-16
2122.00   1.2699e-16
2124.00   2.8623e-17
2126.00   2.0835e-16
2128.00   1.7546e-16
2130.00   3.4104e-16
2132.00   3.8804e-16
2134.00   2.3522e-16
2136.00   1.2282e-16
2138.00   3.5091e-16
2140.00   1.5760e-16
2142.00   5.4249e-16
2144.00   1.1914e-16
2146.00   2.4339e-16
2148.00   1.1387e-16
2150.00   3.0624e-16
2152.00   2.4651e-16
2154.00   1.1666e-16
2156.00   1.6059e-16
2158.00   2.0992e-16
2160.00   2.3701e-16
2162.00   2.7184e-16
2164.00   2.3617e-16
2166.00   2.2109e-16
2168.00   3.4926e-16
2170.00   1.9186e-16
2172.00   8.6374e-17
2174.00   4.8548e-16
2176.00   1.6176e-16
2178.00   1.9142e-16
2180.00   1.5861e-16
2182.00   1.6044e-16
2184.00   4.9865e-16
2186.00   1.2578e-16
2188.00   4.3777e-16
2190.00   1.8871e-16
2192.00   8.0241e-17
2194.00   1.6308e-16
2196.00   7.2202e-17
2198.00   1.7733e-16
2200.00   2.4193e-17
2202.00   1.9757e-16
2204.00   3.0810e-16
2206.00   2.2771e-16
2208.00   1.2646e-16
2210.00   2.8355e-16
2212.00   3.5715e-16
2214.00   4.4250e-16
2216.00   2.9913e-16
2218.00   2.2041e-16
2220.00   3.3953e-16
2222.00   2.4205e-16
2224.00   7.6960e-16
2226.00   2.5743e-16
2228.00   5.1735e-16
2230.00   2.8259e-16
2232.00   4.4238e-16
2234.00   5.7999e-16
2236.00   3.9412e-16
2238.00   5.1191e-16
2240.00   2.8669e-16
2242.00   6.0223e-16
2244.00   8.4045e-16
2246.00   4.3693e-16
2248.00   1.1269e-16
2250.00   1.0799e-15
2252.00   2.5111e-16
2254.00   8.9984e-16
2256.00   9.0471e-16
2258.00   2.7999e-16
2260.00   1.0366e-15
2262.00   4.3862e-16
2264.00   3.7986e-16
2266.00   1.2578e-15
2268.00   1.0295e-15
2270.00   5.1670e-16
2272.00   7.2210e-16
2274.00   7.4354e-16
2276.00   1.3045e-15
2278.00   4.6042e-16
2280.00   1.0964e-15
2282.00   2.4464e-16
2284.00   7.1018e-16
2286.00   2.6390e-16
2288.00   4.1254e-16
2290.00   2.2536e-16
2292.00   1.5963e-16
2294.00   1.0602e-15
2296.00   3.1991e-16
2298.00   2.6773e-16
2300.00   1.9564e-16
2302.00   1.9320e-16
2304.00   5.2311e-16
2306.00   3.6029e-16
2308.00   1.0687e-15
2310.00   3.0918e-16
2312.00   8.5520e-16
2314.00   9.6924e-16
2316.00   5.7268e-17
2318.00   8.1599e-16
2320.00   2.1955e-18
2322.00   3.6633e-16
2324.00   1.7322e-16
2326.00   8.3073e-16
2328.00   3.4375e-15
2330.00   6.6628e-16
2332.00   6.6964e-15
2334.00   5.7634e-17
2336.00   5.0275e-17
2338.00   3.8724e-15
2340.00   7.5427e-16
2342.00   1.2691e-16
2344.00   4.8822e-15
2346.00   8.8058e-16
2348.00   1.1749e-14
2350.00   3.3236e-17
2352.00   7.3052e-16
2354.00   4.4277e-16
2356.00   8.9829e-16
2358.00   4.0190e-16
2360.00   1.3759e-14
2362.00   3.8179e-15
2364.00   5.1102e-15
2366.00   4.0813e-15
2368.00   2.9795e-15
2370.00   2.2578e-15
2372.00   4.4985e-16
2374.00   2.1304e-15
2376.00   2.2293e-15
2378.00   1.4823e-16
2380.00   9.2852e-15
2382.00   3.8147e-15
2384.00   4.8755e-15
2386.00   1.9611e-15
2388.00   1.0311e-14
2390.00   3.2540e-16
2392.00   2.3389e-15
2394.00   5.7581e-16
2396.00   2.2892e-14
2398.00   1.7040e-16
2400.00   9.0548e-15
2402.00   1.0604e-15
2404.00   1.3501e-14
2406.00   7.1955e-15
2408.00   2.6271e-16
2410.00   8.8145e-15
2412.00   5.8972e-15
2414.00   5.7677e-15
2416.00   8.3838e-16
2418.00   1.0890e-15
2420.00   2.4260e-16
2422.00   3.5643e-16
2424.00   1.4543e-15
2426.00   6.3015e-16
2428.00   1.3722e-15
2430.00   2.2323e-15
2432.00   1.4123e-15
2434.00   2.1563e-15
2436.00   1.1209e-15
2438.00   5.2358e-16
2440.00   1.0994e-15
2442.00   1.6384e-16
2444.00   5.1568e-16
2446.00   1.8211e-15
2448.00   1.1229e-15
2450.00   7.9036e-16
2452.00   7.6543e-16
2454.00   1.3780e-15
2456.00   6.0757e-16
2458.00   1.1044e-15
2460.00   1.3162e-15
2462.00   1.1203e-15
2464.00   3.2471e-15
2466.00   2.0244e-15
2468.00   9.7257e-16
2470.00   1.8743e-15
2472.00   9.8460e-16
2474.00   1.0073e-15
2476.00   1.0088e-15
2478.00   7.0355e-16
2480.00   7.5538e-16
2482.00   9.9087e-16
2484.00   1.6569e-15
2486.00   7.3044e-16
2488.00   6.2793e-16
2490.00   1.8019e-15
2492.00   4.9156e-16
2494.00   3.2139e-15
2496.00   2.4057e-16
2498.00   1.6011e-15
2500.00   3.7866e-16
2502.00   5.8287e-16
2504.00   7.5239e-16
2506.00   1.6140e-15
2508.00   6.8370e-16
2510.00   8.3644e-16
2512.00   1.7773e-15
2514.00   9.7657e-16
2516.00   5.2064e-16
2518.00   4.5606e-16
2520.00   2.0454e-15
2522.00   1.0680e-15
2524.00   2.3242e-16
2526.00   3.2148e-15
2528.00   5.4862e-16
2530.00   1.2652e-15
2532.00   3.7133e-16
2534.00   5.8898e-16
2536.00   7.3680e-16
2538.00   2.0850e-15
2540.00   1.8243e-15
2542.00   1.3636e-15
2544.00   6.2498e-16
2546.00   1.0754e-15
2548.00   8.6789e-16
2550.00   2.1897e-15
2552.00   5.5959e-16
2554.00   3.8134e-16
2556.00   4.5743e-16
2558.00   4.8188e-16
2560.00   1.2599e-15
2562.00   3.8278e-15
2564.00   2.2707e-15
2566.00   1.8532e-15
2568.00   5.1514e-16
2570.00   3.5252e-16
2572.00   7.4022e-16
2574.00   8.1074e-16
2576.00   3.3056e-16
2578.00   1.3208e-15
2580.00   2.2390e-16
2582.00   2.3552e-15
2584.00   5.7236e-16
2586.00   2.6862e-15
2588.00   7.6584e-16
2590.00   2.8812e-16
2592.00   1.8061e-15
2594.00   3.3007e-16
2596.00   2.1230e-16
2598.00   1.6438e-14
2600.00   3.1271e-15
2602.00   2.3360e-17
2604.00   3.2723e-16
2606.00   9.2628e-16
2608.00   1.3876e-14
2610.00   6.2176e-16
2612.00   2.2478e-14
2614.00   1.0369e-14
2616.00   1.9764e-17
2618.00   1.0014e-14
2620.00   3.0730e-15
2622.00   5.3221e-15
2624.00   4.7660e-16
2626.00   2.0265e-14
2628.00   1.0250e-14
2630.00   7.8764e-16
2632.00   3.0601e-14
2634.00   3.6425e-16
2636.00   5.4114e-16
2638.00   3.1787e-16
2640.00   1.6631e-16
2642.00   4.6581e-16
2644.00   2.7452e-16
2646.00   3.4876e-16
2648.00   5.8722e-17
2650.00   5.0781e-16
2652.00   5.0952e-16
2654.00   2.4988e-16
2656.00   2.7363e-17
2658.00   3.3938e-16
2660.00   1.8785e-16
2662.00   2.6675e-17
2664.00   4.0570e-16
2666.00   4.7396e-16
2668.00   1.4995e-16
2670.00   4.4621e-16
2672.00   1.2933e-16
2674.00   5.8361e-18
2676.00   1.6187e-16
2678.00   3.5117e-16
2680.00   1.3714e-16
2682.00   4.1527e-16
2684.00   6.5167e-16
2686.00   2.3774e-16
2688.00   8.4689e-18
2690.00   1.0858e-16
2692.00   1.9608e-15
2694.00   2.6773e-16
2696.00   5.5199e-17
2698.00   4.1640e-16
2700.00   2.8172e-16
2702.00   1.8581e-17
2704.00   5.3932e-16
2706.00   1.9637e-16
2708.00   2.3199e-16
2710.00   1.7339e-15
2712.00   3.8898e-16
2714.00   2.7379e-15
2716.00   5.4113e-15
2718.00   6.2532e-16
2720.00   2.2966e-16
2722.00   6.0736e-16
2724.00   3.6373e-15
2726.00   1.1829e-16
2728.00   2.5501e-15
2730.00   2.8485e-15
2732.00   1.8637e-15
2734.00   1.4577e-16
2736.00   2.0814e-15
2738.00   2.0587e-16
2740.00   6.8697e-15
2742.00   2.7985e-16
2744.00   2.9046e-15
2746.00   6.9028e-15
2748.00   6.3474e-16
2750.00   9.1464e-15
2752.00   6.8474e-16
2754.00   7.2537e-16
2756.00   1.2223e-14
2758.00   2.1776e-16
2760.00   7.8040e-16
2762.00   3.4809e-15
2764.00   3.5978e-16
2766.00   9.1628e-18
2768.00   5.5326e-15
2770.00   5.8042e-16
2772.00   6.6586e-15
2774.00   7.8134e-16
2776.00   1.1280e-15
2778.00   5.1115e-16
2780.00   3.5681e-16
2782.00   7.5457e-17
2784.00   4.9738e-16
2786.00   8.4037e-16
2788.00   4.6754e-16
2790.00   1.6196e-16
2792.00   1.0953e-16
2794.00   2.8862e-16
2796.00   3.5007e-16
2798.00   1.7684e-16
2800.00   5.2094e-16
2802.00   5.3056e-19
2804.00   3.0945e-16
2806.00   6.1104e-16
2808.00   4.1884e-17
2810.00   2.8604e-16
2812.00   2.0698e-16
2814.00   2.3849e-16
2816.00   1.7774e-17
2818.00   2.5607e-16
2820.00   3.1076e-16
2822.00   1.9674e-16
2824.00   5.1263e-16
2826.00   3.6434e-16
2828.00   1.1081e-15
2830.00   2.4404e-16
2832.00   6.9543e-16
2834.00   6.1872e-16
2836.00   5.2095e-16
2838.00   1.2929e-15
2840.00   1.6190e-15
2842.00   1.9703e-16
2844.00   5.8729e-16
2846.00   5.4474e-16
2848.00   1.1588e-15
2850.00   3.5181e-16
2852.00   2.2379e-16
2854.00   3.0970e-16
2856.00   9.8392e-16
2858.00   9.7448e-16
2860.00   9.3742e-17
2862.00   3.7813e-16
2864.00   6.8993e-16
2866.00   3.0805e-16
2868.00   8.4701e-16
2870.00   7.3169e-16
2872.00   5.7258e-16
2874.00   2.2099e-16
2876.00   1.0333e-16
2878.00   1.1269e-16
2880.00   1.1432e-15
2882.00   2.1099e-16
2884.00   3.8747e-16
2886.00   7.6303e-16
2888.00   6.9693e-16
2890.00   2.1294e-16
2892.00   5.0458e-16
2894.00   3.2753e-16
2896.00   4.1698e-16
2898.00   3.1904e-16
2900.00   7.6029e-18
2902.00   5.2496e-16
2904.00   1.1222e-17
2906.00   2.7780e-16
2908.00   5.2591e-16
2910.00   1.7579e-16
2912.00   1.7255e-17
2914.00   1.6308e-17
2916.00   6.3879e-16
2918.00   5.7251e-16
2920.00   1.5474e-16
2922.00   9.7564e-17
2924.00   1.3512e-16
2926.00   1.8445e-15
2928.00   4.2816e-18
2930.00   1.3952e-16
2932.00   6.8700e-17
2934.00   2.3078e-16
2936.00   1.1375e-16
2938.00   5.2494e-17
2940.00   6.3305e-16
2942.00   4.8129e-18
2944.00   1.0277e-15
2946.00   5.6064e-16
2948.00   9.9160e-16
2950.00   2.3882e-16
2952.00   8.3502e-17
2954.00   1.3696e-15
2956.00   1.7883e-17
2958.00   6.2078e-17
2960.00   3.0033e-16
2962.00   4.5020e-16
2964.00   8.2993e-16
2966.00   1.1752e-15
2968.00   1.0431e-16
2970.00   1.3308e-15
2972.00   1.9872e-16
2974.00   4.4529e-18
2976.00   5.6736e-16
2978.00   1.8136e-17
2980.00   1.0050e-15
2982.00   1.1253e-16
2984.00   3.4581e-15
2986.00   1.4988e-15
2988.00   3.2674e-17
2990.00   2.0842e-17
2992.00   1.3345e-16
2994.00   1.0523e-16
2996.00   1.0676e-18
2998.00   1.7107e-16
3000.00   1.0205e-16
3002.00   2.1141e-15
3004.00   4.4120e-17
3006.00   2.4511e-18
3008.00   8.7359e-19
3010.00   1.9288e-16
3012.00   8.2497e-18
3014.00   2.2966e-16
3016.00   7.7067e-17
3018.00   1.5375e-16
3020.00   2.3233e-16
3022.00   1.0365e-16
3024.00   1.9669e-16
3026.00   1.2340e-16
3028.00   6.8138e-17
3030.00   1.7701e-16
3032.00   1.1543e-17
3034.00   1.4405e-16
3036.00   1.0038e-16
3038.00   1.7926e-16
3040.00   5.7007e-17
3042.00   1.1039e-17
3044.00   3.6352e-16
3046.00   1.6342e-16
3048.00   2.3714e-16
3050.00   1.5857e-16
3052.00   8.6927e-18
3054.00   5.7146e-18
3056.00   3.3544e-16
3058.00   4.2460e-17
3060.00   3.6310e-18
3062.00   1.6433e-16
3064.00   3.2804e-19
3066.00   2.4180e-16
3068.00   1.7575e-16
3070.00   2.9933e-16
3072.00   3.1612e-16
3074.00   3.1061e-17
3076.00   3.9130e-16
3078.00   3.8318e-16
3080.00   2.8323e-16
3082.00   4.2489e-17
3084.00   1.6819e-16
3086.00   1.0592e-19
3088.00   8.3319e-20
3090.00   1.3493e-16
3092.00   6.7309e-19
3094.00   5.7969e-20
3096.00   1.9466e-16
3098.00   4.1193e-17
3100.00   3.4376e-19
3102.00   2.0647e-16
3104.00   6.3711e-18
3106.00   5.9561e-16
3108.00   1.6032e-17
3110.00   4.8326e-19
3112.00   1.8288e-19
3114.00   3.2317e-16
3116.00   2.7182e-16
3118.00   1.0241e-17
3120.00   6.4908e-17
3122.00   5.9606e-18
3124.00   2.1069e-19
3126.00   6.3667e-18
3128.00   7.0112e-19
3130.00   5.7994e-17
3132.00   2.0151e-16
3134.00   3.0286e-17
3136.00   1.1302e-16
3138.00   9.8303e-18
3140.00   1.2872e-17
3142.00   4.2192e-16
3144.00   9.7933e-17
3146.00   1.5238e-16
3148.00   9.3986e-20
3150.00   9.8865e-19
3152.00   1.2010e-17
3154.00   7.3941e-18
3156.00   1.1838e-16
3158.00   2.2969e-16
3160.00   3.0612e-17
3162.00   7.1980e-16
3164.00   1.4520e-15
3166.00   9.0178e-16
3168.00   1.9304e-17
3170.00   5.2723e-16
3172.00   1.2724e-19
3174.00   9.9989e-19
3176.00   4.9339e-18
3178.00   8.0249e-16
3180.00   4.7880e-18
3182.00   5.3278e-19
3184.00   9.9738e-16
3186.00   1.5668e-15
3188.00   1.7452e-16
3190.00   2.1382e-16
3192.00   1.6842e-15
3194.00   1.0710e-15
3196.00   2.2520e-15
3198.00   2.0827e-17
3200.00   3.1063e-19
3202.00   1.7118e-18
3204.00   1.7513e-16
3206.00   2.7345e-19
3208.00   6.1036e-18
3210.00   1.0357e-15
3212.00   1.3326e-16
3214.00   1.3039e-15
3216.00   1.0312e-17
3218.00   1.8805e-18
3220.00   1.0918e-17
3222.00   1.2281e-17
3224.00   1.2251e-16
3226.00   5.9525e-17
3228.00   1.6451e-15
3230.00   2.3318e-16
3232.00   2.5658e-16
3234.00   3.5166e-16
3236.00   2.8673e-18
3238.00   3.3157e-16
3240.00   1.4964e-17
3242.00   5.9110e-19
3244.00   2.4505e-16
3246.00   1.0277e-17
3248.00   3.3547e-16
3250.00   3.6448e-16
3252.00   2.3498e-16
3254.00   1.6324e-18
3256.00   1.1984e-15
3258.00   4.4976e-16
3260.00   2.6221e-16
3262.00   4.2611e-17
3264.00   4.6224e-16
3266.00   1.9990e-18
3268.00   1.9766e-16
3270.00   1.3291e-16
3272.00   3.1112e-19
3274.00   4.9202e-17
3276.00   3.5931e-17
3278.00   1.7539e-15
3280.00   4.1415e-17
3282.00   8.3986e-16
3284.00   6.0681e-17
3286.00   6.6716e-16
3288.00   3.9975e-17
3290.00   1.2526e-16
3292.00   7.1547e-17
3294.00   1.7162e-19
3296.00   9.4889e-16
3298.00   1.7316e-16
3300.00   2.3378e-17
3302.00   7.0441e-16
3304.00   5.4099e-16
3306.00   2.8054e-16
3308.00   2.0919e-20
3310.00   4.9281e-17
3312.00   4.9666e-16
3314.00   4.5256e-16
3316.00   1.9444e-17
3318.00   1.2822e-17
3320.00   2.7423e-17
3322.00   1.7272e-16
3324.00   1.2041e-16
3326.00   6.6695e-17
3328.00   1.3117e-16
3330.00   4.2652e-17
3332.00   1.7842e-18
3334.00   1.6925e-18
3336.00   2.0359e-16
3338.00   2.2859e-16
3340.00   7.4391e-19
3342.00   3.4819e-17
3344.00   1.5377e-18
3346.00   1.2268e-19
3348.00   8.8378e-19
3350.00   1.1311e-19
3352.00   4.1971e-18
3354.00   1.3722e-18
3356.00   4.5250e-18
3358.00   2.9240e-16
3360.00   1.4933e-16
3362.00   2.0342e-16
3364.00   1.5435e-16
3366.00   3.2821e-16
3368.00   3.1374e-17
3370.00   1.8087e-16
3372.00   3.8214e-16
3374.00   1.2028e-18
3376.00   1.1586e-16
3378.00   5.8964e-19
3380.00   1.1591e-16
3382.00   1.8642e-16
3384.00   2.0892e-18
3386.00   6.0437e-17
3388.00   1.5764e-17
3390.00   3.4741e-17
3392.00   3.5287e-16
3394.00   5.6586e-18
3396.00   1.5398e-16
3398.00   2.3832e-17
3400.00   2.8405e-18
3402.00   6.5477e-18
3404.00   8.2501e-18
3406.00   2.7343e-17
3408.00   7.0236e-19
3410.00   1.1209e-16
3412.00   2.1061e-18
3414.00   1.1606e-16
3416.00   3.7617e-16
3418.00   5.0422e-19
3420.00   1.1151e-16
3422.00   2.6666e-18
3424.00   2.0165e-18
3426.00   1.1657e-16
3428.00   1.0004e-16
3430.00   1.0232e-16
3432.00   1.8225e-18
3434.00   1.6663e-18
3436.00   1.5984e-16
3438.00   4.5544e-18
3440.00   6.4025e-17
3442.00   3.5931e-17
3444.00   1.2456e-16
3446.00   2.3139e-17
3448.00   3.2326e-18
3450.00   1.3939e-16
3452.00   2.9132e-16
3454.00   5.0958e-17
3456.00   5.1229e-16
3458.00   6.3573e-17
3460.00   2.1236e-18
3462.00   1.2486e-20
3464.00   3.2276e-16
3466.00   1.2888e-17
3468.00   4.1542e-19
3470.00   1.2373e-16
3472.00   4.4010e-17
3474.00   1.3727e-18
3476.00   7.1201e-16
3478.00   1.1955e-16
3480.00   3.0264e-16
3482.00   2.0997e-16
3484.00   1.3182e-16
3486.00   2.2809e-16
3488.00   1.1767e-18
3490.00   2.3096e-16
3492.00   2.8311e-19
3494.00   2.7336e-16
3496.00   2.7937e-16
3498.00   3.3629e-17
3500.00   1.1696e-16
3502.00   1.3303e-17
3504.00   2.8775e-16
3506.00   3.3545e-18
3508.00   2.4306e-16
3510.00   3.5399e-18
3512.00   4.9629e-17
3514.00   6.5849e-18
3516.00   4.4555e-17
3518.00   1.0699e-16
3520.00   1.4683e-17
3522.00   4.6885e-16
3524.00   1.1967e-18
3526.00   4.6671e-17
3528.00   4.8099e-17
3530.00   1.3505e-17
3532.00   3.4803e-17
3534.00   1.7894e-18
3536.00   9.1504e-17
3538.00   9.7457e-17
3540.00   2.7310e-17
3542.00   7.8249e-17
3544.00   1.3257e-17
3546.00   3.5373e-19
3548.00   5.6385e-17
3550.00   6.0128e-18
3552.00   1.4271e-17
3554.00   5.5935e-17
3556.00   1.5329e-16
3558.00   1.4697e-16
3560.00   2.6558e-17
3562.00   1.1682e-18
3564.00   6.2378e-17
3566.00   1.1972e-16
3568.00   5.6328e-18
3570.00   1.0136e-18
3572.00   1.0084e-18
3574.00   1.2225e-19
3576.00   9.8926e-18
3578.00   5.6351e-19
3580.00   3.2319e-19
3582.00   3.4839e-20
3584.00   9.3681e-18
3586.00   3.3914e-17
3588.00   4.3231e-17
3590.00   4.5614e-17
3592.00   2.6974e-19
3594.00   1.2832e-18
3596.00   2.7287e-19
3598.00   5.7492e-18
3600.00   6.2761e-18
3602.00   5.0557e-17
3604.00   1.1120e-18
3606.00   1.5882e-17
3608.00   2.6720e-18
3610.00   2.3970e-18
3612.00   1.0715e-18
3614.00   5.7687e-17
3616.00   3.4608e-19
3618.00   4.3459e-18
3620.00   7.0248e-19
3622.00   1.1665e-16
3624.00   1.6610e-16
3626.00   2.8218e-19
3628.00   7.7178e-18
3630.00   3.5171e-18
3632.00   1.2927e-18
3634.00   1.7729e-19
3636.00   7.3012e-17
3638.00   2.8872e-18
3640.00   1.5829e-19
3642.00   1.5114e-16
3644.00   3.9717e-18
3646.00   4.7400e-18
3648.00   1.4648e-18
3650.00   2.4563e-19
3652.00   2.4585e-19
3654.00   7.3089e-20
3656.00   2.1109e-16
3658.00   1.2371e-18
3660.00   7.0203e-19
3662.00   2.2373e-17
3664.00   4.2034e-19
3666.00   2.3764e-19
3668.00   4.2761e-19
3670.00   5.1514e-19
3672.00   1.5975e-19
3674.00   2.0021e-18
3676.00   6.4982e-19
3678.00   7.7545e-20
3680.00   1.0740e-17
3682.00   1.4328e-17
3684.00   2.9840e-19
3686.00   1.1714e-17
3688.00   7.8280e-19
3690.00   5.5620e-19
3692.00   2.8667e-19
3694.00   2.6399e-18
3696.00   3.6250e-18
3698.00   4.3081e-17
3700.00   1.8981e-18
3702.00   5.6447e-22
3704.00   3.8482e-18
3706.00   3.0049e-20
3708.00   3.4331e-19
3710.00   1.1712e-17
3712.00   1.2560e-17
3714.00   9.6326e-19
3716.00   2.6380e-18
3718.00   3.6426e-19
3720.00   4.9730e-17
3722.00   4.2170e-19
3724.00   4.8806e-17
3726.00   2.7753e-17
3728.00   9.6759e-17
3730.00   5.2052e-19
3732.00   1.6815e-19
3734.00   3.8098e-19
3736.00   8.6120e-20
3738.00   2.0837e-18
3740.00   1.4138e-19
3742.00   3.4664e-17
3744.00   6.1978e-18
3746.00   9.0707e-17
3748.00   1.1480e-16
3750.00   2.9331e-18
3752.00   2.1311e-20
3754.00   2.4841e-18
3756.00   5.6308e-17
3758.00   1.8049e-17
3760.00   9.2142e-17
3762.00   1.1109e-16
3764.00   2.6213e-16
3766.00   5.2672e-19
3768.00   9.3449e-19
3770.00   1.8018e-19
3772.00   1.4929e-19
3774.00   1.9668e-19
3776.00   2.9873e-19
3778.00   1.0195e-17
3780.00   1.6992e-16
3782.00   6.2932e-17
3784.00   2.4804e-16
3786.00   6.9191e-17
3788.00   1.2270e-17
3790.00   3.4470e-19
3792.00   3.4079e-19
3794.00   1.4465e-19
3796.00   1.3818e-18
3798.00   8.3754e-17
3800.00   9.3354e-19
3802.00   2.3811e-18
3804.00   2.0978e-18
3806.00   1.4532e-17
3808.00   4.0303e-18
3810.00   2.0421e-18
3812.00   5.1852e-19
3814.00   1.1746e-16
3816.00   1.1834e-20
3818.00   3.2225e-20
3820.00   1.2089e-18
3822.00   1.6903e-16
3824.00   3.7815e-16
3826.00   5.2040e-20
3828.00   9.1986e-17
3830.00   1.1730e-18
3832.00   1.2044e-20
3834.00   5.1347e-17
3836.00   2.0806e-19
3838.00   1.2037e-18
3840.00   3.1338e-19
3842.00   7.1313e-19
3844.00   4.8254e-19
3846.00   7.6629e-17
3848.00   4.0236e-19
3850.00   2.1334e-18
3852.00   1.6889e-19
3854.00   2.3948e-19
3856.00   7.7593e-19
3858.00   1.1071e-18
3860.00   1.0437e-18
3862.00   5.5744e-19
3864.00   6.1438e-18
3866.00   2.6975e-19
3868.00   1.6629e-19
3870.00   1.7039e-19
3872.00   1.9894e-16
3874.00   5.7706e-19
3876.00   1.4962e-18
3878.00   6.7865e-19
3880.00   6.7095e-19
3882.00   5.8898e-19
3884.00   2.9302e-18
3886.00   9.6076e-20
3888.00   9.5169e-21
3890.00   4.2089e-20
3892.00   1.5351e-20
3894.00   4.2918e-18
3896.00   1.0692e-16
3898.00   2.5414e-20
3900.00   4.6053e-19
3902.00   1.2573e-20
3904.00   1.2844e-17
3906.00   1.0950e-16
3908.00   1.4443e-16
3910.00   2.6785e-17
3912.00   1.1325e-18
3914.00   4.2006e-16
3916.00   1.3624e-18
3918.00   2.2455e-17
3920.00   1.2873e-17
3922.00   2.3533e-18
3924.00   5.2687e-18
3926.00   1.5007e-18
3928.00   1.8063e-17
3930.00   4.4116e-16
3932.00   3.2919e-18
3934.00   6.1287e-19
3936.00   1.1702e-16
3938.00   7.6804e-16
3940.00   2.7831e-18
3942.00   5.3607e-19
3944.00   1.3744e-18
3946.00   4.9541e-16
3948.00   1.9223e-19
3950.00   2.1733e-18
3952.00   1.2249e-17
3954.00   1.3097e-18
3956.00   1.5669e-19
3958.00   5.8351e-17
3960.00   2.7731e-17
3962.00   1.6083e-18
3964.00   1.3746e-16
3966.00   6.9432e-17
3968.00   6.0959e-19
3970.00   6.7463e-16
3972.00   2.0338e-18
3974.00   3.3684e-16
3976.00   1.6987e-17
3978.00   1.6721e-18
3980.00   5.5990e-19
3982.00   3.2566e-16
3984.00   3.4455e-18
3986.00   5.7629e-19
3988.00   4.5516e-19
3990.00   1.2124e-16
3992.00   1.3015e-18
3994.00   1.8714e-19
3996.00   3.0139e-17
3998.00   3.1260e-20
4000.00   2.5067e-18
4002.00   3.2090e-16
4004.00   1.8802e-17
4006.00   4.4122e-20
4008.00   2.8294e-17
4010.00   5.2607e-19
4012.00   1.6470e-17
4014.00   2.2823e-18
4016.00   3.5671e-18
4018.00   1.5603e-18
4020.00   1.6793e-18
4022.00   3.7023e-18
4024.00   8.9175e-17
4026.00   2.9900e-19
4028.00   1.2805e-18
4030.00   7.0199e-21
4032.00   8.3223e-19
4034.00   2.2270e-17
4036.00   5.5118e-19
4038.00   1.1355e-19
4040.00   2.5761e-18
4042.00   5.1565e-19
4044.00   3.3230e-19
4046.00   2.3028e-18
4048.00   3.3569e-19
4050.00   3.7556e-19
4052.00   6.7177e-19
4054.00   1.6523e-19
4056.00   1.6077e-19
4058.00   1.7616e-17
4060.00   2.2665e-19
4062.00   1.2006e-16
4064.00   1.4354e-17
4066.00   4.0418e-20
4068.00   1.1994e-17
4070.00   1.2623e-17
4072.00   9.9717e-20
4074.00   3.1108e-18
4076.00   1.0473e-16
4078.00   3.3500e-17
4080.00   1.6974e-18
4082.00   7.7239e-19
4084.00   1.8859e-18
4086.00   4.6172e-19
4088.00   1.1857e-16
4090.00   2.3242e-19
4092.00   3.2888e-18
4094.00   9.7570e-18
4096.00   3.4554e-19
4098.00   3.7177e-18
4100.00   1.6837e-19
4102.00   1.9514e-18
4104.00   2.6152e-17
4106.00   1.0773e-18
4108.00   1.0993e-17
4110.00   1.4229e-18
4112.00   3.0905e-17
4114.00   1.2380e-18
4116.00   9.7969e-20
4118.00   4.9286e-18
4120.00   5.4504e-17
4122.00   2.5792e-16
4124.00   1.1837e-16
4126.00   7.6695e-20
4128.00   2.2248e-16
4130.00   4.3981e-20
4132.00   1.7329e-18
4134.00   2.8220e-18
4136.00   1.8528e-18
4138.00   1.3962e-16
4140.00   1.8165e-18
4142.00   1.0881e-19
4144.00   8.2592e-18
4146.00   2.3836e-18
4148.00   4.7244e-18
4150.00   5.5116e-18
4152.00   8.1510e-18
4154.00   2.9488e-18
4156.00   2.8220e-19
4158.00   3.7530e-18
4160.00   6.2600e-17
4162.00   5.6283e-18
4164.00   1.2984e-18
4166.00   2.3200e-19
4168.00   3.1170e-17
4170.00   1.1333e-17
4172.00   1.1704e-17
4174.00   4.3914e-16
4176.00   8.5264e-18
4178.00   6.6973e-16
4180.00   1.1416e-16
4182.00   5.5542e-18
4184.00   9.6259e-17
4186.00   1.5650e-18
4188.00   1.4784e-18
4190.00   1.9192e-18
4192.00   1.0750e-20
4194.00   5.3650e-20
4196.00   7.7554e-19
4198.00   3.1075e-19
4200.00   1.4831e-18
4202.00   9.9590e-18
4204.00   5.4413e-20
4206.00   2.7653e-17
4208.00   4.0533e-19
4210.00   1.3978e-17
4212.00   9.5114e-18
4214.00   1.0127e-18
4216.00   5.4818e-20
4218.00   4.1899e-19
4220.00   4.8387e-19
4222.00   1.4701e-18
4224.00   6.1195e-18
4226.00   1.0290e-18
4228.00   3.7597e-18
4230.00   8.7657e-21
4232.00   5.5997e-18
4234.00   9.3489e-16
4236.00   6.9740e-19
4238.00   2.7065e-18
4240.00   1.4264e-19
4242.00   4.1779e-18
4244.00   2.3763e-16
4246.00   5.3234e-21
4248.00   1.0495e-16
4250.00   1.3204e-18
4252.00   4.7980e-18
4254.00   2.7515e-19
4256.00   1.3473e-17
4258.00   3.2105e-16
4260.00   3.8598e-19
4262.00   9.4430e-20
4264.00   7.8264e-19
4266.00   5.5670e-19
4268.00   2.7170e-18
4270.00   4.1035e-18
4272.00   1.2555e-20
4274.00   2.2767e-16
4276.00   1.0904e-16
4278.00   1.9316e-16
4280.00   2.8071e-19
4282.00   1.7946e-18
4284.00   3.6931e-20
4286.00   2.3480e-18
4288.00   1.6793e-16
4290.00   2.7639e-19
4292.00   2.2319e-17
4294.00   5.8100e-20
4296.00   3.2142e-16
4298.00   6.4694e-20
4300.00   1.6694e-17
4302.00   2.4062e-17
4304.00   3.6348e-16
4306.00   3.4685e-17
4308.00   1.5734e-21
4310.00   3.1170e-19
4312.00   8.3575e-18
4314.00   3.6567e-16
4316.00   1.3056e-19
4318.00   1.7968e-18
4320.00   6.9009e-17
4322.00   1.5579e-18
4324.00   2.0630e-19
4326.00   4.5991e-17
4328.00   2.1788e-18
4330.00   1.8225e-18
4332.00   4.0115e-16
4334.00   7.9519e-20
4336.00   1.5262e-19
4338.00   3.8716e-16
4340.00   7.9466e-18
4342.00   1.0764e-18
4344.00   3.7395e-17
4346.00   5.2941e-17
4348.00   1.3121e-18
4350.00   6.0186e-19
4352.00   5.7932e-16
4354.00   8.4807e-19
4356.00   1.2327e-18
4358.00   1.2903e-16
4360.00   1.3832e-16
4362.00   4.0755e-17
4364.00   8.0081e-19
4366.00   6.3682e-19
4368.00   1.1255e-19
4370.00   2.0524e-16
4372.00   7.6454e-16
4374.00   3.5071e-19
4376.00   3.8652e-18
4378.00   2.8017e-18
4380.00   4.0735e-18
4382.00   5.9281e-18
4384.00   5.0660e-16
4386.00   3.9387e-16
4388.00   6.0298e-19
4390.00   1.1009e-20
4392.00   4.9771e-19
4394.00   3.1079e-19
4396.00   1.3888e-19
4398.00   4.2991e-16
4400.00   1.7208e-18
4402.00   1.2422e-17
4404.00   1.6378e-20
4406.00   6.7633e-19
4408.00   1.5153e-19
4410.00   1.3510e-18
4412.00   9.0706e-20
4414.00   8.1757e-16
4416.00   3.7082e-16
4418.00   6.3165e-19
4420.00   3.5166e-18
4422.00   1.5287e-18
4424.00   8.5021e-19
4426.00   2.8218e-19
4428.00   9.1309e-20
4430.00   1.5800e-18
4432.00   4.7137e-18
4434.00   6.2397e-19
4436.00   1.1299e-18
4438.00   2.1726e-19
4440.00   4.0874e-16
4442.00   1.2244e-18
4444.00   1.4311e-17
4446.00   3.3826e-18
4448.00   2.4544e-18
4450.00   2.3051e-18
4452.00   1.3031e-16
4454.00   2.2877e-18
4456.00   3.9152e-17
4458.00   1.9831e-17
4460.00   1.0541e-19
4462.00   8.7376e-17
4464.00   2.1909e-19
4466.00   7.4209e-18
4468.00   1.8545e-19
4470.00   1.2247e-18
4472.00   3.4320e-16
4474.00   5.0531e-17
4476.00   1.3424e-19
4478.00   4.1929e-19
4480.00   1.8505e-17
4482.00   3.8689e-21
4484.00   5.0942e-19
4486.00   1.4710e-19
4488.00   1.0063e-17
4490.00   4.1588e-16
4492.00   3.2710e-16
4494.00   1.5997e-18
4496.00   2.4422e-19
4498.00   1.6054e-19
4500.00   2.6176e-19
4502.00   6.7938e-19
4504.00   2.2196e-18
4506.00   3.4113e-19
4508.00   3.6491e-16
4510.00   7.3184e-18
4512.00   9.8689e-19
4514.00   4.7386e-18
4516.00   3.5492e-16
4518.00   1.7245e-19
4520.00   5.0712e-16
4522.00   4.3544e-16
4524.00   5.8391e-18
4526.00   2.0761e-17
4528.00   2.8159e-18
4530.00   7.1686e-18
4532.00   1.3360e-19
4534.00   2.8507e-16
4536.00   3.8263e-19
4538.00   1.1766e-18
4540.00   1.4372e-20
4542.00   3.4970e-16
4544.00   1.9005e-19
4546.00   4.2133e-19
4548.00   1.8108e-19
4550.00   5.4704e-16
4552.00   5.2229e-20
4554.00   1.4839e-19
4556.00   4.5462e-16
4558.00   5.5527e-20
4560.00   2.0611e-19
4562.00   1.6550e-19
4564.00   1.3535e-18
4566.00   7.7290e-21
4568.00   1.5595e-18
4570.00   3.0923e-19
4572.00   1.1757e-19
4574.00   5.4132e-20
4576.00   4.5691e-16
4578.00   2.0426e-17
4580.00   2.0073e-16
4582.00   3.8488e-16
4584.00   8.3251e-16
4586.00   4.6040e-18
4588.00   4.6305e-19
4590.00   1.2746e-18
4592.00   3.1804e-18
4594.00   1.3603e-17
4596.00   3.3260e-16
4598.00   3.9707e-17
4600.00   5.5349e-22
4602.00   8.5634e-18
4604.00   2.6940e-18
4606.00   1.3513e-18
4608.00   5.8109e-20
4610.00   1.3046e-18
4612.00   9.5591e-18
4614.00   1.8541e-18
4616.00   3.9059e-20
4618.00   6.9060e-20
4620.00   5.5655e-16
4622.00   1.1090e-18
4624.00   3.8761e-19
4626.00   2.7212e-18
4628.00   3.0930e-17
4630.00   7.2469e-16
4632.00   2.6109e-17
4634.00   9.3209e-18
4636.00   2.0472e-19
4638.00   2.2489e-18
4640.00   1.1655e-17
4642.00   1.1171e-19
4644.00   2.2805e-17
4646.00   1.2925e-20
4648.00   4.0019e-16
4650.00   5.5806e-20
4652.00   4.5068e-19
4654.00   1.4969e-20
4656.00   6.6879e-17
4658.00   2.4012e-18
4660.00   6.2282e-20
4662.00   4.0134e-19
4664.00   5.1103e-17
4666.00   5.4845e-16
4668.00   1.7386e-19
4670.00   2.0352e-16
4672.00   1.3296e-20
4674.00   2.2257e-21
4676.00   4.1111e-19
4678.00   2.0381e-19
4680.00   7.1705e-21
4682.00   1.9630e-21
4684.00   2.7039e-19
4686.00   4.5479e-19
4688.00   5.7938e-18
4690.00   4.3207e-20
4692.00   7.8910e-20
4694.00   2.0985e-20
4696.00   8.0110e-19
4698.00   2.6208e-19
4700.00   2.2488e-19
4702.00   2.4364e-19
4704.00   4.4957e-19
4706.00   8.0816e-20
4708.00   1.6884e-19
4710.00   1.3929e-18
4712.00   5.9974e-22
4714.00   1.2599e-17
4716.00   3.4601e-18
4718.00   3.5268e-19
4720.00   4.8762e-17
4722.00   3.3460e-19
4724.00   6.1844e-19
4726.00   5.0262e-20
4728.00   3.4646e-17
4730.00   7.1588e-19
4732.00   2.0659e-16
4734.00   7.7682e-20
4736.00   4.8067e-21
4738.00   6.2742e-18
4740.00   1.2367e-19
4742.00   8.4848e-20
4744.00   1.3452e-16
4746.00   4.2590e-18
4748.00   5.3463e-20
4750.00   2.2628e-18
4752.00   5.3085e-20
4754.00   4.4232e-19
4756.00   1.4346e-18
4758.00   2.0924e-19
4760.00   1.3744e-17
4762.00   2.9501e-20
4764.00   1.1761e-19
4766.00   1.5176e-20
4768.00   1.3523e-19
4770.00   1.1375e-20
4772.00   1.3413e-18
4774.00   2.2495e-17
4776.00   1.3234e-19
4778.00   2.0795e-18
4780.00   7.1239e-20
4782.00   1.2960e-20
4784.00   3.0609e-20
4786.00   3.5544e-20
4788.00   9.4815e-22
4790.00   4.7714e-19
4792.00   1.4633e-19
4794.00   1.7417e-21
4796.00   9.1234e-20
4798.00   3.5396e-18
4800.00   6.8201e-20
4802.00   1.4011e-19
4804.00   4.6646e-19
4806.00   8.7024e-20
4808.00   2.5679e-19
4810.00   1.2699e-17
4812.00   5.0453e-20
4814.00   5.0293e-17
4816.00   1.3546e-18
4818.00   4.1553e-18
4820.00   1.6269e-20
4822.00   5.3019e-20
4824.00   1.8659e-18
4826.00   2.6209e-16
4828.00   4.4908e-21
4830.00   1.1494e-18
4832.00   4.4011e-17
4834.00   1.7829e-16
4836.00   1.2455e-18
4838.00   1.1228e-19
4840.00   2.3935e-16
4842.00   6.0677e-19
4844.00   1.4852e-18
4846.00   7.6884e-18
4848.00   7.6425e-17
4850.00   5.0303e-20
4852.00   2.4780e-18
4854.00   5.0122e-20
4856.00   4.6296e-17
4858.00   3.6854e-20
4860.00   9.4651e-20
4862.00   3.2779e-20
4864.00   2.4082e-20
4866.00   2.7607e-18
4868.00   2.5844e-16
4870.00   1.0706e-16
4872.00   7.7210e-17
4874.00   2.9066e-17
4876.00   4.9890e-18
4878.00   2.8148e-19
4880.00   6.2326e-19
4882.00   4.3187e-21
4884.00   4.2023e-20
4886.00   1.9724e-17
4888.00   9.3091e-21
4890.00   3.7654e-17
4892.00   2.2008e-18
4894.00   7.8094e-17
4896.00   4.4805e-18
4898.00   9.7314e-18
4900.00   2.7432e-19
4902.00   5.5971e-18
4904.00   9.6780e-17
4906.00   3.0627e-17
4908.00   1.3923e-21
4910.00   9.2654e-21
4912.00   3.7725e-19
4914.00   6.1966e-21
4916.00   4.7497e-20
4918.00   2.7199e-19
4920.00   1.3726e-19
4922.00   6.3086e-19
4924.00   1.0882e-15
4926.00   2.9020e-20
4928.00   2.0607e-19
4930.00   5.8826e-21
4932.00   4.1454e-19
4934.00   6.4147e-20
4936.00   8.9012e-19
4938.00   4.4736e-20
4940.00   6.6146e-20
4942.00   3.2574e-20
4944.00   1.6123e-18
4946.00   5.2539e-19
4948.00   5.7890e-17
4950.00   2.0890e-17
4952.00   2.3339e-18
4954.00   1.5590e-17
4956.00   3.3630e-21
4958.00   4.9099e-19
4960.00   1.4284e-19
4962.00   1.3355e-19
4964.00   1.5529e-20
4966.00   9.0980e-20
4968.00   1.4385e-18
4970.00   1.3480e-18
4972.00   5.2158e-20
4974.00   2.3141e-17
4976.00   7.1740e-18
4978.00   1.4629e-20
4980.00   5.5558e-19
4982.00   8.3912e-21
4984.00   1.2842e-21
4986.00   1.6382e-20
4988.00   5.0035e-18
4990.00   7.6663e-21
4992.00   3.2210e-17
4994.00   2.3586e-16
4996.00   6.8783e-20
4998.00   3.1058e-18
5000.00   3.4788e-17
5002.00   1.0883e-19
5004.00   1.2030e-19
5006.00   4.2189e-17
5008.00   5.8291e-21
5010.00   3.4461e-21
5012.00   1.7146e-21
5014.00   3.7194e-19
5016.00   1.7504e-18
5018.00   1.4413e-15
5020.00   4.0779e-17
5022.00   1.3521e-18
5024.00   3.5507e-20
5026.00   1.4074e-19
5028.00   6.7307e-19
5030.00   1.4092e-18
5032.00   1.8004e-21
5034.00   8.0512e-21
5036.00   7.3370e-18
5038.00   1.7201e-21
5040.00   8.9108e-18
5042.00   7.5300e-20
5044.00   1.4736e-17
5046.00   1.2683e-17
5048.00   3.3092e-18
5050.00   3.7498e-17
5052.00   2.2440e-20
5054.00   8.3697e-20
5056.00   7.7471e-19
5058.00   9.4203e-21
5060.00   4.1652e-18
5062.00   1.6329e-19
5064.00   4.4209e-20
5066.00   1.1215e-17
5068.00   6.1586e-22
5070.00   6.8132e-19
5072.00   8.3314e-17
5074.00   1.0895e-17
5076.00   1.0793e-17
5078.00   3.7118e-20
5080.00   1.3627e-19
5082.00   2.8673e-21
5084.00   4.8793e-19
5086.00   2.6893e-17
5088.00   1.2264e-20
5090.00   1.1910e-19
5092.00   1.9824e-21
5094.00   5.5827e-18
5096.00   5.3315e-19
5098.00   3.9853e-21
5100.00   1.5902e-16
5102.00   8.5145e-19
5104.00   1.7008e-20
5106.00   5.5412e-20
5108.00   1.4508e-17
5110.00   9.5608e-20
5112.00   5.6165e-17
5114.00   2.2512e-22
5116.00   2.9077e-20
5118.00   1.3201e-21
5120.00   7.4945e-17
5122.00   1.3263e-19
5124.00   9.1706e-19
5126.00   5.2772e-18
5128.00   5.3468e-17
5130.00   3.8437e-19
5132.00   1.3932e-16
5134.00   2.5348e-19
5136.00   8.9400e-17
5138.00   1.1866e-20
5140.00   9.0202e-21
5142.00   5.0579e-21
5144.00   5.5140e-20
5146.00   1.8688e-16
5148.00   3.2922e-19
5150.00   7.0023e-17
5152.00   4.3068e-21
5154.00   1.3672e-16
5156.00   4.3674e-20
5158.00   2.9755e-16
5160.00   4.9588e-17
5162.00   6.9547e-17
5164.00   5.3414e-18
5166.00   6.3703e-20
5168.00   6.5484e-19
5170.00   2.0493e-15
5172.00   1.5344e-16
5174.00   9.0498e-23
5176.00   1.3150e-20
5178.00   1.2615e-17
5180.00   1.2242e-17
5182.00   3.0589e-17
5184.00   2.8656e-17
5186.00   8.4912e-19
5188.00   1.3896e-19
5190.00   2.2617e-22
5192.00   4.6811e-18
5194.00   6.4100e-20
5196.00   5.9968e-22
5198.00   4.5794e-16
5200.00   9.6309e-19
5202.00   2.7910e-22
5204.00   4.1119e-20
5206.00   5.5615e-19
5208.00   5.8181e-21
5210.00   4.9205e-19
5212.00   5.3546e-20
5214.00   1.4640e-19
5216.00   2.1433e-19
5218.00   2.6696e-18
5220.00   8.7170e-18
5222.00   1.7370e-21
5224.00   1.9508e-20
5226.00   6.9740e-20
5228.00   1.3787e-17
5230.00   6.5571e-23
5232.00   6.8480e-19
5234.00   5.2498e-16
5236.00   1.2301e-18
5238.00   3.5533e-17
5240.00   1.1933e-18
5242.00   5.2221e-20
5244.00   5.0340e-19
5246.00   1.9665e-19
5248.00   3.6717e-20
5250.00   3.3496e-19
5252.00   1.4587e-18
5254.00   3.3301e-16
5256.00   2.9196e-16
5258.00   1.3270e-18
5260.00   5.7147e-19
5262.00   1.6456e-16
5264.00   1.9676e-16
5266.00   3.1545e-22
5268.00   2.6125e-17
5270.00   1.4040e-19
5272.00   7.4530e-17
5274.00   8.7165e-17
5276.00   6.8145e-16
5278.00   8.7559e-18
5280.00   2.5058e-19
5282.00   2.6255e-20
5284.00   9.4321e-16
5286.00   7.2701e-19
5288.00   9.9217e-20
5290.00   1.2479e-19
5292.00   1.0452e-18
5294.00   8.7580e-19
5296.00   1.1368e-17
5298.00   7.6967e-19
5300.00   3.8630e-19
5302.00   5.9704e-20
5304.00   1.4072e-18
5306.00   3.2504e-21
5308.00   7.6926e-20
5310.00   6.3888e-20
5312.00   2.4921e-20
5314.00   1.6438e-18
5316.00   1.3104e-15
5318.00   9.7899e-21
5320.00   4.7206e-19
5322.00   5.2265e-20
5324.00   2.1519e-18
5326.00   4.0835e-16
5328.00   4.8096e-20
5330.00   5.4328e-20
5332.00   8.8957e-20
5334.00   7.7059e-17
5336.00   2.7581e-19
5338.00   1.1359e-16
5340.00   4.6688e-19
5342.00   5.4710e-20
5344.00   7.9515e-20
5346.00   8.3963e-17
5348.00   8.2079e-18
5350.00   2.3229e-19
5352.00   2.2396e-19
5354.00   5.2071e-19
5356.00   3.4562e-20
5358.00   2.1297e-18
5360.00   4.1285e-20
5362.00   3.7900e-16
5364.00   4.9093e-19
5366.00   4.9299e-19
5368.00   4.5541e-20
5370.00   2.2441e-19
5372.00   6.0565e-20
5374.00   2.7876e-21
5376.00   7.9541e-17
5378.00   1.3139e-19
5380.00   4.8483e-19
5382.00   2.7616e-18
5384.00   1.3988e-18
5386.00   6.8009e-20
5388.00   7.9320e-19
5390.00   4.6174e-20
5392.00   2.7096e-21
5394.00   1.0485e-17
5396.00   2.3309e-19
5398.00   1.5716e-20
5400.00   3.9849e-20
5402.00   1.2117e-19
5404.00   5.9404e-19
5406.00   3.2018e-19
5408.00   5.7964e-18
5410.00   3.9628e-19
5412.00   9.8223e-18
5414.00   1.5033e-16
5416.00   1.2453e-19
5418.00   2.5619e-19
5420.00   7.3036e-20
5422.00   2.6733e-19
5424.00   6.0496e-20
5426.00   5.1962e-16
5428.00   6.2214e-17
5430.00   1.6673e-20
5432.00   4.2944e-17
5434.00   2.7526e-17
5436.00   4.9404e-18
5438.00   7.7463e-19
5440.00   5.0310e-18
5442.00   1.4723e-19
5444.00   4.5006e-19
5446.00   2.4695e-17
5448.00   1.3660e-20
5450.00   3.7393e-17
5452.00   7.6329e-19
5454.00   1.5572e-19
5456.00   4.4336e-20
5458.00   8.7319e-20
5460.00   8.7048e-20
5462.00   2.5706e-23
5464.00   3.0983e-22
5466.00   1.4138e-17
5468.00   3.3882e-18
5470.00   2.6250e-18
5472.00   4.6369e-20
5474.00   5.6374e-21
5476.00   8.8087e-21
5478.00   8.2604e-17
5480.00   2.7768e-20
5482.00   4.5954e-19
5484.00   9.2924e-19
5486.00   3.2074e-19
5488.00   1.0923e-18
5490.00   2.0636e-20
5492.00   1.7289e-21
5494.00   8.3906e-22
5496.00   5.1033e-18
5498.00   3.3727e-17
5500.00   1.9421e-18
5502.00   6.6914e-18
5504.00   8.4605e-20
5506.00   4.1268e-19
5508.00   8.2930e-19
5510.00   2.1113e-18
5512.00   8.4404e-21
5514.00   1.9537e-19
5516.00   4.0702e-20
5518.00   5.6772e-19
5520.00   2.8912e-18
5522.00   1.5008e-19
5524.00   6.2950e-21
5526.00   7.4942e-18
5528.00   1.8496e-17
5530.00   4.3858e-17
5532.00   5.7436e-18
5534.00   2.0606e-16
5536.00   3.5404e-20
5538.00   4.8151e-19
5540.00   2.8853e-19
5542.00   6.8070e-19
5544.00   2.0636e-17
5546.00   2.9009e-17
5548.00   8.5164e-20
5550.00   1.6784e-19
5552.00   3.8878e-18
5554.00   2.6379e-19
5556.00   5.9217e-18
5558.00   2.4856e-20
5560.00   1.7821e-19
5562.00   5.0353e-21
5564.00   7.1036e-22
5566.00   4.9153e-18
5568.00   3.8154e-17
5570.00   1.2987e-19
5572.00   3.1088e-19
5574.00   1.5354e-19
5576.00   8.6045e-22
5578.00   6.7598e-20
5580.00   3.0994e-18
5582.00   1.0776e-18
5584.00   1.8832e-20
5586.00   1.9480e-19
5588.00   3.6668e-17
5590.00   6.3339e-20
5592.00   8.6798e-18
5594.00   5.5113e-22
5596.00   6.1187e-19
5598.00   3.5567e-20
5600.00   1.1394e-19
5602.00   2.7270e-19
5604.00   3.6750e-21
5606.00   4.5239e-20
5608.00   7.1368e-18
5610.00   1.3399e-20
5612.00   1.4520e-18
5614.00   2.3431e-18
5616.00   6.8301e-19
5618.00   4.8919e-19
5620.00   1.4948e-19
5622.00   9.5250e-20
5624.00   2.8515e-17
5626.00   2.4231e-18
5628.00   1.0683e-16
5630.00   2.8922e-19
5632.00   7.8989e-19
5634.00   1.0128e-19
5636.00   2.6427e-21
5638.00   2.2604e-19
5640.00   1.8021e-19
5642.00   1.2867e-21
5644.00   1.9737e-18
5646.00   9.9479e-21
5648.00   2.5599e-19
5650.00   2.6611e-18
5652.00   5.6462e-18
5654.00   2.2151e-18
5656.00   9.7587e-19
5658.00   1.2923e-16
5660.00   6.1189e-20
5662.00   1.5237e-19
5664.00   3.9678e-19
5666.00   3.5770e-19
5668.00   2.9335e-20
5670.00   1.7136e-17
5672.00   1.1528e-21
5674.00   4.6004e-18
5676.00   5.8859e-19
5678.00   8.9806e-20
5680.00   4.7555e-20
5682.00   1.8511e-19
5684.00   3.9025e-20
5686.00   1.8455e-22
5688.00   5.2703e-22
5690.00   2.4841e-17
5692.00   2.8997e-19
5694.00   3.0378e-22
5696.00   5.9283e-19
5698.00   1.4139e-23
5700.00   9.8423e-19
5702.00   4.2364e-21
5704.00   4.2955e-19
5706.00   1.9631e-19
5708.00   1.3893e-19
5710.00   1.5361e-20
5712.00   3.0598e-19
5714.00   1.5848e-20
5716.00   6.4416e-19
5718.00   2.5269e-18
5720.00   1.1560e-21
5722.00   3.5674e-17
5724.00   1.1076e-20
5726.00   4.1327e-17
5728.00   1.1503e-19
5730.00   6.5207e-19
5732.00   4.8001e-17
5734.00   7.1668e-20
5736.00   2.1575e-22
5738.00   1.9473e-17
5740.00   5.0344e-21
5742.00   9.4746e-20
5744.00   1.8932e-18
5746.00   6.1322e-18
5748.00   4.2515e-18
5750.00   1.2925e-19
5752.00   2.6996e-20
5754.00   1.9520e-18
5756.00   4.6474e-19
5758.00   4.9635e-19
5760.00   5.6220e-19
5762.00   1.7267e-19
5764.00   1.3285e-20
5766.00   6.7226e-19
5768.00   1.6949e-19
5770.00   1.4651e-20
5772.00   6.5784e-21
5774.00   1.9293e-19
5776.00   8.2647e-20
5778.00   2.9961e-20
5780.00   3.5069e-17
5782.00   4.4884e-19
5784.00   2.1440e-19
5786.00   1.0298e-20
5788.00   7.1899e-21
5790.00   1.5872e-19
5792.00   8.5403e-20
5794.00   1.3165e-18
5796.00   6.0410e-18
5798.00   2.4528e-18
5800.00   7.4895e-20
5802.00   1.1465e-18
5804.00   9.9233e-19
5806.00   1.7267e-20
5808.00   3.0277e-19
5810.00   2.6569e-19
5812.00   6.1554e-18
5814.00   4.2653e-17
5816.00   2.0182e-21
5818.00   1.7541e-19
5820.00   6.8670e-26
5822.00   8.3335e-20
5824.00   1.2096e-17
5826.00   5.3724e-18
5828.00   6.3791e-21
5830.00   1.0922e-17
5832.00   7.7328e-19
5834.00   2.8381e-18
5836.00   3.7171e-17
5838.00   1.8723e-21
5840.00   2.1413e-21
5842.00   5.2976e-19
5844.00   1.8081e-19
5846.00   6.0146e-22
5848.00   5.8170e-19
5850.00   2.5695e-20
5852.00   5.2824e-20
5854.00   3.7643e-17
5856.00   3.6360e-19
5858.00   1.0385e-19
5860.00   6.8625e-19
5862.00   2.1326e-18
5864.00   2.9227e-17
5866.00   8.2607e-21
5868.00   1.1503e-19
5870.00   9.8669e-18
5872.00   1.7754e-21
5874.00   6.3730e-20
5876.00   8.4732e-20
5878.00   1.0020e-20
5880.00   4.4788e-19
5882.00   8.8575e-21
5884.00   3.0184e-21
5886.00   4.9688e-20
5888.00   1.4460e-20
5890.00   2.3369e-22
5892.00   9.7458e-18
5894.00   1.1076e-20
5896.00   1.8064e-19
5898.00   1.0065e-17
5900.00   1.2611e-20
5902.00   2.1006e-18
5904.00   3.3466e-19
5906.00   1.5032e-19
5908.00   9.1477e-20
5910.00   4.5584e-18
5912.00   3.2012e-21
5914.00   5.7110e-17
5916.00   1.7208e-21
5918.00   2.5068e-21
5920.00   6.7297e-20
5922.00   9.4092e-19
5924.00   1.8401e-17
5926.00   1.3342e-18
5928.00   6.0041e-22
5930.00   1.8973e-19
5932.00   7.4185e-17
5934.00   1.7822e-21
5936.00   9.8843e-23
5938.00   1.2082e-20
5940.00   5.6271e-20
5942.00   4.9494e-20
5944.00   7.2028e-19
5946.00   2.1707e-18
5948.00   8.1190e-20
5950.00   3.2188e-20
5952.00   3.3536e-17
5954.00   4.9470e-22
5956.00   2.1447e-18
5958.00   3.4228e-21
5960.00   7.6576e-21
5962.00   8.1706e-18
5964.00   1.0356e-20
5966.00   2.7544e-22
5968.00   6.4199e-18
5970.00   7.7831e-19
5972.00   5.4020e-19
5974.00   4.5889e-20
5976.00   1.2969e-20
5978.00   2.7165e-22
5980.00   2.7364e-21
5982.00   2.0174e-18
5984.00   2.4635e-19
5986.00   8.6897e-18
5988.00   2.5639e-20
5990.00   3.4809e-21
5992.00   3.9041e-16
5994.00   1.2688e-17
5996.00   5.5521e-20
5998.00   1.1650e-19
6000.00   6.3531e-22
6002.00   6.9277e-21
6004.00   2.6742e-19
6006.00   4.4715e-19
6008.00   2.0957e-21
6010.00   8.0334e-22
6012.00   3.1259e-20
6014.00   1.5620e-19
6016.00   1.4243e-18
6018.00   1.6391e-18
6020.00   7.5891e-22
6022.00   3.2791e-17
6024.00   3.2225e-19
6026.00   4.8561e-22
6028.00   8.0272e-20
6030.00   1.4302e-20
6032.00   8.1515e-19
6034.00   1.6650e-18
6036.00   1.6993e-19
6038.00   2.7644e-21
6040.00   1.3434e-18
6042.00   9.6390e-20
6044.00   5.0891e-17
6046.00   3.5941e-17
6048.00   1.3463e-18
6050.00   1.2909e-17
6052.00   4.1106e-21
6054.00   3.6767e-20
6056.00   1.1702e-22
6058.00   1.2322e-19
6060.00   7.7844e-18
6062.00   3.9805e-21
6064.00   1.3018e-18
6066.00   2.7450e-24
6068.00   2.7012e-18
6070.00   7.0485e-18
6072.00   1.4824e-19
6074.00   4.2871e-20
6076.00   2.4399e-20
6078.00   3.7300e-17
6080.00   4.6813e-19
6082.00   4.2434e-22
6084.00   2.1570e-16
6086.00   2.7591e-20
6088.00   1.3912e-18
6090.00   8.0511e-23
6092.00   9.4939e-20
6094.00   8.0130e-20
6096.00   1.5013e-19
6098.00   9.0347e-21
6100.00   6.5259e-19
6102.00   5.3825e-24
6104.00   5.2659e-17
6106.00   1.5078e-19
6108.00   1.1585e-19
6110.00   8.6222e-25
6112.00   2.9508e-21
6114.00   1.3186e-16
6116.00   4.7226e-17
6118.00   1.3895e-18
6120.00   9.3811e-18
6122.00   2.6153e-18
6124.00   2.1911e-22
6126.00   3.2325e-20
6128.00   6.4746e-26
6130.00   7.9290e-17
6132.00   6.6517e-20
6134.00   7.2442e-19
6136.00   2.0936e-20
6138.00   4.5343e-22
6140.00   8.1529e-22
6142.00   2.3323e-17
6144.00   1.5735e-21
6146.00   1.1964e-19
6148.00   1.6610e-16
6150.00   2.1015e-16
6152.00   3.7814e-19
6154.00   7.4801e-18
6156.00   1.8550e-18
6158.00   6.5913e-18
6160.00   5.0860e-19
6162.00   1.1853e-21
6164.00   5.4349e-18
6166.00   2.2299e-19
6168.00   4.1708e-21
6170.00   3.1767e-20
6172.00   2.4188e-17
6174.00   3.7027e-20
6176.00   6.6841e-17
6178.00   2.1505e-18
6180.00   3.5832e-17
6182.00   1.3482e-21
6184.00   2.6116e-18
6186.00   2.6527e-17
6188.00   3.3646e-18
6190.00   2.4370e-19
6192.00   3.9888e-20
6194.00   3.1998e-22
6196.00   5.5235e-18
6198.00   4.9360e-19
6200.00   1.6198e-17
6202.00   1.3590e-19
6204.00   1.7628e-18
6206.00   5.2210e-22
6208.00   2.4053e-21
6210.00   2.9983e-21
6212.00   1.4349e-23
6214.00   2.3247e-19
6216.00   1.4638e-20
6218.00   2.7590e-18
6220.00   1.4509e-17
6222.00   3.2513e-18
6224.00   6.3639e-22
6226.00   4.3444e-26
6228.00   7.8637e-20
6230.00   3.5681e-17
6232.00   4.5270e-19
6234.00   2.1174e-17
6236.00   2.5928e-20
6238.00   2.2233e-16
6240.00   1.7958e-16
6242.00   4.2005e-21
6244.00   2.8118e-19
6246.00   5.5147e-21
6248.00   2.7469e-16
6250.00   4.5394e-24
6252.00   2.1764e-21
6254.00   1.8550e-21
6256.00   6.6803e-18
6258.00   4.0219e-20
6260.00   1.4744e-19
6262.00   1.1659e-18
6264.00   6.4351e-18
6266.00   1.0584e-20
6268.00   4.8705e-21
6270.00   2.7768e-18
6272.00   1.4509e-19
6274.00   5.2663e-18
6276.00   3.4386e-19
6278.00   7.6252e-21
6280.00   2.2942e-17
6282.00   6.4660e-21
6284.00   2.2563e-22
6286.00   2.5885e-23
6288.00   8.5262e-22
6290.00   1.6985e-17
6292.00   7.8503e-20
6294.00   5.8598e-19
6296.00   1.2733e-21
6298.00   3.6133e-20
6300.00   2.6638e-20
6302.00   4.8357e-20
6304.00   1.1863e-20
6306.00   7.3506e-17
6308.00   3.8754e-17
6310.00   4.4402e-19
6312.00   7.9855e-23
6314.00   9.9984e-21
6316.00   2.0538e-18
6318.00   1.7418e-16
6320.00   5.9051e-18
6322.00   6.4757e-19
6324.00   1.4007e-22
6326.00   5.9144e-19
6328.00   2.8204e-19
6330.00   9.2387e-21
6332.00   2.9187e-17
6334.00   1.3493e-23
6336.00   2.6207e-20
6338.00   6.9640e-18
6340.00   1.5415e-19
6342.00   1.2842e-19
6344.00   1.1530e-20
6346.00   7.9899e-19
6348.00   2.7521e-17
6350.00   5.7073e-18
6352.00   3.4316e-25
6354.00   1.7101e-18
6356.00   4.8094e-20
6358.00   1.0523e-20
6360.00   4.7744e-18
6362.00   1.0042e-18
6364.00   1.9827e-20
6366.00   5.1882e-20
6368.00   2.0944e-24
6370.00   2.2963e-16
6372.00   4.5566e-17
6374.00   1.0985e-20
6376.00   1.5689e-22
6378.00   6.0580e-21
6380.00   8.2466e-19
6382.00   3.3364e-20
6384.00   8.7690e-17
6386.00   2.6946e-17
6388.00   3.2958e-18
6390.00   1.1619e-20
6392.00   1.6400e-19
6394.00   9.4671e-20
6396.00   4.0934e-19
6398.00   5.0151e-19
6400.00   1.1198e-19
6402.00   2.3762e-18
6404.00   5.0392e-19
6406.00   6.7431e-20
6408.00   1.0692e-16
6410.00   5.4982e-18
6412.00   7.9887e-21
6414.00   1.0016e-24
6416.00   2.4651e-16
6418.00   4.4614e-19
6420.00   2.4242e-20
6422.00   3.9920e-20
6424.00   6.1133e-20
6426.00   2.4924e-22
6428.00   6.5784e-19
6430.00   2.9056e-21
6432.00   4.4631e-16
6434.00   4.7619e-18
6436.00   7.5232e-20
6438.00   1.6481e-22
6440.00   2.7831e-18
6442.00   1.0579e-17
6444.00   5.6069e-20
6446.00   3.5953e-17
6448.00   1.1629e-23
6450.00   5.7816e-21
6452.00   1.9223e-20
6454.00   9.9809e-20
6456.00   3.4273e-16
6458.00   2.6474e-22
6460.00   1.5135e-21
6462.00   1.8698e-20
6464.00   9.8824e-24
6466.00   1.0863e-17
6468.00   3.0355e-19
6470.00   1.6531e-22
6472.00   7.9443e-21
6474.00   2.5128e-18
6476.00   2.4785e-24
6478.00   5.9739e-26
6480.00   1.0702e-18
6482.00   5.8731e-17
6484.00   8.7528e-20
6486.00   1.6874e-17
6488.00   2.1969e-18
6490.00   1.3912e-23
6492.00   2.6683e-17
6494.00   5.0655e-17
6496.00   1.9920e-21
6498.00   3.9930e-22
6500.00   1.3079e-21
6502.00   7.1797e-23
6504.00   9.7051e-22
6506.00   9.3966e-18
6508.00   2.3806e-17
6510.00   2.2364e-19
6512.00   4.8237e-19
6514.00   4.9229e-20
6516.00   6.2093e-16
6518.00   1.9086e-17
6520.00   1.1888e-19
6522.00   1.9763e-20
6524.00   3.0739e-20
6526.00   2.0528e-22
6528.00   4.6482e-18
6530.00   1.5545e-18
6532.00   2.1952e-17
6534.00   3.8202e-19
6536.00   1.0473e-22
6538.00   1.3094e-19
6540.00   3.4014e-20
6542.00   5.2888e-21
6544.00   1.0795e-19
6546.00   3.2731e-26
6548.00   3.2641e-20
6550.00   8.6827e-20
6552.00   2.3419e-20
6554.00   2.1634e-20
6556.00   5.3662e-20
6558.00   1.8051e-18
6560.00   5.7801e-18
6562.00   6.8699e-18
6564.00   3.3203e-22
6566.00   6.1112e-20
6568.00   1.8343e-23
6570.00   1.6888e-19
6572.00   2.4703e-17
6574.00   3.4661e-17
6576.00   3.3381e-24
6578.00   5.2835e-20
6580.00   5.1618e-20
6582.00   4.2686e-18
6584.00   4.8102e-20
6586.00   2.4575e-17
6588.00   5.8090e-19
6590.00   1.4126e-23
6592.00   8.3899e-20
6594.00   6.2371e-19
6596.00   1.6344e-18
6598.00   5.8254e-19
6600.00   6.3416e-20
6602.00   2.6630e-20
6604.00   8.5082e-21
6606.00   5.6137e-21
6608.00   3.8723e-21
6610.00   6.0653e-18
6612.00   1.1753e-17
6614.00   5.9712e-18
6616.00   8.5804e-21
6618.00   1.2964e-17
6620.00   9.3764e-24
6622.00   4.1438e-21
6624.00   2.7871e-17
6626.00   3.7654e-20
6628.00   6.7560e-18
6630.00   1.5396e-26
6632.00   5.7024e-20
6634.00   1.5643e-21
6636.00   3.6792e-24
6638.00   1.2613e-20
6640.00   5.7392e-20
6642.00   1.4152e-20
6644.00   9.1243e-21
6646.00   3.6897e-26
6648.00   1.6922e-22
6650.00   7.6548e-18
6652.00   3.0488e-17
6654.00   6.2086e-20
6656.00   1.4161e-18
6658.00   4.9808e-18
6660.00   2.3051e-20
6662.00   5.6376e-20
6664.00   1.0450e-21
6666.00   1.0049e-17
6668.00   6.3505e-20
6670.00   6.7409e-20
6672.00   1.1285e-19
6674.00   3.0814e-20
6676.00   1.0648e-21
6678.00   8.6699e-18
6680.00   3.5690e-19
6682.00   1.1796e-17
6684.00   8.4279e-22
6686.00   5.8515e-21
6688.00   3.4890e-19
6690.00   6.1661e-19
6692.00   1.5475e-19
6694.00   5.5187e-18
6696.00   2.1262e-24
6698.00   2.8149e-20
6700.00   1.8507e-18
6702.00   4.7546e-20
6704.00   7.9340e-19
6706.00   2.5858e-18
6708.00   1.4947e-23
6710.00   9.0219e-20
6712.00   8.5872e-22
6714.00   2.1994e-20
6716.00   1.2952e-22
6718.00   2.5840e-22
6720.00   2.6938e-20
6722.00   1.1556e-22
6724.00   1.0968e-19
6726.00   2.5416e-22
6728.00   7.0078e-26
6730.00   5.6454e-18
6732.00   6.1289e-19
6734.00   7.9972e-24
6736.00   6.3801e-21
6738.00   4.1528e-24
6740.00   5.0774e-24
6742.00   1.8848e-20
6744.00   5.0944e-20
6746.00   1.2795e-19
6748.00   3.2849e-21
6750.00   5.9839e-19
6752.00   2.7820e-23
6754.00   2.7576e-20
6756.00   3.0762e-22
6758.00   2.6942e-20
6760.00   2.2991e-19
6762.00   9.1103e-21
6764.00   7.7510e-19
6766.00   3.9140e-20
6768.00   7.9906e-18
6770.00   4.7577e-20
6772.00   1.5650e-20
6774.00   1.0056e-21
6776.00   2.0046e-18
6778.00   7.6380e-22
6780.00   2.7287e-20
6782.00   1.7529e-21
6784.00   8.0688e-23
6786.00   2.4639e-20
6788.00   4.9597e-19
6790.00   3.6070e-21
6792.00   4.4084e-19
6794.00   3.0471e-19
6796.00   4.8053e-19
6798.00   3.7733e-21
6800.00   2.2794e-18
6802.00   7.0030e-20
6804.00   1.5940e-19
6806.00   1.8030e-22
6808.00   4.8722e-27
6810.00   6.1649e-19
6812.00   4.1542e-20
6814.00   3.7171e-20
6816.00   1.0215e-18
6818.00   1.1622e-21
6820.00   3.5832e-18
6822.00   3.3681e-18
6824.00   4.4903e-20
6826.00   1.4166e-18
6828.00   9.5737e-20
6830.00   9.4646e-20
6832.00   5.5657e-18
6834.00   3.5966e-21
6836.00   8.0697e-25
6838.00   7.3277e-19
6840.00   1.6437e-20
6842.00   1.0610e-22
6844.00   1.5171e-20
6846.00   1.6880e-21
6848.00   3.3228e-20
6850.00   3.4414e-21
6852.00   4.1720e-21
6854.00   1.4921e-24
6856.00   9.4453e-18
6858.00   6.1340e-20
6860.00   1.5978e-20
6862.00   7.8841e-18
6864.00   3.0995e-19
6866.00   2.7819e-18
6868.00   1.6456e-20
6870.00   4.0458e-18
6872.00   3.2578e-18
6874.00   5.0773e-18
6876.00   1.0915e-21
6878.00   2.3475e-18
6880.00   4.3483e-25
6882.00   1.9135e-20
6884.00   9.4635e-22
6886.00   2.7570e-20
6888.00   4.1957e-21
6890.00   1.4056e-18
6892.00   8.1215e-20
6894.00   1.3412e-22
6896.00   9.4559e-19
6898.00   3.3473e-25
6900.00   5.9076e-26
6902.00   5.8862e-21
6904.00   2.8854e-25
6906.00   3.8902e-18
6908.00   5.5991e-18
6910.00   1.2740e-21
6912.00   5.8559e-18
6914.00   6.6456e-18
6916.00   2.6223e-21
6918.00   8.9544e-20
6920.00   4.6970e-26
6922.00   7.6921e-21
6924.00   2.5120e-18
6926.00   4.1754e-19
6928.00   1.0946e-20
6930.00   2.5959e-18
6932.00   1.8161e-19
6934.00   6.8975e-20
6936.00   2.3727e-21
6938.00   6.1022e-22
6940.00   1.2637e-19
6942.00   6.0308e-19
6944.00   1.8594e-18
6946.00   6.4687e-19
6948.00   1.7667e-18
6950.00   2.7756e-18
6952.00   3.5903e-22
6954.00   2.7771e-23
6956.00   2.1748e-23
6958.00   1.7107e-19
6960.00   5.5275e-19
6962.00   5.9411e-20
6964.00   1.7405e-19
6966.00   1.3180e-18
6968.00   1.1854e-21
6970.00   5.7779e-21
6972.00   2.3403e-21
6974.00   3.3620e-20
6976.00   3.0935e-22
6978.00   1.8385e-18
6980.00   2.4555e-21
6982.00   2.4609e-21
6984.00   1.5066e-20
6986.00   3.4798e-20
6988.00   3.6488e-21
6990.00   4.2521e-21
6992.00   7.0752e-20
6994.00   9.8232e-19
6996.00   1.2521e-18
6998.00   9.2547e-22
7000.00   4.2605e-19
7002.00   4.0355e-21
7004.00   1.0858e-21
7006.00   3.2550e-22
7008.00   8.4912e-20
7010.00   1.2798e-18
7012.00   7.1085e-19
7014.00   4.0604e-21
7016.00   1.0955e-18
7018.00   1.4044e-19
7020.00   7.7691e-22
7022.00   6.2174e-19
7024.00   2.1106e-21
7026.00   4.4220e-22
7028.00   4.7158e-24
7030.00   3.2552e-20
7032.00   2.8786e-19
7034.00   2.0545e-19
7036.00   2.8802e-21
7038.00   2.0174e-19
7040.00   3.9644e-20
7042.00   2.8252e-20
7044.00   5.0886e-23
7046.00   1.6274e-20
7048.00   4.8623e-19
7050.00   1.8904e-26
7052.00   7.8300e-23
7054.00   8.8271e-19
7056.00   1.3877e-23
7058.00   1.9883e-20
7060.00   1.2070e-18
7062.00   2.1434e-24
7064.00   9.8678e-19
7066.00   5.9868e-21
7068.00   5.1188e-19
7070.00   1.0280e-21
7072.00   2.2016e-24
7074.00   4.7620e-21
7076.00   9.9776e-19
7078.00   4.1182e-21
7080.00   3.5103e-21
7082.00   9.6777e-21
7084.00   3.0316e-20
7086.00   9.9723e-25
7088.00   3.1285e-19
7090.00   1.8888e-19
7092.00   5.0558e-20
7094.00   8.9339e-21
7096.00   8.3292e-23
7098.00   7.2116e-19
7100.00   3.1557e-22
7102.00   8.1872e-22
7104.00   1.2459e-18
7106.00   1.0308e-20
7108.00   1.3941e-21
7110.00   1.0244e-17
7112.00   2.7866e-18
7114.00   1.6912e-18
7116.00   7.5131e-20
7118.00   5.5526e-19
7120.00   3.2227e-23
7122.00   3.0858e-24
7124.00   1.9500e-19
7126.00   1.4721e-22
7128.00   2.6848e-19
7130.00   1.5163e-18
7132.00   5.7318e-19
7134.00   3.5574e-20
7136.00   1.2216e-17
7138.00   2.0338e-20
7140.00   2.8874e-19
7142.00   1.2604e-23
7144.00   1.7069e-23
7146.00   5.2060e-19
7148.00   2.3948e-19
7150.00   1.6282e-19
7152.00   3.9629e-20
7154.00   6.7838e-23
7156.00   3.2565e-17
7158.00   5.5365e-20
7160.00   1.2848e-24
7162.00   1.1871e-18
7164.00   1.0859e-18
7166.00   4.0776e-21
7168.00   5.7733e-19
7170.00   1.0889e-18
7172.00   9.1492e-18
7174.00   3.2671e-21
7176.00   1.2619e-25
7178.00   2.3120e-20
7180.00   6.1230e-17
7182.00   1.2764e-17
7184.00   4.7717e-18
7186.00   6.2831e-20
7188.00   3.3117e-25
7190.00   1.1666e-21
7192.00   3.8008e-17
7194.00   1.5385e-17
7196.00   7.0765e-22
7198.00   4.3811e-22
7200.00   2.2399e-19
7202.00   3.5122e-20
7204.00   9.3434e-20
7206.00   1.6721e-19
7208.00   1.5578e-23
7210.00   9.9940e-23
7212.00   4.0395e-18
7214.00   5.3679e-20
7216.00   1.6466e-18
7218.00   4.0250e-20
7220.00   1.1687e-27
7222.00   1.3084e-16
7224.00   1.3110e-16
7226.00   1.4202e-18
7228.00   1.9317e-21
7230.00   8.0150e-20
7232.00   7.3677e-23
7234.00   1.2367e-20
7236.00   2.3095e-22
7238.00   5.0161e-20
7240.00   1.7660e-20
7242.00   2.7323e-21
7244.00   3.5684e-19
7246.00   6.2159e-20
7248.00   2.3086e-19
7250.00   1.4646e-19
7252.00   3.7470e-23
7254.00   1.5756e-18
7256.00   5.1856e-27
7258.00   4.3024e-23
7260.00   1.8881e-20
7262.00   8.3200e-19
7264.00   1.5666e-17
7266.00   1.3116e-18
7268.00   1.4226e-19
7270.00   4.2617e-22
7272.00   9.5308e-27
7274.00   4.2403e-19
7276.00   5.3721e-19
7278.00   5.2947e-19
7280.00   3.3760e-19
7282.00   6.7535e-18
7284.00   1.3976e-22
7286.00   3.0479e-19
7288.00   1.7309e-17
7290.00   3.2690e-17
7292.00   1.9262e-23
7294.00   2.6554e-20
7296.00   1.3515e-22
7298.00   1.1288e-20
7300.00   3.9514e-20
7302.00   1.3171e-16
7304.00   9.6169e-19
7306.00   7.9071e-19
7308.00   1.5460e-16
7310.00   1.3524e-16
7312.00   2.9784e-21
7314.00   3.0110e-21
7316.00   3.1661e-20
7318.00   9.8090e-19
7320.00   1.4028e-16
7322.00   6.1201e-19
7324.00   1.2030e-20
7326.00   1.0033e-22
7328.00   4.6043e-20
7330.00   4.3925e-20
7332.00   4.3404e-19
7334.00   6.2569e-18
7336.00   1.1244e-17
7338.00   4.3652e-24
7340.00   3.4543e-28
7342.00   2.5165e-21
7344.00   3.2216e-23
7346.00   2.5206e-22
7348.00   8.5514e-26
7350.00   3.2552e-19
7352.00   4.4771e-17
7354.00   9.5128e-20
7356.00   8.7287e-22
7358.00   1.3450e-19
7360.00   6.7857e-21
7362.00   4.5085e-20
7364.00   4.2292e-22
7366.00   9.1883e-20
7368.00   3.6643e-21
7370.00   4.4030e-19
7372.00   2.0229e-22
7374.00   3.9654e-22
7376.00   3.0438e-25
7378.00   1.9106e-21
7380.00   8.6746e-21
7382.00   7.4517e-21
7384.00   7.5928e-23
7386.00   3.5541e-20
7388.00   6.7708e-18
7390.00   4.4108e-21
7392.00   4.6165e-23
7394.00   9.8492e-22
7396.00   3.0314e-21
7398.00   1.3553e-20
7400.00   1.3603e-18
7402.00   1.9777e-18
7404.00   2.6739e-26
7406.00   1.5804e-19
7408.00   1.5144e-20
7410.00   6.5223e-18
7412.00   5.2188e-21
7414.00   4.2981e-19
7416.00   1.4716e-20
7418.00   4.5060e-18
7420.00   3.6963e-18
7422.00   3.1510e-19
7424.00   2.1578e-19
7426.00   3.5346e-18
7428.00   2.2395e-21
7430.00   5.1096e-18
7432.00   8.0701e-20
7434.00   7.0493e-21
7436.00   3.0595e-19
7438.00   3.8626e-21
7440.00   1.8890e-20
7442.00   9.5422e-21
7444.00   2.2905e-26
7446.00   2.2239e-18
7448.00   5.9025e-25
7450.00   1.6748e-16
7452.00   1.0417e-17
7454.00   1.0251e-18
7456.00   5.2251e-20
7458.00   1.9647e-22
7460.00   1.5840e-22
7462.00   2.0098e-16
7464.00   3.9666e-21
7466.00   1.8311e-18
7468.00   5.1150e-23
7470.00   1.3115e-21
7472.00   1.2637e-21
7474.00   1.2990e-22
7476.00   1.8403e-21
7478.00   5.5450e-24
7480.00   1.3782e-17
7482.00   5.5530e-19
7484.00   6.1038e-26
7486.00   3.0832e-20
7488.00   7.1398e-19
7490.00   3.1645e-22
7492.00   1.9479e-20
7494.00   5.1011e-23
7496.00   5.2117e-22
7498.00   1.1941e-19
7500.00   5.1904e-19
7502.00   8.8501e-19
7504.00   2.5416e-18
7506.00   1.2209e-20
7508.00   2.5335e-23
7510.00   1.4494e-21
7512.00   1.1489e-24
7514.00   4.4078e-20
7516.00   1.6299e-16
7518.00   1.4554e-19
7520.00   8.6091e-18
7522.00   2.2651e-21
7524.00   1.3228e-20
7526.00   1.3227e-19
7528.00   4.4462e-22
7530.00   5.7191e-22
7532.00   2.9732e-20
7534.00   1.8523e-16
7536.00   3.1394e-23
7538.00   2.4258e-22
7540.00   5.4108e-20
7542.00   1.3936e-20
7544.00   4.2218e-19
7546.00   6.1442e-26
7548.00   6.4213e-20
7550.00   1.7629e-21
7552.00   1.5779e-20
7554.00   3.9073e-19
7556.00   1.5128e-20
7558.00   2.8086e-20
7560.00   1.2037e-19
7562.00   2.0253e-20
7564.00   8.5171e-20
7566.00   1.0035e-20
7568.00   8.5313e-19
7570.00   2.0625e-21
7572.00   7.1654e-21
7574.00   9.6143e-27
7576.00   9.0040e-19
7578.00   3.5296e-25
7580.00   6.9345e-18
7582.00   6.2417e-21
7584.00   7.7839e-18
7586.00   3.5068e-21
7588.00   2.6062e-21
7590.00   3.7638e-26
7592.00   2.8630e-21
7594.00   5.8910e-21
7596.00   5.9717e-21
7598.00   5.8358e-20
7600.00   6.2409e-20
7602.00   9.6582e-21
7604.00   6.6424e-21
7606.00   1.2254e-19
7608.00   2.0074e-23
7610.00   1.1774e-19
7612.00   7.9663e-26
7614.00   7.4072e-19
7616.00   2.6404e-19
7618.00   1.7527e-18
7620.00   2.9794e-19
7622.00   1.6935e-20
7624.00   2.5341e-22
7626.00   1.3639e-21
7628.00   1.5247e-26
7630.00   5.8147e-22
7632.00   1.4393e-21
7634.00   2.6115e-20
7636.00   1.8350e-22
7638.00   2.7032e-18
7640.00   8.1975e-20
7642.00   3.5139e-19
7644.00   9.3150e-21
7646.00   3.8368e-19
7648.00   4.2646e-18
7650.00   2.2362e-21
7652.00   2.0432e-22
7654.00   1.8532e-18
7656.00   1.9057e-16
7658.00   1.7487e-17
7660.00   6.5435e-18
7662.00   1.6586e-24
7664.00   3.0590e-22
7666.00   4.0089e-19
7668.00   1.6335e-21
7670.00   1.2617e-22
7672.00   3.4687e-17
7674.00   5.7176e-21
7676.00   9.1392e-19
7678.00   5.7782e-21
7680.00   3.9183e-25
7682.00   3.9211e-24
7684.00   5.6048e-23
7686.00   6.9607e-18
7688.00   7.5146e-20
7690.00   5.0327e-19
7692.00   3.4353e-20
7694.00   6.6216e-19
7696.00   4.4338e-21
7698.00   3.0879e-18
7700.00   3.0495e-19
7702.00   5.5706e-20
7704.00   2.6168e-24
7706.00   9.8871e-20
7708.00   2.5584e-20
7710.00   2.5993e-19
7712.00   2.8170e-16
7714.00   5.3094e-20
7716.00   4.9851e-19
7718.00   7.5266e-24
7720.00   3.6569e-19
7722.00   1.0600e-23
7724.00   2.3504e-19
7726.00   1.1922e-22
7728.00   1.2167e-23
7730.00   2.6869e-20
7732.00   1.2582e-21
7734.00   1.1138e-19
7736.00   1.9213e-22
7738.00   1.0437e-17
7740.00   6.3751e-19
7742.00   6.7588e-19
7744.00   4.5987e-23
7746.00   2.9088e-20
7748.00   6.7123e-21
7750.00   8.2872e-24
7752.00   2.1936e-22
7754.00   9.8607e-24
7756.00   5.6288e-22
7758.00   1.4587e-18
7760.00   2.6685e-24
7762.00   4.8223e-20
7764.00   4.3261e-18
7766.00   1.7938e-19
7768.00   7.9368e-24
7770.00   2.0836e-27
7772.00   6.8966e-23
7774.00   1.8343e-19
7776.00   1.0679e-23
7778.00   1.3465e-17
7780.00   2.2638e-23
7782.00   1.8505e-22
7784.00   3.2582e-19
7786.00   3.5735e-24
7788.00   7.5426e-20
7790.00   3.8066e-21
7792.00   3.7880e-19
7794.00   1.7743e-19
7796.00   3.4411e-26
7798.00   6.4144e-18
7800.00   1.2466e-25
7802.00   7.7421e-18
7804.00   1.1823e-19
7806.00   4.5813e-18
7808.00   4.2424e-18
7810.00   8.0802e-22
7812.00   3.0119e-21
7814.00   2.6864e-18
7816.00   1.5886e-20
7818.00   1.3120e-18
7820.00   8.8555e-19
7822.00   5.5769e-23
7824.00   1.7226e-20
7826.00   1.2792e-20
7828.00   1.5218e-23
7830.00   1.2250e-18
7832.00   5.0493e-18
7834.00   1.8518e-19
7836.00   5.2932e-18
7838.00   8.4104e-19
7840.00   4.2945e-18
7842.00   5.3279e-17
7844.00   1.8779e-19
7846.00   6.9091e-20
7848.00   1.1021e-18
7850.00   3.6517e-26
7852.00   3.4904e-19
7854.00   2.6417e-21
7856.00   3.9216e-20
7858.00   1.9679e-25
7860.00   3.2791e-19
7862.00   3.7904e-20
7864.00   7.8391e-23
7866.00   1.3622e-17
7868.00   8.2257e-22
7870.00   2.7549e-20
7872.00   6.2939e-19
7874.00   9.3979e-20
7876.00   1.9018e-23
7878.00   2.5926e-22
7880.00   1.7602e-22
7882.00   6.0707e-20
7884.00   1.2044e-22
7886.00   2.8512e-18
7888.00   3.8495e-22
7890.00   4.2317e-24
7892.00   6.8791e-20
7894.00   8.6868e-18
7896.00   5.8973e-20
7898.00   8.6804e-18
7900.00   4.3132e-18
7902.00   1.7644e-23
7904.00   3.7706e-20
7906.00   5.2378e-20
7908.00   1.9496e-23
7910.00   1.1192e-25
7912.00   1.1412e-21
7914.00   4.4119e-18
7916.00   1.5229e-21
7918.00   1.8132e-17
7920.00   4.3516e-27
7922.00   1.0727e-18
7924.00   2.9854e-26
7926.00   4.7292e-19
7928.00   7.5189e-22
7930.00   3.1676e-19
7932.00   9.5887e-20
7934.00   2.9995e-19
7936.00   1.5222e-23
7938.00   4.3781e-19
7940.00   9.1242e-21
7942.00   9.1801e-21
7944.00   6.5844e-28
7946.00   3.6109e-21
7948.00   5.1937e-19
7950.00   3.5460e-22
7952.00   2.1003e-19
7954.00   3.3082e-20
7956.00   1.3723e-19
7958.00   7.5446e-21
7960.00   4.1409e-27
7962.00   1.8304e-23
7964.00   1.5167e-23
7966.00   2.7771e-20
7968.00   8.1047e-19
7970.00   1.3846e-18
7972.00   1.1402e-21
7974.00   2.5807e-19
7976.00   6.7183e-18
7978.00   1.0620e-19
7980.00   2.3097e-20
7982.00   3.7854e-18
7984.00   1.4662e-21
7986.00   1.1985e-19
7988.00   1.8728e-20
7990.00   3.9878e-22
7992.00   1.9083e-22
7994.00   7.9456e-20
7996.00   6.5148e-18
7998.00   1.1942e-19
8000.00   1.6680e-21
8002.00   2.3326e-21
8004.00   1.6258e-21
8006.00   1.9393e-21
8008.00   6.9104e-20
8010.00   1.0456e-21
8012.00   5.2805e-18
8014.00   1.8475e-20
8016.00   5.3578e-20
8018.00   6.1313e-19
8020.00   4.6519e-23
8022.00   2.9487e-21
8024.00   1.2754e-19
8026.00   2.4598e-22
8028.00   1.2660e-21
8030.00   4.7916e-18
8032.00   9.0217e-18
8034.00   4.1797e-23
8036.00   5.5327e-20
8038.00   7.3023e-19
8040.00   1.7413e-22
8042.00   7.8201e-19
8044.00   5.3347e-20
8046.00   5.8823e-27
8048.00   8.5372e-22
8050.00   9.0137e-21
8052.00   9.0435e-21
8054.00   6.2533e-18
8056.00   5.8598e-26
8058.00   5.4181e-23
8060.00   1.1295e-17
8062.00   6.4923e-21
8064.00   2.4495e-18
8066.00   8.3853e-24
8068.00   6.2504e-20
8070.00   4.8439e-19
8072.00   1.2125e-25
8074.00   6.1611e-18
8076.00   4.2461e-18
8078.00   2.1676e-20
8080.00   2.7558e-19
8082.00   9.7596e-26
8084.00   4.5964e-18
8086.00   4.6647e-20
8088.00   5.8963e-23
8090.00   5.7461e-20
8092.00   1.7006e-19
8094.00   1.1686e-19
8096.00   2.3328e-18
8098.00   8.4910e-22
8100.00   2.9705e-27
8102.00   3.3266e-22
8104.00   4.1754e-18
8106.00   9.6750e-20
8108.00   4.0287e-19
8110.00   9.9384e-23
8112.00   6.4957e-21
8114.00   5.1119e-21
8116.00   7.6948e-26
8118.00   3.5859e-19
8120.00   2.6521e-19
8122.00   2.3041e-20
8124.00   3.8856e-19
8126.00   2.8743e-21
8128.00   1.1975e-19
8130.00   5.8856e-21
8132.00   3.8731e-20
8134.00   3.1224e-23
8136.00   4.2736e-18
8138.00   7.8745e-25
8140.00   6.2032e-21
8142.00   1.7904e-21
8144.00   1.6050e-20
8146.00   3.9485e-20
8148.00   4.6662e-19
8150.00   8.8580e-23
8152.00   2.4705e-19
8154.00   5.8359e-22
8156.00   4.3795e-20
8158.00   4.1202e-20
8160.00   8.1075e-19
8162.00   2.1532e-24
8164.00   1.6798e-19
8166.00   8.5986e-25
8168.00   7.1796e-18
8170.00   1.6325e-23
8172.00   1.5194e-18
8174.00   1.2850e-18
8176.00   5.0229e-27
8178.00   4.2729e-20
8180.00   1.1174e-24
8182.00   1.3188e-20
8184.00   6.3197e-21
8186.00   3.5003e-20
8188.00   1.0888e-23
8190.00   1.3963e-18
8192.00   1.4255e-20
8194.00   3.8612e-21
8196.00   7.5594e-23
8198.00   1.1409e-19
8200.00   1.8860e-20
8202.00   5.8364e-19
8204.00   1.3243e-18
8206.00   1.1716e-19
8208.00   4.1942e-17
8210.00   4.0065e-18
8212.00   3.0096e-18
8214.00   1.0236e-21
8216.00   3.4721e-19
8218.00   1.1640e-19
8220.00   4.3575e-21
8222.00   1.2676e-18
8224.00   2.7217e-24
8226.00   7.7213e-23
8228.00   1.7866e-17
8230.00   9.2100e-21
8232.00   7.9900e-22
8234.00   1.2313e-18
8236.00   9.3981e-25
8238.00   7.0660e-18
8240.00   3.7594e-21
8242.00   7.8996e-19
8244.00   3.6610e-25
8246.00   6.5706e-20
8248.00   5.4753e-19
8250.00   8.5047e-18
8252.00   1.6842e-20
8254.00   2.8240e-21
8256.00   2.3554e-20
8258.00   9.9516e-20
8260.00   1.0445e-17
8262.00   4.0722e-20
8264.00   1.3607e-17
8266.00   1.1672e-20
8268.00   1.8595e-23
8270.00   1.1996e-21
8272.00   1.0652e-20
8274.00   1.2250e-18
8276.00   2.7555e-18
8278.00   2.3827e-19
8280.00   1.0221e-21
8282.00   1.1639e-20
8284.00   1.0372e-18
8286.00   5.2351e-22
8288.00   2.3069e-17
8290.00   2.1318e-18
8292.00   2.6827e-23
8294.00   5.5123e-20
8296.00   1.6448e-19
8298.00   3.1854e-21
8300.00   1.3203e-18
8302.00   4.0167e-18
8304.00   4.6557e-20
8306.00   5.6723e-18
8308.00   2.9545e-19
8310.00   4.2886e-18
8312.00   1.1533e-20
8314.00   5.7160e-20
8316.00   1.6037e-20
8318.00   2.4064e-25
8320.00   5.2687e-21
8322.00   1.0373e-18
8324.00   6.3101e-19
8326.00   4.5408e-27
8328.00   1.5094e-21
8330.00   1.0675e-18
8332.00   7.7117e-23
8334.00   4.1467e-20
8336.00   8.1065e-22
8338.00   1.3395e-18
8340.00   1.0768e-19
8342.00   1.0646e-20
8344.00   7.7750e-19
8346.00   6.6314e-21
8348.00   1.2233e-20
8350.00   2.0729e-23
8352.00   9.0553e-19
8354.00   2.2820e-21
8356.00   9.0050e-20
8358.00   7.4983e-18
8360.00   1.0785e-20
8362.00   1.1719e-25
8364.00   3.1942e-23
8366.00   8.5389e-19
8368.00   3.5269e-18
8370.00   8.8910e-24
8372.00   5.0720e-19
8374.00   7.2104e-20
8376.00   1.4892e-18
8378.00   9.5481e-19
8380.00   9.0875e-25
8382.00   5.2438e-18
8384.00   3.1726e-26
8386.00   1.9882e-18
8388.00   5.7070e-20
8390.00   8.2563e-20
8392.00   7.8380e-20
8394.00   1.6361e-25
8396.00   8.6655e-19
8398.00   3.5410e-18
8400.00   5.3599e-22
8402.00   3.6277e-22
8404.00   4.6937e-17
8406.00   1.2723e-19
8408.00   6.7975e-19
8410.00   2.0656e-21
8412.00   5.2983e-20
8414.00   9.7206e-20
8416.00   7.9410e-19
8418.00   7.2768e-23
8420.00   2.3335e-18
8422.00   3.2187e-21
8424.00   5.8548e-18
8426.00   7.4360e-27
8428.00   1.2240e-20
8430.00   4.1242e-22
8432.00   2.0472e-19
8434.00   2.2108e-19
8436.00   2.8833e-18
8438.00   1.8429e-19
8440.00   8.7000e-21
8442.00   8.4659e-25
8444.00   2.9821e-18
8446.00   3.0959e-20
8448.00   3.9379e-22
8450.00   1.3823e-21
8452.00   1.2545e-18
8454.00   2.8638e-18
8456.00   4.1302e-24
8458.00   9.1379e-22
8460.00   2.0356e-22
8462.00   2.3937e-24
8464.00   8.6866e-23
8466.00   5.6595e-19
8468.00   4.1596e-20
8470.00   6.6862e-18
8472.00   3.3389e-19
8474.00   5.4860e-19
8476.00   3.0163e-20
8478.00   1.1460e-20
8480.00   1.9902e-19
8482.00   3.4340e-20
8484.00   3.5868e-19
8486.00   1.0700e-17
8488.00   5.5340e-23
8490.00   1.2873e-17
8492.00   3.9892e-19
8494.00   1.3161e-21
8496.00   3.2917e-19
8498.00   4.6868e-20
8500.00   7.5052e-18
8502.00   3.3989e-24
8504.00   3.8770e-18
8506.00   1.1274e-19
8508.00   3.0858e-18
8510.00   1.4729e-22
8512.00   6.1285e-22
8514.00   7.1293e-19
8516.00   2.7272e-22
8518.00   1.9174e-18
8520.00   4.7186e-25
8522.00   4.9484e-22
8524.00   1.6539e-19
8526.00   2.1073e-20
8528.00   1.0909e-18
8530.00   6.9682e-21
8532.00   1.0495e-20
8534.00   4.8283e-23
8536.00   4.2399e-22
8538.00   2.3071e-22
8540.00   3.1502e-22
8542.00   5.3789e-24
8544.00   1.2232e-19
8546.00   5.8386e-19
8548.00   5.0530e-19
8550.00   2.9717e-18
8552.00   1.6912e-21
8554.00   2.7096e-18
8556.00   8.4875e-19
8558.00   3.6937e-19
8560.00   1.0106e-27
8562.00   5.1427e-23
8564.00   4.3885e-20
8566.00   1.7085e-21
8568.00   4.4300e-21
8570.00   1.5925e-21
8572.00   1.1684e-20
8574.00   8.9907e-19
8576.00   1.8428e-19
8578.00   8.6461e-21
8580.00   1.2951e-19
8582.00   2.3900e-19
8584.00   8.9734e-22
8586.00   1.4280e-22
8588.00   5.9177e-24
8590.00   2.6194e-20
8592.00   1.7435e-21
8594.00   2.0825e-21
8596.00   3.3867e-18
8598.00   5.8259e-21
8600.00   4.3030e-19
8602.00   4.2115e-20
8604.00   4.6065e-19
8606.00   6.1609e-19
8608.00   1.6640e-24
8610.00   6.4843e-24
8612.00   1.0863e-18
8614.00   2.4484e-23
8616.00   4.3860e-18
8618.00   1.4919e-22
8620.00   1.7887e-21
8622.00   1.6555e-21
8624.00   4.2525e-22
8626.00   4.7555e-19
8628.00   1.3246e-18
8630.00   1.9951e-19
8632.00   1.2187e-22
8634.00   2.2238e-19
8636.00   6.2770e-20
8638.00   1.1257e-22
8640.00   3.6689e-21
8642.00   9.4901e-18
8644.00   7.4529e-22
8646.00   4.6554e-24
8648.00   1.0094e-23
8650.00   1.5066e-18
8652.00   5.2048e-24
8654.00   5.3246e-20
8656.00   6.9142e-20
8658.00   2.9000e-26
8660.00   1.4504e-20
8662.00   6.0937e-22
8664.00   5.2879e-19
8666.00   2.1043e-21
8668.00   1.3613e-20
8670.00   1.8863e-20
8672.00   3.5137e-18
8674.00   4.0745e-23
8676.00   4.9174e-19
8678.00   1.6849e-18
8680.00   2.0053e-26
8682.00   6.3417e-25
8684.00   7.9591e-18
8686.00   2.5727e-24
8688.00   4.8068e-22
8690.00   9.8615e-20
8692.00   8.8696e-23
8694.00   3.4198e-21
8696.00   5.6054e-19
8698.00   6.1936e-26
8700.00   8.0379e-22
8702.00   2.6110e-22
8704.00   6.7968e-20
8706.00   1.0890e-19
8708.00   9.6398e-20
8710.00   2.7200e-26
8712.00   2.6478e-24
8714.00   1.4501e-19
8716.00   9.7660e-19
8718.00   1.0178e-21
8720.00   3.3721e-19
8722.00   9.3192e-18
8724.00   1.5555e-22
8726.00   7.8563e-26
8728.00   1.3427e-22
8730.00   2.2021e-23
8732.00   2.9732e-20
8734.00   1.2325e-19
8736.00   2.4334e-20
8738.00   1.1296e-25
8740.00   3.9413e-19
8742.00   3.9733e-24
8744.00   4.4407e-20
8746.00   1.7123e-19
8748.00   8.9557e-22
8750.00   3.7319e-19
8752.00   5.8338e-19
8754.00   6.6217e-21
8756.00   9.2202e-19
8758.00   1.5370e-18
8760.00   4.6034e-21
8762.00   5.2771e-19
8764.00   1.8436e-20
8766.00   1.9466e-22
8768.00   5.9618e-27
8770.00   6.9023e-24
8772.00   2.0275e-22
8774.00   2.1111e-23
8776.00   1.7700e-19
8778.00   1.1440e-24
8780.00   1.3028e-24
8782.00   3.9661e-22
8784.00   1.1126e-22
8786.00   7.0285e-27
8788.00   3.2913e-22
8790.00   1.2621e-22
8792.00   1.1737e-21
8794.00   4.4874e-19
8796.00   7.7577e-21
8798.00   5.3719e-22
8800.00   1.7525e-23
8802.00   1.3057e-28
8804.00   3.0293e-21
8806.00   7.8215e-19
8808.00   1.0622e-21
8810.00   2.2436e-18
8812.00   3.5478e-20
8814.00   3.8053e-22
8816.00   1.5388e-17
8818.00   2.0598e-21
8820.00   4.9167e-20
8822.00   1.2060e-24
8824.00   4.0260e-19
8826.00   1.0508e-19
8828.00   2.3265e-18
8830.00   5.8633e-22
8832.00   1.2175e-24
8834.00   6.4844e-22
8836.00   8.9058e-23
8838.00   3.1447e-20
8840.00   4.2959e-24
8842.00   2.6220e-20
8844.00   1.3784e-20
8846.00   1.6192e-20
8848.00   2.3726e-18
8850.00   1.5314e-20
8852.00   2.0281e-20
8854.00   3.9146e-21
8856.00   2.0395e-22
8858.00   4.0903e-20
8860.00   4.5001e-19
8862.00   2.1204e-21
8864.00   7.7784e-21
8866.00   3.0182e-28
8868.00   2.4253e-17
8870.00   2.5430e-18
8872.00   8.1038e-28
8874.00   2.4163e-17
8876.00   1.4022e-19
8878.00   6.3208e-24
8880.00   5.4106e-25
8882.00   7.9956e-21
8884.00   1.5754e-19
8886.00   4.4523e-19
8888.00   1.2056e-25
8890.00   2.5475e-19
8892.00   2.1077e-18
8894.00   2.9581e-22
8896.00   1.1034e-20
8898.00   4.9744e-19
8900.00   1.6051e-24
8902.00   9.8532e-22
8904.00   9.7544e-24
8906.00   9.7742e-23
8908.00   3.1806e-21
8910.00   3.6290e-23
8912.00   2.9243e-20
8914.00   3.1173e-24
8916.00   6.7500e-24
8918.00   2.1761e-21
8920.00   2.0775e-17
8922.00   1.7805e-19
8924.00   3.6405e-21
8926.00   2.1719e-17
8928.00   2.8743e-22
8930.00   2.7057e-26
8932.00   5.7747e-21
8934.00   1.3990e-19
8936.00   6.4688e-27
8938.00   1.3085e-17
8940.00   4.1393e-22
8942.00   5.4830e-24
8944.00   1.1549e-19
8946.00   2.0507e-17
8948.00   8.7141e-23
8950.00   5.0142e-20
8952.00   1.0611e-24
8954.00   5.1725e-25
8956.00   3.7407e-18
8958.00   2.2143e-22
8960.00   2.4995e-19
8962.00   1.7008e-22
8964.00   2.8775e-24
8966.00   5.0058e-20
8968.00   2.6688e-20
8970.00   8.9665e-20
8972.00   1.9834e-21
8974.00   1.3008e-25
8976.00   2.4883e-20
8978.00   3.4815e-28
8980.00   1.1797e-22
8982.00   1.0937e-18
8984.00   1.3582e-24
8986.00   3.9875e-21
8988.00   3.2762e-21
8990.00   9.2735e-18
8992.00   1.0290e-23
8994.00   5.6155e-21
8996.00   1.1273e-23
8998.00   1.0506e-24
9000.00   4.3033e-19
9002.00   4.0925e-21
9004.00   1.2107e-25
9006.00   8.5800e-18
9008.00   7.5357e-27
9010.00   2.7295e-21
9012.00   5.6905e-23
9014.00   6.0544e-18
9016.00   3.5808e-25
9018.00   4.9328e-26
9020.00   1.1091e-19
9022.00   4.5252e-25
9024.00   3.5781e-20
9026.00   1.2678e-18
9028.00   3.3858e-19
9030.00   1.1366e-18
9032.00   1.0599e-22
9034.00   7.2974e-19
9036.00   7.6320e-20
9038.00   4.5548e-19
9040.00   9.4019e-27
9042.00   3.2666e-21
9044.00   1.0573e-22
9046.00   3.2042e-27
9048.00   2.5645e-19
9050.00   7.3338e-20
9052.00   5.0772e-18
9054.00   4.6625e-24
9056.00   2.7391e-19
9058.00   1.6303e-18
9060.00   3.2200e-20
9062.00   8.9397e-18
9064.00   1.1377e-22
9066.00   2.0119e-19
9068.00   3.0821e-23
9070.00   6.6133e-18
9072.00   7.5030e-22
9074.00   6.4692e-20
9076.00   4.8425e-18
9078.00   1.0562e-17
9080.00   3.9082e-19
9082.00   4.8494e-20
9084.00   1.5617e-19
9086.00   2.9506e-24
9088.00   2.2262e-21
9090.00   2.2317e-18
9092.00   1.2593e-22
9094.00   8.5278e-27
9096.00   7.5208e-18
9098.00   6.3448e-21
9100.00   4.9042e-21
9102.00   3.7833e-22
9104.00   9.2968e-19
9106.00   3.3952e-20
9108.00   1.9188e-27
9110.00   2.0633e-21
9112.00   1.8820e-18
9114.00   1.1757e-19
9116.00   2.2172e-17
9118.00   6.2417e-21
9120.00   8.3580e-27
9122.00   8.2278e-18
9124.00   1.1064e-25
9126.00   3.0199e-19
9128.00   9.3897e-22
9130.00   3.4610e-19
9132.00   2.1852e-18
9134.00   2.1665e-19
9136.00   5.8930e-21
9138.00   1.0592e-19
9140.00   2.2179e-24
9142.00   1.3518e-23
9144.00   3.4942e-23
9146.00   2.4300e-21
9148.00   2.9414e-25
9150.00   4.2806e-23
9152.00   5.2484e-22
9154.00   3.3132e-20
9156.00   1.6141e-17
9158.00   4.3295e-26
9160.00   7.4725e-23
9162.00   3.1307e-26
9164.00   6.8498e-20
9166.00   1.5908e-24
9168.00   1.6285e-18
9170.00   1.0186e-20
9172.00   1.8144e-17
9174.00   5.4497e-25
9176.00   1.5658e-17
9178.00   5.7907e-18
9180.00   7.4680e-18
9182.00   4.3469e-20
9184.00   8.7906e-23
9186.00   1.2828e-26
9188.00   1.2108e-17
9190.00   2.7615e-22
9192.00   4.0054e-20
9194.00   1.0556e-19
9196.00   3.9572e-18
9198.00   1.2921e-22
9200.00   1.2002e-19
9202.00   1.9420e-18
9204.00   2.3391e-17
9206.00   4.6057e-24
9208.00   1.6745e-24
9210.00   5.0156e-18
9212.00   1.1012e-18
9214.00   3.2900e-18
9216.00   5.5443e-22
9218.00   5.7893e-24
9220.00   8.3039e-23
9222.00   9.9670e-20
9224.00   1.7677e-21
9226.00   2.0786e-18
9228.00   1.2661e-19
9230.00   1.8663e-25
9232.00   3.2533e-19
9234.00   4.4120e-20
9236.00   6.0566e-27
9238.00   7.3188e-19
9240.00   5.2940e-22
9242.00   1.1144e-18
9244.00   8.4168e-20
9246.00   2.6394e-21
9248.00   1.2237e-19
9250.00   3.0492e-21
9252.00   1.0515e-17
9254.00   3.7258e-22
9256.00   1.1947e-24
9258.00   2.5580e-18
9260.00   2.7668e-23
9262.00   3.7838e-29
9264.00   1.4166e-19
9266.00   4.1680e-24
9268.00   1.4458e-18
9270.00   1.4885e-22
9272.00   1.3116e-17
9274.00   8.2286e-19
9276.00   1.6986e-26
9278.00   1.9659e-24
9280.00   1.1278e-28
9282.00   1.2649e-19
9284.00   3.7182e-20
9286.00   1.4568e-18
9288.00   2.0198e-24
9290.00   2.2701e-18
9292.00   1.3800e-27
9294.00   2.6122e-22
9296.00   1.6566e-17
9298.00   6.2182e-19
9300.00   3.8790e-22
9302.00   3.3329e-28
9304.00   7.1547e-18
9306.00   6.3126e-20
9308.00   2.9118e-22
9310.00   1.4103e-21
9312.00   3.4919e-23
9314.00   3.2907e-23
9316.00   3.6285e-18
9318.00   8.7974e-24
9320.00   5.8296e-19
9322.00   1.4427e-19
9324.00   8.8854e-19
9326.00   1.6497e-18
9328.00   9.0008e-18
9330.00   2.6799e-19
9332.00   1.0750e-26
9334.00   4.1334e-23
9336.00   3.2779e-21
9338.00   7.3412e-22
9340.00   5.7424e-24
9342.00   1.0390e-18
9344.00   1.4773e-28
9346.00   1.6424e-22
9348.00   1.6615e-19
9350.00   1.2133e-18
9352.00   2.0381e-19
9354.00   2.7624e-25
9356.00   2.8531e-19
9358.00   8.0690e-19
9360.00   5.4900e-25
9362.00   3.0492e-21
9364.00   5.9061e-25
9366.00   2.2756e-21
9368.00   1.2688e-18
9370.00   9.2606e-25
9372.00   5.8106e-20
9374.00   4.1694e-20
9376.00   1.0115e-18
9378.00   2.7794e-22
9380.00   8.8145e-21
9382.00   7.5421e-20
9384.00   1.0462e-19
9386.00   1.5797e-20
9388.00   7.1670e-19
9390.00   2.3653e-22
9392.00   7.5387e-20
9394.00   2.6751e-21
9396.00   1.8509e-28
9398.00   9.2685e-27
9400.00   1.5665e-18
9402.00   3.6601e-24
9404.00   8.2009e-19
9406.00   3.9047e-21
9408.00   2.2053e-18
9410.00   1.3048e-18
9412.00   8.4234e-21
9414.00   1.3129e-19
9416.00   1.7167e-24
9418.00   6.9199e-18
9420.00   8.5712e-22
9422.00   9.7014e-22
9424.00   8.9075e-22
9426.00   2.4366e-20
9428.00   1.5772e-17
9430.00   2.1480e-21
9432.00   2.1707e-18
9434.00   1.3492e-28
9436.00   2.0214e-18
9438.00   5.5975e-21
9440.00   1.0532e-20
9442.00   6.4414e-20
9444.00   6.3280e-25
9446.00   6.3987e-20
9448.00   3.0586e-22
9450.00   1.5773e-25
9452.00   1.6251e-20
9454.00   5.1109e-24
9456.00   2.6809e-20
9458.00   1.4057e-21
9460.00   7.3503e-24
9462.00   9.7981e-23
9464.00   1.0254e-17
9466.00   8.7476e-20
9468.00   3.5266e-19
9470.00   9.0902e-19
9472.00   1.1370e-21
9474.00   7.8260e-18
9476.00   3.5659e-21
9478.00   1.5426e-20
9480.00   7.0192e-24
9482.00   2.3595e-20
9484.00   6.9199e-24
9486.00   4.0835e-22
9488.00   1.1242e-24
9490.00   2.2271e-20
9492.00   4.2222e-20
9494.00   4.1319e-28
9496.00   2.7387e-20
9498.00   7.1517e-18
9500.00   3.1294e-20
9502.00   1.3258e-26
9504.00   1.3308e-21
9506.00   1.8148e-25
9508.00   3.0537e-22
9510.00   1.2441e-17
9512.00   3.1990e-26
9514.00   9.6534e-19
9516.00   1.8015e-24
9518.00   7.1434e-21
9520.00   3.1818e-20
9522.00   2.1249e-23
9524.00   4.5469e-20
9526.00   2.0762e-19
9528.00   1.6590e-18
9530.00   1.1310e-23
9532.00   6.2777e-18
9534.00   1.4512e-17
9536.00   7.8095e-20
9538.00   4.6310e-25
9540.00   2.8838e-21
9542.00   4.0131e-20
9544.00   9.3931e-27
9546.00   8.0926e-20
9548.00   4.9707e-21
9550.00   3.2365e-17
9552.00   3.1987e-20
9554.00   1.0088e-22
9556.00   3.6873e-17
9558.00   1.3599e-19
9560.00   6.9760e-18
9562.00   2.6777e-27
9564.00   4.0396e-20
9566.00   1.2645e-19
9568.00   5.5959e-20
9570.00   1.1329e-18
9572.00   2.1135e-17
9574.00   1.3951e-22
9576.00   8.2971e-26
9578.00   3.4652e-21
9580.00   3.0873e-20
9582.00   1.3491e-21
9584.00   2.3198e-25
9586.00   4.6633e-22
9588.00   9.5287e-25
9590.00   3.1816e-19
9592.00   1.0205e-20
9594.00   1.5257e-23
9596.00   2.4141e-19
9598.00   4.7776e-20
9600.00   2.0795e-22
9602.00   2.5391e-21
9604.00   8.2428e-28
9606.00   5.6380e-19
9608.00   4.0474e-21
9610.00   4.1335e-21
9612.00   5.2034e-22
9614.00   9.4760e-19
9616.00   4.4899e-27
9618.00   9.5481e-18
9620.00   7.3627e-24
9622.00   3.5279e-26
9624.00   8.9992e-27
9626.00   3.8462e-27
9628.00   3.7400e-27
9630.00   3.5789e-20
9632.00   1.6399e-20
9634.00   3.4062e-18
9636.00   5.8989e-24
9638.00   5.6155e-20
9640.00   5.9862e-21
9642.00   2.4740e-21
9644.00   1.8571e-26
9646.00   4.8024e-21
9648.00   2.4260e-24
9650.00   4.0969e-24
9652.00   2.3420e-19
9654.00   1.3026e-28
9656.00   2.2194e-18
9658.00   2.8296e-24
9660.00   3.4693e-23
9662.00   5.5751e-18
9664.00   1.1054e-19
9666.00   9.8655e-27
9668.00   2.5288e-23
9670.00   7.6547e-20
9672.00   1.5446e-19
9674.00   3.5684e-22
9676.00   1.8168e-19
9678.00   3.0498e-22
9680.00   1.1414e-17
9682.00   2.1200e-18
9684.00   3.4615e-21
9686.00   2.4936e-22
9688.00   2.8075e-27
9690.00   1.3675e-24
9692.00   2.2017e-25
9694.00   4.3306e-27
9696.00   2.4066e-20
9698.00   1.8660e-23
9700.00   2.1304e-21
9702.00   1.9037e-26
9704.00   4.6470e-21
9706.00   2.0555e-23
9708.00   4.5693e-25
9710.00   3.4844e-26
9712.00   1.4954e-20
9714.00   6.2166e-20
9716.00   7.7136e-26
9718.00   1.4105e-19
9720.00   2.2693e-24
9722.00   1.1131e-20
9724.00   7.4515e-21
9726.00   2.7755e-25
9728.00   1.1108e-23
9730.00   4.6976e-20
9732.00   3.4513e-20
9734.00   9.4790e-23
9736.00   2.9984e-20
9738.00   9.2397e-20
9740.00   2.8116e-22
9742.00   2.7973e-19
9744.00   2.5399e-19
9746.00   6.1545e-19
9748.00   4.5410e-20
9750.00   1.1726e-19
9752.00   4.1588e-26
9754.00   9.4631e-23
9756.00   4.0571e-20
9758.00   3.7285e-28
9760.00   1.7486e-23
9762.00   2.7797e-26
9764.00   7.8088e-19
9766.00   3.1497e-19
9768.00   7.3727e-22
9770.00   7.1329e-23
9772.00   2.2645e-23
9774.00   9.5868e-25
9776.00   3.3560e-26
9778.00   7.5022e-25
9780.00   9.4020e-22
9782.00   3.0308e-20
9784.00   1.8406e-28
9786.00   4.9024e-25
9788.00   1.4395e-18
9790.00   9.7114e-22
9792.00   6.2401e-25
9794.00   1.4565e-22
9796.00   3.7047e-19
9798.00   8.3159e-21
9800.00   1.0112e-20
9802.00   7.8967e-24
9804.00   3.3685e-22
9806.00   8.4460e-20
9808.00   1.1027e-19
9810.00   6.2810e-22
9812.00   1.3429e-17
9814.00   5.2328e-25
9816.00   1.0183e-19
9818.00   5.6378e-25
9820.00   1.9610e-23
9822.00   1.5444e-23
9824.00   1.5635e-23
9826.00   1.9143e-19
9828.00   3.5915e-21
9830.00   1.3027e-22
9832.00   1.0926e-29
9834.00   1.6839e-26
9836.00   2.4551e-25
9838.00   3.7615e-20
9840.00   1.5781e-27
9842.00   5.8429e-21
9844.00   1.0094e-17
9846.00   6.6348e-23
9848.00   5.6714e-19
9850.00   3.2262e-19
9852.00   5.0643e-25
9854.00   2.1584e-24
9856.00   1.3345e-25
9858.00   1.5041e-21
9860.00   1.3129e-23
9862.00   1.8632e-20
9864.00   1.2794e-24
9866.00   2.0338e-24
9868.00   1.3733e-18
9870.00   2.6724e-23
9872.00   2.5686e-21
9874.00   3.3464e-21
9876.00   3.6597e-21
9878.00   2.5395e-25
9880.00   7.0681e-19
9882.00   3.3862e-19
9884.00   5.3102e-23
9886.00   2.8575e-25
9888.00   6.7931e-24
9890.00   1.1209e-26
9892.00   3.5037e-23
9894.00   7.3388e-18
9896.00   1.1683e-18
9898.00   3.2611e-22
9900.00   4.7458e-19
9902.00   9.3611e-24
9904.00   5.4638e-19
9906.00   5.0252e-20
9908.00   3.1919e-19
9910.00   9.3960e-19
9912.00   4.4142e-19
9914.00   1.6756e-25
9916.00   1.5035e-22
9918.00   2.6229e-23
9920.00   1.6061e-19
9922.00   6.6600e-21
9924.00   1.0284e-20
9926.00   1.4734e-22
9928.00   2.6509e-27
9930.00   1.2755e-25
9932.00   1.1057e-20
9934.00   2.4470e-22
9936.00   4.6875e-22
9938.00   1.1351e-20
9940.00   2.3982e-22
9942.00   9.5946e-23
9944.00   1.5927e-22
9946.00   1.4211e-18
9948.00   5.5374e-25
9950.00   7.3831e-19
9952.00   8.1944e-26
9954.00   5.3041e-20
9956.00   3.6071e-17
9958.00   8.1417e-21
9960.00   1.3543e-24
9962.00   3.1954e-21
9964.00   5.8898e-27
9966.00   1.8685e-27
9968.00   2.2082e-22
9970.00   2.5030e-20
9972.00   6.7836e-22
9974.00   2.4018e-28
9976.00   3.4919e-19
9978.00   1.2916e-20
9980.00   1.9168e-25
9982.00   3.4269e-20
9984.00   5.3174e-20
9986.00   6.5741e-23
9988.00   1.5710e-28
9990.00   2.4124e-23
9992.00   2.6761e-20
9994.00   1.9528e-20
9996.00   7.7961e-22
9998.00   2.7870e-16
10000.00   9.4731e-25
