1000.97394    1.8085e-17    2.4098e-17    2.9225e-18
1002.92358    1.1795e-17    1.5568e-17    2.2829e-18
1004.87708    1.6569e-17    2.2109e-17    2.5992e-18
1006.83441    1.2490e-17    1.6796e-17    1.6320e-18
1008.79553    7.0534e-18    9.3022e-18    1.3831e-18
1010.76050    1.8445e-19    2.1120e-19    1.1700e-19
1012.72925    2.4438e-18    3.2266e-18    4.6993e-19
1014.70178    5.7944e-18    7.7091e-18    9.6664e-19
1016.67822    4.9899e-18    6.6205e-18    8.7835e-19
1018.65857    3.1993e-18    4.3468e-18    3.0598e-19
1020.64270    4.9841e-18    6.8178e-18    3.6063e-19
1022.63074    3.3068e-18    4.5706e-18    1.2014e-19
1024.62256    7.5442e-19    1.0442e-18    2.3855e-20
1026.61841    2.9254e-19    4.0391e-19    1.1722e-20
1028.61792    8.1223e-18    1.1283e-17    1.5169e-19
1030.62158    7.8646e-17    1.0938e-16    1.1588e-18
1032.62891    1.9817e-16    2.7639e-16    9.3497e-19
1034.64038    3.8626e-17    5.3215e-17    1.8406e-18
1036.65564    7.7777e-17    1.0835e-16    6.8963e-19
1038.67480    2.6571e-18    3.4522e-18    6.5234e-19
1040.69800    3.9123e-18    5.3102e-18    3.8729e-19
1042.72510    7.2073e-18    9.3417e-18    1.8255e-18
1044.75610    7.5244e-18    9.3324e-18    2.9657e-18
1046.79102    5.8947e-18    7.4285e-18    2.0271e-18
1048.83008    1.1929e-18    1.3897e-18    6.9653e-19
1050.87292    6.6947e-18    8.6096e-18    1.8665e-18
1052.91980    3.8415e-18    4.3155e-18    2.6464e-18
1054.97070    2.6093e-17    3.5115e-17    3.3440e-18
1057.02563    1.5471e-17    1.7890e-17    9.3731e-18
1059.08447    1.8075e-17    2.3243e-17    5.0434e-18
1061.14734    5.2498e-17    6.8297e-17    1.2659e-17
1063.21436    7.2938e-17    1.0141e-16    1.1456e-18
1065.28516    1.5750e-17    2.0474e-17    3.8376e-18
1067.36011    6.4748e-17    8.8427e-17    5.0420e-18
1069.43921    3.5658e-17    4.7080e-17    6.8562e-18
1071.52222    4.3000e-17    5.7158e-17    7.3013e-18
1073.60938    1.0872e-16    1.5041e-16    3.6070e-18
1075.70056    6.9005e-17    9.4205e-17    5.4667e-18
1077.79590    5.7094e-17    7.5497e-17    1.0689e-17
1079.89514    7.0584e-18    8.2776e-18    3.9845e-18
1081.99854    2.9017e-17    3.9833e-17    1.7468e-18
1084.10608    4.3279e-17    5.9609e-17    2.1035e-18
1086.21777    9.8422e-18    1.0475e-17    8.2456e-18
1088.33350    3.8347e-17    5.0907e-17    6.6768e-18
1090.45337    6.3866e-17    8.3943e-17    1.3244e-17
1092.57727    3.7166e-17    5.0476e-17    3.6073e-18
1094.70532    4.7197e-17    5.9945e-17    1.5055e-17
1096.83765    5.6122e-17    7.4943e-17    8.6669e-18
1098.97412    6.3914e-17    8.7839e-17    3.5873e-18
1101.11475    5.3587e-17    7.0132e-17    1.1870e-17
1103.25952    2.6157e-17    3.2294e-17    1.0683e-17
1105.40845    7.8108e-17    1.0430e-16    1.2076e-17
1107.56152    1.3574e-16    1.8606e-16    8.8772e-18
1109.71887    4.7612e-17    6.4341e-17    5.4290e-18
1111.88037    7.9648e-17    1.0923e-16    5.0467e-18
1114.04614    1.7777e-16    2.4268e-16    1.4086e-17
1116.21606    5.7349e-17    7.8809e-17    3.2389e-18
1118.39014    1.0178e-17    1.1996e-17    5.5935e-18
1120.56860    1.0167e-17    1.2647e-17    3.9149e-18
1122.75122    4.6553e-17    6.4558e-17    1.1537e-18
1124.93811    5.5127e-17    7.3692e-17    8.3171e-18
1127.12927    1.2315e-16    1.7067e-16    3.3385e-18
1129.32471    9.0795e-17    1.2492e-16    4.7519e-18
1131.52441    8.2809e-17    1.1140e-16    1.0719e-17
1133.72839    1.2502e-16    1.7371e-16    2.2408e-18
1135.93665    2.7791e-16    3.7844e-16    2.4427e-17
1138.14917    6.1806e-17    8.3437e-17    7.2639e-18
1140.36621    9.9619e-17    1.3093e-16    2.0668e-17
1142.58740    7.9540e-17    1.0652e-16    1.1521e-17
1144.81299    2.4431e-16    3.2948e-16    2.9557e-17
1147.04272    2.0307e-16    2.7558e-16    2.0246e-17
1149.27698    1.2966e-16    1.7742e-16    9.2280e-18
1151.51562    1.3605e-16    1.8656e-16    8.6705e-18
1153.75854    1.3729e-16    1.8452e-16    1.8174e-17
1156.00586    4.3078e-17    5.5996e-17    1.0505e-17
1158.25745    7.1331e-17    9.3195e-17    1.6203e-17
1160.51355    1.0118e-16    1.3032e-16    2.7717e-17
1162.77393    5.8398e-17    7.6882e-17    1.1790e-17
1165.03882    5.1737e-17    6.7818e-17    1.1189e-17
1167.30811    7.8997e-17    1.0219e-16    2.0527e-17
1169.58179    7.6079e-17    1.0075e-16    1.3883e-17
1171.85986    1.0859e-16    1.4331e-16    2.1041e-17
1174.14246    8.8843e-17    1.1853e-16    1.3984e-17
1176.42944    7.5851e-17    1.0147e-16    1.1252e-17
1178.72095    2.0942e-17    2.7981e-17    3.1936e-18
1181.01685    4.0594e-17    5.5215e-17    3.7277e-18
1183.31714    3.8070e-17    5.1775e-17    3.5110e-18
1185.62207    6.1184e-17    8.1356e-17    1.0319e-17
1187.93140    8.1122e-17    1.0851e-16    1.2062e-17
1190.24536    4.2533e-17    5.7864e-17    3.8784e-18
1192.56372    8.7473e-17    1.1910e-16    7.7232e-18
1194.88647    3.2736e-17    4.4313e-17    3.5433e-18
1197.21387    4.0955e-16    5.6806e-16    9.8582e-18
1199.54590    4.2164e-16    5.8666e-16    5.5380e-18
1201.88232    3.4792e-16    4.8319e-16    6.8366e-18
1204.22339    8.2579e-17    1.1370e-16    4.1219e-18
1206.56897    3.0611e-16    4.2356e-16    9.9522e-18
1208.91919    3.2630e-16    4.5284e-16    7.2505e-18
1211.27393    3.7794e-16    5.2472e-16    7.8345e-18
1213.63330    8.4905e-17    1.1711e-16    3.6899e-18
1215.99719    1.5510e-16    2.1552e-16    2.7546e-18
1218.36572    2.6323e-16    3.6113e-16    1.6357e-17
1220.73877    5.9266e-16    7.9387e-16    8.5312e-17
1223.11658    4.4340e-17    5.6720e-17    1.3125e-17
1225.49902    2.4126e-17    3.3322e-17    9.3995e-19
1227.88599    2.5198e-17    3.4855e-17    8.4969e-19
1230.27771    8.5750e-18    1.1768e-17    5.2504e-19
1232.67407    3.5392e-17    4.8782e-17    1.6303e-18
1235.07507    5.5170e-17    7.5741e-17    3.2990e-18
1237.48071    2.8809e-17    3.9472e-17    1.9245e-18
1239.89111    4.3220e-17    5.9069e-17    3.2553e-18
1242.30615    4.3624e-17    5.9183e-17    4.3917e-18
1244.72595    2.7536e-17    3.7367e-17    2.7481e-18
1247.15039    1.4985e-17    2.0241e-17    1.7328e-18
1249.57959    3.1521e-17    4.2007e-17    5.0817e-18
1252.01355    2.7947e-17    3.7279e-17    4.4181e-18
1254.45215    3.0068e-17    4.0245e-17    4.4077e-18
1256.89563    7.2921e-17    9.7411e-17    1.1171e-17
1259.34375    1.0326e-16    1.3985e-16    1.0991e-17
1261.79675    8.1534e-17    1.0874e-16    1.2927e-17
1264.25452    5.1259e-16    6.9306e-16    5.7532e-17
1266.71704    2.5421e-15    3.4993e-15    1.2838e-16
1269.18433    5.8457e-17    7.6408e-17    1.3193e-17
1271.65649    1.5310e-16    2.0457e-16    2.3306e-17
1274.13342    3.9383e-17    5.1006e-17    1.0074e-17
1276.61523    9.2402e-17    1.2619e-16    7.2020e-18
1279.10181    7.1752e-17    8.9650e-17    2.6620e-17
1281.59326    3.6137e-17    4.5422e-17    1.2726e-17
1284.08960    3.8807e-17    4.8701e-17    1.3860e-17
1286.59070    5.4447e-17    6.5311e-17    2.7055e-17
1289.09668    4.3338e-16    5.4492e-16    1.5214e-16
1291.60767    2.4105e-16    3.0208e-16    8.7183e-17
1294.12341    2.5453e-16    3.1763e-16    9.5421e-17
1296.64404    3.7387e-16    5.0141e-16    5.2272e-17
1299.16968    2.8221e-16    3.6122e-16    8.2999e-17
1301.70020    4.0854e-17    5.0275e-17    1.7098e-17
1304.23572    1.3634e-16    1.8219e-16    2.0746e-17
1306.77612    4.6620e-17    5.4875e-17    2.5806e-17
1309.32141    1.6005e-17    1.9726e-17    6.6221e-18
1311.87183    2.2509e-17    2.5409e-17    1.5195e-17
1314.42700    3.6271e-17    4.3216e-17    1.8760e-17
1316.98730    4.2124e-17    4.5788e-17    3.2886e-17
1319.55249    5.4821e-17    6.2055e-17    3.6582e-17
1322.12280    5.1263e-17    5.9662e-17    3.0085e-17
1324.69800    3.9314e-17    4.2536e-17    3.1189e-17
1327.27820    5.0663e-17    5.4108e-17    4.1977e-17
1329.86353    3.7106e-17    3.9461e-17    3.1167e-17
1332.45386    4.3244e-17    4.6306e-17    3.5523e-17
1335.04919    1.5934e-17    2.0067e-17    5.5130e-18
1337.64966    2.0969e-17    2.2681e-17    1.6653e-17
1340.25513    1.6132e-16    1.6082e-16    1.6259e-16
1342.86560    2.2200e-17    2.1554e-17    2.3830e-17
1345.48120    6.6904e-17    6.8148e-17    6.3767e-17
1348.10205    7.1679e-18    7.1789e-18    7.1400e-18
1350.72778    1.0876e-16    1.0790e-16    1.1092e-16
1353.35876    6.1133e-17    6.1360e-17    6.0561e-17
1355.99487    9.7052e-17    1.0706e-16    7.1819e-17
1358.63611    3.6242e-17    4.2242e-17    2.1113e-17
1361.28247    1.5696e-16    1.6469e-16    1.3746e-16
1363.93396    2.0338e-16    2.4222e-16    1.0545e-16
1366.59058    1.0638e-16    1.1202e-16    9.2157e-17
1369.25244    4.5629e-17    4.8759e-17    3.7736e-17
1371.91956    9.8247e-17    1.0382e-16    8.4199e-17
1374.59180    1.5330e-16    1.6733e-16    1.1790e-16
1377.26929    1.2394e-16    1.3074e-16    1.0680e-16
1379.95190    7.9687e-17    8.4907e-17    6.6526e-17
1382.63965    9.4048e-17    9.2792e-17    9.7215e-17
1385.33276    4.6136e-17    4.3184e-17    5.3578e-17
1388.03125    7.0977e-17    7.3785e-17    6.3898e-17
1390.73486    4.5185e-17    4.5437e-17    4.4549e-17
1393.44360    1.1206e-16    1.1067e-16    1.1556e-16
1396.15784    5.5523e-17    5.4917e-17    5.7051e-17
1398.87720    1.5692e-16    1.7388e-16    1.1414e-16
1401.60205    9.9978e-17    1.1496e-16    6.2206e-17
1404.33203    7.4174e-17    7.5000e-17    7.2090e-17
1407.06738    3.7252e-17    3.5878e-17    4.0715e-17
1409.80811    1.1123e-16    1.0971e-16    1.1507e-16
1412.55420    4.9114e-17    5.3587e-17    3.7837e-17
1415.30554    1.6159e-16    1.6386e-16    1.5586e-16
1418.06213    9.3785e-17    8.8799e-17    1.0636e-16
1420.82446    1.0203e-16    9.6823e-17    1.1514e-16
1423.59180    5.6259e-17    5.4937e-17    5.9592e-17
1426.36475    2.2758e-17    2.5500e-17    1.5845e-17
1429.14307    1.9128e-16    1.6829e-16    2.4925e-16
1431.92676    1.0304e-16    1.1618e-16    6.9897e-17
1434.71582    2.9878e-17    3.0248e-17    2.8946e-17
1437.51038    4.2067e-16    3.6838e-16    5.5251e-16
1440.31030    1.1838e-16    1.1441e-16    1.2841e-16
1443.11572    1.4075e-16    1.2587e-16    1.7827e-16
1445.92676    4.9942e-17    5.1978e-17    4.4808e-17
1448.74316    7.7327e-17    8.7932e-17    5.0586e-17
1451.56494    1.8622e-16    1.7123e-16    2.2403e-16
1454.39233    2.9789e-16    2.8084e-16    3.4088e-16
1457.22522    5.2009e-17    4.3933e-17    7.2371e-17
1460.06360    2.0576e-16    1.7194e-16    2.9103e-16
1462.90747    4.7533e-17    4.2941e-17    5.9110e-17
1465.75696    2.2022e-16    1.8607e-16    3.0634e-16
1468.61206    1.0634e-16    9.2681e-17    1.4078e-16
1471.47253    1.9755e-16    1.6379e-16    2.8267e-16
1474.33862    2.3561e-16    2.1634e-16    2.8418e-16
1477.21045    2.1311e-16    1.7084e-16    3.1970e-16
1480.08777    9.6308e-17    8.3268e-17    1.2919e-16
1482.97058    1.2184e-16    1.0355e-16    1.6797e-16
1485.85913    5.0059e-17    4.1925e-17    7.0571e-17
1488.75342    7.8846e-17    6.6487e-17    1.1001e-16
1491.65332    5.0152e-17    4.2604e-17    6.9183e-17
1494.55859    2.3798e-17    2.0599e-17    3.1863e-17
1497.46985    2.7479e-17    2.7128e-17    2.8363e-17
1500.38647    1.5771e-17    1.4139e-17    1.9885e-17
1503.30896    4.7016e-17    4.0862e-17    6.2534e-17
1506.23706    6.9883e-17    6.7473e-17    7.5958e-17
1509.17090    6.2707e-17    5.3883e-17    8.4957e-17
1512.11060    5.9824e-17    6.1679e-17    5.5145e-17
1515.05591    3.2952e-17    3.1909e-17    3.5581e-17
1518.00684    4.0025e-18    4.1053e-18    3.7433e-18
1520.96362    4.9477e-17    4.5123e-17    6.0457e-17
1523.92627    3.8179e-17    3.7529e-17    3.9819e-17
1526.89453    3.4146e-17    3.5552e-17    3.0602e-17
1529.86865    5.8855e-18    4.9957e-18    8.1291e-18
1532.84839    1.4130e-17    1.4140e-17    1.4103e-17
1535.83411    3.8294e-16    3.6792e-16    4.2081e-16
1538.82568    3.0960e-16    2.5056e-16    4.5847e-16
1541.82300    3.5325e-17    3.9979e-17    2.3589e-17
1544.82617    7.7041e-18    6.6928e-18    1.0254e-17
1547.83521    1.1041e-15    8.8348e-16    1.6604e-15
1550.85010    4.0915e-17    3.8354e-17    4.7372e-17
1553.87085    3.7814e-17    2.9772e-17    5.8091e-17
1556.89746    3.5665e-17    3.9989e-17    2.4763e-17
1559.92993    3.3532e-17    4.5136e-17    4.2720e-18
1562.96863    3.3210e-17    3.9786e-17    1.6630e-17
1566.01282    1.3368e-17    1.6120e-17    6.4304e-18
1569.06311    4.6064e-17    6.2529e-17    4.5479e-18
1572.11938    4.1340e-17    4.5813e-17    3.0064e-17
1575.18152    4.4177e-17    5.5781e-17    1.4917e-17
1578.24963    5.9300e-17    6.1661e-17    5.3346e-17
1581.32373    4.0649e-17    4.2477e-17    3.6040e-17
1584.40381    3.3177e-17    3.4941e-17    2.8727e-17
1587.48999    3.7030e-17    4.5198e-17    1.6436e-17
1590.58215    9.9223e-18    8.5586e-18    1.3361e-17
1593.68018    3.7886e-17    2.9795e-17    5.8287e-17
1596.78442    1.2247e-17    9.5633e-18    1.9013e-17
1599.89465    1.7013e-17    1.6359e-17    1.8661e-17
1603.01086    2.1962e-17    2.5324e-17    1.3484e-17
1606.13330    2.7242e-17    3.0103e-17    2.0030e-17
1609.26172    3.8400e-17    5.0959e-17    6.7318e-18
1612.39636    3.2108e-17    3.9581e-17    1.3264e-17
1615.53674    1.9274e-18    2.2866e-18    1.0216e-18
1618.68347    3.2159e-17    4.1797e-17    7.8552e-18
1621.83630    4.7873e-17    6.1443e-17    1.3657e-17
1624.99548    5.2458e-17    7.0918e-17    5.9122e-18
1628.16064    8.8640e-17    1.1767e-16    1.5436e-17
1631.33203    4.8872e-17    6.1490e-17    1.7057e-17
1634.50952    6.6000e-17    8.8731e-17    8.6855e-18
1637.69312    1.0758e-16    1.3604e-16    3.5832e-17
1640.88306    2.4336e-16    2.3991e-16    2.5206e-16
1644.07922    5.6171e-17    6.1893e-17    4.1740e-17
1647.28162    5.6038e-17    7.2222e-17    1.5233e-17
1650.49023    5.8070e-17    7.7166e-17    9.9194e-18
1653.70496    6.8443e-17    8.9134e-17    1.6272e-17
1656.92603    3.7198e-17    4.5360e-17    1.6619e-17
1660.15369    2.7979e-17    3.7973e-17    2.7780e-18
1663.38721    1.0584e-17    1.4139e-17    1.6218e-18
1666.62720    1.2171e-17    1.3360e-17    9.1722e-18
1669.87317    6.1604e-17    7.3962e-17    3.0443e-17
1673.12585    5.5762e-17    6.8475e-17    2.3707e-17
1676.38489    9.9029e-17    1.0167e-16    9.2377e-17
1679.65027    1.0487e-16    9.6779e-17    1.2526e-16
1682.92188    9.4040e-17    7.8408e-17    1.3346e-16
1686.19958    9.6544e-17    8.3012e-17    1.3066e-16
1689.48413    3.8526e-17    4.2867e-17    2.7581e-17
1692.77502    2.3797e-17    3.1093e-17    5.3986e-18
1696.07227    9.3940e-17    7.4060e-17    1.4407e-16
1699.37573    1.6074e-17    1.9141e-17    8.3396e-18
1702.68567    4.7223e-17    5.6491e-17    2.3854e-17
1706.00232    2.7198e-17    3.2927e-17    1.2753e-17
1709.32544    5.8078e-17    6.1147e-17    5.0340e-17
1712.65491    2.7239e-17    2.9728e-17    2.0964e-17
1715.99060    5.1500e-17    6.0851e-17    2.7923e-17
1719.33301    4.3450e-17    5.5801e-17    1.2307e-17
1722.68188    7.5561e-17    6.5553e-17    1.0080e-16
1726.03735    5.1015e-17    6.7239e-17    1.0108e-17
1729.39941    1.3022e-17    1.5578e-17    6.5755e-18
1732.76807    1.9112e-17    2.1040e-17    1.4250e-17
1736.14307    1.0385e-17    1.0266e-17    1.0684e-17
1739.52466    6.1815e-18    5.2702e-18    8.4795e-18
1742.91296    1.0044e-17    9.2625e-18    1.2013e-17
1746.30786    2.0205e-17    2.3174e-17    1.2717e-17
1749.70935    5.1326e-17    5.0382e-17    5.3705e-17
1753.11755    1.5764e-18    1.2341e-18    2.4395e-18
1756.53223    5.2347e-18    4.1037e-18    8.0865e-18
1759.95325    2.9503e-17    3.7106e-17    1.0332e-17
1763.38147    3.2083e-17    3.0963e-17    3.4907e-17
1766.81628    2.2446e-17    1.8095e-17    3.3416e-17
1770.25745    1.4628e-17    1.5133e-17    1.3357e-17
1773.70581    3.8449e-17    3.5377e-17    4.6196e-17
1777.16064    1.9002e-17    2.1223e-17    1.3401e-17
1780.62207    1.7622e-17    1.9425e-17    1.3075e-17
1784.09045    7.5630e-17    8.8378e-17    4.3486e-17
1787.56555    1.9768e-16    2.2155e-16    1.3751e-16
1791.04749    3.0429e-17    2.7718e-17    3.7267e-17
1794.53601    3.7411e-17    4.1317e-17    2.7561e-17
1798.03137    5.2943e-17    6.1522e-17    3.1310e-17
1801.53357    4.2848e-18    3.1642e-18    7.1104e-18
1805.04248    5.1545e-17    4.5470e-17    6.6862e-17
1808.55847    2.7315e-17    2.8461e-17    2.4426e-17
1812.08130    1.4367e-17    1.0600e-17    2.3865e-17
1815.61096    2.0101e-17    2.2708e-17    1.3528e-17
1819.14722    1.4781e-17    1.8206e-17    6.1475e-18
1822.69067    2.5546e-17    2.9406e-17    1.5812e-17
1826.24084    3.2707e-17    3.8664e-17    1.7687e-17
1829.79797    2.3396e-17    2.6888e-17    1.4590e-17
1833.36206    1.9830e-17    2.4780e-17    7.3502e-18
1836.93311    2.8379e-17    2.6170e-17    3.3948e-17
1840.51111    3.3697e-17    2.6630e-17    5.1515e-17
1844.09607    1.9047e-17    1.5867e-17    2.7066e-17
1847.68799    2.1264e-17    2.5585e-17    1.0371e-17
1851.28687    2.2579e-17    2.1574e-17    2.5113e-17
1854.89282    7.8383e-18    6.7693e-18    1.0534e-17
1858.50586    1.3941e-17    1.3305e-17    1.5544e-17
1862.12585    4.3264e-17    3.9257e-17    5.3367e-17
1865.75293    1.8862e-17    2.1070e-17    1.3294e-17
1869.38696    2.2869e-17    1.9073e-17    3.2439e-17
1873.02820    1.1708e-17    1.0245e-17    1.5395e-17
1876.67651    3.2425e-17    3.8320e-17    1.7561e-17
1880.33191    3.0095e-17    3.2770e-17    2.3351e-17
1883.99438    4.2534e-17    3.2157e-17    6.8697e-17
1887.66406    5.1982e-17    6.1115e-17    2.8955e-17
1891.34082    1.2758e-17    1.3645e-17    1.0523e-17
1895.02490    1.4948e-17    1.6209e-17    1.1769e-17
1898.71606    2.6533e-17    2.3700e-17    3.3677e-17
1902.41431    4.9754e-17    5.7114e-17    3.1196e-17
1906.11987    1.6446e-17    1.7698e-17    1.3287e-17
1909.83252    1.8937e-17    2.1199e-17    1.3233e-17
1913.55261    2.0834e-17    2.3571e-17    1.3933e-17
1917.27979    3.3263e-17    3.5912e-17    2.6583e-17
1921.01428    1.4518e-17    1.2217e-17    2.0319e-17
1924.75610    3.2835e-17    3.6698e-17    2.3096e-17
1928.50513    2.9678e-17    3.1463e-17    2.5177e-17
1932.26147    1.7237e-17    1.7539e-17    1.6476e-17
1936.02515    2.8026e-17    3.6784e-17    5.9432e-18
1939.79614    1.6255e-17    1.2465e-17    2.5811e-17
1943.57446    2.4165e-17    2.4203e-17    2.4069e-17
1947.36011    4.4206e-17    3.8740e-17    5.7991e-17
1951.15332    1.8168e-17    1.6363e-17    2.2717e-17
1954.95374    5.0038e-17    3.9757e-17    7.5961e-17
1958.76160    1.9677e-16    1.4325e-16    3.3173e-16
1962.57690    3.5479e-17    3.0142e-17    4.8934e-17
1966.39966    1.6151e-16    1.3203e-16    2.3585e-16
1970.22974    1.0569e-16    1.2552e-16    5.5696e-17
1974.06738    2.6475e-16    1.9630e-16    4.3733e-16
1977.91248    5.0465e-17    3.8301e-17    8.1136e-17
1981.76514    7.1283e-18    5.3843e-18    1.1526e-17
1985.62524    2.7807e-17    2.2531e-17    4.1110e-17
1989.49280    1.9745e-17    1.8996e-17    2.1635e-17
1993.36792    1.8835e-17    1.4239e-17    3.0422e-17
1997.25061    1.1880e-17    8.9527e-18    1.9263e-17
2001.14087    4.3283e-17    4.6488e-17    3.5200e-17
2005.03870    2.6226e-17    2.7359e-17    2.3371e-17
2008.94409    5.0824e-17    5.4179e-17    4.2363e-17
2012.85718    3.5713e-17    3.3270e-17    4.1874e-17
2016.77783    5.6929e-17    4.8704e-17    7.7670e-17
2020.70605    1.6340e-17    1.7723e-17    1.2852e-17
2024.64209    7.2610e-17    5.3067e-17    1.2189e-16
2028.58569    1.7949e-16    1.3828e-16    2.8338e-16
2032.53687    3.6564e-17    3.5433e-17    3.9417e-17
2036.49585    1.7591e-17    1.7302e-17    1.8318e-17
2040.46265    2.2015e-17    2.7682e-17    7.7273e-18
2044.43701    2.2462e-17    2.6199e-17    1.3037e-17
2048.41919    1.4427e-17    1.0810e-17    2.3548e-17
2052.40918    1.4627e-17    1.5423e-17    1.2618e-17
2056.40674    2.5954e-17    2.9043e-17    1.8167e-17
2060.41211    6.4589e-18    6.3906e-18    6.6314e-18
2064.42554    3.4695e-17    4.1392e-17    1.7809e-17
2068.44678    4.3993e-17    3.7727e-17    5.9792e-17
2072.47559    3.5992e-17    3.5444e-17    3.7374e-17
2076.51221    3.2338e-17    2.3572e-17    5.4442e-17
2080.55713    1.5975e-17    1.5951e-17    1.6036e-17
2084.60938    9.0914e-18    6.6541e-18    1.5237e-17
2088.66992    1.7602e-17    2.0443e-17    1.0439e-17
2092.73828    2.2191e-17    1.6583e-17    3.6330e-17
2096.81445    1.8125e-17    1.6819e-17    2.1417e-17
2100.89868    2.8179e-17    2.3575e-17    3.9790e-17
2104.99072    3.3292e-17    2.5714e-17    5.2401e-17
2109.09082    6.5863e-17    7.8004e-17    3.5251e-17
2113.19922    2.4253e-17    1.8417e-17    3.8967e-17
2117.31519    8.0167e-17    7.1940e-17    1.0091e-16
2121.43945    6.6985e-18    6.0740e-18    8.2731e-18
2125.57129    1.2391e-17    8.9045e-18    2.1183e-17
2129.71143    4.0004e-17    4.0020e-17    3.9962e-17
2133.85986    2.5864e-17    1.9930e-17    4.0826e-17
2138.01611    5.0698e-17    5.4219e-17    4.1819e-17
2142.18066    2.5593e-17    2.1552e-17    3.5784e-17
2146.35303    3.9749e-17    4.3123e-17    3.1240e-17
2150.53369    3.2244e-17    3.5632e-17    2.3701e-17
2154.72266    1.5053e-17    1.4136e-17    1.7367e-17
2158.91968    1.9820e-17    1.7972e-17    2.4478e-17
2163.12500    3.1844e-17    3.0910e-17    3.4198e-17
2167.33813    4.8504e-17    4.4172e-17    5.9429e-17
2171.55957    1.2043e-17    9.0967e-18    1.9473e-17
2175.78955    4.2640e-17    3.8773e-17    5.2390e-17
2180.02759    1.2084e-17    1.0904e-17    1.5059e-17
2184.27393    2.8953e-17    2.1582e-17    4.7538e-17
2188.52832    2.5631e-17    2.4913e-17    2.7442e-17
2192.79102    6.8379e-18    5.2237e-18    1.0908e-17
2197.06226    3.9905e-18    2.8848e-18    6.7783e-18
2201.34180    1.0104e-17    7.5025e-18    1.6663e-17
2205.62939    1.6724e-17    1.3130e-17    2.5785e-17
2209.92554    2.0397e-17    1.6349e-17    3.0605e-17
2214.22998    3.6921e-17    3.4739e-17    4.2422e-17
2218.54297    2.1897e-17    2.0569e-17    2.5244e-17
2222.86426    5.4487e-17    5.7701e-17    4.6382e-17
2227.19409    2.6875e-17    2.3863e-17    3.4471e-17
2231.53223    2.8279e-17    2.3365e-17    4.0671e-17
2235.87891    6.9196e-17    8.5672e-17    2.7652e-17
2240.23389    5.9327e-17    6.0466e-17    5.6455e-17
2244.59717    9.9538e-17    1.1707e-16    5.5341e-17
2248.96924    7.7961e-17    9.4929e-17    3.5176e-17
2253.34985    8.3158e-17    1.0313e-16    3.2788e-17
2257.73901    4.5881e-17    4.6614e-17    4.4035e-17
2262.13672    1.7190e-16    2.2280e-16    4.3557e-17
2266.54297    1.4456e-16    1.7877e-16    5.8311e-17
2270.95752    9.4843e-17    1.0463e-16    7.0175e-17
2275.38086    9.7229e-17    1.0981e-16    6.5515e-17
2279.81299    1.4935e-16    1.8017e-16    7.1661e-17
2284.25366    6.6768e-17    7.5286e-17    4.5291e-17
2288.70288    2.9366e-17    2.3173e-17    4.4980e-17
2293.16089    7.1926e-17    7.0254e-17    7.6143e-17
2297.62744    3.6659e-17    3.0453e-17    5.2305e-17
2302.10303    2.6174e-17    2.1671e-17    3.7530e-17
2306.58691    1.1970e-16    9.2375e-17    1.8858e-16
2311.07959    7.9681e-17    7.4157e-17    9.3610e-17
2315.58105    5.1936e-17    5.1262e-17    5.3636e-17
2320.09155    5.5719e-17    5.5128e-17    5.7207e-17
2324.61060    6.8922e-17    6.3612e-17    8.2313e-17
2329.13843    1.9438e-16    2.4620e-16    6.3724e-17
2333.67529    7.1297e-17    9.7863e-17    4.3105e-18
2338.22070    1.0400e-16    1.2345e-16    5.4935e-17
2342.77490    1.8808e-16    2.4796e-16    3.7078e-17
2347.33838    2.2718e-16    2.9099e-16    6.6287e-17
2351.91064    4.8648e-17    4.3660e-17    6.1226e-17
2356.49170    9.0730e-17    9.1831e-17    8.7953e-17
2361.08154    4.6034e-16    6.1962e-16    5.8720e-17
2365.68066    2.6480e-16    3.3975e-16    7.5813e-17
2370.28833    1.5062e-16    1.9608e-16    3.5994e-17
2374.90527    2.2905e-16    2.9883e-16    5.3094e-17
2379.53101    1.4847e-16    2.0060e-16    1.7044e-17
2384.16602    8.3007e-16    1.1285e-15    7.7534e-17
2388.80981    1.5301e-16    1.8880e-16    6.2770e-17
2393.46289    4.7971e-16    6.1107e-16    1.4851e-16
2398.12476    1.7391e-16    2.1033e-16    8.2080e-17
2402.79590    2.1172e-16    2.6554e-16    7.6025e-17
2407.47607    1.7766e-16    2.0143e-16    1.1773e-16
2412.16528    2.9948e-16    3.8387e-16    8.6701e-17
2416.86377    1.7166e-16    1.6080e-16    1.9904e-16
2421.57129    1.0948e-16    9.4967e-17    1.4608e-16
2426.28809    1.6974e-16    1.7722e-16    1.5087e-16
2431.01392    4.1750e-16    3.6945e-16    5.3864e-16
2435.74902    2.1082e-16    2.0124e-16    2.3497e-16
2440.49365    1.4986e-16    1.3010e-16    1.9969e-16
2445.24707    2.1370e-16    2.0640e-16    2.3211e-16
2450.01001    2.8032e-16    2.1985e-16    4.3279e-16
2454.78223    1.5161e-16    1.4317e-16    1.7292e-16
2459.56348    2.2499e-16    2.1252e-16    2.5643e-16
2464.35425    2.9669e-16    2.8236e-16    3.3282e-16
2469.15430    2.0731e-16    2.0284e-16    2.1856e-16
2473.96387    1.8932e-16    1.8367e-16    2.0358e-16
2478.78271    1.2816e-16    1.2500e-16    1.3614e-16
2483.61084    1.6087e-16    1.7529e-16    1.2451e-16
2488.44849    2.2257e-16    1.8884e-16    3.0760e-16
2493.29541    1.0469e-16    1.1337e-16    8.2797e-17
2498.15186    9.3216e-17    9.8455e-17    8.0008e-17
2503.01782    1.3917e-16    1.3987e-16    1.3741e-16
2507.89307    3.6610e-16    3.0643e-16    5.1655e-16
2512.77808    1.7901e-16    1.8030e-16    1.7575e-16
2517.67236    8.7093e-17    8.0595e-17    1.0348e-16
2522.57642    1.1137e-16    9.5932e-17    1.5029e-16
2527.48975    2.0310e-16    2.2971e-16    1.3601e-16
2532.41309    6.3466e-17    6.9153e-17    4.9125e-17
2537.34570    1.6702e-16    1.7095e-16    1.5713e-16
2542.28760    1.3865e-16    1.3968e-16    1.3604e-16
2547.23975    1.3583e-16    1.4987e-16    1.0045e-16
2552.20117    8.9447e-17    8.5354e-17    9.9766e-17
2557.17236    7.0156e-17    7.1014e-17    6.7993e-17
2562.15332    2.7991e-16    3.4210e-16    1.2309e-16
2567.14404    1.2676e-16    1.3466e-16    1.0686e-16
2572.14404    1.2571e-16    1.0909e-16    1.6764e-16
2577.15430    8.5151e-17    9.7276e-17    5.4577e-17
2582.17383    1.2578e-16    1.3675e-16    9.8128e-17
2587.20361    2.6427e-16    3.3532e-16    8.5126e-17
2592.24292    1.5073e-16    1.8731e-16    5.8498e-17
2597.29199    5.9899e-16    7.9232e-16    1.1153e-16
2602.35107    4.0993e-17    4.0246e-17    4.2876e-17
2607.41992    2.5454e-16    2.9572e-16    1.5071e-16
2612.49854    5.1103e-16    6.5164e-16    1.5650e-16
2617.58740    1.8239e-16    2.4030e-16    3.6363e-17
2622.68604    2.6093e-16    3.2969e-16    8.7547e-17
2627.79443    5.6241e-16    7.2190e-16    1.6025e-16
2632.91284    4.1396e-16    5.2915e-16    1.2352e-16
2638.04126    4.7024e-17    3.8705e-17    6.7999e-17
2643.17969    4.6421e-17    3.6091e-17    7.2468e-17
2648.32812    2.2683e-17    1.5919e-17    3.9737e-17
2653.48633    4.9296e-17    3.7244e-17    7.9683e-17
2658.65479    1.7934e-17    1.2983e-17    3.0417e-17
2663.83350    2.9818e-17    2.8931e-17    3.2055e-17
2669.02197    7.2341e-17    6.4864e-17    9.1193e-17
2674.22070    3.5879e-18    2.5083e-18    6.3098e-18
2679.42969    4.0834e-17    3.7554e-17    4.9102e-17
2684.64868    7.3433e-17    5.8023e-17    1.1229e-16
2689.87793    2.0140e-17    1.4607e-17    3.4092e-17
2695.11719    1.2035e-16    1.4117e-16    6.7856e-17
2700.36670    1.2662e-17    1.0100e-17    1.9122e-17
2705.62646    1.2374e-16    9.8484e-17    1.8743e-16
2710.89648    1.1924e-16    1.4303e-16    5.9273e-17
2716.17676    2.9343e-16    3.3590e-16    1.8636e-16
2721.46729    4.9232e-17    3.9279e-17    7.4328e-17
2726.76831    1.6402e-16    2.1618e-16    3.2498e-17
2732.07959    2.4060e-16    3.0666e-16    7.4027e-17
2737.40112    2.3815e-16    2.7710e-16    1.3995e-16
2742.73291    1.0760e-16    1.3622e-16    3.5437e-17
2748.07520    3.5652e-16    4.6555e-16    8.1608e-17
2753.42798    3.9461e-16    4.6018e-16    2.2927e-16
2758.79102    7.0206e-17    7.8468e-17    4.9371e-17
2764.16479    1.1094e-16    1.2286e-16    8.0893e-17
2769.54883    1.6472e-16    1.7660e-16    1.3475e-16
2774.94336    2.0138e-16    2.3019e-16    1.2872e-16
2780.34863    5.9878e-17    4.6184e-17    9.4406e-17
2785.76416    6.2669e-17    4.8705e-17    9.7881e-17
2791.18994    1.8822e-16    1.6831e-16    2.3843e-16
2796.62695    3.9091e-17    4.3513e-17    2.7941e-17
2802.07422    3.6300e-17    3.7302e-17    3.3773e-17
2807.53198    2.7103e-17    2.2877e-17    3.7760e-17
2813.00049    1.4510e-17    1.0829e-17    2.3794e-17
2818.47949    2.0030e-16    1.4102e-16    3.4975e-16
2823.96948    2.0948e-16    1.5644e-16    3.4323e-16
2829.47021    1.9213e-16    1.8124e-16    2.1960e-16
2834.98145    7.7092e-17    7.4991e-17    8.2389e-17
2840.50342    9.4116e-16    6.6543e-16    1.6364e-15
2846.03613    5.7977e-16    4.2860e-16    9.6096e-16
2851.57959    1.6414e-16    1.2792e-16    2.5549e-16
2857.13379    4.5189e-16    3.2434e-16    7.7353e-16
2862.69922    1.0825e-16    7.7171e-17    1.8660e-16
2868.27490    1.2338e-16    9.4849e-17    1.9532e-16
2873.86182    1.5741e-16    1.2058e-16    2.5026e-16
2879.45947    2.9820e-16    2.1992e-16    4.9556e-16
2885.06836    1.3968e-16    1.1442e-16    2.0339e-16
2890.68774    6.3404e-17    5.4446e-17    8.5993e-17
2896.31860    3.8959e-17    2.9264e-17    6.3405e-17
2901.95972    1.3876e-17    1.0353e-17    2.2760e-17
2907.61230    5.7909e-17    4.3241e-17    9.4895e-17
2913.27563    3.3939e-18    2.3869e-18    5.9331e-18
2918.95020    3.1621e-17    2.7658e-17    4.1614e-17
2924.63574    1.1922e-16    1.4929e-16    4.3405e-17
2930.33228    2.2108e-18    1.5602e-18    3.8514e-18
2936.04004    1.0482e-17    7.3730e-18    1.8320e-17
2941.75903    7.8088e-17    9.0101e-17    4.7799e-17
2947.48877    1.0042e-16    1.0920e-16    7.8266e-17
2953.22998    4.9445e-17    6.3411e-17    1.4231e-17
2958.98242    3.7148e-17    3.1708e-17    5.0864e-17
2964.74585    1.1693e-16    1.4079e-16    5.6792e-17
2970.52075    8.8001e-17    9.2700e-17    7.6151e-17
2976.30664    2.8861e-17    2.5480e-17    3.7386e-17
2982.10376    1.7808e-16    2.1552e-16    8.3670e-17
2987.91187    7.5987e-17    9.2377e-17    3.4662e-17
2993.73218    7.7815e-18    5.4294e-18    1.3712e-17
2999.56348    2.3874e-17    2.1301e-17    3.0360e-17
3005.40601    1.2252e-16    1.5432e-16    4.2347e-17
3011.25977    3.1204e-17    2.1898e-17    5.4671e-17
3017.12500    2.2916e-17    1.6130e-17    4.0028e-17
3023.00195    6.9645e-18    4.8770e-18    1.2228e-17
3028.89014    9.0009e-18    6.3035e-18    1.5802e-17
3034.79004    7.2002e-17    5.0287e-17    1.2676e-16
3040.70117    4.8481e-18    3.3958e-18    8.5100e-18
3046.62402    8.3026e-17    6.0150e-17    1.4071e-16
3052.55811    5.5067e-17    3.8545e-17    9.6727e-17
3058.50391    1.9855e-18    1.3889e-18    3.4899e-18
3064.46143    2.1004e-17    1.5770e-17    3.4201e-17
3070.43018    5.3137e-17    3.7254e-17    9.3186e-17
3076.41064    4.3590e-16    3.0593e-16    7.6360e-16
3082.40332    4.4370e-18    3.1351e-18    7.7198e-18
3088.40698    3.0037e-18    2.1094e-18    5.2584e-18
3094.42261    1.9183e-17    1.5284e-17    2.9016e-17
3100.44971    2.0280e-18    1.4247e-18    3.5492e-18
3106.48901    1.1723e-17    8.2391e-18    2.0507e-17
3112.53979    2.7728e-18    1.9436e-18    4.8638e-18
3118.60229    2.6212e-18    1.8405e-18    4.5899e-18
3124.67676    3.8134e-19    2.6629e-19    6.7143e-19
3130.76318    2.8581e-18    2.0280e-18    4.9511e-18
3136.86133    9.2529e-19    6.4869e-19    1.6227e-18
3142.97119    4.8249e-17    5.2819e-17    3.6726e-17
3149.09302    3.8113e-18    2.7039e-18    6.6036e-18
3155.22681    2.1182e-18    1.4835e-18    3.7188e-18
3161.37256    1.6802e-16    2.0002e-16    8.7348e-17
3167.53027    7.5592e-17    9.0118e-17    3.8966e-17
3173.70020    7.5178e-18    5.2503e-18    1.3235e-17
3179.88184    3.2902e-17    2.4731e-17    5.3504e-17
3186.07568    1.9324e-16    2.2999e-16    1.0056e-16
3192.28149    1.1348e-16    1.3898e-16    4.9177e-17
3198.49951    1.2807e-16    1.6412e-16    3.7180e-17
3204.72949    5.0519e-18    3.6062e-18    8.6972e-18
3210.97168    1.0656e-16    1.3068e-16    4.5746e-17
3217.22607    3.0052e-18    2.0986e-18    5.2912e-18
3223.49268    2.9974e-18    2.0963e-18    5.2695e-18
3229.77148    9.8961e-17    1.1692e-16    5.3685e-17
3236.06226    1.3683e-17    1.0490e-17    2.1736e-17
3242.36572    1.7519e-17    1.3149e-17    2.8540e-17
3248.68115    2.8400e-17    2.1261e-17    4.6401e-17
3255.00879    9.0736e-17    9.9446e-17    6.8774e-17
3261.34912    3.0456e-17    2.4918e-17    4.4418e-17
3267.70093    1.5150e-17    1.1493e-17    2.4370e-17
3274.06616    4.2786e-18    3.0666e-18    7.3344e-18
3280.44336    2.0660e-16    2.3322e-16    1.3947e-16
3286.83301    3.2125e-17    2.5435e-17    4.8996e-17
3293.23535    3.6065e-17    3.2562e-17    4.4898e-17
3299.64990    2.8810e-17    2.1602e-17    4.6984e-17
3306.07690    4.0632e-17    3.2656e-17    6.0744e-17
3312.51660    3.0146e-17    2.3370e-17    4.7231e-17
3318.96875    8.2521e-18    5.7724e-18    1.4505e-17
3325.43359    5.1894e-18    3.6675e-18    9.0269e-18
3331.91064    5.3402e-19    3.7294e-19    9.4020e-19
3338.40063    6.4099e-18    4.5459e-18    1.1110e-17
3344.90332    2.6024e-19    1.8186e-19    4.5789e-19
3351.41846    1.7006e-19    1.1875e-19    2.9943e-19
3357.94629    1.5662e-17    1.1238e-17    2.6816e-17
3364.48682    7.8009e-18    5.9451e-18    1.2480e-17
3371.04004    1.5057e-17    1.0595e-17    2.6306e-17
3377.60645    7.2906e-17    5.0992e-17    1.2816e-16
3384.18481    2.1139e-17    1.4810e-17    3.7097e-17
3390.77686    1.1608e-17    8.1331e-18    2.0368e-17
3397.38159    1.0054e-18    7.0298e-19    1.7680e-18
3403.99902    1.1197e-18    7.8193e-19    1.9715e-18
3410.62915    1.4023e-18    1.0002e-18    2.4161e-18
3417.27271    1.4155e-17    1.0133e-17    2.4298e-17
3423.92847    1.7580e-18    1.2277e-18    3.0954e-18
3430.59766    4.1811e-18    2.9250e-18    7.3483e-18
3437.27979    1.0980e-17    7.9213e-18    1.8691e-17
3443.97534    2.5865e-17    1.8073e-17    4.5514e-17
3450.68359    4.1371e-17    2.8759e-17    7.3172e-17
3457.40479    3.1095e-17    2.1816e-17    5.4491e-17
3464.13916    2.6996e-18    1.9091e-18    4.6928e-18
3470.88647    1.6750e-18    1.1808e-18    2.9212e-18
3477.64697    1.1956e-17    8.6834e-18    2.0208e-17
3484.42090    9.8886e-18    6.9348e-18    1.7336e-17
3491.20776    7.6000e-18    5.3464e-18    1.3282e-17
3498.00781    1.4843e-17    1.0614e-17    2.5508e-17
3504.82129    5.3476e-17    3.7376e-17    9.4072e-17
3511.64771    3.5857e-19    2.5042e-19    6.3125e-19
3518.48804    8.0605e-18    5.7118e-18    1.3983e-17
3525.34131    8.9268e-18    6.2349e-18    1.5714e-17
3532.20776    8.1708e-18    5.7078e-18    1.4381e-17
3539.08813    4.7894e-17    3.3450e-17    8.4314e-17
3545.98145    3.4681e-18    2.4217e-18    6.1066e-18
3552.88818    2.0920e-18    1.4782e-18    3.6395e-18
3559.80884    8.4771e-19    5.9242e-19    1.4914e-18
3566.74292    9.7456e-19    6.8220e-19    1.7117e-18
3573.68994    5.7190e-19    4.6336e-19    8.4557e-19
3580.65112    1.1709e-19    8.1768e-20    2.0617e-19
3587.62500    1.6444e-18    1.1483e-18    2.8950e-18
3594.61304    2.4716e-19    1.7259e-19    4.3517e-19
3601.61499    3.5625e-19    2.4880e-19    6.2718e-19
3608.63013    3.8526e-19    2.6903e-19    6.7832e-19
3615.65894    4.3108e-19    3.0099e-19    7.5910e-19
3622.70166    7.2891e-18    5.1554e-18    1.2669e-17
3629.75806    5.8822e-19    4.2148e-19    1.0086e-18
3636.82837    4.4634e-19    3.1220e-19    7.8455e-19
3643.91138    3.4188e-18    2.4378e-18    5.8923e-18
3651.00928    1.2850e-19    8.9733e-20    2.2626e-19
3658.12085    8.8544e-18    6.6618e-18    1.4383e-17
3665.24609    7.3821e-19    5.1549e-19    1.2998e-18
3672.38525    1.8695e-19    1.3043e-19    3.2946e-19
3679.53857    1.8729e-19    1.2866e-19    3.3512e-19
3686.70557    4.6074e-19    3.1072e-19    8.3901e-19
3693.88647    1.6239e-19    1.1331e-19    2.8616e-19
3701.08154    6.0257e-19    4.1981e-19    1.0634e-18
3708.29053    2.1057e-19    1.4704e-19    3.7075e-19
3715.51343    2.4510e-19    1.6180e-19    4.5516e-19
3722.75049    1.0795e-18    7.5424e-19    1.8998e-18
3730.00171    1.2146e-18    8.4761e-19    2.1398e-18
3737.26709    6.4493e-20    4.5024e-20    1.1358e-19
3744.54639    4.9402e-19    3.4523e-19    8.6922e-19
3751.84009    3.5347e-18    2.4734e-18    6.2106e-18
3759.14795    2.0615e-18    1.4416e-18    3.6244e-18
3766.47021    2.8642e-17    2.0448e-17    4.9301e-17
3773.80664    6.1985e-20    4.3477e-20    1.0865e-19
3781.15723    8.5733e-18    6.0960e-18    1.4820e-17
3788.52197    6.1974e-19    4.3351e-19    1.0893e-18
3795.90137    8.8001e-19    6.1260e-19    1.5543e-18
3803.29492    9.1117e-20    6.3629e-20    1.6043e-19
3810.70312    5.1908e-19    3.6307e-19    9.1244e-19
3818.12549    1.7609e-19    1.2301e-19    3.0992e-19
3825.56250    6.1463e-17    4.5513e-17    1.0168e-16
3833.01416    4.1485e-19    2.9514e-19    7.1670e-19
3840.47998    2.2708e-18    1.5705e-18    4.0365e-18
3847.96045    5.6415e-19    3.9394e-19    9.9334e-19
3855.45557    2.7607e-20    1.9278e-20    4.8608e-20
3862.96533    6.0452e-20    4.2214e-20    1.0644e-19
3870.48950    1.2437e-17    8.7919e-18    2.1627e-17
3878.02832    4.3854e-19    3.0636e-19    7.7184e-19
3885.58203    1.2652e-19    8.8304e-20    2.2289e-19
3893.15039    1.3033e-18    9.1193e-19    2.2903e-18
3900.73340    1.5331e-19    1.0707e-19    2.6991e-19
3908.33154    3.8854e-18    2.7199e-18    6.8242e-18
3915.94409    3.8134e-18    2.7058e-18    6.6060e-18
3923.57153    1.7236e-19    1.2036e-19    3.0348e-19
3931.21387    7.1096e-18    5.0500e-18    1.2303e-17
3938.87109    2.0992e-17    1.5964e-17    3.3667e-17
3946.54346    5.4308e-18    3.9045e-18    9.2793e-18
3954.23047    1.1596e-19    8.0979e-20    2.0418e-19
3961.93262    3.5924e-18    2.4734e-18    6.4139e-18
3969.64941    1.0120e-17    7.3764e-18    1.7038e-17
3977.38159    3.4324e-17    2.4702e-17    5.8584e-17
3985.12866    1.5069e-18    1.0617e-18    2.6293e-18
3992.89111    6.9065e-19    4.8266e-19    1.2151e-18
4000.66846    1.4014e-17    9.8960e-18    2.4398e-17
4008.46094    4.6049e-19    3.2157e-19    8.1077e-19
4016.26880    4.1601e-19    2.9051e-19    7.3248e-19
4024.09155    1.0556e-18    7.3730e-19    1.8583e-18
4031.92969    4.5239e-19    3.1633e-19    7.9547e-19
4039.78320    1.2676e-19    8.8517e-20    2.2319e-19
4047.65186    1.7662e-19    1.2333e-19    3.1098e-19
4055.53589    9.8859e-20    6.9034e-20    1.7406e-19
4063.43506    1.9492e-18    1.3618e-18    3.4305e-18
4071.35010    4.4073e-18    3.0780e-18    7.7589e-18
4079.28027    3.6223e-18    2.5302e-18    6.3758e-18
4087.22607    2.0171e-18    1.4089e-18    3.5507e-18
4095.18701    4.8862e-18    3.4120e-18    8.6031e-18
4103.16357    2.9942e-19    2.0161e-19    5.4604e-19
4111.15576    1.5710e-18    1.0970e-18    2.7660e-18
4119.16357    4.5513e-18    3.2106e-18    7.9317e-18
4127.18652    3.7854e-18    2.6816e-18    6.5687e-18
4135.22559    2.2324e-18    1.5616e-18    3.9238e-18
4143.28027    5.8551e-18    4.0887e-18    1.0309e-17
4151.35059    3.6683e-19    2.5615e-19    6.4588e-19
4159.43652    2.2535e-18    1.5739e-18    3.9672e-18
4167.53857    1.8269e-19    1.2761e-19    3.2158e-19
4175.65625    9.8540e-17    7.1396e-17    1.6698e-16
4183.78906    7.2435e-19    5.0605e-19    1.2748e-18
4191.93848    1.1788e-19    8.2317e-20    2.0756e-19
4200.10352    5.5677e-19    3.8880e-19    9.8031e-19
4208.28418    2.2161e-18    1.5541e-18    3.8852e-18
4216.48145    4.7538e-20    3.3196e-20    8.3701e-20
4224.69434    4.8624e-19    3.3954e-19    8.5614e-19
4232.92334    8.6972e-17    7.7805e-17    1.1009e-16
4241.16846    3.6712e-16    2.5728e-16    6.4407e-16
4249.42920    1.4066e-18    9.8921e-19    2.4589e-18
4257.70605    3.7340e-18    2.6212e-18    6.5399e-18
4265.99902    9.5360e-19    6.6591e-19    1.6790e-18
4274.30859    1.6283e-16    1.1397e-16    2.8603e-16
4282.63428    1.1841e-19    8.2683e-20    2.0848e-19
4290.97607    2.1248e-16    1.4895e-16    3.7268e-16
4299.33398    3.2565e-17    2.3888e-17    5.4445e-17
4307.70801    4.8339e-17    3.3773e-17    8.5065e-17
4316.09863    1.0635e-16    7.4445e-17    1.8678e-16
4324.50586    8.4964e-19    5.9314e-19    1.4964e-18
4332.92920    2.2490e-17    1.6600e-17    3.7341e-17
4341.36914    1.4655e-17    1.0247e-17    2.5770e-17
4349.82520    1.8534e-16    1.3331e-16    3.1652e-16
4358.29785    2.5247e-16    1.7666e-16    4.4361e-16
4366.78662    2.9276e-18    2.0502e-18    5.1398e-18
4375.29199    1.0625e-16    8.3929e-17    1.6253e-16
4383.81445    3.9236e-17    2.8189e-17    6.7093e-17
4392.35352    8.3455e-20    5.8276e-20    1.4694e-19
4400.90869    1.3603e-17    9.8473e-18    2.3071e-17
4409.48047    9.6220e-17    7.4275e-17    1.5155e-16
4418.06934    1.5002e-16    1.0782e-16    2.5642e-16
4426.67480    1.7711e-19    1.2368e-19    3.1185e-19
4435.29736    1.1921e-17    8.3829e-18    2.0840e-17
4443.93652    2.8912e-19    2.0190e-19    5.0906e-19
4452.59277    6.9462e-17    4.8556e-17    1.2218e-16
4461.26562    2.6765e-17    1.8696e-17    4.7110e-17
4469.95508    1.5748e-17    1.1221e-17    2.7164e-17
4478.66162    3.4612e-17    2.4182e-17    6.0912e-17
4487.38477    5.3370e-17    3.8234e-17    9.1533e-17
4496.12549    6.5601e-18    4.5820e-18    1.1548e-17
4504.88281    2.2808e-17    1.7083e-17    3.7244e-17
4513.65771    2.3239e-17    1.6431e-17    4.0407e-17
4522.44922    7.6520e-17    5.7333e-17    1.2490e-16
4531.25830    9.8777e-18    6.9324e-18    1.7304e-17
4540.08447    1.7688e-17    1.3004e-17    2.9497e-17
4548.92773    4.1090e-17    3.2473e-17    6.2818e-17
4557.78809    2.7656e-17    2.0061e-17    4.6808e-17
4566.66602    3.7129e-20    2.5927e-20    6.5374e-20
4575.56055    3.2882e-17    2.4933e-17    5.2924e-17
4584.47314    7.5773e-17    6.0424e-17    1.1447e-16
4593.40283    4.3162e-18    3.0524e-18    7.5029e-18
4602.34961    1.5420e-18    1.0768e-18    2.7151e-18
4611.31445    3.9621e-20    2.7667e-20    6.9763e-20
4620.29590    3.3978e-17    2.5774e-17    5.4664e-17
4629.29590    1.2504e-16    9.3381e-17    2.0487e-16
4638.31250    1.5688e-17    1.0957e-17    2.7618e-17
4647.34668    5.3935e-18    3.8303e-18    9.3350e-18
4656.39941    1.9372e-19    1.3532e-19    3.4096e-19
4665.46875    2.6561e-17    1.8948e-17    4.5757e-17
4674.55664    3.0160e-19    2.1093e-19    5.3023e-19
4683.66113    7.0912e-18    4.9522e-18    1.2485e-17
4692.78418    1.5967e-20    1.1149e-20    2.8113e-20
4701.92480    5.8937e-19    4.1156e-19    1.0377e-18
4711.08301    2.0928e-20    1.4612e-20    3.6855e-20
4720.25977    4.7196e-18    3.2959e-18    8.3094e-18
4729.45361    3.4593e-17    2.4166e-17    6.0882e-17
4738.66602    1.0891e-19    7.6101e-20    1.9162e-19
4747.89551    4.6649e-18    3.2576e-18    8.2135e-18
4757.14355    4.9585e-20    3.4626e-20    8.7303e-20
4766.41016    7.4448e-21    5.1987e-21    1.3108e-20
4775.69385    3.1808e-17    2.2218e-17    5.5987e-17
4784.99609    2.5664e-20    1.7921e-20    4.5187e-20
4794.31641    4.5320e-18    3.1648e-18    7.9792e-18
4803.65430    1.0960e-19    7.6530e-20    1.9297e-19
4813.01074    6.7409e-17    4.7107e-17    1.1860e-16
4822.38574    6.7643e-18    4.7228e-18    1.1912e-17
4831.77930    1.2944e-18    9.0384e-19    2.2791e-18
4841.19043    4.5888e-19    3.2086e-19    8.0689e-19
4850.62012    3.5574e-18    2.4842e-18    6.2634e-18
4860.06836    1.0362e-19    7.2378e-20    1.8239e-19
4869.53467    1.9070e-18    1.3317e-18    3.3576e-18
4879.01953    4.0205e-17    2.8086e-17    7.0762e-17
4888.52295    4.5126e-17    3.1527e-17    7.9416e-17
4898.04492    1.6266e-17    1.1359e-17    2.8638e-17
4907.58545    4.2966e-17    3.0015e-17    7.5623e-17
4917.14453    2.5326e-20    1.7685e-20    4.4592e-20
4926.72168    3.3930e-17    2.9557e-17    4.4957e-17
4936.31836    1.2934e-19    9.0317e-20    2.2773e-19
4945.93311    7.4635e-17    5.2158e-17    1.3131e-16
4955.56689    2.9261e-17    2.0437e-17    5.1509e-17
4965.21973    1.3826e-19    9.6547e-20    2.4344e-19
4974.89062    3.2058e-17    2.2393e-17    5.6430e-17
4984.58105    1.3054e-19    9.1157e-20    2.2985e-19
4994.29004    3.4148e-19    2.3868e-19    6.0069e-19
5004.01758    5.6590e-17    3.9536e-17    9.9592e-17
5013.76465    4.2409e-17    3.8171e-17    5.3095e-17
5023.53027    2.9124e-17    2.0342e-17    5.1267e-17
5033.31543    1.1542e-19    8.0597e-20    2.0322e-19
5043.11914    3.0533e-17    2.1325e-17    5.3753e-17
5052.94238    5.2827e-17    3.6906e-17    9.2970e-17
5062.78418    6.6504e-18    4.6440e-18    1.1709e-17
5072.64551    1.2769e-16    8.9267e-17    2.2458e-16
5082.52637    4.1682e-19    2.9108e-19    7.3389e-19
5092.42578    5.0793e-20    3.5467e-20    8.9437e-20
5102.34473    7.0229e-19    4.9114e-19    1.2347e-18
5112.28320    9.2122e-17    6.4373e-17    1.6209e-16
5122.24121    2.5150e-19    1.7561e-19    4.4283e-19
5132.21777    9.1026e-19    6.3566e-19    1.6027e-18
5142.21484    2.5216e-19    1.7628e-19    4.4349e-19
5152.23047    5.4594e-19    3.8120e-19    9.6131e-19
5162.26660    4.5854e-16    3.2154e-16    8.0399e-16
5172.32129    5.4605e-17    4.9077e-17    6.8544e-17
5182.39648    6.5602e-17    4.5824e-17    1.1547e-16
5192.49023    8.5379e-20    6.1719e-20    1.4504e-19
5202.60449    4.9573e-17    3.5578e-17    8.4862e-17
5212.73779    1.5617e-20    1.0905e-20    2.7497e-20
5222.89160    1.1186e-17    7.8122e-18    1.9694e-17
5233.06445    6.6487e-17    4.8067e-17    1.1293e-16
5243.25781    1.0270e-19    7.1715e-20    1.8084e-19
5253.47021    1.1990e-17    8.4223e-18    2.0987e-17
5263.70312    2.3815e-16    1.6673e-16    4.1823e-16
5273.95557    2.6819e-16    1.9307e-16    4.5761e-16
5284.22852    3.5867e-17    2.6170e-17    6.0319e-17
5294.52100    1.4619e-17    1.0210e-17    2.5736e-17
5304.83398    1.1894e-19    8.3058e-20    2.0942e-19
5315.16650    2.0131e-16    1.6378e-16    2.9592e-16
5325.51953    1.6691e-17    1.1816e-17    2.8982e-17
5335.89258    1.0564e-16    7.3848e-17    1.8581e-16
5346.28564    1.1442e-17    7.9907e-18    2.0144e-17
5356.69922    1.4029e-19    9.7965e-20    2.4701e-19
5367.13281    7.0770e-18    5.0032e-18    1.2306e-17
5377.58691    1.1001e-16    7.6902e-17    1.9349e-16
5388.06152    3.1996e-19    2.2343e-19    5.6336e-19
5398.55664    6.8729e-20    4.7993e-20    1.2101e-19
5409.07178    1.4073e-17    9.8288e-18    2.4775e-17
5419.60742    7.0285e-20    4.9080e-20    1.2375e-19
5430.16406    5.8885e-17    4.1373e-17    1.0304e-16
5440.74121    2.9877e-19    2.0863e-19    5.2606e-19
5451.33887    2.0366e-19    1.4223e-19    3.5856e-19
5461.95703    5.2637e-20    3.6742e-20    9.2715e-20
5472.59570    3.4670e-18    2.4212e-18    6.1039e-18
5483.25488    1.7782e-19    1.2417e-19    3.1309e-19
5493.93555    7.0291e-18    4.9087e-18    1.2376e-17
5504.63672    1.2308e-19    8.5948e-20    2.1671e-19
5515.35840    1.0203e-19    7.1251e-20    1.7965e-19
5526.10156    2.7041e-17    1.8887e-17    4.7602e-17
5536.86523    1.6918e-18    1.1832e-18    2.9741e-18
5547.64941    7.4755e-18    5.2202e-18    1.3162e-17
5558.45557    7.9442e-18    5.5478e-18    1.3987e-17
5569.28271    2.7745e-19    1.9374e-19    4.8853e-19
5580.12988    5.5568e-18    3.8804e-18    9.7839e-18
5590.99902    3.5638e-18    2.4886e-18    6.2749e-18
5601.88965    2.2580e-20    1.5768e-20    3.9757e-20
5612.80078    4.4195e-18    3.0861e-18    7.7814e-18
5623.73340    3.4529e-18    2.4122e-18    6.0771e-18
5634.68750    4.3196e-20    3.0164e-20    7.6056e-20
5645.66211    6.6489e-18    4.6430e-18    1.1707e-17
5656.65918    4.1932e-18    2.9285e-18    7.3820e-18
5667.67676    1.3433e-18    9.3801e-19    2.3651e-18
5678.71680    6.5728e-18    4.5899e-18    1.1573e-17
5689.77734    4.2166e-18    2.9445e-18    7.4243e-18
5700.86035    4.6300e-20    3.2331e-20    8.1522e-20
5711.96484    6.2746e-19    4.3816e-19    1.1048e-18
5723.09033    4.5180e-18    3.1549e-18    7.9548e-18
5734.23779    3.8501e-19    2.6889e-19    6.7782e-19
5745.40723    6.8199e-18    4.7625e-18    1.2008e-17
5756.59766    8.0049e-19    5.5898e-19    1.4094e-18
5767.81104    2.9246e-19    2.0422e-19    5.1494e-19
5779.04492    9.0828e-19    6.3426e-19    1.5992e-18
5790.30176    7.9371e-20    5.5425e-20    1.3975e-19
5801.58008    1.6578e-18    1.1576e-18    2.9189e-18
5812.88037    4.4960e-19    3.1402e-19    7.9143e-19
5824.20264    5.6129e-20    3.9195e-20    9.8826e-20
5835.54688    7.8159e-18    5.4560e-18    1.3766e-17
5846.91357    1.5071e-18    1.0524e-18    2.6536e-18
5858.30225    3.2092e-19    2.2410e-19    5.6503e-19
5869.71289    8.0017e-18    5.5877e-18    1.4088e-17
5881.14600    8.0501e-19    5.6214e-19    1.4174e-18
5892.60156    3.3740e-20    2.5772e-20    5.3831e-20
5904.07910    1.1267e-18    7.8676e-19    1.9838e-18
5915.57910    3.0884e-18    2.1567e-18    5.4379e-18
5927.10156    6.1677e-19    4.3070e-19    1.0859e-18
5938.64648    1.0042e-20    7.0125e-21    1.7682e-20
5950.21387    6.5695e-19    4.5884e-19    1.1564e-18
5961.80371    2.5455e-19    1.7775e-19    4.4819e-19
5973.41602    1.5733e-19    1.0987e-19    2.7701e-19
5985.05127    9.6099e-19    6.7106e-19    1.6920e-18
5996.70850    2.3570e-18    1.6428e-18    4.1578e-18
6008.38867    1.9163e-18    1.3381e-18    3.3740e-18
6020.09229    8.9249e-19    6.2323e-19    1.5714e-18
6031.81836    4.1940e-20    2.9287e-20    7.3845e-20
6043.56738    6.3867e-18    4.4600e-18    1.1245e-17
6055.33887    3.0875e-18    2.1560e-18    5.4362e-18
6067.13428    3.3385e-20    2.3313e-20    5.8783e-20
6078.95117    1.3087e-18    9.1407e-19    2.3039e-18
6090.79150    4.5014e-19    3.1433e-19    7.9257e-19
6102.65527    1.4058e-19    9.8151e-20    2.4757e-19
6114.54199    5.5278e-19    3.8587e-19    9.7365e-19
6126.45215    2.7073e-19    1.8902e-19    4.7677e-19
6138.38525    6.4448e-20    4.5001e-20    1.1348e-19
6150.34131    1.1387e-17    7.9478e-18    2.0059e-17
6162.32178    1.2075e-19    8.4319e-20    2.1261e-19
6174.32422    9.8958e-19    6.9095e-19    1.7426e-18
6186.35059    6.0177e-18    4.2022e-18    1.0595e-17
6198.40088    2.8020e-19    1.9566e-19    4.9335e-19
6210.47314    8.1395e-21    5.6838e-21    1.4331e-20
6222.57031    5.0148e-20    3.5019e-20    8.8293e-20
6234.69043    1.0889e-17    7.6156e-18    1.9142e-17
6246.83496    1.6453e-17    1.1511e-17    2.8913e-17
6259.00195    9.5377e-19    6.6601e-19    1.6793e-18
6271.19385    5.4419e-19    3.8001e-19    9.5816e-19
6283.40869    3.5978e-19    2.5125e-19    6.3343e-19
6295.64795    3.6717e-20    2.5643e-20    6.4639e-20
6307.91016    4.1544e-19    2.9007e-19    7.3153e-19
6320.19678    5.7057e-18    3.9844e-18    1.0046e-17
6332.50781    5.4911e-19    3.8343e-19    9.6685e-19
6344.84180    6.6075e-19    4.6250e-19    1.1606e-18
6357.20020    2.6243e-18    1.8326e-18    4.6207e-18
6369.58252    1.6059e-18    1.1241e-18    2.8207e-18
6381.98926    3.5335e-18    2.4675e-18    6.2216e-18
6394.42041    4.8055e-19    3.3557e-19    8.4612e-19
6406.87549    1.9031e-18    1.3300e-18    3.3480e-18
6419.35449    1.0815e-17    7.6019e-18    1.8917e-17
6431.85840    3.0936e-18    2.1672e-18    5.4295e-18
6444.38672    4.3218e-18    3.0180e-18    7.6094e-18
6456.93896    4.2013e-17    2.9922e-17    7.2500e-17
6469.51514    4.2992e-18    3.0022e-18    7.5697e-18
6482.11719    9.7046e-19    6.7762e-19    1.7089e-18
6494.74268    2.5825e-18    1.8033e-18    4.5471e-18
6507.39355    9.7453e-19    6.8051e-19    1.7159e-18
6520.06836    6.3279e-18    4.4360e-18    1.1098e-17
6532.76855    5.9798e-19    4.1757e-19    1.0529e-18
6545.49316    1.7435e-19    1.2175e-19    3.0699e-19
6558.24268    3.0338e-18    2.0363e-18    5.5489e-18
6571.01611    6.1691e-19    4.3078e-19    1.0862e-18
6583.81543    1.0477e-18    7.3163e-19    1.8448e-18
6596.63965    2.3278e-19    1.6255e-19    4.0987e-19
6609.48828    4.6131e-19    3.2213e-19    8.1224e-19
6622.36230    8.7819e-19    6.1324e-19    1.5463e-18
6635.26172    9.3440e-21    6.5249e-21    1.6452e-20
6648.18506    1.0962e-18    7.6548e-19    1.9301e-18
6661.13525    4.7440e-19    3.3128e-19    8.3526e-19
6674.10986    1.8803e-19    1.3130e-19    3.3107e-19
6687.10938    1.2764e-18    8.9134e-19    2.2475e-18
6700.13428    1.0596e-18    7.3989e-19    1.8656e-18
6713.18506    9.0282e-21    6.3044e-21    1.5896e-20
6726.26123    6.4438e-19    4.4997e-19    1.1346e-18
6739.36279    2.9641e-21    2.0698e-21    5.2190e-21
6752.48926    2.5475e-19    1.7789e-19    4.4854e-19
6765.64258    2.5460e-19    1.7778e-19    4.4827e-19
6778.82031    2.2665e-19    1.5827e-19    3.9907e-19
6792.02441    2.0210e-20    1.4113e-20    3.5585e-20
6805.25439    7.9966e-19    5.5840e-19    1.4080e-18
6818.50928    2.4976e-19    1.7441e-19    4.3976e-19
6831.78955    1.6614e-19    1.1601e-19    2.9252e-19
6845.09717    1.1857e-20    8.2800e-21    2.0878e-20
6858.43018    6.4410e-19    4.4978e-19    1.1341e-18
6871.78906    6.9215e-18    4.8334e-18    1.2187e-17
6885.17432    2.4826e-20    1.7336e-20    4.3712e-20
6898.58447    1.4155e-18    9.8848e-19    2.4924e-18
6912.02246    1.5622e-19    1.0909e-19    2.7507e-19
6925.48486    2.4821e-19    1.7332e-19    4.3702e-19
6938.97412    3.7714e-18    2.6336e-18    6.6404e-18
6952.49023    3.5334e-20    2.4673e-20    6.2214e-20
6966.03271    5.0540e-19    3.5292e-19    8.8989e-19
6979.60059    5.8848e-20    4.1094e-20    1.0362e-19
6993.19629    1.5597e-19    1.0892e-19    2.7463e-19
