1000.97394    1.5256e-17    2.0102e-17    1.3276e-18
1002.92358    4.9392e-18    6.3315e-18    9.3713e-19
1004.87708    5.7064e-18    7.2916e-18    1.1497e-18
1006.83441    3.6791e-18    4.7408e-18    6.2734e-19
1008.79553    7.0347e-18    9.2276e-18    7.3137e-19
1010.76050    1.8806e-19    2.3110e-19    6.4340e-20
1012.72925    2.6813e-18    3.5296e-18    2.4293e-19
1014.70178    6.1099e-18    8.0430e-18    5.5351e-19
1016.67822    6.6986e-18    8.8374e-18    5.5098e-19
1018.65857    3.4901e-18    4.6322e-18    2.0712e-19
1020.64270    5.3807e-18    7.1813e-18    2.0525e-19
1022.63074    3.5590e-18    4.7697e-18    7.9116e-20
1024.62256    7.9194e-19    1.0633e-18    1.2020e-20
1026.61841    2.1293e-19    2.8533e-19    4.7988e-21
1028.61792    3.9974e-18    5.3681e-18    5.7377e-20
1030.62158    9.6274e-18    1.2890e-17    2.4973e-19
1032.62891    1.9103e-17    2.5676e-17    2.0989e-19
1034.64038    7.9814e-18    1.0556e-17    5.7971e-19
1036.65564    9.7393e-18    1.3054e-17    2.1217e-19
1038.67480    2.6322e-18    3.4252e-18    3.5261e-19
1040.69800    4.0576e-18    5.3866e-18    2.3770e-19
1042.72510    7.5841e-18    9.8786e-18    9.8885e-19
1044.75610    9.1068e-18    1.1670e-17    1.7404e-18
1046.79102    6.6368e-18    8.5371e-18    1.1745e-18
1048.83008    1.0002e-18    1.2257e-18    3.5196e-19
1050.87292    7.1526e-18    9.2948e-18    9.9492e-19
1052.91980    3.7069e-18    4.4599e-18    1.5425e-18
1054.97070    2.7637e-17    3.6691e-17    1.6127e-18
1057.02563    1.6451e-17    2.0484e-17    4.8565e-18
1059.08447    1.8002e-17    2.3169e-17    3.1478e-18
1061.14734    4.1966e-17    5.4485e-17    5.9813e-18
1063.21436    6.8163e-17    9.1622e-17    7.3389e-19
1065.28516    1.6640e-17    2.1564e-17    2.4880e-18
1067.36011    7.5850e-17    1.0131e-16    2.6635e-18
1069.43921    4.0491e-17    5.3220e-17    3.9032e-18
1071.52222    4.7641e-17    6.2748e-17    4.2191e-18
1073.60938    1.1846e-16    1.5879e-16    2.5350e-18
1075.70056    7.7590e-17    1.0346e-16    3.2375e-18
1077.79590    6.1094e-17    8.0346e-17    5.7599e-18
1079.89514    7.3667e-18    9.1405e-18    2.2680e-18
1081.99854    3.5482e-17    4.7506e-17    9.2182e-19
1084.10608    5.2149e-17    6.9689e-17    1.7318e-18
1086.21777    9.5260e-18    1.1365e-17    4.2392e-18
1088.33350    4.4591e-17    5.8911e-17    3.4298e-18
1090.45337    6.3874e-17    8.4942e-17    3.3179e-18
1092.57727    3.6311e-17    4.8476e-17    1.3437e-18
1094.70532    4.8628e-17    6.3423e-17    6.1011e-18
1096.83765    6.0483e-17    8.0541e-17    2.8289e-18
1098.97412    7.2878e-17    9.7700e-17    1.5302e-18
1101.11475    5.9646e-17    7.8870e-17    4.3880e-18
1103.25952    1.9603e-17    2.4798e-17    4.6700e-18
1105.40845    3.0892e-17    3.9705e-17    5.5633e-18
1107.56152    3.9990e-17    5.2939e-17    2.7715e-18
1109.71887    3.8875e-17    5.1681e-17    2.0667e-18
1111.88037    4.2670e-17    5.6819e-17    2.0016e-18
1114.04614    6.8533e-17    9.0407e-17    5.6576e-18
1116.21606    4.1402e-17    5.5432e-17    1.0751e-18
1118.39014    1.0729e-17    1.3020e-17    4.1461e-18
1120.56860    1.1325e-17    1.4382e-17    2.5391e-18
1122.75122    5.5088e-17    7.3970e-17    8.1326e-19
1124.93811    5.1458e-17    6.7968e-17    4.0018e-18
1127.12927    1.4822e-16    1.9892e-16    2.4982e-18
1129.32471    7.3537e-17    9.8830e-17    8.3518e-19
1131.52441    5.6135e-17    7.4772e-17    2.5675e-18
1133.72839    9.5000e-17    1.2771e-16    9.6701e-19
1135.93665    2.2882e-17    2.9417e-17    4.0967e-18
1138.14917    3.3038e-17    4.4068e-17    1.3353e-18
1140.36621    5.0791e-17    6.6516e-17    5.5919e-18
1142.58740    7.8050e-17    1.0395e-16    3.5964e-18
1144.81299    2.0895e-16    2.7715e-16    1.2902e-17
1147.04272    2.3122e-16    3.0744e-16    1.2133e-17
1149.27698    1.4532e-16    1.9384e-16    5.8694e-18
1151.51562    1.5554e-16    2.0754e-16    6.0749e-18
1153.75854    1.4751e-16    1.9565e-16    9.1427e-18
1156.00586    3.2088e-17    4.1604e-17    4.7368e-18
1158.25745    7.7854e-17    1.0168e-16    9.3840e-18
1160.51355    1.0666e-16    1.3897e-16    1.3796e-17
1162.77393    5.7921e-17    7.5998e-17    5.9639e-18
1165.03882    5.0924e-17    6.7295e-17    3.8689e-18
1167.30811    5.6757e-17    7.4649e-17    5.3296e-18
1169.58179    6.1733e-17    8.1301e-17    5.4860e-18
1171.85986    8.2519e-17    1.0816e-16    8.8190e-18
1174.14246    9.4478e-17    1.2480e-16    7.3172e-18
1176.42944    8.8593e-17    1.1719e-16    6.4072e-18
1178.72095    2.1868e-17    2.8953e-17    1.5031e-18
1181.01685    4.5235e-17    6.0222e-17    2.1554e-18
1183.31714    3.8792e-17    5.1616e-17    1.9323e-18
1185.62207    6.7217e-17    8.8715e-17    5.4225e-18
1187.93140    9.2047e-17    1.2181e-16    6.4903e-18
1190.24536    4.1411e-17    5.5177e-17    1.8440e-18
1192.56372    1.0010e-16    1.3363e-16    3.7415e-18
1194.88647    3.4588e-17    4.6115e-17    1.4529e-18
1197.21387    8.9969e-17    1.2007e-16    3.4337e-18
1199.54590    6.9703e-17    9.2989e-17    2.7703e-18
1201.88232    3.5152e-17    4.6395e-17    2.8350e-18
1204.22339    9.2680e-18    1.2339e-17    4.4056e-19
1206.56897    2.0094e-17    2.6679e-17    1.1685e-18
1208.91919    4.0957e-17    5.4823e-17    1.1027e-18
1211.27393    1.6897e-17    2.2275e-17    1.4379e-18
1213.63330    9.0396e-18    1.2027e-17    4.5175e-19
1215.99719    1.3113e-17    1.7343e-17    9.5339e-19
1218.36572    2.1257e-17    2.8350e-17    8.6912e-19
1220.73877    4.3902e-17    5.9009e-17    4.7710e-19
1223.11658    1.4213e-17    1.9047e-17    3.1810e-19
1225.49902    9.6985e-18    1.2984e-17    2.5580e-19
1227.88599    2.3802e-17    3.1911e-17    4.9402e-19
1230.27771    5.8758e-18    7.8483e-18    2.0587e-19
1232.67407    3.0113e-17    4.0288e-17    8.6658e-19
1235.07507    3.0567e-17    4.0861e-17    9.8034e-19
1237.48071    2.9659e-17    3.9580e-17    1.1426e-18
1239.89111    2.5822e-17    3.4376e-17    1.2358e-18
1242.30615    4.1469e-17    5.4996e-17    2.5872e-18
1244.72595    2.3002e-17    3.0490e-17    1.4778e-18
1247.15039    1.3583e-17    1.8009e-17    8.6214e-19
1249.57959    3.3759e-17    4.4431e-17    3.0833e-18
1252.01355    3.0164e-17    3.9747e-17    2.6181e-18
1254.45215    3.3180e-17    4.3917e-17    2.3166e-18
1256.89563    3.9093e-17    5.1002e-17    4.8611e-18
1259.34375    3.4958e-17    4.5846e-17    3.6611e-18
1261.79675    5.8609e-17    7.6821e-17    6.2597e-18
1264.25452    8.5856e-17    1.0833e-16    2.1254e-17
1266.71704    2.7166e-16    3.4820e-16    5.1652e-17
1269.18433    3.8105e-17    4.8969e-17    6.8792e-18
1271.65649    7.7271e-17    1.0062e-16    1.0156e-17
1274.13342    4.6088e-17    5.9376e-17    7.8930e-18
1276.61523    2.7824e-17    3.6285e-17    3.5053e-18
1279.10181    3.6427e-17    4.6068e-17    8.7166e-18
1281.59326    2.4582e-17    3.1288e-17    5.3061e-18
1284.08960    1.8683e-17    2.3452e-17    4.9773e-18
1286.59070    3.2628e-17    4.0621e-17    9.6533e-18
1289.09668    1.0423e-16    1.2667e-16    3.9727e-17
1291.60767    5.1640e-17    6.2223e-17    2.1220e-17
1294.12341    4.6498e-17    5.5554e-17    2.0468e-17
1296.64404    5.7003e-17    7.2240e-17    1.3206e-17
1299.16968    6.6039e-17    8.3552e-17    1.5701e-17
1301.70020    3.4727e-17    4.3433e-17    9.7015e-18
1304.23572    5.1850e-17    6.6174e-17    1.0680e-17
1306.77612    4.6867e-17    5.7596e-17    1.6026e-17
1309.32141    1.7162e-17    2.1601e-17    4.4038e-18
1311.87183    2.1848e-17    2.6042e-17    9.7944e-18
1314.42700    3.6280e-17    4.6149e-17    7.9144e-18
1316.98730    4.1181e-17    4.8001e-17    2.1579e-17
1319.55249    6.0336e-17    7.2190e-17    2.6264e-17
1322.12280    5.5767e-17    6.8314e-17    1.9700e-17
1324.69800    3.8508e-17    4.5180e-17    1.9331e-17
1327.27820    5.4467e-17    6.3143e-17    2.9528e-17
1329.86353    3.9357e-17    4.4688e-17    2.4033e-17
1332.45386    4.3339e-17    4.9410e-17    2.5889e-17
1335.04919    1.6778e-17    2.0079e-17    7.2895e-18
1337.64966    2.0732e-17    2.3582e-17    1.2540e-17
1340.25513    6.5840e-17    6.7310e-17    6.1615e-17
1342.86560    1.3030e-17    1.3965e-17    1.0340e-17
1345.48120    4.8434e-17    5.3382e-17    3.4213e-17
1348.10205    6.1865e-18    6.7271e-18    4.6327e-18
1350.72778    3.8744e-17    4.1641e-17    3.0417e-17
1353.35876    2.9355e-17    3.0474e-17    2.6136e-17
1355.99487    3.7779e-17    4.1065e-17    2.8337e-17
1358.63611    3.9456e-17    4.8204e-17    1.4311e-17
1361.28247    7.9401e-17    9.2567e-17    4.1558e-17
1363.93396    7.4315e-17    8.6106e-17    4.0424e-17
1366.59058    1.1062e-16    1.2723e-16    6.2864e-17
1369.25244    5.2963e-17    6.0478e-17    3.1361e-17
1371.91956    8.3779e-17    9.7028e-17    4.5696e-17
1374.59180    1.3864e-16    1.6300e-16    6.8613e-17
1377.26929    1.3957e-16    1.6185e-16    7.5519e-17
1379.95190    7.9540e-17    8.8432e-17    5.3982e-17
1382.63965    9.8561e-17    1.0586e-16    7.7580e-17
1385.33276    4.8935e-17    5.0917e-17    4.3237e-17
1388.03125    7.5455e-17    8.5471e-17    4.6665e-17
1390.73486    2.4598e-17    2.7725e-17    1.5609e-17
1393.44360    4.7164e-17    5.1629e-17    3.4331e-17
1396.15784    6.1055e-17    6.7661e-17    4.2068e-17
1398.87720    1.7241e-16    2.0750e-16    7.1554e-17
1401.60205    1.1722e-16    1.4749e-16    3.0197e-17
1404.33203    8.2255e-17    9.3479e-17    4.9996e-17
1407.06738    4.1451e-17    4.3783e-17    3.4750e-17
1409.80811    6.0305e-17    6.5175e-17    4.6305e-17
1412.55420    5.0343e-17    5.8872e-17    2.5829e-17
1415.30554    1.6368e-16    2.0017e-16    5.8788e-17
1418.06213    9.4944e-17    1.0479e-16    6.6644e-17
1420.82446    3.7285e-17    3.9318e-17    3.1441e-17
1423.59180    2.7833e-17    3.0272e-17    2.0824e-17
1426.36475    1.3354e-17    1.4479e-17    1.0119e-17
1429.14307    5.5848e-17    5.2170e-17    6.6420e-17
1431.92676    7.3555e-17    8.5535e-17    3.9119e-17
1434.71582    3.1006e-17    3.2838e-17    2.5742e-17
1437.51038    1.2152e-16    1.4163e-16    6.3749e-17
1440.31030    1.0050e-16    1.0747e-16    8.0462e-17
1443.11572    8.0832e-17    8.5094e-17    6.8582e-17
1445.92676    2.4303e-17    2.5112e-17    2.1977e-17
1448.74316    2.8769e-17    2.8637e-17    2.9147e-17
1451.56494    5.2824e-17    5.0480e-17    5.9561e-17
1454.39233    5.6989e-17    6.0081e-17    4.8100e-17
1457.22522    3.5694e-17    3.2780e-17    4.4071e-17
1460.06360    3.4024e-17    3.2631e-17    3.8026e-17
1462.90747    5.5807e-17    5.5321e-17    5.7204e-17
1465.75696    4.1894e-17    3.3885e-17    6.4915e-17
1468.61206    3.7555e-17    3.8404e-17    3.5114e-17
1471.47253    5.9803e-17    5.3584e-17    7.7678e-17
1474.33862    8.8834e-17    1.0150e-16    5.2433e-17
1477.21045    7.5966e-17    6.9914e-17    9.3360e-17
1480.08777    6.6146e-17    7.1047e-17    5.2059e-17
1482.97058    6.2555e-17    6.1149e-17    6.6596e-17
1485.85913    4.7807e-17    4.2215e-17    6.3878e-17
1488.75342    8.2846e-17    7.3360e-17    1.1011e-16
1491.65332    6.0590e-17    5.3776e-17    8.0178e-17
1494.55859    2.6999e-17    2.3892e-17    3.5929e-17
1497.46985    3.5322e-17    3.7368e-17    2.9442e-17
1500.38647    1.9263e-17    1.7954e-17    2.3024e-17
1503.30896    5.5962e-17    5.4506e-17    6.0144e-17
1506.23706    8.4412e-17    9.0702e-17    6.6332e-17
1509.17090    7.2947e-17    7.1639e-17    7.6709e-17
1512.11060    7.3824e-17    8.1910e-17    5.0583e-17
1515.05591    4.1809e-17    4.3064e-17    3.8202e-17
1518.00684    4.2486e-18    4.3768e-18    3.8802e-18
1520.96362    4.9636e-17    5.1078e-17    4.5491e-17
1523.92627    4.2914e-17    4.1777e-17    4.6182e-17
1526.89453    3.4204e-17    3.6977e-17    2.6233e-17
1529.86865    5.5594e-18    4.9540e-18    7.2996e-18
1532.84839    1.4082e-17    1.5039e-17    1.1332e-17
1535.83411    3.7700e-17    3.0567e-17    5.8205e-17
1538.82568    2.7386e-17    1.9838e-17    4.9081e-17
1541.82300    1.4033e-17    1.2521e-17    1.8379e-17
1544.82617    8.0818e-18    7.2473e-18    1.0480e-17
1547.83521    2.7607e-17    2.4273e-17    3.7192e-17
1550.85010    4.6702e-17    4.4148e-17    5.4042e-17
1553.87085    3.3243e-17    2.8284e-17    4.7500e-17
1556.89746    2.4057e-17    2.7314e-17    1.4697e-17
1559.92993    2.9261e-17    3.8885e-17    1.5999e-18
1562.96863    3.6610e-17    4.2721e-17    1.9047e-17
1566.01282    1.1955e-17    1.4261e-17    5.3298e-18
1569.06311    4.2157e-17    5.5689e-17    3.2636e-18
1572.11938    3.7309e-17    4.1152e-17    2.6264e-17
1575.18152    4.1221e-17    5.1731e-17    1.1014e-17
1578.24963    6.1446e-17    6.4237e-17    5.3425e-17
1581.32373    3.9730e-17    4.1193e-17    3.5524e-17
1584.40381    2.2945e-17    2.6108e-17    1.3852e-17
1587.48999    3.2181e-17    3.9750e-17    1.0425e-17
1590.58215    9.9201e-18    9.2361e-18    1.1886e-17
1593.68018    4.8365e-17    3.9871e-17    7.2778e-17
1596.78442    1.3439e-17    1.0587e-17    2.1638e-17
1599.89465    1.8917e-17    1.8456e-17    2.0242e-17
1603.01086    1.9449e-17    2.1724e-17    1.2911e-17
1606.13330    2.8806e-17    3.1672e-17    2.0566e-17
1609.26172    4.7883e-17    6.1339e-17    9.2068e-18
1612.39636    3.1558e-17    4.0845e-17    4.8647e-18
1615.53674    1.9829e-18    2.3713e-18    8.6678e-19
1618.68347    3.9216e-17    4.9704e-17    9.0684e-18
1621.83630    5.5991e-17    7.1102e-17    1.2556e-17
1624.99548    3.7877e-17    4.9137e-17    5.5123e-18
1628.16064    6.8325e-17    8.8435e-17    1.0521e-17
1631.33203    5.6255e-17    6.9240e-17    1.8929e-17
1634.50952    7.3779e-17    9.6269e-17    9.1361e-18
1637.69312    7.8290e-17    9.8705e-17    1.9610e-17
1640.88306    2.1614e-16    2.2473e-16    1.9147e-16
1644.07922    4.8766e-17    5.6785e-17    2.5717e-17
1647.28162    6.5487e-17    8.3005e-17    1.5135e-17
1650.49023    6.5049e-17    8.4198e-17    1.0010e-17
1653.70496    7.4958e-17    9.6434e-17    1.3227e-17
1656.92603    2.2582e-17    2.9518e-17    2.6485e-18
1660.15369    2.7115e-17    3.5794e-17    2.1684e-18
1663.38721    1.0433e-17    1.3486e-17    1.6555e-18
1666.62720    1.0902e-17    1.2455e-17    6.4377e-18
1669.87317    1.4801e-17    1.6836e-17    8.9543e-18
1673.12585    2.4890e-17    3.0117e-17    9.8653e-18
1676.38489    4.2242e-17    5.0744e-17    1.7802e-17
1679.65027    3.6252e-17    4.3385e-17    1.5750e-17
1682.92188    3.6302e-17    3.1238e-17    5.0859e-17
1686.19958    3.0904e-17    3.1380e-17    2.9534e-17
1689.48413    4.2173e-17    4.7198e-17    2.7729e-17
1692.77502    2.2075e-17    2.8640e-17    3.2068e-18
1696.07227    2.2020e-17    2.1613e-17    2.3189e-17
1699.37573    1.5204e-17    1.8706e-17    5.1399e-18
1702.68567    5.1580e-17    6.1579e-17    2.2841e-17
1706.00232    2.4907e-17    3.1311e-17    6.5000e-18
1709.32544    5.7322e-17    6.1595e-17    4.5039e-17
1712.65491    2.2936e-17    2.6639e-17    1.2291e-17
1715.99060    5.1718e-17    6.2102e-17    2.1872e-17
1719.33301    4.6327e-17    5.9019e-17    9.8449e-18
1722.68188    8.3044e-17    7.2958e-17    1.1203e-16
1726.03735    5.3833e-17    6.9310e-17    9.3462e-18
1729.39941    1.2130e-17    1.4350e-17    5.7496e-18
1732.76807    2.0455e-17    2.2355e-17    1.4992e-17
1736.14307    1.0190e-17    1.0866e-17    8.2472e-18
1739.52466    6.5498e-18    5.7879e-18    8.7398e-18
1742.91296    1.0238e-17    1.0123e-17    1.0568e-17
1746.30786    2.1282e-17    2.4092e-17    1.3208e-17
1749.70935    3.7395e-17    4.0956e-17    2.7158e-17
1753.11755    1.7989e-18    1.4130e-18    2.9082e-18
1756.53223    5.2831e-18    4.2287e-18    8.3138e-18
1759.95325    3.0217e-17    3.7569e-17    9.0863e-18
1763.38147    2.3610e-17    2.4354e-17    2.1472e-17
1766.81628    1.2116e-17    1.0615e-17    1.6430e-17
1770.25745    1.1497e-17    1.2994e-17    7.1935e-18
1773.70581    4.1766e-17    3.8540e-17    5.1041e-17
1777.16064    2.0249e-17    2.3394e-17    1.1212e-17
1780.62207    1.8088e-17    2.0516e-17    1.1109e-17
1784.09045    8.7046e-17    1.0747e-16    2.8335e-17
1787.56555    2.3623e-16    2.8525e-16    9.5333e-17
1791.04749    3.4500e-17    3.4395e-17    3.4801e-17
1794.53601    3.4109e-17    3.7384e-17    2.4693e-17
1798.03137    5.9766e-17    7.2775e-17    2.2375e-17
1801.53357    5.0361e-18    3.6909e-18    8.9028e-18
1805.04248    6.1632e-17    5.8985e-17    6.9241e-17
1808.55847    2.4980e-17    2.7499e-17    1.7738e-17
1812.08130    1.1099e-17    8.1623e-18    1.9539e-17
1815.61096    1.7950e-17    2.1179e-17    8.6681e-18
1819.14722    1.3516e-17    1.7147e-17    3.0797e-18
1822.69067    2.3403e-17    2.8573e-17    8.5407e-18
1826.24084    2.4728e-17    3.0038e-17    9.4664e-18
1829.79797    2.3059e-17    2.6985e-17    1.1773e-17
1833.36206    1.9586e-17    2.3983e-17    6.9497e-18
1836.93311    3.6478e-17    3.3509e-17    4.5012e-17
1840.51111    1.5965e-17    1.6331e-17    1.4914e-17
1844.09607    2.0498e-17    1.7328e-17    2.9611e-17
1847.68799    2.3540e-17    2.8497e-17    9.2891e-18
1851.28687    2.2465e-17    2.2545e-17    2.2234e-17
1854.89282    4.5282e-18    4.0296e-18    5.9614e-18
1858.50586    1.4666e-17    1.4733e-17    1.4473e-17
1862.12585    1.5098e-17    1.3101e-17    2.0835e-17
1865.75293    2.1093e-17    2.2112e-17    1.8164e-17
1869.38696    2.5467e-17    2.1868e-17    3.5813e-17
1873.02820    7.2498e-18    7.2938e-18    7.1232e-18
1876.67651    3.4983e-17    4.1222e-17    1.7052e-17
1880.33191    2.9623e-17    3.2875e-17    2.0274e-17
1883.99438    3.0410e-17    2.3516e-17    5.0225e-17
1887.66406    4.9828e-17    5.8174e-17    2.5838e-17
1891.34082    1.3497e-17    1.5073e-17    8.9656e-18
1895.02490    1.6829e-17    1.8748e-17    1.1314e-17
1898.71606    3.0697e-17    2.8205e-17    3.7859e-17
1902.41431    5.5049e-17    6.2406e-17    3.3904e-17
1906.11987    1.8369e-17    1.9956e-17    1.3806e-17
1909.83252    2.1423e-17    2.3867e-17    1.4399e-17
1913.55261    2.2976e-17    2.6444e-17    1.3007e-17
1917.27979    3.6277e-17    4.0088e-17    2.5325e-17
1921.01428    1.5935e-17    1.3493e-17    2.2955e-17
1924.75610    3.6507e-17    4.0954e-17    2.3724e-17
1928.50513    3.1669e-17    3.3726e-17    2.5755e-17
1932.26147    1.8653e-17    1.9598e-17    1.5937e-17
1936.02515    2.8203e-17    3.5964e-17    5.8927e-18
1939.79614    1.8592e-17    1.4772e-17    2.9573e-17
1943.57446    2.7305e-17    2.8259e-17    2.4560e-17
1947.36011    5.3530e-17    4.7555e-17    7.0708e-17
1951.15332    1.8785e-17    1.7880e-17    2.1387e-17
1954.95374    3.3464e-17    3.0527e-17    4.1904e-17
1958.76160    5.4860e-17    4.0631e-17    9.5758e-17
1962.57690    2.5456e-17    2.3045e-17    3.2388e-17
1966.39966    6.1059e-17    5.2105e-17    8.6795e-17
1970.22974    4.2879e-17    4.2794e-17    4.3123e-17
1974.06738    7.4206e-17    5.7763e-17    1.2147e-16
1977.91248    1.7615e-17    1.4816e-17    2.5660e-17
1981.76514    8.0252e-18    6.1589e-18    1.3389e-17
1985.62524    2.9609e-17    2.5468e-17    4.1511e-17
1989.49280    2.4212e-17    2.3124e-17    2.7339e-17
1993.36792    2.0109e-17    1.6305e-17    3.1042e-17
1997.25061    1.2175e-17    9.4529e-18    1.9999e-17
2001.14087    4.8461e-17    5.2910e-17    3.5674e-17
2005.03870    3.1660e-17    3.4190e-17    2.4389e-17
2008.94409    5.9528e-17    6.4771e-17    4.4456e-17
2012.85718    4.5973e-17    4.2771e-17    5.5176e-17
2016.77783    3.9468e-17    3.6628e-17    4.7630e-17
2020.70605    1.8467e-17    2.0060e-17    1.3890e-17
2024.64209    2.6775e-17    2.0429e-17    4.5014e-17
2028.58569    4.8865e-17    4.4107e-17    6.2540e-17
2032.53687    4.4601e-17    4.3568e-17    4.7570e-17
2036.49585    2.1416e-17    2.1025e-17    2.2538e-17
2040.46265    2.5750e-17    3.1543e-17    9.1010e-18
2044.43701    2.5329e-17    3.0078e-17    1.1680e-17
2048.41919    1.8948e-17    1.4594e-17    3.1462e-17
2052.40918    1.7933e-17    1.8336e-17    1.6774e-17
2056.40674    3.2300e-17    3.6114e-17    2.1339e-17
2060.41211    7.5159e-18    7.3158e-18    8.0912e-18
2064.42554    3.9144e-17    4.6887e-17    1.6888e-17
2068.44678    4.2540e-17    3.6921e-17    5.8692e-17
2072.47559    4.7346e-17    4.5245e-17    5.3385e-17
2076.51221    4.1468e-17    3.0876e-17    7.1915e-17
2080.55713    1.8804e-17    1.8716e-17    1.9055e-17
2084.60938    1.0743e-17    8.2015e-18    1.8047e-17
2088.66992    2.1216e-17    2.4638e-17    1.1379e-17
2092.73828    1.7334e-17    1.3605e-17    2.8053e-17
2096.81445    1.6637e-17    1.6527e-17    1.6952e-17
2100.89868    3.4078e-17    2.9578e-17    4.7015e-17
2104.99072    3.9935e-17    3.1912e-17    6.2997e-17
2109.09082    7.6926e-17    9.2075e-17    3.3383e-17
2113.19922    2.2354e-17    1.8796e-17    3.2580e-17
2117.31519    8.8704e-17    8.0861e-17    1.1125e-16
2121.43945    8.7263e-18    8.1377e-18    1.0418e-17
2125.57129    1.2527e-17    8.9261e-18    2.2876e-17
2129.71143    4.3815e-17    4.6189e-17    3.6989e-17
2133.85986    3.3781e-17    2.7439e-17    5.2011e-17
2138.01611    4.7492e-17    5.0538e-17    3.8736e-17
2142.18066    3.0017e-17    2.5069e-17    4.4238e-17
2146.35303    2.8143e-17    2.6677e-17    3.2358e-17
2150.53369    3.7073e-17    4.2582e-17    2.1237e-17
2154.72266    1.4520e-17    1.2279e-17    2.0963e-17
2158.91968    2.3897e-17    2.2163e-17    2.8880e-17
2163.12500    4.0721e-17    4.0618e-17    4.1017e-17
2167.33813    5.2113e-17    4.6288e-17    6.8856e-17
2171.55957    1.6760e-17    1.2885e-17    2.7897e-17
2175.78955    5.6349e-17    5.2427e-17    6.7622e-17
2180.02759    1.4288e-17    1.3687e-17    1.6015e-17
2184.27393    4.0141e-17    3.0758e-17    6.7110e-17
2188.52832    3.1829e-17    3.1541e-17    3.2657e-17
2192.79102    9.3717e-18    7.3977e-18    1.5046e-17
2197.06226    4.9366e-18    3.5455e-18    8.9351e-18
2201.34180    1.3224e-17    9.9559e-18    2.2618e-17
2205.62939    2.2620e-17    1.8192e-17    3.5347e-17
2209.92554    2.7753e-17    2.3863e-17    3.8935e-17
2214.22998    4.6102e-17    4.4648e-17    5.0281e-17
2218.54297    2.7594e-17    2.7737e-17    2.7184e-17
2222.86426    6.6483e-17    7.2497e-17    4.9198e-17
2227.19409    3.4198e-17    3.1046e-17    4.3259e-17
2231.53223    3.8314e-17    3.2397e-17    5.5321e-17
2235.87891    4.3348e-17    4.7377e-17    3.1770e-17
2240.23389    6.3191e-17    6.2812e-17    6.4281e-17
2244.59717    6.2817e-17    6.5970e-17    5.3754e-17
2248.96924    6.3382e-17    7.4816e-17    3.0518e-17
2253.34985    6.9867e-17    8.0645e-17    3.8886e-17
2257.73901    4.8201e-17    4.9448e-17    4.4616e-17
2262.13672    1.1346e-16    1.3751e-16    4.4333e-17
2266.54297    1.2603e-16    1.5227e-16    5.0600e-17
2270.95752    1.0149e-16    1.1077e-16    7.4814e-17
2275.38086    1.1374e-16    1.2671e-16    7.6465e-17
2279.81299    1.0134e-16    1.0629e-16    8.7112e-17
2284.25366    6.7849e-17    7.3778e-17    5.0806e-17
2288.70288    3.6645e-17    3.0064e-17    5.5559e-17
2293.16089    8.5300e-17    8.9653e-17    7.2790e-17
2297.62744    4.4644e-17    3.8854e-17    6.1285e-17
2302.10303    3.3580e-17    2.9863e-17    4.4262e-17
2306.58691    1.4133e-16    1.1232e-16    2.2471e-16
2311.07959    9.2634e-17    9.5168e-17    8.5352e-17
2315.58105    6.2252e-17    6.5354e-17    5.3335e-17
2320.09155    6.9499e-17    7.2678e-17    6.0364e-17
2324.61060    8.2104e-17    7.9387e-17    8.9912e-17
2329.13843    2.2309e-16    2.8022e-16    5.8862e-17
2333.67529    1.4205e-16    1.8769e-16    1.0869e-17
2338.22070    1.5822e-16    1.9321e-16    5.7663e-17
2342.77490    3.3434e-16    4.3509e-16    4.4741e-17
2347.33838    3.5726e-16    4.6118e-16    5.8576e-17
2351.91064    5.9334e-17    5.4944e-17    7.1952e-17
2356.49170    9.4407e-17    9.5226e-17    9.2054e-17
2361.08154    5.7186e-16    7.5909e-16    3.3712e-17
2365.68066    3.8444e-16    4.9175e-16    7.5998e-17
2370.28833    1.8960e-16    2.4168e-16    3.9905e-17
2374.90527    3.9799e-16    5.1470e-16    6.2505e-17
2379.53101    2.3659e-16    3.0933e-16    2.7504e-17
2384.16602    1.2075e-15    1.6068e-15    5.9707e-17
2388.80981    2.8969e-16    3.5903e-16    9.0387e-17
2393.46289    7.0666e-16    8.7156e-16    2.3266e-16
2398.12476    2.9028e-16    3.5769e-16    9.6517e-17
2402.79590    3.8770e-16    4.8879e-16    9.7114e-17
2407.47607    2.2675e-16    2.7351e-16    9.2353e-17
2412.16528    5.4847e-16    6.9186e-16    1.3632e-16
2416.86377    1.3454e-16    1.3672e-16    1.2828e-16
2421.57129    1.5146e-16    1.3732e-16    1.9212e-16
2426.28809    2.2094e-16    2.3648e-16    1.7630e-16
2431.01392    3.1508e-16    3.1442e-16    3.1697e-16
2435.74902    2.2946e-16    2.4071e-16    1.9710e-16
2440.49365    1.1474e-16    1.1710e-16    1.0796e-16
2445.24707    2.4466e-16    2.5511e-16    2.1461e-16
2450.01001    1.5432e-16    1.3709e-16    2.0385e-16
2454.78223    1.2544e-16    1.2886e-16    1.1562e-16
2459.56348    2.3552e-16    2.4867e-16    1.9771e-16
2464.35425    2.9551e-16    3.3394e-16    1.8504e-16
2469.15430    2.4038e-16    2.5811e-16    1.8941e-16
2473.96387    1.7088e-16    1.7386e-16    1.6231e-16
2478.78271    1.6802e-16    1.8030e-16    1.3272e-16
2483.61084    1.7956e-16    1.9092e-16    1.4688e-16
2488.44849    1.8811e-16    1.8662e-16    1.9242e-16
2493.29541    1.3208e-16    1.5281e-16    7.2497e-17
2498.15186    1.1950e-16    1.3147e-16    8.5078e-17
2503.01782    1.9169e-16    2.0264e-16    1.6020e-16
2507.89307    1.8002e-16    1.7784e-16    1.8631e-16
2512.77808    2.3966e-16    2.5989e-16    1.8150e-16
2517.67236    1.1210e-16    1.1106e-16    1.1510e-16
2522.57642    1.5499e-16    1.4204e-16    1.9221e-16
2527.48975    2.5798e-16    3.0468e-16    1.2374e-16
2532.41309    8.5047e-17    9.7640e-17    4.8849e-17
2537.34570    1.9488e-16    2.1638e-16    1.3309e-16
2542.28760    1.9076e-16    2.0384e-16    1.5317e-16
2547.23975    1.7693e-16    2.0600e-16    9.3352e-17
2552.20117    1.1761e-16    1.1699e-16    1.1940e-16
2557.17236    8.6798e-17    9.4317e-17    6.5184e-17
2562.15332    3.1210e-16    3.8737e-16    9.5737e-17
2567.14404    1.4689e-16    1.5757e-16    1.1618e-16
2572.14404    1.6715e-16    1.6382e-16    1.7673e-16
2577.15430    9.9285e-17    1.0951e-16    6.9887e-17
2582.17383    1.4703e-16    1.5840e-16    1.1436e-16
2587.20361    5.3634e-16    6.8276e-16    1.1546e-16
2592.24292    1.1874e-16    1.4438e-16    4.5055e-17
2597.29199    1.3348e-15    1.7314e-15    1.9466e-16
2602.35107    5.9570e-17    6.0126e-17    5.7972e-17
2607.41992    4.8075e-16    5.7113e-16    2.2098e-16
2612.49854    9.2946e-16    1.1569e-15    2.7571e-16
2617.58740    3.6679e-16    4.6995e-16    7.0278e-17
2622.68604    4.2973e-16    5.4041e-16    1.1162e-16
2627.79443    1.2050e-15    1.5080e-15    3.3415e-16
2632.91284    9.0560e-16    1.1281e-15    2.6601e-16
2638.04126    5.7355e-17    5.0936e-17    7.5806e-17
2643.17969    6.3334e-17    5.3340e-17    9.2062e-17
2648.32812    2.4139e-17    1.8677e-17    3.9840e-17
2653.48633    6.6373e-17    5.3492e-17    1.0340e-16
2658.65479    2.5911e-17    1.9077e-17    4.5555e-17
2663.83350    3.8083e-17    3.9238e-17    3.4762e-17
2669.02197    9.5909e-17    9.2622e-17    1.0536e-16
2674.22070    2.5277e-18    1.7425e-18    4.7846e-18
2679.42969    5.1413e-17    5.0427e-17    5.4246e-17
2684.64868    9.8628e-17    8.2100e-17    1.4613e-16
2689.87793    1.8062e-17    1.3720e-17    3.0543e-17
2695.11719    1.1709e-16    1.2753e-16    8.7096e-17
2700.36670    1.8894e-17    1.3416e-17    3.4640e-17
2705.62646    1.1404e-16    1.0004e-16    1.5426e-16
2710.89648    1.1325e-16    1.2814e-16    7.0451e-17
2716.17676    3.0089e-16    3.6394e-16    1.1966e-16
2721.46729    6.1747e-17    5.2746e-17    8.7619e-17
2726.76831    1.8781e-16    2.4393e-16    2.6472e-17
2732.07959    3.6875e-16    4.6471e-16    9.2928e-17
2737.40112    2.8012e-16    3.5197e-16    7.3580e-17
2742.73291    1.0117e-16    1.2621e-16    2.9184e-17
2748.07520    3.9941e-16    5.2309e-16    4.3912e-17
2753.42798    4.4541e-16    5.3052e-16    2.0077e-16
2758.79102    1.2985e-16    1.5336e-16    6.2272e-17
2764.16479    1.4081e-16    1.6126e-16    8.2032e-17
2769.54883    1.9392e-16    2.2469e-16    1.0549e-16
2774.94336    3.1247e-16    3.6460e-16    1.6264e-16
2780.34863    4.7251e-17    3.9512e-17    6.9494e-17
2785.76416    7.3726e-17    6.1112e-17    1.0998e-16
2791.18994    2.3513e-17    2.2663e-17    2.5959e-17
2796.62695    3.1993e-17    3.5230e-17    2.2689e-17
2802.07422    4.3204e-17    4.7080e-17    3.2062e-17
2807.53198    2.4853e-17    2.1738e-17    3.3807e-17
2813.00049    2.0892e-17    1.5954e-17    3.5085e-17
2818.47949    5.0937e-17    3.7094e-17    9.0726e-17
2823.96948    9.7785e-17    8.5450e-17    1.3324e-16
2829.47021    1.2519e-16    1.3298e-16    1.0280e-16
2834.98145    1.0827e-16    1.0265e-16    1.2444e-16
2840.50342    1.3962e-16    1.1099e-16    2.2190e-16
2846.03613    1.4157e-16    1.0776e-16    2.3876e-16
2851.57959    7.9256e-17    6.3549e-17    1.2440e-16
2857.13379    1.0659e-16    7.9090e-17    1.8564e-16
2862.69922    5.2629e-17    3.9241e-17    9.1112e-17
2868.27490    1.0546e-16    8.6644e-17    1.5955e-16
2873.86182    3.6025e-17    2.8705e-17    5.7066e-17
2879.45947    5.6060e-17    6.1174e-17    4.1362e-17
2885.06836    7.8105e-17    8.1170e-17    6.9294e-17
2890.68774    7.1788e-17    6.8029e-17    8.2593e-17
2896.31860    6.0942e-17    4.6009e-17    1.0386e-16
2901.95972    2.1968e-17    1.6650e-17    3.7255e-17
2907.61230    4.4831e-17    3.7551e-17    6.5755e-17
2913.27563    4.9731e-18    3.4356e-18    9.3924e-18
2918.95020    5.5251e-17    5.0665e-17    6.8434e-17
2924.63574    2.1841e-16    2.7559e-16    5.4051e-17
2930.33228    3.9381e-18    2.7238e-18    7.4283e-18
2936.04004    6.6724e-18    4.6085e-18    1.2605e-17
2941.75903    8.3943e-17    9.5924e-17    4.9506e-17
2947.48877    9.7569e-17    1.0180e-16    8.5419e-17
2953.22998    9.0240e-17    1.1533e-16    1.8122e-17
2958.98242    5.5429e-17    5.0944e-17    6.8322e-17
2964.74585    8.4462e-17    1.0215e-16    3.3627e-17
2970.52075    1.3050e-16    1.4438e-16    9.0614e-17
2976.30664    3.8321e-17    3.6687e-17    4.3016e-17
2982.10376    1.8039e-16    2.2050e-16    6.5104e-17
2987.91187    6.0060e-17    7.4127e-17    1.9629e-17
2993.73218    6.5150e-18    4.4452e-18    1.2464e-17
2999.56348    2.7981e-17    2.6249e-17    3.2958e-17
3005.40601    7.1762e-17    9.3168e-17    1.0237e-17
3011.25977    2.5336e-17    1.7560e-17    4.7687e-17
3017.12500    2.1679e-17    1.5068e-17    4.0681e-17
3023.00195    6.7112e-18    4.5933e-18    1.2799e-17
3028.89014    6.8506e-18    4.7121e-18    1.2997e-17
3034.79004    1.0458e-17    7.1277e-18    2.0032e-17
3040.70117    6.4581e-18    4.4174e-18    1.2324e-17
3046.62402    4.7805e-17    3.6599e-17    8.0014e-17
3052.55811    1.2290e-17    8.3769e-18    2.3536e-17
3058.50391    3.7263e-18    2.5452e-18    7.1214e-18
3064.46143    3.2357e-17    2.4810e-17    5.4049e-17
3070.43018    2.8033e-17    1.9473e-17    5.2635e-17
3076.41064    5.2660e-17    3.7680e-17    9.5717e-17
3082.40332    6.8516e-18    4.7633e-18    1.2854e-17
3088.40698    4.5168e-18    3.0996e-18    8.5907e-18
3094.42261    2.8408e-17    2.3649e-17    4.2086e-17
3100.44971    3.7067e-18    2.5372e-18    7.0682e-18
3106.48901    8.5900e-18    5.8874e-18    1.6358e-17
3112.53979    4.5610e-18    3.1127e-18    8.7239e-18
3118.60229    4.2711e-18    2.9193e-18    8.1566e-18
3124.67676    4.6508e-19    3.1609e-19    8.9334e-19
3130.76318    4.8137e-18    3.3480e-18    9.0268e-18
3136.86133    1.2293e-18    8.3958e-19    2.3496e-18
3142.97119    2.8270e-17    3.1623e-17    1.8631e-17
3149.09302    5.7401e-18    4.0257e-18    1.0668e-17
3155.22681    2.6419e-18    1.8138e-18    5.0223e-18
3161.37256    1.2109e-16    1.3909e-16    6.9344e-17
3167.53027    6.7687e-17    8.1162e-17    2.8956e-17
3173.70020    3.6439e-19    2.4747e-19    7.0045e-19
3179.88184    4.9869e-17    3.8420e-17    8.2779e-17
3186.07568    1.4188e-16    1.6921e-16    6.3339e-17
3192.28149    1.0939e-16    1.3376e-16    3.9329e-17
3198.49951    9.5919e-17    1.2558e-16    1.0667e-17
3204.72949    8.4723e-18    5.8998e-18    1.5867e-17
3210.97168    9.9847e-17    1.2154e-16    3.7506e-17
3217.22607    3.8832e-19    2.6351e-19    7.4709e-19
3223.49268    2.5492e-18    1.7365e-18    4.8854e-18
3229.77148    9.4012e-17    1.0690e-16    5.6976e-17
3236.06226    2.6147e-17    1.9732e-17    4.4586e-17
3242.36572    2.2941e-17    1.7684e-17    3.8053e-17
3248.68115    4.3921e-17    3.3048e-17    7.5173e-17
3255.00879    1.8770e-16    2.1392e-16    1.1231e-16
3261.34912    5.0405e-17    4.0807e-17    7.7992e-17
3267.70093    2.8904e-17    2.2379e-17    4.7660e-17
3274.06616    8.0134e-19    5.4820e-19    1.5290e-18
3280.44336    4.3111e-16    4.9866e-16    2.3693e-16
3286.83301    4.8472e-17    4.0288e-17    7.1995e-17
3293.23535    6.5929e-17    6.3692e-17    7.2360e-17
3299.64990    3.3864e-17    2.9119e-17    4.7501e-17
3306.07690    6.8209e-17    5.6347e-17    1.0230e-16
3312.51660    4.4365e-17    3.6343e-17    6.7424e-17
3318.96875    4.0332e-18    2.7499e-18    7.7217e-18
3325.43359    6.1455e-18    4.2661e-18    1.1548e-17
3331.91064    6.1560e-19    4.1700e-19    1.1864e-18
3338.40063    1.1162e-17    7.7002e-18    2.1113e-17
3344.90332    3.1484e-19    2.1359e-19    6.0587e-19
3351.41846    8.5347e-20    5.7805e-20    1.6451e-19
3357.94629    2.2855e-17    1.6372e-17    4.1491e-17
3364.48682    1.2326e-17    9.2762e-18    2.1093e-17
3371.04004    1.7817e-17    1.2079e-17    3.4309e-17
3377.60645    4.1651e-18    2.8330e-18    7.9941e-18
3384.18481    7.3699e-18    5.0755e-18    1.3965e-17
3390.77686    7.9765e-18    5.4336e-18    1.5286e-17
3397.38159    1.2965e-18    8.8013e-19    2.4935e-18
3403.99902    7.4207e-19    5.0235e-19    1.4311e-18
3410.62915    2.1665e-18    1.4995e-18    4.0835e-18
3417.27271    1.4433e-17    1.0210e-17    2.6572e-17
3423.92847    2.5297e-18    1.7115e-18    4.8814e-18
3430.59766    2.8132e-18    1.9164e-18    5.3911e-18
3437.27979    1.7977e-17    1.2969e-17    3.2371e-17
3443.97534    2.6163e-18    1.7775e-18    5.0274e-18
3450.68359    1.7533e-17    1.2351e-17    3.2426e-17
3457.40479    1.9311e-17    1.3334e-17    3.6492e-17
3464.13916    5.3687e-18    3.7171e-18    1.0116e-17
3470.88647    2.5958e-18    1.7818e-18    4.9356e-18
3477.64697    1.8350e-17    1.3949e-17    3.1003e-17
3484.42090    8.6384e-18    5.9002e-18    1.6509e-17
3491.20776    5.1712e-18    3.5786e-18    9.7487e-18
3498.00781    8.3821e-18    5.8891e-18    1.5548e-17
3504.82129    7.4982e-18    5.1359e-18    1.4288e-17
3511.64771    3.4333e-19    2.3218e-19    6.6283e-19
3518.48804    3.6015e-18    2.4959e-18    6.7793e-18
3525.34131    7.7049e-18    5.2074e-18    1.4884e-17
3532.20776    3.7490e-18    2.5351e-18    7.2384e-18
3539.08813    6.2377e-18    4.2177e-18    1.2044e-17
3545.98145    5.3931e-19    3.6443e-19    1.0420e-18
3552.88818    3.3698e-18    2.3080e-18    6.4217e-18
3559.80884    1.2024e-18    8.1444e-19    2.3176e-18
3566.74292    1.4755e-18    1.0356e-18    2.7397e-18
3573.68994    3.8668e-19    2.7707e-19    7.0174e-19
3580.65112    4.7234e-20    3.1907e-20    9.1290e-20
3587.62500    1.7156e-18    1.3281e-18    2.8294e-18
3594.61304    1.0715e-19    7.2367e-20    2.0712e-19
3601.61499    4.1736e-19    2.8197e-19    8.0654e-19
3608.63013    1.8944e-19    1.2792e-19    3.6629e-19
3615.65894    5.8540e-19    3.9607e-19    1.1296e-18
3622.70166    1.0918e-17    7.4905e-18    2.0771e-17
3629.75806    3.1804e-19    2.2459e-19    5.8662e-19
3636.82837    5.8339e-19    3.9532e-19    1.1240e-18
3643.91138    5.8999e-18    4.1106e-18    1.1043e-17
3651.00928    5.2569e-20    3.5477e-20    1.0170e-19
3658.12085    1.5078e-17    1.1267e-17    2.6033e-17
3665.24609    7.9516e-20    5.3665e-20    1.5382e-19
3672.38525    7.3074e-20    4.9410e-20    1.4109e-19
3679.53857    1.5152e-19    1.0537e-19    2.8417e-19
3686.70557    4.0182e-19    2.9194e-19    7.1767e-19
3693.88647    1.2883e-19    8.7524e-20    2.4757e-19
3701.08154    7.7949e-19    5.3121e-19    1.4931e-18
3708.29053    2.1703e-19    1.4639e-19    4.2006e-19
3715.51343    1.7126e-19    1.1783e-19    3.2483e-19
3722.75049    5.9664e-19    4.0328e-19    1.1524e-18
3730.00171    1.9506e-18    1.3169e-18    3.7723e-18
3737.26709    3.7200e-20    2.5121e-20    7.1918e-20
3744.54639    4.7949e-19    3.2485e-19    9.2398e-19
3751.84009    5.1931e-18    3.5537e-18    9.9051e-18
3759.14795    3.5405e-18    2.3965e-18    6.8290e-18
3766.47021    1.5353e-17    1.1185e-17    2.7331e-17
3773.80664    3.7490e-20    2.6825e-20    6.8144e-20
3781.15723    5.2195e-18    3.6711e-18    9.6701e-18
3788.52197    4.2362e-19    2.8672e-19    8.1712e-19
3795.90137    6.6285e-19    4.5190e-19    1.2692e-18
3803.29492    1.5228e-19    1.0262e-19    2.9503e-19
3810.70312    8.0769e-19    5.4613e-19    1.5595e-18
3818.12549    4.9084e-20    3.2998e-20    9.5320e-20
3825.56250    2.1766e-17    1.6932e-17    3.5661e-17
3833.01416    2.3147e-19    1.6271e-19    4.2909e-19
3840.47998    9.5954e-20    6.1755e-20    1.9425e-19
3847.96045    8.8287e-19    5.9656e-19    1.7058e-18
3855.45557    3.2787e-20    2.2102e-20    6.3502e-20
3862.96533    7.5832e-20    5.1112e-20    1.4689e-19
3870.48950    8.5614e-18    6.0598e-18    1.5752e-17
3878.02832    1.0423e-19    7.1340e-20    1.9877e-19
3885.58203    1.1273e-19    7.6013e-20    2.1828e-19
3893.15039    4.9933e-19    3.3887e-19    9.6057e-19
3900.73340    2.0857e-19    1.4061e-19    4.0392e-19
3908.33154    3.3234e-18    2.2658e-18    6.3634e-18
3915.94409    7.3416e-18    5.1046e-18    1.3772e-17
3923.57153    1.2887e-19    8.6854e-20    2.4964e-19
3931.21387    1.0115e-17    7.1021e-18    1.8775e-17
3938.87109    4.8111e-17    3.6922e-17    8.0270e-17
3946.54346    1.2207e-17    8.6384e-18    2.2466e-17
3954.23047    1.4560e-19    9.8130e-20    2.8204e-19
3961.93262    2.5025e-18    1.6850e-18    4.8524e-18
3969.64941    2.4395e-17    1.7558e-17    4.4046e-17
3977.38159    1.2124e-17    8.9050e-18    2.1375e-17
3985.12866    3.3419e-18    2.2874e-18    6.3729e-18
3992.89111    9.5026e-19    6.4238e-19    1.8352e-18
4000.66846    8.7372e-18    6.1586e-18    1.6149e-17
4008.46094    4.0841e-19    2.7531e-19    7.9100e-19
4016.26880    2.0256e-19    1.3652e-19    3.9238e-19
4024.09155    1.3697e-18    9.2701e-19    2.6421e-18
4031.92969    1.1169e-19    8.0665e-20    2.0086e-19
4039.78320    5.1450e-20    3.4677e-20    9.9664e-20
4047.65186    2.6773e-20    1.8072e-20    5.1784e-20
4055.53589    1.1693e-19    7.8844e-20    2.2642e-19
4063.43506    1.7982e-18    1.2140e-18    3.4773e-18
4071.35010    7.0902e-19    4.7814e-19    1.3726e-18
4079.28027    1.9639e-18    1.3252e-18    3.7998e-18
4087.22607    5.9425e-19    4.0139e-19    1.1486e-18
4095.18701    3.9572e-19    2.6672e-19    7.6652e-19
4103.16357    2.0432e-19    1.3976e-19    3.8986e-19
4111.15576    5.5971e-19    3.7735e-19    1.0839e-18
4119.16357    2.9502e-18    2.0438e-18    5.5554e-18
4127.18652    3.1791e-18    2.2263e-18    5.9180e-18
4135.22559    8.2942e-19    5.6241e-19    1.5969e-18
4143.28027    5.8327e-19    3.9267e-19    1.1311e-18
4151.35059    2.1756e-19    1.4663e-19    4.2144e-19
4159.43652    4.0849e-19    2.7561e-19    7.9044e-19
4167.53857    1.8972e-19    1.2793e-19    3.6733e-19
4175.65625    3.5038e-17    2.7435e-17    5.6891e-17
4183.78906    5.3520e-19    3.6103e-19    1.0358e-18
4191.93848    3.4369e-20    2.3163e-20    6.6579e-20
4200.10352    1.5480e-19    1.0434e-19    2.9982e-19
4208.28418    6.1078e-19    4.1837e-19    1.1639e-18
4216.48145    4.2018e-20    2.8318e-20    8.1397e-20
4224.69434    2.7520e-19    1.8562e-19    5.3268e-19
4232.92334    4.7464e-17    5.0703e-17    3.8155e-17
4241.16846    2.1773e-17    1.4747e-17    4.1966e-17
4249.42920    1.3752e-18    9.5052e-19    2.5958e-18
4257.70605    2.4035e-18    1.6441e-18    4.5863e-18
4265.99902    7.4121e-20    5.1339e-20    1.3960e-19
4274.30859    1.4344e-17    9.8061e-18    2.7388e-17
4282.63428    1.0406e-19    7.0135e-20    2.0159e-19
4290.97607    1.7252e-17    1.1682e-17    3.3263e-17
4299.33398    2.4126e-17    1.8621e-17    3.9948e-17
4307.70801    3.1510e-18    2.1249e-18    6.1004e-18
4316.09863    1.0694e-17    7.3690e-18    2.0250e-17
4324.50586    5.5780e-19    3.7630e-19    1.0795e-18
4332.92920    1.4950e-17    1.1815e-17    2.3961e-17
4341.36914    7.9123e-18    5.8069e-18    1.3964e-17
4349.82520    3.5346e-17    2.9823e-17    5.1220e-17
4358.29785    1.9344e-17    1.3070e-17    3.7375e-17
4366.78662    1.4926e-18    1.0172e-18    2.8592e-18
4375.29199    3.7722e-17    3.5602e-17    4.3818e-17
4383.81445    2.1318e-17    1.5849e-17    3.7039e-17
4392.35352    2.5228e-20    1.7002e-20    4.8873e-20
4400.90869    9.1696e-18    6.7771e-18    1.6047e-17
4409.48047    3.4300e-17    2.9110e-17    4.9218e-17
4418.06934    2.2337e-17    1.6544e-17    3.8987e-17
4426.67480    4.2846e-20    2.8876e-20    8.3001e-20
4435.29736    3.2859e-18    2.2733e-18    6.1964e-18
4443.93652    2.3985e-19    1.6164e-19    4.6465e-19
4452.59277    6.9981e-18    4.7223e-18    1.3540e-17
4461.26562    2.1547e-18    1.4529e-18    4.1717e-18
4469.95508    1.0272e-17    7.3096e-18    1.8789e-17
4478.66162    2.7986e-18    1.8873e-18    5.4181e-18
4487.38477    2.6133e-17    1.9283e-17    4.5823e-17
4496.12549    4.2161e-19    2.8414e-19    8.1676e-19
4504.88281    1.9854e-17    1.5861e-17    3.1331e-17
4513.65771    9.2527e-18    6.5910e-18    1.6903e-17
4522.44922    4.6223e-17    3.7656e-17    7.0847e-17
4531.25830    3.6766e-18    2.5391e-18    6.9463e-18
4540.08447    1.4811e-17    1.1376e-17    2.4684e-17
4548.92773    2.8498e-17    2.5426e-17    3.7327e-17
4557.78809    1.3832e-17    1.0293e-17    2.4006e-17
4566.66602    3.2989e-20    2.2233e-20    6.3906e-20
4575.56055    2.0956e-17    1.7088e-17    3.2074e-17
4584.47314    4.3980e-17    3.9727e-17    5.6204e-17
4593.40283    4.0693e-18    2.8221e-18    7.6543e-18
4602.34961    2.3477e-19    1.5824e-19    4.5475e-19
4611.31445    5.9983e-20    4.0429e-20    1.1619e-19
4620.29590    2.1689e-17    1.7667e-17    3.3252e-17
4629.29590    3.5779e-17    2.9288e-17    5.4436e-17
4638.31250    1.0546e-18    7.1093e-19    2.0426e-18
4647.34668    4.0209e-18    2.8154e-18    7.4858e-18
4656.39941    1.6833e-19    1.1370e-19    3.2535e-19
4665.46875    9.0332e-18    6.4613e-18    1.6426e-17
4674.55664    6.9943e-19    4.7385e-19    1.3478e-18
4683.66113    4.8999e-19    3.3026e-19    9.4909e-19
4692.78418    1.6534e-20    1.1143e-20    3.2029e-20
4701.92480    6.8505e-20    4.6169e-20    1.3271e-19
4711.08301    4.4437e-20    2.9444e-20    8.7534e-20
4720.25977    4.6571e-19    3.1399e-19    9.0181e-19
4729.45361    2.8790e-18    1.9462e-18    5.5601e-18
4738.66602    3.1846e-19    2.1497e-19    6.1591e-19
4747.89551    3.5336e-19    2.3817e-19    6.8444e-19
4757.14355    7.6483e-20    5.1549e-20    1.4815e-19
4766.41016    5.2289e-21    3.5241e-21    1.0129e-20
4775.69385    2.0477e-18    1.3806e-18    3.9652e-18
4784.99609    2.7158e-21    1.8303e-21    5.2610e-21
4794.31641    2.9684e-19    2.0007e-19    5.7499e-19
4803.65430    3.1373e-20    2.1144e-20    6.0776e-20
4813.01074    4.4329e-18    2.9904e-18    8.5792e-18
4822.38574    8.3015e-18    5.6020e-18    1.6061e-17
4831.77930    1.9214e-18    1.2965e-18    3.7173e-18
4841.19043    9.3764e-19    6.3567e-19    1.8056e-18
4850.62012    6.5162e-19    4.3937e-19    1.2617e-18
4860.06836    2.2262e-19    1.5025e-19    4.3066e-19
4869.53467    3.8104e-18    2.5728e-18    7.3677e-18
4879.01953    2.5184e-18    1.6981e-18    4.8761e-18
4888.52295    3.0881e-18    2.0825e-18    5.9784e-18
4898.04492    1.0654e-18    7.1820e-19    2.0635e-18
4907.58545    5.1421e-18    3.4671e-18    9.9565e-18
4917.14453    1.7776e-20    1.1980e-20    3.4435e-20
4926.72168    5.5725e-17    5.7743e-17    4.9924e-17
4936.31836    5.0814e-20    3.4246e-20    9.8436e-20
4945.93311    4.8751e-18    3.2889e-18    9.4346e-18
4955.56689    2.0987e-18    1.4148e-18    4.0645e-18
4965.21973    1.7954e-20    1.2100e-20    3.4781e-20
4974.89062    2.1999e-18    1.4831e-18    4.2603e-18
4984.58105    1.0506e-19    7.0806e-20    2.0352e-19
4994.29004    8.5088e-19    5.7497e-19    1.6439e-18
5004.01758    3.7928e-18    2.5577e-18    7.3429e-18
5013.76465    7.6341e-17    8.0689e-17    6.3843e-17
5023.53027    1.8706e-18    1.2629e-18    3.6173e-18
5033.31543    2.9264e-20    1.9723e-20    5.6687e-20
5043.11914    2.3011e-18    1.5511e-18    4.4570e-18
5052.94238    3.3356e-18    2.2493e-18    6.4579e-18
5062.78418    5.8444e-19    3.9391e-19    1.1321e-18
5072.64551    8.6268e-18    5.8223e-18    1.6688e-17
5082.52637    9.4587e-20    6.3771e-20    1.8316e-19
5092.42578    7.4178e-20    4.9995e-20    1.4369e-19
5102.34473    1.2603e-18    8.5275e-19    2.4317e-18
5112.28320    6.2844e-18    4.2391e-18    1.2163e-17
5122.24121    4.5998e-19    3.1017e-19    8.9058e-19
5132.21777    1.9674e-18    1.3272e-18    3.8076e-18
5142.21484    6.1278e-19    4.1442e-19    1.1829e-18
5152.23047    1.1640e-18    7.8531e-19    2.2524e-18
5162.26660    3.2794e-17    2.2230e-17    6.3158e-17
5172.32129    1.0565e-16    1.1129e-16    8.9437e-17
5182.39648    4.3320e-18    2.9205e-18    8.3891e-18
5192.49023    1.1109e-19    8.1517e-20    1.9609e-19
5202.60449    3.1419e-17    2.4069e-17    5.2546e-17
5212.73779    2.2178e-20    1.4947e-20    4.2963e-20
5222.89160    8.7951e-19    5.9284e-19    1.7035e-18
5233.06445    3.7230e-17    3.0189e-17    5.7468e-17
5243.25781    1.9655e-19    1.3250e-19    3.8065e-19
5253.47021    9.5593e-18    6.6270e-18    1.7988e-17
5263.70312    1.7931e-17    1.2133e-17    3.4596e-17
5273.95557    5.8820e-17    4.9132e-17    8.6666e-17
5284.22852    6.3103e-17    5.3044e-17    9.2017e-17
5294.52100    1.0149e-18    6.8411e-19    1.9657e-18
5304.83398    2.5573e-20    1.7235e-20    4.9539e-20
5315.16650    7.2425e-17    7.0731e-17    7.7295e-17
5325.51953    8.7146e-18    6.1908e-18    1.5969e-17
5335.89258    7.3910e-18    4.9885e-18    1.4297e-17
5346.28564    9.2356e-19    6.2280e-19    1.7880e-18
5356.69922    1.0515e-19    7.0868e-20    2.0370e-19
5367.13281    5.0124e-18    3.5229e-18    9.2936e-18
5377.58691    7.3337e-18    4.9492e-18    1.4188e-17
5388.06152    1.4394e-19    9.7008e-20    2.7883e-19
5398.55664    5.7352e-20    3.8654e-20    1.1110e-19
5409.07178    1.2943e-18    8.7391e-19    2.5027e-18
5419.60742    2.3286e-20    1.5694e-20    4.5108e-20
5430.16406    1.1403e-17    7.9830e-18    2.1234e-17
5440.74121    1.8838e-19    1.2697e-19    3.6489e-19
5451.33887    1.6626e-19    1.1210e-19    3.2191e-19
5461.95703    7.4770e-20    5.0431e-20    1.4473e-19
5472.59570    3.7280e-19    2.5146e-19    7.2157e-19
5483.25488    6.0455e-20    4.0744e-20    1.1711e-19
5493.93555    6.6367e-19    4.4735e-19    1.2854e-18
5504.63672    8.0730e-20    5.4409e-20    1.5639e-19
5515.35840    7.4215e-20    5.0018e-20    1.4377e-19
5526.10156    2.1443e-18    1.4454e-18    4.1530e-18
5536.86523    7.4506e-19    5.0489e-19    1.4354e-18
5547.64941    5.7526e-19    3.8777e-19    1.1142e-18
5558.45557    5.2145e-19    3.5146e-19    1.0101e-18
5569.28271    3.5372e-19    2.3836e-19    6.8531e-19
5580.12988    2.5266e-19    1.7028e-19    4.8944e-19
5590.99902    3.3535e-19    2.2600e-19    6.4967e-19
5601.88965    4.4977e-20    3.0314e-20    8.7123e-20
5612.80078    2.0177e-19    1.3599e-19    3.9086e-19
5623.73340    7.6820e-19    5.1843e-19    1.4861e-18
5634.68750    1.7643e-20    1.1890e-20    3.4177e-20
5645.66211    2.9242e-19    1.9708e-19    5.6646e-19
5656.65918    8.1888e-19    5.5320e-19    1.5825e-18
5667.67676    5.6594e-19    3.8142e-19    1.0963e-18
5678.71680    3.1344e-19    2.1125e-19    6.0717e-19
5689.77734    6.8520e-19    4.6179e-19    1.3274e-18
5700.86035    5.7410e-20    3.8705e-20    1.1118e-19
5711.96484    8.5344e-20    5.7518e-20    1.6533e-19
5723.09033    3.7579e-19    2.5337e-19    7.2768e-19
5734.23779    1.9575e-19    1.3201e-19    3.7897e-19
5745.40723    4.5448e-19    3.0631e-19    8.8039e-19
5756.59766    6.4980e-20    4.3794e-20    1.2588e-19
5767.81104    2.9986e-20    2.0209e-20    5.8089e-20
5779.04492    2.3866e-19    1.6092e-19    4.6213e-19
5790.30176    4.5535e-20    3.0691e-20    8.8203e-20
5801.58008    1.1465e-19    7.7270e-20    2.2210e-19
5812.88037    4.0417e-19    2.7264e-19    7.8225e-19
5824.20264    9.4338e-20    6.3583e-20    1.8274e-19
5835.54688    7.1744e-19    4.8362e-19    1.3895e-18
5846.91357    9.4137e-20    6.3444e-20    1.8236e-19
5858.30225    2.8838e-19    1.9441e-19    5.5848e-19
5869.71289    5.9341e-19    3.9990e-19    1.1496e-18
5881.14600    2.7561e-20    1.8563e-20    5.3426e-20
5892.60156    4.7848e-20    3.6635e-20    8.0078e-20
5904.07910    1.5609e-19    1.0520e-19    3.0237e-19
5915.57910    1.6973e-18    1.1439e-18    3.2880e-18
5927.10156    4.2323e-19    2.8531e-19    8.1966e-19
5938.64648    8.6453e-21    5.8265e-21    1.6748e-20
5950.21387    4.5604e-19    3.0771e-19    8.8239e-19
5961.80371    2.1927e-19    1.4778e-19    4.2477e-19
5973.41602    5.1761e-20    3.4889e-20    1.0026e-19
5985.05127    1.4383e-19    9.6935e-20    2.7861e-19
5996.70850    5.7015e-18    3.8565e-18    1.1005e-17
6008.38867    2.3033e-20    1.5523e-20    4.4619e-20
6020.09229    2.7883e-19    1.8797e-19    5.4002e-19
6031.81836    5.0711e-20    3.4177e-20    9.8237e-20
6043.56738    1.5782e-18    1.0637e-18    3.0569e-18
6055.33887    4.8026e-19    3.2367e-19    9.3035e-19
6067.13428    5.0628e-20    3.4121e-20    9.8076e-20
6078.95117    1.8548e-18    1.2524e-18    3.5864e-18
6090.79150    4.5552e-20    3.0700e-20    8.8243e-20
6102.65527    2.1078e-19    1.4203e-19    4.0839e-19
6114.54199    1.1259e-18    7.5933e-19    2.1796e-18
6126.45215    6.4808e-19    4.3693e-19    1.2550e-18
6138.38525    1.2624e-19    8.5092e-20    2.4453e-19
6150.34131    8.7854e-18    5.9765e-18    1.6859e-17
6162.32178    1.0464e-19    7.0541e-20    2.0264e-19
6174.32422    1.1866e-18    7.9984e-19    2.2983e-18
6186.35059    1.0984e-18    7.4027e-19    2.1278e-18
6198.40088    3.3391e-19    2.2504e-19    6.4684e-19
6210.47314    1.3603e-20    9.1681e-21    2.6352e-20
6222.57031    1.0258e-19    6.9144e-20    1.9869e-19
6234.69043    7.2545e-18    4.9516e-18    1.3874e-17
6246.83496    1.0412e-17    7.2028e-18    1.9637e-17
6259.00195    3.0322e-19    2.0436e-19    5.8738e-19
6271.19385    7.4129e-20    4.9959e-20    1.4360e-19
6283.40869    1.4508e-19    9.7799e-20    2.8096e-19
6295.64795    6.1029e-20    4.1149e-20    1.1817e-19
6307.91016    5.6142e-19    3.7830e-19    1.0878e-18
6320.19678    4.8130e-18    3.2441e-18    9.3224e-18
6332.50781    2.7232e-19    1.8351e-19    5.2757e-19
6344.84180    5.4184e-19    4.0592e-19    9.3250e-19
6357.20020    1.4856e-19    1.0013e-19    2.8779e-19
6369.58252    2.5961e-18    1.8228e-18    4.8189e-18
6381.98926    3.0378e-18    2.0474e-18    5.8847e-18
6394.42041    7.3025e-20    4.9216e-20    1.4146e-19
6406.87549    5.7178e-19    3.8642e-19    1.1046e-18
6419.35449    4.1259e-18    2.8330e-18    7.8421e-18
6431.85840    7.6998e-18    5.2693e-18    1.4686e-17
6444.38672    7.0549e-19    4.7540e-19    1.3669e-18
6456.93896    1.6304e-17    1.1657e-17    2.9664e-17
6469.51514    3.7899e-19    2.5542e-19    7.3416e-19
6482.11719    7.3625e-19    4.9591e-19    1.4271e-18
6494.74268    1.8497e-18    1.2464e-18    3.5838e-18
6507.39355    7.0417e-19    4.7458e-19    1.3641e-18
6520.06836    1.7624e-17    1.2112e-17    3.3466e-17
6532.76855    6.1037e-19    4.1136e-19    1.1824e-18
6545.49316    1.1564e-20    7.7937e-21    2.2402e-20
6558.24268    7.3110e-19    6.7492e-19    8.9260e-19
6571.01611    7.0541e-19    4.7537e-19    1.3666e-18
6583.81543    7.8461e-19    5.2880e-19    1.5199e-18
6596.63965    7.0815e-20    4.7726e-20    1.3718e-19
6609.48828    4.6103e-19    3.1072e-19    8.9308e-19
6622.36230    8.7509e-19    5.8977e-19    1.6952e-18
6635.26172    5.4540e-21    3.6757e-21    1.0565e-20
6648.18506    1.2162e-18    8.1969e-19    2.3560e-18
6661.13525    3.0224e-19    2.0371e-19    5.8545e-19
6674.10986    5.2153e-20    3.4792e-20    1.0206e-19
6687.10938    3.6100e-19    2.4329e-19    6.9932e-19
6700.13428    8.3556e-20    5.6313e-20    1.6186e-19
6713.18506    1.2104e-20    8.1647e-21    2.3427e-20
6726.26123    2.0114e-19    1.3556e-19    3.8963e-19
6739.36279    1.7384e-21    1.1716e-21    3.3677e-21
6752.48926    2.6607e-20    1.7932e-20    5.1542e-20
6765.64258    3.0694e-19    2.0687e-19    5.9460e-19
6778.82031    1.1644e-19    7.8473e-20    2.2556e-19
6792.02441    2.5523e-20    1.7202e-20    4.9443e-20
6805.25439    7.9246e-20    5.3408e-20    1.5351e-19
6818.50928    2.5095e-19    1.6913e-19    4.8613e-19
6831.78955    7.9038e-20    5.3267e-20    1.5311e-19
6845.09717    6.8066e-21    4.5873e-21    1.3186e-20
6858.43018    8.4985e-19    5.7276e-19    1.6463e-18
6871.78906    5.4424e-19    3.6679e-19    1.0543e-18
6885.17432    1.6696e-20    1.1253e-20    3.2342e-20
6898.58447    8.9295e-20    6.0182e-20    1.7298e-19
6912.02246    2.1490e-19    1.4483e-19    4.1631e-19
6925.48486    2.7449e-19    1.8499e-19    5.3173e-19
6938.97412    2.1389e-19    1.4415e-19    4.1434e-19
6952.49023    4.6119e-20    3.1084e-20    8.9336e-20
6966.03271    4.1724e-20    2.8120e-20    8.0828e-20
6979.60059    6.9295e-20    4.6701e-20    1.3424e-19
6993.19629    1.2735e-19    8.5828e-20    2.4670e-19
