1000.97394    3.2689e-17    3.8463e-17    4.8282e-18
1002.92358    1.2812e-17    1.4572e-17    4.3228e-18
1004.87708    1.5903e-17    1.8145e-17    5.0823e-18
1006.83441    1.0577e-17    1.1924e-17    4.0796e-18
1008.79553    1.6424e-17    1.9125e-17    3.3924e-18
1010.76050    6.9069e-19    3.9515e-19    2.1168e-18
1012.72925    5.0059e-18    5.0607e-18    4.7415e-18
1014.70178    1.5465e-17    1.7980e-17    3.3309e-18
1016.67822    1.4854e-17    1.5668e-17    1.0925e-17
1018.65857    1.1329e-17    1.3261e-17    2.0081e-18
1020.64270    1.6541e-17    1.9197e-17    3.7286e-18
1022.63074    1.5030e-17    1.7817e-17    1.5799e-18
1024.62256    6.4661e-18    7.5293e-18    1.3357e-18
1026.61841    6.7629e-18    7.9075e-18    1.2403e-18
1028.61792    1.3146e-17    1.5717e-17    7.3752e-19
1030.62158    1.9954e-17    2.3501e-17    2.8389e-18
1032.62891    3.1750e-17    2.3664e-17    7.0771e-17
1034.64038    2.8130e-17    3.3172e-17    3.8025e-18
1036.65564    1.1434e-17    1.1191e-17    1.2605e-17
1038.67480    1.4772e-17    1.7038e-17    3.8373e-18
1040.69800    2.5151e-17    2.9459e-17    4.3615e-18
1042.72510    2.9014e-17    3.3409e-17    7.8057e-18
1044.75610    2.4689e-17    2.8524e-17    6.1840e-18
1046.79102    1.9306e-17    2.1897e-17    6.8087e-18
1048.83008    5.2878e-18    5.5390e-18    4.0757e-18
1050.87292    3.0212e-17    3.5089e-17    6.6758e-18
1052.91980    2.3326e-17    2.5747e-17    1.1642e-17
1054.97070    5.9691e-17    6.9137e-17    1.4112e-17
1057.02563    3.6324e-17    4.1487e-17    1.1413e-17
1059.08447    4.2206e-17    4.8200e-17    1.3285e-17
1061.14734    9.4460e-17    1.1116e-16    1.3899e-17
1063.21436    1.0692e-16    1.2591e-16    1.5326e-17
1065.28516    3.9260e-17    4.4994e-17    1.1595e-17
1067.36011    7.9260e-17    9.4115e-17    7.5793e-18
1069.43921    5.5369e-17    6.4495e-17    1.1333e-17
1071.52222    7.1988e-17    8.3625e-17    1.5833e-17
1073.60938    1.3072e-16    1.5241e-16    2.6097e-17
1075.70056    1.1423e-16    1.3428e-16    1.7473e-17
1077.79590    8.6908e-17    9.5077e-17    4.7488e-17
1079.89514    2.1765e-17    2.4387e-17    9.1173e-18
1081.99854    3.8752e-17    4.5832e-17    4.5894e-18
1084.10608    6.3282e-17    6.9049e-17    3.5455e-17
1086.21777    2.7593e-17    2.9743e-17    1.7219e-17
1088.33350    7.0231e-17    8.1182e-17    1.7389e-17
1090.45337    9.4600e-17    1.1003e-16    2.0161e-17
1092.57727    6.4104e-17    7.4134e-17    1.5707e-17
1094.70532    7.4063e-17    8.5728e-17    1.7778e-17
1096.83765    8.3045e-17    9.7700e-17    1.2329e-17
1098.97412    8.7213e-17    1.0266e-16    1.2698e-17
1101.11475    7.1020e-17    8.3444e-17    1.1068e-17
1103.25952    4.6098e-17    5.3038e-17    1.2610e-17
1105.40845    6.5109e-17    7.5875e-17    1.3158e-17
1107.56152    9.2630e-17    1.0904e-16    1.3451e-17
1109.71887    8.3790e-17    9.8547e-17    1.2581e-17
1111.88037    1.2214e-16    1.4475e-16    1.3067e-17
1114.04614    2.6145e-16    3.1150e-16    1.9970e-17
1116.21606    7.4745e-17    8.7324e-17    1.4047e-17
1118.39014    2.3788e-17    1.9983e-17    4.2148e-17
1120.56860    3.8922e-17    4.4137e-17    1.3759e-17
1122.75122    4.5076e-17    5.1325e-17    1.4921e-17
1124.93811    7.3533e-17    8.4875e-17    1.8802e-17
1127.12927    1.1999e-16    1.4135e-16    1.6906e-17
1129.32471    8.2991e-17    9.6728e-17    1.6706e-17
1131.52441    8.9784e-17    1.0503e-16    1.6204e-17
1133.72839    1.2221e-16    1.4545e-16    1.0112e-17
1135.93665    6.8008e-17    7.9270e-17    1.3665e-17
1138.14917    4.0656e-17    4.7681e-17    6.7562e-18
1140.36621    7.9786e-17    9.1691e-17    2.2345e-17
1142.58740    1.0914e-16    1.2708e-16    2.2537e-17
1144.81299    3.1155e-16    3.6846e-16    3.6957e-17
1147.04272    2.1503e-16    2.5268e-16    3.3392e-17
1149.27698    2.0133e-16    2.3585e-16    3.4769e-17
1151.51562    1.5800e-16    1.8412e-16    3.1969e-17
1153.75854    1.4590e-16    1.7046e-16    2.7389e-17
1156.00586    8.6326e-17    9.9509e-17    2.2715e-17
1158.25745    1.3388e-16    1.5322e-16    4.0515e-17
1160.51355    1.4302e-16    1.6441e-16    3.9818e-17
1162.77393    1.0800e-16    1.2511e-16    2.5449e-17
1165.03882    1.5315e-16    1.7662e-16    3.9911e-17
1167.30811    1.8492e-16    2.1329e-16    4.8044e-17
1169.58179    1.8046e-16    2.1209e-16    2.7818e-17
1171.85986    1.8611e-16    2.1616e-16    4.1069e-17
1174.14246    1.8041e-16    1.9474e-16    1.1126e-16
1176.42944    9.7791e-17    7.5484e-17    2.0543e-16
1178.72095    8.1679e-17    9.1755e-17    3.3063e-17
1181.01685    1.0281e-16    1.1901e-16    2.4620e-17
1183.31714    1.1503e-16    1.3305e-16    2.8106e-17
1185.62207    1.4789e-16    1.7125e-16    3.5164e-17
1187.93140    2.0172e-16    2.3328e-16    4.9409e-17
1190.24536    1.2677e-16    1.4252e-16    5.0805e-17
1192.56372    1.4748e-16    1.7053e-16    3.6234e-17
1194.88647    8.5591e-17    8.8927e-17    6.9492e-17
1197.21387    3.9138e-16    4.6308e-16    4.5418e-17
1199.54590    4.5190e-16    5.3982e-16    2.7646e-17
1201.88232    1.2062e-16    1.3789e-16    3.7317e-17
1204.22339    3.5759e-17    4.1598e-17    7.5843e-18
1206.56897    6.6654e-17    7.1149e-17    4.4963e-17
1208.91919    2.2315e-16    2.6630e-16    1.4941e-17
1211.27393    2.1386e-16    2.5486e-16    1.6044e-17
1213.63330    1.7759e-16    2.1087e-16    1.7024e-17
1215.99719    6.1890e-16    7.2680e-16    9.8252e-17
1218.36572    1.9046e-16    2.2704e-16    1.3944e-17
1220.73877    3.1796e-16    3.8174e-16    1.0198e-17
1223.11658    7.6337e-17    9.0740e-17    6.8387e-18
1225.49902    9.3856e-17    1.1071e-16    1.2522e-17
1227.88599    1.0691e-16    1.2625e-16    1.3582e-17
1230.27771    7.1849e-17    8.4183e-17    1.2334e-17
1232.67407    1.6167e-16    1.8925e-16    2.8585e-17
1235.07507    1.3001e-16    1.5195e-16    2.4106e-17
1237.48071    1.0771e-16    1.2537e-16    2.2507e-17
1239.89111    6.4659e-17    6.6773e-17    5.4458e-17
1242.30615    1.2521e-16    1.2940e-16    1.0499e-16
1244.72595    1.0040e-16    1.1667e-16    2.1919e-17
1247.15039    7.2839e-17    8.2371e-17    2.6844e-17
1249.57959    7.8312e-17    9.0411e-17    1.9928e-17
1252.01355    8.6491e-17    9.9594e-17    2.3265e-17
1254.45215    1.0789e-16    1.2337e-16    3.3218e-17
1256.89563    1.2270e-16    1.3918e-16    4.3174e-17
1259.34375    1.6493e-16    1.9070e-16    4.0599e-17
1261.79675    1.4591e-16    1.6655e-16    4.6323e-17
1264.25452    1.7937e-16    2.0562e-16    5.2667e-17
1266.71704    5.4818e-16    6.5194e-16    4.7505e-17
1269.18433    9.8689e-17    1.1372e-16    2.6163e-17
1271.65649    1.8224e-16    2.1157e-16    4.0728e-17
1274.13342    1.1630e-16    1.3318e-16    3.4861e-17
1276.61523    1.7670e-16    2.0607e-16    3.4970e-17
1279.10181    1.1557e-16    1.2745e-16    5.8221e-17
1281.59326    9.8374e-17    1.0856e-16    4.9206e-17
1284.08960    1.0693e-16    1.1687e-16    5.8941e-17
1286.59070    9.7382e-17    1.0558e-16    5.7825e-17
1289.09668    2.1343e-16    2.4111e-16    7.9826e-17
1291.60767    1.4424e-16    1.6014e-16    6.7491e-17
1294.12341    7.6515e-17    7.4992e-17    8.3866e-17
1296.64404    2.0810e-16    2.3883e-16    5.9779e-17
1299.16968    2.0144e-16    2.2227e-16    1.0090e-16
1301.70020    1.3378e-16    1.3690e-16    1.1874e-16
1304.23572    1.0652e-16    1.0854e-16    9.6744e-17
1306.77612    1.3446e-16    1.4231e-16    9.6582e-17
1309.32141    6.8359e-17    7.2899e-17    4.6455e-17
1311.87183    7.5466e-17    8.0986e-17    4.8827e-17
1314.42700    9.7731e-17    1.0796e-16    4.8350e-17
1316.98730    1.1538e-16    1.2200e-16    8.3468e-17
1319.55249    1.4194e-16    1.5627e-16    7.2840e-17
1322.12280    1.1572e-16    1.2596e-16    6.6282e-17
1324.69800    1.1084e-16    1.1374e-16    9.6804e-17
1327.27820    1.0769e-16    1.1566e-16    6.9250e-17
1329.86353    8.2899e-17    8.3519e-17    7.9910e-17
1332.45386    9.3041e-17    9.0846e-17    1.0363e-16
1335.04919    4.8919e-17    3.7606e-17    1.0351e-16
1337.64966    6.5496e-17    6.8865e-17    4.9240e-17
1340.25513    1.2126e-16    1.2315e-16    1.1214e-16
1342.86560    5.2627e-17    5.2302e-17    5.4196e-17
1345.48120    9.3295e-17    8.5465e-17    1.3108e-16
1348.10205    3.4338e-17    3.3605e-17    3.7874e-17
1350.72778    1.0092e-16    9.9709e-17    1.0675e-16
1353.35876    9.5176e-17    9.3958e-17    1.0105e-16
1355.99487    9.0476e-17    9.3021e-17    7.8194e-17
1358.63611    7.4666e-17    7.8393e-17    5.6684e-17
1361.28247    1.4454e-16    1.5642e-16    8.7246e-17
1363.93396    1.8099e-16    2.0768e-16    5.2226e-17
1366.59058    1.2177e-16    1.3622e-16    5.2057e-17
1369.25244    1.0607e-16    1.1578e-16    5.9204e-17
1371.91956    1.1180e-16    1.2314e-16    5.7056e-17
1374.59180    1.6523e-16    1.8069e-16    9.0604e-17
1377.26929    1.4876e-16    1.6446e-16    7.2999e-17
1379.95190    1.3538e-16    1.4655e-16    8.1499e-17
1382.63965    1.4505e-16    1.5528e-16    9.5677e-17
1385.33276    9.3037e-17    9.2836e-17    9.4006e-17
1388.03125    1.0489e-16    1.0768e-16    9.1397e-17
1390.73486    6.1189e-17    6.0468e-17    6.4670e-17
1393.44360    7.3737e-17    5.4554e-17    1.6630e-16
1396.15784    1.0275e-16    1.0343e-16    9.9475e-17
1398.87720    2.0125e-16    2.2144e-16    1.0382e-16
1401.60205    9.3208e-17    9.4015e-17    8.9316e-17
1404.33203    7.9705e-17    8.2543e-17    6.6008e-17
1407.06738    7.9981e-17    7.9248e-17    8.3518e-17
1409.80811    9.5214e-17    1.0310e-16    5.7175e-17
1412.55420    9.9530e-17    1.0534e-16    7.1476e-17
1415.30554    1.4826e-16    1.6414e-16    7.1645e-17
1418.06213    1.4408e-16    1.5345e-16    9.8907e-17
1420.82446    8.8868e-17    9.0784e-17    7.9619e-17
1423.59180    8.9780e-17    9.3965e-17    6.9587e-17
1426.36475    4.6384e-17    4.5877e-17    4.8832e-17
1429.14307    7.9701e-17    7.8767e-17    8.4206e-17
1431.92676    1.2196e-16    1.3419e-16    6.2956e-17
1434.71582    9.2480e-17    9.4252e-17    8.3931e-17
1437.51038    1.1970e-16    1.3338e-16    5.3707e-17
1440.31030    1.1682e-16    1.2849e-16    6.0481e-17
1443.11572    1.1619e-16    1.1845e-16    1.0526e-16
1445.92676    5.7842e-17    5.6635e-17    6.3668e-17
1448.74316    7.5891e-17    7.5960e-17    7.5556e-17
1451.56494    7.3638e-17    7.7656e-17    5.4252e-17
1454.39233    6.6769e-17    7.0165e-17    5.0384e-17
1457.22522    8.1458e-17    8.1725e-17    8.0169e-17
1460.06360    4.9259e-17    4.9209e-17    4.9499e-17
1462.90747    8.8509e-17    9.2492e-17    6.9291e-17
1465.75696    4.5235e-17    4.5858e-17    4.2229e-17
1468.61206    6.7078e-17    6.7412e-17    6.5470e-17
1471.47253    8.5533e-17    8.5758e-17    8.4447e-17
1474.33862    1.2245e-16    1.2793e-16    9.6007e-17
1477.21045    1.3089e-16    1.3265e-16    1.2241e-16
1480.08777    6.7814e-17    7.3481e-17    4.0469e-17
1482.97058    1.1449e-16    1.1571e-16    1.0861e-16
1485.85913    1.0509e-16    1.0187e-16    1.2061e-16
1488.75342    1.2104e-16    1.1778e-16    1.3680e-16
1491.65332    1.1952e-16    1.2604e-16    8.8047e-17
1494.55859    1.1466e-16    1.1429e-16    1.1643e-16
1497.46985    4.8320e-17    4.5433e-17    6.2246e-17
1500.38647    4.7514e-17    4.8456e-17    4.2971e-17
1503.30896    7.5832e-17    7.5414e-17    7.7848e-17
1506.23706    1.0230e-16    1.0788e-16    7.5388e-17
1509.17090    7.9301e-17    8.1966e-17    6.6443e-17
1512.11060    9.1075e-17    9.2472e-17    8.4332e-17
1515.05591    5.9510e-17    6.3851e-17    3.8563e-17
1518.00684    1.6481e-17    1.6022e-17    1.8691e-17
1520.96362    7.4756e-17    7.1242e-17    9.1714e-17
1523.92627    8.4948e-17    8.8796e-17    6.6381e-17
1526.89453    8.9144e-17    8.8774e-17    9.0930e-17
1529.86865    2.2466e-17    1.8726e-17    4.0510e-17
1532.84839    4.6211e-17    4.4197e-17    5.5926e-17
1535.83411    2.6273e-17    2.5206e-17    3.1423e-17
1538.82568    3.6968e-17    3.2433e-17    5.8850e-17
1541.82300    3.0685e-17    2.7555e-17    4.5787e-17
1544.82617    2.8269e-17    2.6522e-17    3.6696e-17
1547.83521    4.7238e-17    2.9542e-17    1.3263e-16
1550.85010    9.5623e-17    7.5563e-17    1.9242e-16
1553.87085    5.0012e-17    4.5464e-17    7.1954e-17
1556.89746    7.5561e-17    7.6054e-17    7.3183e-17
1559.92993    5.6871e-17    6.4683e-17    1.9179e-17
1562.96863    6.5375e-17    6.8016e-17    5.2632e-17
1566.01282    4.2447e-17    4.2778e-17    4.0849e-17
1569.06311    7.7966e-17    8.8387e-17    2.7681e-17
1572.11938    1.2246e-16    1.1514e-16    1.5777e-16
1575.18152    1.0398e-16    1.0786e-16    8.5284e-17
1578.24963    1.3269e-16    1.3764e-16    1.0878e-16
1581.32373    1.2012e-16    1.0620e-16    1.8727e-16
1584.40381    5.9370e-17    6.2394e-17    4.4778e-17
1587.48999    7.4264e-17    8.0404e-17    4.4634e-17
1590.58215    3.3792e-17    2.9987e-17    5.2151e-17
1593.68018    8.7342e-17    7.4121e-17    1.5114e-16
1596.78442    5.1943e-17    3.9192e-17    1.1347e-16
1599.89465    5.8584e-17    5.7995e-17    6.1427e-17
1603.01086    5.2220e-17    5.3873e-17    4.4247e-17
1606.13330    8.3854e-17    8.1523e-17    9.5100e-17
1609.26172    4.6941e-17    5.0170e-17    3.1356e-17
1612.39636    7.5670e-17    7.5768e-17    7.5198e-17
1615.53674    1.0285e-17    9.3847e-18    1.4627e-17
1618.68347    5.7578e-17    5.9418e-17    4.8700e-17
1621.83630    8.2450e-17    8.6544e-17    6.2695e-17
1624.99548    8.1267e-17    9.0030e-17    3.8985e-17
1628.16064    1.2132e-16    1.3748e-16    4.3322e-17
1631.33203    6.7788e-17    7.5168e-17    3.2177e-17
1634.50952    8.7843e-17    9.9005e-17    3.3982e-17
1637.69312    6.2200e-17    6.9262e-17    2.8123e-17
1640.88306    1.3893e-16    1.5383e-16    6.7016e-17
1644.07922    6.9644e-17    7.3959e-17    4.8819e-17
1647.28162    7.5264e-17    8.3338e-17    3.6302e-17
1650.49023    5.9353e-17    6.7120e-17    2.1875e-17
1653.70496    9.7997e-17    1.1121e-16    3.4238e-17
1656.92603    1.0778e-16    1.1410e-16    7.7299e-17
1660.15369    4.6860e-17    5.2971e-17    1.7374e-17
1663.38721    4.1078e-17    4.5030e-17    2.2005e-17
1666.62720    2.6065e-17    2.4926e-17    3.1564e-17
1669.87317    2.3825e-17    2.4942e-17    1.8434e-17
1673.12585    4.1003e-17    4.7016e-17    1.1988e-17
1676.38489    6.2462e-17    6.7215e-17    3.9528e-17
1679.65027    4.8553e-17    5.3423e-17    2.5050e-17
1682.92188    5.7745e-17    5.4924e-17    7.1358e-17
1686.19958    4.9379e-17    4.9722e-17    4.7724e-17
1689.48413    7.6065e-17    8.0856e-17    5.2950e-17
1692.77502    5.3267e-17    5.9755e-17    2.1960e-17
1696.07227    4.2545e-17    4.3891e-17    3.6052e-17
1699.37573    3.6945e-17    4.0381e-17    2.0363e-17
1702.68567    8.2255e-17    7.7363e-17    1.0586e-16
1706.00232    4.4767e-17    4.9035e-17    2.4172e-17
1709.32544    1.1866e-16    1.1749e-16    1.2431e-16
1712.65491    5.2789e-17    5.2622e-17    5.3597e-17
1715.99060    1.1420e-16    1.2165e-16    7.8208e-17
1719.33301    8.7367e-17    9.9140e-17    3.0558e-17
1722.68188    1.1455e-16    1.1301e-16    1.2201e-16
1726.03735    9.4698e-17    1.0293e-16    5.4982e-17
1729.39941    2.7676e-17    2.8368e-17    2.4334e-17
1732.76807    5.5438e-17    5.8184e-17    4.2188e-17
1736.14307    3.1438e-17    3.1944e-17    2.8998e-17
1739.52466    2.7843e-17    2.1728e-17    5.7350e-17
1742.91296    3.9279e-17    4.1090e-17    3.0538e-17
1746.30786    5.2146e-17    5.3213e-17    4.6994e-17
1749.70935    5.8098e-17    6.0642e-17    4.5824e-17
1753.11755    6.5175e-18    4.6186e-18    1.5680e-17
1756.53223    2.4031e-17    1.9202e-17    4.7334e-17
1759.95325    5.5165e-17    5.6212e-17    5.0115e-17
1763.38147    4.3922e-17    4.2618e-17    5.0215e-17
1766.81628    2.7890e-17    2.7768e-17    2.8479e-17
1770.25745    2.9542e-17    2.9965e-17    2.7501e-17
1773.70581    9.7181e-17    7.8516e-17    1.8724e-16
1777.16064    4.4383e-17    4.7186e-17    3.0857e-17
1780.62207    3.7375e-17    3.8397e-17    3.2442e-17
1784.09045    8.3028e-17    9.0179e-17    4.8520e-17
1787.56555    1.5175e-16    1.6953e-16    6.5981e-17
1791.04749    3.6401e-17    3.5084e-17    4.2755e-17
1794.53601    9.4747e-17    8.9191e-17    1.2156e-16
1798.03137    7.7059e-17    8.5138e-17    3.8076e-17
1801.53357    1.6303e-17    1.0793e-17    4.2891e-17
1805.04248    8.5049e-17    7.7480e-17    1.2157e-16
1808.55847    6.0643e-17    5.6322e-17    8.1492e-17
1812.08130    4.9211e-17    3.3983e-17    1.2269e-16
1815.61096    4.7020e-17    4.7351e-17    4.5423e-17
1819.14722    3.0043e-17    2.9946e-17    3.0507e-17
1822.69067    5.4408e-17    6.1538e-17    2.0004e-17
1826.24084    6.0612e-17    6.7458e-17    2.7577e-17
1829.79797    6.6740e-17    7.1424e-17    4.4135e-17
1833.36206    6.4195e-17    6.3319e-17    6.8422e-17
1836.93311    3.5192e-17    3.8659e-17    1.8462e-17
1840.51111    6.5288e-17    6.3861e-17    7.2173e-17
1844.09607    5.2554e-17    4.7612e-17    7.6396e-17
1847.68799    4.9007e-17    5.5545e-17    1.7462e-17
1851.28687    5.7263e-17    5.6033e-17    6.3200e-17
1854.89282    2.1339e-17    1.5570e-17    4.9172e-17
1858.50586    3.5042e-17    3.5624e-17    3.2238e-17
1862.12585    4.6034e-17    3.3682e-17    1.0564e-16
1865.75293    3.5678e-17    3.7434e-17    2.7206e-17
1869.38696    5.1256e-17    5.2079e-17    4.7288e-17
1873.02820    2.0099e-17    2.0122e-17    1.9991e-17
1876.67651    6.8479e-17    7.3866e-17    4.2489e-17
1880.33191    5.4997e-17    5.6437e-17    4.8048e-17
1883.99438    7.8668e-17    5.9045e-17    1.7336e-16
1887.66406    4.6871e-17    4.4540e-17    5.8119e-17
1891.34082    2.4532e-17    2.3550e-17    2.9271e-17
1895.02490    2.3186e-17    2.0926e-17    3.4092e-17
1898.71606    6.7046e-17    6.7264e-17    6.5994e-17
1902.41431    6.4994e-17    6.3471e-17    7.2343e-17
1906.11987    4.5139e-17    4.4627e-17    4.7612e-17
1909.83252    4.5146e-17    4.6840e-17    3.6971e-17
1913.55261    4.5779e-17    4.4672e-17    5.1122e-17
1917.27979    6.1192e-17    5.9850e-17    6.7670e-17
1921.01428    4.7931e-17    3.6226e-17    1.0441e-16
1924.75610    3.5612e-17    2.7688e-17    7.3849e-17
1928.50513    7.7570e-17    7.8108e-17    7.4975e-17
1932.26147    4.3453e-17    3.9563e-17    6.2220e-17
1936.02515    4.3846e-17    4.7847e-17    2.4537e-17
1939.79614    4.2858e-17    3.7648e-17    6.7998e-17
1943.57446    6.0167e-17    5.7090e-17    7.5010e-17
1947.36011    9.9125e-17    9.4888e-17    1.1957e-16
1951.15332    3.0083e-17    3.0367e-17    2.8710e-17
1954.95374    4.5746e-17    4.6210e-17    4.3512e-17
1958.76160    6.9852e-17    5.4378e-17    1.4452e-16
1962.57690    8.0765e-17    7.1271e-17    1.2658e-16
1966.39966    1.1378e-16    1.0760e-16    1.4362e-16
1970.22974    8.2109e-17    8.1596e-17    8.4588e-17
1974.06738    1.3705e-16    1.3171e-16    1.6279e-16
1977.91248    5.0570e-17    4.1663e-17    9.3548e-17
1981.76514    2.0294e-17    1.8741e-17    2.7788e-17
1985.62524    5.7330e-17    5.3489e-17    7.5865e-17
1989.49280    4.2513e-17    4.0626e-17    5.1619e-17
1993.36792    4.1498e-17    3.4946e-17    7.3114e-17
1997.25061    3.2333e-17    2.7239e-17    5.6914e-17
2001.14087    7.3619e-17    7.9143e-17    4.6966e-17
2005.03870    5.1706e-17    5.5540e-17    3.3205e-17
2008.94409    9.4881e-17    1.0062e-16    6.7206e-17
2012.85718    7.6531e-17    7.5460e-17    8.1699e-17
2016.77783    8.3867e-17    8.0998e-17    9.7710e-17
2020.70605    3.9594e-17    4.0708e-17    3.4214e-17
2024.64209    4.9216e-17    4.1572e-17    8.6098e-17
2028.58569    9.3830e-17    8.8145e-17    1.2126e-16
2032.53687    8.4358e-17    8.7723e-17    6.8120e-17
2036.49585    3.1498e-17    3.2806e-17    2.5186e-17
2040.46265    4.2346e-17    4.4450e-17    3.2194e-17
2044.43701    4.4897e-17    4.5775e-17    4.0656e-17
2048.41919    2.9136e-17    2.4523e-17    5.1395e-17
2052.40918    3.2914e-17    3.4484e-17    2.5338e-17
2056.40674    6.2191e-17    6.6473e-17    4.1530e-17
2060.41211    2.4122e-17    1.9551e-17    4.6177e-17
2064.42554    8.0035e-17    8.5210e-17    5.5069e-17
2068.44678    7.3279e-17    6.1173e-17    1.3169e-16
2072.47559    7.7696e-17    6.9994e-17    1.1486e-16
2076.51221    7.4422e-17    5.7059e-17    1.5820e-16
2080.55713    4.4080e-17    3.8852e-17    6.9307e-17
2084.60938    2.7937e-17    2.4297e-17    4.5503e-17
2088.66992    2.8700e-17    3.0905e-17    1.8062e-17
2092.73828    3.6729e-17    3.4573e-17    4.7134e-17
2096.81445    3.7360e-17    3.6383e-17    4.2076e-17
2100.89868    6.6876e-17    6.4221e-17    7.9691e-17
2104.99072    4.7500e-17    4.2036e-17    7.3865e-17
2109.09082    1.2213e-16    1.3583e-16    5.6003e-17
2113.19922    2.9330e-17    2.8475e-17    3.3458e-17
2117.31519    1.6303e-16    1.3450e-16    3.0067e-16
2121.43945    1.4635e-17    1.4564e-17    1.4973e-17
2125.57129    3.5741e-17    2.7788e-17    7.4114e-17
2129.71143    7.2989e-17    7.5840e-17    5.9228e-17
2133.85986    4.4389e-17    4.0663e-17    6.2369e-17
2138.01611    6.7199e-17    7.3028e-17    3.9071e-17
2142.18066    5.9035e-17    5.6788e-17    6.9878e-17
2146.35303    3.6251e-17    3.6888e-17    3.3176e-17
2150.53369    5.9543e-17    6.4680e-17    3.4756e-17
2154.72266    3.1663e-17    2.7920e-17    4.9726e-17
2158.91968    4.7695e-17    4.6339e-17    5.4238e-17
2163.12500    6.2662e-17    6.6683e-17    4.3255e-17
2167.33813    7.9230e-17    8.3364e-17    5.9283e-17
2171.55957    3.0899e-17    2.5878e-17    5.5128e-17
2175.78955    8.0188e-17    8.2715e-17    6.7995e-17
2180.02759    2.4325e-17    2.5445e-17    1.8922e-17
2184.27393    5.5933e-17    5.1574e-17    7.6968e-17
2188.52832    6.3596e-17    6.1376e-17    7.4307e-17
2192.79102    2.4505e-17    2.3653e-17    2.8618e-17
2197.06226    2.4633e-17    2.0054e-17    4.6728e-17
2201.34180    4.0646e-17    3.7119e-17    5.7661e-17
2205.62939    4.6375e-17    4.4724e-17    5.4342e-17
2209.92554    6.4449e-17    6.4494e-17    6.4233e-17
2214.22998    9.0337e-17    9.3254e-17    7.6266e-17
2218.54297    6.6778e-17    6.7010e-17    6.5659e-17
2222.86426    8.5705e-17    8.9696e-17    6.6446e-17
2227.19409    7.2374e-17    7.0492e-17    8.1454e-17
2231.53223    7.1445e-17    6.6412e-17    9.5731e-17
2235.87891    6.3788e-17    6.0794e-17    7.8232e-17
2240.23389    1.0375e-16    1.0500e-16    9.7729e-17
2244.59717    8.9262e-17    9.0565e-17    8.2973e-17
2248.96924    9.8677e-17    1.0685e-16    5.9222e-17
2253.34985    9.4816e-17    1.0355e-16    5.2653e-17
2257.73901    8.6299e-17    9.0946e-17    6.3875e-17
2262.13672    9.1778e-17    9.7682e-17    6.3290e-17
2266.54297    1.1340e-16    1.2597e-16    5.2766e-17
2270.95752    1.0917e-16    1.1183e-16    9.6312e-17
2275.38086    1.2167e-16    1.1967e-16    1.3128e-16
2279.81299    8.2329e-17    7.0353e-17    1.4012e-16
2284.25366    7.5695e-17    8.0141e-17    5.4241e-17
2288.70288    5.0863e-17    4.7327e-17    6.7921e-17
2293.16089    9.2748e-17    9.9514e-17    6.0099e-17
2297.62744    6.2235e-17    5.5407e-17    9.5183e-17
2302.10303    5.2454e-17    5.4934e-17    4.0484e-17
2306.58691    1.3468e-16    1.1496e-16    2.2982e-16
2311.07959    1.2046e-16    1.1882e-16    1.2839e-16
2315.58105    7.7245e-17    7.5554e-17    8.5404e-17
2320.09155    8.0039e-17    8.6275e-17    4.9948e-17
2324.61060    8.8642e-17    8.7969e-17    9.1894e-17
2329.13843    1.5327e-16    1.7218e-16    6.2060e-17
2333.67529    4.2113e-17    4.3544e-17    3.5210e-17
2338.22070    1.0770e-16    1.1550e-16    7.0059e-17
2342.77490    1.0212e-16    1.1259e-16    5.1593e-17
2347.33838    1.2762e-16    1.3408e-16    9.6449e-17
2351.91064    9.9526e-17    9.5568e-17    1.1862e-16
2356.49170    1.1963e-16    1.2311e-16    1.0289e-16
2361.08154    1.5488e-16    1.6528e-16    1.0473e-16
2365.68066    1.8283e-16    1.9259e-16    1.3577e-16
2370.28833    1.0027e-16    1.0240e-16    8.9960e-17
2374.90527    1.2097e-16    1.2700e-16    9.1855e-17
2379.53101    9.8055e-17    1.0315e-16    7.3478e-17
2384.16602    1.5347e-16    1.6952e-16    7.6015e-17
2388.80981    1.3216e-16    1.3193e-16    1.3328e-16
2393.46289    1.4858e-16    1.5083e-16    1.3771e-16
2398.12476    1.2354e-16    1.2844e-16    9.9922e-17
2402.79590    1.5113e-16    1.5158e-16    1.4896e-16
2407.47607    1.1474e-16    1.1202e-16    1.2785e-16
2412.16528    1.7438e-16    1.7805e-16    1.5667e-16
2416.86377    1.2469e-16    1.3192e-16    8.9784e-17
2421.57129    1.0291e-16    1.0814e-16    7.7639e-17
2426.28809    1.7455e-16    1.8772e-16    1.1103e-16
2431.01392    2.2548e-16    2.3287e-16    1.8979e-16
2435.74902    1.9905e-16    2.0548e-16    1.6801e-16
2440.49365    7.9554e-17    7.7821e-17    8.7914e-17
2445.24707    1.5369e-16    1.6007e-16    1.2288e-16
2450.01001    1.2322e-16    1.2411e-16    1.1890e-16
2454.78223    1.4123e-16    1.4408e-16    1.2749e-16
2459.56348    1.5813e-16    1.6409e-16    1.2937e-16
2464.35425    1.6797e-16    1.7808e-16    1.1919e-16
2469.15430    1.7211e-16    1.8098e-16    1.2928e-16
2473.96387    1.6693e-16    1.7828e-16    1.1217e-16
2478.78271    1.4024e-16    1.5114e-16    8.7627e-17
2483.61084    1.3061e-16    1.3548e-16    1.0709e-16
2488.44849    1.4651e-16    1.5101e-16    1.2481e-16
2493.29541    8.3364e-17    8.5795e-17    7.1634e-17
2498.15186    1.0373e-16    1.0805e-16    8.2884e-17
2503.01782    1.2861e-16    1.3083e-16    1.1794e-16
2507.89307    1.6641e-16    1.7285e-16    1.3533e-16
2512.77808    1.5814e-16    1.6608e-16    1.1984e-16
2517.67236    1.3162e-16    1.2670e-16    1.5537e-16
2522.57642    1.2178e-16    1.2161e-16    1.2262e-16
2527.48975    1.9043e-16    2.0238e-16    1.3275e-16
2532.41309    5.5984e-17    5.9335e-17    3.9815e-17
2537.34570    1.8139e-16    1.9499e-16    1.1573e-16
2542.28760    1.2668e-16    1.3281e-16    9.7056e-17
2547.23975    1.4126e-16    1.5435e-16    7.8095e-17
2552.20117    1.2543e-16    1.2272e-16    1.3849e-16
2557.17236    1.0284e-16    1.1114e-16    6.2783e-17
2562.15332    1.5324e-16    1.6804e-16    8.1808e-17
2567.14404    1.0931e-16    1.1116e-16    1.0041e-16
2572.14404    1.0177e-16    1.0223e-16    9.9534e-17
2577.15430    7.5651e-17    7.8522e-17    6.1796e-17
2582.17383    9.5551e-17    9.9768e-17    7.5201e-17
2587.20361    1.1109e-16    1.1771e-16    7.9151e-17
2592.24292    8.4722e-17    9.4218e-17    3.8902e-17
2597.29199    1.4211e-16    1.4869e-16    1.1032e-16
2602.35107    5.2909e-17    5.3521e-17    4.9957e-17
2607.41992    1.5858e-16    1.6040e-16    1.4980e-16
2612.49854    1.6770e-16    1.7472e-16    1.3384e-16
2617.58740    5.5958e-17    5.8230e-17    4.4991e-17
2622.68604    1.2484e-16    1.3273e-16    8.6734e-17
2627.79443    1.6570e-16    1.7066e-16    1.4176e-16
2632.91284    1.3326e-16    1.3049e-16    1.4665e-16
2638.04126    5.5174e-17    4.9906e-17    8.0594e-17
2643.17969    8.3762e-17    7.3119e-17    1.3512e-16
2648.32812    4.6127e-17    3.5153e-17    9.9082e-17
2653.48633    6.5714e-17    5.9671e-17    9.4872e-17
2658.65479    3.5237e-17    3.0247e-17    5.9311e-17
2663.83350    3.8303e-17    3.5158e-17    5.3480e-17
2669.02197    7.1781e-17    6.9515e-17    8.2716e-17
2674.22070    1.1623e-17    7.5511e-18    3.1269e-17
2679.42969    5.1618e-17    4.6736e-17    7.5177e-17
2684.64868    8.6150e-17    8.1761e-17    1.0733e-16
2689.87793    2.1045e-17    1.9629e-17    2.7875e-17
2695.11719    9.7880e-17    9.7495e-17    9.9739e-17
2700.36670    2.9351e-17    2.4461e-17    5.2945e-17
2705.62646    6.9369e-17    7.2002e-17    5.6662e-17
2710.89648    9.1693e-17    9.5953e-17    7.1137e-17
2716.17676    1.2183e-16    1.1943e-16    1.3341e-16
2721.46729    6.4518e-17    5.6076e-17    1.0525e-16
2726.76831    8.7847e-17    9.3218e-17    6.1934e-17
2732.07959    7.9047e-17    7.5477e-17    9.6274e-17
2737.40112    1.0175e-16    1.0013e-16    1.0956e-16
2742.73291    6.1441e-17    5.7733e-17    7.9333e-17
2748.07520    1.7114e-16    1.7627e-16    1.4639e-16
2753.42798    1.8034e-16    1.7375e-16    2.1213e-16
2758.79102    4.1901e-17    3.9603e-17    5.2993e-17
2764.16479    8.2794e-17    8.4942e-17    7.2434e-17
2769.54883    1.2534e-16    1.2346e-16    1.3444e-16
2774.94336    1.1008e-16    1.0939e-16    1.1340e-16
2780.34863    5.8009e-17    5.3953e-17    7.7581e-17
2785.76416    9.6379e-17    8.9023e-17    1.3187e-16
2791.18994    5.4467e-17    5.0095e-17    7.5565e-17
2796.62695    4.7813e-17    4.9812e-17    3.8168e-17
2802.07422    4.5692e-17    4.6882e-17    3.9952e-17
2807.53198    5.1712e-17    4.3969e-17    8.9071e-17
2813.00049    3.3383e-17    2.8247e-17    5.8166e-17
2818.47949    5.8703e-17    5.0960e-17    9.6069e-17
2823.96948    8.3406e-17    8.4215e-17    7.9504e-17
2829.47021    7.6171e-17    7.8660e-17    6.4156e-17
2834.98145    9.6443e-17    8.9667e-17    1.2914e-16
2840.50342    1.3053e-16    1.2296e-16    1.6705e-16
2846.03613    1.2714e-16    1.2061e-16    1.5867e-16
2851.57959    7.6606e-17    7.1624e-17    1.0064e-16
2857.13379    1.1759e-16    1.0914e-16    1.5838e-16
2862.69922    6.7429e-17    5.9060e-17    1.0781e-16
2868.27490    1.0319e-16    1.0067e-16    1.1534e-16
2873.86182    3.9358e-17    3.6740e-17    5.1989e-17
2879.45947    5.4549e-17    4.8328e-17    8.4563e-17
2885.06836    6.6094e-17    6.3046e-17    8.0801e-17
2890.68774    6.4806e-17    6.0417e-17    8.5984e-17
2896.31860    5.7174e-17    5.4519e-17    6.9984e-17
2901.95972    3.2650e-17    3.1511e-17    3.8147e-17
2907.61230    3.6017e-17    3.0100e-17    6.4569e-17
2913.27563    1.2698e-17    9.1856e-18    2.9648e-17
2918.95020    5.2659e-17    4.6399e-17    8.2864e-17
2924.63574    3.2613e-17    3.0946e-17    4.0656e-17
2930.33228    9.6335e-18    7.1769e-18    2.1487e-17
2936.04004    1.7516e-17    1.3011e-17    3.9257e-17
2941.75903    3.5951e-17    3.5106e-17    4.0027e-17
2947.48877    6.0681e-17    5.5622e-17    8.5088e-17
2953.22998    3.0278e-17    2.9951e-17    3.1857e-17
2958.98242    3.4832e-17    3.3487e-17    4.1320e-17
2964.74585    4.9998e-17    5.1743e-17    4.1581e-17
2970.52075    5.7493e-17    5.7536e-17    5.7286e-17
2976.30664    2.4932e-17    2.2506e-17    3.6636e-17
2982.10376    7.0018e-17    6.7893e-17    8.0270e-17
2987.91187    3.2679e-17    3.1902e-17    3.6427e-17
2993.73218    1.1932e-17    7.7285e-18    3.2216e-17
2999.56348    3.1937e-17    3.1800e-17    3.2599e-17
3005.40601    2.2856e-17    2.4550e-17    1.4680e-17
3011.25977    3.3791e-17    2.6656e-17    6.8220e-17
3017.12500    3.1144e-17    2.5215e-17    5.9752e-17
3023.00195    1.4856e-17    1.0230e-17    3.7177e-17
3028.89014    1.9879e-17    1.4385e-17    4.6387e-17
3034.79004    2.1831e-17    1.5045e-17    5.4574e-17
3040.70117    1.3750e-17    9.1579e-18    3.5907e-17
3046.62402    5.1141e-17    4.3456e-17    8.8224e-17
3052.55811    1.3551e-17    9.2893e-18    3.4115e-17
3058.50391    7.6283e-18    5.4144e-18    1.8311e-17
3064.46143    2.4769e-17    2.3274e-17    3.1983e-17
3070.43018    3.7812e-17    3.0564e-17    7.2789e-17
3076.41064    7.1211e-17    6.0607e-17    1.2238e-16
3082.40332    1.3765e-17    1.1130e-17    2.6478e-17
3088.40698    8.7446e-18    6.8450e-18    1.7911e-17
3094.42261    1.7726e-17    1.7888e-17    1.6947e-17
3100.44971    7.5635e-18    5.6468e-18    1.6812e-17
3106.48901    1.5784e-17    1.0726e-17    4.0188e-17
3112.53979    8.9140e-18    5.9379e-18    2.3274e-17
3118.60229    8.1325e-18    5.5851e-18    2.0424e-17
3124.67676    1.2981e-18    7.9044e-19    3.7478e-18
3130.76318    1.2325e-17    8.8906e-18    2.8899e-17
3136.86133    4.3648e-18    2.8501e-18    1.1674e-17
3142.97119    1.8864e-17    1.8613e-17    2.0072e-17
3149.09302    1.0607e-17    8.9927e-18    1.8396e-17
3155.22681    6.7049e-18    4.9575e-18    1.5136e-17
3161.37256    7.0943e-17    7.0352e-17    7.3797e-17
3167.53027    4.2361e-17    4.4281e-17    3.3096e-17
3173.70020    2.2854e-19    1.3837e-19    6.6362e-19
3179.88184    3.2972e-17    3.2138e-17    3.7000e-17
3186.07568    6.2499e-17    6.6215e-17    4.4569e-17
3192.28149    6.2120e-17    6.1759e-17    6.3863e-17
3198.49951    2.2879e-17    2.4886e-17    1.3191e-17
3204.72949    1.0011e-17    7.0434e-18    2.4329e-17
3210.97168    5.4622e-17    5.4360e-17    5.5887e-17
3217.22607    6.8574e-19    4.1691e-19    1.9829e-18
3223.49268    9.1296e-18    6.0124e-18    2.4171e-17
3229.77148    4.8688e-17    4.6335e-17    6.0043e-17
3236.06226    1.8618e-17    1.7049e-17    2.6185e-17
3242.36572    1.8952e-17    1.8268e-17    2.2254e-17
3248.68115    4.9667e-17    4.3748e-17    7.8226e-17
3255.00879    3.6855e-17    3.1216e-17    6.4063e-17
3261.34912    2.4405e-17    2.2878e-17    3.1775e-17
3267.70093    1.8151e-17    1.3062e-17    4.2707e-17
3274.06616    1.5530e-18    9.7061e-19    4.3634e-18
3280.44336    3.2676e-17    2.8115e-17    5.4685e-17
3286.83301    2.9817e-17    2.6795e-17    4.4398e-17
3293.23535    1.9254e-17    1.5016e-17    3.9704e-17
3299.64990    3.1100e-17    2.5674e-17    5.7286e-17
3306.07690    2.5714e-17    2.2791e-17    3.9821e-17
3312.51660    2.5498e-17    2.4349e-17    3.1042e-17
3318.96875    1.1179e-17    7.8068e-18    2.7448e-17
3325.43359    1.5972e-17    1.2195e-17    3.4199e-17
3331.91064    1.7164e-18    1.0429e-18    4.9662e-18
3338.40063    1.7648e-17    1.3518e-17    3.7576e-17
3344.90332    1.0088e-18    6.2949e-19    2.8390e-18
3351.41846    4.9162e-19    3.0015e-19    1.4155e-18
3357.94629    2.4175e-17    2.0452e-17    4.2139e-17
3364.48682    2.9744e-17    2.2889e-17    6.2819e-17
3371.04004    3.8482e-17    2.7252e-17    9.2670e-17
3377.60645    3.6831e-18    2.5521e-18    9.1408e-18
3384.18481    1.6514e-17    1.2334e-17    3.6683e-17
3390.77686    2.4257e-17    1.6836e-17    6.0064e-17
3397.38159    3.5339e-18    2.2626e-18    9.6684e-18
3403.99902    2.7277e-18    1.6721e-18    7.8213e-18
3410.62915    5.7674e-18    4.4502e-18    1.2123e-17
3417.27271    1.6716e-17    1.2072e-17    3.9122e-17
3423.92847    7.5219e-18    4.5334e-18    2.1942e-17
3430.59766    9.0216e-18    6.2289e-18    2.2497e-17
3437.27979    1.5398e-17    1.4007e-17    2.2112e-17
3443.97534    3.5330e-18    2.0090e-18    1.0887e-17
3450.68359    2.4601e-17    1.9174e-17    5.0787e-17
3457.40479    1.2224e-17    7.3665e-18    3.5664e-17
3464.13916    2.5884e-18    1.5549e-18    7.5755e-18
3470.88647    7.8716e-18    5.7724e-18    1.8001e-17
3477.64697    1.2125e-17    7.9112e-18    3.2455e-17
3484.42090    2.2409e-17    1.5905e-17    5.3794e-17
3491.20776    1.0400e-17    8.1969e-18    2.1029e-17
3498.00781    1.2905e-17    8.8869e-18    3.2295e-17
3504.82129    3.6660e-18    2.3677e-18    9.9310e-18
3511.64771    7.6275e-19    4.6308e-19    2.2087e-18
3518.48804    6.5110e-18    4.1285e-18    1.8007e-17
3525.34131    1.5337e-17    9.5489e-18    4.3269e-17
3532.20776    5.2464e-18    2.6558e-18    1.7747e-17
3539.08813    5.6053e-18    3.6756e-18    1.4917e-17
3545.98145    1.6345e-18    1.0038e-18    4.6774e-18
3552.88818    8.7286e-18    5.3636e-18    2.4965e-17
3559.80884    5.5075e-18    3.5449e-18    1.4977e-17
3566.74292    5.1673e-18    3.4695e-18    1.3360e-17
3573.68994    9.3814e-19    6.7119e-19    2.2262e-18
3580.65112    2.0376e-19    1.2447e-19    5.8635e-19
3587.62500    6.4652e-18    4.1564e-18    1.7606e-17
3594.61304    2.3833e-19    1.4499e-19    6.8874e-19
3601.61499    1.1574e-18    7.1009e-19    3.3157e-18
3608.63013    6.4671e-19    3.9434e-19    1.8645e-18
3615.65894    1.7191e-18    1.0883e-18    4.7628e-18
3622.70166    1.6508e-17    1.2944e-17    3.3705e-17
3629.75806    8.7078e-19    6.3243e-19    2.0209e-18
3636.82837    2.4256e-18    1.5884e-18    6.4652e-18
3643.91138    1.0014e-17    8.8648e-18    1.5562e-17
3651.00928    1.7665e-19    1.0736e-19    5.1103e-19
3658.12085    1.2273e-17    1.1954e-17    1.3813e-17
3665.24609    1.4832e-19    9.0117e-20    4.2919e-19
3672.38525    1.1483e-19    7.6401e-20    3.0027e-19
3679.53857    5.3141e-19    3.8556e-19    1.2352e-18
3686.70557    8.2353e-19    6.0515e-19    1.8772e-18
3693.88647    5.1440e-19    3.1641e-19    1.4698e-18
3701.08154    2.3415e-18    1.4980e-18    6.4121e-18
3708.29053    1.0685e-18    6.3366e-19    3.1670e-18
3715.51343    9.9637e-19    6.8651e-19    2.4915e-18
3722.75049    1.1412e-18    6.4816e-19    3.5205e-18
3730.00171    4.3872e-18    2.8710e-18    1.1704e-17
3737.26709    1.7218e-19    1.2235e-19    4.1266e-19
3744.54639    1.0010e-18    6.1525e-19    2.8626e-18
3751.84009    7.8483e-18    6.2025e-18    1.5790e-17
3759.14795    8.5241e-18    5.7767e-18    2.1781e-17
3766.47021    1.3964e-17    1.0942e-17    2.8545e-17
3773.80664    1.1569e-19    7.1429e-20    3.2925e-19
3781.15723    7.0152e-18    4.7962e-18    1.7723e-17
3788.52197    1.3069e-18    8.1377e-19    3.6863e-18
3795.90137    8.8935e-19    5.5398e-19    2.5076e-18
3803.29492    2.8939e-19    1.7090e-19    8.6112e-19
3810.70312    3.0185e-18    1.9399e-18    8.2231e-18
3818.12549    2.3609e-19    3.8422e-20    1.1899e-18
3825.56250    1.4664e-17    1.2201e-17    2.6548e-17
3833.01416    4.0983e-19    2.5753e-19    1.1447e-18
3840.47998    8.8640e-20    6.4411e-20    2.0555e-19
3847.96045    2.6443e-18    1.7246e-18    7.0818e-18
3855.45557    1.7002e-19    1.0528e-19    4.8240e-19
3862.96533    2.7006e-19    1.6597e-19    7.7236e-19
3870.48950    6.3892e-18    5.1766e-18    1.2240e-17
3878.02832    3.1676e-19    1.9215e-19    9.1806e-19
3885.58203    2.8347e-19    1.7164e-19    8.2304e-19
3893.15039    9.1782e-19    5.7035e-19    2.5945e-18
3900.73340    7.8697e-19    4.8227e-19    2.2572e-18
3908.33154    7.6091e-18    4.9020e-18    2.0672e-17
3915.94409    2.7642e-18    1.7400e-18    7.7061e-18
3923.57153    1.8647e-18    1.1500e-18    5.3134e-18
3931.21387    4.5540e-18    2.8833e-18    1.2616e-17
3938.87109    1.2975e-17    8.8827e-18    3.2719e-17
3946.54346    2.6966e-18    1.7452e-18    7.2873e-18
3954.23047    5.4701e-19    3.3202e-19    1.5844e-18
3961.93262    3.8868e-18    1.3781e-18    1.5992e-17
3969.64941    3.2086e-18    1.7306e-18    1.0340e-17
3977.38159    8.4649e-18    6.8309e-18    1.6349e-17
3985.12866    1.5104e-18    9.2798e-19    4.3207e-18
3992.89111    3.4616e-18    2.1928e-18    9.5838e-18
4000.66846    9.3921e-18    6.9317e-18    2.1264e-17
4008.46094    1.2284e-18    7.5015e-19    3.5359e-18
4016.26880    5.4752e-19    3.3260e-19    1.5846e-18
4024.09155    3.3351e-18    2.2094e-18    8.7671e-18
4031.92969    2.8172e-19    1.8053e-19    7.7001e-19
4039.78320    1.2753e-19    7.7306e-20    3.6985e-19
4047.65186    1.2233e-19    7.4218e-20    3.5450e-19
4055.53589    1.2043e-18    7.4392e-19    3.4257e-18
4063.43506    4.1069e-18    2.5833e-18    1.1458e-17
4071.35010    1.7120e-18    1.0407e-18    4.9515e-18
4079.28027    5.5042e-18    3.3535e-18    1.5882e-17
4087.22607    7.1586e-19    4.4092e-19    2.0425e-18
4095.18701    8.8123e-19    5.3635e-19    2.5454e-18
4103.16357    4.2154e-19    2.6363e-19    1.1835e-18
4111.15576    2.0848e-18    1.2870e-18    5.9346e-18
4119.16357    3.4660e-18    2.3100e-18    9.0436e-18
4127.18652    4.2042e-18    2.9145e-18    1.0428e-17
4135.22559    1.0825e-18    6.7566e-19    3.0459e-18
4143.28027    1.4524e-18    2.9529e-19    7.0360e-18
4151.35059    7.3897e-19    4.4822e-19    2.1419e-18
4159.43652    1.2420e-18    7.5607e-19    3.5870e-18
4167.53857    3.1727e-19    1.7198e-19    1.0183e-18
4175.65625    2.1895e-17    1.8117e-17    4.0128e-17
4183.78906    1.1958e-18    7.3418e-19    3.4233e-18
4191.93848    1.3269e-19    8.0304e-20    3.8544e-19
4200.10352    6.5261e-19    3.9572e-19    1.8922e-18
4208.28418    7.4030e-19    4.5113e-19    2.1356e-18
4216.48145    2.3718e-19    1.4365e-19    6.8849e-19
4224.69434    4.6432e-19    2.8130e-19    1.3475e-18
4232.92334    1.3196e-17    1.2902e-17    1.4616e-17
4241.16846    3.7709e-19    2.2888e-19    1.0922e-18
4249.42920    4.3181e-18    2.8545e-18    1.1380e-17
4257.70605    4.4505e-18    2.8586e-18    1.2132e-17
4265.99902    1.7417e-19    1.0865e-19    4.9030e-19
4274.30859    5.4641e-18    3.9032e-18    1.2996e-17
4282.63428    4.2278e-19    2.5599e-19    1.2276e-18
4290.97607    3.6172e-18    2.2785e-18    1.0077e-17
4299.33398    1.8838e-17    1.5525e-17    3.4821e-17
4307.70801    3.3253e-19    2.0129e-19    9.6575e-19
4316.09863    4.7795e-18    3.3677e-18    1.1592e-17
4324.50586    1.7222e-18    1.0504e-18    4.9641e-18
4332.92920    8.8117e-18    7.8821e-18    1.3297e-17
4341.36914    8.2460e-18    5.2988e-18    2.2467e-17
4349.82520    1.0719e-17    1.0214e-17    1.3152e-17
4358.29785    3.4486e-18    2.0969e-18    9.9709e-18
4366.78662    1.6845e-18    1.0897e-18    4.5548e-18
4375.29199    1.2465e-17    1.1835e-17    1.5509e-17
4383.81445    1.3860e-17    1.1280e-17    2.6309e-17
4392.35352    1.3529e-19    7.7398e-20    4.1463e-19
4400.90869    7.3248e-18    5.6567e-18    1.5373e-17
4409.48047    1.2883e-17    1.1374e-17    2.0164e-17
4418.06934    8.3859e-18    7.4311e-18    1.2993e-17
4426.67480    2.5520e-19    1.5465e-19    7.4040e-19
4435.29736    2.9532e-18    1.9280e-18    7.8999e-18
4443.93652    8.0586e-19    4.8910e-19    2.3343e-18
4452.59277    3.2410e-18    1.9744e-18    9.3531e-18
4461.26562    1.2172e-18    7.4063e-19    3.5166e-18
4469.95508    7.8865e-18    5.9129e-18    1.7410e-17
4478.66162    4.7073e-19    2.7687e-19    1.4062e-18
4487.38477    1.4576e-17    1.2140e-17    2.6328e-17
4496.12549    2.0042e-19    1.2205e-19    5.7855e-19
4504.88281    9.3492e-18    8.7939e-18    1.2029e-17
4513.65771    6.3540e-18    4.8746e-18    1.3493e-17
4522.44922    2.0517e-17    1.8689e-17    2.9337e-17
4531.25830    3.3720e-18    2.3082e-18    8.5054e-18
4540.08447    6.3749e-18    4.9641e-18    1.3183e-17
4548.92773    1.0936e-17    1.0569e-17    1.2703e-17
4557.78809    7.8473e-18    6.4293e-18    1.4689e-17
4566.66602    1.3713e-19    8.2953e-20    3.9854e-19
4575.56055    1.0279e-17    9.1958e-18    1.5507e-17
4584.47314    1.7677e-17    1.5690e-17    2.7265e-17
4593.40283    5.6352e-18    3.7910e-18    1.4534e-17
4602.34961    6.6938e-19    4.0764e-19    1.9323e-18
4611.31445    2.8288e-19    1.7216e-19    8.1713e-19
4620.29590    9.7208e-18    8.6544e-18    1.4866e-17
4629.29590    1.2566e-17    1.1021e-17    2.0024e-17
4638.31250    7.2546e-19    4.4041e-19    2.1009e-18
4647.34668    3.9554e-18    2.7495e-18    9.7742e-18
4656.39941    2.8824e-19    1.7661e-19    8.2689e-19
4665.46875    6.2544e-18    4.4925e-18    1.4756e-17
4674.55664    5.6665e-19    3.4803e-19    1.6215e-18
4683.66113    5.6848e-20    3.0885e-20    1.8212e-19
4692.78418    1.0299e-19    6.2271e-20    2.9948e-19
4701.92480    7.3250e-20    4.4284e-20    2.1302e-19
4711.08301    1.0104e-19    3.4667e-20    4.2129e-19
4720.25977    2.5678e-19    1.5662e-19    7.4007e-19
4729.45361    1.0620e-18    6.6662e-19    2.9700e-18
4738.66602    3.7222e-19    2.2566e-19    1.0794e-18
4747.89551    1.8117e-19    1.1066e-19    5.2136e-19
4757.14355    2.7933e-19    1.6944e-19    8.0956e-19
4766.41016    2.3842e-20    1.4412e-20    6.9347e-20
4775.69385    2.2664e-19    1.3721e-19    6.5813e-19
4784.99609    3.6192e-21    2.1876e-21    1.0527e-20
4794.31641    5.2979e-20    3.2031e-20    1.5406e-19
4803.65430    7.2350e-20    4.3728e-20    2.1046e-19
4813.01074    3.4093e-19    2.0698e-19    9.8726e-19
4822.38574    1.2484e-18    7.5928e-19    3.6087e-18
4831.77930    1.4721e-18    9.0008e-19    4.2321e-18
4841.19043    1.0179e-18    6.2470e-19    2.9154e-18
4850.62012    1.8508e-19    1.1262e-19    5.3474e-19
4860.06836    1.0095e-19    6.0465e-20    2.9631e-19
4869.53467    1.2316e-18    7.5160e-19    3.5479e-18
4879.01953    5.5473e-19    3.3518e-19    1.6141e-18
4888.52295    9.5478e-19    5.7738e-19    2.7758e-18
4898.04492    1.5178e-18    9.1923e-19    4.4062e-18
4907.58545    1.5069e-19    9.1290e-20    4.3733e-19
4917.14453    6.9183e-20    4.1806e-20    2.0128e-19
4926.72168    1.3156e-17    1.2705e-17    1.5331e-17
4936.31836    1.9004e-19    1.1483e-19    5.5294e-19
4945.93311    1.7206e-19    1.0403e-19    5.0037e-19
4955.56689    1.7945e-18    1.0876e-18    5.2052e-18
4965.21973    5.8925e-20    3.5642e-20    1.7127e-19
4974.89062    1.5556e-18    9.4072e-19    4.5225e-18
4984.58105    5.1507e-19    3.1138e-19    1.4980e-18
4994.29004    1.0532e-18    6.4207e-19    3.0373e-18
5004.01758    7.0455e-19    4.2598e-19    2.0488e-18
5013.76465    1.3831e-17    1.3014e-17    1.7773e-17
5023.53027    5.1523e-19    3.1915e-19    1.4614e-18
5033.31543    5.3185e-20    3.2136e-20    1.5476e-19
5043.11914    1.8452e-18    1.0954e-18    5.4629e-18
5052.94238    5.1803e-20    3.0571e-20    1.5425e-19
5062.78418    1.4707e-18    8.9159e-19    4.2649e-18
5072.64551    6.5139e-19    3.9621e-19    1.8827e-18
5082.52637    1.5048e-19    9.1361e-20    4.3574e-19
5092.42578    5.4405e-19    3.3024e-19    1.5757e-18
5102.34473    2.7579e-18    1.7666e-18    7.5413e-18
5112.28320    5.1836e-20    3.1318e-20    1.5084e-19
5122.24121    3.4845e-19    2.1142e-19    1.0097e-18
5132.21777    1.3064e-18    8.0579e-19    3.7220e-18
5142.21484    4.5264e-19    2.7781e-19    1.2963e-18
5152.23047    4.4965e-19    2.7480e-19    1.2933e-18
5162.26660    1.6994e-18    1.0604e-18    4.7826e-18
5172.32129    1.4717e-17    1.3608e-17    2.0072e-17
5182.39648    1.6854e-19    1.0315e-19    4.8404e-19
5192.49023    4.7649e-19    3.7907e-19    9.4659e-19
5202.60449    8.8388e-18    8.0987e-18    1.2410e-17
5212.73779    1.9147e-19    1.1562e-19    5.5744e-19
5222.89160    5.9783e-19    3.6428e-19    1.7248e-18
5233.06445    9.6240e-18    8.8614e-18    1.3304e-17
5243.25781    1.8604e-19    1.1269e-19    5.4002e-19
5253.47021    5.8453e-18    4.2233e-18    1.3672e-17
5263.70312    2.2362e-18    1.4617e-18    5.9730e-18
5273.95557    1.3443e-17    1.1727e-17    2.1723e-17
5284.22852    1.2181e-17    1.0637e-17    1.9631e-17
5294.52100    2.6148e-19    1.5897e-19    7.5609e-19
5304.83398    1.1018e-19    6.6592e-20    3.2053e-19
5315.16650    1.4368e-17    1.3228e-17    1.9872e-17
5325.51953    5.9780e-18    4.4460e-18    1.3370e-17
5335.89258    6.1896e-19    3.8162e-19    1.7642e-18
5346.28564    2.7581e-19    1.6891e-19    7.9162e-19
5356.69922    6.2369e-19    3.7679e-19    1.8151e-18
5367.13281    4.3163e-18    3.1092e-18    1.0141e-17
5377.58691    1.5544e-19    9.3905e-20    4.5236e-19
5388.06152    5.0826e-20    3.0687e-20    1.4800e-19
5398.55664    1.3629e-19    8.2559e-20    3.9557e-19
5409.07178    6.4527e-19    3.9825e-19    1.8372e-18
5419.60742    1.0355e-19    6.2517e-20    3.0154e-19
5430.16406    7.2593e-18    4.9713e-18    1.8299e-17
5440.74121    4.1624e-19    2.5236e-19    1.2070e-18
5451.33887    5.4142e-19    3.3273e-19    1.5484e-18
5461.95703    4.3076e-19    2.6576e-19    1.2269e-18
5472.59570    2.9966e-19    1.8267e-19    8.6413e-19
5483.25488    2.7088e-19    1.6375e-19    7.8780e-19
5493.93555    4.0962e-19    2.4743e-19    1.1923e-18
5504.63672    7.2057e-19    4.3840e-19    2.0821e-18
5515.35840    2.7938e-19    1.6898e-19    8.1207e-19
5526.10156    1.7095e-18    1.0168e-18    5.0516e-18
5536.86523    9.2548e-19    5.6908e-19    2.6452e-18
5547.64941    3.7506e-19    2.2841e-19    1.0827e-18
5558.45557    2.7031e-20    1.6318e-20    7.8724e-20
5569.28271    1.3241e-18    7.8385e-19    3.9310e-18
5580.12988    1.9849e-19    1.2014e-19    5.7653e-19
5590.99902    9.6732e-19    5.7654e-19    2.8529e-18
5601.88965    4.6059e-20    2.7806e-20    1.3414e-19
5612.80078    1.2548e-19    7.5778e-20    3.6533e-19
5623.73340    1.2009e-18    7.3834e-19    3.4330e-18
5634.68750    7.4070e-20    4.4725e-20    2.1567e-19
5645.66211    6.2634e-20    3.7842e-20    1.8226e-19
5656.65918    8.2553e-19    5.1325e-19    2.3324e-18
5667.67676    2.1123e-18    1.2760e-18    6.1475e-18
5678.71680    8.0890e-20    4.8952e-20    2.3500e-19
5689.77734    2.9710e-18    1.7935e-18    8.6524e-18
5700.86035    3.2443e-19    1.9592e-19    9.4450e-19
5711.96484    8.9429e-20    5.4022e-20    2.6028e-19
5723.09033    3.5797e-19    2.1767e-19    1.0350e-18
5734.23779    3.3134e-19    2.0105e-19    9.5999e-19
5745.40723    2.8974e-19    1.7561e-19    8.4048e-19
5756.59766    2.1548e-19    1.3008e-19    6.2757e-19
5767.81104    9.7923e-20    5.9100e-20    2.8525e-19
5779.04492    1.1479e-19    6.9356e-20    3.3401e-19
5790.30176    2.5937e-19    1.5744e-19    7.5123e-19
5801.58008    1.5833e-19    9.5642e-20    4.6081e-19
5812.88037    1.1168e-18    6.9821e-19    3.1369e-18
5824.20264    2.4479e-19    1.4871e-19    7.0838e-19
5835.54688    8.6681e-19    5.3506e-19    2.4676e-18
5846.91357    1.1816e-19    7.1315e-20    3.4419e-19
5858.30225    1.8162e-19    1.0979e-19    5.2818e-19
5869.71289    7.0163e-20    4.1943e-20    2.0633e-19
5881.14600    4.8264e-20    2.9055e-20    1.4095e-19
5892.60156    2.4180e-19    1.5806e-19    6.4588e-19
5904.07910    1.7122e-19    1.0376e-19    4.9670e-19
5915.57910    2.8632e-18    1.7485e-18    8.2421e-18
5927.10156    2.9532e-19    1.7833e-19    8.5983e-19
5938.64648    8.8324e-20    5.3265e-20    2.5749e-19
5950.21387    1.1382e-18    7.1358e-19    3.1870e-18
5961.80371    8.8363e-19    5.3365e-19    2.5724e-18
5973.41602    1.5615e-19    9.4861e-20    4.5187e-19
5985.05127    1.7449e-19    1.0582e-19    5.0583e-19
5996.70850    1.1704e-18    7.2405e-19    3.3242e-18
6008.38867    7.1552e-20    4.2898e-20    2.0982e-19
6020.09229    2.8092e-19    1.7027e-19    8.1484e-19
6031.81836    2.6165e-19    1.5781e-19    7.6273e-19
6043.56738    5.3179e-19    3.2194e-19    1.5444e-18
6055.33887    1.1751e-18    7.1402e-19    3.3998e-18
6067.13428    1.9311e-19    1.1693e-19    5.6067e-19
6078.95117    2.8181e-18    1.7204e-18    8.1149e-18
6090.79150    1.2257e-19    7.4325e-20    3.5534e-19
6102.65527    5.4200e-19    3.2766e-19    1.5763e-18
6114.54199    5.3756e-19    3.2697e-19    1.5537e-18
6126.45215    2.6070e-19    1.5763e-19    7.5806e-19
6138.38525    1.0545e-19    6.3712e-20    3.0682e-19
6150.34131    6.2944e-18    4.4814e-18    1.5043e-17
6162.32178    2.5526e-19    1.5453e-19    7.4127e-19
6174.32422    2.5540e-18    1.5618e-18    7.3416e-18
6186.35059    1.5528e-18    9.3851e-19    4.5168e-18
6198.40088    7.0541e-19    4.2594e-19    2.0539e-18
6210.47314    4.6777e-20    2.8248e-20    1.3619e-19
6222.57031    1.1566e-19    7.0075e-20    3.3562e-19
6234.69043    5.7119e-18    3.8784e-18    1.4559e-17
6246.83496    5.3148e-18    3.9963e-18    1.1677e-17
6259.00195    5.4065e-19    3.2645e-19    1.5742e-18
6271.19385    7.6389e-20    4.6215e-20    2.2199e-19
6283.40869    4.9791e-20    3.0071e-20    1.4494e-19
6295.64795    2.5014e-19    1.5340e-19    7.1691e-19
6307.91016    8.6599e-19    5.2294e-19    2.5213e-18
6320.19678    8.7375e-18    5.6805e-18    2.3488e-17
6332.50781    5.3729e-19    3.2503e-19    1.5615e-18
6344.84180    1.2375e-18    9.4744e-19    2.6373e-18
6357.20020    1.1077e-19    6.6874e-20    3.2256e-19
6369.58252    1.9295e-18    1.5087e-18    3.9601e-18
6381.98926    6.1699e-18    3.8560e-18    1.7335e-17
6394.42041    5.9216e-20    3.5754e-20    1.7243e-19
6406.87549    6.5063e-19    4.0239e-19    1.8484e-18
6419.35449    2.9368e-18    2.0615e-18    7.1605e-18
6431.85840    1.5535e-18    9.7063e-19    4.3662e-18
6444.38672    1.0488e-18    6.3883e-19    3.0268e-18
6456.93896    5.6950e-18    4.6412e-18    1.0780e-17
6469.51514    5.1886e-19    3.1334e-19    1.5105e-18
6482.11719    1.4980e-18    9.0760e-19    4.3468e-18
6494.74268    3.8297e-18    2.3567e-18    1.0937e-17
6507.39355    1.4683e-18    8.9513e-19    4.2339e-18
6520.06836    3.3128e-18    2.0860e-18    9.2325e-18
6532.76855    1.1529e-18    6.9597e-19    3.3577e-18
6545.49316    1.4863e-20    8.9970e-21    4.3165e-20
6558.24268    1.1919e-18    8.6432e-19    2.7728e-18
6571.01611    1.5539e-18    9.5768e-19    4.4309e-18
6583.81543    1.4369e-18    8.4559e-19    4.2900e-18
6596.63965    2.6524e-19    1.6093e-19    7.6856e-19
6609.48828    2.0285e-18    1.2262e-18    5.9000e-18
6622.36230    1.7862e-18    1.0835e-18    5.1767e-18
6635.26172    1.7312e-20    1.0450e-20    5.0421e-20
6648.18506    2.7495e-18    1.6728e-18    7.9450e-18
6661.13525    6.9035e-19    4.1699e-19    2.0094e-18
6674.10986    1.6898e-19    2.1813e-20    8.7912e-19
6687.10938    1.2225e-18    7.3269e-19    3.5858e-18
6700.13428    9.6967e-20    5.7767e-20    2.8612e-19
6713.18506    3.8348e-20    2.3156e-20    1.1165e-19
6726.26123    7.1040e-19    4.2902e-19    2.0681e-18
6739.36279    5.4281e-21    3.2698e-21    1.5842e-20
6752.48926    1.0058e-19    6.0721e-20    2.9291e-19
6765.64258    7.0251e-19    4.2379e-19    2.0474e-18
6778.82031    3.4865e-20    2.1046e-20    1.0154e-19
6792.02441    1.0367e-19    6.2573e-20    3.0196e-19
6805.25439    2.9061e-19    1.7485e-19    8.4917e-19
6818.50928    1.0100e-18    6.1077e-19    2.9363e-18
6831.78955    2.1308e-19    1.2808e-19    6.2323e-19
6845.09717    1.4698e-20    8.8719e-21    4.2808e-20
6858.43018    1.9290e-18    1.1664e-18    5.6086e-18
6871.78906    8.6665e-19    5.2304e-19    2.5247e-18
6885.17432    8.9582e-20    5.3969e-20    2.6143e-19
6898.58447    6.8671e-21    4.1454e-21    2.0000e-20
6912.02246    6.9997e-19    4.2282e-19    2.0373e-18
6925.48486    2.8332e-19    1.6913e-19    8.3429e-19
6938.97412    6.8142e-20    4.1135e-20    1.9846e-19
6952.49023    1.9675e-19    1.1912e-19    5.7134e-19
6966.03271    5.8718e-20    3.5808e-20    1.6927e-19
6979.60059    1.6148e-19    9.7287e-20    4.7122e-19
6993.19629    2.2556e-19    1.3625e-19    6.5654e-19
