1000.97394    4.9840e-17    4.9840e-17    4.9840e-17
1002.92358    7.6854e-18    7.7048e-18    7.6660e-18
1004.87708    9.3380e-18    9.3380e-18    9.3380e-18
1006.83441    7.2169e-18    7.2169e-18    7.2169e-18
1008.79553    1.9349e-17    1.9349e-17    1.9349e-17
1010.76050    1.2798e-18    1.2800e-18    1.2795e-18
1012.72925    5.8539e-18    5.8586e-18    5.8493e-18
1014.70178    8.2296e-18    8.2275e-18    8.2318e-18
1016.67822    1.0784e-17    1.0893e-17    1.0675e-17
1018.65857    5.7840e-18    5.7840e-18    5.7840e-18
1020.64270    9.2082e-18    9.2333e-18    9.1830e-18
1022.63074    9.6566e-18    9.6566e-18    9.6566e-18
1024.62256    4.7113e-18    4.7009e-18    4.7218e-18
1026.61841    1.1248e-17    1.1434e-17    1.1062e-17
1028.61792    4.9897e-17    4.9898e-17    4.9896e-17
1030.62158    6.9615e-17    6.9610e-17    6.9621e-17
1032.62891    1.0696e-16    8.3432e-17    1.3049e-16
1034.64038    8.8969e-17    8.8968e-17    8.8971e-17
1036.65564    2.1486e-16    2.1441e-16    2.1531e-16
1038.67480    1.5207e-17    1.5206e-17    1.5208e-17
1040.69800    6.1360e-17    6.1360e-17    6.1360e-17
1042.72510    5.1729e-17    5.1729e-17    5.1729e-17
1044.75610    2.7237e-17    2.7237e-17    2.7237e-17
1046.79102    1.9784e-17    1.9784e-17    1.9784e-17
1048.83008    1.7824e-18    1.7824e-18    1.7824e-18
1050.87292    6.1807e-17    6.1807e-17    6.1807e-17
1052.91980    1.3975e-17    1.3975e-17    1.3975e-17
1054.97070    1.5884e-15    1.5884e-15    1.5884e-15
1057.02563    4.1234e-17    4.1234e-17    4.1234e-17
1059.08447    2.2070e-16    2.2070e-16    2.2070e-16
1061.14734    1.0119e-15    1.0119e-15    1.0119e-15
1063.21436    2.2966e-15    2.2984e-15    2.2947e-15
1065.28516    1.6216e-16    1.6216e-16    1.6216e-16
1067.36011    1.3899e-15    1.3899e-15    1.3899e-15
1069.43921    2.0414e-16    2.0414e-16    2.0414e-16
1071.52222    8.5986e-16    8.5986e-16    8.5986e-16
1073.60938    1.6129e-15    1.6448e-15    1.5811e-15
1075.70056    1.5086e-15    1.5086e-15    1.5086e-15
1077.79590    4.2219e-16    4.2229e-16    4.2210e-16
1079.89514    1.5447e-17    1.5447e-17    1.5447e-17
1081.99854    4.1639e-16    4.1639e-16    4.1639e-16
1084.10608    1.6885e-16    1.6638e-16    1.7131e-16
1086.21777    3.2899e-17    3.2899e-17    3.2899e-17
1088.33350    3.2052e-16    3.2052e-16    3.2052e-16
1090.45337    2.5121e-16    2.5121e-16    2.5121e-16
1092.57727    2.5445e-16    2.5445e-16    2.5445e-16
1094.70532    2.1877e-16    2.1877e-16    2.1877e-16
1096.83765    2.4696e-16    2.4696e-16    2.4696e-16
1098.97412    2.7073e-16    2.7073e-16    2.7073e-16
1101.11475    3.7829e-16    3.7829e-16    3.7829e-16
1103.25952    1.3683e-16    1.3683e-16    1.3683e-16
1105.40845    1.5924e-16    1.5924e-16    1.5924e-16
1107.56152    2.6862e-16    2.6861e-16    2.6862e-16
1109.71887    2.3625e-16    2.3625e-16    2.3625e-16
1111.88037    9.2368e-16    9.2368e-16    9.2368e-16
1114.04614    1.6307e-15    1.6307e-15    1.6307e-15
1116.21606    2.6030e-16    2.6024e-16    2.6037e-16
1118.39014    3.4704e-17    3.4290e-17    3.5118e-17
1120.56860    3.6225e-17    3.6225e-17    3.6225e-17
1122.75122    1.2136e-15    1.2137e-15    1.2136e-15
1124.93811    2.4824e-16    2.4824e-16    2.4824e-16
1127.12927    1.0899e-15    1.0688e-15    1.1111e-15
1129.32471    3.2231e-16    3.2184e-16    3.2278e-16
1131.52441    1.5646e-15    1.5646e-15    1.5646e-15
1133.72839    1.5204e-15    1.5204e-15    1.5204e-15
1135.93665    7.7399e-17    7.7341e-17    7.7456e-17
1138.14917    1.4145e-16    1.4145e-16    1.4145e-16
1140.36621    8.3281e-17    8.3281e-17    8.3281e-17
1142.58740    1.2472e-15    1.2472e-15    1.2472e-15
1144.81299    6.3268e-15    6.3262e-15    6.3273e-15
1147.04272    2.0547e-15    2.0547e-15    2.0547e-15
1149.27698    1.4450e-15    1.4450e-15    1.4450e-15
1151.51562    1.8755e-15    1.8755e-15    1.8755e-15
1153.75854    6.5358e-16    6.5358e-16    6.5358e-16
1156.00586    1.9141e-16    1.9141e-16    1.9141e-16
1158.25745    9.4709e-17    9.4709e-17    9.4709e-17
1160.51355    2.0457e-16    2.0457e-16    2.0457e-16
1162.77393    2.3382e-16    2.3382e-16    2.3382e-16
1165.03882    1.8040e-16    1.8040e-16    1.8040e-16
1167.30811    3.9273e-16    3.9273e-16    3.9273e-16
1169.58179    6.6643e-16    6.6643e-16    6.6643e-16
1171.85986    4.3907e-16    4.3907e-16    4.3907e-16
1174.14246    4.0878e-16    4.1159e-16    4.0597e-16
1176.42944    2.8905e-16    3.0906e-16    2.6904e-16
1178.72095    1.1779e-16    1.1780e-16    1.1779e-16
1181.01685    2.3082e-16    2.3082e-16    2.3082e-16
1183.31714    2.0365e-16    2.0365e-16    2.0365e-16
1185.62207    3.7711e-16    3.7711e-16    3.7711e-16
1187.93140    4.7070e-16    4.7070e-16    4.7070e-16
1190.24536    3.1908e-16    3.1910e-16    3.1906e-16
1192.56372    3.0003e-16    3.0003e-16    3.0003e-16
1194.88647    4.0206e-16    4.0225e-16    4.0187e-16
1197.21387    1.8730e-15    1.8730e-15    1.8730e-15
1199.54590    3.6782e-15    3.6510e-15    3.7054e-15
1201.88232    3.7617e-16    3.7675e-16    3.7559e-16
1204.22339    8.7256e-17    8.7256e-17    8.7256e-17
1206.56897    3.7184e-16    3.7254e-16    3.7115e-16
1208.91919    1.6052e-15    1.6052e-15    1.6052e-15
1211.27393    4.4654e-16    4.4654e-16    4.4654e-16
1213.63330    6.4389e-16    6.4455e-16    6.4323e-16
1215.99719    2.8714e-15    2.5147e-15    3.2281e-15
1218.36572    5.5135e-16    5.4773e-16    5.5496e-16
1220.73877    2.6128e-15    2.6128e-15    2.6128e-15
1223.11658    2.8816e-16    2.8816e-16    2.8816e-16
1225.49902    1.2713e-16    1.2713e-16    1.2713e-16
1227.88599    2.1700e-16    2.1700e-16    2.1700e-16
1230.27771    6.5228e-17    6.5227e-17    6.5228e-17
1232.67407    1.5632e-16    1.5632e-16    1.5632e-16
1235.07507    1.0304e-16    1.0304e-16    1.0305e-16
1237.48071    1.6451e-16    1.5088e-16    1.7814e-16
1239.89111    1.2073e-16    1.0906e-16    1.3239e-16
1242.30615    2.5911e-16    2.4449e-16    2.7372e-16
1244.72595    1.1770e-16    1.1769e-16    1.1771e-16
1247.15039    4.8391e-17    4.8391e-17    4.8392e-17
1249.57959    2.0711e-16    2.0711e-16    2.0711e-16
1252.01355    1.0663e-16    1.0663e-16    1.0663e-16
1254.45215    1.5051e-16    1.5051e-16    1.5051e-16
1256.89563    1.3163e-16    1.3163e-16    1.3163e-16
1259.34375    4.5397e-16    4.5398e-16    4.5397e-16
1261.79675    4.6195e-16    4.6195e-16    4.6195e-16
1264.25452    2.9429e-16    2.9429e-16    2.9429e-16
1266.71704    2.2402e-15    2.2402e-15    2.2402e-15
1269.18433    2.2286e-16    2.2286e-16    2.2286e-16
1271.65649    3.8297e-16    3.8297e-16    3.8297e-16
1274.13342    1.8998e-16    1.8998e-16    1.8998e-16
1276.61523    2.7066e-16    2.7066e-16    2.7066e-16
1279.10181    1.3588e-16    1.3588e-16    1.3588e-16
1281.59326    8.7575e-17    8.7575e-17    8.7575e-17
1284.08960    1.8597e-16    1.8597e-16    1.8597e-16
1286.59070    7.2345e-17    7.2345e-17    7.2345e-17
1289.09668    4.3259e-16    4.3259e-16    4.3259e-16
1291.60767    6.5240e-17    6.5240e-17    6.5240e-17
1294.12341    9.4836e-17    9.4839e-17    9.4834e-17
1296.64404    1.3921e-15    1.3921e-15    1.3921e-15
1299.16968    9.5176e-16    9.5176e-16    9.5176e-16
1301.70020    1.8860e-16    1.8861e-16    1.8860e-16
1304.23572    5.6630e-16    5.6649e-16    5.6611e-16
1306.77612    1.3615e-16    1.3615e-16    1.3615e-16
1309.32141    3.3148e-17    3.3148e-17    3.3148e-17
1311.87183    5.6517e-17    5.6517e-17    5.6517e-17
1314.42700    1.1089e-16    1.1089e-16    1.1089e-16
1316.98730    8.8030e-17    8.8030e-17    8.8030e-17
1319.55249    1.0531e-16    1.0531e-16    1.0531e-16
1322.12280    1.5022e-16    1.5022e-16    1.5022e-16
1324.69800    5.0636e-17    5.0636e-17    5.0636e-17
1327.27820    6.6146e-17    6.6146e-17    6.6146e-17
1329.86353    7.1286e-17    7.1286e-17    7.1286e-17
1332.45386    2.3564e-17    2.3564e-17    2.3564e-17
1335.04919    3.1640e-17    3.1813e-17    3.1466e-17
1337.64966    4.5657e-17    4.5657e-17    4.5658e-17
1340.25513    9.2062e-17    9.2062e-17    9.2062e-17
1342.86560    2.1084e-17    2.0133e-17    2.2034e-17
1345.48120    4.7906e-17    4.7915e-17    4.7897e-17
1348.10205    1.1243e-17    1.1243e-17    1.1243e-17
1350.72778    5.4917e-17    5.4912e-17    5.4921e-17
1353.35876    1.3396e-16    1.3396e-16    1.3396e-16
1355.99487    7.2666e-17    7.2666e-17    7.2666e-17
1358.63611    2.9333e-16    2.9333e-16    2.9333e-16
1361.28247    4.3005e-16    4.3005e-16    4.3005e-16
1363.93396    2.4737e-16    2.4737e-16    2.4737e-16
1366.59058    2.2215e-16    2.2215e-16    2.2215e-16
1369.25244    2.3665e-16    2.3665e-16    2.3665e-16
1371.91956    4.3132e-16    4.3125e-16    4.3138e-16
1374.59180    4.7281e-16    4.7281e-16    4.7282e-16
1377.26929    3.8901e-16    3.8901e-16    3.8901e-16
1379.95190    2.7013e-16    2.7013e-16    2.7013e-16
1382.63965    2.1579e-16    2.1579e-16    2.1579e-16
1385.33276    7.3237e-17    7.3237e-17    7.3237e-17
1388.03125    1.1529e-16    1.1529e-16    1.1529e-16
1390.73486    3.4921e-17    3.4922e-17    3.4921e-17
1393.44360    3.2043e-16    3.2267e-16    3.1818e-16
1396.15784    9.7008e-17    9.7024e-17    9.6992e-17
1398.87720    5.8545e-16    5.4578e-16    6.2511e-16
1401.60205    3.3565e-16    2.8992e-16    3.8138e-16
1404.33203    8.1562e-17    8.0643e-17    8.2481e-17
1407.06738    6.3386e-17    6.2128e-17    6.4644e-17
1409.80811    1.9641e-16    1.9641e-16    1.9641e-16
1412.55420    2.3250e-16    2.3250e-16    2.3250e-16
1415.30554    3.3873e-16    3.3873e-16    3.3873e-16
1418.06213    1.0897e-16    1.0900e-16    1.0894e-16
1420.82446    9.5022e-17    9.5022e-17    9.5022e-17
1423.59180    2.1723e-16    2.1726e-16    2.1719e-16
1426.36475    4.9992e-17    4.9992e-17    4.9992e-17
1429.14307    9.9940e-17    9.9940e-17    9.9940e-17
1431.92676    2.8051e-16    2.8051e-16    2.8051e-16
1434.71582    9.6848e-17    9.6848e-17    9.6848e-17
1437.51038    1.8949e-16    1.8949e-16    1.8949e-16
1440.31030    1.4927e-16    1.4927e-16    1.4927e-16
1443.11572    9.6521e-17    9.6521e-17    9.6521e-17
1445.92676    4.9257e-17    4.9256e-17    4.9257e-17
1448.74316    3.8492e-17    3.8492e-17    3.8492e-17
1451.56494    1.3341e-16    1.3341e-16    1.3341e-16
1454.39233    7.5740e-17    7.5740e-17    7.5740e-17
1457.22522    3.2146e-17    3.2146e-17    3.2146e-17
1460.06360    1.7706e-17    1.7706e-17    1.7706e-17
1462.90747    7.5950e-17    7.5950e-17    7.5950e-17
1465.75696    1.5598e-17    1.5598e-17    1.5598e-17
1468.61206    5.3499e-17    5.3499e-17    5.3499e-17
1471.47253    4.7381e-17    4.7381e-17    4.7381e-17
1474.33862    1.9541e-16    1.9541e-16    1.9541e-16
1477.21045    9.5783e-17    9.5783e-17    9.5783e-17
1480.08777    4.6195e-17    4.6195e-17    4.6195e-17
1482.97058    1.3000e-16    1.3000e-16    1.3000e-16
1485.85913    7.4629e-17    7.4063e-17    7.5195e-17
1488.75342    8.7221e-17    8.7221e-17    8.7221e-17
1491.65332    8.5326e-17    8.5326e-17    8.5326e-17
1494.55859    8.3458e-17    8.3458e-17    8.3458e-17
1497.46985    6.2192e-17    6.2192e-17    6.2192e-17
1500.38647    2.0419e-17    2.0344e-17    2.0494e-17
1503.30896    4.5417e-17    4.5417e-17    4.5417e-17
1506.23706    1.2342e-16    1.2342e-16    1.2342e-16
1509.17090    3.5778e-17    3.5778e-17    3.5778e-17
1512.11060    7.8915e-17    7.8915e-17    7.8915e-17
1515.05591    9.3688e-17    9.3688e-17    9.3688e-17
1518.00684    5.4562e-18    5.4562e-18    5.4562e-18
1520.96362    6.0157e-17    6.0157e-17    6.0157e-17
1523.92627    1.1777e-16    1.1777e-16    1.1777e-16
1526.89453    1.5314e-16    1.5332e-16    1.5296e-16
1529.86865    7.8167e-18    7.8182e-18    7.8152e-18
1532.84839    3.9429e-17    3.9348e-17    3.9511e-17
1535.83411    1.0175e-17    1.0154e-17    1.0197e-17
1538.82568    1.6882e-17    1.6812e-17    1.6953e-17
1541.82300    7.5894e-18    7.5083e-18    7.6704e-18
1544.82617    8.8700e-18    8.5936e-18    9.1463e-18
1547.83521    3.7796e-17    3.5026e-17    4.0566e-17
1550.85010    1.2151e-16    1.0888e-16    1.3413e-16
1553.87085    4.6283e-17    4.5238e-17    4.7328e-17
1556.89746    5.4790e-17    5.4236e-17    5.5345e-17
1559.92993    1.6145e-15    1.6042e-15    1.6249e-15
1562.96863    1.1398e-15    1.1361e-15    1.1434e-15
1566.01282    7.5056e-17    7.5020e-17    7.5092e-17
1569.06311    1.4695e-15    1.4712e-15    1.4678e-15
1572.11938    2.8467e-16    2.8468e-16    2.8466e-16
1575.18152    1.3328e-15    1.3328e-15    1.3328e-15
1578.24963    3.4163e-16    3.4163e-16    3.4163e-16
1581.32373    5.7142e-16    5.7142e-16    5.7142e-16
1584.40381    3.9592e-16    3.9592e-16    3.9592e-16
1587.48999    3.3686e-16    3.3686e-16    3.3686e-16
1590.58215    8.4221e-18    8.4221e-18    8.4221e-18
1593.68018    6.9481e-17    6.9481e-17    6.9481e-17
1596.78442    9.2883e-18    9.2883e-18    9.2883e-18
1599.89465    1.8021e-16    1.8021e-16    1.8021e-16
1603.01086    1.1913e-16    1.1913e-16    1.1913e-16
1606.13330    3.1041e-16    3.1041e-16    3.1041e-16
1609.26172    1.4641e-15    1.4641e-15    1.4641e-15
1612.39636    6.8540e-16    6.8540e-16    6.8540e-16
1615.53674    5.6818e-18    5.6818e-18    5.6818e-18
1618.68347    3.6715e-16    3.6715e-16    3.6715e-16
1621.83630    7.3935e-16    7.3935e-16    7.3935e-16
1624.99548    2.5441e-16    2.5441e-16    2.5441e-16
1628.16064    8.0858e-16    8.0858e-16    8.0858e-16
1631.33203    2.9719e-16    2.9719e-16    2.9719e-16
1634.50952    7.8001e-16    7.8001e-16    7.8001e-16
1637.69312    1.8194e-15    1.8194e-15    1.8194e-15
1640.88306    5.6167e-16    5.4515e-16    5.7819e-16
1644.07922    6.6952e-16    6.6952e-16    6.6952e-16
1647.28162    2.6526e-16    2.6526e-16    2.6526e-16
1650.49023    8.9847e-16    8.9847e-16    8.9847e-16
1653.70496    6.0550e-16    6.0550e-16    6.0550e-16
1656.92603    2.3249e-16    2.3249e-16    2.3249e-16
1660.15369    3.2509e-16    3.3108e-16    3.1910e-16
1663.38721    5.7022e-17    5.7022e-17    5.7022e-17
1666.62720    7.3550e-17    7.3597e-17    7.3504e-17
1669.87317    1.4327e-16    1.4329e-16    1.4326e-16
1673.12585    3.5852e-16    3.5852e-16    3.5852e-16
1676.38489    9.6652e-16    9.6652e-16    9.6652e-16
1679.65027    7.3787e-16    7.3787e-16    7.3787e-16
1682.92188    5.6638e-17    5.6638e-17    5.6638e-17
1686.19958    1.6863e-16    1.6863e-16    1.6863e-16
1689.48413    1.8891e-16    1.8891e-16    1.8891e-16
1692.77502    8.5181e-17    8.5181e-17    8.5181e-17
1696.07227    3.5286e-17    3.5286e-17    3.5286e-17
1699.37573    7.3793e-17    7.3793e-17    7.3793e-17
1702.68567    1.0993e-15    1.0993e-15    1.0993e-15
1706.00232    1.1365e-16    1.1365e-16    1.1365e-16
1709.32544    3.5943e-16    3.5943e-16    3.5943e-16
1712.65491    3.3719e-17    3.3719e-17    3.3719e-17
1715.99060    2.6754e-16    2.6754e-16    2.6754e-16
1719.33301    2.9891e-16    2.9879e-16    2.9902e-16
1722.68188    1.1171e-16    1.1171e-16    1.1171e-16
1726.03735    6.4613e-16    6.4613e-16    6.4613e-16
1729.39941    5.3835e-17    5.3835e-17    5.3834e-17
1732.76807    3.2934e-17    3.2934e-17    3.2934e-17
1736.14307    1.6872e-17    1.6872e-17    1.6873e-17
1739.52466    6.9552e-18    6.9552e-18    6.9552e-18
1742.91296    2.2391e-17    2.2391e-17    2.2391e-17
1746.30786    2.3889e-16    2.3889e-16    2.3889e-16
1749.70935    2.3345e-16    2.3345e-16    2.3345e-16
1753.11755    1.3430e-18    1.3431e-18    1.3430e-18
1756.53223    4.4978e-18    4.4978e-18    4.4978e-18
1759.95325    3.4600e-16    3.4600e-16    3.4600e-16
1763.38147    1.2024e-16    1.2024e-16    1.2024e-16
1766.81628    1.4612e-17    1.4612e-17    1.4612e-17
1770.25745    2.3201e-17    2.3201e-17    2.3201e-17
1773.70581    1.5860e-16    1.5860e-16    1.5860e-16
1777.16064    4.9327e-17    4.9327e-17    4.9327e-17
1780.62207    8.1958e-17    8.1958e-17    8.1958e-17
1784.09045    1.1325e-15    1.1325e-15    1.1325e-15
1787.56555    1.4534e-15    1.4534e-15    1.4534e-15
1791.04749    9.5984e-18    9.5984e-18    9.5984e-18
1794.53601    1.2573e-16    1.2573e-16    1.2573e-16
1798.03137    2.7366e-16    2.7366e-16    2.7366e-16
1801.53357    4.9717e-18    4.9717e-18    4.9717e-18
1805.04248    2.1734e-17    2.1734e-17    2.1734e-17
1808.55847    1.5025e-16    1.5025e-16    1.5025e-16
1812.08130    1.8731e-17    1.8731e-17    1.8731e-17
1815.61096    4.5872e-17    4.5872e-17    4.5872e-17
1819.14722    1.0495e-16    1.0495e-16    1.0495e-16
1822.69067    1.1839e-16    1.1839e-16    1.1839e-16
1826.24084    6.2911e-17    6.2911e-17    6.2911e-17
1829.79797    7.4554e-17    7.4554e-17    7.4554e-17
1833.36206    8.1025e-17    8.1025e-17    8.1025e-17
1836.93311    1.0754e-16    1.0754e-16    1.0754e-16
1840.51111    7.0571e-17    7.0572e-17    7.0570e-17
1844.09607    1.5765e-17    1.5765e-17    1.5765e-17
1847.68799    1.5163e-16    1.5163e-16    1.5163e-16
1851.28687    2.8603e-17    2.8603e-17    2.8603e-17
1854.89282    3.3154e-18    3.3127e-18    3.3181e-18
1858.50586    1.0956e-17    1.0956e-17    1.0956e-17
1862.12585    1.3763e-17    1.3757e-17    1.3770e-17
1865.75293    1.6051e-16    1.6051e-16    1.6051e-16
1869.38696    1.7145e-17    1.7145e-17    1.7145e-17
1873.02820    7.2409e-18    7.2409e-18    7.2409e-18
1876.67651    3.4959e-16    3.4959e-16    3.4959e-16
1880.33191    1.6121e-16    1.6121e-16    1.6121e-16
1883.99438    2.3738e-17    2.3738e-17    2.3738e-17
1887.66406    2.2596e-16    2.2596e-16    2.2596e-16
1891.34082    1.6952e-17    1.6952e-17    1.6952e-17
1895.02490    4.1002e-17    4.0987e-17    4.1018e-17
1898.71606    3.9040e-17    3.9040e-17    3.9040e-17
1902.41431    2.1438e-17    2.1438e-17    2.1438e-17
1906.11987    8.1544e-17    8.1544e-17    8.1544e-17
1909.83252    5.6974e-17    5.6974e-17    5.6974e-17
1913.55261    9.4415e-17    9.4415e-17    9.4415e-17
1917.27979    7.9009e-17    7.9009e-17    7.9009e-17
1921.01428    1.2173e-17    1.2173e-17    1.2173e-17
1924.75610    9.7633e-17    9.7626e-17    9.7640e-17
1928.50513    8.9533e-17    8.9533e-17    8.9533e-17
1932.26147    8.8477e-17    8.8477e-17    8.8477e-17
1936.02515    2.3970e-16    2.3970e-16    2.3970e-16
1939.79614    1.2457e-17    1.2457e-17    1.2457e-17
1943.57446    7.5993e-17    7.5993e-17    7.5993e-17
1947.36011    7.5221e-17    7.5221e-17    7.5221e-17
1951.15332    1.7518e-17    1.7518e-17    1.7518e-17
1954.95374    1.8757e-17    1.8757e-17    1.8757e-17
1958.76160    3.7889e-17    3.7889e-17    3.7889e-17
1962.57690    2.1898e-17    2.1898e-17    2.1898e-17
1966.39966    7.2165e-17    7.2165e-17    7.2165e-17
1970.22974    5.6122e-17    5.6122e-17    5.6122e-17
1974.06738    4.6777e-17    4.6777e-17    4.6777e-17
1977.91248    7.0834e-18    7.0832e-18    7.0836e-18
1981.76514    6.2407e-18    6.2407e-18    6.2407e-18
1985.62524    4.0764e-17    4.0764e-17    4.0764e-17
1989.49280    4.5395e-17    4.5395e-17    4.5395e-17
1993.36792    8.6680e-18    8.6680e-18    8.6680e-18
1997.25061    6.8310e-18    6.8310e-18    6.8310e-18
2001.14087    2.6869e-16    2.6869e-16    2.6869e-16
2005.03870    5.0981e-17    5.0981e-17    5.0981e-17
2008.94409    1.7483e-16    1.7483e-16    1.7483e-16
2012.85718    3.0835e-17    3.0835e-17    3.0835e-17
2016.77783    3.0536e-17    3.0536e-17    3.0536e-17
2020.70605    1.8877e-17    1.8877e-17    1.8877e-17
2024.64209    1.5021e-17    1.5021e-17    1.5021e-17
2028.58569    5.7935e-17    5.7935e-17    5.7935e-17
2032.53687    5.3241e-17    5.3241e-17    5.3241e-17
2036.49585    3.8685e-17    3.8685e-17    3.8685e-17
2040.46265    1.2800e-16    1.2797e-16    1.2802e-16
2044.43701    5.9465e-17    5.9465e-17    5.9465e-17
2048.41919    1.4554e-17    1.4554e-17    1.4554e-17
2052.40918    4.7374e-17    4.7374e-17    4.7374e-17
2056.40674    7.8593e-17    7.8592e-17    7.8595e-17
2060.41211    5.9177e-18    5.9177e-18    5.9177e-18
2064.42554    1.1003e-16    1.1003e-16    1.1003e-16
2068.44678    6.0427e-17    6.0423e-17    6.0432e-17
2072.47559    1.5492e-16    1.5492e-16    1.5492e-16
2076.51221    3.1999e-17    3.1999e-17    3.1999e-17
2080.55713    2.8896e-17    2.8896e-17    2.8897e-17
2084.60938    6.4750e-18    6.4736e-18    6.4763e-18
2088.66992    1.4346e-16    1.4346e-16    1.4347e-16
2092.73828    2.0928e-17    2.0928e-17    2.0928e-17
2096.81445    1.8256e-17    1.8252e-17    1.8261e-17
2100.89868    3.1818e-17    3.1817e-17    3.1819e-17
2104.99072    4.0418e-17    4.0418e-17    4.0418e-17
2109.09082    2.7920e-16    2.7920e-16    2.7920e-16
2113.19922    2.9068e-17    2.9068e-17    2.9068e-17
2117.31519    1.7018e-16    1.7018e-16    1.7019e-16
2121.43945    3.3923e-18    3.3923e-18    3.3923e-18
2125.57129    1.0594e-17    1.0594e-17    1.0595e-17
2129.71143    6.4109e-17    6.4109e-17    6.4109e-17
2133.85986    3.7677e-17    3.7676e-17    3.7679e-17
2138.01611    4.3538e-17    4.3538e-17    4.3538e-17
2142.18066    2.4555e-17    2.4555e-17    2.4555e-17
2146.35303    1.3440e-17    1.3440e-17    1.3440e-17
2150.53369    1.1666e-16    1.1666e-16    1.1666e-16
2154.72266    4.1086e-18    4.1086e-18    4.1086e-18
2158.91968    1.3484e-17    1.3484e-17    1.3484e-17
2163.12500    6.7782e-17    6.7780e-17    6.7783e-17
2167.33813    5.8857e-17    5.8857e-17    5.8858e-17
2171.55957    4.9062e-18    4.9062e-18    4.9062e-18
2175.78955    5.7551e-17    5.7551e-17    5.7552e-17
2180.02759    1.0646e-17    1.0646e-17    1.0646e-17
2184.27393    8.5041e-18    8.5040e-18    8.5042e-18
2188.52832    3.7882e-17    3.7881e-17    3.7883e-17
2192.79102    2.7454e-18    2.7454e-18    2.7454e-18
2197.06226    2.5006e-18    2.5006e-18    2.5006e-18
2201.34180    1.9561e-17    1.9561e-17    1.9561e-17
2205.62939    8.1541e-18    8.1541e-18    8.1541e-18
2209.92554    1.6310e-17    1.6310e-17    1.6310e-17
2214.22998    6.7963e-17    6.7961e-17    6.7966e-17
2218.54297    4.6269e-17    4.6268e-17    4.6269e-17
2222.86426    1.6365e-16    1.6365e-16    1.6365e-16
2227.19409    2.4361e-17    2.4361e-17    2.4361e-17
2231.53223    1.7198e-17    1.7198e-17    1.7198e-17
2235.87891    1.5202e-17    1.5202e-17    1.5202e-17
2240.23389    1.1197e-16    1.1197e-16    1.1197e-16
2244.59717    5.4154e-17    5.4154e-17    5.4154e-17
2248.96924    5.2615e-17    5.2615e-17    5.2615e-17
2253.34985    6.5569e-17    6.5564e-17    6.5574e-17
2257.73901    1.0856e-16    1.0856e-16    1.0856e-16
2262.13672    4.6598e-17    4.6598e-17    4.6598e-17
2266.54297    3.6357e-16    3.6357e-16    3.6357e-16
2270.95752    1.8203e-16    1.8202e-16    1.8203e-16
2275.38086    7.1391e-16    7.1391e-16    7.1391e-16
2279.81299    3.6238e-17    3.6232e-17    3.6244e-17
2284.25366    5.5497e-17    5.5497e-17    5.5497e-17
2288.70288    2.8330e-17    2.8330e-17    2.8330e-17
2293.16089    1.1342e-16    1.1342e-16    1.1342e-16
2297.62744    5.0120e-17    5.0119e-17    5.0121e-17
2302.10303    1.8946e-17    1.8946e-17    1.8946e-17
2306.58691    1.7494e-16    1.7470e-16    1.7519e-16
2311.07959    1.3534e-16    1.3534e-16    1.3534e-16
2315.58105    1.0514e-16    1.0514e-16    1.0514e-16
2320.09155    1.0238e-16    1.0238e-16    1.0238e-16
2324.61060    1.6347e-16    1.6347e-16    1.6347e-16
2329.13843    6.9025e-16    6.9025e-16    6.9025e-16
2333.67529    7.5165e-16    7.5165e-16    7.5165e-16
2338.22070    5.9174e-16    5.9174e-16    5.9174e-16
2342.77490    1.8772e-15    1.8772e-15    1.8772e-15
2347.33838    1.9854e-15    1.9854e-15    1.9854e-15
2351.91064    1.0888e-16    1.0888e-16    1.0888e-16
2356.49170    1.1153e-16    1.1153e-16    1.1153e-16
2361.08154    2.3662e-15    2.3662e-15    2.3662e-15
2365.68066    9.0137e-16    9.0137e-16    9.0137e-16
2370.28833    8.9062e-16    8.9062e-16    8.9062e-16
2374.90527    1.1924e-15    1.1924e-15    1.1924e-15
2379.53101    6.9476e-16    6.9476e-16    6.9476e-16
2384.16602    4.5008e-15    4.5007e-15    4.5008e-15
2388.80981    1.3058e-15    1.3058e-15    1.3058e-15
2393.46289    3.0652e-15    3.0652e-15    3.0652e-15
2398.12476    1.1287e-15    1.1287e-15    1.1287e-15
2402.79590    1.5993e-15    1.5993e-15    1.5993e-15
2407.47607    9.9814e-16    9.9814e-16    9.9814e-16
2412.16528    2.1915e-15    2.1915e-15    2.1915e-15
2416.86377    2.6163e-16    2.6163e-16    2.6163e-16
2421.57129    1.2255e-16    1.2255e-16    1.2255e-16
2426.28809    6.9584e-16    6.9584e-16    6.9584e-16
2431.01392    9.1281e-16    9.1281e-16    9.1281e-16
2435.74902    8.1878e-16    8.1878e-16    8.1878e-16
2440.49365    5.7450e-16    5.7450e-16    5.7450e-16
2445.24707    1.2506e-15    1.2506e-15    1.2506e-15
2450.01001    2.0731e-16    2.0731e-16    2.0731e-16
2454.78223    2.7165e-16    2.7165e-16    2.7165e-16
2459.56348    1.2701e-15    1.2701e-15    1.2701e-15
2464.35425    1.0477e-15    1.0477e-15    1.0477e-15
2469.15430    5.7835e-16    5.7835e-16    5.7835e-16
2473.96387    2.3676e-16    2.3676e-16    2.3676e-16
2478.78271    1.3693e-16    1.3693e-16    1.3693e-16
2483.61084    1.4769e-16    1.4769e-16    1.4769e-16
2488.44849    5.0097e-16    5.0097e-16    5.0097e-16
2493.29541    8.3192e-16    8.3192e-16    8.3192e-16
2498.15186    5.3555e-16    5.3555e-16    5.3555e-16
2503.01782    4.0876e-16    4.0876e-16    4.0876e-16
2507.89307    4.8192e-16    4.8192e-16    4.8192e-16
2512.77808    8.0402e-16    8.0394e-16    8.0410e-16
2517.67236    3.1994e-16    3.1994e-16    3.1994e-16
2522.57642    2.3449e-16    2.3449e-16    2.3449e-16
2527.48975    1.4928e-15    1.4928e-15    1.4928e-15
2532.41309    2.7746e-16    2.7746e-16    2.7746e-16
2537.34570    5.3550e-16    5.3550e-16    5.3550e-16
2542.28760    3.7343e-16    3.7343e-16    3.7343e-16
2547.23975    7.7114e-16    7.7114e-16    7.7114e-16
2552.20117    2.5555e-16    2.5555e-16    2.5555e-16
2557.17236    1.6034e-16    1.6034e-16    1.6034e-16
2562.15332    1.4365e-15    1.4365e-15    1.4365e-15
2567.14404    4.2478e-16    4.2478e-16    4.2478e-16
2572.14404    4.3886e-16    4.3886e-16    4.3886e-16
2577.15430    2.5775e-16    2.5775e-16    2.5775e-16
2582.17383    2.7015e-16    2.7015e-16    2.7015e-16
2587.20361    9.1597e-16    9.1597e-16    9.1597e-16
2592.24292    3.9150e-16    3.9150e-16    3.9151e-16
2597.29199    4.0164e-15    4.0164e-15    4.0164e-15
2602.35107    9.8009e-17    9.8009e-17    9.8009e-17
2607.41992    1.1541e-15    1.1541e-15    1.1541e-15
2612.49854    1.8294e-15    1.8290e-15    1.8298e-15
2617.58740    3.5406e-16    3.5406e-16    3.5406e-16
2622.68604    2.6685e-16    2.6682e-16    2.6688e-16
2627.79443    1.2320e-15    1.2308e-15    1.2332e-15
2632.91284    1.3660e-15    1.3660e-15    1.3661e-15
2638.04126    7.1921e-17    7.1917e-17    7.1924e-17
2643.17969    4.7694e-17    4.7694e-17    4.7694e-17
2648.32812    2.3449e-17    2.3449e-17    2.3449e-17
2653.48633    4.6388e-17    4.6388e-17    4.6388e-17
2658.65479    5.2732e-18    5.2732e-18    5.2732e-18
2663.83350    9.0341e-17    9.0341e-17    9.0342e-17
2669.02197    1.9325e-16    1.9325e-16    1.9325e-16
2674.22070    1.4157e-18    1.4150e-18    1.4163e-18
2679.42969    1.1802e-16    1.1802e-16    1.1802e-16
2684.64868    9.3450e-17    9.3450e-17    9.3450e-17
2689.87793    5.3715e-18    5.3715e-18    5.3715e-18
2695.11719    1.6137e-16    1.6138e-16    1.6137e-16
2700.36670    1.3929e-17    1.3929e-17    1.3929e-17
2705.62646    1.4334e-16    1.4334e-16    1.4334e-16
2710.89648    1.1685e-16    1.1685e-16    1.1685e-16
2716.17676    6.6052e-16    6.6052e-16    6.6052e-16
2721.46729    5.1093e-17    5.1090e-17    5.1095e-17
2726.76831    5.3448e-16    5.3448e-16    5.3448e-16
2732.07959    3.1139e-16    3.1078e-16    3.1201e-16
2737.40112    6.6105e-16    6.6105e-16    6.6105e-16
2742.73291    3.0519e-16    3.0519e-16    3.0519e-16
2748.07520    1.2311e-15    1.2311e-15    1.2311e-15
2753.42798    1.4865e-15    1.4865e-15    1.4865e-15
2758.79102    1.8565e-17    1.8565e-17    1.8565e-17
2764.16479    2.5982e-16    2.5982e-16    2.5982e-16
2769.54883    4.8332e-16    4.8332e-16    4.8332e-16
2774.94336    4.4512e-16    4.4512e-16    4.4512e-16
2780.34863    3.3763e-17    3.3763e-17    3.3763e-17
2785.76416    2.3000e-17    2.3000e-17    2.3000e-17
2791.18994    9.7456e-18    9.7455e-18    9.7457e-18
2796.62695    2.3247e-17    2.3249e-17    2.3245e-17
2802.07422    4.3482e-17    4.3483e-17    4.3482e-17
2807.53198    8.2311e-18    8.2311e-18    8.2311e-18
2813.00049    1.0078e-17    1.0078e-17    1.0078e-17
2818.47949    1.6357e-17    1.6357e-17    1.6357e-17
2823.96948    5.8354e-17    5.8354e-17    5.8354e-17
2829.47021    4.2716e-16    4.2715e-16    4.2716e-16
2834.98145    1.4330e-16    1.4330e-16    1.4330e-16
2840.50342    8.5864e-17    8.5864e-17    8.5864e-17
2846.03613    5.5912e-17    5.5912e-17    5.5912e-17
2851.57959    4.0391e-17    4.0391e-17    4.0391e-17
2857.13379    4.1779e-17    4.1779e-17    4.1779e-17
2862.69922    1.6606e-17    1.6606e-17    1.6606e-17
2868.27490    3.6062e-17    3.6062e-17    3.6062e-17
2873.86182    1.3233e-17    1.3233e-17    1.3233e-17
2879.45947    9.0170e-18    9.0170e-18    9.0170e-18
2885.06836    1.7747e-16    1.7747e-16    1.7747e-16
2890.68774    9.2965e-17    9.2965e-17    9.2965e-17
2896.31860    1.9129e-17    1.9129e-17    1.9129e-17
2901.95972    5.9403e-18    5.9403e-18    5.9403e-18
2907.61230    4.6867e-18    4.6867e-18    4.6867e-18
2913.27563    2.1325e-18    2.1325e-18    2.1325e-18
2918.95020    9.6581e-18    9.6581e-18    9.6581e-18
2924.63574    5.6980e-18    5.6980e-18    5.6980e-18
2930.33228    1.0674e-18    1.0674e-18    1.0674e-18
2936.04004    1.7297e-18    1.7296e-18    1.7297e-18
2941.75903    8.4326e-17    8.4326e-17    8.4326e-17
2947.48877    6.2517e-17    6.2521e-17    6.2514e-17
2953.22998    5.2152e-18    5.2152e-18    5.2152e-18
2958.98242    1.2981e-17    1.2981e-17    1.2981e-17
2964.74585    5.0318e-17    5.0318e-17    5.0318e-17
2970.52075    1.6881e-17    1.6881e-17    1.6881e-17
2976.30664    3.4683e-18    3.4683e-18    3.4683e-18
2982.10376    3.2695e-16    3.2695e-16    3.2695e-16
2987.91187    6.8504e-17    6.8504e-17    6.8504e-17
2993.73218    2.6105e-18    2.6105e-18    2.6105e-18
2999.56348    2.6130e-17    2.6130e-17    2.6130e-17
3005.40601    9.4638e-17    9.4638e-17    9.4638e-17
3011.25977    1.5865e-17    1.5865e-17    1.5865e-17
3017.12500    1.3388e-17    1.3388e-17    1.3388e-17
3023.00195    4.5110e-18    4.5110e-18    4.5110e-18
3028.89014    2.5893e-18    2.5893e-18    2.5893e-18
3034.79004    2.6536e-18    2.6536e-18    2.6536e-18
3040.70117    1.3571e-18    1.3571e-18    1.3571e-18
3046.62402    2.5346e-17    2.5346e-17    2.5346e-17
3052.55811    1.2076e-18    1.2076e-18    1.2076e-18
3058.50391    5.2587e-19    5.2587e-19    5.2587e-19
3064.46143    1.3396e-17    1.3396e-17    1.3396e-17
3070.43018    8.3293e-18    8.3294e-18    8.3294e-18
3076.41064    1.8794e-17    1.8794e-17    1.8794e-17
3082.40332    2.0972e-18    2.0972e-18    2.0972e-18
3088.40698    1.3339e-18    1.3339e-18    1.3339e-18
3094.42261    1.5011e-17    1.5011e-17    1.5011e-17
3100.44971    7.4049e-19    7.4049e-19    7.4049e-19
3106.48901    1.1061e-18    1.1061e-18    1.1061e-18
3112.53979    5.2071e-19    5.2071e-19    5.2071e-19
3118.60229    7.3289e-19    7.3289e-19    7.3289e-19
3124.67676    1.9678e-19    1.9678e-19    1.9678e-19
3130.76318    9.8227e-19    9.8227e-19    9.8227e-19
3136.86133    4.5363e-19    4.5365e-19    4.5361e-19
3142.97119    2.5169e-18    2.5169e-18    2.5169e-18
3149.09302    9.9677e-19    9.9678e-19    9.9676e-19
3155.22681    6.1553e-19    6.1554e-19    6.1552e-19
3161.37256    3.1719e-17    3.1738e-17    3.1701e-17
3167.53027    1.5340e-17    1.5340e-17    1.5340e-17
3173.70020    4.7273e-20    4.7280e-20    4.7266e-20
3179.88184    1.5754e-17    1.5754e-17    1.5754e-17
3186.07568    3.5931e-17    3.5889e-17    3.5974e-17
3192.28149    5.2470e-17    5.2470e-17    5.2470e-17
3198.49951    3.5837e-17    3.5837e-17    3.5837e-17
3204.72949    2.1239e-18    2.0856e-18    2.1623e-18
3210.97168    2.9543e-17    2.9543e-17    2.9542e-17
3217.22607    9.5307e-20    9.5307e-20    9.5307e-20
3223.49268    1.4416e-18    1.4416e-18    1.4416e-18
3229.77148    1.9973e-17    1.9974e-17    1.9973e-17
3236.06226    4.2415e-18    4.2415e-18    4.2415e-18
3242.36572    9.0002e-18    9.0002e-18    9.0002e-18
3248.68115    1.2962e-17    1.2962e-17    1.2962e-17
3255.00879    3.3742e-18    3.3742e-18    3.3742e-18
3261.34912    1.6851e-17    1.6899e-17    1.6803e-17
3267.70093    1.1563e-18    1.1563e-18    1.1563e-18
3274.06616    1.5641e-19    1.5641e-19    1.5641e-19
3280.44336    1.3480e-18    1.3480e-18    1.3480e-18
3286.83301    1.7132e-17    1.7132e-17    1.7132e-17
3293.23535    1.0260e-18    1.0260e-18    1.0260e-18
3299.64990    7.1444e-18    7.1448e-18    7.1440e-18
3306.07690    1.0794e-17    1.0794e-17    1.0794e-17
3312.51660    1.2618e-17    1.2618e-17    1.2618e-17
3318.96875    2.6211e-18    2.6211e-18    2.6211e-18
3325.43359    1.9855e-18    1.9855e-18    1.9855e-18
3331.91064    2.1198e-19    2.1198e-19    2.1198e-19
3338.40063    1.9873e-18    1.9873e-18    1.9873e-18
3344.90332    9.3953e-20    9.3951e-20    9.3954e-20
3351.41846    7.1214e-20    7.1214e-20    7.1214e-20
3357.94629    6.4441e-18    6.4441e-18    6.4441e-18
3364.48682    4.2694e-18    4.2694e-18    4.2694e-18
3371.04004    2.2790e-17    2.2790e-17    2.2790e-17
3377.60645    3.5802e-19    3.5802e-19    3.5802e-19
3384.18481    2.5321e-18    2.5321e-18    2.5321e-18
3390.77686    4.2710e-18    4.2710e-18    4.2710e-18
3397.38159    3.0885e-19    3.0885e-19    3.0885e-19
3403.99902    4.5996e-19    4.5996e-19    4.5996e-19
3410.62915    4.3917e-19    4.3917e-19    4.3917e-19
3417.27271    1.6391e-18    1.6391e-18    1.6391e-18
3423.92847    9.7933e-19    9.7932e-19    9.7933e-19
3430.59766    7.3710e-19    7.3710e-19    7.3710e-19
3437.27979    5.3826e-18    5.3824e-18    5.3828e-18
3443.97534    4.2643e-19    4.2621e-19    4.2665e-19
3450.68359    4.2331e-18    4.2319e-18    4.2343e-18
3457.40479    2.1194e-18    2.1166e-18    2.1222e-18
3464.13916    8.4109e-20    8.3738e-20    8.4480e-20
3470.88647    8.0730e-19    8.0734e-19    8.0727e-19
3477.64697    5.4348e-19    5.4254e-19    5.4443e-19
3484.42090    1.8948e-18    1.8948e-18    1.8948e-18
3491.20776    7.9988e-19    7.9988e-19    7.9988e-19
3498.00781    9.2290e-19    9.2276e-19    9.2304e-19
3504.82129    1.4179e-19    1.4179e-19    1.4179e-19
3511.64771    8.1445e-20    8.1432e-20    8.1457e-20
3518.48804    7.6803e-19    7.6803e-19    7.6803e-19
3525.34131    4.1283e-18    4.1284e-18    4.1284e-18
3532.20776    5.6861e-19    5.6575e-19    5.7147e-19
3539.08813    4.5823e-19    4.5823e-19    4.5823e-19
3545.98145    1.6100e-19    1.6100e-19    1.6100e-19
3552.88818    5.1174e-19    5.0676e-19    5.1672e-19
3559.80884    6.3415e-19    6.3415e-19    6.3415e-19
3566.74292    3.4342e-19    3.4342e-19    3.4342e-19
3573.68994    1.2190e-19    1.2190e-19    1.2190e-19
3580.65112    1.5814e-20    1.5814e-20    1.5814e-20
3587.62500    1.0575e-18    1.0574e-18    1.0575e-18
3594.61304    4.4625e-20    4.4625e-20    4.4625e-20
3601.61499    1.4405e-19    1.4405e-19    1.4405e-19
3608.63013    6.8759e-20    6.8759e-20    6.8759e-20
3615.65894    1.5712e-19    1.5716e-19    1.5707e-19
3622.70166    3.3396e-18    3.3396e-18    3.3396e-18
3629.75806    1.2264e-19    1.2264e-19    1.2264e-19
3636.82837    1.2777e-19    1.2775e-19    1.2780e-19
3643.91138    9.0050e-19    9.0050e-19    9.0050e-19
3651.00928    3.6887e-20    3.6887e-20    3.6887e-20
3658.12085    4.2075e-18    4.2075e-18    4.2075e-18
3665.24609    4.0274e-20    4.0273e-20    4.0274e-20
3672.38525    1.7877e-20    1.7862e-20    1.7893e-20
3679.53857    3.6150e-20    3.5834e-20    3.6467e-20
3686.70557    1.0370e-19    1.0234e-19    1.0506e-19
3693.88647    7.6724e-20    7.6701e-20    7.6746e-20
3701.08154    2.8951e-19    2.8840e-19    2.9062e-19
3708.29053    2.1396e-19    2.1397e-19    2.1395e-19
3715.51343    1.3254e-19    1.2987e-19    1.3520e-19
3722.75049    6.3765e-20    6.3759e-20    6.3770e-20
3730.00171    6.8888e-19    6.8888e-19    6.8888e-19
3737.26709    3.0602e-20    3.0599e-20    3.0604e-20
3744.54639    4.3693e-20    4.3693e-20    4.3693e-20
3751.84009    1.7342e-18    1.7320e-18    1.7364e-18
3759.14795    9.7983e-19    9.7983e-19    9.7983e-19
3766.47021    1.2646e-18    1.2646e-18    1.2646e-18
3773.80664    2.4189e-20    2.3964e-20    2.4414e-20
3781.15723    2.4236e-19    2.4235e-19    2.4237e-19
3788.52197    1.7253e-19    1.7253e-19    1.7253e-19
3795.90137    5.6082e-20    5.5030e-20    5.7135e-20
3803.29492    3.8072e-20    3.8072e-20    3.8072e-20
3810.70312    2.1498e-19    2.1498e-19    2.1498e-19
3818.12549    4.5021e-20    4.3958e-20    4.6085e-20
3825.56250    7.2858e-19    7.2858e-19    7.2858e-19
3833.01416    2.9014e-20    2.8937e-20    2.9091e-20
3840.47998    2.3944e-20    2.3944e-20    2.3944e-20
3847.96045    1.5940e-19    1.5940e-19    1.5940e-19
3855.45557    3.1432e-20    3.1432e-20    3.1432e-20
3862.96533    3.6645e-20    3.6645e-20    3.6645e-20
3870.48950    2.4081e-19    2.4081e-19    2.4081e-19
3878.02832    8.8836e-20    8.8836e-20    8.8836e-20
3885.58203    1.2030e-19    1.2030e-19    1.2031e-19
3893.15039    2.8752e-20    2.8708e-20    2.8797e-20
3900.73340    1.9358e-19    1.9358e-19    1.9358e-19
3908.33154    1.0412e-18    1.0412e-18    1.0412e-18
3915.94409    1.6675e-19    1.6675e-19    1.6675e-19
3923.57153    1.1248e-19    1.1248e-19    1.1248e-19
3931.21387    4.4465e-19    4.4465e-19    4.4465e-19
3938.87109    6.5765e-19    6.5765e-19    6.5765e-19
3946.54346    2.0746e-20    2.0746e-20    2.0746e-20
3954.23047    1.1009e-19    1.1009e-19    1.1009e-19
3961.93262    3.4815e-19    3.5047e-19    3.4582e-19
3969.64941    2.1520e-19    2.1234e-19    2.1806e-19
3977.38159    3.7964e-19    3.7964e-19    3.7964e-19
3985.12866    8.9841e-20    8.9841e-20    8.9841e-20
3992.89111    1.2414e-18    1.2414e-18    1.2414e-18
4000.66846    5.1561e-19    5.1561e-19    5.1561e-19
4008.46094    1.4237e-19    1.4237e-19    1.4237e-19
4016.26880    1.2412e-19    1.2412e-19    1.2412e-19
4024.09155    4.1503e-19    4.1496e-19    4.1509e-19
4031.92969    2.7234e-20    2.7234e-20    2.7234e-20
4039.78320    1.7636e-20    1.7636e-20    1.7636e-20
4047.65186    1.0081e-20    1.0081e-20    1.0081e-20
4055.53589    1.6992e-19    1.6992e-19    1.6992e-19
4063.43506    9.0277e-19    9.0277e-19    9.0277e-19
4071.35010    5.6794e-19    5.6794e-19    5.6794e-19
4079.28027    9.8233e-19    9.8233e-19    9.8233e-19
4087.22607    3.8841e-20    3.8841e-20    3.8841e-20
4095.18701    5.7181e-19    5.7181e-19    5.7181e-19
4103.16357    5.8676e-20    5.7442e-20    5.9911e-20
4111.15576    1.8351e-19    1.8351e-19    1.8351e-19
4119.16357    5.3157e-20    5.3155e-20    5.3159e-20
4127.18652    7.3162e-20    7.3162e-20    7.3162e-20
4135.22559    5.6912e-20    5.6912e-20    5.6912e-20
4143.28027    4.6125e-19    4.6124e-19    4.6126e-19
4151.35059    1.0866e-19    1.0866e-19    1.0866e-19
4159.43652    1.5468e-19    1.5468e-19    1.5468e-19
4167.53857    3.0094e-20    3.0094e-20    3.0094e-20
4175.65625    9.8970e-19    9.8970e-19    9.8970e-19
4183.78906    2.1845e-19    2.1845e-19    2.1845e-19
4191.93848    3.1249e-20    3.1249e-20    3.1249e-20
4200.10352    5.7026e-19    5.7025e-19    5.7026e-19
4208.28418    4.0728e-19    4.0728e-19    4.0728e-19
4216.48145    3.0427e-20    3.0427e-20    3.0427e-20
4224.69434    2.5587e-19    2.5587e-19    2.5587e-19
4232.92334    1.9467e-18    1.9467e-18    1.9467e-18
4241.16846    1.6165e-19    1.6165e-19    1.6165e-19
4249.42920    3.9178e-19    3.9178e-19    3.9178e-19
4257.70605    4.5173e-19    4.5173e-19    4.5173e-19
4265.99902    6.7347e-20    6.7347e-20    6.7347e-20
4274.30859    1.7592e-19    1.7592e-19    1.7592e-19
4282.63428    9.5401e-20    9.5401e-20    9.5401e-20
4290.97607    8.0846e-19    8.0847e-19    8.0847e-19
4299.33398    1.4105e-18    1.4105e-18    1.4105e-18
4307.70801    5.8016e-19    5.8016e-19    5.8016e-19
4316.09863    2.0295e-19    2.0295e-19    2.0295e-19
4324.50586    3.2641e-19    3.2641e-19    3.2641e-19
4332.92920    3.8623e-19    3.8623e-19    3.8623e-19
4341.36914    7.7865e-19    7.1011e-19    8.4719e-19
4349.82520    1.0736e-18    1.0736e-18    1.0736e-18
4358.29785    5.4841e-19    5.4841e-19    5.4841e-19
4366.78662    6.1226e-20    6.1226e-20    6.1226e-20
4375.29199    9.7882e-19    9.7882e-19    9.7882e-19
4383.81445    4.7492e-19    4.7492e-19    4.7492e-19
4392.35352    1.4591e-20    1.4591e-20    1.4591e-20
4400.90869    1.4650e-19    1.4650e-19    1.4650e-19
4409.48047    4.6607e-19    4.6607e-19    4.6607e-19
4418.06934    4.3459e-19    4.3459e-19    4.3459e-19
4426.67480    3.3352e-20    3.3352e-20    3.3352e-20
4435.29736    4.8898e-20    4.8898e-20    4.8898e-20
4443.93652    1.0004e-19    1.0004e-19    1.0004e-19
4452.59277    3.0525e-19    3.0525e-19    3.0525e-19
4461.26562    9.5658e-20    9.5658e-20    9.5658e-20
4469.95508    3.3112e-19    3.2632e-19    3.3593e-19
4478.66162    6.4573e-20    6.4573e-20    6.4573e-20
4487.38477    4.0058e-19    4.0058e-19    4.0058e-19
4496.12549    1.8524e-20    1.8524e-20    1.8524e-20
4504.88281    7.5115e-19    7.5115e-19    7.5115e-19
4513.65771    1.3351e-19    1.3351e-19    1.3351e-19
4522.44922    1.2267e-18    1.2267e-18    1.2267e-18
4531.25830    5.8240e-20    5.8240e-20    5.8240e-20
4540.08447    3.7919e-19    3.7756e-19    3.8083e-19
4548.92773    1.0945e-18    1.0945e-18    1.0945e-18
4557.78809    1.5854e-19    1.5854e-19    1.5854e-19
4566.66602    1.1502e-20    1.1502e-20    1.1502e-20
4575.56055    6.4409e-19    6.4409e-19    6.4409e-19
4584.47314    1.0403e-18    1.0403e-18    1.0403e-18
4593.40283    2.3303e-19    2.3303e-19    2.3303e-19
4602.34961    4.5477e-20    4.5477e-20    4.5477e-20
4611.31445    2.1894e-20    2.1894e-20    2.1894e-20
4620.29590    3.6418e-19    3.6418e-19    3.6418e-19
4629.29590    4.2250e-19    4.2250e-19    4.2250e-19
4638.31250    5.4019e-20    5.4019e-20    5.4019e-20
4647.34668    6.5701e-20    6.5701e-20    6.5701e-20
4656.39941    8.6496e-21    8.6496e-21    8.6496e-21
4665.46875    9.3177e-20    9.3177e-20    9.3177e-20
4674.55664    9.5980e-21    9.5980e-21    9.5980e-21
4683.66113    1.5329e-20    1.5211e-20    1.5448e-20
4692.78418    2.3771e-20    2.3771e-20    2.3771e-20
4701.92480    3.1844e-20    3.1844e-20    3.1844e-20
4711.08301    8.9887e-21    8.9760e-21    9.0014e-21
4720.25977    1.8479e-20    1.8479e-20    1.8479e-20
4729.45361    2.9280e-20    2.9280e-20    2.9280e-20
4738.66602    2.8711e-20    2.8711e-20    2.8711e-20
4747.89551    2.5886e-20    2.5886e-20    2.5886e-20
4757.14355    2.1023e-20    2.1023e-20    2.1023e-20
4766.41016    4.4238e-21    4.4238e-21    4.4238e-21
4775.69385    4.3870e-20    4.3870e-20    4.3870e-20
4784.99609    3.0131e-22    3.0131e-22    3.0131e-22
4794.31641    1.1939e-20    1.1939e-20    1.1939e-20
4803.65430    1.0539e-20    1.0539e-20    1.0539e-20
4813.01074    2.0678e-20    2.0678e-20    2.0678e-20
4822.38574    1.3677e-19    1.3677e-19    1.3677e-19
4831.77930    1.9675e-19    1.9675e-19    1.9675e-19
4841.19043    3.8369e-20    3.8369e-20    3.8369e-20
4850.62012    3.4105e-21    3.4105e-21    3.4105e-21
4860.06836    1.9284e-21    1.9021e-21    1.9547e-21
4869.53467    3.1006e-20    3.1006e-20    3.1006e-20
4879.01953    8.2522e-20    8.2522e-20    8.2522e-20
4888.52295    1.0797e-19    1.0797e-19    1.0797e-19
4898.04492    2.3816e-19    2.3816e-19    2.3816e-19
4907.58545    1.3765e-20    1.3765e-20    1.3765e-20
4917.14453    9.3881e-21    9.3881e-21    9.3881e-21
4926.72168    3.0739e-18    3.0739e-18    3.0739e-18
4936.31836    4.3925e-20    4.3925e-20    4.3925e-20
4945.93311    2.3079e-20    2.3079e-20    2.3079e-20
4955.56689    2.0430e-19    2.0430e-19    2.0430e-19
4965.21973    9.0410e-21    9.0410e-21    9.0410e-21
4974.89062    2.6364e-19    2.6364e-19    2.6364e-19
4984.58105    1.5990e-19    1.5990e-19    1.5990e-19
4994.29004    7.6822e-20    7.6822e-20    7.6822e-20
5004.01758    1.0771e-19    1.0771e-19    1.0771e-19
5013.76465    4.1248e-18    4.1280e-18    4.1217e-18
5023.53027    4.1326e-20    4.1326e-20    4.1326e-20
5033.31543    2.9279e-20    2.9279e-20    2.9279e-20
5043.11914    3.4405e-19    3.4405e-19    3.4405e-19
5052.94238    1.4924e-20    1.4924e-20    1.4924e-20
5062.78418    2.0138e-19    2.0138e-19    2.0138e-19
5072.64551    9.6027e-20    9.6027e-20    9.6027e-20
5082.52637    1.7042e-20    1.7042e-20    1.7042e-20
5092.42578    7.5333e-20    7.5333e-20    7.5333e-20
5102.34473    2.3414e-19    2.3414e-19    2.3414e-19
5112.28320    2.3989e-20    2.3989e-20    2.3989e-20
5122.24121    3.8775e-20    3.8775e-20    3.8775e-20
5132.21777    6.2783e-20    6.2783e-20    6.2783e-20
5142.21484    5.1415e-21    5.1415e-21    5.1415e-21
5152.23047    3.7447e-21    3.7447e-21    3.7447e-21
5162.26660    2.0082e-19    2.0082e-19    2.0082e-19
5172.32129    4.2602e-18    4.2602e-18    4.2602e-18
5182.39648    2.7509e-20    2.7509e-20    2.7509e-20
5192.49023    5.9407e-20    5.9407e-20    5.9407e-20
5202.60449    8.2093e-19    8.2093e-19    8.2093e-19
5212.73779    2.6848e-20    2.6848e-20    2.6848e-20
5222.89160    7.2979e-20    7.2979e-20    7.2979e-20
5233.06445    8.6786e-19    8.6786e-19    8.6786e-19
5243.25781    1.6568e-20    1.6568e-20    1.6568e-20
5253.47021    1.0361e-19    1.0361e-19    1.0361e-19
5263.70312    1.3804e-19    1.3804e-19    1.3804e-19
5273.95557    1.3209e-18    1.3209e-18    1.3209e-18
5284.22852    5.5196e-19    5.5196e-19    5.5196e-19
5294.52100    4.8397e-20    4.8397e-20    4.8397e-20
5304.83398    9.5306e-21    9.5306e-21    9.5306e-21
5315.16650    1.6212e-18    1.6212e-18    1.6212e-18
5325.51953    1.5620e-19    1.5620e-19    1.5620e-19
5335.89258    5.3123e-20    5.3123e-20    5.3123e-20
5346.28564    8.8064e-21    8.8064e-21    8.8064e-21
5356.69922    8.4014e-20    8.4014e-20    8.4014e-20
5367.13281    8.0341e-20    8.0341e-20    8.0341e-20
5377.58691    3.6943e-20    3.6943e-20    3.6943e-20
5388.06152    1.1172e-19    1.1172e-19    1.1172e-19
5398.55664    8.4611e-21    8.4611e-21    8.4611e-21
5409.07178    4.5813e-20    4.5811e-20    4.5815e-20
5419.60742    1.1086e-20    1.1086e-20    1.1086e-20
5430.16406    2.6741e-19    2.6741e-19    2.6741e-19
5440.74121    1.0385e-19    1.0385e-19    1.0385e-19
5451.33887    3.4714e-20    3.4714e-20    3.4714e-20
5461.95703    5.1270e-20    5.1270e-20    5.1270e-20
5472.59570    1.5971e-20    1.5971e-20    1.5971e-20
5483.25488    3.0532e-20    3.0532e-20    3.0532e-20
5493.93555    6.2843e-20    6.2843e-20    6.2843e-20
5504.63672    4.7913e-20    4.7913e-20    4.7913e-20
5515.35840    5.1946e-20    5.1946e-20    5.1946e-20
5526.10156    1.6611e-19    1.6611e-19    1.6611e-19
5536.86523    4.2089e-20    4.2089e-20    4.2089e-20
5547.64941    3.7951e-20    3.7951e-20    3.7951e-20
5558.45557    7.6729e-21    7.6729e-21    7.6729e-21
5569.28271    1.2364e-19    1.2364e-19    1.2364e-19
5580.12988    4.5548e-20    4.5548e-20    4.5548e-20
5590.99902    1.1215e-19    1.1215e-19    1.1215e-19
5601.88965    3.7113e-21    3.7113e-21    3.7113e-21
5612.80078    3.5858e-20    3.5858e-20    3.5858e-20
5623.73340    8.9446e-20    8.9446e-20    8.9446e-20
5634.68750    1.7082e-20    1.7082e-20    1.7082e-20
5645.66211    1.2513e-20    1.2513e-20    1.2513e-20
5656.65918    2.4979e-20    2.4979e-20    2.4979e-20
5667.67676    5.9604e-19    5.9604e-19    5.9604e-19
5678.71680    1.8188e-20    1.8188e-20    1.8188e-20
5689.77734    7.0878e-19    7.0878e-19    7.0878e-19
5700.86035    4.9079e-20    4.9079e-20    4.9079e-20
5711.96484    2.2419e-20    2.2419e-20    2.2419e-20
5723.09033    2.7806e-20    2.7806e-20    2.7806e-20
5734.23779    2.6677e-20    2.6677e-20    2.6677e-20
5745.40723    9.7824e-20    9.7824e-20    9.7824e-20
5756.59766    3.9209e-20    3.9209e-20    3.9209e-20
5767.81104    2.6382e-20    2.6382e-20    2.6382e-20
5779.04492    1.4085e-20    1.4085e-20    1.4085e-20
5790.30176    3.5465e-20    3.5465e-20    3.5465e-20
5801.58008    4.7937e-20    4.7937e-20    4.7937e-20
5812.88037    7.1465e-20    7.1465e-20    7.1464e-20
5824.20264    2.5711e-20    2.5711e-20    2.5711e-20
5835.54688    2.1782e-19    2.1782e-19    2.1782e-19
5846.91357    2.5956e-20    2.5956e-20    2.5956e-20
5858.30225    2.2676e-20    2.2676e-20    2.2676e-20
5869.71289    1.2927e-20    1.2924e-20    1.2930e-20
5881.14600    1.8362e-20    1.8361e-20    1.8363e-20
5892.60156    2.4354e-20    2.4354e-20    2.4354e-20
5904.07910    1.5133e-20    1.5133e-20    1.5133e-20
5915.57910    9.0396e-19    9.0396e-19    9.0396e-19
5927.10156    1.2250e-20    1.2250e-20    1.2250e-20
5938.64648    1.4326e-20    1.4326e-20    1.4326e-20
5950.21387    1.3546e-19    1.3546e-19    1.3547e-19
5961.80371    2.2761e-19    2.2761e-19    2.2761e-19
5973.41602    1.0150e-20    1.0150e-20    1.0150e-20
5985.05127    5.6833e-20    5.6833e-20    5.6833e-20
5996.70850    8.8737e-21    8.8737e-21    8.8737e-21
6008.38867    2.7129e-20    2.7129e-20    2.7129e-20
6020.09229    5.0445e-20    5.0445e-20    5.0445e-20
6031.81836    7.1360e-20    7.1360e-20    7.1360e-20
6043.56738    4.2270e-20    4.2270e-20    4.2270e-20
6055.33887    2.6923e-19    2.6923e-19    2.6923e-19
6067.13428    1.2672e-20    1.2672e-20    1.2672e-20
6078.95117    3.9297e-19    3.9297e-19    3.9297e-19
6090.79150    1.2782e-20    1.2782e-20    1.2782e-20
6102.65527    3.4406e-20    3.4406e-20    3.4406e-20
6114.54199    1.1675e-20    1.1675e-20    1.1675e-20
6126.45215    1.0453e-20    1.0453e-20    1.0453e-20
6138.38525    8.4297e-21    8.4297e-21    8.4297e-21
6150.34131    2.1397e-19    2.1397e-19    2.1397e-19
6162.32178    4.3160e-20    4.3160e-20    4.3160e-20
6174.32422    2.0914e-19    2.0914e-19    2.0914e-19
6186.35059    2.7285e-19    2.7285e-19    2.7285e-19
6198.40088    1.0469e-19    1.0469e-19    1.0469e-19
6210.47314    6.1152e-21    6.1152e-21    6.1152e-21
6222.57031    4.8948e-21    4.8948e-21    4.8948e-21
6234.69043    3.7542e-19    3.7541e-19    3.7543e-19
6246.83496    4.3814e-19    4.3814e-19    4.3814e-19
6259.00195    1.5150e-19    1.5150e-19    1.5150e-19
6271.19385    5.3696e-21    5.3696e-21    5.3696e-21
6283.40869    9.2909e-21    9.2909e-21    9.2909e-21
6295.64795    1.8035e-20    1.8035e-20    1.8035e-20
6307.91016    5.6580e-20    5.6580e-20    5.6580e-20
6320.19678    2.2595e-18    2.2595e-18    2.2595e-18
6332.50781    1.2299e-19    1.2299e-19    1.2299e-19
6344.84180    1.9532e-19    1.9532e-19    1.9532e-19
6357.20020    3.9017e-20    3.9017e-20    3.9017e-20
6369.58252    4.0770e-19    4.0770e-19    4.0770e-19
6381.98926    1.7784e-18    1.7784e-18    1.7784e-18
6394.42041    2.1463e-20    2.1463e-20    2.1463e-20
6406.87549    5.8017e-20    5.8017e-20    5.8017e-20
6419.35449    7.6354e-20    7.6354e-20    7.6354e-20
6431.85840    2.3238e-20    2.3238e-20    2.3238e-20
6444.38672    1.6939e-19    1.6939e-19    1.6939e-19
6456.93896    5.5196e-19    5.5196e-19    5.5196e-19
6469.51514    7.2941e-20    7.2941e-20    7.2941e-20
6482.11719    2.0851e-19    2.0851e-19    2.0851e-19
6494.74268    1.0459e-18    1.0459e-18    1.0459e-18
6507.39355    3.7773e-19    3.7773e-19    3.7773e-19
6520.06836    2.6482e-19    2.6482e-19    2.6482e-19
6532.76855    1.5494e-19    1.5494e-19    1.5494e-19
6545.49316    4.9548e-21    4.9548e-21    4.9548e-21
6558.24268    3.5721e-19    3.3071e-19    3.8371e-19
6571.01611    2.4824e-19    2.4824e-19    2.4824e-19
6583.81543    3.9174e-19    3.9174e-19    3.9174e-19
6596.63965    5.3636e-20    5.3636e-20    5.3636e-20
6609.48828    4.0012e-19    4.0012e-19    4.0012e-19
6622.36230    3.3875e-19    3.3875e-19    3.3875e-19
6635.26172    6.8032e-21    6.8032e-21    6.8032e-21
6648.18506    5.2146e-19    5.2146e-19    5.2146e-19
6661.13525    5.0779e-19    5.0779e-19    5.0779e-19
6674.10986    2.7779e-20    2.7774e-20    2.7784e-20
6687.10938    4.1403e-19    4.1403e-19    4.1404e-19
6700.13428    2.4916e-20    2.4915e-20    2.4916e-20
6713.18506    5.5113e-21    5.5113e-21    5.5113e-21
6726.26123    2.0297e-19    2.0297e-19    2.0297e-19
6739.36279    1.6784e-21    1.6784e-21    1.6784e-21
6752.48926    2.2320e-20    2.2320e-20    2.2320e-20
6765.64258    2.3146e-19    2.3146e-19    2.3146e-19
6778.82031    9.7081e-20    9.7081e-20    9.7081e-20
6792.02441    2.3654e-20    2.3654e-20    2.3654e-20
6805.25439    1.0718e-19    1.0718e-19    1.0718e-19
6818.50928    2.3220e-19    2.3219e-19    2.3220e-19
6831.78955    1.5471e-20    1.5471e-20    1.5472e-20
6845.09717    2.0518e-21    2.0518e-21    2.0518e-21
6858.43018    4.9645e-19    4.9645e-19    4.9645e-19
6871.78906    2.4709e-19    2.4709e-19    2.4709e-19
6885.17432    1.5064e-20    1.5064e-20    1.5064e-20
6898.58447    7.6202e-22    7.6202e-22    7.6202e-22
6912.02246    8.5215e-20    8.5215e-20    8.5215e-20
6925.48486    4.6164e-20    4.6164e-20    4.6165e-20
6938.97412    4.0027e-20    4.0027e-20    4.0027e-20
6952.49023    2.9544e-20    2.9544e-20    2.9544e-20
6966.03271    8.2983e-21    8.2983e-21    8.2983e-21
6979.60059    5.3366e-20    5.3366e-20    5.3366e-20
6993.19629    4.5755e-20    4.5755e-20    4.5755e-20
