1000.97394    1.2718e-17    1.9309e-17    1.1294e-18
1002.92358    5.0428e-18    7.4949e-18    7.3139e-19
1004.87708    7.7949e-18    1.1681e-17    9.6271e-19
1006.83441    6.1671e-18    9.1537e-18    9.1578e-19
1008.79553    6.3745e-18    9.5584e-18    7.7613e-19
1010.76050    2.6261e-19    3.7240e-19    6.9585e-20
1012.72925    2.2300e-18    3.3738e-18    2.1890e-19
1014.70178    4.9902e-18    7.5288e-18    5.2648e-19
1016.67822    4.6526e-18    7.0259e-18    4.7969e-19
1018.65857    2.8480e-18    4.3762e-18    1.6087e-19
1020.64270    4.3841e-18    6.7637e-18    2.0004e-19
1022.63074    3.2352e-18    5.0325e-18    7.5024e-20
1024.62256    8.3844e-19    1.3054e-18    1.7460e-20
1026.61841    4.0513e-19    6.2985e-19    1.0012e-20
1028.61792    4.0339e-18    6.2954e-18    5.7570e-20
1030.62158    1.7645e-17    2.7509e-17    3.0029e-19
1032.62891    7.1751e-17    1.1235e-16    3.6967e-19
1034.64038    1.8061e-17    2.7959e-17    6.5750e-19
1036.65564    1.7872e-17    2.7888e-17    2.6167e-19
1038.67480    2.0978e-18    3.1103e-18    3.1762e-19
1040.69800    4.9141e-18    7.2709e-18    7.6999e-19
1042.72510    5.4814e-18    8.0485e-18    9.6760e-19
1044.75610    5.9793e-18    8.6141e-18    1.3465e-18
1046.79102    4.7960e-18    6.8842e-18    1.1242e-18
1048.83008    1.0112e-18    1.3525e-18    4.1099e-19
1050.87292    5.0918e-18    7.4102e-18    1.0153e-18
1052.91980    3.7579e-18    4.8639e-18    1.8131e-18
1054.97070    1.8180e-17    2.7426e-17    1.9231e-18
1057.02563    1.2516e-17    1.7057e-17    4.5327e-18
1059.08447    1.3866e-17    2.0283e-17    2.5839e-18
1061.14734    4.0358e-17    5.9262e-17    7.1181e-18
1063.21436    4.9616e-17    7.7145e-17    1.2108e-18
1065.28516    1.3097e-17    1.9072e-17    2.5900e-18
1067.36011    4.3634e-17    6.6991e-17    2.5642e-18
1069.43921    2.6251e-17    3.8805e-17    4.1768e-18
1071.52222    3.2103e-17    4.6665e-17    6.4994e-18
1073.60938    9.2323e-17    1.4279e-16    3.5803e-18
1075.70056    6.0950e-17    9.2353e-17    5.7335e-18
1077.79590    4.4867e-17    6.4636e-17    1.0107e-17
1079.89514    5.8862e-18    7.8354e-18    2.4591e-18
1081.99854    1.9046e-17    2.9098e-17    1.3705e-18
1084.10608    2.9230e-17    4.4438e-17    2.4895e-18
1086.21777    9.3082e-18    1.1603e-17    5.2737e-18
1088.33350    2.6385e-17    3.9031e-17    4.1491e-18
1090.45337    4.3247e-17    6.3243e-17    8.0894e-18
1092.57727    2.5225e-17    3.7634e-17    3.4050e-18
1094.70532    3.6472e-17    5.1094e-17    1.0763e-17
1096.83765    3.9907e-17    5.9468e-17    5.5131e-18
1098.97412    4.7257e-17    7.1303e-17    4.9763e-18
1101.11475    3.7638e-17    5.5374e-17    6.4516e-18
1103.25952    1.8747e-17    2.6548e-17    5.0297e-18
1105.40845    5.0861e-17    7.5406e-17    7.7025e-18
1107.56152    7.5004e-17    1.1278e-16    8.5813e-18
1109.71887    3.4572e-17    5.1520e-17    4.7719e-18
1111.88037    7.1718e-17    1.0802e-16    7.8960e-18
1114.04614    1.4411e-16    2.1692e-16    1.6083e-17
1116.21606    4.7141e-17    7.1103e-17    5.0090e-18
1118.39014    7.8391e-18    1.0505e-17    3.1509e-18
1120.56860    9.7913e-18    1.3521e-17    3.2330e-18
1122.75122    2.9777e-17    4.6095e-17    1.0851e-18
1124.93811    3.6751e-17    5.5082e-17    4.5190e-18
1127.12927    7.5743e-17    1.1708e-16    3.0605e-18
1129.32471    5.3066e-17    8.0360e-17    5.0748e-18
1131.52441    5.5764e-17    8.3593e-17    6.8327e-18
1133.72839    7.8808e-17    1.2264e-16    1.7400e-18
1135.93665    1.2338e-16    1.8687e-16    1.1734e-17
1138.14917    3.6468e-17    5.5246e-17    3.4504e-18
1140.36621    6.4320e-17    9.4024e-17    1.2090e-17
1142.58740    5.7755e-17    8.6525e-17    7.1684e-18
1144.81299    1.8278e-16    2.7788e-16    1.5562e-17
1147.04272    1.4807e-16    2.2524e-16    1.2395e-17
1149.27698    9.7765e-17    1.4856e-16    8.4587e-18
1151.51562    9.4586e-17    1.4501e-16    5.9220e-18
1153.75854    1.0462e-16    1.5705e-16    1.2420e-17
1156.00586    3.3824e-17    4.9013e-17    7.1178e-18
1158.25745    6.2062e-17    9.1430e-17    1.0423e-17
1160.51355    9.5287e-17    1.3823e-16    1.9783e-17
1162.77393    5.2135e-17    7.6774e-17    8.8124e-18
1165.03882    5.6154e-17    8.3136e-17    8.7123e-18
1167.30811    7.8237e-17    1.1431e-16    1.4808e-17
1169.58179    6.3491e-17    9.4844e-17    8.3645e-18
1171.85986    9.0375e-17    1.3452e-16    1.2752e-17
1174.14246    8.3849e-17    1.2504e-16    1.1420e-17
1176.42944    6.0057e-17    9.0215e-17    7.0296e-18
1178.72095    2.2433e-17    3.3919e-17    2.2385e-18
1181.01685    3.5087e-17    5.3745e-17    2.2813e-18
1183.31714    3.2842e-17    5.0271e-17    2.1964e-18
1185.62207    5.1870e-17    7.8031e-17    5.8703e-18
1187.93140    7.7093e-17    1.1594e-16    8.7912e-18
1190.24536    3.5688e-17    5.4638e-17    2.3669e-18
1192.56372    7.8575e-17    1.2038e-16    5.0617e-18
1194.88647    3.2524e-17    4.9718e-17    2.2913e-18
1197.21387    3.1507e-16    4.9090e-16    5.8970e-18
1199.54590    3.3943e-16    5.2675e-16    1.0063e-17
1201.88232    1.0214e-16    1.5886e-16    2.4015e-18
1204.22339    3.3340e-17    5.1006e-17    2.2763e-18
1206.56897    9.9881e-17    1.5375e-16    5.1675e-18
1208.91919    2.0376e-16    3.1700e-16    4.6559e-18
1211.27393    1.4021e-16    2.1660e-16    5.8823e-18
1213.63330    3.5883e-17    5.4246e-17    3.5974e-18
1215.99719    3.1174e-17    4.7881e-17    1.7988e-18
1218.36572    9.9522e-17    1.4807e-16    1.4154e-17
1220.73877    4.3008e-16    6.4077e-16    5.9611e-17
1223.11658    2.8550e-17    4.1271e-17    6.1835e-18
1225.49902    1.4751e-17    2.2762e-17    6.6559e-19
1227.88599    2.0798e-17    3.2317e-17    5.4274e-19
1230.27771    9.1390e-18    1.4075e-17    4.6063e-19
1232.67407    3.1029e-17    4.8032e-17    1.1336e-18
1235.07507    3.7111e-17    5.7161e-17    1.8564e-18
1237.48071    2.5855e-17    3.9835e-17    1.2746e-18
1239.89111    3.4092e-17    5.2019e-17    2.5695e-18
1242.30615    3.6761e-17    5.6025e-17    2.8882e-18
1244.72595    2.2039e-17    3.3685e-17    1.5622e-18
1247.15039    1.3779e-17    2.0938e-17    1.1912e-18
1249.57959    2.3111e-17    3.4714e-17    2.7097e-18
1252.01355    2.4148e-17    3.6427e-17    2.5578e-18
1254.45215    2.4152e-17    3.6574e-17    2.3092e-18
1256.89563    4.8318e-17    7.2414e-17    5.9507e-18
1259.34375    7.8395e-17    1.1944e-16    6.2319e-18
1261.79675    5.8922e-17    8.8634e-17    6.6790e-18
1264.25452    1.8610e-16    2.8124e-16    1.8818e-17
1266.71704    7.1881e-16    1.0714e-15    9.8783e-17
1269.18433    3.3873e-17    4.9976e-17    5.5593e-18
1271.65649    1.0055e-16    1.4826e-16    1.6666e-17
1274.13342    2.9317e-17    4.3067e-17    5.1399e-18
1276.61523    5.6180e-17    8.5549e-17    4.5404e-18
1279.10181    4.7722e-17    6.7747e-17    1.2512e-17
1281.59326    2.7695e-17    3.9587e-17    6.7863e-18
1284.08960    3.2277e-17    4.6037e-17    8.0833e-18
1286.59070    4.2891e-17    5.8773e-17    1.4966e-17
1289.09668    2.4165e-16    3.3831e-16    7.1700e-17
1291.60767    1.3022e-16    1.8060e-16    4.1637e-17
1294.12341    1.4240e-16    1.9785e-16    4.4904e-17
1296.64404    2.2299e-16    3.3562e-16    2.4964e-17
1299.16968    1.8822e-16    2.6712e-16    4.9488e-17
1301.70020    3.8784e-17    5.5181e-17    9.9548e-18
1304.23572    8.0535e-17    1.2032e-16    1.0586e-17
1306.77612    3.8333e-17    5.2156e-17    1.4028e-17
1309.32141    1.4779e-17    2.0532e-17    4.6621e-18
1311.87183    1.9344e-17    2.5335e-17    8.8115e-18
1314.42700    3.0938e-17    4.2330e-17    1.0907e-17
1316.98730    3.4845e-17    4.4327e-17    1.8172e-17
1319.55249    4.4768e-17    5.8681e-17    2.0305e-17
1322.12280    4.6296e-17    6.0797e-17    2.0799e-17
1324.69800    3.9821e-17    4.9521e-17    2.2767e-17
1327.27820    4.3686e-17    5.4649e-17    2.4411e-17
1329.86353    3.2755e-17    4.0495e-17    1.9146e-17
1332.45386    4.1510e-17    5.1504e-17    2.3937e-17
1335.04919    1.8523e-17    2.6326e-17    4.8027e-18
1337.64966    1.8800e-17    2.3355e-17    1.0790e-17
1340.25513    1.5176e-16    1.6971e-16    1.2019e-16
1342.86560    2.1567e-17    2.3897e-17    1.7470e-17
1345.48120    4.6471e-17    5.5380e-17    3.0806e-17
1348.10205    5.7907e-18    6.7227e-18    4.1518e-18
1350.72778    8.6033e-17    9.3994e-17    7.2037e-17
1353.35876    5.1128e-17    5.9341e-17    3.6687e-17
1355.99487    5.3367e-17    6.4345e-17    3.4066e-17
1358.63611    3.2886e-17    4.2049e-17    1.6774e-17
1361.28247    1.0450e-16    1.2389e-16    7.0413e-17
1363.93396    1.0195e-16    1.3749e-16    3.9475e-17
1366.59058    7.0896e-17    8.7776e-17    4.1216e-17
1369.25244    3.8376e-17    4.5766e-17    2.5382e-17
1371.91956    7.4730e-17    8.8833e-17    4.9934e-17
1374.59180    1.1778e-16    1.4501e-16    6.9920e-17
1377.26929    9.3532e-17    1.1333e-16    5.8721e-17
1379.95190    7.1845e-17    8.3737e-17    5.0934e-17
1382.63965    7.4469e-17    8.4934e-17    5.6068e-17
1385.33276    4.2264e-17    4.5758e-17    3.6121e-17
1388.03125    5.9248e-17    6.9938e-17    4.0451e-17
1390.73486    4.0907e-17    4.6295e-17    3.1435e-17
1393.44360    5.7077e-17    6.4447e-17    4.4118e-17
1396.15784    4.1531e-17    4.8134e-17    2.9922e-17
1398.87720    1.2655e-16    1.5126e-16    8.3105e-17
1401.60205    7.1150e-17    9.1029e-17    3.6197e-17
1404.33203    5.4992e-17    6.4336e-17    3.8563e-17
1407.06738    2.6464e-17    2.9592e-17    2.0964e-17
1409.80811    6.3837e-17    6.9236e-17    5.4344e-17
1412.55420    3.6477e-17    4.4213e-17    2.2875e-17
1415.30554    1.3718e-16    1.4213e-16    1.2848e-16
1418.06213    8.0422e-17    8.4465e-17    7.3315e-17
1420.82446    8.9627e-17    8.9135e-17    9.0491e-17
1423.59180    5.2800e-17    5.6796e-17    4.5774e-17
1426.36475    1.8552e-17    2.1819e-17    1.2808e-17
1429.14307    1.5350e-16    1.5104e-16    1.5781e-16
1431.92676    7.5214e-17    9.4494e-17    4.1315e-17
1434.71582    2.4146e-17    2.8291e-17    1.6857e-17
1437.51038    3.7029e-16    3.4301e-16    4.1826e-16
1440.31030    8.5502e-17    9.5058e-17    6.8701e-17
1443.11572    1.0951e-16    1.1054e-16    1.0771e-16
1445.92676    5.3404e-17    5.4551e-17    5.1389e-17
1448.74316    1.2691e-16    1.1802e-16    1.4253e-16
1451.56494    1.4525e-16    1.4815e-16    1.4014e-16
1454.39233    3.0162e-16    2.7933e-16    3.4080e-16
1457.22522    4.5640e-17    4.3518e-17    4.9371e-17
1460.06360    1.7975e-16    1.6638e-16    2.0326e-16
1462.90747    3.6296e-17    3.6927e-17    3.5187e-17
1465.75696    1.8220e-16    1.6825e-16    2.0673e-16
1468.61206    8.7433e-17    8.5488e-17    9.0852e-17
1471.47253    1.5827e-16    1.4543e-16    1.8084e-16
1474.33862    2.1757e-16    2.1286e-16    2.2587e-16
1477.21045    2.5590e-16    2.2284e-16    3.1404e-16
1480.08777    8.6120e-17    8.1151e-17    9.4857e-17
1482.97058    1.0749e-16    1.0082e-16    1.1924e-16
1485.85913    3.8775e-17    3.8095e-17    3.9970e-17
1488.75342    6.8007e-17    6.7371e-17    6.9127e-17
1491.65332    4.6368e-17    4.6460e-17    4.6207e-17
1494.55859    2.6686e-17    2.8383e-17    2.3700e-17
1497.46985    1.7823e-17    2.0462e-17    1.3183e-17
1500.38647    1.2089e-17    1.1896e-17    1.2428e-17
1503.30896    3.4325e-17    3.5380e-17    3.2470e-17
1506.23706    4.9896e-17    5.6310e-17    3.8618e-17
1509.17090    4.7653e-17    4.6483e-17    4.9711e-17
1512.11060    4.2810e-17    5.0814e-17    2.8737e-17
1515.05591    2.3358e-17    2.6164e-17    1.8424e-17
1518.00684    3.0669e-18    3.3898e-18    2.4991e-18
1520.96362    4.0280e-17    4.1797e-17    3.7612e-17
1523.92627    2.7055e-17    3.0609e-17    2.0807e-17
1526.89453    3.2127e-17    3.8686e-17    2.0595e-17
1529.86865    5.5483e-18    5.4158e-18    5.7813e-18
1532.84839    1.1953e-17    1.3549e-17    9.1453e-18
1535.83411    3.0912e-16    3.2649e-16    2.7858e-16
1538.82568    2.6149e-16    2.3350e-16    3.1071e-16
1541.82300    3.6351e-17    3.8622e-17    3.2359e-17
1544.82617    6.8784e-18    6.5721e-18    7.4168e-18
1547.83521    9.8372e-16    8.4412e-16    1.2292e-15
1550.85010    3.7301e-17    3.7278e-17    3.7342e-17
1553.87085    3.1701e-17    2.8465e-17    3.7392e-17
1556.89746    4.7412e-17    5.6485e-17    3.1461e-17
1559.92993    2.3432e-17    3.4716e-17    3.5923e-18
1562.96863    2.1968e-17    2.8737e-17    1.0066e-17
1566.01282    9.6990e-18    1.2027e-17    5.6050e-18
1569.06311    3.6041e-17    5.1481e-17    8.8910e-18
1572.11938    3.1436e-17    3.6721e-17    2.2143e-17
1575.18152    3.3347e-17    4.5916e-17    1.1245e-17
1578.24963    4.7219e-17    5.5725e-17    3.2263e-17
1581.32373    3.2131e-17    3.5763e-17    2.5744e-17
1584.40381    2.1371e-17    2.4570e-17    1.5747e-17
1587.48999    2.6399e-17    3.5428e-17    1.0524e-17
1590.58215    8.4439e-18    7.9318e-18    9.3444e-18
1593.68018    3.1058e-17    2.7684e-17    3.6991e-17
1596.78442    1.1545e-17    1.0158e-17    1.3983e-17
1599.89465    1.6451e-17    1.6921e-17    1.5624e-17
1603.01086    1.7744e-17    2.2315e-17    9.7066e-18
1606.13330    2.6202e-17    2.8106e-17    2.2853e-17
1609.26172    2.5945e-17    3.7767e-17    5.1582e-18
1612.39636    2.1085e-17    2.8504e-17    8.0397e-18
1615.53674    1.3706e-18    1.7053e-18    7.8208e-19
1618.68347    1.8484e-17    2.6478e-17    4.4278e-18
1621.83630    3.1677e-17    4.3468e-17    1.0947e-17
1624.99548    3.8163e-17    5.2473e-17    1.3001e-17
1628.16064    6.8237e-17    8.3025e-17    4.2234e-17
1631.33203    2.9412e-17    3.8666e-17    1.3142e-17
1634.50952    4.5311e-17    6.3254e-17    1.3761e-17
1637.69312    9.5296e-17    1.2238e-16    4.7678e-17
1640.88306    2.1794e-16    2.2161e-16    2.1148e-16
1644.07922    4.5744e-17    5.0791e-17    3.6868e-17
1647.28162    3.1165e-17    4.4799e-17    7.1908e-18
1650.49023    3.9901e-17    5.9190e-17    5.9849e-18
1653.70496    4.4098e-17    6.3729e-17    9.5806e-18
1656.92603    3.3852e-17    4.5526e-17    1.3326e-17
1660.15369    1.8359e-17    2.7394e-17    2.4721e-18
1663.38721    8.7213e-18    1.2810e-17    1.5315e-18
1666.62720    7.1716e-18    8.7099e-18    4.4670e-18
1669.87317    5.8505e-17    7.0001e-17    3.8290e-17
1673.12585    5.2517e-17    6.5999e-17    2.8811e-17
1676.38489    1.2141e-16    1.2945e-16    1.0726e-16
1679.65027    8.8333e-17    8.6559e-17    9.1451e-17
1682.92188    7.3771e-17    6.6828e-17    8.5979e-17
1686.19958    8.6790e-17    7.9639e-17    9.9365e-17
1689.48413    2.6846e-17    3.2377e-17    1.7121e-17
1692.77502    1.7615e-17    2.5392e-17    3.9412e-18
1696.07227    9.0991e-17    7.8754e-17    1.1251e-16
1699.37573    1.0843e-17    1.4105e-17    5.1070e-18
1702.68567    3.6231e-17    4.6628e-17    1.7952e-17
1706.00232    1.8171e-17    2.2109e-17    1.1246e-17
1709.32544    4.2249e-17    4.7913e-17    3.2290e-17
1712.65491    2.0875e-17    2.4082e-17    1.5237e-17
1715.99060    3.8998e-17    4.4281e-17    2.9709e-17
1719.33301    2.4604e-17    3.4823e-17    6.6346e-18
1722.68188    5.8425e-17    5.8140e-17    5.8927e-17
1726.03735    4.1916e-17    5.5918e-17    1.7297e-17
1729.39941    8.5730e-18    1.1087e-17    4.1525e-18
1732.76807    1.4600e-17    1.7945e-17    8.7203e-18
1736.14307    7.8527e-18    8.6722e-18    6.4117e-18
1739.52466    6.0708e-18    5.6784e-18    6.7607e-18
1742.91296    7.9490e-18    8.5212e-18    6.9429e-18
1746.30786    1.4294e-17    1.7813e-17    8.1079e-18
1749.70935    4.6224e-17    4.7923e-17    4.3237e-17
1753.11755    1.3840e-18    1.2052e-18    1.6985e-18
1756.53223    4.6139e-18    3.9944e-18    5.7031e-18
1759.95325    1.9211e-17    2.6172e-17    6.9732e-18
1763.38147    2.8015e-17    2.7528e-17    2.8872e-17
1766.81628    2.3719e-17    2.0776e-17    2.8893e-17
1770.25745    1.2029e-17    1.2935e-17    1.0437e-17
1773.70581    3.1735e-17    3.1022e-17    3.2988e-17
1777.16064    1.3615e-17    1.7304e-17    7.1286e-18
1780.62207    1.1311e-17    1.3986e-17    6.6088e-18
1784.09045    6.0292e-17    7.7940e-17    2.9263e-17
1787.56555    1.3171e-16    1.6288e-16    7.6897e-17
1791.04749    2.0763e-17    2.2583e-17    1.7564e-17
1794.53601    3.5359e-17    3.8991e-17    2.8973e-17
1798.03137    3.2346e-17    4.4641e-17    1.0727e-17
1801.53357    4.2340e-18    3.5507e-18    5.4356e-18
1805.04248    3.2801e-17    3.5552e-17    2.7965e-17
1808.55847    1.8079e-17    2.0443e-17    1.3923e-17
1812.08130    1.3705e-17    1.1488e-17    1.7604e-17
1815.61096    1.4436e-17    1.7681e-17    8.7284e-18
1819.14722    9.0302e-18    1.1745e-17    4.2564e-18
1822.69067    1.6231e-17    2.1331e-17    7.2635e-18
1826.24084    1.8861e-17    2.2936e-17    1.1696e-17
1829.79797    1.4014e-17    1.8048e-17    6.9209e-18
1833.36206    1.4595e-17    1.9361e-17    6.2166e-18
1836.93311    1.8328e-17    1.9383e-17    1.6472e-17
1840.51111    2.7594e-17    2.4584e-17    3.2885e-17
1844.09607    1.7386e-17    1.5821e-17    2.0137e-17
1847.68799    1.3069e-17    1.8205e-17    4.0390e-18
1851.28687    1.5635e-17    1.5923e-17    1.5129e-17
1854.89282    4.8114e-18    4.4606e-18    5.4282e-18
1858.50586    9.3174e-18    1.0268e-17    7.6458e-18
1862.12585    2.6205e-17    2.4136e-17    2.9842e-17
1865.75293    1.3452e-17    1.6539e-17    8.0238e-18
1869.38696    1.6570e-17    1.6163e-17    1.7286e-17
1873.02820    7.6106e-18    7.5855e-18    7.6548e-18
1876.67651    2.1422e-17    2.7622e-17    1.0521e-17
1880.33191    2.0782e-17    2.5257e-17    1.2912e-17
1883.99438    3.3912e-17    2.8958e-17    4.2622e-17
1887.66406    3.3388e-17    4.4268e-17    1.4259e-17
1891.34082    8.7940e-18    1.0559e-17    5.6907e-18
1895.02490    9.4171e-18    1.1448e-17    5.8454e-18
1898.71606    2.2217e-17    2.3715e-17    1.9583e-17
1902.41431    3.2700e-17    4.1905e-17    1.6515e-17
1906.11987    1.3676e-17    1.4895e-17    1.1533e-17
1909.83252    1.2582e-17    1.5582e-17    7.3089e-18
1913.55261    1.2513e-17    1.5827e-17    6.6871e-18
1917.27979    2.3375e-17    2.7024e-17    1.6959e-17
1921.01428    1.3456e-17    1.2314e-17    1.5463e-17
1924.75610    2.1581e-17    2.6657e-17    1.2655e-17
1928.50513    2.2382e-17    2.5374e-17    1.7121e-17
1932.26147    1.1027e-17    1.2538e-17    8.3700e-18
1936.02515    1.7237e-17    2.4370e-17    4.6940e-18
1939.79614    1.3405e-17    1.1636e-17    1.6515e-17
1943.57446    1.8973e-17    2.0621e-17    1.6076e-17
1947.36011    3.2156e-17    3.1529e-17    3.3258e-17
1951.15332    1.1532e-17    1.1770e-17    1.1112e-17
1954.95374    4.5323e-17    4.0154e-17    5.4411e-17
1958.76160    1.6188e-16    1.3181e-16    2.1473e-16
1962.57690    2.7704e-17    2.5610e-17    3.1387e-17
1966.39966    9.1146e-17    8.2643e-17    1.0610e-16
1970.22974    6.2406e-17    6.0600e-17    6.5582e-17
1974.06738    1.3277e-16    1.1180e-16    1.6963e-16
1977.91248    2.6262e-17    2.2835e-17    3.2289e-17
1981.76514    4.9371e-18    4.2705e-18    6.1091e-18
1985.62524    2.1269e-17    1.9710e-17    2.4010e-17
1989.49280    1.2468e-17    1.3428e-17    1.0782e-17
1993.36792    1.4444e-17    1.2406e-17    1.8028e-17
1997.25061    1.0898e-17    9.3228e-18    1.3666e-17
2001.14087    2.7729e-17    3.3462e-17    1.7650e-17
2005.03870    1.6246e-17    1.9712e-17    1.0151e-17
2008.94409    3.1637e-17    3.8523e-17    1.9529e-17
2012.85718    2.3715e-17    2.5229e-17    2.1053e-17
2016.77783    3.7067e-17    3.5467e-17    3.9881e-17
2020.70605    1.1451e-17    1.3719e-17    7.4628e-18
2024.64209    5.1164e-17    4.2391e-17    6.6589e-17
2028.58569    1.1347e-16    9.8738e-17    1.3939e-16
2032.53687    2.5016e-17    2.7060e-17    2.1422e-17
2036.49585    1.0747e-17    1.2063e-17    8.4326e-18
2040.46265    1.3952e-17    1.8773e-17    5.4732e-18
2044.43701    1.3879e-17    1.7721e-17    7.1227e-18
2048.41919    1.0331e-17    8.9889e-18    1.2692e-17
2052.40918    8.2381e-18    9.8395e-18    5.4223e-18
2056.40674    1.5992e-17    2.0374e-17    8.2862e-18
2060.41211    8.4507e-18    8.2275e-18    8.8431e-18
2064.42554    2.2190e-17    2.9876e-17    8.6750e-18
2068.44678    3.2625e-17    3.1225e-17    3.5085e-17
2072.47559    2.4519e-17    2.6444e-17    2.1135e-17
2076.51221    2.7315e-17    2.2622e-17    3.5567e-17
2080.55713    1.2811e-17    1.3578e-17    1.1462e-17
2084.60938    6.8610e-18    5.7059e-18    8.8919e-18
2088.66992    1.0638e-17    1.4008e-17    4.7133e-18
2092.73828    1.7301e-17    1.4733e-17    2.1815e-17
2096.81445    1.3618e-17    1.3854e-17    1.3203e-17
2100.89868    1.9719e-17    1.8564e-17    2.1751e-17
2104.99072    2.9610e-17    2.4636e-17    3.8356e-17
2109.09082    4.2221e-17    5.6266e-17    1.7525e-17
2113.19922    1.7124e-17    1.5170e-17    2.0560e-17
2117.31519    6.1418e-17    5.9333e-17    6.5083e-17
2121.43945    4.7427e-18    5.1533e-18    4.0209e-18
2125.57129    1.0263e-17    8.3613e-18    1.3607e-17
2129.71143    2.5589e-17    2.8508e-17    2.0457e-17
2133.85986    1.6278e-17    1.4739e-17    1.8985e-17
2138.01611    3.1935e-17    4.0016e-17    1.7726e-17
2142.18066    1.9185e-17    1.8577e-17    2.0254e-17
2146.35303    2.6955e-17    3.3221e-17    1.5937e-17
2150.53369    2.1753e-17    2.6632e-17    1.3175e-17
2154.72266    1.1985e-17    1.3008e-17    1.0185e-17
2158.91968    1.2289e-17    1.2654e-17    1.1646e-17
2163.12500    2.2208e-17    2.3773e-17    1.9457e-17
2167.33813    3.2875e-17    3.6012e-17    2.7357e-17
2171.55957    1.0355e-17    9.0938e-18    1.2573e-17
2175.78955    2.8396e-17    2.9722e-17    2.6064e-17
2180.02759    7.5294e-18    8.2003e-18    6.3497e-18
2184.27393    2.2427e-17    1.9104e-17    2.8271e-17
2188.52832    2.0941e-17    2.2096e-17    1.8911e-17
2192.79102    5.3670e-18    4.6546e-18    6.6195e-18
2197.06226    3.4436e-18    2.8241e-18    4.5330e-18
2201.34180    8.9336e-18    7.5513e-18    1.1364e-17
2205.62939    1.2983e-17    1.1609e-17    1.5399e-17
2209.92554    1.6077e-17    1.4692e-17    1.8513e-17
2214.22998    2.5285e-17    2.6657e-17    2.2873e-17
2218.54297    1.4973e-17    1.5770e-17    1.3573e-17
2222.86426    3.6718e-17    4.3165e-17    2.5384e-17
2227.19409    1.7964e-17    1.7994e-17    1.7911e-17
2231.53223    2.2059e-17    2.0294e-17    2.5163e-17
2235.87891    4.2861e-17    5.5950e-17    1.9847e-17
2240.23389    4.1282e-17    4.5278e-17    3.4256e-17
2244.59717    7.2416e-17    8.7600e-17    4.5718e-17
2248.96924    5.2594e-17    6.9355e-17    2.3123e-17
2253.34985    4.9665e-17    6.6073e-17    2.0813e-17
2257.73901    3.3422e-17    3.9567e-17    2.2618e-17
2262.13672    8.2353e-17    1.1571e-16    2.3695e-17
2266.54297    9.3298e-17    1.3046e-16    2.7960e-17
2270.95752    5.9414e-17    6.8776e-17    4.2953e-17
2275.38086    6.2655e-17    7.6595e-17    3.8143e-17
2279.81299    7.0800e-17    8.9207e-17    3.8434e-17
2284.25366    3.9164e-17    4.7876e-17    2.3846e-17
2288.70288    2.4637e-17    2.1548e-17    3.0068e-17
2293.16089    5.2474e-17    5.5855e-17    4.6530e-17
2297.62744    2.5930e-17    2.4529e-17    2.8394e-17
2302.10303    1.8185e-17    1.7281e-17    1.9775e-17
2306.58691    8.8090e-17    7.5450e-17    1.1032e-16
2311.07959    6.3476e-17    6.2759e-17    6.4736e-17
2315.58105    4.3174e-17    4.5581e-17    3.8941e-17
2320.09155    3.6479e-17    4.0680e-17    2.9093e-17
2324.61060    4.7216e-17    4.9293e-17    4.3563e-17
2329.13843    1.1022e-16    1.5061e-16    3.9208e-17
2333.67529    3.8724e-17    5.8738e-17    3.5331e-18
2338.22070    6.4543e-17    8.4257e-17    2.9879e-17
2342.77490    1.1354e-16    1.6736e-16    1.8902e-17
2347.33838    1.6198e-16    2.2688e-16    4.7863e-17
2351.91064    3.4677e-17    3.3928e-17    3.5993e-17
2356.49170    6.6310e-17    7.5781e-17    4.9657e-17
2361.08154    2.9613e-16    4.2763e-16    6.4908e-17
2365.68066    1.6243e-16    2.2304e-16    5.5857e-17
2370.28833    9.3815e-17    1.3082e-16    2.8747e-17
2374.90527    1.4007e-16    1.9580e-16    4.2084e-17
2379.53101    8.2611e-17    1.1886e-16    1.8872e-17
2384.16602    4.3723e-16    6.5506e-16    5.4218e-17
2388.80981    1.0157e-16    1.3858e-16    3.6506e-17
2393.46289    3.5043e-16    4.5316e-16    1.6981e-16
2398.12476    1.1315e-16    1.4851e-16    5.0984e-17
2402.79590    1.3178e-16    1.7618e-16    5.3713e-17
2407.47607    1.3018e-16    1.5510e-16    8.6352e-17
2412.16528    1.9206e-16    2.6049e-16    7.1739e-17
2416.86377    1.1563e-16    1.1349e-16    1.1941e-16
2421.57129    6.9651e-17    7.0138e-17    6.8795e-17
2426.28809    1.1216e-16    1.3198e-16    7.7319e-17
2431.01392    3.5018e-16    3.2496e-16    3.9453e-16
2435.74902    1.5253e-16    1.5846e-16    1.4209e-16
2440.49365    1.1607e-16    1.1193e-16    1.2335e-16
2445.24707    1.5429e-16    1.6605e-16    1.3362e-16
2450.01001    2.2260e-16    1.9469e-16    2.7169e-16
2454.78223    1.3342e-16    1.2425e-16    1.4956e-16
2459.56348    1.7198e-16    1.8091e-16    1.5628e-16
2464.35425    2.1657e-16    2.2176e-16    2.0744e-16
2469.15430    1.5747e-16    1.6916e-16    1.3692e-16
2473.96387    1.6521e-16    1.6171e-16    1.7137e-16
2478.78271    8.0907e-17    8.7399e-17    6.9490e-17
2483.61084    9.6181e-17    1.1019e-16    7.1551e-17
2488.44849    1.9243e-16    1.7553e-16    2.2215e-16
2493.29541    7.0474e-17    8.1780e-17    5.0593e-17
2498.15186    6.4618e-17    7.6437e-17    4.3835e-17
2503.01782    8.7483e-17    9.6435e-17    7.1741e-17
2507.89307    3.6252e-16    3.2017e-16    4.3699e-16
2512.77808    1.2772e-16    1.4101e-16    1.0436e-16
2517.67236    5.7561e-17    5.8561e-17    5.5804e-17
2522.57642    7.5136e-17    7.2858e-17    7.9141e-17
2527.48975    1.5213e-16    1.8001e-16    1.0311e-16
2532.41309    4.2746e-17    5.1792e-17    2.6840e-17
2537.34570    1.3631e-16    1.4317e-16    1.2425e-16
2542.28760    9.2061e-17    1.0356e-16    7.1840e-17
2547.23975    1.0147e-16    1.2080e-16    6.7481e-17
2552.20117    6.2170e-17    6.4413e-17    5.8228e-17
2557.17236    5.1480e-17    5.7150e-17    4.1510e-17
2562.15332    2.0445e-16    2.6225e-16    1.0282e-16
2567.14404    9.0315e-17    1.0058e-16    7.2272e-17
2572.14404    9.3178e-17    8.7735e-17    1.0275e-16
2577.15430    5.1195e-17    6.4006e-17    2.8667e-17
2582.17383    9.0521e-17    1.0157e-16    7.1089e-17
2587.20361    1.3797e-16    1.9108e-16    4.4588e-17
2592.24292    8.5670e-17    1.1616e-16    3.2055e-17
2597.29199    3.1533e-16    4.5419e-16    7.1169e-17
2602.35107    2.7598e-17    3.0192e-17    2.3036e-17
2607.41992    1.8327e-16    2.2096e-16    1.1701e-16
2612.49854    3.1069e-16    4.2108e-16    1.1659e-16
2617.58740    9.4077e-17    1.3338e-16    2.4969e-17
2622.68604    1.4244e-16    1.8832e-16    6.1756e-17
2627.79443    3.6214e-16    4.8761e-16    1.4153e-16
2632.91284    2.6440e-16    3.5562e-16    1.0402e-16
2638.04126    3.3756e-17    3.1488e-17    3.7744e-17
2643.17969    3.2195e-17    2.8718e-17    3.8309e-17
2648.32812    1.8387e-17    1.4555e-17    2.5125e-17
2653.48633    3.3935e-17    2.9387e-17    4.1931e-17
2658.65479    1.3876e-17    1.1465e-17    1.8115e-17
2663.83350    1.8725e-17    2.0469e-17    1.5659e-17
2669.02197    4.6470e-17    4.7327e-17    4.4963e-17
2674.22070    3.1918e-18    2.5017e-18    4.4051e-18
2679.42969    2.5797e-17    2.6756e-17    2.4111e-17
2684.64868    5.3374e-17    4.7431e-17    6.3824e-17
2689.87793    1.6004e-17    1.3182e-17    2.0967e-17
2695.11719    7.6373e-17    9.1916e-17    4.9042e-17
2700.36670    1.1004e-17    9.6995e-18    1.3297e-17
2705.62646    9.1383e-17    7.9855e-17    1.1165e-16
2710.89648    7.0649e-17    8.7896e-17    4.0323e-17
2716.17676    2.0285e-16    2.3865e-16    1.3989e-16
2721.46729    3.6784e-17    3.2743e-17    4.3889e-17
2726.76831    1.0266e-16    1.3965e-16    3.7632e-17
2732.07959    1.2844e-16    1.7399e-16    4.8361e-17
2737.40112    1.6920e-16    1.9765e-16    1.1918e-16
2742.73291    6.7615e-17    8.8549e-17    3.0806e-17
2748.07520    2.5649e-16    3.4784e-16    9.5869e-17
2753.42798    2.8545e-16    3.4131e-16    1.8724e-16
2758.79102    3.9761e-17    4.9196e-17    2.3171e-17
2764.16479    7.3871e-17    8.4958e-17    5.4378e-17
2769.54883    1.2867e-16    1.4113e-16    1.0676e-16
2774.94336    1.3927e-16    1.6867e-16    8.7577e-17
2780.34863    4.6487e-17    4.0036e-17    5.7830e-17
2785.76416    5.5401e-17    4.7936e-17    6.8525e-17
2791.18994    1.8351e-16    1.8455e-16    1.8168e-16
2796.62695    3.1809e-17    4.0175e-17    1.7099e-17
2802.07422    2.6458e-17    3.0920e-17    1.8611e-17
2807.53198    2.4131e-17    2.3092e-17    2.5960e-17
2813.00049    1.2436e-17    1.0537e-17    1.5773e-17
2818.47949    1.8898e-16    1.5134e-16    2.5516e-16
2823.96948    1.8014e-16    1.4994e-16    2.3325e-16
2829.47021    1.4635e-16    1.3872e-16    1.5975e-16
2834.98145    5.7814e-17    6.0030e-17    5.3919e-17
2840.50342    9.1328e-16    7.2605e-16    1.2425e-15
2846.03613    5.4134e-16    4.3108e-16    7.3521e-16
2851.57959    1.3725e-16    1.1087e-16    1.8363e-16
2857.13379    4.3384e-16    3.4383e-16    5.9212e-16
2862.69922    9.6096e-17    7.7055e-17    1.2957e-16
2868.27490    1.0312e-16    8.5530e-17    1.3404e-16
2873.86182    1.4990e-16    1.1930e-16    2.0371e-16
2879.45947    2.8437e-16    2.3087e-16    3.7843e-16
2885.06836    1.2165e-16    1.0738e-16    1.4674e-16
2890.68774    4.7348e-17    4.5315e-17    5.0922e-17
2896.31860    2.9261e-17    2.5078e-17    3.6617e-17
2901.95972    1.0661e-17    9.0592e-18    1.3479e-17
2907.61230    5.2190e-17    4.4295e-17    6.6073e-17
2913.27563    2.4983e-18    1.9831e-18    3.4042e-18
2918.95020    2.1716e-17    2.1804e-17    2.1561e-17
2924.63574    5.5759e-17    7.6189e-17    1.9837e-17
2930.33228    2.0817e-18    1.6534e-18    2.8350e-18
2936.04004    8.6927e-18    6.8701e-18    1.1897e-17
2941.75903    4.8211e-17    6.1213e-17    2.5350e-17
2947.48877    6.3095e-17    7.5104e-17    4.1979e-17
2953.22998    2.2706e-17    3.2143e-17    6.1133e-18
2958.98242    2.6499e-17    2.6464e-17    2.6559e-17
2964.74585    7.0547e-17    9.4413e-17    2.8582e-17
2970.52075    5.1528e-17    5.9175e-17    3.8082e-17
2976.30664    2.2463e-17    2.2764e-17    2.1933e-17
2982.10376    1.1660e-16    1.4957e-16    5.8626e-17
2987.91187    4.5828e-17    5.9825e-17    2.1215e-17
2993.73218    6.6261e-18    5.2163e-18    9.1050e-18
2999.56348    2.3345e-17    2.1272e-17    2.6990e-17
3005.40601    7.0035e-17    9.5658e-17    2.4982e-17
3011.25977    2.5220e-17    1.9936e-17    3.4510e-17
3017.12500    1.8386e-17    1.4595e-17    2.5051e-17
3023.00195    5.5102e-18    4.3520e-18    7.5466e-18
3028.89014    8.2702e-18    6.5281e-18    1.1333e-17
3034.79004    6.8101e-17    5.3580e-17    9.3632e-17
3040.70117    3.8233e-18    3.0226e-18    5.2312e-18
3046.62402    7.0062e-17    5.6808e-17    9.3367e-17
3052.55811    4.8530e-17    3.8185e-17    6.6720e-17
3058.50391    1.7607e-18    1.3825e-18    2.4257e-18
3064.46143    1.3982e-17    1.2099e-17    1.7295e-17
3070.43018    4.7954e-17    3.7736e-17    6.5920e-17
3076.41064    4.2466e-16    3.3443e-16    5.8332e-16
3082.40332    3.2999e-18    2.6358e-18    4.4677e-18
3088.40698    2.4089e-18    1.9021e-18    3.3001e-18
3094.42261    1.1962e-17    1.1176e-17    1.3344e-17
3100.44971    1.6910e-18    1.3334e-18    2.3198e-18
3106.48901    1.2462e-17    9.8847e-18    1.6994e-17
3112.53979    2.3193e-18    1.8303e-18    3.1790e-18
3118.60229    2.2197e-18    1.7572e-18    3.0329e-18
3124.67676    3.0702e-19    2.4122e-19    4.2273e-19
3130.76318    2.2653e-18    1.7889e-18    3.1030e-18
3136.86133    7.7886e-19    6.1555e-19    1.0660e-18
3142.97119    3.4761e-17    4.4371e-17    1.7862e-17
3149.09302    3.1013e-18    2.4737e-18    4.2047e-18
3155.22681    1.9023e-18    1.4997e-18    2.6101e-18
3161.37256    1.0284e-16    1.3301e-16    4.9793e-17
3167.53027    4.4656e-17    5.8852e-17    1.9696e-17
3173.70020    1.0491e-17    8.2405e-18    1.4449e-17
3179.88184    2.4721e-17    2.1010e-17    3.1247e-17
3186.07568    1.1482e-16    1.5223e-16    4.9024e-17
3192.28149    6.2921e-17    8.1597e-17    3.0083e-17
3198.49951    6.1369e-17    8.6029e-17    1.8008e-17
3204.72949    3.7865e-18    3.0962e-18    5.0001e-18
3210.97168    5.7601e-17    7.7308e-17    2.2950e-17
3217.22607    3.9947e-18    3.1353e-18    5.5057e-18
3223.49268    2.9606e-18    2.3266e-18    4.0755e-18
3229.77148    5.0987e-17    6.3924e-17    2.8240e-17
3236.06226    1.1412e-17    1.0283e-17    1.3396e-17
3242.36572    1.2844e-17    1.0908e-17    1.6249e-17
3248.68115    2.2474e-17    1.9022e-17    2.8544e-17
3255.00879    5.1618e-17    6.2354e-17    3.2742e-17
3261.34912    2.1399e-17    2.0503e-17    2.2975e-17
3267.70093    1.2775e-17    1.1309e-17    1.5354e-17
3274.06616    4.7584e-18    3.7511e-18    6.5297e-18
3280.44336    1.2357e-16    1.5636e-16    6.5930e-17
3286.83301    2.5208e-17    2.2632e-17    2.9738e-17
3293.23535    2.5454e-17    2.7484e-17    2.1885e-17
3299.64990    2.2456e-17    1.9426e-17    2.7785e-17
3306.07690    2.9014e-17    2.7959e-17    3.0869e-17
3312.51660    2.2680e-17    1.9698e-17    2.7923e-17
3318.96875    8.1063e-18    6.3690e-18    1.1161e-17
3325.43359    3.8268e-18    3.0441e-18    5.2030e-18
3331.91064    4.4087e-19    3.4583e-19    6.0797e-19
3338.40063    5.9250e-18    4.7535e-18    7.9849e-18
3344.90332    2.3530e-19    1.8464e-19    3.2437e-19
3351.41846    1.2275e-19    9.6284e-20    1.6930e-19
3357.94629    1.2199e-17    9.7803e-18    1.6453e-17
3364.48682    6.5918e-18    5.3590e-18    8.7593e-18
3371.04004    1.3378e-17    1.0502e-17    1.8435e-17
3377.60645    1.0177e-16    8.0082e-17    1.3990e-16
3384.18481    2.7326e-17    2.1515e-17    3.7544e-17
3390.77686    8.2163e-18    6.4459e-18    1.1329e-17
3397.38159    8.7374e-19    6.8537e-19    1.2050e-18
3403.99902    1.0630e-18    8.3379e-19    1.4660e-18
3410.62915    1.1460e-18    9.2783e-19    1.5297e-18
3417.27271    1.4094e-17    1.1456e-17    1.8733e-17
3423.92847    1.4519e-18    1.1389e-18    2.0023e-18
3430.59766    3.9397e-18    3.0968e-18    5.4220e-18
3437.27979    8.0048e-18    6.5569e-18    1.0551e-17
3443.97534    3.6153e-17    2.8387e-17    4.9809e-17
3450.68359    4.8954e-17    3.7822e-17    6.8528e-17
3457.40479    3.7888e-17    2.9909e-17    5.1919e-17
3464.13916    3.0128e-18    2.3992e-18    4.0915e-18
3470.88647    1.7366e-18    1.3736e-18    2.3747e-18
3477.64697    1.1886e-17    9.7368e-18    1.5665e-17
3484.42090    8.7983e-18    6.9210e-18    1.2099e-17
3491.20776    8.0259e-18    6.3256e-18    1.1016e-17
3498.00781    1.7500e-17    1.4165e-17    2.3363e-17
3504.82129    7.4248e-17    5.8309e-17    1.0227e-16
3511.64771    3.2275e-19    2.5313e-19    4.4517e-19
3518.48804    8.6101e-18    6.8931e-18    1.1629e-17
3525.34131    7.3084e-18    5.7351e-18    1.0075e-17
3532.20776    8.9856e-18    7.0516e-18    1.2386e-17
3539.08813    6.3571e-17    4.9877e-17    8.7649e-17
3545.98145    4.2188e-18    3.3090e-18    5.8185e-18
3552.88818    1.7821e-18    1.4127e-18    2.4317e-18
3559.80884    6.6997e-19    5.2611e-19    9.2292e-19
3566.74292    8.0953e-19    6.3632e-19    1.1141e-18
3573.68994    5.8864e-19    4.8749e-19    7.6651e-19
3580.65112    1.2364e-19    9.6980e-20    1.7051e-19
3587.62500    1.4747e-18    1.1565e-18    2.0343e-18
3594.61304    2.3616e-19    1.8524e-19    3.2570e-19
3601.61499    3.8202e-19    2.9964e-19    5.2687e-19
3608.63013    3.4583e-19    2.7126e-19    4.7695e-19
3615.65894    4.1595e-19    3.2611e-19    5.7391e-19
3622.70166    6.0392e-18    4.8001e-18    8.2179e-18
3629.75806    6.6477e-19    5.3175e-19    8.9867e-19
3636.82837    4.0103e-19    3.1507e-19    5.5217e-19
3643.91138    2.8318e-18    2.2721e-18    3.8160e-18
3651.00928    1.2500e-19    9.8042e-20    1.7239e-19
3658.12085    6.4877e-18    5.4827e-18    8.2549e-18
3665.24609    8.1261e-19    6.3738e-19    1.1207e-18
3672.38525    1.8316e-19    1.4366e-19    2.5262e-19
3679.53857    1.8359e-19    1.4335e-19    2.5435e-19
3686.70557    3.6865e-19    2.8624e-19    5.1356e-19
3693.88647    1.5444e-19    1.2113e-19    2.1301e-19
3701.08154    5.0344e-19    3.9504e-19    6.9406e-19
3708.29053    2.4070e-19    1.8880e-19    3.3196e-19
3715.51343    2.1845e-19    1.6883e-19    3.0570e-19
3722.75049    1.2339e-18    9.6863e-19    1.7003e-18
3730.00171    7.0462e-19    5.5327e-19    9.7072e-19
3737.26709    6.3595e-20    4.9876e-20    8.7716e-20
3744.54639    5.2598e-19    4.1307e-19    7.2451e-19
3751.84009    2.9599e-18    2.3218e-18    4.0820e-18
3759.14795    1.7045e-18    1.3390e-18    2.3471e-18
3766.47021    3.2859e-17    2.6236e-17    4.4505e-17
3773.80664    5.6446e-20    4.4575e-20    7.7319e-20
3781.15723    1.0094e-17    8.0869e-18    1.3623e-17
3788.52197    6.9487e-19    5.4646e-19    9.5583e-19
3795.90137    1.0530e-18    8.2808e-19    1.4484e-18
3803.29492    1.0083e-19    7.9091e-20    1.3906e-19
3810.70312    4.1269e-19    3.2422e-19    5.6826e-19
3818.12549    1.3917e-19    1.0916e-19    1.9194e-19
3825.56250    7.0102e-17    5.7730e-17    9.1855e-17
3833.01416    5.1183e-19    4.1069e-19    6.8968e-19
3840.47998    2.7840e-18    2.1836e-18    3.8398e-18
3847.96045    5.0147e-19    3.9345e-19    6.9139e-19
3855.45557    2.8794e-20    2.2585e-20    3.9711e-20
3862.96533    5.6590e-20    4.4387e-20    7.8047e-20
3870.48950    1.4228e-17    1.1246e-17    1.9471e-17
3878.02832    4.6062e-19    3.6145e-19    6.3501e-19
3885.58203    1.4212e-19    1.1137e-19    1.9619e-19
3893.15039    1.6881e-18    1.3278e-18    2.3216e-18
3900.73340    1.6532e-19    1.2969e-19    2.2798e-19
3908.33154    4.5405e-18    3.5673e-18    6.2516e-18
3915.94409    3.5320e-18    2.8361e-18    4.7555e-18
3923.57153    1.6793e-19    1.3172e-19    2.3161e-19
3931.21387    7.0575e-18    5.6642e-18    9.5075e-18
3938.87109    1.6660e-17    1.4508e-17    2.0444e-17
3946.54346    5.2781e-18    4.3063e-18    6.9868e-18
3954.23047    1.0447e-19    8.1938e-20    1.4408e-19
3961.93262    4.3047e-18    3.3233e-18    6.0303e-18
3969.64941    9.2819e-18    7.7984e-18    1.1890e-17
3977.38159    4.1735e-17    3.3473e-17    5.6261e-17
3985.12866    1.5077e-18    1.1972e-18    2.0537e-18
3992.89111    6.3190e-19    4.9583e-19    8.7114e-19
4000.66846    1.6773e-17    1.3233e-17    2.2997e-17
4008.46094    3.0816e-19    2.4171e-19    4.2501e-19
4016.26880    4.5142e-19    3.5408e-19    6.2257e-19
4024.09155    8.3699e-19    6.5629e-19    1.1547e-18
4031.92969    5.6537e-19    4.4350e-19    7.7965e-19
4039.78320    1.2452e-19    9.7667e-20    1.7173e-19
4047.65186    2.0109e-19    1.5773e-19    2.7733e-19
4055.53589    8.3172e-20    6.5235e-20    1.1471e-19
4063.43506    1.5503e-18    1.2164e-18    2.1374e-18
4071.35010    4.8323e-18    3.7907e-18    6.6639e-18
4079.28027    4.2394e-18    3.3264e-18    5.8448e-18
4087.22607    2.5998e-18    2.0396e-18    3.5849e-18
4095.18701    5.7722e-18    4.5276e-18    7.9607e-18
4103.16357    3.3184e-19    2.5639e-19    4.6449e-19
4111.15576    1.8532e-18    1.4536e-18    2.5557e-18
4119.16357    5.5282e-18    4.3740e-18    7.5575e-18
4127.18652    4.4447e-18    3.5196e-18    6.0712e-18
4135.22559    2.8695e-18    2.2540e-18    3.9518e-18
4143.28027    7.1414e-18    5.6018e-18    9.8486e-18
4151.35059    4.0531e-19    3.1791e-19    5.5898e-19
4159.43652    2.7917e-18    2.1900e-18    3.8495e-18
4167.53857    2.1303e-19    1.6715e-19    2.9371e-19
4175.65625    1.1281e-16    9.0964e-17    1.5121e-16
4183.78906    7.5334e-19    5.9123e-19    1.0384e-18
4191.93848    1.4155e-19    1.1103e-19    1.9522e-19
4200.10352    6.0087e-19    4.7130e-19    8.2868e-19
4208.28418    2.4482e-18    1.9333e-18    3.3537e-18
4216.48145    4.3817e-20    3.4368e-20    6.0430e-20
4224.69434    4.0730e-19    3.1947e-19    5.6173e-19
4232.92334    7.3458e-17    6.7772e-17    8.3456e-17
4241.16846    4.5911e-16    3.6362e-16    6.2702e-16
4249.42920    1.3542e-18    1.0636e-18    1.8652e-18
4257.70605    4.1499e-18    3.2672e-18    5.7020e-18
4265.99902    1.2351e-18    9.6881e-19    1.7034e-18
4274.30859    2.0232e-16    1.5949e-16    2.7762e-16
4282.63428    1.0813e-19    8.4812e-20    1.4913e-19
4290.97607    2.4141e-16    1.9143e-16    3.2929e-16
4299.33398    3.4848e-17    2.8200e-17    4.6538e-17
4307.70801    6.1222e-17    4.8085e-17    8.4322e-17
4316.09863    1.3187e-16    1.0381e-16    1.8122e-16
4324.50586    8.4423e-19    6.6213e-19    1.1644e-18
4332.92920    2.4752e-17    2.0067e-17    3.2989e-17
4341.36914    1.6468e-17    1.3034e-17    2.2507e-17
4349.82520    2.2034e-16    1.7578e-16    2.9868e-16
4358.29785    3.0093e-16    2.3736e-16    4.1272e-16
4366.78662    3.4607e-18    2.7196e-18    4.7637e-18
4375.29199    1.1712e-16    9.7533e-17    1.5156e-16
4383.81445    4.5356e-17    3.6136e-17    6.1567e-17
4392.35352    7.8820e-20    6.1823e-20    1.0870e-19
4400.90869    1.5775e-17    1.2650e-17    2.1271e-17
4409.48047    9.8883e-17    8.3490e-17    1.2595e-16
4418.06934    1.8210e-16    1.4546e-16    2.4654e-16
4426.67480    1.9006e-19    1.4908e-19    2.6212e-19
4435.29736    1.4865e-17    1.1718e-17    2.0399e-17
4443.93652    2.7193e-19    2.1329e-19    3.7503e-19
4452.59277    7.9333e-17    6.2401e-17    1.0910e-16
4461.26562    3.5856e-17    2.8148e-17    4.9411e-17
4469.95508    1.9511e-17    1.5510e-17    2.6546e-17
4478.66162    3.9761e-17    3.1227e-17    5.4765e-17
4487.38477    6.4272e-17    5.1292e-17    8.7094e-17
4496.12549    8.4000e-18    6.5897e-18    1.1583e-17
4504.88281    2.3091e-17    1.8869e-17    3.0513e-17
4513.65771    2.9005e-17    2.2954e-17    3.9643e-17
4522.44922    7.7747e-17    6.3974e-17    1.0197e-16
4531.25830    1.2668e-17    9.9748e-18    1.7403e-17
4540.08447    1.8627e-17    1.5130e-17    2.4775e-17
4548.92773    3.8586e-17    3.2738e-17    4.8867e-17
4557.78809    3.0276e-17    2.4486e-17    4.0457e-17
4566.66602    3.7892e-20    2.9721e-20    5.2259e-20
4575.56055    3.3885e-17    2.8386e-17    4.3552e-17
4584.47314    7.3517e-17    6.2180e-17    9.3453e-17
4593.40283    4.8055e-18    3.8044e-18    6.5658e-18
4602.34961    1.9846e-18    1.5567e-18    2.7370e-18
4611.31445    3.4302e-20    2.6905e-20    4.7308e-20
4620.29590    3.5770e-17    2.9581e-17    4.6652e-17
4629.29590    1.3901e-16    1.1416e-16    1.8271e-16
4638.31250    2.1105e-17    1.6561e-17    2.9094e-17
4647.34668    6.4482e-18    5.1163e-18    8.7901e-18
4656.39941    2.3071e-19    1.8096e-19    3.1818e-19
4665.46875    3.1338e-17    2.4979e-17    4.2518e-17
4674.55664    2.8889e-19    2.2683e-19    3.9802e-19
4683.66113    9.3436e-18    7.3304e-18    1.2883e-17
4692.78418    1.4211e-20    1.1146e-20    1.9599e-20
4701.92480    6.7413e-19    5.2877e-19    9.2972e-19
4711.08301    1.8999e-20    1.4875e-20    2.6250e-20
4720.25977    6.2353e-18    4.8914e-18    8.5983e-18
4729.45361    4.6659e-17    3.6632e-17    6.4289e-17
4738.66602    1.1357e-19    8.9129e-20    1.5655e-19
4747.89551    6.2406e-18    4.8952e-18    8.6062e-18
4757.14355    4.4821e-20    3.5156e-20    6.1815e-20
4766.41016    8.1076e-21    6.3593e-21    1.1182e-20
4775.69385    4.2759e-17    3.3564e-17    5.8926e-17
4784.99609    2.9354e-20    2.3024e-20    4.0484e-20
4794.31641    6.1252e-18    4.8050e-18    8.4465e-18
4803.65430    1.4201e-19    1.1139e-19    1.9585e-19
4813.01074    8.9278e-17    7.0158e-17    1.2290e-16
4822.38574    9.3075e-18    7.2947e-18    1.2847e-17
4831.77930    1.3719e-18    1.0755e-18    1.8932e-18
4841.19043    4.2962e-19    3.3717e-19    5.9218e-19
4850.62012    4.8272e-18    3.7865e-18    6.6571e-18
4860.06836    1.2831e-19    1.0062e-19    1.7699e-19
4869.53467    2.4001e-18    1.8812e-18    3.3125e-18
4879.01953    5.4558e-17    4.2835e-17    7.5171e-17
4888.52295    6.1570e-17    4.8354e-17    8.4809e-17
4898.04492    1.8474e-17    1.4492e-17    2.5476e-17
4907.58545    5.7897e-17    4.5456e-17    7.9771e-17
4917.14453    2.0700e-20    1.6237e-20    2.8549e-20
4926.72168    2.6721e-17    2.3122e-17    3.3050e-17
4936.31836    7.8656e-20    6.1695e-20    1.0848e-19
4945.93311    9.8846e-17    7.7684e-17    1.3605e-16
4955.56689    3.8488e-17    3.0206e-17    5.3050e-17
4965.21973    1.8886e-19    1.4813e-19    2.6046e-19
4974.89062    4.2813e-17    3.3605e-17    5.9004e-17
4984.58105    1.2067e-19    9.4649e-20    1.6642e-19
4994.29004    3.1843e-19    2.4995e-19    4.3884e-19
5004.01758    7.6131e-17    5.9787e-17    1.0487e-16
5013.76465    3.1601e-17    2.6722e-17    4.0179e-17
5023.53027    3.9504e-17    3.1004e-17    5.4449e-17
5033.31543    1.3380e-19    1.0495e-19    1.8453e-19
5043.11914    4.0857e-17    3.2059e-17    5.6327e-17
5052.94238    6.9393e-17    5.4493e-17    9.5593e-17
5062.78418    7.7440e-18    6.0744e-18    1.0680e-17
5072.64551    1.6888e-16    1.3284e-16    2.3225e-16
5082.52637    5.4565e-19    4.2798e-19    7.5256e-19
5092.42578    3.3355e-20    2.6162e-20    4.6003e-20
5102.34473    6.0982e-19    4.7869e-19    8.4039e-19
5112.28320    1.1956e-16    9.3943e-17    1.6460e-16
5122.24121    2.8129e-19    2.2054e-19    3.8809e-19
5132.21777    1.0591e-18    8.3030e-19    1.4615e-18
5142.21484    2.4095e-19    1.8907e-19    3.3216e-19
5152.23047    6.5824e-19    5.1586e-19    9.0859e-19
5162.26660    5.7999e-16    4.6005e-16    7.9088e-16
5172.32129    4.1601e-17    3.5582e-17    5.2185e-17
5182.39648    8.7081e-17    6.8358e-17    1.2000e-16
5192.49023    7.2362e-20    5.8890e-20    9.6049e-20
5202.60449    5.5623e-17    4.3111e-17    7.7624e-17
5212.73779    1.6162e-20    1.2677e-20    2.2290e-20
5222.89160    1.4748e-17    1.1571e-17    2.0334e-17
5233.06445    6.9306e-17    5.3832e-17    9.6515e-17
5243.25781    1.2200e-19    9.5676e-20    1.6829e-19
5253.47021    1.4389e-17    1.1273e-17    1.9868e-17
5263.70312    3.0435e-16    2.4051e-16    4.1660e-16
5273.95557    3.2293e-16    2.5526e-16    4.4192e-16
5284.22852    3.1369e-17    2.4049e-17    4.4239e-17
5294.52100    1.9261e-17    1.5113e-17    2.6554e-17
5304.83398    7.9387e-20    6.2269e-20    1.0949e-19
5315.16650    1.8189e-16    1.5363e-16    2.3156e-16
5325.51953    1.8975e-17    1.4948e-17    2.6055e-17
5335.89258    1.3947e-16    1.0968e-16    1.9184e-16
5346.28564    1.5409e-17    1.2089e-17    2.1246e-17
5356.69922    1.3327e-19    1.0453e-19    1.8380e-19
5367.13281    8.4710e-18    6.6522e-18    1.1669e-17
5377.58691    1.4480e-16    1.1389e-16    1.9916e-16
5388.06152    2.7409e-19    2.1499e-19    3.7801e-19
5398.55664    6.9865e-20    5.4798e-20    9.6357e-20
5409.07178    2.0099e-17    1.5769e-17    2.7713e-17
5419.60742    4.0813e-20    3.2012e-20    5.6287e-20
5430.16406    7.5925e-17    5.9717e-17    1.0442e-16
5440.74121    3.3488e-19    2.6266e-19    4.6186e-19
5451.33887    1.6705e-19    1.3103e-19    2.3038e-19
5461.95703    4.3929e-20    3.4456e-20    6.0583e-20
5472.59570    4.4399e-18    3.4828e-18    6.1230e-18
5483.25488    1.5847e-19    1.2430e-19    2.1855e-19
5493.93555    1.0064e-17    7.8945e-18    1.3877e-17
5504.63672    1.1040e-19    8.6593e-20    1.5226e-19
5515.35840    9.4282e-20    7.3952e-20    1.3003e-19
5526.10156    3.9297e-17    3.0839e-17    5.4169e-17
5536.86523    1.9738e-18    1.5496e-18    2.7198e-18
5547.64941    1.0487e-17    8.2257e-18    1.4462e-17
5558.45557    1.0847e-17    8.5097e-18    1.4957e-17
5569.28271    2.5365e-19    1.9895e-19    3.4982e-19
5580.12988    7.8719e-18    6.1746e-18    1.0856e-17
5590.99902    4.6821e-18    3.6725e-18    6.4573e-18
5601.88965    2.3453e-20    1.8396e-20    3.2345e-20
5612.80078    6.2224e-18    4.8807e-18    8.5814e-18
5623.73340    3.9955e-18    3.1343e-18    5.5096e-18
5634.68750    4.2444e-20    3.3292e-20    5.8537e-20
5645.66211    9.0202e-18    7.0752e-18    1.2440e-17
5656.65918    5.7189e-18    4.4856e-18    7.8875e-18
5667.67676    1.5073e-18    1.1822e-18    2.0787e-18
5678.71680    7.7474e-18    6.0770e-18    1.0685e-17
5689.77734    2.7323e-18    2.1431e-18    3.7683e-18
5700.86035    4.4376e-20    3.4807e-20    6.1201e-20
5711.96484    5.7441e-19    4.5055e-19    7.9220e-19
5723.09033    6.3169e-18    4.9548e-18    8.7120e-18
5734.23779    4.2241e-19    3.3134e-19    5.8255e-19
5745.40723    8.9666e-18    7.0336e-18    1.2366e-17
5756.59766    8.6032e-19    6.7481e-19    1.1865e-18
5767.81104    2.7345e-19    2.1449e-19    3.7714e-19
5779.04492    8.7861e-19    6.8915e-19    1.2117e-18
5790.30176    6.0302e-20    4.7298e-20    8.3166e-20
5801.58008    1.9095e-18    1.4978e-18    2.6335e-18
5812.88037    4.1319e-19    3.2389e-19    5.7021e-19
5824.20264    5.7241e-20    4.4895e-20    7.8949e-20
5835.54688    9.2203e-18    7.2291e-18    1.2722e-17
5846.91357    1.5808e-18    1.2399e-18    2.1801e-18
5858.30225    2.9179e-19    2.2887e-19    4.0242e-19
5869.71289    9.2043e-18    7.2200e-18    1.2693e-17
5881.14600    8.6283e-19    6.7677e-19    1.1900e-18
5892.60156    2.8648e-20    2.3753e-20    3.7253e-20
5904.07910    1.2935e-18    1.0146e-18    1.7840e-18
5915.57910    3.4169e-18    2.6801e-18    4.7125e-18
5927.10156    5.9499e-19    4.6669e-19    8.2058e-19
5938.64648    1.0063e-20    7.8933e-21    1.3879e-20
5950.21387    5.6651e-19    4.4437e-19    7.8127e-19
5961.80371    1.9813e-19    1.5541e-19    2.7325e-19
5973.41602    1.5180e-19    1.1907e-19    2.0935e-19
5985.05127    1.0547e-18    8.2729e-19    1.4546e-18
5996.70850    2.9131e-18    2.2727e-18    4.0391e-18
6008.38867    1.9205e-18    1.5064e-18    2.6487e-18
6020.09229    8.5172e-19    6.6806e-19    1.1747e-18
6031.81836    4.1320e-20    3.2410e-20    5.6987e-20
6043.56738    7.5809e-18    5.9462e-18    1.0455e-17
6055.33887    3.0793e-18    2.4153e-18    4.2469e-18
6067.13428    3.1803e-20    2.4945e-20    4.3862e-20
6078.95117    1.2313e-18    9.6562e-19    1.6983e-18
6090.79150    4.4514e-19    3.4916e-19    6.1392e-19
6102.65527    1.3527e-19    1.0609e-19    1.8659e-19
6114.54199    6.6044e-19    5.1740e-19    9.1196e-19
6126.45215    3.3261e-19    2.6074e-19    4.5898e-19
6138.38525    7.7756e-20    6.0978e-20    1.0726e-19
6150.34131    1.3219e-17    1.0313e-17    1.8329e-17
6162.32178    1.2701e-19    9.9623e-20    1.7517e-19
6174.32422    9.9082e-19    7.7707e-19    1.3667e-18
6186.35059    7.2340e-18    5.6743e-18    9.9766e-18
6198.40088    3.0924e-19    2.4256e-19    4.2650e-19
6210.47314    5.4638e-21    4.2856e-21    7.5354e-21
6222.57031    4.9801e-20    3.9062e-20    6.8682e-20
6234.69043    1.3125e-17    1.0261e-17    1.8162e-17
6246.83496    1.9095e-17    1.4915e-17    2.6446e-17
6259.00195    1.1318e-18    8.8776e-19    1.5609e-18
6271.19385    8.3189e-19    6.5251e-19    1.1473e-18
6283.40869    4.4623e-19    3.5004e-19    6.1535e-19
6295.64795    3.0704e-20    2.4085e-20    4.2341e-20
6307.91016    4.4036e-19    3.4537e-19    6.0737e-19
6320.19678    4.8389e-18    3.7954e-18    6.6735e-18
6332.50781    4.3599e-19    3.4197e-19    6.0131e-19
6344.84180    6.9607e-19    5.4611e-19    9.5974e-19
6357.20020    2.9882e-18    2.3438e-18    4.1211e-18
6369.58252    1.4974e-18    1.1768e-18    2.0611e-18
6381.98926    2.9511e-18    2.3148e-18    4.0700e-18
6394.42041    5.8111e-19    4.5580e-19    8.0144e-19
6406.87549    2.3368e-18    1.8335e-18    3.2217e-18
6419.35449    1.3656e-17    1.0747e-17    1.8771e-17
6431.85840    2.8642e-18    2.2421e-18    3.9581e-18
6444.38672    6.4046e-18    5.0239e-18    8.8324e-18
6456.93896    4.7763e-17    3.7883e-17    6.5133e-17
6469.51514    5.3195e-18    4.1725e-18    7.3362e-18
6482.11719    1.1290e-18    8.8549e-19    1.5570e-18
6494.74268    2.2393e-18    1.7564e-18    3.0883e-18
6507.39355    8.8198e-19    6.9179e-19    1.2164e-18
6520.06836    5.9763e-18    4.6663e-18    8.2795e-18
6532.76855    6.7538e-19    5.2975e-19    9.3146e-19
6545.49316    2.0177e-19    1.5826e-19    2.7827e-19
6558.24268    4.2190e-18    3.1524e-18    6.0943e-18
6571.01611    7.0458e-19    5.5265e-19    9.7173e-19
6583.81543    9.4317e-19    7.3979e-19    1.3008e-18
6596.63965    2.2288e-19    1.7482e-19    3.0738e-19
6609.48828    4.7956e-19    3.7615e-19    6.6139e-19
6622.36230    9.1950e-19    7.2122e-19    1.2681e-18
6635.26172    8.0864e-21    6.3427e-21    1.1152e-20
6648.18506    9.6624e-19    7.5788e-19    1.3326e-18
6661.13525    5.4777e-19    4.2965e-19    7.5545e-19
6674.10986    2.3843e-19    1.8701e-19    3.2883e-19
6687.10938    1.4327e-18    1.1238e-18    1.9759e-18
6700.13428    1.2711e-18    9.9701e-19    1.7530e-18
6713.18506    8.4374e-21    6.6179e-21    1.1637e-20
6726.26123    8.2304e-19    6.4557e-19    1.1351e-18
6739.36279    2.1695e-21    1.7016e-21    2.9920e-21
6752.48926    3.0861e-19    2.4207e-19    4.2563e-19
6765.64258    2.8265e-19    2.2170e-19    3.8982e-19
6778.82031    1.9080e-19    1.4966e-19    2.6314e-19
6792.02441    1.8686e-20    1.4657e-20    2.5771e-20
6805.25439    1.0572e-18    8.2921e-19    1.4580e-18
6818.50928    2.3450e-19    1.8394e-19    3.2342e-19
6831.78955    1.9511e-19    1.5304e-19    2.6909e-19
6845.09717    1.1962e-20    9.3826e-21    1.6497e-20
6858.43018    5.6410e-19    4.4246e-19    7.7799e-19
6871.78906    8.4294e-18    6.6120e-18    1.1625e-17
6885.17432    2.5703e-20    2.0160e-20    3.5448e-20
6898.58447    2.2815e-18    1.7896e-18    3.1465e-18
6912.02246    1.2354e-19    9.6900e-20    1.7038e-19
6925.48486    2.1689e-19    1.7012e-19    2.9912e-19
6938.97412    4.2915e-18    3.3662e-18    5.9186e-18
6952.49023    3.1808e-20    2.4948e-20    4.3869e-20
6966.03271    6.8261e-19    5.3542e-19    9.4142e-19
6979.60059    6.5497e-20    5.1373e-20    9.0330e-20
6993.19629    1.1528e-19    9.0424e-20    1.5899e-19
