1000  3.027647e+02  1.535248e+02  1.492399e+02 
1002  9.389020e+01  4.737449e+01  4.651571e+01 
1004  9.755591e+01  4.939738e+01  4.815852e+01 
1006  5.971874e+01  3.029698e+01  2.942176e+01 
1008  6.761200e+01  3.424681e+01  3.336520e+01 
1010  6.499163e-01  3.218322e-01  3.280841e-01 
1012  2.639062e+01  1.327111e+01  1.311951e+01 
1014  7.235618e+01  3.680370e+01  3.555248e+01 
1016  9.534400e+01  4.865913e+01  4.668487e+01 
1018  4.865306e+01  2.546639e+01  2.318667e+01 
1020  7.852989e+01  4.170939e+01  3.682050e+01 
1022  7.393481e+01  4.023076e+01  3.370405e+01 
1024  6.486180e+00  4.931894e+00  1.554286e+00 
1026  2.114135e+00  1.589588e+00  5.245470e-01 
1028  6.097238e+01  4.170972e+01  1.926266e+01 
1030  3.543550e+02  2.069258e+02  1.474292e+02 
1032  6.790500e+02  4.768719e+02  2.021782e+02 
1034  1.211040e+02  6.554767e+01  5.555633e+01 
1036  1.177334e+02  1.145849e+02  3.148465e+00 
1038  5.188139e+00  2.872365e+00  2.315774e+00 
1040  8.494877e+00  6.216100e+00  2.278777e+00 
1042  2.185054e+01  1.233013e+01  9.520403e+00 
1044  1.703114e+01  8.536280e+00  8.494855e+00 
1046  8.853708e+00  4.476138e+00  4.377570e+00 
1048  1.430099e+00  7.376181e-01  6.924813e-01 
1050  1.362814e+02  7.863609e+01  5.764536e+01 
1052  4.566371e+00  2.289397e+00  2.276974e+00 
1054  9.065521e+02  8.249368e+02  8.161526e+01 
1057  1.012513e+02  5.070958e+01  5.054171e+01 
1059  4.954310e+02  3.903348e+02  1.050962e+02 
1061  8.795781e+02  7.960904e+02  8.348776e+01 
1063  3.848957e+03  3.487109e+03  3.618475e+02 
1065  5.168095e+02  3.994236e+02  1.173860e+02 
1067  4.337479e+03  3.790759e+03  5.467207e+02 
1069  1.670007e+03  1.321074e+03  3.489329e+02 
1071  2.071319e+03  1.860179e+03  2.111395e+02 
1073  4.509347e+03  3.820110e+03  6.892366e+02 
1075  2.905655e+03  2.587351e+03  3.183038e+02 
1077  2.276618e+03  1.822910e+03  4.537081e+02 
1079  3.664301e+01  1.840136e+01  1.824164e+01 
1081  2.188068e+03  1.860744e+03  3.273247e+02 
1084  2.428043e+03  1.590787e+03  8.372566e+02 
1086  2.867796e+01  1.427189e+01  1.440607e+01 
1088  2.187709e+03  1.719550e+03  4.681590e+02 
1090  2.322127e+03  1.570835e+03  7.512917e+02 
1092  1.636216e+03  1.167519e+03  4.686971e+02 
1094  1.577889e+03  1.085380e+03  4.925088e+02 
1096  2.075368e+03  1.350460e+03  7.249079e+02 
1098  2.686330e+03  1.680897e+03  1.005433e+03 
1101  1.973660e+03  1.383006e+03  5.906536e+02 
1103  1.346993e+02  7.273098e+01  6.196828e+01 
1105  5.913801e+02  3.665663e+02  2.248139e+02 
1107  1.027921e+03  6.145337e+02  4.133872e+02 
1109  5.293354e+02  2.861274e+02  2.432080e+02 
1111  1.452929e+03  1.137568e+03  3.153607e+02 
1114  7.248986e+02  4.277575e+02  2.971411e+02 
1116  1.202427e+03  7.940074e+02  4.084190e+02 
1118  7.741573e+01  4.040852e+01  3.700720e+01 
1120  9.244659e+01  4.801654e+01  4.443005e+01 
1122  3.493795e+03  3.100676e+03  3.931198e+02 
1124  2.517432e+03  1.831760e+03  6.856716e+02 
1127  6.583525e+03  5.344071e+03  1.239454e+03 
1129  3.680313e+03  2.395208e+03  1.285106e+03 
1131  1.320677e+03  1.105474e+03  2.152034e+02 
1133  4.698047e+03  3.882415e+03  8.156321e+02 
1135  2.503299e+02  1.487628e+02  1.015672e+02 
1138  2.082647e+03  1.471648e+03  6.109994e+02 
1140  9.820731e+02  5.547252e+02  4.273479e+02 
1142  4.800150e+03  4.085193e+03  7.149575e+02 
1144  8.294196e+03  6.675450e+03  1.618746e+03 
1147  9.070686e+03  7.276117e+03  1.794568e+03 
1149  7.339873e+03  5.805168e+03  1.534704e+03 
1151  7.527683e+03  6.357694e+03  1.169989e+03 
1153  4.191828e+03  3.171519e+03  1.020309e+03 
1156  1.929371e+02  1.055697e+02  8.736748e+01 
1158  2.259801e+03  1.156743e+03  1.103058e+03 
1160  1.630232e+03  8.324818e+02  7.977499e+02 
1162  4.775703e+02  2.440862e+02  2.334841e+02 
1165  3.138122e+02  1.663726e+02  1.474396e+02 
1167  2.513252e+02  1.295413e+02  1.217840e+02 
1169  8.258038e+02  4.425693e+02  3.832345e+02 
1171  7.429631e+02  3.869668e+02  3.559963e+02 
1174  1.806769e+03  9.588904e+02  8.478781e+02 
1176  1.210894e+03  6.496465e+02  5.612476e+02 
1178  2.967557e+02  1.513233e+02  1.454323e+02 
1181  3.672338e+02  2.016080e+02  1.656258e+02 
1183  6.480609e+02  3.511828e+02  2.968781e+02 
1185  3.444186e+02  1.860712e+02  1.583474e+02 
1187  5.818510e+02  3.018119e+02  2.800391e+02 
1190  3.793655e+02  2.051683e+02  1.741972e+02 
1192  1.415084e+03  8.032746e+02  6.118091e+02 
1194  3.574703e+02  1.933794e+02  1.640909e+02 
1197  1.460010e+03  8.964473e+02  5.635626e+02 
1199  1.051284e+03  9.197563e+02  1.315277e+02 
1201  5.249431e+02  3.312124e+02  1.937306e+02 
1204  2.624640e+02  1.473103e+02  1.151537e+02 
1206  1.645713e+03  1.029336e+03  6.163767e+02 
1208  1.201538e+03  8.483029e+02  3.532350e+02 
1211  2.008292e+03  1.574264e+03  4.340278e+02 
1213  6.368338e+02  5.826648e+02  5.416902e+01 
1215  1.521714e+02  1.494769e+02  2.694447e+00 
1218  1.138223e+03  9.434323e+02  1.947905e+02 
1220  1.086982e+03  9.248939e+02  1.620883e+02 
1223  2.105176e+02  1.341165e+02  7.640108e+01 
1225  9.122005e+01  5.760386e+01  3.361619e+01 
1227  1.114802e+02  6.570767e+01  4.577252e+01 
1230  5.994628e+01  3.386974e+01  2.607654e+01 
1232  3.134810e+02  1.723250e+02  1.411559e+02 
1235  4.022716e+02  2.143103e+02  1.879613e+02 
1237  3.970582e+02  2.140384e+02  1.830198e+02 
1239  3.714846e+02  2.028813e+02  1.686033e+02 
1242  4.533923e+02  2.409207e+02  2.124716e+02 
1244  7.219826e+01  3.834751e+01  3.385075e+01 
1247  5.669323e+01  2.982646e+01  2.686677e+01 
1249  1.410694e+02  7.364268e+01  6.742672e+01 
1252  1.496842e+02  7.706289e+01  7.262135e+01 
1254  4.158489e+02  2.158996e+02  1.999493e+02 
1256  1.895887e+02  9.782310e+01  9.176556e+01 
1259  3.540468e+02  1.863782e+02  1.676686e+02 
1261  1.912068e+02  1.110098e+02  8.019704e+01 
1264  6.528610e+02  3.463027e+02  3.065583e+02 
1266  2.785732e+03  1.864289e+03  9.214424e+02 
1269  2.151503e+02  1.096657e+02  1.054846e+02 
1271  4.768999e+02  2.752292e+02  2.016707e+02 
1274  3.232918e+02  1.700334e+02  1.532584e+02 
1276  3.246601e+02  2.095562e+02  1.151040e+02 
1279  9.197056e+01  4.676778e+01  4.520277e+01 
1281  1.640937e+02  8.308873e+01  8.100495e+01 
1284  6.443253e+01  3.265489e+01  3.177763e+01 
1286  2.869232e+02  1.448347e+02  1.420884e+02 
1289  8.505436e+02  4.302661e+02  4.202776e+02 
1291  4.463802e+02  2.273104e+02  2.190698e+02 
1294  3.557518e+02  1.798103e+02  1.759415e+02 
1296  1.250243e+03  6.744269e+02  5.758157e+02 
1299  7.795756e+02  4.104135e+02  3.691621e+02 
1301  9.340461e+01  5.695753e+01  3.644707e+01 
1304  5.188219e+02  2.712561e+02  2.475658e+02 
1306  2.640512e+02  1.354279e+02  1.286233e+02 
1309  6.253241e+01  3.821267e+01  2.431974e+01 
1311  1.010793e+02  5.087918e+01  5.020012e+01 
1314  3.461087e+02  1.746744e+02  1.714344e+02 
1316  1.019953e+02  5.102845e+01  5.096684e+01 
1319  2.400864e+02  1.205176e+02  1.195688e+02 
1322  7.874468e+02  3.979438e+02  3.895030e+02 
1324  1.761058e+02  8.963171e+01  8.647412e+01 
1327  2.070835e+02  1.034092e+02  1.036743e+02 
1329  8.032856e+02  4.015143e+02  4.017714e+02 
1332  8.355800e+02  4.177603e+02  4.178196e+02 
1335  2.470103e+01  1.727155e+01  7.429481e+00 
1337  1.132285e+02  5.662166e+01  5.660688e+01 
1340  3.578034e+02  1.787878e+02  1.790156e+02 
1342  4.914797e+01  2.457029e+01  2.457768e+01 
1345  2.195558e+02  1.097219e+02  1.098339e+02 
1348  5.133657e+00  2.576796e+00  2.556861e+00 
1350  1.701506e+02  8.572421e+01  8.442643e+01 
1353  1.244125e+02  6.219306e+01  6.221944e+01 
1355  1.911655e+02  9.774216e+01  9.342331e+01 
1358  1.353744e+02  7.180666e+01  6.356773e+01 
1361  1.220325e+03  6.234377e+02  5.968869e+02 
1363  7.346404e+02  3.697792e+02  3.648611e+02 
1366  5.391016e+02  2.682040e+02  2.708976e+02 
1369  5.992813e+02  3.036085e+02  2.956728e+02 
1371  3.833083e+02  1.932708e+02  1.900376e+02 
1374  5.287924e+02  2.671962e+02  2.615962e+02 
1377  7.434912e+02  3.731280e+02  3.703633e+02 
1379  2.905905e+02  1.469614e+02  1.436291e+02 
1382  4.066057e+02  2.032276e+02  2.033780e+02 
1385  1.427721e+02  7.139725e+01  7.137481e+01 
1388  2.786167e+02  1.390220e+02  1.395947e+02 
1390  1.684384e+02  8.393682e+01  8.450156e+01 
1393  5.589127e+02  2.779234e+02  2.809893e+02 
1396  2.714102e+02  1.356202e+02  1.357900e+02 
1398  4.207100e+03  2.132672e+03  2.074427e+03 
1401  4.455688e+03  2.236586e+03  2.219103e+03 
1404  2.503812e+02  1.252357e+02  1.251455e+02 
1407  7.724190e+01  3.862111e+01  3.862079e+01 
1409  1.429217e+02  7.172433e+01  7.119739e+01 
1412  3.831474e+02  2.100195e+02  1.731279e+02 
1415  5.899786e+03  2.956294e+03  2.943492e+03 
1418  1.064553e+03  5.323279e+02  5.322256e+02 
1420  8.038226e+01  4.050444e+01  3.987783e+01 
1423  2.781190e+02  1.678172e+02  1.103018e+02 
1426  9.604294e+01  5.995910e+01  3.608384e+01 
1429  1.904647e+02  9.681219e+01  9.365254e+01 
1431  3.829273e+02  1.997376e+02  1.831897e+02 
1434  1.835666e+02  1.061770e+02  7.738959e+01 
1437  2.329898e+03  1.166266e+03  1.163633e+03 
1440  4.807092e+02  2.442421e+02  2.364671e+02 
1443  3.994456e+02  2.049822e+02  1.944633e+02 
1445  2.020966e+02  1.048480e+02  9.724865e+01 
1448  1.180122e+02  6.273995e+01  5.527226e+01 
1451  2.198725e+02  1.105463e+02  1.093263e+02 
1454  2.710107e+02  1.404960e+02  1.305147e+02 
1457  5.980261e+01  2.994266e+01  2.985995e+01 
1460  1.138853e+02  5.718257e+01  5.670277e+01 
1462  5.928398e+01  2.971739e+01  2.956659e+01 
1465  2.141586e+02  1.070928e+02  1.070658e+02 
1468  1.573982e+02  7.890516e+01  7.849300e+01 
1471  1.013894e+02  5.125599e+01  5.013344e+01 
1474  1.632975e+03  8.175583e+02  8.154162e+02 
1477  2.476584e+02  1.240846e+02  1.235738e+02 
1480  9.552126e+02  4.768832e+02  4.783295e+02 
1482  1.649770e+02  8.223208e+01  8.274488e+01 
1485  1.337479e+02  6.892137e+01  6.482650e+01 
1488  4.351913e+02  2.174709e+02  2.177204e+02 
1491  1.729040e+02  8.523901e+01  8.766503e+01 
1494  9.157259e+01  4.393690e+01  4.763568e+01 
1497  3.964714e+01  1.984108e+01  1.980606e+01 
1500  5.348260e+01  2.679584e+01  2.668675e+01 
1503  1.959308e+02  9.788315e+01  9.804760e+01 
1506  3.214171e+02  1.603528e+02  1.610643e+02 
1509  9.886466e+02  4.939637e+02  4.946829e+02 
1512  1.299893e+03  6.509821e+02  6.489106e+02 
1515  1.175655e+02  5.962557e+01  5.793989e+01 
1518  2.231913e+01  1.162318e+01  1.069595e+01 
1520  1.054775e+03  5.276072e+02  5.271674e+02 
1523  7.976686e+01  4.999520e+01  2.977165e+01 
1526  2.139955e+02  1.117513e+02  1.022443e+02 
1529  1.835179e+01  9.178284e+00  9.173508e+00 
1532  5.501443e+01  2.911177e+01  2.590267e+01 
1535  3.842784e+02  1.925400e+02  1.917384e+02 
1538  1.958161e+02  9.788881e+01  9.792731e+01 
1541  1.571393e+02  7.906066e+01  7.807867e+01 
1544  2.134098e+01  1.070832e+01  1.063266e+01 
1547  1.118656e+02  5.640112e+01  5.546451e+01 
1550  2.709369e+02  1.896979e+02  8.123901e+01 
1553  3.266054e+01  1.632691e+01  1.633363e+01 
1556  2.070807e+02  1.128088e+02  9.427187e+01 
1559  1.297110e+03  1.254427e+03  4.268267e+01 
1562  1.037417e+03  9.835372e+02  5.388001e+01 
1566  1.533162e+02  1.147720e+02  3.854422e+01 
1569  1.790134e+03  1.646172e+03  1.439622e+02 
1572  4.738901e+02  3.989452e+02  7.494492e+01 
1575  1.367210e+03  1.260955e+03  1.062543e+02 
1578  6.306669e+02  4.731865e+02  1.574804e+02 
1581  6.922758e+02  5.968047e+02  9.547105e+01 
1584  4.463793e+02  4.054715e+02  4.090775e+01 
1587  4.836771e+02  4.047766e+02  7.890050e+01 
1590  2.067118e+01  1.038996e+01  1.028122e+01 
1593  3.525469e+01  1.764140e+01  1.761330e+01 
1596  6.296165e+01  3.148693e+01  3.147471e+01 
1599  1.465442e+02  7.544716e+01  7.109707e+01 
1603  2.829275e+02  2.261956e+02  5.673191e+01 
1606  2.764009e+02  1.493313e+02  1.270696e+02 
1609  3.058248e+03  2.880688e+03  1.775600e+02 
1612  9.714354e+02  8.880949e+02  8.334052e+01 
1615  2.356231e+01  1.273783e+01  1.082448e+01 
1618  2.343581e+03  2.068606e+03  2.749747e+02 
1621  2.970177e+03  2.643488e+03  3.266887e+02 
1624  1.432579e+03  1.041698e+03  3.908808e+02 
1628  2.755406e+03  2.383868e+03  3.715370e+02 
1631  2.467476e+03  1.985737e+03  4.817384e+02 
1634  4.029566e+03  3.055707e+03  9.738587e+02 
1637  4.282158e+03  3.770100e+03  5.120588e+02 
1640  4.846245e+03  3.477407e+03  1.368837e+03 
1644  1.050126e+03  9.408276e+02  1.092982e+02 
1647  1.680555e+03  9.530795e+02  7.274756e+02 
1650  1.738866e+03  1.339081e+03  3.997847e+02 
1653  1.255091e+03  1.037305e+03  2.177863e+02 
1656  6.625322e+01  5.373848e+01  1.251475e+01 
1660  7.576804e+02  6.512469e+02  1.064335e+02 
1663  1.733359e+02  9.719489e+01  7.614098e+01 
1666  4.764749e+01  2.574406e+01  2.190343e+01 
1669  3.768656e+02  3.240248e+02  5.284079e+01 
1673  5.578037e+02  3.247472e+02  2.330565e+02 
1676  1.334197e+03  1.240326e+03  9.387067e+01 
1679  1.099188e+03  9.501175e+02  1.490709e+02 
1682  1.305345e+02  6.915540e+01  6.137906e+01 
1686  4.374280e+02  3.163619e+02  1.210661e+02 
1689  6.473882e+02  3.435585e+02  3.038297e+02 
1692  3.110732e+02  1.850738e+02  1.259994e+02 
1696  9.741797e+01  4.908038e+01  4.833759e+01 
1699  2.767697e+02  1.409711e+02  1.357985e+02 
1702  1.763060e+03  1.731957e+03  3.110287e+01 
1706  3.290172e+02  1.802485e+02  1.487688e+02 
1709  6.217212e+02  3.396545e+02  2.820667e+02 
1712  1.586694e+02  8.254940e+01  7.611996e+01 
1715  4.876594e+02  2.598536e+02  2.278058e+02 
1719  7.921409e+02  5.193033e+02  2.728376e+02 
1722  4.660567e+02  2.553422e+02  2.107145e+02 
1726  1.343846e+03  1.112758e+03  2.310886e+02 
1729  1.669655e+02  8.746284e+01  7.950261e+01 
1732  1.719174e+02  8.847074e+01  8.344666e+01 
1736  5.333117e+01  2.712393e+01  2.620724e+01 
1739  1.214276e+01  6.118507e+00  6.024252e+00 
1742  2.793829e+01  1.415046e+01  1.378783e+01 
1746  3.522830e+02  2.051647e+02  1.471182e+02 
1749  2.380129e+02  1.293421e+02  1.086708e+02 
1753  4.267242e+00  2.152157e+00  2.115085e+00 
1756  5.453082e+00  2.728403e+00  2.724680e+00 
1759  6.853872e+02  3.870592e+02  2.983280e+02 
1763  1.648370e+02  8.682409e+01  7.801289e+01 
1766  4.303055e+01  2.167196e+01  2.135859e+01 
1770  1.379774e+02  7.065801e+01  6.731944e+01 
1773  3.279465e+02  1.820639e+02  1.458826e+02 
1777  1.410442e+02  7.122135e+01  6.982281e+01 
1780  1.988853e+02  1.011803e+02  9.770503e+01 
1784  1.612252e+03  8.033878e+02  8.088639e+02 
1787  5.956327e+03  2.928550e+03  3.027777e+03 
1791  8.058250e+01  4.036544e+01  4.021706e+01 
1794  3.482020e+02  1.909582e+02  1.572438e+02 
1798  5.398871e+02  2.770139e+02  2.628733e+02 
1801  8.692003e+00  4.345945e+00  4.346058e+00 
1805  1.468765e+02  7.351340e+01  7.336309e+01 
1808  1.760809e+02  9.204007e+01  8.404079e+01 
1812  2.528451e+01  1.264211e+01  1.264239e+01 
1815  1.725456e+02  9.048534e+01  8.206029e+01 
1819  5.968063e+02  3.639422e+02  2.328642e+02 
1822  4.510363e+02  2.437162e+02  2.073201e+02 
1826  3.152720e+02  1.659904e+02  1.492817e+02 
1829  2.011720e+02  1.060296e+02  9.514243e+01 
1833  5.350973e+02  2.953879e+02  2.397094e+02 
1836  1.568316e+02  8.470104e+01  7.213056e+01 
1840  4.200388e+01  2.248781e+01  1.951608e+01 
1844  5.079216e+01  2.589455e+01  2.489761e+01 
1847  2.320627e+02  1.216915e+02  1.103711e+02 
1851  7.903749e+01  4.141985e+01  3.761765e+01 
1854  1.437011e+01  7.328694e+00  7.041420e+00 
1858  4.451920e+01  2.251785e+01  2.200135e+01 
1862  4.627353e+01  2.325463e+01  2.301891e+01 
1865  1.946309e+02  1.054520e+02  8.917897e+01 
1869  3.441412e+01  1.727372e+01  1.714040e+01 
1873  2.567808e+01  1.289506e+01  1.278302e+01 
1876  4.707314e+02  2.633828e+02  2.073486e+02 
1880  2.101128e+02  1.105370e+02  9.957583e+01 
1883  8.370798e+01  4.187893e+01  4.182906e+01 
1887  8.185533e+02  4.281012e+02  3.904521e+02 
1891  1.074107e+02  5.413563e+01  5.327505e+01 
1895  9.290832e+01  4.722025e+01  4.568807e+01 
1898  7.583192e+01  3.815828e+01  3.767365e+01 
1902  9.369155e+02  4.915898e+02  4.453257e+02 
1906  1.176416e+02  6.146511e+01  5.617650e+01 
1909  1.824007e+02  9.432518e+01  8.807550e+01 
1913  1.901103e+02  9.722283e+01  9.288748e+01 
1917  3.545840e+02  1.797471e+02  1.748369e+02 
1921  3.166799e+01  1.595749e+01  1.571050e+01 
1924  5.730426e+02  3.054201e+02  2.676225e+02 
1928  2.861288e+02  1.524487e+02  1.336801e+02 
1932  1.078678e+02  5.553277e+01  5.233508e+01 
1936  9.165416e+02  5.214016e+02  3.951401e+02 
1939  3.634471e+01  1.818371e+01  1.816100e+01 
1943  3.133105e+02  1.579749e+02  1.553357e+02 
1947  1.651347e+02  8.363272e+01  8.150195e+01 
1951  4.240309e+01  2.184490e+01  2.055818e+01 
1954  7.438939e+01  3.721595e+01  3.717343e+01 
1958  2.684810e+02  1.342547e+02  1.342263e+02 
1962  1.199827e+02  6.052041e+01  5.946233e+01 
1966  3.569194e+02  1.791375e+02  1.777819e+02 
1970  2.439550e+02  1.265343e+02  1.174207e+02 
1974  5.399133e+02  2.711041e+02  2.688092e+02 
1977  1.203023e+02  6.022715e+01  6.007518e+01 
1981  2.055639e+01  1.027988e+01  1.027651e+01 
1985  6.707109e+01  3.356527e+01  3.350582e+01 
1989  1.437166e+02  7.394811e+01  6.976853e+01 
1993  2.559439e+01  1.280509e+01  1.278931e+01 
1997  3.378136e+01  1.688913e+01  1.689223e+01 
2001  4.697833e+02  2.597247e+02  2.100586e+02 
2005  2.196688e+02  1.109989e+02  1.086698e+02 
2008  4.985493e+02  2.600171e+02  2.385322e+02 
2012  1.577914e+02  7.978020e+01  7.801122e+01 
2016  1.609631e+02  8.084022e+01  8.012286e+01 
2020  1.659951e+02  8.431075e+01  8.168435e+01 
2024  1.145198e+02  5.761262e+01  5.690718e+01 
2028  3.718315e+02  1.884955e+02  1.833360e+02 
2032  2.173055e+02  1.117139e+02  1.055916e+02 
2036  1.232696e+02  6.532932e+01  5.794027e+01 
2040  6.213801e+02  3.345504e+02  2.868298e+02 
2044  2.247404e+02  1.180251e+02  1.067153e+02 
2048  1.889323e+01  9.456004e+00  9.437222e+00 
2052  1.560853e+02  8.345458e+01  7.263071e+01 
2056  2.585914e+02  1.342086e+02  1.243828e+02 
2060  3.164018e+01  1.870078e+01  1.293940e+01 
2064  5.968224e+02  3.103288e+02  2.864936e+02 
2068  1.433476e+02  7.172466e+01  7.162294e+01 
2072  5.268992e+02  3.076651e+02  2.192341e+02 
2076  2.905475e+02  1.452784e+02  1.452691e+02 
2080  1.954875e+02  9.929414e+01  9.619334e+01 
2084  1.115026e+01  5.606319e+00  5.543940e+00 
2088  2.349917e+02  1.265012e+02  1.084905e+02 
2092  4.262972e+01  2.131555e+01  2.131417e+01 
2096  7.995302e+01  4.079922e+01  3.915380e+01 
2100  1.367597e+02  6.853163e+01  6.822811e+01 
2104  4.475067e+02  2.238495e+02  2.236572e+02 
2109  8.214805e+02  4.323931e+02  3.890874e+02 
2113  4.626324e+01  2.318903e+01  2.307422e+01 
2117  5.871774e+02  3.031486e+02  2.840288e+02 
2121  3.015171e+01  1.510197e+01  1.504974e+01 
2125  1.279095e+01  6.395900e+00  6.395054e+00 
2129  3.596334e+02  1.839984e+02  1.756350e+02 
2133  4.959337e+01  2.487020e+01  2.472317e+01 
2138  1.559688e+02  8.327051e+01  7.269823e+01 
2142  3.791023e+01  1.902999e+01  1.888024e+01 
2146  7.122887e+01  3.653358e+01  3.469529e+01 
2150  3.205195e+02  1.664420e+02  1.540775e+02 
2154  2.123191e+01  1.072526e+01  1.050665e+01 
2158  1.046229e+02  5.292495e+01  5.169796e+01 
2163  2.209141e+02  1.176924e+02  1.032217e+02 
2167  1.173068e+02  5.883745e+01  5.846930e+01 
2171  2.537645e+01  1.270443e+01  1.267202e+01 
2175  1.449724e+02  7.353172e+01  7.144065e+01 
2180  3.940090e+01  1.989917e+01  1.950173e+01 
2184  3.980083e+01  1.990918e+01  1.989164e+01 
2188  1.978213e+02  1.002629e+02  9.755840e+01 
2192  3.402329e+01  1.701712e+01  1.700617e+01 
2197  7.016801e+00  3.539325e+00  3.477476e+00 
2201  2.950890e+01  1.475831e+01  1.475060e+01 
2205  5.936243e+01  2.969611e+01  2.966631e+01 
2209  9.420918e+01  4.768694e+01  4.652225e+01 
2214  2.118386e+02  1.088816e+02  1.029569e+02 
2218  1.190517e+02  6.085353e+01  5.819820e+01 
2222  9.758466e+02  5.850531e+02  3.907935e+02 
2227  2.066679e+02  1.039415e+02  1.027264e+02 
2231  1.491338e+02  7.506178e+01  7.407205e+01 
2235  2.335666e+02  1.257608e+02  1.078057e+02 
2240  8.986705e+02  4.974227e+02  4.012478e+02 
2244  5.212018e+02  2.758417e+02  2.453601e+02 
2248  6.175969e+02  3.190927e+02  2.985042e+02 
2253  7.618500e+02  4.203556e+02  3.414944e+02 
2257  3.784803e+02  1.965148e+02  1.819655e+02 
2262  1.278316e+03  8.409703e+02  4.373453e+02 
2266  1.500404e+03  8.482075e+02  6.521969e+02 
2270  1.119194e+03  5.896279e+02  5.295662e+02 
2275  2.286044e+03  1.265077e+03  1.020967e+03 
2279  8.277461e+02  4.881797e+02  3.395663e+02 
2284  6.934669e+02  3.690939e+02  3.243729e+02 
2288  1.932460e+02  9.667450e+01  9.657153e+01 
2293  1.291230e+03  6.479727e+02  6.432571e+02 
2297  2.181207e+02  1.119463e+02  1.061744e+02 
2302  1.146536e+02  5.747759e+01  5.717604e+01 
2306  1.588853e+03  7.960810e+02  7.927723e+02 
2311  9.590905e+02  4.844761e+02  4.746144e+02 
2315  8.454591e+02  4.246680e+02  4.207911e+02 
2320  9.891406e+02  4.966631e+02  4.924775e+02 
2324  7.853666e+02  3.980416e+02  3.873250e+02 
2329  9.076871e+03  7.801100e+03  1.275771e+03 
2333  1.447766e+04  1.421721e+04  2.604478e+02 
2338  9.563454e+03  8.903344e+03  6.601105e+02 
2342  3.348927e+04  3.287013e+04  6.191329e+02 
2347  3.462659e+04  3.375418e+04  8.724145e+02 
2351  8.388160e+02  4.244981e+02  4.143180e+02 
2356  7.543309e+02  3.836246e+02  3.707063e+02 
2361  5.008170e+04  4.923375e+04  8.479495e+02 
2365  1.732949e+04  1.621506e+04  1.114430e+03 
2370  1.680563e+04  1.636111e+04  4.445171e+02 
2374  2.230277e+04  2.158643e+04  7.163417e+02 
2379  1.608570e+04  1.539455e+04  6.911531e+02 
2384  8.545330e+04  8.357190e+04  1.881405e+03 
2388  2.404503e+04  2.365381e+04  3.912181e+02 
2393  5.405857e+04  5.300505e+04  1.053516e+03 
2398  1.986801e+04  1.904283e+04  8.251799e+02 
2402  2.922064e+04  2.863589e+04  5.847567e+02 
2407  1.604791e+04  1.561110e+04  4.368032e+02 
2412  4.214535e+04  4.072228e+04  1.423072e+03 
2416  2.009064e+03  1.018542e+03  9.905223e+02 
2421  7.618679e+02  3.818854e+02  3.799826e+02 
2426  3.528701e+03  1.824107e+03  1.704594e+03 
2431  5.492845e+03  2.791086e+03  2.701758e+03 
2435  4.249594e+03  2.285136e+03  1.964458e+03 
2440  1.581675e+03  8.574694e+02  7.242059e+02 
2445  4.400115e+03  2.629681e+03  1.770433e+03 
2450  1.142861e+03  5.925367e+02  5.503242e+02 
2454  2.069400e+03  1.060993e+03  1.008407e+03 
2459  5.680178e+03  3.045450e+03  2.634728e+03 
2464  1.162272e+04  5.890679e+03  5.732043e+03 
2469  3.443549e+03  1.760903e+03  1.682646e+03 
2473  1.419451e+03  7.202494e+02  6.992021e+02 
2478  1.380923e+03  7.007120e+02  6.802110e+02 
2483  1.071566e+03  6.525819e+02  4.189843e+02 
2488  2.871242e+03  1.501432e+03  1.369809e+03 
2493  4.843457e+03  3.199510e+03  1.643948e+03 
2498  3.610845e+03  1.898846e+03  1.711999e+03 
2503  2.043404e+03  1.038918e+03  1.004486e+03 
2507  3.774033e+03  1.947960e+03  1.826073e+03 
2512  3.579811e+03  2.029415e+03  1.550396e+03 
2517  1.907536e+03  1.015089e+03  8.924478e+02 
2522  1.013500e+03  5.089453e+02  5.045547e+02 
2527  8.138458e+03  4.911949e+03  3.226508e+03 
2532  1.905169e+03  1.046551e+03  8.586183e+02 
2537  4.968126e+03  2.651474e+03  2.316653e+03 
2542  3.312290e+03  1.701448e+03  1.610842e+03 
2547  4.852888e+03  2.535512e+03  2.317376e+03 
2552  2.143123e+03  1.131761e+03  1.011362e+03 
2557  9.407395e+02  4.857645e+02  4.549750e+02 
2562  2.090475e+04  1.916532e+04  1.739424e+03 
2567  4.211101e+03  3.070833e+03  1.140268e+03 
2572  2.939919e+03  1.547208e+03  1.392712e+03 
2577  3.337458e+03  2.547493e+03  7.899650e+02 
2582  5.015161e+03  3.759592e+03  1.255568e+03 
2587  3.847228e+04  3.762625e+04  8.460291e+02 
2592  3.553125e+03  2.462783e+03  1.090342e+03 
2597  1.514741e+05  1.500872e+05  1.386891e+03 
2602  2.939804e+02  2.619651e+02  3.201532e+01 
2607  3.494205e+04  3.429204e+04  6.500139e+02 
2612  7.322074e+04  7.172218e+04  1.498562e+03 
2617  1.968559e+04  1.889926e+04  7.863387e+02 
2622  1.183773e+04  9.987564e+03  1.850162e+03 
2627  5.775559e+04  5.578406e+04  1.971531e+03 
2632  5.556459e+04  5.472297e+04  8.416211e+02 
2638  2.488225e+02  1.256196e+02  1.232029e+02 
2643  1.436675e+02  7.244222e+01  7.122533e+01 
2648  4.289104e+01  2.155142e+01  2.133961e+01 
2653  2.216969e+02  1.109484e+02  1.107485e+02 
2658  3.030470e+01  1.516248e+01  1.514222e+01 
2663  5.808527e+02  2.962393e+02  2.846133e+02 
2669  1.023541e+03  5.228240e+02  5.007173e+02 
2674  1.112296e+01  5.561153e+00  5.561805e+00 
2679  5.473961e+02  2.779815e+02  2.694146e+02 
2684  5.959935e+02  3.015424e+02  2.944511e+02 
2689  4.190136e+01  2.105858e+01  2.084278e+01 
2695  3.221842e+03  2.175966e+03  1.045876e+03 
2700  3.650624e+01  1.825543e+01  1.825081e+01 
2705  1.177723e+03  5.922124e+02  5.855102e+02 
2710  2.682587e+03  1.699925e+03  9.826613e+02 
2716  2.157052e+04  1.928588e+04  2.284642e+03 
2721  5.394817e+02  2.704727e+02  2.690090e+02 
2726  1.696818e+04  1.492208e+04  2.046099e+03 
2732  8.370220e+03  6.832708e+03  1.537511e+03 
2737  2.309643e+04  2.101507e+04  2.081359e+03 
2742  8.116155e+03  6.890481e+03  1.225674e+03 
2748  3.642320e+04  3.362356e+04  2.799640e+03 
2753  4.331817e+04  4.145790e+04  1.860273e+03 
2758  3.151764e+02  1.602571e+02  1.549193e+02 
2764  8.151078e+03  6.809919e+03  1.341159e+03 
2769  1.382925e+04  1.229315e+04  1.536096e+03 
2774  1.714473e+04  1.578480e+04  1.359931e+03 
2780  2.198160e+02  1.100774e+02  1.097386e+02 
2785  1.446125e+03  7.232726e+02  7.228529e+02 
2791  8.296111e+01  4.190277e+01  4.105833e+01 
2796  2.672840e+02  1.569469e+02  1.103371e+02 
2802  3.907419e+02  2.374913e+02  1.532505e+02 
2807  2.023670e+02  1.011824e+02  1.011846e+02 
2813  3.471559e+01  1.736914e+01  1.734645e+01 
2818  2.806894e+02  1.403605e+02  1.403289e+02 
2823  6.122711e+02  3.085035e+02  3.037676e+02 
2829  3.759152e+03  2.056404e+03  1.702749e+03 
2834  2.688919e+03  1.459784e+03  1.229135e+03 
2840  1.517036e+03  7.602963e+02  7.567401e+02 
2846  9.480596e+02  4.742100e+02  4.738496e+02 
2851  3.606057e+02  1.950584e+02  1.655473e+02 
2857  6.904464e+02  3.451007e+02  3.453457e+02 
2862  3.331495e+02  1.665953e+02  1.665542e+02 
2868  3.221732e+02  1.616534e+02  1.605199e+02 
2873  1.714761e+02  8.581175e+01  8.566438e+01 
2879  4.045522e+02  2.078155e+02  1.967367e+02 
2885  1.830162e+03  9.707527e+02  8.594093e+02 
2890  1.263334e+03  6.588043e+02  6.045295e+02 
2896  2.123148e+02  1.061904e+02  1.061244e+02 
2901  5.953945e+01  2.980053e+01  2.973892e+01 
2907  6.637887e+01  3.322007e+01  3.315880e+01 
2913  1.643054e+01  8.215650e+00  8.214890e+00 
2918  1.667649e+02  8.355601e+01  8.320889e+01 
2924  1.527996e+03  7.953796e+02  7.326167e+02 
2930  8.038429e+00  4.019321e+00  4.019108e+00 
2936  1.154249e+01  5.772200e+00  5.770288e+00 
2941  2.529524e+03  1.491789e+03  1.037735e+03 
2947  2.019727e+03  1.119756e+03  8.999709e+02 
2953  1.105386e+03  5.730752e+02  5.323105e+02 
2958  1.668811e+02  8.363873e+01  8.324239e+01 
2964  2.237666e+03  1.271148e+03  9.665175e+02 
2970  8.686046e+02  4.425865e+02  4.260181e+02 
2976  9.739700e+01  4.884102e+01  4.855598e+01 
2982  9.046252e+03  6.835582e+03  2.210670e+03 
2987  2.864791e+03  1.825444e+03  1.039346e+03 
2993  1.449182e+01  7.245970e+00  7.245847e+00 
2999  2.029015e+02  1.099897e+02  9.291181e+01 
3005  3.664083e+03  2.273836e+03  1.390247e+03 
3011  5.426276e+01  2.713224e+01  2.713053e+01 
3017  4.101252e+01  2.051196e+01  2.050056e+01 
3023  1.524171e+01  7.620890e+00  7.620816e+00 
3028  1.235078e+01  6.175449e+00  6.175334e+00 
3034  6.368724e+01  3.184386e+01  3.184337e+01 
3040  1.210662e+01  6.053350e+00  6.053268e+00 
3046  2.198387e+02  1.100384e+02  1.098003e+02 
3052  7.086971e+01  3.543464e+01  3.543507e+01 
3058  4.950071e+00  2.475062e+00  2.475009e+00 
3064  1.653894e+02  8.268903e+01  8.270034e+01 
3070  1.172325e+02  5.861371e+01  5.861881e+01 
3076  3.227718e+02  1.613789e+02  1.613929e+02 
3082  1.936366e+01  9.697958e+00  9.665703e+00 
3088  4.374515e+00  2.187367e+00  2.187147e+00 
3094  1.976649e+02  9.888046e+01  9.878440e+01 
3100  7.786537e+00  3.893302e+00  3.893234e+00 
3106  1.534205e+01  7.675073e+00  7.666973e+00 
3112  6.083906e+00  3.041956e+00  3.041950e+00 
3118  7.560945e+00  3.780472e+00  3.780473e+00 
3124  1.798808e+00  8.994040e-01  8.994040e-01 
3130  8.246197e+00  4.124512e+00  4.121685e+00 
3136  4.423751e+00  2.211874e+00  2.211877e+00 
3142  1.656916e+02  8.382391e+01  8.186770e+01 
3149  2.047456e+01  1.023781e+01  1.023675e+01 
3155  4.478171e+00  2.239141e+00  2.239030e+00 
3161  2.013637e+03  1.077099e+03  9.365382e+02 
3167  1.129848e+03  5.855583e+02  5.442896e+02 
3173  1.708090e+00  8.540485e-01  8.540412e-01 
3179  2.595110e+02  1.297477e+02  1.297633e+02 
3186  2.662454e+03  1.416682e+03  1.245772e+03 
3192  3.321344e+03  1.811583e+03  1.509760e+03 
3198  4.024302e+03  2.284998e+03  1.739304e+03 
3204  1.398202e+01  6.991336e+00  6.990687e+00 
3210  2.337391e+03  1.244548e+03  1.092842e+03 
3217  8.999749e-01  4.500213e-01  4.499536e-01 
3223  3.493279e+00  1.746665e+00  1.746614e+00 
3229  1.477951e+03  7.799017e+02  6.980490e+02 
3236  3.205313e+01  2.202764e+01  1.002549e+01 
3242  1.217661e+02  6.089530e+01  6.087081e+01 
3248  1.341021e+02  6.782907e+01  6.627303e+01 
3255  3.163893e+02  1.593303e+02  1.570589e+02 
3261  2.257897e+02  1.130637e+02  1.127260e+02 
3267  2.586514e+01  1.293592e+01  1.292921e+01 
3274  3.089992e+00  1.547277e+00  1.542715e+00 
3280  6.425737e+02  3.243138e+02  3.182599e+02 
3286  2.471580e+02  1.242849e+02  1.228731e+02 
3293  6.644987e+01  3.328900e+01  3.316088e+01 
3299  8.112048e+01  4.186174e+01  3.925874e+01 
3306  9.788799e+01  4.976909e+01  4.811889e+01 
3312  1.992791e+02  1.005079e+02  9.877129e+01 
3318  3.577621e+01  1.788800e+01  1.788821e+01 
3325  1.802494e+01  9.013778e+00  9.011158e+00 
3331  5.216343e+00  2.608171e+00  2.608172e+00 
3338  1.425865e+01  7.130153e+00  7.128497e+00 
3344  1.521696e+00  7.608485e-01  7.608479e-01 
3351  6.621172e-01  3.310589e-01  3.310584e-01 
3357  1.147475e+02  5.736891e+01  5.737854e+01 
3364  2.093040e+01  1.280773e+01  8.122670e+00 
3371  5.579648e+01  2.790172e+01  2.789476e+01 
3377  1.534735e+01  7.673763e+00  7.673590e+00 
3384  2.824182e+01  1.412191e+01  1.411991e+01 
3390  2.281906e+01  1.140954e+01  1.140952e+01 
3397  4.900964e+00  2.450477e+00  2.450486e+00 
3403  1.106736e+01  5.533677e+00  5.533679e+00 
3410  6.111255e+00  3.056020e+00  3.055235e+00 
3417  6.138600e+01  3.070420e+01  3.068180e+01 
3423  2.898438e+00  1.449218e+00  1.449220e+00 
3430  2.276116e+01  1.138083e+01  1.138033e+01 
3437  4.469752e+01  2.236379e+01  2.233373e+01 
3443  6.630979e+00  3.315514e+00  3.315465e+00 
3450  1.172897e+02  5.865844e+01  5.863125e+01 
3457  2.187470e+01  1.093883e+01  1.093587e+01 
3464  3.861034e+00  1.930590e+00  1.930444e+00 
3470  6.545307e+00  3.272954e+00  3.272353e+00 
3477  4.156327e+01  2.079222e+01  2.077105e+01 
3484  5.760973e+01  2.880584e+01  2.880389e+01 
3491  1.374116e+01  6.871379e+00  6.869780e+00 
3498  1.636374e+01  8.182786e+00  8.180950e+00 
3504  1.486154e+01  7.430894e+00  7.430642e+00 
3511  1.898062e+00  9.490318e-01  9.490307e-01 
3518  2.929333e+01  1.464686e+01  1.464648e+01 
3525  4.192001e+01  2.096002e+01  2.095999e+01 
3532  2.224844e+01  1.112420e+01  1.112424e+01 
3539  2.893416e+01  1.446699e+01  1.446717e+01 
3545  2.248363e+00  1.124181e+00  1.124182e+00 
3552  5.911386e+00  2.955976e+00  2.955410e+00 
3559  1.884270e+00  9.421363e-01  9.421339e-01 
3566  3.949618e+00  2.012834e+00  1.936785e+00 
3573  9.937592e+00  5.003868e+00  4.933724e+00 
3580  1.782771e-01  8.913859e-02  8.913850e-02 
3587  3.147978e+00  1.623265e+00  1.524712e+00 
3594  4.568254e-01  2.284129e-01  2.284126e-01 
3601  5.623638e+00  2.811817e+00  2.811821e+00 
3608  5.262211e-01  2.631105e-01  2.631106e-01 
3615  6.397255e+00  3.198621e+00  3.198634e+00 
3622  1.620191e+01  8.102088e+00  8.099823e+00 
3629  6.145133e+00  3.088561e+00  3.056571e+00 
3636  1.711642e+00  8.558317e-01  8.558102e-01 
3643  1.746225e+01  8.733649e+00  8.728597e+00 
3651  2.813961e-01  1.406980e-01  1.406980e-01 
3658  6.763613e+01  3.385956e+01  3.377657e+01 
3665  4.561062e-01  2.281082e-01  2.279979e-01 
3672  3.847136e-01  1.923300e-01  1.923836e-01 
3679  7.382860e-01  3.692534e-01  3.690326e-01 
3686  1.120846e+00  5.594849e-01  5.613611e-01 
3693  4.371269e-01  2.184033e-01  2.187236e-01 
3701  1.778590e+00  8.889033e-01  8.896863e-01 
3708  6.526513e-01  3.263248e-01  3.263265e-01 
3715  4.416294e-01  2.217883e-01  2.198411e-01 
3722  8.299179e-01  4.150123e-01  4.149056e-01 
3730  1.604539e+00  8.022725e-01  8.022665e-01 
3737  9.309708e-02  4.654823e-02  4.654884e-02 
3744  9.375316e-01  4.688365e-01  4.686951e-01 
3751  7.861563e+00  3.929945e+00  3.931618e+00 
3759  5.667943e+00  2.834059e+00  2.833884e+00 
3766  2.252634e+01  1.126850e+01  1.125783e+01 
3773  2.583896e-01  1.302582e-01  1.281314e-01 
3781  9.003446e+00  4.502329e+00  4.501116e+00 
3788  1.003159e+00  5.015813e-01  5.015781e-01 
3795  8.429285e-01  4.238378e-01  4.190907e-01 
3803  2.282630e-01  1.141314e-01  1.141316e-01 
3810  2.955338e+00  1.477664e+00  1.477674e+00 
3818  2.009040e-01  1.004486e-01  1.004554e-01 
3825  4.043031e+01  2.023298e+01  2.019732e+01 
3833  3.974516e-01  1.999577e-01  1.974939e-01 
3840  6.010960e-01  3.032036e-01  2.978924e-01 
3847  1.976768e+00  9.883862e-01  9.883822e-01 
3855  1.846002e-01  9.229705e-02  9.230317e-02 
3862  1.939836e-01  9.699114e-02  9.699243e-02 
3870  1.139997e+01  5.701610e+00  5.698358e+00 
3878  3.758200e-01  1.879964e-01  1.878236e-01 
3885  3.635146e-01  1.817193e-01  1.817953e-01 
3893  7.804741e-01  3.904474e-01  3.900267e-01 
3900  5.174227e-01  2.587138e-01  2.587089e-01 
3908  4.899593e+00  2.456878e+00  2.442716e+00 
3915  5.381377e+00  2.690776e+00  2.690601e+00 
3923  7.375715e-01  3.687855e-01  3.687859e-01 
3931  8.821453e+00  5.058046e+00  3.763407e+00 
3938  3.354200e+01  1.677677e+01  1.676523e+01 
3946  6.582466e+00  3.294046e+00  3.288420e+00 
3954  8.609952e-01  4.304975e-01  4.304977e-01 
3961  3.699913e+00  1.853648e+00  1.846265e+00 
3969  5.700009e+00  4.216090e+00  1.483919e+00 
3977  1.940849e+01  9.708248e+00  9.700241e+00 
3985  1.882011e+00  9.410204e-01  9.409904e-01 
3992  3.604859e+00  1.802484e+00  1.802376e+00 
4000  1.325691e+01  6.629836e+00  6.627079e+00 
4008  1.681530e+00  8.407634e-01  8.407661e-01 
4016  2.520096e+00  1.260048e+00  1.260048e+00 
4024  5.982800e+00  2.992686e+00  2.990114e+00 
4031  4.547769e-01  2.276426e-01  2.271343e-01 
4039  7.418106e-01  3.709436e-01  3.708670e-01 
4047  1.072759e-01  5.366818e-02  5.360768e-02 
4055  4.303445e-01  2.151723e-01  2.151722e-01 
4063  1.528286e+01  7.641428e+00  7.641429e+00 
4071  9.073388e+00  4.536706e+00  4.536682e+00 
4079  1.081277e+01  5.406394e+00  5.406380e+00 
4087  1.253966e+00  6.269848e-01  6.269808e-01 
4095  1.399112e+00  6.995557e-01  6.995558e-01 
4103  7.887425e-01  3.926542e-01  3.960884e-01 
4111  2.689023e+00  1.344511e+00  1.344511e+00 
4119  4.764049e+00  2.382176e+00  2.381873e+00 
4127  7.903014e+00  3.953090e+00  3.949924e+00 
4135  2.046147e+00  1.023081e+00  1.023067e+00 
4143  6.634674e+00  3.317189e+00  3.317485e+00 
4151  9.427480e-01  4.713739e-01  4.713740e-01 
4159  1.053696e+00  5.268487e-01  5.268472e-01 
4167  3.654027e-01  1.827012e-01  1.827015e-01 
4175  1.054806e+02  5.278111e+01  5.269947e+01 
4183  2.543272e+00  1.271637e+00  1.271635e+00 
4191  4.672626e-01  2.336313e-01  2.336313e-01 
4200  6.065124e-01  3.032563e-01  3.032561e-01 
4208  7.804857e+00  3.902448e+00  3.902409e+00 
4216  5.049856e-01  2.524928e-01  2.524928e-01 
4224  4.123563e+00  2.083624e+00  2.039939e+00 
4232  3.685019e+02  1.854209e+02  1.830810e+02 
4241  1.157342e+02  5.786767e+01  5.786651e+01 
4249  2.772149e+00  1.391988e+00  1.380161e+00 
4257  5.058470e+00  2.529315e+00  2.529155e+00 
4265  3.574740e-01  1.806446e-01  1.768294e-01 
4274  6.046928e+01  3.023583e+01  3.023346e+01 
4282  3.569254e-01  1.784628e-01  1.784626e-01 
4290  9.558141e+01  4.779111e+01  4.779030e+01 
4299  7.331209e+01  3.668605e+01  3.662605e+01 
4307  1.911297e+01  9.556491e+00  9.556477e+00 
4316  3.994383e+01  1.997238e+01  1.997145e+01 
4324  1.329576e+00  6.647887e-01  6.647877e-01 
4332  4.675653e+01  2.339652e+01  2.336002e+01 
4341  1.652734e+01  8.295851e+00  8.231490e+00 
4349  1.754257e+02  8.785424e+01  8.757146e+01 
4358  1.022464e+02  5.112349e+01  5.112290e+01 
4366  2.801563e+00  1.400813e+00  1.400750e+00 
4375  2.026435e+02  1.015628e+02  1.010807e+02 
4383  6.012486e+01  3.007750e+01  3.004736e+01 
4392  2.920451e-01  1.460215e-01  1.460236e-01 
4400  2.215956e+01  1.108288e+01  1.107667e+01 
4409  1.051351e+02  5.260029e+01  5.253480e+01 
4418  1.066410e+02  5.334027e+01  5.330076e+01 
4426  2.943967e-01  1.471984e-01  1.471984e-01 
4435  7.286565e+00  3.643370e+00  3.643195e+00 
4443  8.221909e-01  4.110957e-01  4.110952e-01 
4452  3.319221e+01  1.659620e+01  1.659602e+01 
4461  1.029328e+01  5.146644e+00  5.146633e+00 
4469  1.929879e+01  9.651399e+00  9.647389e+00 
4478  1.606316e+01  8.031589e+00  8.031576e+00 
4487  5.576832e+01  2.789554e+01  2.787278e+01 
4496  2.541628e+00  1.270814e+00  1.270814e+00 
4504  8.151237e+01  4.080247e+01  4.070991e+01 
4513  1.881891e+01  9.411131e+00  9.407781e+00 
4522  1.702899e+02  8.525575e+01  8.503413e+01 
4531  7.033072e+00  3.516733e+00  3.516339e+00 
4540  4.904809e+01  2.454081e+01  2.450728e+01 
4548  1.454538e+02  7.288427e+01  7.256956e+01 
4557  2.997949e+01  1.499404e+01  1.498545e+01 
4566  6.731154e-02  3.365578e-02  3.365577e-02 
4575  7.868498e+01  3.938662e+01  3.929836e+01 
4584  2.136066e+02  1.070409e+02  1.065657e+02 
4593  8.441686e+00  4.222530e+00  4.219156e+00 
4602  9.125407e-01  4.562705e-01  4.562701e-01 
4611  1.213526e-01  6.067632e-02  6.067627e-02 
4620  7.440718e+01  3.723466e+01  3.717253e+01 
4629  1.164430e+02  5.824767e+01  5.819533e+01 
4638  5.964676e+00  2.982340e+00  2.982336e+00 
4647  8.811997e+00  4.406398e+00  4.405600e+00 
4656  4.056526e-01  2.028271e-01  2.028255e-01 
4665  2.196657e+01  1.098410e+01  1.098247e+01 
4674  1.222150e+00  6.110766e-01  6.110735e-01 
4683  3.207562e+00  1.603781e+00  1.603781e+00 
4692  2.077019e-01  1.038510e-01  1.038510e-01 
4701  6.733549e-01  3.366775e-01  3.366775e-01 
4711  1.389250e-01  6.945959e-02  6.946540e-02 
4720  2.149054e+00  1.074527e+00  1.074527e+00 
4729  1.388412e+01  6.942076e+00  6.942043e+00 
4738  5.840079e-01  2.920043e-01  2.920036e-01 
4747  1.793852e+00  8.969260e-01  8.969257e-01 
4757  2.320042e-01  1.160021e-01  1.160021e-01 
4766  3.625543e-02  1.812774e-02  1.812770e-02 
4775  1.535670e+01  7.678355e+00  7.678344e+00 
4784  2.136132e-02  1.068066e-02  1.068066e-02 
4794  1.770177e+00  8.850884e-01  8.850882e-01 
4803  7.028021e-02  3.514010e-02  3.514010e-02 
4813  2.589649e+01  1.294827e+01  1.294822e+01 
4822  2.362153e+00  1.181077e+00  1.181076e+00 
4831  4.692628e+00  2.346325e+00  2.346303e+00 
4841  4.442913e+00  2.221459e+00  2.221454e+00 
4850  1.638906e+00  8.194529e-01  8.194525e-01 
4860  2.561639e-01  1.273401e-01  1.288238e-01 
4869  2.640812e+00  1.320712e+00  1.320100e+00 
4879  1.500721e+01  7.503612e+00  7.503598e+00 
4888  1.752183e+01  8.760926e+00  8.760906e+00 
4898  5.093520e+00  2.546760e+00  2.546759e+00 
4907  1.592049e+01  7.960256e+00  7.960238e+00 
4917  8.044301e-02  4.022150e-02  4.022151e-02 
4926  9.120645e+02  4.568078e+02  4.552566e+02 
4936  5.133364e-01  2.566682e-01  2.566682e-01 
4945  2.938012e+01  1.469009e+01  1.469003e+01 
4955  1.868370e+01  9.341855e+00  9.341849e+00 
4965  1.046206e-01  5.231031e-02  5.231031e-02 
4974  1.698451e+01  8.492259e+00  8.492251e+00 
4984  2.505013e-01  1.252507e-01  1.252507e-01 
4994  2.469465e+00  1.234734e+00  1.234731e+00 
5004  2.374091e+01  1.187047e+01  1.187044e+01 
5013  1.295038e+03  6.499022e+02  6.451361e+02 
5023  1.128320e+01  5.642004e+00  5.641200e+00 
5033  1.016686e-01  5.083428e-02  5.083428e-02 
5043  1.245921e+01  6.229603e+00  6.229606e+00 
5052  2.064809e+01  1.032404e+01  1.032406e+01 
5062  4.513664e+00  2.256832e+00  2.256831e+00 
5072  5.291847e+01  2.645931e+01  2.645916e+01 
5082  2.003004e-01  1.001503e-01  1.001501e-01 
5092  1.855354e-01  9.276770e-02  9.276767e-02 
5102  1.986622e+00  9.933231e-01  9.932992e-01 
5112  3.926295e+01  1.963154e+01  1.963141e+01 
5122  2.123730e+00  1.061865e+00  1.061865e+00 
5132  2.397687e+00  1.198843e+00  1.198844e+00 
5142  1.119739e+00  5.598704e-01  5.598689e-01 
5152  1.214242e+00  6.071215e-01  6.071208e-01 
5162  2.063749e+02  1.031894e+02  1.031855e+02 
5172  1.505806e+03  7.562085e+02  7.495976e+02 
5182  2.663137e+01  1.325835e+01  1.337302e+01 
5192  6.564720e-01  3.283201e-01  3.281519e-01 
5202  1.013552e+02  5.072616e+01  5.062902e+01 
5212  9.345568e-02  4.672784e-02  4.672784e-02 
5222  5.264135e+00  2.632068e+00  2.632067e+00 
5233  1.373736e+02  6.877655e+01  6.859700e+01 
5243  3.799241e-01  1.899621e-01  1.899620e-01 
5253  1.720868e+01  8.605222e+00  8.603458e+00 
5263  1.100857e+02  5.504324e+01  5.504248e+01 
5273  2.881826e+02  1.442505e+02  1.439322e+02 
5284  2.516815e+02  1.258937e+02  1.257878e+02 
5294  6.667481e+00  3.333742e+00  3.333740e+00 
5304  4.060071e-01  2.030035e-01  2.030035e-01 
5315  4.639919e+02  2.323501e+02  2.316418e+02 
5325  1.975523e+01  9.878839e+00  9.876391e+00 
5335  4.678081e+01  2.339046e+01  2.339034e+01 
5346  5.001141e+00  2.500571e+00  2.500570e+00 
5356  6.202954e-01  3.101477e-01  3.101477e-01 
5367  1.342317e+01  6.712241e+00  6.710927e+00 
5377  4.801236e+01  2.400624e+01  2.400612e+01 
5388  1.653035e+00  8.265177e-01  8.265177e-01 
5398  2.732201e-01  1.366101e-01  1.366100e-01 
5409  6.906104e+00  3.453056e+00  3.453048e+00 
5419  5.715874e-01  2.857948e-01  2.857926e-01 
5430  3.775295e+01  1.887713e+01  1.887582e+01 
5440  1.308809e+00  6.544046e-01  6.544047e-01 
5451  1.192617e+00  5.963081e-01  5.963091e-01 
5461  1.747771e-01  8.738879e-02  8.738834e-02 
5472  1.686772e+00  8.433865e-01  8.433855e-01 
5483  4.781668e-01  2.390834e-01  2.390834e-01 
5493  4.658677e+00  2.329339e+00  2.329338e+00 
5504  7.526491e-01  3.763246e-01  3.763246e-01 
5515  1.392807e+00  6.964036e-01  6.964034e-01 
5526  1.206828e+01  6.034144e+00  6.034138e+00 
5536  2.629235e+00  1.314620e+00  1.314615e+00 
5547  3.957356e+00  1.978679e+00  1.978677e+00 
5558  3.842086e+00  1.921043e+00  1.921042e+00 
5569  1.158643e+00  5.793213e-01  5.793217e-01 
5580  1.667095e+00  8.335478e-01  8.335477e-01 
5590  1.394721e+00  6.973603e-01  6.973606e-01 
5601  7.385840e-02  3.692920e-02  3.692920e-02 
5612  2.173635e+00  1.086818e+00  1.086818e+00 
5623  5.931176e+00  2.965593e+00  2.965584e+00 
5634  2.044179e-01  1.022089e-01  1.022089e-01 
5645  2.035836e+00  1.017918e+00  1.017918e+00 
5656  3.110063e+00  1.555036e+00  1.555027e+00 
5667  1.984273e+00  9.921363e-01  9.921363e-01 
5678  3.351854e+00  1.675927e+00  1.675927e+00 
5689  6.935601e+00  3.467808e+00  3.467793e+00 
5700  1.605446e-01  8.027277e-02  8.027180e-02 
5711  1.083963e+00  5.419816e-01  5.419816e-01 
5723  1.688182e+00  8.440911e-01  8.440904e-01 
5734  1.878686e+00  9.393435e-01  9.393430e-01 
5745  3.497839e+00  1.748920e+00  1.748920e+00 
5756  3.855678e-01  1.927839e-01  1.927839e-01 
5767  2.745896e-01  1.372948e-01  1.372948e-01 
5779  1.246167e+00  6.230965e-01  6.230707e-01 
5790  1.936048e-01  9.680241e-02  9.680241e-02 
5801  2.650741e+00  1.325371e+00  1.325371e+00 
5812  2.152239e+00  1.076119e+00  1.076120e+00 
5824  2.082074e-01  1.041037e-01  1.041036e-01 
5835  3.778541e+00  1.889272e+00  1.889270e+00 
5846  2.145174e+00  1.072587e+00  1.072587e+00 
5858  8.771693e-01  4.385846e-01  4.385847e-01 
5869  3.280999e+00  1.640497e+00  1.640502e+00 
5881  3.221024e-01  1.610533e-01  1.610491e-01 
5892  2.462116e-01  1.721805e-01  7.403105e-02 
5904  1.002232e+00  5.012488e-01  5.009831e-01 
5915  3.915862e+01  1.957931e+01  1.957931e+01 
5927  1.958507e+00  9.792539e-01  9.792535e-01 
5938  1.562886e-01  7.814429e-02  7.814429e-02 
5950  3.289179e+00  1.644593e+00  1.644586e+00 
5961  5.910456e-01  2.955228e-01  2.955228e-01 
5973  7.612159e-01  3.806078e-01  3.806080e-01 
5985  1.356630e+00  6.783151e-01  6.783151e-01 
5996  4.100695e+00  2.050349e+00  2.050346e+00 
6008  1.081272e+00  5.406359e-01  5.406359e-01 
6020  1.658673e+00  8.293365e-01  8.293366e-01 
6031  2.094487e-01  1.047244e-01  1.047244e-01 
6043  3.824657e+00  1.912330e+00  1.912326e+00 
6055  1.060703e+01  5.303517e+00  5.303517e+00 
6067  8.838627e-01  4.419314e-01  4.419313e-01 
6078  2.952732e+01  1.476367e+01  1.476366e+01 
6090  7.332032e-01  3.666016e-01  3.666016e-01 
6102  1.063106e+00  5.315543e-01  5.315520e-01 
6114  1.517907e+00  7.589533e-01  7.589538e-01 
6126  4.510329e-01  2.255164e-01  2.255165e-01 
6138  1.661855e-01  8.309273e-02  8.309274e-02 
6150  1.633925e+01  8.170347e+00  8.168902e+00 
6162  1.642089e+00  8.210446e-01  8.210443e-01 
6174  4.307228e+01  2.153615e+01  2.153613e+01 
6186  2.104863e+01  1.052431e+01  1.052431e+01 
6198  1.206095e+01  6.030473e+00  6.030473e+00 
6210  4.501252e-02  2.250626e-02  2.250626e-02 
6222  6.401865e-01  3.200933e-01  3.200933e-01 
6234  4.197143e+01  2.098632e+01  2.098511e+01 
6246  4.478679e+01  2.239659e+01  2.239020e+01 
6259  6.415221e+00  3.207610e+00  3.207610e+00 
6271  3.953213e-01  1.976607e-01  1.976606e-01 
6283  3.229760e-01  1.614880e-01  1.614880e-01 
6295  2.801891e-01  1.400949e-01  1.400942e-01 
6307  1.657626e+00  8.288313e-01  8.287945e-01 
6320  2.660066e+02  1.330034e+02  1.330032e+02 
6332  6.524734e+00  3.262368e+00  3.262365e+00 
6344  2.127208e+01  1.063607e+01  1.063600e+01 
6357  1.017580e+00  5.087900e-01  5.087899e-01 
6369  4.050105e+01  2.025065e+01  2.025041e+01 
6381  1.679938e+02  8.399693e+01  8.399691e+01 
6394  1.168353e+00  5.841765e-01  5.841765e-01 
6406  3.459690e+00  1.729849e+00  1.729841e+00 
6419  8.271721e+00  4.136229e+00  4.135492e+00 
6431  6.675745e+00  3.337903e+00  3.337842e+00 
6444  1.724542e+01  8.622253e+00  8.623165e+00 
6456  6.362394e+01  3.182918e+01  3.179476e+01 
6469  9.352049e+00  4.676025e+00  4.676023e+00 
6482  1.160477e+01  5.802394e+00  5.802374e+00 
6494  1.008728e+02  5.053628e+01  5.033651e+01 
6507  3.512531e+01  1.756290e+01  1.756240e+01 
6520  3.951787e+01  1.975971e+01  1.975816e+01 
6532  2.218525e+01  1.109262e+01  1.109262e+01 
6545  1.507027e-01  7.535136e-02  7.535136e-02 
6558  3.103574e+01  2.639674e+01  4.639005e+00 
6571  1.552877e+01  7.764703e+00  7.764063e+00 
6583  4.058893e+01  2.029447e+01  2.029447e+01 
6596  2.441638e+00  1.220819e+00  1.220819e+00 
6609  2.868745e+00  1.434373e+00  1.434373e+00 
6622  3.871506e+01  1.935753e+01  1.935753e+01 
6635  9.418075e-02  4.709037e-02  4.709037e-02 
6648  2.997904e+01  1.498952e+01  1.498952e+01 
6661  8.593040e+00  4.296521e+00  4.296520e+00 
6674  3.907967e-01  1.953710e-01  1.954257e-01 
6687  1.595195e+00  7.975973e-01  7.975974e-01 
6700  2.004661e+00  1.002332e+00  1.002328e+00 
6713  7.017999e-02  3.516630e-02  3.501369e-02 
6726  4.902102e+00  2.451051e+00  2.451051e+00 
6739  6.891419e-02  3.445709e-02  3.445709e-02 
6752  3.222801e-01  1.611400e-01  1.611400e-01 
6765  1.177635e+00  5.888174e-01  5.888174e-01 
6778  2.012645e+00  1.006323e+00  1.006323e+00 
6792  6.269369e-02  3.134685e-02  3.134685e-02 
6805  6.956120e-01  3.478060e-01  3.478060e-01 
6818  3.569876e+00  1.784938e+00  1.784938e+00 
6831  2.478608e-01  1.239304e-01  1.239304e-01 
6845  4.118432e-01  2.059216e-01  2.059216e-01 
6858  5.820884e+01  2.910442e+01  2.910442e+01 
6871  6.209876e+00  3.104938e+00  3.104938e+00 
6885  9.968388e-02  4.984194e-02  4.984194e-02 
6898  7.479872e-01  3.739936e-01  3.739936e-01 
6912  3.503875e-01  1.751937e-01  1.751937e-01 
6925  1.187374e+01  5.936871e+00  5.936871e+00 
6938  1.642077e+00  8.210387e-01  8.210386e-01 
6952  7.643846e-01  3.821923e-01  3.821923e-01 
6966  3.329194e-01  1.664597e-01  1.664597e-01 
6979  2.760117e-01  1.380058e-01  1.380058e-01 
6993  6.063164e+00  3.031582e+00  3.031582e+00 
