1000.97394    1.6796e-17    2.2668e-17    7.7193e-19
1002.92358    6.5979e-18    8.8258e-18    5.1827e-19
1004.87708    9.9557e-18    1.3391e-17    5.8204e-19
1006.83441    7.1755e-18    9.6759e-18    3.5240e-19
1008.79553    6.2249e-18    8.3919e-18    3.1152e-19
1010.76050    8.8814e-20    1.1078e-19    2.8865e-20
1012.72925    1.9638e-18    2.6459e-18    1.0236e-19
1014.70178    4.7752e-18    6.4759e-18    1.3413e-19
1016.67822    5.1719e-18    6.9749e-18    2.5202e-19
1018.65857    3.2426e-18    4.3918e-18    1.0661e-19
1020.64270    4.8862e-18    6.6404e-18    9.9238e-20
1022.63074    3.3973e-18    4.6254e-18    4.5859e-20
1024.62256    2.7361e-19    3.7005e-19    1.0441e-20
1026.61841    1.9163e-19    2.5685e-19    1.3648e-20
1028.61792    3.8988e-18    5.3153e-18    3.3464e-20
1030.62158    3.6928e-17    5.0350e-17    2.9989e-19
1032.62891    6.3002e-17    8.6016e-17    2.0118e-19
1034.64038    1.6500e-17    2.2394e-17    4.1479e-19
1036.65564    9.8388e-18    1.3413e-17    8.4075e-20
1038.67480    1.6526e-18    2.2171e-18    1.1232e-19
1040.69800    1.1022e-18    1.4888e-18    4.7145e-20
1042.72510    5.2253e-18    7.0163e-18    3.3768e-19
1044.75610    7.9872e-18    1.0660e-17    6.9220e-19
1046.79102    6.0043e-18    8.0294e-18    4.7807e-19
1048.83008    7.0608e-19    9.2910e-19    9.7478e-20
1050.87292    7.2887e-18    9.8229e-18    3.7314e-19
1052.91980    2.6102e-18    3.4278e-18    3.7926e-19
1054.97070    3.2815e-17    4.4660e-17    4.9444e-19
1057.02563    1.4301e-17    1.8901e-17    1.7490e-18
1059.08447    2.0412e-17    2.7600e-17    7.9927e-19
1061.14734    4.3074e-17    5.8237e-17    1.6966e-18
1063.21436    8.2858e-17    1.1311e-16    3.1486e-19
1065.28516    1.7885e-17    2.4282e-17    4.2804e-19
1067.36011    9.0833e-17    1.2391e-16    5.5949e-19
1069.43921    4.2004e-17    5.7221e-17    4.8138e-19
1071.52222    5.3759e-17    7.3295e-17    4.4995e-19
1073.60938    1.0429e-16    1.4213e-16    1.0356e-18
1075.70056    7.0277e-17    9.5840e-17    5.1945e-19
1077.79590    6.0088e-17    8.1717e-17    1.0642e-18
1079.89514    7.2152e-18    9.4883e-18    1.0123e-18
1081.99854    4.1447e-17    5.6560e-17    2.0424e-19
1084.10608    5.1401e-17    7.0044e-17    5.2872e-19
1086.21777    2.7733e-18    3.5102e-18    7.6256e-19
1088.33350    4.9463e-17    6.7330e-17    7.0697e-19
1090.45337    7.0996e-17    9.6722e-17    7.9469e-19
1092.57727    4.7132e-17    6.4286e-17    3.2059e-19
1094.70532    4.8951e-17    6.6546e-17    9.3761e-19
1096.83765    6.1588e-17    8.3967e-17    5.2039e-19
1098.97412    8.3727e-17    1.1419e-16    6.0129e-19
1101.11475    6.5252e-17    8.8883e-17    7.6778e-19
1103.25952    1.8494e-17    2.5016e-17    6.9781e-19
1105.40845    3.5301e-17    4.7954e-17    7.7549e-19
1107.56152    6.5424e-17    8.8694e-17    1.9239e-18
1109.71887    3.6919e-17    5.0341e-17    2.9179e-19
1111.88037    4.7799e-17    6.5156e-17    4.3580e-19
1114.04614    5.4012e-17    7.3747e-17    1.5592e-19
1116.21606    3.2855e-17    4.4723e-17    4.7147e-19
1118.39014    9.8683e-18    1.3029e-17    1.2442e-18
1120.56860    9.6810e-18    1.2984e-17    6.6796e-19
1122.75122    6.5361e-17    8.9205e-17    2.9456e-19
1124.93811    5.3634e-17    7.2946e-17    9.3478e-19
1127.12927    1.2458e-16    1.7000e-16    6.4102e-19
1129.32471    8.1282e-17    1.1049e-16    1.5695e-18
1131.52441    5.8576e-17    7.9905e-17    3.7188e-19
1133.72839    9.1391e-17    1.2473e-16    4.1073e-19
1135.93665    3.3017e-17    4.3940e-17    3.2097e-18
1138.14917    4.7498e-17    6.4534e-17    1.0110e-18
1140.36621    4.8349e-17    6.5191e-17    2.3892e-18
1142.58740    8.6237e-17    1.1765e-16    5.0488e-19
1144.81299    1.8690e-16    2.5487e-16    1.4401e-18
1147.04272    1.8740e-16    2.5525e-16    2.2348e-18
1149.27698    1.4352e-16    1.9571e-16    1.1004e-18
1151.51562    1.6025e-16    2.1801e-16    2.6425e-18
1153.75854    1.3683e-16    1.8588e-16    2.9838e-18
1156.00586    2.3516e-17    3.1824e-17    8.4512e-19
1158.25745    7.0650e-17    9.5494e-17    2.8545e-18
1160.51355    9.1626e-17    1.2373e-16    4.0151e-18
1162.77393    4.3098e-17    5.8759e-17    3.6266e-19
1165.03882    3.2182e-17    4.3723e-17    6.8886e-19
1167.30811    3.9290e-17    5.3302e-17    1.0532e-18
1169.58179    5.4254e-17    7.3400e-17    2.0065e-18
1171.85986    7.0451e-17    9.4998e-17    3.4678e-18
1174.14246    7.6805e-17    1.0397e-16    2.6810e-18
1176.42944    4.9680e-17    6.7329e-17    1.5180e-18
1178.72095    1.2704e-17    1.7196e-17    4.4689e-19
1181.01685    3.1118e-17    4.2228e-17    8.0069e-19
1183.31714    3.3983e-17    4.6136e-17    8.2097e-19
1185.62207    5.2549e-17    7.1166e-17    1.7486e-18
1187.93140    6.8894e-17    9.3301e-17    2.2907e-18
1190.24536    2.4581e-17    3.3366e-17    6.0900e-19
1192.56372    4.5492e-17    6.1868e-17    8.0255e-19
1194.88647    2.7056e-17    3.6657e-17    8.5624e-19
1197.21387    1.0348e-16    1.4062e-16    2.1332e-18
1199.54590    1.5678e-16    2.1369e-16    1.4767e-18
1201.88232    8.3378e-17    1.1327e-16    1.8018e-18
1204.22339    2.0261e-17    2.7441e-17    6.6735e-19
1206.56897    7.5637e-17    1.0267e-16    1.8759e-18
1208.91919    7.2142e-17    9.8118e-17    1.2579e-18
1211.27393    9.4715e-17    1.2887e-16    1.5212e-18
1213.63330    4.2765e-17    5.8024e-17    1.1234e-18
1215.99719    3.2672e-17    4.3980e-17    1.8169e-18
1218.36572    5.7783e-17    7.7700e-17    3.4305e-18
1220.73877    7.0296e-17    9.0963e-17    1.3898e-17
1223.11658    1.5357e-17    2.0747e-17    6.4817e-19
1225.49902    1.1321e-17    1.5390e-17    2.1655e-19
1227.88599    1.9271e-17    2.6254e-17    2.1322e-19
1230.27771    5.7066e-18    7.7297e-18    1.8587e-19
1232.67407    2.4359e-17    3.3210e-17    2.0638e-19
1235.07507    2.8232e-17    3.8298e-17    7.6417e-19
1237.48071    2.3057e-17    3.1313e-17    5.2643e-19
1239.89111    2.7643e-17    3.7411e-17    9.8831e-19
1242.30615    3.2287e-17    4.3701e-17    1.1430e-18
1244.72595    1.9827e-17    2.6851e-17    6.6229e-19
1247.15039    1.0176e-17    1.3794e-17    3.0437e-19
1249.57959    3.2714e-17    4.4248e-17    1.2399e-18
1252.01355    2.6905e-17    3.6452e-17    8.5318e-19
1254.45215    3.1995e-17    4.3308e-17    1.1263e-18
1256.89563    4.2809e-17    5.7612e-17    2.4134e-18
1259.34375    3.5605e-17    4.8052e-17    1.6404e-18
1261.79675    5.3163e-17    7.1553e-17    2.9793e-18
1264.25452    2.0343e-16    2.7316e-16    1.3137e-17
1266.71704    5.2686e-16    7.1412e-16    1.5845e-17
1269.18433    4.3882e-17    5.8699e-17    3.4492e-18
1271.65649    6.7685e-17    9.1430e-17    2.8900e-18
1274.13342    3.6669e-17    4.9353e-17    2.0581e-18
1276.61523    3.7314e-17    5.0458e-17    1.4464e-18
1279.10181    3.5234e-17    4.6722e-17    3.8838e-18
1281.59326    2.2170e-17    2.9496e-17    2.1799e-18
1284.08960    1.7027e-17    2.2362e-17    2.4687e-18
1286.59070    3.5366e-17    4.6406e-17    5.2399e-18
1289.09668    1.7818e-16    2.3446e-16    2.4621e-17
1291.60767    8.1553e-17    1.0702e-16    1.2068e-17
1294.12341    8.5995e-17    1.1261e-16    1.3356e-17
1296.64404    9.4340e-17    1.2718e-16    4.7380e-18
1299.16968    9.0235e-17    1.1839e-16    1.3411e-17
1301.70020    2.1751e-17    2.8619e-17    3.0114e-18
1304.23572    5.1888e-17    6.9431e-17    4.0178e-18
1306.77612    3.7390e-17    4.9042e-17    5.5943e-18
1309.32141    5.4257e-18    7.1526e-18    7.1335e-19
1311.87183    1.9603e-17    2.5471e-17    3.5912e-18
1314.42700    2.7606e-17    3.7103e-17    1.6887e-18
1316.98730    3.6536e-17    4.7106e-17    7.6899e-18
1319.55249    5.3256e-17    6.8987e-17    1.0326e-17
1322.12280    5.5751e-17    7.3060e-17    8.5164e-18
1324.69800    2.7685e-17    3.5881e-17    5.3181e-18
1327.27820    4.0914e-17    5.2286e-17    9.8810e-18
1329.86353    3.3915e-17    4.3133e-17    8.7610e-18
1332.45386    3.5939e-17    4.6085e-17    8.2520e-18
1335.04919    3.4253e-18    4.3805e-18    8.1850e-19
1337.64966    1.8031e-17    2.3002e-17    4.4655e-18
1340.25513    8.4284e-17    1.0342e-16    3.2069e-17
1342.86560    1.3523e-17    1.6441e-17    5.5614e-18
1345.48120    4.6231e-17    5.7458e-17    1.5596e-17
1348.10205    8.1823e-18    9.7723e-18    3.8434e-18
1350.72778    5.0516e-17    6.1483e-17    2.0587e-17
1353.35876    2.8000e-17    3.4036e-17    1.1527e-17
1355.99487    4.7777e-17    6.0851e-17    1.2098e-17
1358.63611    2.5899e-17    3.4412e-17    2.6668e-18
1361.28247    9.6037e-17    1.2219e-16    2.4679e-17
1363.93396    8.2752e-17    1.0846e-16    1.2608e-17
1366.59058    1.1005e-16    1.3883e-16    3.1509e-17
1369.25244    5.1312e-17    6.5430e-17    1.2788e-17
1371.91956    8.2882e-17    1.0685e-16    1.7480e-17
1374.59180    1.3438e-16    1.7190e-16    3.1988e-17
1377.26929    1.3507e-16    1.7030e-16    3.8957e-17
1379.95190    7.7027e-17    9.4924e-17    2.8190e-17
1382.63965    9.6501e-17    1.1846e-16    3.6566e-17
1385.33276    4.3402e-17    5.1789e-17    2.0516e-17
1388.03125    7.7589e-17    9.6569e-17    2.5796e-17
1390.73486    2.4700e-17    3.0752e-17    8.1867e-18
1393.44360    4.9923e-17    5.8310e-17    2.7037e-17
1396.15784    5.9195e-17    7.2358e-17    2.3276e-17
1398.87720    1.6212e-16    2.1051e-16    3.0065e-17
1401.60205    1.2760e-16    1.6851e-16    1.5983e-17
1404.33203    8.3579e-17    1.0416e-16    2.7414e-17
1407.06738    4.8850e-17    5.7849e-17    2.4296e-17
1409.80811    8.7226e-17    1.0485e-16    3.9131e-17
1412.55420    5.2656e-17    6.7949e-17    1.0926e-17
1415.30554    1.7760e-16    2.3161e-16    3.0212e-17
1418.06213    9.4316e-17    1.1805e-16    2.9535e-17
1420.82446    4.8224e-17    5.4761e-17    3.0386e-17
1423.59180    2.8796e-17    3.6472e-17    7.8489e-18
1426.36475    1.1127e-17    1.3565e-17    4.4759e-18
1429.14307    8.2966e-17    9.7632e-17    4.2944e-17
1431.92676    7.3784e-17    9.2872e-17    2.1695e-17
1434.71582    3.0834e-17    3.6774e-17    1.4625e-17
1437.51038    1.3355e-16    1.6077e-16    5.9268e-17
1440.31030    9.1179e-17    1.1260e-16    3.2730e-17
1443.11572    9.0571e-17    1.0705e-16    4.5612e-17
1445.92676    3.3955e-17    3.9749e-17    1.8143e-17
1448.74316    2.6606e-17    3.0595e-17    1.5723e-17
1451.56494    6.5962e-17    7.0684e-17    5.3077e-17
1454.39233    9.6812e-17    1.1388e-16    5.0227e-17
1457.22522    4.0721e-17    4.3205e-17    3.3945e-17
1460.06360    5.6209e-17    5.7113e-17    5.3742e-17
1462.90747    5.9167e-17    6.9776e-17    3.0218e-17
1465.75696    8.4924e-17    8.9632e-17    7.2076e-17
1468.61206    6.2376e-17    6.9564e-17    4.2760e-17
1471.47253    7.5029e-17    7.9435e-17    6.3008e-17
1474.33862    1.0619e-16    1.3474e-16    2.8273e-17
1477.21045    7.8690e-17    8.4693e-17    6.2307e-17
1480.08777    7.3952e-17    8.7956e-17    3.5737e-17
1482.97058    7.1196e-17    8.6298e-17    2.9984e-17
1485.85913    4.4751e-17    4.9473e-17    3.1866e-17
1488.75342    9.2255e-17    9.6274e-17    8.1289e-17
1491.65332    5.5602e-17    6.0021e-17    4.3542e-17
1494.55859    1.5958e-17    1.8223e-17    9.7799e-18
1497.46985    3.8864e-17    4.5998e-17    1.9395e-17
1500.38647    2.1571e-17    2.3089e-17    1.7426e-17
1503.30896    6.0555e-17    6.6696e-17    4.3797e-17
1506.23706    9.0119e-17    1.0853e-16    3.9870e-17
1509.17090    6.3642e-17    7.5941e-17    3.0082e-17
1512.11060    6.9224e-17    8.4802e-17    2.6716e-17
1515.05591    5.0637e-17    6.0445e-17    2.3874e-17
1518.00684    5.0682e-18    6.0326e-18    2.4364e-18
1520.96362    4.1009e-17    4.9941e-17    1.6636e-17
1523.92627    4.3092e-17    4.9029e-17    2.6890e-17
1526.89453    1.8080e-17    2.2733e-17    5.3832e-18
1529.86865    5.4020e-18    5.5445e-18    5.0130e-18
1532.84839    7.8803e-18    9.5238e-18    3.3955e-18
1535.83411    1.2461e-16    1.4096e-16    7.9990e-17
1538.82568    1.0758e-16    1.0649e-16    1.1057e-16
1541.82300    1.9951e-17    2.2250e-17    1.3678e-17
1544.82617    8.9859e-18    9.8584e-18    6.6049e-18
1547.83521    2.4571e-16    2.4654e-16    2.4344e-16
1550.85010    4.6041e-17    5.0787e-17    3.3091e-17
1553.87085    4.2221e-17    4.3022e-17    4.0035e-17
1556.89746    2.3205e-17    2.9485e-17    6.0679e-18
1559.92993    3.3096e-17    4.4566e-17    1.7985e-18
1562.96863    3.2550e-17    4.3328e-17    3.1383e-18
1566.01282    1.0982e-17    1.4285e-17    1.9683e-18
1569.06311    5.0739e-17    6.7750e-17    4.3165e-18
1572.11938    3.8390e-17    4.9969e-17    6.7932e-18
1575.18152    3.7529e-17    5.0480e-17    2.1886e-18
1578.24963    5.8410e-17    7.1868e-17    2.1685e-17
1581.32373    3.9320e-17    4.7593e-17    1.6744e-17
1584.40381    1.8999e-17    2.4982e-17    2.6717e-18
1587.48999    3.7979e-17    4.8639e-17    8.8883e-18
1590.58215    1.2508e-17    1.3640e-17    9.4199e-18
1593.68018    5.3149e-17    5.2372e-17    5.5271e-17
1596.78442    1.7775e-17    1.5986e-17    2.2657e-17
1599.89465    2.1459e-17    2.3553e-17    1.5745e-17
1603.01086    1.6218e-17    2.1078e-17    2.9560e-18
1606.13330    2.8631e-17    3.5542e-17    9.7692e-18
1609.26172    4.6734e-17    6.2875e-17    2.6881e-18
1612.39636    2.7961e-17    3.7522e-17    1.8729e-18
1615.53674    2.8967e-18    3.6533e-18    8.3201e-19
1618.68347    4.5259e-17    5.9647e-17    5.9947e-18
1621.83630    5.8466e-17    7.7890e-17    5.4630e-18
1624.99548    4.3309e-17    5.8051e-17    3.0830e-18
1628.16064    6.6340e-17    8.9328e-17    3.6115e-18
1631.33203    6.4998e-17    8.4283e-17    1.2374e-17
1634.50952    8.8355e-17    1.1801e-16    7.4332e-18
1637.69312    1.0314e-16    1.3382e-16    1.9402e-17
1640.88306    1.7957e-16    2.2740e-16    4.9047e-17
1644.07922    4.8491e-17    6.2943e-17    9.0550e-18
1647.28162    8.1349e-17    1.0680e-16    1.1886e-17
1650.49023    7.0221e-17    9.2094e-17    1.0533e-17
1653.70496    5.3731e-17    7.0200e-17    8.7881e-18
1656.92603    2.5386e-17    3.4587e-17    2.7738e-19
1660.15369    2.9408e-17    3.9713e-17    1.2886e-18
1663.38721    1.4625e-17    1.9463e-17    1.4257e-18
1666.62720    2.1728e-17    2.5866e-17    1.0436e-17
1669.87317    2.9147e-17    3.6239e-17    9.7925e-18
1673.12585    4.1149e-17    5.2551e-17    1.0034e-17
1676.38489    5.5211e-17    6.9531e-17    1.6133e-17
1679.65027    4.0063e-17    5.1689e-17    8.3402e-18
1682.92188    2.7118e-17    3.4376e-17    7.3136e-18
1686.19958    2.9111e-17    3.4904e-17    1.3301e-17
1689.48413    4.0080e-17    5.2697e-17    5.6479e-18
1692.77502    3.2886e-17    4.3498e-17    3.9251e-18
1696.07227    3.7468e-17    3.8715e-17    3.4063e-17
1699.37573    2.4887e-17    3.2079e-17    5.2643e-18
1702.68567    3.8974e-17    5.0883e-17    6.4755e-18
1706.00232    3.6018e-17    4.6982e-17    6.0998e-18
1709.32544    5.4668e-17    6.9619e-17    1.3870e-17
1712.65491    2.9821e-17    3.6957e-17    1.0351e-17
1715.99060    5.9517e-17    7.7165e-17    1.1361e-17
1719.33301    5.5233e-17    7.1733e-17    1.0207e-17
1722.68188    6.4412e-17    7.8060e-17    2.7169e-17
1726.03735    4.2205e-17    5.6066e-17    4.3790e-18
1729.39941    1.6587e-17    2.0760e-17    5.2000e-18
1732.76807    2.8093e-17    3.2032e-17    1.7344e-17
1736.14307    1.2114e-17    1.4467e-17    5.6926e-18
1739.52466    6.7356e-18    6.7615e-18    6.6648e-18
1742.91296    1.1388e-17    1.2421e-17    8.5702e-18
1746.30786    2.5717e-17    3.2059e-17    8.4097e-18
1749.70935    3.4006e-17    4.1622e-17    1.3224e-17
1753.11755    1.9327e-18    1.7346e-18    2.4732e-18
1756.53223    8.7077e-18    7.5037e-18    1.1993e-17
1759.95325    3.9545e-17    5.1101e-17    8.0109e-18
1763.38147    3.0636e-17    3.6781e-17    1.3865e-17
1766.81628    2.1892e-17    2.2920e-17    1.9089e-17
1770.25745    1.8086e-17    2.2160e-17    6.9661e-18
1773.70581    4.0302e-17    4.9684e-17    1.4702e-17
1777.16064    2.9353e-17    3.6282e-17    1.0448e-17
1780.62207    2.7057e-17    3.2539e-17    1.2098e-17
1784.09045    9.7519e-17    1.2581e-16    2.0315e-17
1787.56555    2.5700e-16    3.2996e-16    5.7909e-17
1791.04749    4.0444e-17    4.4048e-17    3.0608e-17
1794.53601    3.5744e-17    4.2285e-17    1.7895e-17
1798.03137    7.0040e-17    8.6615e-17    2.4810e-17
1801.53357    5.3975e-18    4.2616e-18    8.4970e-18
1805.04248    6.7001e-17    7.0825e-17    5.6566e-17
1808.55847    3.3551e-17    4.1568e-17    1.1675e-17
1812.08130    1.1780e-17    9.4535e-18    1.8128e-17
1815.61096    2.1782e-17    2.8128e-17    4.4654e-18
1819.14722    1.7141e-17    2.2647e-17    2.1156e-18
1822.69067    3.0566e-17    3.9244e-17    6.8848e-18
1826.24084    3.7107e-17    4.7995e-17    7.3936e-18
1829.79797    3.2826e-17    4.1448e-17    9.2989e-18
1833.36206    2.4014e-17    3.0842e-17    5.3839e-18
1836.93311    2.4587e-17    3.1559e-17    5.5633e-18
1840.51111    1.8413e-17    1.7747e-17    2.0230e-17
1844.09607    2.3627e-17    2.3311e-17    2.4489e-17
1847.68799    3.7143e-17    4.6214e-17    1.2389e-17
1851.28687    3.0824e-17    3.4449e-17    2.0932e-17
1854.89282    6.1636e-18    6.3207e-18    5.7349e-18
1858.50586    2.2147e-17    2.3464e-17    1.8552e-17
1862.12585    2.0765e-17    2.3410e-17    1.3545e-17
1865.75293    3.1207e-17    3.4158e-17    2.3154e-17
1869.38696    3.8579e-17    3.7699e-17    4.0980e-17
1873.02820    1.4348e-17    1.5944e-17    9.9939e-18
1876.67651    4.8473e-17    5.9873e-17    1.7367e-17
1880.33191    4.3941e-17    5.3135e-17    1.8852e-17
1883.99438    3.3717e-17    3.0747e-17    4.1822e-17
1887.66406    5.7024e-17    6.7381e-17    2.8762e-17
1891.34082    2.0953e-17    2.4671e-17    1.0808e-17
1895.02490    2.4603e-17    2.8427e-17    1.4168e-17
1898.71606    3.1706e-17    3.3677e-17    2.6328e-17
1902.41431    5.1379e-17    6.1074e-17    2.4923e-17
1906.11987    1.9990e-17    2.4264e-17    8.3251e-18
1909.83252    3.0828e-17    3.5558e-17    1.7923e-17
1913.55261    3.3345e-17    4.0615e-17    1.3505e-17
1917.27979    4.2901e-17    5.2515e-17    1.6668e-17
1921.01428    1.6297e-17    1.5293e-17    1.9035e-17
1924.75610    2.9139e-17    3.5762e-17    1.1069e-17
1928.50513    3.6678e-17    4.3709e-17    1.7490e-17
1932.26147    2.6049e-17    3.2163e-17    9.3630e-18
1936.02515    3.8537e-17    4.9409e-17    8.8696e-18
1939.79614    2.5895e-17    2.3368e-17    3.2789e-17
1943.57446    4.0578e-17    4.4433e-17    3.0060e-17
1947.36011    6.5560e-17    6.7572e-17    6.0069e-17
1951.15332    2.5682e-17    2.6028e-17    2.4738e-17
1954.95374    5.3142e-17    5.2994e-17    5.3547e-17
1958.76160    8.9904e-17    7.9358e-17    1.1868e-16
1962.57690    3.5252e-17    3.5014e-17    3.5902e-17
1966.39966    8.9209e-17    9.2170e-17    8.1132e-17
1970.22974    7.5535e-17    8.6263e-17    4.6259e-17
1974.06738    1.0871e-16    1.1989e-16    7.8195e-17
1977.91248    3.2121e-17    2.8672e-17    4.1530e-17
1981.76514    1.4866e-17    1.2487e-17    2.1359e-17
1985.62524    4.3646e-17    4.2069e-17    4.7949e-17
1989.49280    3.4681e-17    3.4698e-17    3.4636e-17
1993.36792    2.2829e-17    2.4874e-17    1.7250e-17
1997.25061    2.0900e-17    1.8401e-17    2.7719e-17
2001.14087    5.0750e-17    6.1923e-17    2.0262e-17
2005.03870    4.4711e-17    5.2578e-17    2.3245e-17
2008.94409    6.9953e-17    8.2840e-17    3.4785e-17
2012.85718    5.5250e-17    5.6657e-17    5.1410e-17
2016.77783    6.9372e-17    7.2744e-17    6.0170e-17
2020.70605    2.6501e-17    3.0815e-17    1.4728e-17
2024.64209    5.4472e-17    5.3972e-17    5.5836e-17
2028.58569    1.0044e-16    1.1016e-16    7.3919e-17
2032.53687    6.7698e-17    7.1052e-17    5.8544e-17
2036.49585    3.1601e-17    3.2715e-17    2.8562e-17
2040.46265    3.0968e-17    4.0041e-17    6.2108e-18
2044.43701    2.9138e-17    3.6234e-17    9.7745e-18
2048.41919    2.9275e-17    2.6593e-17    3.6596e-17
2052.40918    2.6470e-17    2.7706e-17    2.3098e-17
2056.40674    4.0825e-17    4.9321e-17    1.7639e-17
2060.41211    4.9861e-18    6.1265e-18    1.8739e-18
2064.42554    4.6384e-17    5.7344e-17    1.6476e-17
2068.44678    6.0819e-17    5.9474e-17    6.4491e-17
2072.47559    4.7353e-17    5.3590e-17    3.0331e-17
2076.51221    3.9191e-17    3.3734e-17    5.4083e-17
2080.55713    2.3272e-17    2.5700e-17    1.6645e-17
2084.60938    2.0815e-17    1.6526e-17    3.2519e-17
2088.66992    2.9923e-17    3.5232e-17    1.5434e-17
2092.73828    3.0334e-17    2.6372e-17    4.1144e-17
2096.81445    2.0022e-17    2.1621e-17    1.5658e-17
2100.89868    5.1801e-17    5.0586e-17    5.5115e-17
2104.99072    2.5649e-17    2.8767e-17    1.7140e-17
2109.09082    8.3012e-17    1.0319e-16    2.7949e-17
2113.19922    4.0214e-17    4.0027e-17    4.0726e-17
2117.31519    1.1182e-16    1.1672e-16    9.8468e-17
2121.43945    1.2850e-17    1.2705e-17    1.3246e-17
2125.57129    2.2877e-17    1.7850e-17    3.6595e-17
2129.71143    5.2640e-17    5.8885e-17    3.5600e-17
2133.85986    4.6213e-17    4.3975e-17    5.2319e-17
2138.01611    5.5937e-17    6.6357e-17    2.7504e-17
2142.18066    4.5979e-17    4.4078e-17    5.1165e-17
2146.35303    4.1808e-17    4.3969e-17    3.5913e-17
2150.53369    3.9519e-17    4.7621e-17    1.7411e-17
2154.72266    2.0586e-17    1.9005e-17    2.4901e-17
2158.91968    3.4573e-17    3.6043e-17    3.0563e-17
2163.12500    4.7430e-17    5.2004e-17    3.4946e-17
2167.33813    7.8693e-17    7.9011e-17    7.7824e-17
2171.55957    2.0578e-17    1.7661e-17    2.8537e-17
2175.78955    7.3555e-17    7.5827e-17    6.7354e-17
2180.02759    1.9587e-17    2.0446e-17    1.7244e-17
2184.27393    4.7866e-17    4.1793e-17    6.4438e-17
2188.52832    3.2813e-17    3.5201e-17    2.6294e-17
2192.79102    1.5371e-17    1.3105e-17    2.1556e-17
2197.06226    9.5334e-18    7.2969e-18    1.5636e-17
2201.34180    1.9600e-17    1.6249e-17    2.8745e-17
2205.62939    3.4626e-17    3.0287e-17    4.6466e-17
2209.92554    3.6383e-17    3.4918e-17    4.0382e-17
2214.22998    5.3682e-17    5.7791e-17    4.2470e-17
2218.54297    3.9121e-17    4.1130e-17    3.3640e-17
2222.86426    7.7638e-17    8.8570e-17    4.7805e-17
2227.19409    4.7060e-17    4.7228e-17    4.6602e-17
2231.53223    4.1856e-17    4.1617e-17    4.2509e-17
2235.87891    4.8686e-17    5.7615e-17    2.4320e-17
2240.23389    8.1468e-17    8.5530e-17    7.0383e-17
2244.59717    5.2338e-17    6.7225e-17    1.1715e-17
2248.96924    7.1105e-17    8.6408e-17    2.9345e-17
2253.34985    6.6499e-17    8.3290e-17    2.0681e-17
2257.73901    4.6943e-17    5.4969e-17    2.5041e-17
2262.13672    9.3670e-17    1.2157e-16    1.7530e-17
2266.54297    1.1682e-16    1.4881e-16    2.9543e-17
2270.95752    8.9869e-17    1.0851e-16    3.8995e-17
2275.38086    1.0991e-16    1.3374e-16    4.4873e-17
2279.81299    1.0642e-16    1.1452e-16    8.4332e-17
2284.25366    6.6080e-17    7.6018e-17    3.8962e-17
2288.70288    5.1660e-17    4.6660e-17    6.5305e-17
2293.16089    1.0053e-16    1.1647e-16    5.7041e-17
2297.62744    4.8992e-17    4.7718e-17    5.2469e-17
2302.10303    4.4584e-17    4.3635e-17    4.7174e-17
2306.58691    1.5250e-16    1.3773e-16    1.9282e-16
2311.07959    9.3287e-17    1.0479e-16    6.1890e-17
2315.58105    6.7091e-17    7.5770e-17    4.3409e-17
2320.09155    7.9259e-17    9.1580e-17    4.5636e-17
2324.61060    6.2692e-17    7.5847e-17    2.6793e-17
2329.13843    1.6916e-16    2.1720e-16    3.8077e-17
2333.67529    7.0627e-17    9.4265e-17    6.1223e-18
2338.22070    1.0880e-16    1.3798e-16    2.9156e-17
2342.77490    1.5840e-16    2.0598e-16    2.8586e-17
2347.33838    1.7106e-16    2.2110e-16    3.4518e-17
2351.91064    5.5889e-17    6.4910e-17    3.1273e-17
2356.49170    1.0297e-16    1.1459e-16    7.1253e-17
2361.08154    2.5610e-16    3.4004e-16    2.7040e-17
2365.68066    1.8178e-16    2.3973e-16    2.3659e-17
2370.28833    1.0505e-16    1.3812e-16    1.4808e-17
2374.90527    2.0311e-16    2.6618e-16    3.1012e-17
2379.53101    1.2243e-16    1.6266e-16    1.2656e-17
2384.16602    5.4847e-16    7.2882e-16    5.6336e-17
2388.80981    1.6219e-16    2.0089e-16    5.6593e-17
2393.46289    3.1141e-16    3.8642e-16    1.0673e-16
2398.12476    1.5059e-16    1.9127e-16    3.9599e-17
2402.79590    1.7266e-16    2.1757e-16    5.0118e-17
2407.47607    1.0290e-16    1.3135e-16    2.5248e-17
2412.16528    2.8494e-16    3.6396e-16    6.9309e-17
2416.86377    1.6886e-16    1.9078e-16    1.0905e-16
2421.57129    1.4971e-16    1.6037e-16    1.2062e-16
2426.28809    1.9162e-16    2.2725e-16    9.4395e-17
2431.01392    2.9043e-16    3.3274e-16    1.7500e-16
2435.74902    2.1455e-16    2.4870e-16    1.2135e-16
2440.49365    1.3396e-16    1.3966e-16    1.1839e-16
2445.24707    1.6287e-16    1.9517e-16    7.4746e-17
2450.01001    1.6570e-16    1.7768e-16    1.3302e-16
2454.78223    1.4770e-16    1.6637e-16    9.6752e-17
2459.56348    2.0799e-16    2.3343e-16    1.3858e-16
2464.35425    2.8415e-16    3.4172e-16    1.2706e-16
2469.15430    2.0471e-16    2.4383e-16    9.7950e-17
2473.96387    1.8285e-16    2.0929e-16    1.1070e-16
2478.78271    1.5254e-16    1.8516e-16    6.3543e-17
2483.61084    1.6939e-16    1.9493e-16    9.9698e-17
2488.44849    1.9729e-16    2.0879e-16    1.6591e-16
2493.29541    9.4264e-17    1.1208e-16    4.5658e-17
2498.15186    1.1076e-16    1.2571e-16    6.9962e-17
2503.01782    1.7283e-16    1.9672e-16    1.0763e-16
2507.89307    2.1258e-16    2.3424e-16    1.5350e-16
2512.77808    1.9379e-16    2.2233e-16    1.1592e-16
2517.67236    1.1309e-16    1.2510e-16    8.0319e-17
2522.57642    1.5500e-16    1.6715e-16    1.2183e-16
2527.48975    1.6711e-16    2.0784e-16    5.5940e-17
2532.41309    6.6111e-17    8.1437e-17    2.4288e-17
2537.34570    1.7308e-16    2.0969e-16    7.3185e-17
2542.28760    1.8196e-16    2.1194e-16    1.0016e-16
2547.23975    1.6768e-16    2.0144e-16    7.5570e-17
2552.20117    1.0670e-16    1.1828e-16    7.5103e-17
2557.17236    7.1310e-17    8.7238e-17    2.7845e-17
2562.15332    1.8464e-16    2.3564e-16    4.5482e-17
2567.14404    1.0192e-16    1.2270e-16    4.5223e-17
2572.14404    1.5387e-16    1.6271e-16    1.2975e-16
2577.15430    6.5031e-17    8.3358e-17    1.5021e-17
2582.17383    1.0946e-16    1.2476e-16    6.7704e-17
2587.20361    2.6047e-16    3.2835e-16    7.5260e-17
2592.24292    1.1432e-16    1.4436e-16    3.2337e-17
2597.29199    5.1330e-16    6.6931e-16    8.7558e-17
2602.35107    2.5169e-17    2.6034e-17    2.2809e-17
2607.41992    1.9261e-16    2.3859e-16    6.7114e-17
2612.49854    3.7274e-16    4.6739e-16    1.1448e-16
2617.58740    1.7015e-16    2.1868e-16    3.7724e-17
2622.68604    2.2819e-16    2.8954e-16    6.0773e-17
2627.79443    4.7851e-16    6.0776e-16    1.2581e-16
2632.91284    2.8835e-16    3.4426e-16    1.3576e-16
2638.04126    6.8212e-17    6.8029e-17    6.8711e-17
2643.17969    8.3471e-17    7.5378e-17    1.0556e-16
2648.32812    3.0059e-17    2.3269e-17    4.8587e-17
2653.48633    8.7656e-17    8.1190e-17    1.0530e-16
2658.65479    3.5180e-17    2.7866e-17    5.5138e-17
2663.83350    3.9534e-17    4.4905e-17    2.4879e-17
2669.02197    9.1942e-17    1.0107e-16    6.7037e-17
2674.22070    3.1114e-18    2.2510e-18    5.4593e-18
2679.42969    5.9679e-17    6.2814e-17    5.1122e-17
2684.64868    9.5664e-17    9.4533e-17    9.8752e-17
2689.87793    2.6389e-17    2.4025e-17    3.2841e-17
2695.11719    1.0089e-16    1.1585e-16    6.0064e-17
2700.36670    2.5279e-17    1.8959e-17    4.2523e-17
2705.62646    1.3235e-16    1.3337e-16    1.2956e-16
2710.89648    9.1119e-17    1.0919e-16    4.1796e-17
2716.17676    1.9259e-16    2.3293e-16    8.2523e-17
2721.46729    6.9269e-17    6.5674e-17    7.9081e-17
2726.76831    1.2602e-16    1.6303e-16    2.5035e-17
2732.07959    2.1571e-16    2.7563e-16    5.2185e-17
2737.40112    1.6261e-16    2.0680e-16    4.2044e-17
2742.73291    8.5741e-17    1.0428e-16    3.5144e-17
2748.07520    2.1943e-16    2.8777e-16    3.2935e-17
2753.42798    2.7573e-16    3.2581e-16    1.3905e-16
2758.79102    8.3958e-17    1.0071e-16    3.8246e-17
2764.16479    9.6467e-17    1.1674e-16    4.1147e-17
2769.54883    1.3795e-16    1.6180e-16    7.2881e-17
2774.94336    1.9671e-16    2.2100e-16    1.3043e-16
2780.34863    6.5778e-17    6.1833e-17    7.6543e-17
2785.76416    8.6541e-17    7.9720e-17    1.0516e-16
2791.18994    8.6648e-17    8.6778e-17    8.6293e-17
2796.62695    3.6834e-17    4.1961e-17    2.2845e-17
2802.07422    2.7677e-17    3.2071e-17    1.5686e-17
2807.53198    3.0452e-17    3.0598e-17    3.0053e-17
2813.00049    2.5881e-17    2.1920e-17    3.6687e-17
2818.47949    1.1274e-16    8.7593e-17    1.8136e-16
2823.96948    1.3230e-16    1.1959e-16    1.6699e-16
2829.47021    1.4655e-16    1.6484e-16    9.6646e-17
2834.98145    1.0388e-16    1.0361e-16    1.0462e-16
2840.50342    4.0137e-16    3.3241e-16    5.8956e-16
2846.03613    2.8940e-16    2.5723e-16    3.7720e-16
2851.57959    1.1878e-16    1.1087e-16    1.4037e-16
2857.13379    2.4294e-16    2.1122e-16    3.2949e-16
2862.69922    8.3435e-17    6.9037e-17    1.2272e-16
2868.27490    1.2675e-16    1.2317e-16    1.3653e-16
2873.86182    7.7594e-17    7.2435e-17    9.1671e-17
2879.45947    1.5950e-16    1.2992e-16    2.4022e-16
2885.06836    9.9124e-17    9.3679e-17    1.1398e-16
2890.68774    8.0222e-17    8.0038e-17    8.0725e-17
2896.31860    7.3529e-17    6.4365e-17    9.8536e-17
2901.95972    2.8450e-17    2.3871e-17    4.0947e-17
2907.61230    5.8736e-17    4.8284e-17    8.7258e-17
2913.27563    7.5385e-18    5.4851e-18    1.3142e-17
2918.95020    5.7254e-17    5.2919e-17    6.9081e-17
2924.63574    1.3441e-16    1.6499e-16    5.0960e-17
2930.33228    6.5709e-18    4.7461e-18    1.1551e-17
2936.04004    1.0279e-17    7.5787e-18    1.7649e-17
2941.75903    7.6997e-17    8.9072e-17    4.4047e-17
2947.48877    9.7144e-17    1.0867e-16    6.5687e-17
2953.22998    6.4222e-17    8.0124e-17    2.0828e-17
2958.98242    5.5098e-17    5.3497e-17    5.9466e-17
2964.74585    6.8541e-17    8.1782e-17    3.2409e-17
2970.52075    9.9142e-17    1.1377e-16    5.9232e-17
2976.30664    3.4259e-17    3.4284e-17    3.4193e-17
2982.10376    1.4040e-16    1.6615e-16    7.0123e-17
2987.91187    4.1127e-17    5.1229e-17    1.3561e-17
2993.73218    8.8426e-18    6.2463e-18    1.5928e-17
2999.56348    2.8306e-17    2.6820e-17    3.2362e-17
3005.40601    6.7735e-17    8.6103e-17    1.7612e-17
3011.25977    3.6544e-17    2.7172e-17    6.2119e-17
3017.12500    3.1903e-17    2.3652e-17    5.4419e-17
3023.00195    1.0287e-17    7.3583e-18    1.8279e-17
3028.89014    1.4876e-17    1.0727e-17    2.6200e-17
3034.79004    3.4322e-17    2.4285e-17    6.1711e-17
3040.70117    9.2794e-18    6.6132e-18    1.6555e-17
3046.62402    7.8343e-17    6.5067e-17    1.1457e-16
3052.55811    2.8546e-17    2.0508e-17    5.0479e-17
3058.50391    5.6890e-18    4.0568e-18    1.0143e-17
3064.46143    4.6132e-17    4.0022e-17    6.2806e-17
3070.43018    4.9962e-17    3.7497e-17    8.3978e-17
3076.41064    2.1518e-16    1.6068e-16    3.6388e-16
3082.40332    1.0875e-17    8.0500e-18    1.8585e-17
3088.40698    8.1115e-18    5.8659e-18    1.4239e-17
3094.42261    3.4277e-17    3.2549e-17    3.8994e-17
3100.44971    6.4162e-18    4.5950e-18    1.1386e-17
3106.48901    1.5799e-17    1.1309e-17    2.8050e-17
3112.53979    7.4523e-18    5.3203e-18    1.3270e-17
3118.60229    7.1618e-18    5.1192e-18    1.2736e-17
3124.67676    5.6360e-19    3.9878e-19    1.0134e-18
3130.76318    7.5313e-18    5.7956e-18    1.2268e-17
3136.86133    1.9662e-18    1.3975e-18    3.5180e-18
3142.97119    3.3820e-17    3.8549e-17    2.0915e-17
3149.09302    9.5602e-18    7.1049e-18    1.6260e-17
3155.22681    4.3468e-18    3.1086e-18    7.7255e-18
3161.37256    1.1812e-16    1.4066e-16    5.6606e-17
3167.53027    6.3006e-17    7.8431e-17    2.0912e-17
3173.70020    9.1688e-19    6.4244e-19    1.6658e-18
3179.88184    5.1240e-17    4.7186e-17    6.2303e-17
3186.07568    1.3114e-16    1.6339e-16    4.3122e-17
3192.28149    1.0151e-16    1.2010e-16    5.0785e-17
3198.49951    8.5072e-17    1.0979e-16    1.7627e-17
3204.72949    1.2853e-17    9.6100e-18    2.1704e-17
3210.97168    9.2623e-17    1.1359e-16    3.5405e-17
3217.22607    6.9352e-19    4.9356e-19    1.2392e-18
3223.49268    5.5802e-18    3.9857e-18    9.9313e-18
3229.77148    9.4119e-17    1.0171e-16    7.3409e-17
3236.06226    7.1362e-18    5.9813e-18    1.0288e-17
3242.36572    3.0431e-17    2.6473e-17    4.1232e-17
3248.68115    5.5375e-17    4.6049e-17    8.0826e-17
3255.00879    1.2459e-16    1.3350e-16    1.0029e-16
3261.34912    4.3840e-17    4.2989e-17    4.6162e-17
3267.70093    2.5155e-17    1.9359e-17    4.0971e-17
3274.06616    2.0988e-18    1.8073e-18    2.8940e-18
3280.44336    2.5420e-16    2.8414e-16    1.7251e-16
3286.83301    4.5021e-17    4.0698e-17    5.6818e-17
3293.23535    4.4828e-17    4.2638e-17    5.0804e-17
3299.64990    4.8935e-17    4.0204e-17    7.2761e-17
3306.07690    6.0946e-17    5.4206e-17    7.9339e-17
3312.51660    4.2884e-17    3.8381e-17    5.5170e-17
3318.96875    7.8123e-18    5.5931e-18    1.3868e-17
3325.43359    1.0576e-17    7.7320e-18    1.8338e-17
3331.91064    9.3641e-19    6.5791e-19    1.6964e-18
3338.40063    1.4098e-17    1.0249e-17    2.4603e-17
3344.90332    4.3971e-19    3.0938e-19    7.9536e-19
3351.41846    1.2573e-19    8.8368e-20    2.2770e-19
3357.94629    3.1217e-17    2.4682e-17    4.9051e-17
3364.48682    1.2371e-17    9.8853e-18    1.9155e-17
3371.04004    1.7928e-17    1.2932e-17    3.1563e-17
3377.60645    9.8640e-18    6.8914e-18    1.7976e-17
3384.18481    1.1750e-17    8.5599e-18    2.0455e-17
3390.77686    1.2730e-17    9.1633e-18    2.2461e-17
3397.38159    2.1203e-18    1.4922e-18    3.8340e-18
3403.99902    1.0286e-18    7.2249e-19    1.8639e-18
3410.62915    3.1696e-18    2.3112e-18    5.5119e-18
3417.27271    1.7974e-17    1.3384e-17    3.0500e-17
3423.92847    3.0008e-18    2.1062e-18    5.4422e-18
3430.59766    4.8462e-18    3.4359e-18    8.6945e-18
3437.27979    2.3381e-17    1.8784e-17    3.5925e-17
3443.97534    5.0713e-18    3.5536e-18    9.2127e-18
3450.68359    2.6506e-17    1.9878e-17    4.4592e-17
3457.40479    2.3994e-17    1.7515e-17    4.1674e-17
3464.13916    4.9145e-18    3.5004e-18    8.7734e-18
3470.88647    3.6751e-18    2.6441e-18    6.4885e-18
3477.64697    1.7047e-17    1.2904e-17    2.8352e-17
3484.42090    1.3561e-17    9.7001e-18    2.4095e-17
3491.20776    7.7192e-18    5.6323e-18    1.3414e-17
3498.00781    1.3202e-17    9.7227e-18    2.2697e-17
3504.82129    1.0962e-17    7.7194e-18    1.9811e-17
3511.64771    4.9467e-19    3.4664e-19    8.9860e-19
3518.48804    6.7316e-18    4.8130e-18    1.1967e-17
3525.34131    7.0195e-18    4.9370e-18    1.2702e-17
3532.20776    6.2162e-18    4.3507e-18    1.1307e-17
3539.08813    1.2178e-17    8.5423e-18    2.2101e-17
3545.98145    1.7016e-18    1.1893e-18    3.0996e-18
3552.88818    5.2986e-18    3.7934e-18    9.4061e-18
3559.80884    2.6285e-18    1.8454e-18    4.7656e-18
3566.74292    2.8235e-18    1.9913e-18    5.0946e-18
3573.68994    3.5217e-19    4.1732e-19    1.7439e-19
3580.65112    7.8392e-20    5.4852e-20    1.4263e-19
3587.62500    3.2371e-18    2.2940e-18    5.8109e-18
3594.61304    1.9172e-19    1.3415e-19    3.4879e-19
3601.61499    5.2588e-19    3.6833e-19    9.5584e-19
3608.63013    3.3844e-19    2.3675e-19    6.1594e-19
3615.65894    8.0589e-19    5.6485e-19    1.4636e-18
3622.70166    1.5681e-17    1.1424e-17    2.7298e-17
3629.75806    3.5130e-19    3.6621e-19    3.1063e-19
3636.82837    9.1724e-19    6.4354e-19    1.6641e-18
3643.91138    8.6944e-18    6.4520e-18    1.4813e-17
3651.00928    5.5259e-20    3.8647e-20    1.0059e-19
3658.12085    1.6850e-17    1.4225e-17    2.4013e-17
3665.24609    1.4579e-19    1.0148e-19    2.6671e-19
3672.38525    1.0248e-19    6.7676e-20    1.9745e-19
3679.53857    2.5788e-19    1.5860e-19    5.2879e-19
3686.70557    6.7474e-19    4.0005e-19    1.4243e-18
3693.88647    1.6158e-19    1.1000e-19    3.0232e-19
3701.08154    1.1728e-18    8.0137e-19    2.1864e-18
3708.29053    1.5173e-19    1.0615e-19    2.7612e-19
3715.51343    4.4682e-19    2.1880e-19    1.0690e-18
3722.75049    9.7498e-19    6.6947e-19    1.8087e-18
3730.00171    3.6269e-18    2.5517e-18    6.5609e-18
3737.26709    6.1112e-20    4.2642e-20    1.1151e-19
3744.54639    7.5886e-19    5.3027e-19    1.3827e-18
3751.84009    7.3698e-18    5.2846e-18    1.3060e-17
3759.14795    5.5233e-18    3.8951e-18    9.9663e-18
3766.47021    2.3209e-17    1.7769e-17    3.8054e-17
3773.80664    3.5073e-20    2.4561e-20    6.3759e-20
3781.15723    7.7338e-18    5.6086e-18    1.3533e-17
3788.52197    5.1898e-19    3.6352e-19    9.4319e-19
3795.90137    4.7882e-19    2.0622e-19    1.2227e-18
3803.29492    1.5141e-19    1.0555e-19    2.7657e-19
3810.70312    1.4905e-18    1.0446e-18    2.7072e-18
3818.12549    8.2425e-20    5.7264e-20    1.5109e-19
3825.56250    3.5505e-17    2.9529e-17    5.1813e-17
3833.01416    3.1746e-19    1.8560e-19    6.7729e-19
3840.47998    2.9187e-19    1.2575e-19    7.4517e-19
3847.96045    1.4220e-18    9.9511e-19    2.5868e-18
3855.45557    3.7074e-20    2.5904e-20    6.7557e-20
3862.96533    1.0105e-19    7.0463e-20    1.8453e-19
3870.48950    1.1070e-17    8.2933e-18    1.8648e-17
3878.02832    1.4289e-19    9.9793e-20    2.6049e-19
3885.58203    7.5010e-20    5.2290e-20    1.3701e-19
3893.15039    9.2547e-19    6.4849e-19    1.6813e-18
3900.73340    1.9910e-19    1.3894e-19    3.6328e-19
3908.33154    4.8736e-18    3.4255e-18    8.8250e-18
3915.94409    5.3938e-18    3.8403e-18    9.6330e-18
3923.57153    1.6593e-19    1.1566e-19    3.0313e-19
3931.21387    7.6503e-18    5.5761e-18    1.3310e-17
3938.87109    3.3576e-17    2.6116e-17    5.3932e-17
3946.54346    8.3724e-18    6.0629e-18    1.4674e-17
3954.23047    1.6860e-19    1.1752e-19    3.0800e-19
3961.93262    3.7839e-18    2.6268e-18    6.9415e-18
3969.64941    2.4232e-18    1.4352e-18    5.1192e-18
3977.38159    2.0966e-17    1.6273e-17    3.3772e-17
3985.12866    2.5598e-18    1.7979e-18    4.6387e-18
3992.89111    1.6278e-18    1.1369e-18    2.9673e-18
4000.66846    1.1864e-17    8.8320e-18    2.0137e-17
4008.46094    8.3462e-19    5.8157e-19    1.5251e-18
4016.26880    2.8255e-19    1.9665e-19    5.1695e-19
4024.09155    2.1491e-18    1.5042e-18    3.9088e-18
4031.92969    2.0127e-19    1.4398e-19    3.5760e-19
4039.78320    7.8581e-20    5.4688e-20    1.4378e-19
4047.65186    4.2282e-20    2.9403e-20    7.7428e-20
4055.53589    5.9465e-19    4.1350e-19    1.0890e-18
4063.43506    3.0254e-18    2.1178e-18    5.5019e-18
4071.35010    1.3351e-18    9.2936e-19    2.4422e-18
4079.28027    1.8527e-18    1.2908e-18    3.3859e-18
4087.22607    8.6901e-19    6.0488e-19    1.5898e-18
4095.18701    9.7424e-19    6.7676e-19    1.7860e-18
4103.16357    2.9316e-19    1.8713e-19    5.8251e-19
4111.15576    9.6569e-19    6.7172e-19    1.7679e-18
4119.16357    3.9494e-18    2.8306e-18    7.0026e-18
4127.18652    3.3218e-18    2.6078e-18    5.2701e-18
4135.22559    1.4806e-18    1.0348e-18    2.6970e-18
4143.28027    1.0292e-18    7.1383e-19    1.8897e-18
4151.35059    3.0130e-19    2.0939e-19    5.5208e-19
4159.43652    8.0913e-19    5.6259e-19    1.4819e-18
4167.53857    2.2168e-19    1.5407e-19    4.0618e-19
4175.65625    4.7858e-17    3.8900e-17    7.2302e-17
4183.78906    8.0614e-19    5.6078e-19    1.4757e-18
4191.93848    5.2248e-20    3.6268e-20    9.5854e-20
4200.10352    2.8011e-19    1.9446e-19    5.1383e-19
4208.28418    8.5618e-19    6.0033e-19    1.5544e-18
4216.48145    3.9501e-20    2.7443e-20    7.2405e-20
4224.69434    3.4702e-19    2.4105e-19    6.3622e-19
4232.92334    4.8221e-17    5.2359e-17    3.6928e-17
4241.16846    4.8239e-17    3.3464e-17    8.8557e-17
4249.42920    1.3838e-18    1.5135e-18    1.0299e-18
4257.70605    3.2871e-18    2.3227e-18    5.9188e-18
4265.99902    1.6248e-19    1.1269e-19    2.9835e-19
4274.30859    2.6969e-17    1.8885e-17    4.9028e-17
4282.63428    9.9618e-20    6.9173e-20    1.8270e-19
4290.97607    3.5218e-17    2.4413e-17    6.4701e-17
4299.33398    2.6884e-17    2.2157e-17    3.9782e-17
4307.70801    6.7538e-18    4.6748e-18    1.2427e-17
4316.09863    2.0660e-17    1.4595e-17    3.7210e-17
4324.50586    1.2220e-18    8.4565e-19    2.2489e-18
4332.92920    1.7049e-17    1.4300e-17    2.4553e-17
4341.36914    1.0441e-17    6.9846e-18    1.9871e-17
4349.82520    4.5622e-17    3.9178e-17    6.3206e-17
4358.29785    4.0617e-17    2.8102e-17    7.4770e-17
4366.78662    2.1323e-18    1.4953e-18    3.8706e-18
4375.29199    4.3462e-17    4.2161e-17    4.7012e-17
4383.81445    2.7252e-17    2.1499e-17    4.2953e-17
4392.35352    3.4069e-20    2.3628e-20    6.2560e-20
4400.90869    1.2069e-17    9.2552e-18    1.9749e-17
4409.48047    5.2967e-17    4.7006e-17    6.9233e-17
4418.06934    3.2154e-17    2.4709e-17    5.2471e-17
4426.67480    5.6744e-20    3.9332e-20    1.0426e-19
4435.29736    6.0006e-18    4.2643e-18    1.0738e-17
4443.93652    4.1417e-19    2.8710e-19    7.6092e-19
4452.59277    1.3852e-17    9.5338e-18    2.5636e-17
4461.26562    4.4188e-18    3.0567e-18    8.1359e-18
4469.95508    1.3071e-17    9.7609e-18    2.2105e-17
4478.66162    5.9496e-18    4.1080e-18    1.0975e-17
4487.38477    3.2715e-17    2.5533e-17    5.2314e-17
4496.12549    9.4798e-19    6.5849e-19    1.7380e-18
4504.88281    1.9977e-17    1.7478e-17    2.6797e-17
4513.65771    1.2396e-17    9.2108e-18    2.1087e-17
4522.44922    5.4896e-17    4.7802e-17    7.4252e-17
4531.25830    5.1563e-18    3.6759e-18    9.1960e-18
4540.08447    1.5723e-17    1.3017e-17    2.3106e-17
4548.92773    2.8800e-17    2.7763e-17    3.1628e-17
4557.78809    2.0535e-17    1.6042e-17    3.2795e-17
4566.66602    4.2767e-20    2.9601e-20    7.8696e-20
4575.56055    2.3070e-17    2.0137e-17    3.1074e-17
4584.47314    4.6455e-17    4.4643e-17    5.1400e-17
4593.40283    5.6806e-18    4.0764e-18    1.0058e-17
4602.34961    4.2828e-19    2.9614e-19    7.8887e-19
4611.31445    1.1015e-19    7.6254e-20    2.0263e-19
4620.29590    2.5438e-17    2.1864e-17    3.5193e-17
4629.29590    5.6319e-17    4.8147e-17    7.8619e-17
4638.31250    2.1130e-18    1.4594e-18    3.8966e-18
4647.34668    5.3560e-18    3.8725e-18    9.4044e-18
4656.39941    2.2467e-19    1.5587e-19    4.1242e-19
4665.46875    1.5853e-17    1.1709e-17    2.7162e-17
4674.55664    5.7493e-19    3.9974e-19    1.0530e-18
4683.66113    9.8180e-19    6.7745e-19    1.8123e-18
4692.78418    2.2259e-20    1.5390e-20    4.1004e-20
4701.92480    1.3570e-19    9.3707e-20    2.5027e-19
4711.08301    5.9119e-20    4.0531e-20    1.0984e-19
4720.25977    9.0739e-19    6.2674e-19    1.6732e-18
4729.45361    5.4661e-18    3.7797e-18    1.0068e-17
4738.66602    3.1655e-19    2.1922e-19    5.8214e-19
4747.89551    6.9605e-19    4.8035e-19    1.2847e-18
4757.14355    1.3430e-19    9.2840e-20    2.4744e-19
4766.41016    4.7592e-21    3.2895e-21    8.7697e-21
4775.69385    4.2420e-18    2.9271e-18    7.8304e-18
4784.99609    4.9216e-21    3.3963e-21    9.0838e-21
4794.31641    6.0051e-19    4.1342e-19    1.1111e-18
4803.65430    4.3824e-20    3.0207e-20    8.0984e-20
4813.01074    9.2255e-18    6.3627e-18    1.7037e-17
4822.38574    7.8381e-18    5.4164e-18    1.4446e-17
4831.77930    1.7290e-18    1.1960e-18    3.1835e-18
4841.19043    7.9625e-19    5.5287e-19    1.4604e-18
4850.62012    8.3647e-19    5.7679e-19    1.5451e-18
4860.06836    1.9373e-19    1.3371e-19    3.5754e-19
4869.53467    3.1388e-18    2.1716e-18    5.7780e-18
4879.01953    5.2345e-18    3.6077e-18    9.6736e-18
4888.52295    6.0521e-18    4.1718e-18    1.1183e-17
4898.04492    2.3325e-18    1.6075e-18    4.3107e-18
4907.58545    7.8350e-18    5.4028e-18    1.4472e-17
4917.14453    2.6088e-20    1.7981e-20    4.8208e-20
4926.72168    4.0696e-17    4.3820e-17    3.2173e-17
4936.31836    6.4874e-20    4.4724e-20    1.1986e-19
4945.93311    1.0138e-17    6.9823e-18    1.8750e-17
4955.56689    4.3858e-18    3.0196e-18    8.1138e-18
4965.21973    3.5779e-20    2.4628e-20    6.6208e-20
4974.89062    4.5278e-18    3.1157e-18    8.3812e-18
4984.58105    9.4845e-20    6.5328e-20    1.7539e-19
4994.29004    8.4319e-19    5.8307e-19    1.5530e-18
5004.01758    7.6903e-18    5.2932e-18    1.4232e-17
5013.76465    5.1691e-17    5.6902e-17    3.7471e-17
5023.53027    3.7823e-18    2.6292e-18    6.9287e-18
5033.31543    3.6691e-20    2.5265e-20    6.7871e-20
5043.11914    4.3089e-18    2.9648e-18    7.9765e-18
5052.94238    7.1251e-18    4.9034e-18    1.3188e-17
5062.78418    1.1803e-18    8.1253e-19    2.1838e-18
5072.64551    1.7653e-17    1.2162e-17    3.2638e-17
5082.52637    1.8073e-19    1.2461e-19    3.3387e-19
5092.42578    1.3607e-19    9.3746e-20    2.5156e-19
5102.34473    1.9507e-18    1.3616e-18    3.5583e-18
5112.28320    1.2781e-17    8.7886e-18    2.3675e-17
5122.24121    4.3676e-19    3.0095e-19    8.0735e-19
5132.21777    1.8476e-18    1.2749e-18    3.4103e-18
5142.21484    5.0302e-19    3.4818e-19    9.2558e-19
5152.23047    1.0457e-18    7.2142e-19    1.9306e-18
5162.26660    6.5477e-17    4.5193e-17    1.2083e-16
5172.32129    6.6594e-17    7.1444e-17    5.3358e-17
5182.39648    8.6918e-18    5.6414e-18    1.7016e-17
5192.49023    1.6076e-19    1.2912e-19    2.4712e-19
5202.60449    3.3566e-17    2.8426e-17    4.7591e-17
5212.73779    1.3759e-20    9.4653e-21    2.5475e-20
5222.89160    1.6825e-18    1.1568e-18    3.1170e-18
5233.06445    3.9114e-17    3.5096e-17    5.0079e-17
5243.25781    1.8416e-19    1.2671e-19    3.4094e-19
5253.47021    1.1273e-17    8.1273e-18    1.9858e-17
5263.70312    3.5008e-17    2.4135e-17    6.4678e-17
5273.95557    7.9485e-17    6.9379e-17    1.0706e-16
5284.22852    4.1715e-17    3.7775e-17    5.2465e-17
5294.52100    2.0311e-18    1.3952e-18    3.7665e-18
5304.83398    6.5399e-20    4.4954e-20    1.2119e-19
5315.16650    9.1537e-17    9.3533e-17    8.6091e-17
5325.51953    1.3263e-17    9.8089e-18    2.2690e-17
5335.89258    1.4802e-17    1.0178e-17    2.7422e-17
5346.28564    1.8101e-18    1.2447e-18    3.3531e-18
5356.69922    9.8105e-20    6.7432e-20    1.8180e-19
5367.13281    6.7333e-18    4.8838e-18    1.1780e-17
5377.58691    1.4978e-17    1.0290e-17    2.7771e-17
5388.06152    2.0750e-19    1.4252e-19    3.8480e-19
5398.55664    9.6003e-20    6.5956e-20    1.7800e-19
5409.07178    2.3467e-18    1.6142e-18    4.3455e-18
5419.60742    3.5850e-20    2.4884e-20    6.5774e-20
5430.16406    2.0680e-17    1.4862e-17    3.6558e-17
5440.74121    3.0631e-19    2.1046e-19    5.6786e-19
5451.33887    3.1533e-19    2.1717e-19    5.8321e-19
5461.95703    1.4996e-19    1.0316e-19    2.7768e-19
5472.59570    7.5493e-19    5.1928e-19    1.3980e-18
5483.25488    1.0302e-19    7.0752e-20    1.9107e-19
5493.93555    1.0578e-18    7.2620e-19    1.9626e-18
5504.63672    1.0705e-19    7.3484e-20    1.9866e-19
5515.35840    7.8242e-20    5.3711e-20    1.4518e-19
5526.10156    4.2585e-18    2.9224e-18    7.9046e-18
5536.86523    1.3687e-18    9.4648e-19    2.5209e-18
5547.64941    1.1208e-18    7.6937e-19    2.0797e-18
5558.45557    1.0424e-18    7.1523e-19    1.9352e-18
5569.28271    8.7065e-19    5.9749e-19    1.6160e-18
5580.12988    6.6125e-19    4.5376e-19    1.2274e-18
5590.99902    8.8199e-19    6.0516e-19    1.6374e-18
5601.88965    3.3131e-20    2.2730e-20    6.1511e-20
5612.80078    5.3319e-19    3.6572e-19    9.9017e-19
5623.73340    1.3294e-18    9.1526e-19    2.4594e-18
5634.68750    3.2246e-20    2.2122e-20    5.9872e-20
5645.66211    8.3875e-19    5.7532e-19    1.5576e-18
5656.65918    1.4442e-18    9.9451e-19    2.6713e-18
5667.67676    4.6513e-19    3.1909e-19    8.6363e-19
5678.71680    8.4835e-19    5.8192e-19    1.5754e-18
5689.77734    1.8465e-18    1.2663e-18    3.4296e-18
5700.86035    5.3992e-20    3.7028e-20    1.0029e-19
5711.96484    2.3652e-19    1.6217e-19    4.3939e-19
5723.09033    7.4289e-19    5.0966e-19    1.3793e-18
5734.23779    3.1743e-19    2.1793e-19    5.8893e-19
5745.40723    1.0194e-18    6.9890e-19    1.8940e-18
5756.59766    1.8560e-19    1.2726e-19    3.4480e-19
5767.81104    8.1116e-20    5.5620e-20    1.5069e-19
5779.04492    4.6945e-19    3.2191e-19    8.7206e-19
5790.30176    9.9154e-20    6.7999e-20    1.8417e-19
5801.58008    2.7005e-19    1.8509e-19    5.0189e-19
5812.88037    6.9004e-19    4.7526e-19    1.2761e-18
5824.20264    1.4733e-19    1.0104e-19    2.7364e-19
5835.54688    1.5193e-18    1.0421e-18    2.8216e-18
5846.91357    3.2680e-19    2.2399e-19    6.0736e-19
5858.30225    2.8821e-19    1.9760e-19    5.3549e-19
5869.71289    1.1591e-18    7.9409e-19    2.1550e-18
5881.14600    2.5545e-19    1.7500e-19    4.7498e-19
5892.60156    6.7863e-20    6.4595e-20    7.6784e-20
5904.07910    3.5733e-19    2.4487e-19    6.6422e-19
5915.57910    1.8934e-18    1.2973e-18    3.5200e-18
5927.10156    4.9174e-19    3.3705e-19    9.1387e-19
5938.64648    9.6486e-21    6.6096e-21    1.7941e-20
5950.21387    7.7133e-19    5.3137e-19    1.4261e-18
5961.80371    1.5285e-19    1.0470e-19    2.8426e-19
5973.41602    1.1726e-19    8.0363e-20    2.1794e-19
5985.05127    2.9818e-19    2.0424e-19    5.5451e-19
5996.70850    4.3665e-18    3.0100e-18    8.0680e-18
6008.38867    7.2374e-19    4.9571e-19    1.3460e-18
6020.09229    4.7922e-19    3.2820e-19    8.9134e-19
6031.81836    6.5250e-20    4.4681e-20    1.2138e-19
6043.56738    2.1325e-18    1.4596e-18    3.9689e-18
6055.33887    1.6058e-18    1.0996e-18    2.9872e-18
6067.13428    8.1384e-20    5.5722e-20    1.5141e-19
6078.95117    1.8639e-18    1.2795e-18    3.4586e-18
6090.79150    1.8041e-19    1.2351e-19    3.3569e-19
6102.65527    3.5475e-19    2.4257e-19    6.6089e-19
6114.54199    1.0504e-18    7.2052e-19    1.9505e-18
6126.45215    5.2187e-19    3.5745e-19    9.7053e-19
6138.38525    1.1373e-19    7.7862e-20    2.1161e-19
6150.34131    1.1221e-17    7.9859e-18    2.0047e-17
6162.32178    1.5337e-19    1.0497e-19    2.8545e-19
6174.32422    1.6978e-18    1.1631e-18    3.1569e-18
6186.35059    1.6742e-18    1.1457e-18    3.1163e-18
6198.40088    4.2334e-19    2.8970e-19    7.8803e-19
6210.47314    2.1963e-20    1.5030e-20    4.0882e-20
6222.57031    8.0066e-20    5.4799e-20    1.4902e-19
6234.69043    8.9795e-18    6.3978e-18    1.6025e-17
6246.83496    1.2774e-17    9.4412e-18    2.1868e-17
6259.00195    3.7639e-19    2.5751e-19    7.0078e-19
6271.19385    1.1897e-19    8.1386e-20    2.2152e-19
6283.40869    1.2970e-19    8.8771e-20    2.4140e-19
6295.64795    9.4859e-20    6.5004e-20    1.7633e-19
6307.91016    7.3292e-19    5.0065e-19    1.3667e-18
6320.19678    4.6228e-18    3.1641e-18    8.6033e-18
6332.50781    4.6419e-19    3.1722e-19    8.6524e-19
6344.84180    7.7160e-19    5.9822e-19    1.2447e-18
6357.20020    3.5014e-19    2.3945e-19    6.5217e-19
6369.58252    2.0376e-18    1.4498e-18    3.6416e-18
6381.98926    3.0336e-18    2.0747e-18    5.6501e-18
6394.42041    1.0753e-19    7.3539e-20    2.0029e-19
6406.87549    1.0919e-18    7.5162e-19    2.0204e-18
6419.35449    7.4038e-18    5.2828e-18    1.3192e-17
6431.85840    5.2028e-18    3.6246e-18    9.5095e-18
6444.38672    1.0937e-18    7.4724e-19    2.0391e-18
6456.93896    2.4959e-17    1.9421e-17    4.0071e-17
6469.51514    8.3080e-19    5.6796e-19    1.5480e-18
6482.11719    1.1089e-18    7.5671e-19    2.0700e-18
6494.74268    2.0013e-18    1.3682e-18    3.7290e-18
6507.39355    7.2574e-19    4.9606e-19    1.3525e-18
6520.06836    1.1865e-17    8.3213e-18    2.1536e-17
6532.76855    6.5689e-19    4.4899e-19    1.2242e-18
6545.49316    2.6617e-20    1.8193e-20    4.9606e-20
6558.24268    8.9661e-19    6.1457e-19    1.6662e-18
6571.01611    1.0670e-18    7.2822e-19    1.9914e-18
6583.81543    7.6840e-19    5.2511e-19    1.4323e-18
6596.63965    1.2946e-19    8.8470e-20    2.4130e-19
6609.48828    3.8758e-19    2.6494e-19    7.2226e-19
6622.36230    1.0634e-18    7.2674e-19    1.9823e-18
6635.26172    7.1492e-21    4.8846e-21    1.3329e-20
6648.18506    1.4994e-18    1.0244e-18    2.7955e-18
6661.13525    3.8192e-19    2.6097e-19    7.1198e-19
6674.10986    1.1649e-19    7.7742e-20    2.2223e-19
6687.10938    4.6527e-19    3.1788e-19    8.6747e-19
6700.13428    1.6790e-19    1.1471e-19    3.1303e-19
6713.18506    1.8498e-20    1.2648e-20    3.4461e-20
6726.26123    2.4139e-19    1.6493e-19    4.5004e-19
6739.36279    2.5190e-21    1.7211e-21    4.6965e-21
6752.48926    4.6389e-20    3.1694e-20    8.6487e-20
6765.64258    2.4077e-19    1.6450e-19    4.4889e-19
6778.82031    1.5935e-19    1.0887e-19    2.9709e-19
6792.02441    3.4686e-20    2.3698e-20    6.4669e-20
6805.25439    1.3540e-19    9.2513e-20    2.5245e-19
6818.50928    2.9823e-19    2.0376e-19    5.5602e-19
6831.78955    1.6456e-19    1.1242e-19    3.0682e-19
6845.09717    1.0245e-20    6.9998e-21    1.9101e-20
6858.43018    9.1774e-19    6.2703e-19    1.7110e-18
6871.78906    1.1170e-18    7.6319e-19    2.0826e-18
6885.17432    2.3679e-20    1.6181e-20    4.4139e-20
6898.58447    1.6168e-19    1.1046e-19    3.0143e-19
6912.02246    3.5729e-19    2.4413e-19    6.6611e-19
6925.48486    2.7954e-19    1.9100e-19    5.2118e-19
6938.97412    6.0769e-19    4.1519e-19    1.1330e-18
6952.49023    7.9497e-20    5.4328e-20    1.4818e-19
6966.03271    8.1691e-20    5.5806e-20    1.5233e-19
6979.60059    5.4494e-20    3.7232e-20    1.0160e-19
6993.19629    1.5891e-19    1.0857e-19    2.9627e-19
