1000.97394    1.4792e-17    1.9410e-17    5.4009e-19
1002.92358    4.7204e-18    6.1649e-18    2.6301e-19
1004.87708    5.9512e-18    7.7340e-18    4.4982e-19
1006.83441    4.0181e-18    5.2757e-18    1.3754e-19
1008.79553    5.6179e-18    7.3480e-18    2.7898e-19
1010.76050    8.1402e-20    9.6883e-20    3.3633e-20
1012.72925    1.8135e-18    2.3784e-18    7.0376e-20
1014.70178    4.4662e-18    5.8870e-18    8.2038e-20
1016.67822    4.8564e-18    6.3459e-18    2.5996e-19
1018.65857    3.0655e-18    4.0202e-18    1.1959e-19
1020.64270    4.4888e-18    5.9093e-18    1.0549e-19
1022.63074    3.2485e-18    4.2839e-18    5.3443e-20
1024.62256    3.3287e-19    4.3416e-19    2.0283e-20
1026.61841    2.1688e-19    2.7873e-19    2.6016e-20
1028.61792    2.7796e-18    3.6701e-18    3.1689e-20
1030.62158    1.2747e-17    1.6819e-17    1.7928e-19
1032.62891    2.5120e-17    3.3220e-17    1.2586e-19
1034.64038    7.4485e-18    9.7690e-18    2.8787e-19
1036.65564    2.4119e-18    3.1519e-18    1.2863e-19
1038.67480    1.8662e-18    2.4262e-18    1.3804e-19
1040.69800    1.1500e-18    1.5020e-18    6.3719e-20
1042.72510    5.2036e-18    6.7826e-18    3.3084e-19
1044.75610    8.3924e-18    1.0897e-17    6.6452e-19
1046.79102    6.1728e-18    8.0192e-18    4.7530e-19
1048.83008    6.5569e-19    8.3645e-19    9.7896e-20
1050.87292    7.1778e-18    9.3748e-18    3.9845e-19
1052.91980    2.6915e-18    3.4444e-18    3.6814e-19
1054.97070    3.0176e-17    3.9823e-17    4.0492e-19
1057.02563    1.4006e-17    1.8076e-17    1.4487e-18
1059.08447    1.8615e-17    2.4408e-17    7.3716e-19
1061.14734    3.9328e-17    5.1603e-17    1.4497e-18
1063.21436    7.6078e-17    1.0063e-16    3.2783e-19
1065.28516    1.6554e-17    2.1778e-17    4.3510e-19
1067.36011    8.4272e-17    1.1140e-16    5.6110e-19
1069.43921    3.9185e-17    5.1728e-17    4.7769e-19
1071.52222    4.9872e-17    6.5884e-17    4.6063e-19
1073.60938    9.5717e-17    1.2640e-16    1.0262e-18
1075.70056    6.5387e-17    8.6397e-17    5.5192e-19
1077.79590    5.4753e-17    7.2174e-17    9.9331e-19
1079.89514    6.9521e-18    8.8995e-18    9.4284e-19
1081.99854    3.6793e-17    4.8647e-17    2.1311e-19
1084.10608    4.4409e-17    5.8607e-17    5.9689e-19
1086.21777    2.4918e-18    3.0879e-18    6.5232e-19
1088.33350    4.5016e-17    5.9379e-17    6.9481e-19
1090.45337    6.4028e-17    8.4557e-17    6.7836e-19
1092.57727    4.2767e-17    5.6522e-17    3.2151e-19
1094.70532    4.5371e-17    5.9815e-17    8.0148e-19
1096.83765    5.6392e-17    7.4507e-17    4.9257e-19
1098.97412    7.7313e-17    1.0217e-16    5.9668e-19
1101.11475    6.0807e-17    8.0261e-17    7.7593e-19
1103.25952    1.5711e-17    2.0662e-17    4.3168e-19
1105.40845    2.8598e-17    3.7609e-17    7.9186e-19
1107.56152    3.5170e-17    4.6209e-17    1.1074e-18
1109.71887    3.2761e-17    4.3273e-17    3.2426e-19
1111.88037    4.0066e-17    5.2959e-17    2.8042e-19
1114.04614    3.7089e-17    4.9055e-17    1.6640e-19
1116.21606    2.8787e-17    3.7977e-17    4.2895e-19
1118.39014    8.5958e-18    1.0966e-17    1.2822e-18
1120.56860    9.4440e-18    1.2275e-17    7.0943e-19
1122.75122    5.3994e-17    7.1382e-17    3.3578e-19
1124.93811    4.7011e-17    6.2060e-17    5.7304e-19
1127.12927    1.1542e-16    1.5259e-16    7.1117e-19
1129.32471    7.3761e-17    9.7511e-17    4.7036e-19
1131.52441    5.1906e-17    6.8604e-17    3.8037e-19
1133.72839    8.1916e-17    1.0835e-16    3.4938e-19
1135.93665    1.4729e-17    1.9111e-17    1.2055e-18
1138.14917    3.6276e-17    4.7837e-17    5.9919e-19
1140.36621    3.9131e-17    5.1418e-17    1.2122e-18
1142.58740    7.9816e-17    1.0551e-16    5.2088e-19
1144.81299    1.6750e-16    2.2137e-16    1.2876e-18
1147.04272    1.7229e-16    2.2742e-16    2.1671e-18
1149.27698    1.3332e-16    1.7615e-16    1.1592e-18
1151.51562    1.4805e-16    1.9520e-16    2.5558e-18
1153.75854    1.2451e-16    1.6394e-16    2.8269e-18
1156.00586    2.0912e-17    2.7423e-17    8.2039e-19
1158.25745    6.5614e-17    8.6004e-17    2.6910e-18
1160.51355    8.4468e-17    1.1068e-16    3.5689e-18
1162.77393    4.1177e-17    5.4409e-17    3.4440e-19
1165.03882    2.9577e-17    3.8976e-17    5.7493e-19
1167.30811    3.6459e-17    4.8112e-17    4.9793e-19
1169.58179    4.9854e-17    6.5588e-17    1.3036e-18
1171.85986    6.0923e-17    7.9876e-17    2.4347e-18
1174.14246    7.1023e-17    9.3231e-17    2.4943e-18
1176.42944    3.7373e-17    4.8991e-17    1.5242e-18
1178.72095    1.3530e-17    1.7719e-17    6.0257e-19
1181.01685    2.9539e-17    3.8826e-17    8.7729e-19
1183.31714    3.2868e-17    4.3237e-17    8.7342e-19
1185.62207    5.0507e-17    6.6329e-17    1.6821e-18
1187.93140    6.6521e-17    8.7362e-17    2.2098e-18
1190.24536    2.3813e-17    3.1300e-17    7.1035e-19
1192.56372    4.3804e-17    5.7689e-17    9.5637e-19
1194.88647    2.6273e-17    3.4496e-17    9.0010e-19
1197.21387    5.6654e-17    7.4512e-17    1.5441e-18
1199.54590    7.7904e-17    1.0275e-16    1.2419e-18
1201.88232    2.5267e-17    3.3080e-17    1.1594e-18
1204.22339    7.3133e-18    9.5756e-18    3.3195e-19
1206.56897    1.5344e-17    1.9803e-17    1.5864e-18
1208.91919    2.9700e-17    3.9117e-17    6.4007e-19
1211.27393    2.0206e-17    2.6494e-17    8.0482e-19
1213.63330    1.6838e-17    2.2039e-17    7.8625e-19
1215.99719    2.5299e-17    3.2895e-17    1.8572e-18
1218.36572    2.4830e-17    3.2411e-17    1.4393e-18
1220.73877    2.8710e-17    3.7915e-17    3.0509e-19
1223.11658    1.1987e-17    1.5789e-17    2.5389e-19
1225.49902    9.1401e-18    1.2022e-17    2.4837e-19
1227.88599    1.8903e-17    2.4944e-17    2.6004e-19
1230.27771    6.0337e-18    7.9133e-18    2.3380e-19
1232.67407    2.3356e-17    3.0836e-17    2.7449e-19
1235.07507    2.5633e-17    3.3715e-17    6.9140e-19
1237.48071    2.2288e-17    2.9305e-17    6.3599e-19
1239.89111    2.3785e-17    3.1183e-17    9.5657e-19
1242.30615    3.1782e-17    4.1650e-17    1.3331e-18
1244.72595    1.8999e-17    2.4913e-17    7.4805e-19
1247.15039    1.0007e-17    1.3128e-17    3.7731e-19
1249.57959    3.1637e-17    4.1498e-17    1.2067e-18
1252.01355    2.6695e-17    3.5036e-17    9.5721e-19
1254.45215    3.0711e-17    4.0275e-17    1.1973e-18
1256.89563    3.0730e-17    3.9968e-17    2.2205e-18
1259.34375    2.2338e-17    2.9113e-17    1.4316e-18
1261.79675    4.7109e-17    6.1431e-17    2.9150e-18
1264.25452    5.0053e-17    6.3702e-17    7.9315e-18
1266.71704    1.4499e-16    1.8895e-16    9.3495e-18
1269.18433    3.3285e-17    4.3029e-17    3.2176e-18
1271.65649    5.2732e-17    6.8893e-17    2.8636e-18
1274.13342    3.5965e-17    4.6899e-17    2.2243e-18
1276.61523    2.7432e-17    3.5829e-17    1.5212e-18
1279.10181    2.8443e-17    3.6688e-17    2.9988e-18
1281.59326    1.9173e-17    2.4725e-17    2.0384e-18
1284.08960    1.3822e-17    1.7553e-17    2.3104e-18
1286.59070    2.7894e-17    3.5454e-17    4.5662e-18
1289.09668    6.8747e-17    8.6894e-17    1.2748e-17
1291.60767    2.9318e-17    3.6995e-17    5.6293e-18
1294.12341    2.5764e-17    3.2253e-17    5.7388e-18
1296.64404    3.9816e-17    5.1754e-17    2.9768e-18
1299.16968    4.9599e-17    6.3836e-17    5.6651e-18
1301.70020    2.1283e-17    2.7016e-17    3.5942e-18
1304.23572    3.0633e-17    3.9350e-17    3.7347e-18
1306.77612    3.6576e-17    4.6478e-17    6.0211e-18
1309.32141    6.4355e-18    8.1777e-18    1.0594e-18
1311.87183    1.9386e-17    2.4509e-17    3.5771e-18
1314.42700    2.5688e-17    3.3430e-17    1.7989e-18
1316.98730    3.4936e-17    4.3768e-17    7.6818e-18
1319.55249    5.1514e-17    6.5044e-17    9.7628e-18
1322.12280    5.3778e-17    6.8472e-17    8.4360e-18
1324.69800    2.8256e-17    3.5614e-17    5.5511e-18
1327.27820    3.9906e-17    4.9718e-17    9.6264e-18
1329.86353    3.1982e-17    3.9522e-17    8.7123e-18
1332.45386    3.4291e-17    4.2645e-17    8.5086e-18
1335.04919    4.6857e-18    5.6839e-18    1.6055e-18
1337.64966    1.7791e-17    2.2022e-17    4.7348e-18
1340.25513    4.7717e-17    5.7317e-17    1.8093e-17
1342.86560    1.2064e-17    1.4359e-17    4.9846e-18
1345.48120    3.6488e-17    4.4137e-17    1.2882e-17
1348.10205    8.1834e-18    9.5144e-18    4.0763e-18
1350.72778    3.2174e-17    3.8142e-17    1.3756e-17
1353.35876    2.0005e-17    2.3499e-17    9.2221e-18
1355.99487    3.2168e-17    3.9022e-17    1.1016e-17
1358.63611    2.4677e-17    3.1675e-17    3.0850e-18
1361.28247    6.4314e-17    8.0227e-17    1.5209e-17
1363.93396    5.5007e-17    6.9707e-17    9.6453e-18
1366.59058    1.0003e-16    1.2390e-16    2.6369e-17
1369.25244    4.8808e-17    6.0577e-17    1.2494e-17
1371.91956    7.2794e-17    9.1797e-17    1.4155e-17
1374.59180    1.1596e-16    1.4475e-16    2.7141e-17
1377.26929    1.2554e-16    1.5600e-16    3.1565e-17
1379.95190    7.2263e-17    8.7053e-17    2.6624e-17
1382.63965    8.9059e-17    1.0778e-16    3.1294e-17
1385.33276    4.1201e-17    4.8322e-17    1.9227e-17
1388.03125    7.1602e-17    8.7468e-17    2.2645e-17
1390.73486    1.7801e-17    2.1751e-17    5.6115e-18
1393.44360    3.5922e-17    4.0652e-17    2.1327e-17
1396.15784    5.5355e-17    6.6040e-17    2.2383e-17
1398.87720    1.5182e-16    1.9247e-16    2.6375e-17
1401.60205    1.1929e-16    1.5330e-16    1.4334e-17
1404.33203    7.7387e-17    9.4670e-17    2.4054e-17
1407.06738    4.6813e-17    5.4658e-17    2.2603e-17
1409.80811    7.0441e-17    8.4410e-17    2.7337e-17
1412.55420    5.0767e-17    6.4006e-17    9.9131e-18
1415.30554    1.6354e-16    2.0900e-16    2.3255e-17
1418.06213    8.6793e-17    1.0927e-16    1.7438e-17
1420.82446    3.6482e-17    4.3358e-17    1.5263e-17
1423.59180    2.3169e-17    2.8381e-17    7.0844e-18
1426.36475    1.0080e-17    1.1775e-17    4.8498e-18
1429.14307    4.6137e-17    5.2915e-17    2.5221e-17
1431.92676    6.3739e-17    7.8742e-17    1.7443e-17
1434.71582    3.0063e-17    3.5068e-17    1.4618e-17
1437.51038    1.0783e-16    1.3324e-16    2.9440e-17
1440.31030    8.2586e-17    9.9930e-17    2.9067e-17
1443.11572    6.8505e-17    8.1566e-17    2.8200e-17
1445.92676    2.5592e-17    2.9425e-17    1.3763e-17
1448.74316    2.3096e-17    2.5587e-17    1.5407e-17
1451.56494    3.9224e-17    4.2929e-17    2.7789e-17
1454.39233    5.7057e-17    6.8942e-17    2.0379e-17
1457.22522    3.6043e-17    3.8264e-17    2.9189e-17
1460.06360    1.8008e-17    2.0389e-17    1.0663e-17
1462.90747    5.7368e-17    6.6811e-17    2.8229e-17
1465.75696    3.2082e-17    3.2019e-17    3.2279e-17
1468.61206    3.8587e-17    4.3825e-17    2.2422e-17
1471.47253    4.2416e-17    4.8440e-17    2.3827e-17
1474.33862    8.1752e-17    1.0571e-16    7.8314e-18
1477.21045    5.8504e-17    6.5170e-17    3.7934e-17
1480.08777    6.3616e-17    7.6737e-17    2.3128e-17
1482.97058    5.5982e-17    6.9474e-17    1.4350e-17
1485.85913    4.0879e-17    4.4928e-17    2.8386e-17
1488.75342    8.8301e-17    9.0847e-17    8.0447e-17
1491.65332    5.3755e-17    5.8152e-17    4.0189e-17
1494.55859    1.7147e-17    1.9270e-17    1.0593e-17
1497.46985    3.8036e-17    4.4559e-17    1.7906e-17
1500.38647    2.1763e-17    2.3030e-17    1.7851e-17
1503.30896    5.8080e-17    6.4353e-17    3.8721e-17
1506.23706    8.6818e-17    1.0334e-16    3.5823e-17
1509.17090    5.9740e-17    7.0696e-17    2.5932e-17
1512.11060    6.7038e-17    8.0257e-17    2.6249e-17
1515.05591    4.9110e-17    5.7790e-17    2.2323e-17
1518.00684    5.3811e-18    6.1795e-18    2.9172e-18
1520.96362    3.7762e-17    4.5480e-17    1.3944e-17
1523.92627    4.2731e-17    4.7971e-17    2.6563e-17
1526.89453    1.8297e-17    2.2314e-17    5.9015e-18
1529.86865    5.3966e-18    5.3564e-18    5.5206e-18
1532.84839    8.1456e-18    9.5607e-18    3.7788e-18
1535.83411    1.7409e-17    1.7053e-17    1.8508e-17
1538.82568    1.9339e-17    1.6514e-17    2.8056e-17
1541.82300    1.3374e-17    1.3368e-17    1.3390e-17
1544.82617    9.0109e-18    9.5920e-18    7.2176e-18
1547.83521    2.3709e-17    1.9303e-17    3.7306e-17
1550.85010    4.0244e-17    4.3167e-17    3.1226e-17
1553.87085    3.8130e-17    3.9474e-17    3.3981e-17
1556.89746    2.1491e-17    2.6446e-17    6.2012e-18
1559.92993    2.6220e-17    3.3935e-17    2.4129e-18
1562.96863    2.8606e-17    3.6593e-17    3.9584e-18
1566.01282    1.0125e-17    1.2689e-17    2.2116e-18
1569.06311    4.2526e-17    5.4577e-17    5.3395e-18
1572.11938    3.4412e-17    4.3104e-17    7.5902e-18
1575.18152    3.0982e-17    4.0153e-17    2.6837e-18
1578.24963    5.4706e-17    6.5395e-17    2.1723e-17
1581.32373    3.4965e-17    4.0744e-17    1.7133e-17
1584.40381    1.5461e-17    1.9572e-17    2.7731e-18
1587.48999    3.1949e-17    3.9878e-17    7.4791e-18
1590.58215    1.1944e-17    1.2987e-17    8.7271e-18
1593.68018    5.1004e-17    5.0387e-17    5.2907e-17
1596.78442    1.8820e-17    1.6438e-17    2.6171e-17
1599.89465    2.1245e-17    2.2654e-17    1.6897e-17
1603.01086    1.3955e-17    1.7453e-17    3.1624e-18
1606.13330    2.8489e-17    3.4013e-17    1.1443e-17
1609.26172    4.0647e-17    5.2728e-17    3.3656e-18
1612.39636    2.4291e-17    3.1280e-17    2.7232e-18
1615.53674    3.0449e-18    3.7203e-18    9.6072e-19
1618.68347    4.1663e-17    5.3070e-17    6.4620e-18
1621.83630    5.4159e-17    6.9577e-17    6.5794e-18
1624.99548    3.7842e-17    4.8897e-17    3.7313e-18
1628.16064    5.5721e-17    7.2552e-17    3.7842e-18
1631.33203    5.7928e-17    7.2832e-17    1.1937e-17
1634.50952    8.1078e-17    1.0482e-16    7.8104e-18
1637.69312    7.0464e-17    8.8571e-17    1.4590e-17
1640.88306    1.4763e-16    1.8161e-16    4.2768e-17
1644.07922    4.0540e-17    5.1100e-17    7.9570e-18
1647.28162    7.4973e-17    9.5716e-17    1.0965e-17
1650.49023    6.1975e-17    7.8866e-17    9.8504e-18
1653.70496    5.0099e-17    6.3193e-17    9.6912e-18
1656.92603    2.0505e-17    2.6833e-17    9.7983e-19
1660.15369    2.4972e-17    3.2504e-17    1.7282e-18
1663.38721    1.5175e-17    1.9385e-17    2.1829e-18
1666.62720    2.0225e-17    2.3315e-17    1.0689e-17
1669.87317    1.2418e-17    1.5030e-17    4.3603e-18
1673.12585    2.4599e-17    3.0455e-17    6.5288e-18
1676.38489    3.1320e-17    3.8639e-17    8.7364e-18
1679.65027    3.0357e-17    3.8342e-17    5.7163e-18
1682.92188    1.9579e-17    2.3712e-17    6.8239e-18
1686.19958    1.6603e-17    2.0534e-17    4.4703e-18
1689.48413    3.8211e-17    4.8443e-17    6.6377e-18
1692.77502    3.0032e-17    3.8315e-17    4.4740e-18
1696.07227    2.4023e-17    2.7561e-17    1.3106e-17
1699.37573    2.1660e-17    2.6846e-17    5.6560e-18
1702.68567    2.9945e-17    3.7233e-17    7.4582e-18
1706.00232    3.3741e-17    4.2596e-17    6.4158e-18
1709.32544    5.0760e-17    6.2554e-17    1.4365e-17
1712.65491    2.7664e-17    3.3649e-17    9.1953e-18
1715.99060    5.6193e-17    7.0420e-17    1.2289e-17
1719.33301    5.1819e-17    6.5056e-17    1.0973e-17
1722.68188    5.9699e-17    7.1605e-17    2.2961e-17
1726.03735    3.6654e-17    4.6562e-17    6.0799e-18
1729.39941    1.5994e-17    1.9273e-17    5.8744e-18
1732.76807    2.8413e-17    3.1438e-17    1.9078e-17
1736.14307    1.1638e-17    1.3691e-17    5.3036e-18
1739.52466    6.0986e-18    6.3858e-18    5.2126e-18
1742.91296    1.1510e-17    1.2369e-17    8.8587e-18
1746.30786    2.4232e-17    2.9264e-17    8.7030e-18
1749.70935    2.4374e-17    2.9964e-17    7.1237e-18
1753.11755    1.9766e-18    1.7177e-18    2.7752e-18
1756.53223    9.3098e-18    7.8251e-18    1.3891e-17
1759.95325    3.5836e-17    4.4553e-17    8.9346e-18
1763.38147    2.3947e-17    2.8275e-17    1.0591e-17
1766.81628    1.5823e-17    1.6985e-17    1.2237e-17
1770.25745    1.7026e-17    2.0424e-17    6.5387e-18
1773.70581    3.8881e-17    4.6423e-17    1.5607e-17
1777.16064    2.8703e-17    3.4638e-17    1.0389e-17
1780.62207    2.6053e-17    3.0507e-17    1.2308e-17
1784.09045    9.0998e-17    1.1505e-16    1.6768e-17
1787.56555    2.3870e-16    3.0103e-16    4.6361e-17
1791.04749    3.6797e-17    3.9899e-17    2.7226e-17
1794.53601    3.4036e-17    3.8586e-17    1.9992e-17
1798.03137    6.6187e-17    8.0023e-17    2.3489e-17
1801.53357    5.2323e-18    4.0110e-18    9.0013e-18
1805.04248    6.1681e-17    6.4889e-17    5.1783e-17
1808.55847    3.1693e-17    3.8369e-17    1.1095e-17
1812.08130    1.0761e-17    8.4386e-18    1.7926e-17
1815.61096    2.0917e-17    2.6161e-17    4.7346e-18
1819.14722    1.5863e-17    2.0413e-17    1.8241e-18
1822.69067    2.8955e-17    3.5928e-17    7.4384e-18
1826.24084    3.4912e-17    4.3637e-17    7.9880e-18
1829.79797    3.2911e-17    4.0067e-17    1.0829e-17
1833.36206    2.3691e-17    2.9378e-17    6.1429e-18
1836.93311    2.3445e-17    2.9213e-17    5.6481e-18
1840.51111    1.3804e-17    1.5893e-17    7.3588e-18
1844.09607    2.3562e-17    2.3219e-17    2.4621e-17
1847.68799    3.6616e-17    4.4302e-17    1.2901e-17
1851.28687    2.8974e-17    3.1997e-17    1.9646e-17
1854.89282    6.7094e-18    6.2784e-18    8.0394e-18
1858.50586    2.2354e-17    2.3744e-17    1.8063e-17
1862.12585    1.1814e-17    1.3125e-17    7.7662e-18
1865.75293    2.8724e-17    3.0977e-17    2.1769e-17
1869.38696    3.8821e-17    3.7461e-17    4.3018e-17
1873.02820    1.3655e-17    1.4826e-17    1.0043e-17
1876.67651    4.6549e-17    5.6099e-17    1.7079e-17
1880.33191    4.1943e-17    4.9566e-17    1.8422e-17
1883.99438    2.7730e-17    2.5373e-17    3.5001e-17
1887.66406    4.4114e-17    5.0645e-17    2.3960e-17
1891.34082    2.0814e-17    2.4029e-17    1.0894e-17
1895.02490    2.3919e-17    2.6944e-17    1.4582e-17
1898.71606    3.0944e-17    3.3918e-17    2.1768e-17
1902.41431    4.4573e-17    5.0798e-17    2.5366e-17
1906.11987    2.0210e-17    2.3672e-17    9.5275e-18
1909.83252    3.1392e-17    3.4976e-17    2.0331e-17
1913.55261    3.3077e-17    3.9421e-17    1.3500e-17
1917.27979    4.1286e-17    4.9244e-17    1.6731e-17
1921.01428    1.6791e-17    1.5355e-17    2.1224e-17
1924.75610    2.5175e-17    2.9469e-17    1.1923e-17
1928.50513    3.6191e-17    4.2172e-17    1.7736e-17
1932.26147    2.4678e-17    2.9544e-17    9.6630e-18
1936.02515    3.5367e-17    4.3539e-17    1.0149e-17
1939.79614    2.5542e-17    2.3161e-17    3.2890e-17
1943.57446    4.0125e-17    4.2917e-17    3.1509e-17
1947.36011    6.5357e-17    6.7527e-17    5.8661e-17
1951.15332    2.4959e-17    2.5295e-17    2.3920e-17
1954.95374    4.3330e-17    4.5291e-17    3.7277e-17
1958.76160    3.6550e-17    3.3950e-17    4.4572e-17
1962.57690    3.4176e-17    3.4065e-17    3.4519e-17
1966.39966    5.8826e-17    6.0356e-17    5.4105e-17
1970.22974    4.9905e-17    5.1074e-17    4.6297e-17
1974.06738    6.0468e-17    6.3362e-17    5.1536e-17
1977.91248    2.2338e-17    2.0428e-17    2.8231e-17
1981.76514    1.5031e-17    1.2744e-17    2.2091e-17
1985.62524    4.2966e-17    4.1910e-17    4.6225e-17
1989.49280    3.4853e-17    3.4330e-17    3.6470e-17
1993.36792    2.0865e-17    2.1852e-17    1.7818e-17
1997.25061    1.9720e-17    1.7499e-17    2.6571e-17
2001.14087    4.7860e-17    5.7074e-17    1.9428e-17
2005.03870    4.4589e-17    5.1574e-17    2.3034e-17
2008.94409    6.9344e-17    8.0102e-17    3.6146e-17
2012.85718    5.6019e-17    5.6638e-17    5.4111e-17
2016.77783    6.1740e-17    6.4905e-17    5.1976e-17
2020.70605    2.6845e-17    3.0367e-17    1.5975e-17
2024.64209    3.6974e-17    3.4148e-17    4.5696e-17
2028.58569    5.4879e-17    5.9596e-17    4.0324e-17
2032.53687    6.8929e-17    7.1916e-17    5.9713e-17
2036.49585    3.1458e-17    3.2227e-17    2.9084e-17
2040.46265    3.0995e-17    3.8556e-17    7.6626e-18
2044.43701    2.8953e-17    3.4955e-17    1.0434e-17
2048.41919    2.7959e-17    2.6153e-17    3.3533e-17
2052.40918    2.7551e-17    2.8169e-17    2.5647e-17
2056.40674    4.2612e-17    5.0054e-17    1.9645e-17
2060.41211    5.4313e-18    6.3466e-18    2.6067e-18
2064.42554    4.7717e-17    5.7246e-17    1.8311e-17
2068.44678    5.7830e-17    5.6186e-17    6.2905e-17
2072.47559    4.7125e-17    5.2229e-17    3.1377e-17
2076.51221    4.0777e-17    3.4926e-17    5.8830e-17
2080.55713    2.3680e-17    2.5630e-17    1.7663e-17
2084.60938    1.9398e-17    1.5999e-17    2.9885e-17
2088.66992    3.0019e-17    3.4383e-17    1.6552e-17
2092.73828    2.9356e-17    2.6094e-17    3.9425e-17
2096.81445    1.9877e-17    2.1180e-17    1.5857e-17
2100.89868    5.2216e-17    5.1410e-17    5.4705e-17
2104.99072    2.5963e-17    2.8769e-17    1.7304e-17
2109.09082    8.3783e-17    1.0100e-16    3.0652e-17
2113.19922    3.6005e-17    3.6896e-17    3.3256e-17
2117.31519    1.0868e-16    1.1292e-16    9.5587e-17
2121.43945    1.3653e-17    1.3331e-17    1.4646e-17
2125.57129    2.3400e-17    1.8142e-17    3.9625e-17
2129.71143    5.3241e-17    5.8655e-17    3.6535e-17
2133.85986    4.5383e-17    4.3671e-17    5.0665e-17
2138.01611    5.3798e-17    6.2391e-17    2.7282e-17
2142.18066    4.7495e-17    4.5301e-17    5.4265e-17
2146.35303    3.7434e-17    3.8491e-17    3.4170e-17
2150.53369    4.0445e-17    4.7571e-17    1.8456e-17
2154.72266    2.0658e-17    1.8515e-17    2.7273e-17
2158.91968    3.5117e-17    3.6335e-17    3.1359e-17
2163.12500    4.8338e-17    5.2543e-17    3.5364e-17
2167.33813    7.7537e-17    7.7905e-17    7.6402e-17
2171.55957    2.1650e-17    1.8621e-17    3.0998e-17
2175.78955    7.5041e-17    7.7376e-17    6.7836e-17
2180.02759    1.9719e-17    2.0741e-17    1.6563e-17
2184.27393    4.8320e-17    4.2978e-17    6.4804e-17
2188.52832    3.4320e-17    3.6177e-17    2.8589e-17
2192.79102    1.7791e-17    1.5027e-17    2.6320e-17
2197.06226    1.1241e-17    8.4741e-18    1.9779e-17
2201.34180    2.2118e-17    1.8395e-17    3.3609e-17
2205.62939    3.6726e-17    3.2206e-17    5.0673e-17
2209.92554    4.6068e-17    4.2989e-17    5.5572e-17
2214.22998    5.7106e-17    6.0703e-17    4.6008e-17
2218.54297    4.2909e-17    4.3683e-17    4.0518e-17
2222.86426    7.6728e-17    8.6315e-17    4.7144e-17
2227.19409    5.0324e-17    4.9749e-17    5.2098e-17
2231.53223    4.4890e-17    4.4415e-17    4.6355e-17
2235.87891    4.2107e-17    4.6491e-17    2.8579e-17
2240.23389    7.9177e-17    8.2082e-17    7.0212e-17
2244.59717    4.5860e-17    5.5519e-17    1.6051e-17
2248.96924    7.1979e-17    8.3153e-17    3.7496e-17
2253.34985    7.3919e-17    8.5559e-17    3.8000e-17
2257.73901    4.9605e-17    5.6329e-17    2.8856e-17
2262.13672    7.9574e-17    9.9130e-17    1.9229e-17
2266.54297    1.0876e-16    1.3442e-16    2.9573e-17
2270.95752    8.8557e-17    1.0487e-16    3.8207e-17
2275.38086    1.0627e-16    1.2676e-16    4.3023e-17
2279.81299    9.1982e-17    9.4862e-17    8.3094e-17
2284.25366    6.4542e-17    7.3003e-17    3.8430e-17
2288.70288    5.1004e-17    4.6643e-17    6.4460e-17
2293.16089    9.8106e-17    1.1258e-16    5.3454e-17
2297.62744    4.8334e-17    4.7079e-17    5.2208e-17
2302.10303    4.6783e-17    4.6391e-17    4.7995e-17
2306.58691    1.4620e-16    1.3624e-16    1.7693e-16
2311.07959    9.4887e-17    1.0518e-16    6.3139e-17
2315.58105    6.5893e-17    7.3635e-17    4.2003e-17
2320.09155    7.9385e-17    9.0590e-17    4.4808e-17
2324.61060    6.2041e-17    7.3257e-17    2.7432e-17
2329.13843    1.5387e-16    1.9179e-16    3.6836e-17
2333.67529    5.6053e-17    7.0601e-17    1.1159e-17
2338.22070    1.0115e-16    1.2372e-16    3.1511e-17
2342.77490    1.2795e-16    1.5783e-16    3.5748e-17
2347.33838    1.2886e-16    1.5775e-16    3.9709e-17
2351.91064    5.5257e-17    6.3022e-17    3.1293e-17
2356.49170    1.0161e-16    1.1130e-16    7.1716e-17
2361.08154    1.6732e-16    2.1237e-16    2.8288e-17
2365.68066    1.5756e-16    1.9955e-16    2.7982e-17
2370.28833    7.3508e-17    9.2113e-17    1.6097e-17
2374.90527    1.8060e-16    2.2366e-16    4.7703e-17
2379.53101    1.0772e-16    1.3540e-16    2.2287e-17
2384.16602    3.4638e-16    4.4280e-16    4.8836e-17
2388.80981    1.4263e-16    1.6516e-16    7.3093e-17
2393.46289    2.4687e-16    2.7986e-16    1.4506e-16
2398.12476    1.3172e-16    1.5759e-16    5.1877e-17
2402.79590    1.4778e-16    1.7495e-16    6.3930e-17
2407.47607    8.4358e-17    1.0142e-16    3.1715e-17
2412.16528    2.4639e-16    2.9752e-16    8.8611e-17
2416.86377    1.5005e-16    1.6864e-16    9.2686e-17
2421.57129    1.4564e-16    1.5655e-16    1.1200e-16
2426.28809    1.8719e-16    2.1808e-16    9.1873e-17
2431.01392    2.4207e-16    2.7914e-16    1.2770e-16
2435.74902    1.9936e-16    2.2800e-16    1.1099e-16
2440.49365    1.0776e-16    1.1646e-16    8.0894e-17
2445.24707    1.4796e-16    1.7303e-16    7.0629e-17
2450.01001    1.3030e-16    1.3804e-16    1.0643e-16
2454.78223    1.3704e-16    1.5381e-16    8.5292e-17
2459.56348    1.8498e-16    2.0652e-16    1.1850e-16
2464.35425    2.6181e-16    3.1107e-16    1.0981e-16
2469.15430    1.9546e-16    2.3046e-16    8.7454e-17
2473.96387    1.6724e-16    1.8982e-16    9.7566e-17
2478.78271    1.5283e-16    1.8262e-16    6.0886e-17
2483.61084    1.5118e-16    1.6971e-16    9.4013e-17
2488.44849    1.7831e-16    1.9488e-16    1.2718e-16
2493.29541    8.0227e-17    9.3226e-17    4.0114e-17
2498.15186    1.1178e-16    1.2372e-16    7.4929e-17
2503.01782    1.7342e-16    1.9465e-16    1.0791e-16
2507.89307    1.7472e-16    1.9859e-16    1.0104e-16
2512.77808    1.8884e-16    2.1387e-16    1.1162e-16
2517.67236    1.0956e-16    1.2265e-16    6.9182e-17
2522.57642    1.5328e-16    1.6615e-16    1.1358e-16
2527.48975    1.4977e-16    1.8097e-16    5.3475e-17
2532.41309    6.4525e-17    7.5971e-17    2.9201e-17
2537.34570    1.6831e-16    2.0049e-16    6.8997e-17
2542.28760    1.8111e-16    2.0822e-16    9.7447e-17
2547.23975    1.6511e-16    1.9445e-16    7.4601e-17
2552.20117    1.0601e-16    1.1552e-16    7.6672e-17
2557.17236    7.2806e-17    8.6522e-17    3.0479e-17
2562.15332    1.4341e-16    1.7650e-16    4.1292e-17
2567.14404    9.5451e-17    1.1124e-16    4.6716e-17
2572.14404    1.5032e-16    1.5716e-16    1.2921e-16
2577.15430    5.8784e-17    7.2146e-17    1.7551e-17
2582.17383    9.9776e-17    1.1150e-16    6.3605e-17
2587.20361    2.2430e-16    2.7037e-16    8.2140e-17
2592.24292    1.0010e-16    1.2219e-16    3.1935e-17
2597.29199    3.9104e-16    4.7657e-16    1.2713e-16
2602.35107    2.6197e-17    2.6339e-17    2.5759e-17
2607.41992    1.7204e-16    1.9954e-16    8.7179e-17
2612.49854    3.3200e-16    3.8281e-16    1.7521e-16
2617.58740    1.5337e-16    1.8593e-16    5.2873e-17
2622.68604    2.2509e-16    2.7499e-16    7.1091e-17
2627.79443    4.1989e-16    4.9878e-16    1.7643e-16
2632.91284    2.5818e-16    2.8247e-16    1.8321e-16
2638.04126    6.7494e-17    6.8212e-17    6.5279e-17
2643.17969    8.5822e-17    7.7910e-17    1.1024e-16
2648.32812    3.0476e-17    2.3787e-17    5.1118e-17
2653.48633    8.5085e-17    8.0780e-17    9.8368e-17
2658.65479    3.6935e-17    2.9492e-17    5.9900e-17
2663.83350    3.8925e-17    4.4145e-17    2.2814e-17
2669.02197    9.0704e-17    9.9311e-17    6.4147e-17
2674.22070    2.8317e-18    1.9966e-18    5.4086e-18
2679.42969    5.9474e-17    6.1807e-17    5.2274e-17
2684.64868    9.8577e-17    9.7925e-17    1.0059e-16
2689.87793    2.5050e-17    2.2555e-17    3.2748e-17
2695.11719    9.2506e-17    1.0232e-16    6.2213e-17
2700.36670    2.6995e-17    2.0038e-17    4.8464e-17
2705.62646    1.1543e-16    1.1715e-16    1.1014e-16
2710.89648    8.4439e-17    9.8017e-17    4.2540e-17
2716.17676    1.3656e-16    1.6051e-16    6.2661e-17
2721.46729    7.2183e-17    6.8656e-17    8.3066e-17
2726.76831    9.6061e-17    1.1962e-16    2.3350e-17
2732.07959    1.9511e-16    2.3484e-16    7.2496e-17
2737.40112    1.1547e-16    1.3966e-16    4.0821e-17
2742.73291    6.7061e-17    7.6790e-17    3.7041e-17
2748.07520    1.5239e-16    1.9210e-16    2.9844e-17
2753.42798    1.9555e-16    2.1669e-16    1.3033e-16
2758.79102    9.4721e-17    1.0582e-16    6.0465e-17
2764.16479    8.3251e-17    9.7016e-17    4.0775e-17
2769.54883    1.1630e-16    1.3413e-16    6.1283e-17
2774.94336    1.7894e-16    1.8859e-16    1.4916e-16
2780.34863    5.9044e-17    5.7030e-17    6.5259e-17
2785.76416    9.2663e-17    8.8344e-17    1.0599e-16
2791.18994    3.1036e-17    2.9602e-17    3.5461e-17
2796.62695    3.1664e-17    3.5731e-17    1.9114e-17
2802.07422    2.7919e-17    3.1395e-17    1.7192e-17
2807.53198    3.0740e-17    3.0216e-17    3.2355e-17
2813.00049    2.8804e-17    2.4460e-17    4.2210e-17
2818.47949    5.4161e-17    4.4522e-17    8.3906e-17
2823.96948    8.3185e-17    8.5058e-17    7.7403e-17
2829.47021    1.0504e-16    1.1667e-16    6.9163e-17
2834.98145    1.0659e-16    1.0397e-16    1.1467e-16
2840.50342    1.2057e-16    1.1826e-16    1.2771e-16
2846.03613    1.2854e-16    1.1604e-16    1.6712e-16
2851.57959    8.1674e-17    7.8139e-17    9.2583e-17
2857.13379    1.1915e-16    1.0490e-16    1.6311e-16
2862.69922    6.2297e-17    5.3947e-17    8.8063e-17
2868.27490    1.1737e-16    1.1290e-16    1.3117e-16
2873.86182    4.0258e-17    3.6903e-17    5.0609e-17
2879.45947    6.2788e-17    6.2896e-17    6.2455e-17
2885.06836    6.6248e-17    6.9052e-17    5.7596e-17
2890.68774    8.0383e-17    7.9302e-17    8.3718e-17
2896.31860    7.7245e-17    6.9288e-17    1.0180e-16
2901.95972    3.2677e-17    2.8106e-17    4.6780e-17
2907.61230    5.2607e-17    4.4086e-17    7.8901e-17
2913.27563    8.7044e-18    6.2292e-18    1.6343e-17
2918.95020    6.9061e-17    6.2688e-17    8.8724e-17
2924.63574    1.4058e-16    1.6389e-16    6.8660e-17
2930.33228    8.1159e-18    5.7303e-18    1.5477e-17
2936.04004    1.0147e-17    7.3217e-18    1.8867e-17
2941.75903    7.3765e-17    8.1119e-17    5.1073e-17
2947.48877    9.1605e-17    9.9701e-17    6.6622e-17
2953.22998    7.1461e-17    8.5131e-17    2.9278e-17
2958.98242    5.9316e-17    5.7467e-17    6.5021e-17
2964.74585    6.0168e-17    6.8767e-17    3.3631e-17
2970.52075    1.0267e-16    1.1359e-16    6.8984e-17
2976.30664    3.6567e-17    3.5723e-17    3.9172e-17
2982.10376    1.2578e-16    1.4057e-16    8.0163e-17
2987.91187    3.3232e-17    4.0501e-17    1.0802e-17
2993.73218    8.2366e-18    5.6866e-18    1.6105e-17
2999.56348    2.9825e-17    2.8855e-17    3.2818e-17
3005.40601    4.8967e-17    6.0955e-17    1.1976e-17
3011.25977    3.2562e-17    2.4378e-17    5.7819e-17
3017.12500    3.2085e-17    2.3839e-17    5.7532e-17
3023.00195    1.0330e-17    7.1980e-18    1.9996e-17
3028.89014    1.6099e-17    1.1378e-17    3.0668e-17
3034.79004    9.9736e-18    6.8723e-18    1.9544e-17
3040.70117    9.8697e-18    6.8469e-18    1.9198e-17
3046.62402    6.2816e-17    5.4781e-17    8.7611e-17
3052.55811    9.1571e-18    6.3458e-18    1.7832e-17
3058.50391    6.8329e-18    4.7666e-18    1.3209e-17
3064.46143    4.7909e-17    4.2282e-17    6.5273e-17
3070.43018    3.9760e-17    2.9457e-17    7.1554e-17
3076.41064    6.8005e-17    5.3292e-17    1.1341e-16
3082.40332    1.2500e-17    9.1761e-18    2.2757e-17
3088.40698    9.4240e-18    6.6796e-18    1.7893e-17
3094.42261    3.6222e-17    3.5079e-17    3.9750e-17
3100.44971    7.5020e-18    5.2644e-18    1.4407e-17
3106.48901    1.5863e-17    1.1273e-17    3.0028e-17
3112.53979    8.1969e-18    5.7028e-18    1.5894e-17
3118.60229    7.8217e-18    5.4522e-18    1.5133e-17
3124.67676    5.3890e-19    3.6931e-19    1.0622e-18
3130.76318    9.2015e-18    6.8799e-18    1.6366e-17
3136.86133    2.3430e-18    1.6184e-18    4.5788e-18
3142.97119    2.7271e-17    2.9912e-17    1.9122e-17
3149.09302    1.1509e-17    8.5258e-18    2.0713e-17
3155.22681    5.2788e-18    3.7025e-18    1.0143e-17
3161.37256    9.8273e-17    1.1180e-16    5.6529e-17
3167.53027    5.8434e-17    7.0670e-17    2.0677e-17
3173.70020    1.6331e-19    1.1144e-19    3.2335e-19
3179.88184    5.2264e-17    4.9524e-17    6.0720e-17
3186.07568    1.0763e-16    1.3020e-16    3.8004e-17
3192.28149    9.5907e-17    1.0822e-16    5.7916e-17
3198.49951    6.5220e-17    8.1759e-17    1.4184e-17
3204.72949    1.4414e-17    1.0658e-17    2.6007e-17
3210.97168    8.5539e-17    1.0089e-16    3.8167e-17
3217.22607    3.7729e-19    2.6186e-19    7.3351e-19
3223.49268    6.3688e-18    4.4095e-18    1.2415e-17
3229.77148    8.9492e-17    9.2266e-17    8.0933e-17
3236.06226    9.7207e-18    7.7553e-18    1.5785e-17
3242.36572    3.2872e-17    2.8980e-17    4.4880e-17
3248.68115    6.1800e-17    5.2033e-17    9.1940e-17
3255.00879    1.4195e-16    1.4111e-16    1.4451e-16
3261.34912    4.7202e-17    4.6474e-17    4.9451e-17
3267.70093    3.1486e-17    2.3410e-17    5.6407e-17
3274.06616    1.2386e-18    9.4787e-19    2.1356e-18
3280.44336    2.6632e-16    2.7467e-16    2.4054e-16
3286.83301    5.2462e-17    4.6880e-17    6.9685e-17
3293.23535    5.3703e-17    4.8352e-17    7.0214e-17
3299.64990    4.1542e-17    3.5284e-17    6.0855e-17
3306.07690    6.0389e-17    5.3735e-17    8.0923e-17
3312.51660    4.8310e-17    4.3159e-17    6.4204e-17
3318.96875    7.5620e-18    5.2658e-18    1.4648e-17
3325.43359    1.2837e-17    9.2242e-18    2.3984e-17
3331.91064    9.6402e-19    6.5568e-19    1.9155e-18
3338.40063    1.7356e-17    1.2368e-17    3.2750e-17
3344.90332    5.1755e-19    3.5285e-19    1.0258e-18
3351.41846    9.3615e-20    6.3684e-20    1.8598e-19
3357.94629    3.3993e-17    2.7048e-17    5.5423e-17
3364.48682    1.4999e-17    1.1658e-17    2.5308e-17
3371.04004    1.8935e-17    1.3291e-17    3.6351e-17
3377.60645    3.8086e-18    2.6205e-18    7.4748e-18
3384.18481    1.2817e-17    9.2298e-18    2.3888e-17
3390.77686    1.2030e-17    8.4540e-18    2.3064e-17
3397.38159    2.3891e-18    1.6330e-18    4.7224e-18
3403.99902    9.4998e-19    6.4675e-19    1.8857e-18
3410.62915    4.3545e-18    3.1058e-18    8.2080e-18
3417.27271    1.7497e-17    1.2771e-17    3.2078e-17
3423.92847    3.2611e-18    2.2156e-18    6.4872e-18
3430.59766    5.4718e-18    3.7863e-18    1.0673e-17
3437.27979    2.6421e-17    2.1545e-17    4.1469e-17
3443.97534    2.7380e-18    1.8650e-18    5.4322e-18
3450.68359    2.6768e-17    2.0432e-17    4.6319e-17
3457.40479    2.4733e-17    1.7808e-17    4.6106e-17
3464.13916    5.9610e-18    4.1210e-18    1.1639e-17
3470.88647    4.9418e-18    3.4818e-18    9.4470e-18
3477.64697    2.0614e-17    1.5491e-17    3.6424e-17
3484.42090    1.5266e-17    1.0697e-17    2.9367e-17
3491.20776    8.9137e-18    6.4370e-18    1.6556e-17
3498.00781    1.1238e-17    8.0399e-18    2.1105e-17
3504.82129    6.6889e-18    4.6090e-18    1.3107e-17
3511.64771    4.5915e-19    3.1169e-19    9.1419e-19
3518.48804    4.9698e-18    3.4398e-18    9.6913e-18
3525.34131    6.0265e-18    4.1079e-18    1.1947e-17
3532.20776    4.4736e-18    3.0322e-18    8.9214e-18
3539.08813    4.9306e-18    3.3526e-18    9.8003e-18
3545.98145    8.7791e-19    5.9524e-19    1.7502e-18
3552.88818    6.7355e-18    4.6559e-18    1.3153e-17
3559.80884    3.2150e-18    2.1880e-18    6.3843e-18
3566.74292    3.4138e-18    2.3868e-18    6.5830e-18
3573.68994    2.9882e-19    3.4706e-19    1.4995e-19
3580.65112    8.5730e-20    5.8140e-20    1.7087e-19
3587.62500    2.8579e-18    2.3366e-18    4.4663e-18
3594.61304    1.5950e-19    1.0816e-19    3.1792e-19
3601.61499    5.8470e-19    3.9711e-19    1.1636e-18
3608.63013    3.2335e-19    2.1926e-19    6.4454e-19
3615.65894    9.9704e-19    6.7797e-19    1.9816e-18
3622.70166    1.8614e-17    1.3273e-17    3.5096e-17
3629.75806    3.0525e-19    3.1899e-19    2.6284e-19
3636.82837    1.2692e-18    8.6537e-19    2.5155e-18
3643.91138    1.1772e-17    8.6455e-18    2.1421e-17
3651.00928    3.0162e-20    2.0442e-20    6.0153e-20
3658.12085    2.0585e-17    1.7539e-17    2.9986e-17
3665.24609    4.3124e-20    2.9282e-20    8.5837e-20
3672.38525    7.1568e-20    4.7881e-20    1.4466e-19
3679.53857    2.9011e-19    1.9104e-19    5.9583e-19
3686.70557    6.2880e-19    4.4518e-19    1.1954e-18
3693.88647    1.4823e-19    1.0070e-19    2.9490e-19
3701.08154    1.2382e-18    8.5186e-19    2.4305e-18
3708.29053    1.5079e-19    1.0268e-19    2.9926e-19
3715.51343    4.6303e-19    2.9379e-19    9.8527e-19
3722.75049    9.4050e-19    6.3618e-19    1.8796e-18
3730.00171    4.2319e-18    2.8828e-18    8.3948e-18
3737.26709    5.7514e-20    3.8765e-20    1.1537e-19
3744.54639    8.3404e-19    5.6849e-19    1.6535e-18
3751.84009    8.5625e-18    6.0667e-18    1.6264e-17
3759.14795    6.6317e-18    4.5562e-18    1.3036e-17
3766.47021    1.9416e-17    1.4688e-17    3.4008e-17
3773.80664    2.8122e-20    1.9659e-20    5.4238e-20
3781.15723    6.8106e-18    4.8304e-18    1.2921e-17
3788.52197    4.7831e-19    3.2511e-19    9.5106e-19
3795.90137    3.3409e-19    2.1375e-19    7.0547e-19
3803.29492    1.8201e-19    1.2279e-19    3.6475e-19
3810.70312    1.8268e-18    1.2426e-18    3.6295e-18
3818.12549    4.5638e-20    2.7713e-20    1.0095e-19
3825.56250    2.1351e-17    1.7566e-17    3.3030e-17
3833.01416    2.0908e-19    1.2242e-19    4.7647e-19
3840.47998    5.3726e-20    3.2685e-20    1.1866e-19
3847.96045    1.8206e-18    1.2378e-18    3.6194e-18
3855.45557    3.8856e-20    2.6791e-20    7.6089e-20
3862.96533    1.1463e-19    7.7597e-20    2.2889e-19
3870.48950    8.9616e-18    6.6988e-18    1.5944e-17
3878.02832    7.0161e-20    4.7819e-20    1.3910e-19
3885.58203    7.0193e-20    4.7499e-20    1.4022e-19
3893.15039    5.7028e-19    3.8780e-19    1.1334e-18
3900.73340    2.2091e-19    1.4935e-19    4.4174e-19
3908.33154    4.7602e-18    3.2854e-18    9.3112e-18
3915.94409    6.8520e-18    4.7222e-18    1.3424e-17
3923.57153    1.5775e-19    1.0650e-19    3.1593e-19
3931.21387    9.4874e-18    6.6635e-18    1.8201e-17
3938.87109    4.2912e-17    3.2039e-17    7.6461e-17
3946.54346    1.0943e-17    7.6648e-18    2.1061e-17
3954.23047    1.8098e-19    1.2221e-19    3.6236e-19
3961.93262    3.1651e-18    2.1044e-18    6.4381e-18
3969.64941    2.0883e-18    1.8019e-18    2.9721e-18
3977.38159    1.1997e-17    9.2785e-18    2.0384e-17
3985.12866    3.3726e-18    2.2940e-18    6.7011e-18
3992.89111    1.9795e-18    1.3421e-18    3.9466e-18
4000.66846    9.8366e-18    7.2652e-18    1.7771e-17
4008.46094    8.7254e-19    5.8835e-19    1.7495e-18
4016.26880    2.6371e-19    1.7782e-19    5.2875e-19
4024.09155    2.6052e-18    1.7718e-18    5.1769e-18
4031.92969    1.8173e-19    1.3030e-19    3.4044e-19
4039.78320    5.9404e-20    4.0052e-20    1.1912e-19
4047.65186    2.8609e-20    1.9323e-20    5.7263e-20
4055.53589    6.6952e-19    4.5077e-19    1.3446e-18
4063.43506    3.0952e-18    2.0987e-18    6.1702e-18
4071.35010    7.5410e-19    5.0863e-19    1.5116e-18
4079.28027    1.6143e-18    1.0916e-18    3.2273e-18
4087.22607    6.3088e-19    4.2634e-19    1.2620e-18
4095.18701    4.1330e-19    2.7834e-19    8.2976e-19
4103.16357    2.5670e-19    1.7161e-19    5.1927e-19
4111.15576    9.2600e-19    6.2415e-19    1.8575e-18
4119.16357    3.4125e-18    2.3886e-18    6.5721e-18
4127.18652    3.2233e-18    2.4814e-18    5.5127e-18
4135.22559    9.3466e-19    6.3423e-19    1.8618e-18
4143.28027    4.1629e-19    2.7516e-19    8.5179e-19
4151.35059    2.8664e-19    1.9304e-19    5.7545e-19
4159.43652    4.9736e-19    3.3539e-19    9.9717e-19
4167.53857    2.2605e-19    1.5206e-19    4.5436e-19
4175.65625    3.4654e-17    2.8596e-17    5.3346e-17
4183.78906    7.8088e-19    5.2669e-19    1.5653e-18
4191.93848    4.3885e-20    2.9534e-20    8.8170e-20
4200.10352    2.4607e-19    1.6562e-19    4.9433e-19
4208.28418    5.1130e-19    3.4892e-19    1.0124e-18
4216.48145    3.6353e-20    2.4467e-20    7.3033e-20
4224.69434    2.3431e-19    1.5710e-19    4.7260e-19
4232.92334    3.6940e-17    3.9933e-17    2.7704e-17
4241.16846    6.6010e-18    4.4272e-18    1.3309e-17
4249.42920    1.6104e-18    1.6933e-18    1.3545e-18
4257.70605    2.8847e-18    1.9885e-18    5.6503e-18
4265.99902    6.4687e-20    4.4363e-20    1.2740e-19
4274.30859    8.8512e-18    6.2003e-18    1.7031e-17
4282.63428    9.8716e-20    6.6400e-20    1.9844e-19
4290.97607    5.3439e-18    3.5834e-18    1.0776e-17
4299.33398    2.3781e-17    1.9829e-17    3.5976e-17
4307.70801    1.1059e-18    7.4342e-19    2.2246e-18
4316.09863    7.7263e-18    5.4484e-18    1.4756e-17
4324.50586    1.3129e-18    8.8124e-19    2.6449e-18
4332.92920    1.4707e-17    1.2399e-17    2.1828e-17
4341.36914    7.1962e-18    5.0639e-18    1.3776e-17
4349.82520    2.5211e-17    2.3710e-17    2.9840e-17
4358.29785    8.3513e-18    5.5966e-18    1.6852e-17
4366.78662    1.7727e-18    1.2117e-18    3.5039e-18
4375.29199    3.0740e-17    3.0439e-17    3.1667e-17
4383.81445    2.1526e-17    1.7177e-17    3.4947e-17
4392.35352    1.8763e-20    1.2559e-20    3.7910e-20
4400.90869    1.0645e-17    8.0693e-18    1.8593e-17
4409.48047    3.0954e-17    2.7292e-17    4.2253e-17
4418.06934    1.6441e-17    1.3329e-17    2.6044e-17
4426.67480    4.1604e-20    2.7935e-20    8.3785e-20
4435.29736    3.6846e-18    2.5532e-18    7.1760e-18
4443.93652    4.4800e-19    3.0075e-19    9.0241e-19
4452.59277    4.4576e-18    2.9821e-18    9.0108e-18
4461.26562    1.5678e-18    1.0517e-18    3.1605e-18
4469.95508    1.0968e-17    7.8956e-18    2.0449e-17
4478.66162    1.1508e-18    7.6951e-19    2.3273e-18
4487.38477    2.5500e-17    1.9948e-17    4.2634e-17
4496.12549    1.3331e-19    8.9432e-20    2.6872e-19
4504.88281    1.8259e-17    1.6337e-17    2.4189e-17
4513.65771    9.4262e-18    6.9751e-18    1.6990e-17
4522.44922    4.2468e-17    3.7676e-17    5.7256e-17
4531.25830    4.0110e-18    2.8065e-18    7.7278e-18
4540.08447    1.4550e-17    1.2207e-17    2.1779e-17
4548.92773    2.3708e-17    2.3006e-17    2.5872e-17
4557.78809    1.4512e-17    1.1265e-17    2.4532e-17
4566.66602    4.6063e-20    3.0883e-20    9.2906e-20
4575.56055    1.9391e-17    1.7032e-17    2.6671e-17
4584.47314    3.5891e-17    3.4583e-17    3.9929e-17
4593.40283    5.6834e-18    3.9952e-18    1.0893e-17
4602.34961    3.0402e-19    2.0387e-19    6.1303e-19
4611.31445    1.4412e-19    9.6648e-20    2.9060e-19
4620.29590    2.0717e-17    1.7891e-17    2.9438e-17
4629.29590    3.0994e-17    2.6673e-17    4.4328e-17
4638.31250    3.6329e-19    2.4310e-19    7.3418e-19
4647.34668    4.9845e-18    3.5259e-18    9.4857e-18
4656.39941    2.2795e-19    1.5322e-19    4.5853e-19
4665.46875    9.9231e-18    7.1875e-18    1.8365e-17
4674.55664    8.7617e-19    5.9016e-19    1.7587e-18
4683.66113    1.4259e-19    9.5281e-20    2.8859e-19
4692.78418    2.1537e-20    1.4429e-20    4.3470e-20
4701.92480    3.4898e-20    2.3364e-20    7.0491e-20
4711.08301    8.0454e-20    4.9351e-20    1.7643e-19
4720.25977    2.8092e-19    1.8830e-19    5.6672e-19
4729.45361    1.6227e-18    1.0943e-18    3.2532e-18
4738.66602    5.3880e-19    3.6171e-19    1.0853e-18
4747.89551    1.6975e-19    1.1365e-19    3.4286e-19
4757.14355    1.6644e-19    1.1141e-19    3.3624e-19
4766.41016    3.5141e-21    2.3488e-21    7.1100e-21
4775.69385    5.9593e-19    3.9798e-19    1.2068e-18
4784.99609    1.3535e-21    9.0383e-22    2.7413e-21
4794.31641    8.5325e-20    5.6919e-20    1.7298e-19
4803.65430    3.5721e-20    2.3871e-20    7.2287e-20
4813.01074    1.3498e-18    9.0185e-19    2.7320e-18
4822.38574    4.5272e-18    3.0305e-18    9.1459e-18
4831.77930    1.9454e-18    1.3046e-18    3.9225e-18
4841.19043    1.1640e-18    7.8424e-19    2.3358e-18
4850.62012    5.5775e-19    3.7340e-19    1.1266e-18
4860.06836    2.4396e-19    1.6366e-19    4.9176e-19
4869.53467    3.5308e-18    2.3680e-18    7.1189e-18
4879.01953    7.3352e-19    4.8989e-19    1.4853e-18
4888.52295    9.7241e-19    6.4875e-19    1.9712e-18
4898.04492    7.5710e-19    5.0596e-19    1.5321e-18
4907.58545    2.1105e-18    1.4094e-18    4.2738e-18
4917.14453    2.4262e-20    1.6191e-20    4.9165e-20
4926.72168    4.5266e-17    4.8003e-17    3.6819e-17
4936.31836    3.4492e-20    2.3028e-20    6.9868e-20
4945.93311    1.3865e-18    9.2525e-19    2.8097e-18
4955.56689    9.5363e-19    6.3701e-19    1.9307e-18
4965.21973    2.4702e-20    1.6488e-20    5.0048e-20
4974.89062    8.3312e-19    5.5568e-19    1.6893e-18
4984.58105    9.0671e-20    6.0533e-20    1.8367e-19
4994.29004    1.3183e-18    8.8426e-19    2.6575e-18
5004.01758    1.2824e-18    8.5488e-19    2.6015e-18
5013.76465    5.9330e-17    6.3924e-17    4.5152e-17
5023.53027    7.0094e-19    5.1728e-19    1.2677e-18
5033.31543    3.4976e-20    2.3333e-20    7.0902e-20
5043.11914    8.6842e-19    5.7845e-19    1.7632e-18
5052.94238    9.4507e-19    6.2896e-19    1.9205e-18
5062.78418    5.0100e-19    3.3420e-19    1.0157e-18
5072.64551    2.6612e-18    1.7753e-18    5.3950e-18
5082.52637    1.0109e-19    6.7573e-20    2.0453e-19
5092.42578    1.6016e-19    1.0694e-19    3.2438e-19
5102.34473    2.4523e-18    1.6588e-18    4.9011e-18
5112.28320    1.6724e-18    1.1147e-18    3.3933e-18
5122.24121    5.2109e-19    3.4837e-19    1.0541e-18
5132.21777    2.3117e-18    1.5473e-18    4.6704e-18
5142.21484    7.7142e-19    5.1771e-19    1.5543e-18
5152.23047    1.2930e-18    8.6488e-19    2.6143e-18
5162.26660    9.6611e-18    6.4535e-18    1.9559e-17
5172.32129    7.8705e-17    8.2939e-17    6.5639e-17
5182.39648    1.2189e-18    6.8102e-19    2.8788e-18
5192.49023    1.9996e-19    1.6440e-19    3.0970e-19
5202.60449    2.5863e-17    2.2492e-17    3.6264e-17
5212.73779    1.5123e-20    1.0079e-20    3.0689e-20
5222.89160    3.9686e-19    2.6456e-19    8.0510e-19
5233.06445    2.8402e-17    2.6108e-17    3.5482e-17
5243.25781    2.2526e-19    1.5020e-19    4.5688e-19
5253.47021    1.0338e-17    7.3054e-18    1.9695e-17
5263.70312    6.2028e-18    4.1726e-18    1.2468e-17
5273.95557    4.1042e-17    3.8044e-17    5.0293e-17
5284.22852    5.0720e-17    4.6023e-17    6.5214e-17
5294.52100    3.0808e-19    2.0502e-19    6.2611e-19
5304.83398    2.9258e-20    1.9483e-20    5.9421e-20
5315.16650    5.1162e-17    5.2077e-17    4.8339e-17
5325.51953    9.6376e-18    7.0436e-18    1.7642e-17
5335.89258    2.3302e-18    1.5540e-18    4.7254e-18
5346.28564    4.7401e-19    3.1662e-19    9.5969e-19
5356.69922    8.9372e-20    5.9515e-20    1.8151e-19
5367.13281    6.0524e-18    4.3210e-18    1.1395e-17
5377.58691    2.0025e-18    1.3332e-18    4.0678e-18
5388.06152    8.5773e-20    5.7110e-20    1.7422e-19
5398.55664    1.0008e-19    6.6661e-20    2.0322e-19
5409.07178    8.3609e-19    5.5981e-19    1.6886e-18
5419.60742    2.0507e-20    1.3785e-20    4.1249e-20
5430.16406    1.1435e-17    8.1052e-18    2.1708e-17
5440.74121    2.9847e-19    1.9878e-19    6.0609e-19
5451.33887    3.5406e-19    2.3639e-19    7.1716e-19
5461.95703    1.8792e-19    1.2533e-19    3.8108e-19
5472.59570    3.3143e-19    2.2126e-19    6.7141e-19
5483.25488    5.2507e-20    3.4943e-20    1.0671e-19
5493.93555    3.6095e-19    2.4024e-19    7.3344e-19
5504.63672    1.0757e-19    7.1579e-20    2.1863e-19
5515.35840    7.0138e-20    4.6661e-20    1.4258e-19
5526.10156    1.5629e-18    1.0387e-18    3.1808e-18
5536.86523    9.7041e-19    6.5082e-19    1.9566e-18
5547.64941    4.9127e-19    3.2698e-19    9.9825e-19
5558.45557    1.4294e-19    9.5016e-20    2.9081e-19
5569.28271    9.9400e-19    6.6052e-19    2.0231e-18
5580.12988    1.1428e-19    7.5981e-20    2.3246e-19
5590.99902    6.4250e-19    4.2699e-19    1.3075e-18
5601.88965    4.5860e-20    3.0496e-20    9.3272e-20
5612.80078    1.0335e-19    6.8714e-20    2.1025e-19
5623.73340    1.0181e-18    6.8015e-19    2.0609e-18
5634.68750    2.5321e-20    1.6830e-20    5.1523e-20
5645.66211    1.1748e-19    7.8064e-20    2.3913e-19
5656.65918    9.1483e-19    6.1274e-19    1.8470e-18
5667.67676    3.3308e-19    2.2138e-19    6.7775e-19
5678.71680    1.3082e-19    8.6939e-20    2.6622e-19
5689.77734    6.0427e-19    4.0177e-19    1.2292e-18
5700.86035    5.7342e-20    3.8133e-20    1.1662e-19
5711.96484    4.1415e-20    2.7513e-20    8.4315e-20
5723.09033    3.1019e-19    2.0648e-19    6.3019e-19
5734.23779    2.4159e-19    1.6084e-19    4.9077e-19
5745.40723    2.1474e-19    1.4266e-19    4.3719e-19
5756.59766    5.7168e-20    3.7979e-20    1.1638e-19
5767.81104    2.4461e-20    1.6251e-20    4.9796e-20
5779.04492    2.2838e-19    1.5183e-19    4.6460e-19
5790.30176    1.0125e-19    6.7303e-20    2.0599e-19
5801.58008    8.1444e-20    5.4088e-20    1.6586e-19
5812.88037    7.8423e-19    5.2361e-19    1.5884e-18
5824.20264    1.7187e-19    1.1422e-19    3.4979e-19
5835.54688    7.3839e-19    4.9219e-19    1.4981e-18
5846.91357    6.8491e-20    4.5482e-20    1.3949e-19
5858.30225    3.1490e-19    2.0920e-19    6.4105e-19
5869.71289    3.3354e-19    2.2117e-19    6.8028e-19
5881.14600    2.4199e-20    1.6013e-20    4.9460e-20
5892.60156    8.9404e-20    8.5275e-20    1.0215e-19
5904.07910    1.2620e-19    8.4485e-20    2.5493e-19
5915.57910    1.5622e-18    1.0371e-18    3.1827e-18
5927.10156    4.6807e-19    3.1099e-19    9.5279e-19
5938.64648    1.2268e-20    8.1440e-21    2.4993e-20
5950.21387    7.3844e-19    4.9370e-19    1.4937e-18
5961.80371    1.4182e-19    9.4121e-20    2.8901e-19
5973.41602    8.0602e-20    5.3531e-20    1.6414e-19
5985.05127    9.5523e-20    6.3397e-20    1.9466e-19
5996.70850    5.5064e-18    3.6858e-18    1.1124e-17
6008.38867    4.6765e-20    3.1028e-20    9.5325e-20
6020.09229    2.3353e-19    1.5502e-19    4.7580e-19
6031.81836    6.5162e-20    4.3234e-20    1.3283e-19
6043.56738    1.0800e-18    7.1627e-19    2.2022e-18
6055.33887    4.8759e-19    3.2350e-19    9.9395e-19
6067.13428    1.0302e-19    6.8352e-20    2.1001e-19
6078.95117    2.0941e-18    1.3955e-18    4.2498e-18
6090.79150    3.5729e-20    2.3699e-20    7.2850e-20
6102.65527    4.1101e-19    2.7277e-19    8.3760e-19
6114.54199    1.2917e-18    8.5943e-19    2.6258e-18
6126.45215    6.6353e-19    4.4052e-19    1.3517e-18
6138.38525    1.3772e-19    9.1373e-20    2.8076e-19
6150.34131    9.5014e-18    6.6504e-18    1.8299e-17
6162.32178    1.6155e-19    1.0715e-19    3.2941e-19
6174.32422    1.8425e-18    1.2244e-18    3.7499e-18
6186.35059    9.1099e-19    6.0411e-19    1.8580e-18
6198.40088    3.9532e-19    2.6213e-19    8.0631e-19
6210.47314    2.6217e-20    1.7383e-20    5.3478e-20
6222.57031    1.0330e-19    6.8500e-20    2.1067e-19
6234.69043    7.4351e-18    5.1965e-18    1.4343e-17
6246.83496    9.9011e-18    7.2943e-18    1.7945e-17
6259.00195    2.8342e-19    1.8787e-19    5.7826e-19
6271.19385    7.9078e-20    5.2419e-20    1.6134e-19
6283.40869    1.2974e-19    8.6037e-20    2.6459e-19
6295.64795    1.3616e-19    9.0482e-20    2.7710e-19
6307.91016    8.6548e-19    5.7376e-19    1.7657e-18
6320.19678    3.9173e-18    2.6001e-18    7.9820e-18
6332.50781    4.1882e-19    2.7749e-19    8.5491e-19
6344.84180    6.4819e-19    6.0718e-19    7.7475e-19
6357.20020    8.2545e-20    5.4698e-20    1.6848e-19
6369.58252    2.3540e-18    1.7040e-18    4.3599e-18
6381.98926    2.5517e-18    1.6912e-18    5.2073e-18
6394.42041    5.8648e-20    3.8858e-20    1.1972e-19
6406.87549    6.5134e-19    4.3518e-19    1.3184e-18
6419.35449    4.4004e-18    3.0765e-18    8.4856e-18
6431.85840    6.9492e-18    4.6982e-18    1.3896e-17
6444.38672    7.3255e-19    4.8525e-19    1.4957e-18
6456.93896    1.4113e-17    1.0973e-17    2.3801e-17
6469.51514    2.9905e-19    1.9810e-19    6.1058e-19
6482.11719    1.1504e-18    7.6173e-19    2.3497e-18
6494.74268    1.5213e-18    1.0076e-18    3.1065e-18
6507.39355    6.0308e-19    3.9950e-19    1.2313e-18
6520.06836    1.6230e-17    1.1042e-17    3.2238e-17
6532.76855    5.8202e-19    3.8549e-19    1.1885e-18
6545.49316    7.7003e-21    5.0994e-21    1.5726e-20
6558.24268    5.6210e-19    4.6012e-19    8.7679e-19
6571.01611    1.0430e-18    6.9082e-19    2.1299e-18
6583.81543    5.9611e-19    3.9478e-19    1.2174e-18
6596.63965    6.1699e-20    4.0853e-20    1.2603e-19
6609.48828    3.9634e-19    2.6250e-19    8.0934e-19
6622.36230    9.5951e-19    6.3529e-19    1.9600e-18
6635.26172    4.4421e-21    2.9408e-21    9.0749e-21
6648.18506    1.3698e-18    9.0707e-19    2.7977e-18
6661.13525    2.6684e-19    1.7668e-19    5.4506e-19
6674.10986    1.0860e-19    4.5067e-20    3.0466e-19
6687.10938    3.7888e-19    2.5081e-19    7.7408e-19
6700.13428    5.3861e-20    3.5659e-20    1.1003e-19
6713.18506    2.0477e-20    1.3634e-20    4.1593e-20
6726.26123    1.8308e-19    1.2121e-19    3.7400e-19
6739.36279    2.0085e-21    1.3297e-21    4.1032e-21
6752.48926    2.0729e-20    1.3723e-20    4.2348e-20
6765.64258    2.3747e-19    1.5721e-19    4.8514e-19
6778.82031    7.3713e-20    4.8801e-20    1.5059e-19
6792.02441    3.7752e-20    2.4992e-20    7.7124e-20
6805.25439    4.7463e-20    3.1422e-20    9.6963e-20
6818.50928    2.6615e-19    1.7620e-19    5.4373e-19
6831.78955    1.7341e-19    1.1479e-19    3.5431e-19
6845.09717    7.3942e-21    4.8955e-21    1.5105e-20
6858.43018    7.9828e-19    5.2849e-19    1.6308e-18
6871.78906    3.8965e-19    2.5794e-19    7.9609e-19
6885.17432    2.4250e-20    1.6057e-20    4.9529e-20
6898.58447    2.0856e-20    1.3807e-20    4.2607e-20
6912.02246    3.9754e-19    2.6319e-19    8.1212e-19
6925.48486    2.3392e-19    1.5486e-19    4.7786e-19
6938.97412    9.5779e-20    6.3409e-20    1.9567e-19
6952.49023    9.0378e-20    5.9851e-20    1.8458e-19
6966.03271    2.7496e-20    1.8202e-20    5.6177e-20
6979.60059    5.3344e-20    3.5315e-20    1.0898e-19
6993.19629    1.2269e-19    8.1227e-20    2.5065e-19
