1000.97394    3.5996e-17    4.2504e-17    1.0778e-17
1002.92358    1.9008e-17    2.1037e-17    1.1146e-17
1004.87708    2.6136e-17    2.9732e-17    1.2201e-17
1006.83441    1.8057e-17    2.0575e-17    8.2991e-18
1008.79553    1.3363e-17    1.4773e-17    7.8972e-18
1010.76050    1.1065e-18    4.7294e-19    3.5613e-18
1012.72925    5.8343e-18    4.5579e-18    1.0780e-17
1014.70178    1.7033e-17    1.9320e-17    8.1730e-18
1016.67822    1.7150e-17    1.6777e-17    1.8593e-17
1018.65857    1.3511e-17    1.5606e-17    5.3927e-18
1020.64270    1.3721e-17    1.2254e-17    1.9408e-17
1022.63074    1.7090e-17    2.0428e-17    4.1573e-18
1024.62256    5.5474e-18    6.1577e-18    3.1825e-18
1026.61841    8.5618e-18    1.0131e-17    2.4800e-18
1028.61792    1.8738e-17    2.3104e-17    1.8162e-18
1030.62158    2.3997e-17    2.7172e-17    1.1693e-17
1032.62891    5.2173e-17    5.2059e-17    5.2615e-17
1034.64038    3.1457e-17    3.5615e-17    1.5342e-17
1036.65564    4.6559e-17    4.5818e-17    4.9433e-17
1038.67480    1.4575e-17    1.6731e-17    6.2214e-18
1040.69800    2.4040e-17    2.8605e-17    6.3508e-18
1042.72510    3.5757e-17    4.1665e-17    1.2867e-17
1044.75610    3.9386e-17    4.4360e-17    2.0115e-17
1046.79102    2.7360e-17    3.0845e-17    1.3854e-17
1048.83008    3.8975e-18    4.0518e-18    3.2998e-18
1050.87292    3.3663e-17    3.9325e-17    1.1724e-17
1052.91980    2.1854e-17    2.3242e-17    1.6475e-17
1054.97070    7.2855e-17    8.7529e-17    1.5992e-17
1057.02563    4.9494e-17    5.4970e-17    2.8275e-17
1059.08447    5.6168e-17    6.5848e-17    1.8659e-17
1061.14734    9.9405e-17    1.2047e-16    1.7793e-17
1063.21436    1.0336e-16    1.2368e-16    2.4623e-17
1065.28516    4.9308e-17    5.8506e-17    1.3668e-17
1067.36011    1.1249e-16    1.3965e-16    7.2591e-18
1069.43921    6.1726e-17    7.4841e-17    1.0906e-17
1071.52222    8.6781e-17    1.0614e-16    1.1777e-17
1073.60938    8.9016e-17    1.0421e-16    3.0143e-17
1075.70056    1.1368e-16    1.4030e-16    1.0513e-17
1077.79590    5.7128e-17    5.6953e-17    5.7807e-17
1079.89514    2.4693e-17    2.7008e-17    1.5720e-17
1081.99854    5.0992e-17    6.2907e-17    4.8211e-18
1084.10608    5.6782e-17    6.2241e-17    3.5627e-17
1086.21777    1.8501e-17    1.6635e-17    2.5731e-17
1088.33350    8.4281e-17    1.0143e-16    1.7813e-17
1090.45337    1.1095e-16    1.3368e-16    2.2888e-17
1092.57727    7.7726e-17    9.4342e-17    1.3343e-17
1094.70532    8.5187e-17    1.0021e-16    2.6960e-17
1096.83765    1.0395e-16    1.2541e-16    2.0794e-17
1098.97412    1.0804e-16    1.3243e-16    1.3512e-17
1101.11475    9.2663e-17    1.1385e-16    1.0564e-17
1103.25952    4.6654e-17    5.5545e-17    1.2200e-17
1105.40845    8.0419e-17    9.6769e-17    1.7067e-17
1107.56152    1.0583e-16    1.2878e-16    1.6905e-17
1109.71887    9.2091e-17    1.1148e-16    1.6957e-17
1111.88037    1.0400e-16    1.2748e-16    1.3003e-17
1114.04614    1.6650e-16    2.0399e-16    2.1206e-17
1116.21606    7.3576e-17    8.6489e-17    2.3540e-17
1118.39014    2.3911e-17    1.5470e-17    5.6618e-17
1120.56860    3.2861e-17    3.5325e-17    2.3313e-17
1122.75122    3.6860e-17    4.3994e-17    9.2155e-18
1124.93811    6.9602e-17    8.4247e-17    1.2855e-17
1127.12927    1.1705e-16    1.4296e-16    1.6638e-17
1129.32471    7.7033e-17    9.3375e-17    1.3709e-17
1131.52441    9.0062e-17    1.1014e-16    1.2278e-17
1133.72839    1.2556e-16    1.5583e-16    8.2374e-18
1135.93665    6.5620e-17    7.7927e-17    1.7928e-17
1138.14917    5.5119e-17    6.6856e-17    9.6364e-18
1140.36621    7.9718e-17    9.3153e-17    2.7659e-17
1142.58740    1.2892e-16    1.5624e-16    2.3025e-17
1144.81299    2.7126e-16    3.3130e-16    3.8589e-17
1147.04272    2.4915e-16    3.0517e-16    3.2087e-17
1149.27698    2.2832e-16    2.7762e-16    3.7291e-17
1151.51562    1.8193e-16    2.1954e-16    3.6219e-17
1153.75854    1.5841e-16    1.8762e-16    4.5212e-17
1156.00586    8.0274e-17    9.1490e-17    3.6814e-17
1158.25745    1.4053e-16    1.5422e-16    8.7487e-17
1160.51355    1.5540e-16    1.7418e-16    8.2651e-17
1162.77393    1.0744e-16    1.2476e-16    4.0318e-17
1165.03882    1.4572e-16    1.6111e-16    8.6087e-17
1167.30811    1.8221e-16    2.0470e-16    9.5044e-17
1169.58179    1.7373e-16    2.0294e-16    6.0572e-17
1171.85986    1.7627e-16    1.9883e-16    8.8854e-17
1174.14246    2.0023e-16    1.9452e-16    2.2237e-16
1176.42944    9.0121e-17    3.9121e-17    2.8774e-16
1178.72095    8.4698e-17    9.0241e-17    6.3219e-17
1181.01685    1.0100e-16    1.1527e-16    4.5714e-17
1183.31714    1.1291e-16    1.3005e-16    4.6491e-17
1185.62207    1.3934e-16    1.5965e-16    6.0657e-17
1187.93140    2.0736e-16    2.3640e-16    9.4826e-17
1190.24536    1.0792e-16    1.2000e-16    6.1109e-17
1192.56372    1.0532e-16    1.1952e-16    5.0304e-17
1194.88647    9.6052e-17    1.0145e-16    7.5146e-17
1197.21387    2.4052e-16    2.8069e-16    8.4855e-17
1199.54590    3.3224e-16    4.0454e-16    5.2067e-17
1201.88232    9.2782e-17    6.2813e-17    2.0891e-16
1204.22339    3.7342e-17    4.1443e-17    2.1454e-17
1206.56897    5.9195e-17    5.4149e-17    7.8746e-17
1208.91919    1.6169e-16    1.9438e-16    3.4996e-17
1211.27393    2.2018e-16    2.6767e-16    3.6192e-17
1213.63330    2.1679e-16    2.6615e-16    2.5514e-17
1215.99719    4.1714e-16    5.0416e-16    7.9951e-17
1218.36572    2.1700e-16    2.6593e-16    2.7386e-17
1220.73877    1.9556e-16    2.3897e-16    2.7373e-17
1223.11658    8.6732e-17    1.0521e-16    1.5149e-17
1225.49902    1.0822e-16    1.2732e-16    3.4195e-17
1227.88599    1.2888e-16    1.5365e-16    3.2917e-17
1230.27771    6.9342e-17    8.0597e-17    2.5730e-17
1232.67407    1.5492e-16    1.7893e-16    6.1895e-17
1235.07507    1.2761e-16    1.4735e-16    5.1116e-17
1237.48071    1.1010e-16    1.2044e-16    7.0032e-17
1239.89111    7.5148e-17    7.3654e-17    8.0939e-17
1242.30615    1.2812e-16    1.2024e-16    1.5866e-16
1244.72595    1.1421e-16    1.3005e-16    5.2810e-17
1247.15039    6.8331e-17    6.5414e-17    7.9635e-17
1249.57959    9.2320e-17    1.0623e-16    3.8410e-17
1252.01355    9.7341e-17    1.1015e-16    4.7713e-17
1254.45215    1.1161e-16    1.2685e-16    5.2579e-17
1256.89563    1.3527e-16    1.4553e-16    9.5548e-17
1259.34375    1.0481e-16    1.1346e-16    7.1309e-17
1261.79675    1.4149e-16    1.6002e-16    6.9698e-17
1264.25452    1.9013e-16    2.1145e-16    1.0748e-16
1266.71704    4.4540e-16    5.3998e-16    7.8889e-17
1269.18433    1.0569e-16    1.1955e-16    5.2003e-17
1271.65649    1.9198e-16    2.2717e-16    5.5617e-17
1274.13342    1.2609e-16    1.4738e-16    4.3594e-17
1276.61523    1.4454e-16    1.6945e-16    4.8020e-17
1279.10181    1.1117e-16    1.1577e-16    9.3315e-17
1281.59326    9.2755e-17    9.7593e-17    7.4010e-17
1284.08960    7.6518e-17    7.5783e-17    7.9365e-17
1286.59070    9.6575e-17    9.9082e-17    8.6860e-17
1289.09668    1.8576e-16    1.9902e-16    1.3438e-16
1291.60767    1.1188e-16    1.1903e-16    8.4176e-17
1294.12341    7.9438e-17    5.8544e-17    1.6040e-16
1296.64404    1.2893e-16    1.4380e-16    7.1327e-17
1299.16968    1.1985e-16    1.1936e-16    1.2177e-16
1301.70020    1.0555e-16    1.0287e-16    1.1593e-16
1304.23572    7.7467e-17    6.7723e-17    1.1523e-16
1306.77612    1.3659e-16    1.4113e-16    1.1897e-16
1309.32141    5.1952e-17    5.1693e-17    5.2956e-17
1311.87183    6.8833e-17    7.1141e-17    5.9889e-17
1314.42700    9.9560e-17    1.0943e-16    6.1302e-17
1316.98730    1.1458e-16    1.1438e-16    1.1535e-16
1319.55249    1.4929e-16    1.5788e-16    1.1598e-16
1322.12280    1.3353e-16    1.4017e-16    1.0779e-16
1324.69800    1.0026e-16    9.5202e-17    1.1985e-16
1327.27820    1.1117e-16    1.0941e-16    1.1801e-16
1329.86353    8.2013e-17    7.4279e-17    1.1198e-16
1332.45386    9.7750e-17    8.1770e-17    1.5967e-16
1335.04919    4.1476e-17    3.3102e-17    7.3925e-17
1337.64966    7.1205e-17    7.2533e-17    6.6057e-17
1340.25513    1.2520e-16    1.2045e-16    1.4360e-16
1342.86560    5.1784e-17    4.5177e-17    7.7383e-17
1345.48120    9.0676e-17    7.2448e-17    1.6131e-16
1348.10205    3.5684e-17    3.1678e-17    5.1207e-17
1350.72778    1.1840e-16    1.0835e-16    1.5736e-16
1353.35876    6.0944e-17    5.3951e-17    8.8041e-17
1355.99487    1.2511e-16    1.2592e-16    1.2198e-16
1358.63611    6.4361e-17    6.9040e-17    4.6228e-17
1361.28247    1.6227e-16    1.7128e-16    1.2736e-16
1363.93396    1.1847e-16    1.3433e-16    5.6984e-17
1366.59058    1.5364e-16    1.6715e-16    1.0129e-16
1369.25244    1.1151e-16    1.2027e-16    7.7576e-17
1371.91956    1.2653e-16    1.4267e-16    6.3984e-17
1374.59180    1.9881e-16    2.1222e-16    1.4685e-16
1377.26929    1.8008e-16    1.9592e-16    1.1869e-16
1379.95190    1.4871e-16    1.5615e-16    1.1986e-16
1382.63965    1.4636e-16    1.5409e-16    1.1641e-16
1385.33276    9.1571e-17    8.7132e-17    1.0877e-16
1388.03125    1.0774e-16    1.1223e-16    9.0337e-17
1390.73486    6.6319e-17    6.2525e-17    8.1021e-17
1393.44360    1.0893e-16    6.0919e-17    2.9497e-16
1396.15784    1.1102e-16    1.0580e-16    1.3125e-16
1398.87720    2.0260e-16    2.2452e-16    1.1765e-16
1401.60205    1.1700e-16    1.2101e-16    1.0146e-16
1404.33203    8.0795e-17    6.9003e-17    1.2649e-16
1407.06738    7.8921e-17    7.2457e-17    1.0397e-16
1409.80811    1.1707e-16    1.2879e-16    7.1694e-17
1412.55420    1.1834e-16    1.3486e-16    5.4314e-17
1415.30554    1.8090e-16    2.0213e-16    9.8633e-17
1418.06213    1.3609e-16    1.3804e-16    1.2851e-16
1420.82446    9.5489e-17    9.6276e-17    9.2438e-17
1423.59180    8.7476e-17    9.5410e-17    5.6733e-17
1426.36475    4.2524e-17    4.4859e-17    3.3479e-17
1429.14307    8.3815e-17    7.8554e-17    1.0420e-16
1431.92676    1.2608e-16    1.4267e-16    6.1779e-17
1434.71582    8.4073e-17    8.9562e-17    6.2800e-17
1437.51038    1.4551e-16    1.6127e-16    8.4444e-17
1440.31030    1.2288e-16    1.3634e-16    7.0739e-17
1443.11572    1.1605e-16    1.2140e-16    9.5288e-17
1445.92676    7.0139e-17    6.7772e-17    7.9310e-17
1448.74316    7.4674e-17    7.4151e-17    7.6699e-17
1451.56494    6.3080e-17    6.2682e-17    6.4622e-17
1454.39233    9.1114e-17    9.7683e-17    6.5661e-17
1457.22522    9.4208e-17    8.4033e-17    1.3364e-16
1460.06360    4.4742e-17    4.3268e-17    5.0457e-17
1462.90747    9.6109e-17    1.0050e-16    7.9112e-17
1465.75696    4.9414e-17    4.5410e-17    6.4926e-17
1468.61206    7.1058e-17    7.1479e-17    6.9428e-17
1471.47253    8.3506e-17    8.2782e-17    8.6310e-17
1474.33862    1.2458e-16    1.3141e-16    9.8095e-17
1477.21045    1.2297e-16    1.1918e-16    1.3763e-16
1480.08777    8.5241e-17    8.8253e-17    7.3573e-17
1482.97058    1.1225e-16    1.1134e-16    1.1578e-16
1485.85913    9.6287e-17    8.9082e-17    1.2421e-16
1488.75342    1.3385e-16    1.1623e-16    2.0210e-16
1491.65332    1.3989e-16    1.3353e-16    1.6457e-16
1494.55859    1.1026e-16    1.0435e-16    1.3316e-16
1497.46985    5.3280e-17    5.4311e-17    4.9286e-17
1500.38647    4.8502e-17    4.6238e-17    5.7277e-17
1503.30896    7.7412e-17    7.4940e-17    8.6991e-17
1506.23706    1.1763e-16    1.2562e-16    8.6641e-17
1509.17090    8.0664e-17    7.8839e-17    8.7733e-17
1512.11060    9.8259e-17    9.8170e-17    9.8606e-17
1515.05591    7.7141e-17    8.3864e-17    5.1092e-17
1518.00684    1.7191e-17    1.7263e-17    1.6915e-17
1520.96362    6.1645e-17    5.9945e-17    6.8233e-17
1523.92627    9.5392e-17    1.0515e-16    5.7581e-17
1526.89453    7.2256e-17    7.2055e-17    7.3035e-17
1529.86865    2.0201e-17    1.5896e-17    3.6879e-17
1532.84839    3.9814e-17    3.6242e-17    5.3654e-17
1535.83411    2.5041e-17    2.2562e-17    3.4646e-17
1538.82568    3.3551e-17    2.7143e-17    5.8383e-17
1541.82300    3.0970e-17    2.6426e-17    4.8576e-17
1544.82617    2.6775e-17    2.4208e-17    3.6720e-17
1547.83521    4.0055e-17    1.5112e-17    1.3671e-16
1550.85010    6.3988e-17    2.8462e-17    2.0165e-16
1553.87085    5.0582e-17    4.6484e-17    6.6461e-17
1556.89746    6.6276e-17    7.2218e-17    4.3252e-17
1559.92993    7.4742e-17    9.0081e-17    1.5305e-17
1562.96863    6.6990e-17    7.7984e-17    2.4392e-17
1566.01282    4.2933e-17    4.7992e-17    2.3329e-17
1569.06311    1.0600e-16    1.2820e-16    1.9986e-17
1572.11938    1.1554e-16    1.2869e-16    6.4598e-17
1575.18152    1.0384e-16    1.2592e-16    1.8276e-17
1578.24963    1.3017e-16    1.3972e-16    9.3132e-17
1581.32373    1.2567e-16    1.2575e-16    1.2538e-16
1584.40381    6.3060e-17    7.3154e-17    2.3950e-17
1587.48999    8.9462e-17    1.0203e-16    4.0756e-17
1590.58215    2.8776e-17    2.5209e-17    4.2596e-17
1593.68018    7.3853e-17    6.4507e-17    1.1007e-16
1596.78442    4.1841e-17    3.0705e-17    8.4991e-17
1599.89465    5.2473e-17    5.5822e-17    3.9496e-17
1603.01086    5.1474e-17    5.8755e-17    2.3260e-17
1606.13330    9.1159e-17    9.6863e-17    6.9057e-17
1609.26172    5.9357e-17    7.0523e-17    1.6086e-17
1612.39636    8.3925e-17    9.3752e-17    4.5845e-17
1615.53674    1.1239e-17    1.2440e-17    6.5865e-18
1618.68347    6.6638e-17    7.7110e-17    2.6060e-17
1621.83630    9.2220e-17    1.0898e-16    2.7280e-17
1624.99548    8.1156e-17    9.7287e-17    1.8650e-17
1628.16064    1.1955e-16    1.4217e-16    3.1910e-17
1631.33203    8.2447e-17    9.7585e-17    2.3789e-17
1634.50952    1.2330e-16    1.4763e-16    2.9032e-17
1637.69312    8.5306e-17    1.0281e-16    1.7499e-17
1640.88306    1.2885e-16    1.3445e-16    1.0719e-16
1644.07922    7.3823e-17    8.7537e-17    2.0680e-17
1647.28162    9.3164e-17    1.1179e-16    2.0983e-17
1650.49023    8.2722e-17    9.9609e-17    1.7285e-17
1653.70496    1.0476e-16    1.2477e-16    2.7225e-17
1656.92603    9.2412e-17    1.0413e-16    4.6994e-17
1660.15369    5.6255e-17    6.8371e-17    9.3069e-18
1663.38721    4.8772e-17    5.6626e-17    1.8335e-17
1666.62720    3.2070e-17    3.3386e-17    2.6973e-17
1669.87317    3.1156e-17    3.6070e-17    1.2112e-17
1673.12585    5.7707e-17    7.0096e-17    9.7015e-18
1676.38489    8.0199e-17    9.4900e-17    2.3231e-17
1679.65027    6.8015e-17    8.0716e-17    1.8800e-17
1682.92188    5.3869e-17    5.9489e-17    3.2094e-17
1686.19958    5.1955e-17    6.0942e-17    1.7134e-17
1689.48413    8.9207e-17    1.0589e-16    2.4552e-17
1692.77502    7.8237e-17    9.2396e-17    2.3375e-17
1696.07227    4.8694e-17    5.3434e-17    3.0327e-17
1699.37573    4.8857e-17    5.7099e-17    1.6918e-17
1702.68567    8.0449e-17    9.0906e-17    3.9929e-17
1706.00232    6.3938e-17    7.5617e-17    1.8685e-17
1709.32544    1.1632e-16    1.3242e-16    5.3964e-17
1712.65491    5.8040e-17    6.1462e-17    4.4781e-17
1715.99060    1.2498e-16    1.4406e-16    5.1031e-17
1719.33301    9.8185e-17    1.1579e-16    2.9976e-17
1722.68188    1.0479e-16    1.1016e-16    8.3994e-17
1726.03735    9.9963e-17    1.1225e-16    5.2366e-17
1729.39941    3.5749e-17    4.0484e-17    1.7404e-17
1732.76807    5.8103e-17    6.1935e-17    4.3255e-17
1736.14307    3.4052e-17    3.6073e-17    2.6223e-17
1739.52466    1.8741e-17    1.5397e-17    3.1701e-17
1742.91296    4.5922e-17    4.5483e-17    4.7622e-17
1746.30786    6.1515e-17    6.9165e-17    3.1870e-17
1749.70935    5.9147e-17    6.7995e-17    2.4864e-17
1753.11755    3.7942e-18    2.8110e-18    7.6039e-18
1756.53223    1.9700e-17    1.4778e-17    3.8770e-17
1759.95325    6.0494e-17    6.6486e-17    3.7274e-17
1763.38147    4.2810e-17    4.5434e-17    3.2642e-17
1766.81628    2.2992e-17    2.1819e-17    2.7539e-17
1770.25745    3.4422e-17    3.8815e-17    1.7402e-17
1773.70581    1.0154e-16    9.8332e-17    1.1395e-16
1777.16064    5.3511e-17    5.9989e-17    2.8406e-17
1780.62207    4.9545e-17    5.4842e-17    2.9020e-17
1784.09045    1.0777e-16    1.2354e-16    4.6629e-17
1787.56555    2.0561e-16    2.2992e-16    1.1143e-16
1791.04749    3.9482e-17    3.8785e-17    4.2180e-17
1794.53601    8.8940e-17    9.2550e-17    7.4950e-17
1798.03137    9.6333e-17    1.0935e-16    4.5893e-17
1801.53357    1.1245e-17    7.3260e-18    2.6430e-17
1805.04248    8.0547e-17    7.3340e-17    1.0847e-16
1808.55847    5.9124e-17    6.3061e-17    4.3871e-17
1812.08130    3.6811e-17    2.4928e-17    8.2856e-17
1815.61096    5.0479e-17    5.7038e-17    2.5062e-17
1819.14722    3.8039e-17    4.2416e-17    2.1079e-17
1822.69067    7.3292e-17    8.6948e-17    2.0378e-17
1826.24084    7.2156e-17    8.4116e-17    2.5814e-17
1829.79797    8.1503e-17    9.0605e-17    4.6237e-17
1833.36206    6.4837e-17    7.2329e-17    3.5808e-17
1836.93311    4.3410e-17    5.0874e-17    1.4491e-17
1840.51111    5.5242e-17    5.7115e-17    4.7983e-17
1844.09607    5.1215e-17    4.7669e-17    6.4956e-17
1847.68799    6.5840e-17    7.7020e-17    2.2518e-17
1851.28687    5.4940e-17    5.7302e-17    4.5789e-17
1854.89282    1.7922e-17    9.4606e-18    5.0709e-17
1858.50586    3.8347e-17    3.8053e-17    3.9488e-17
1862.12585    4.0341e-17    3.2986e-17    6.8844e-17
1865.75293    4.4797e-17    4.9547e-17    2.6393e-17
1869.38696    4.9696e-17    4.6842e-17    6.0756e-17
1873.02820    2.3984e-17    2.5447e-17    1.8316e-17
1876.67651    8.4782e-17    9.8059e-17    3.3338e-17
1880.33191    6.6458e-17    7.3516e-17    3.9110e-17
1883.99438    7.2888e-17    5.6263e-17    1.3731e-16
1887.66406    5.6441e-17    5.9385e-17    4.5033e-17
1891.34082    2.9369e-17    2.8247e-17    3.3716e-17
1895.02490    2.3912e-17    1.8427e-17    4.5166e-17
1898.71606    6.6187e-17    6.6813e-17    6.3761e-17
1902.41431    5.9051e-17    6.0525e-17    5.3337e-17
1906.11987    4.6671e-17    4.9520e-17    3.5633e-17
1909.83252    5.9085e-17    6.4924e-17    3.6459e-17
1913.55261    5.7475e-17    6.2133e-17    3.9426e-17
1917.27979    6.9879e-17    7.7158e-17    4.1675e-17
1921.01428    3.7939e-17    2.9938e-17    6.8941e-17
1924.75610    2.3544e-17    1.6357e-17    5.1392e-17
1928.50513    8.3910e-17    8.9306e-17    6.3003e-17
1932.26147    4.8468e-17    4.8992e-17    4.6440e-17
1936.02515    6.3719e-17    7.4717e-17    2.1105e-17
1939.79614    4.1504e-17    3.4648e-17    6.8071e-17
1943.57446    6.6988e-17    6.7560e-17    6.4770e-17
1947.36011    1.0195e-16    1.0342e-16    9.6217e-17
1951.15332    3.1466e-17    3.0778e-17    3.4134e-17
1954.95374    5.1071e-17    5.2825e-17    4.4273e-17
1958.76160    8.0421e-17    7.0466e-17    1.1900e-16
1962.57690    7.3189e-17    6.5720e-17    1.0213e-16
1966.39966    1.4047e-16    1.3882e-16    1.4688e-16
1970.22974    8.2252e-17    8.3391e-17    7.7842e-17
1974.06738    1.0361e-16    1.0455e-16    1.0000e-16
1977.91248    3.8900e-17    3.2593e-17    6.3340e-17
1981.76514    2.0768e-17    1.8114e-17    3.1053e-17
1985.62524    6.5241e-17    6.3345e-17    7.2590e-17
1989.49280    4.9865e-17    4.8533e-17    5.5026e-17
1993.36792    3.7729e-17    3.0620e-17    6.5276e-17
1997.25061    2.9778e-17    2.4165e-17    5.1530e-17
2001.14087    8.4182e-17    9.5347e-17    4.0922e-17
2005.03870    6.5870e-17    7.3255e-17    3.7252e-17
2008.94409    1.0944e-16    1.2021e-16    6.7718e-17
2012.85718    7.4061e-17    7.2837e-17    7.8805e-17
2016.77783    8.5525e-17    8.7457e-17    7.8039e-17
2020.70605    4.3306e-17    4.6248e-17    3.1907e-17
2024.64209    4.4626e-17    3.8532e-17    6.8241e-17
2028.58569    9.9405e-17    1.0122e-16    9.2385e-17
2032.53687    9.7363e-17    1.0139e-16    8.1737e-17
2036.49585    3.9939e-17    4.0869e-17    3.6337e-17
2040.46265    5.6295e-17    6.5924e-17    1.8983e-17
2044.43701    5.0235e-17    5.6901e-17    2.4406e-17
2048.41919    3.0531e-17    2.7377e-17    4.2750e-17
2052.40918    4.1462e-17    4.3289e-17    3.4384e-17
2056.40674    7.2604e-17    8.1682e-17    3.7427e-17
2060.41211    1.8415e-17    1.7873e-17    2.0515e-17
2064.42554    9.2590e-17    1.0346e-16    5.0460e-17
2068.44678    7.4637e-17    6.6721e-17    1.0531e-16
2072.47559    7.7006e-17    8.1160e-17    6.0907e-17
2076.51221    6.5750e-17    5.0397e-17    1.2524e-16
2080.55713    4.7209e-17    4.5003e-17    5.5756e-17
2084.60938    2.8341e-17    2.2697e-17    5.0210e-17
2088.66992    3.8799e-17    4.2707e-17    2.3655e-17
2092.73828    4.1963e-17    3.8980e-17    5.3521e-17
2096.81445    3.8893e-17    3.9648e-17    3.5968e-17
2100.89868    7.6156e-17    7.1112e-17    9.5700e-17
2104.99072    4.5104e-17    4.0975e-17    6.1106e-17
2109.09082    1.4872e-16    1.6950e-16    6.8236e-17
2113.19922    3.3807e-17    3.2952e-17    3.7120e-17
2117.31519    1.8037e-16    1.6555e-16    2.3780e-16
2121.43945    1.5768e-17    1.4913e-17    1.9080e-17
2125.57129    3.0679e-17    2.3005e-17    6.0415e-17
2129.71143    8.0226e-17    8.7886e-17    5.0548e-17
2133.85986    4.7134e-17    4.4216e-17    5.8439e-17
2138.01611    7.5754e-17    8.2814e-17    4.8401e-17
2142.18066    6.2212e-17    5.8016e-17    7.8471e-17
2146.35303    4.2017e-17    4.1793e-17    4.2886e-17
2150.53369    6.8983e-17    7.6425e-17    4.0149e-17
2154.72266    2.8017e-17    2.4210e-17    4.2767e-17
2158.91968    4.7244e-17    4.8289e-17    4.3197e-17
2163.12500    6.8057e-17    7.3143e-17    4.8350e-17
2167.33813    9.1245e-17    9.3292e-17    8.3314e-17
2171.55957    3.0436e-17    2.3708e-17    5.6508e-17
2175.78955    9.0142e-17    9.3728e-17    7.6250e-17
2180.02759    2.7267e-17    2.7999e-17    2.4431e-17
2184.27393    5.2915e-17    4.5582e-17    8.1330e-17
2188.52832    6.3007e-17    6.2522e-17    6.4885e-17
2192.79102    2.3887e-17    2.0110e-17    3.8523e-17
2197.06226    1.9370e-17    1.4308e-17    3.8981e-17
2201.34180    4.1169e-17    3.4250e-17    6.7981e-17
2205.62939    4.5593e-17    3.9826e-17    6.7937e-17
2209.92554    6.8363e-17    6.6603e-17    7.5180e-17
2214.22998    9.0891e-17    9.3969e-17    7.8961e-17
2218.54297    6.9352e-17    6.7998e-17    7.4598e-17
2222.86426    1.0287e-16    1.1278e-16    6.4482e-17
2227.19409    7.2890e-17    7.0965e-17    8.0348e-17
2231.53223    6.3842e-17    6.1762e-17    7.1901e-17
2235.87891    5.7123e-17    5.7528e-17    5.5551e-17
2240.23389    1.0859e-16    1.1141e-16    9.7698e-17
2244.59717    7.8711e-17    8.4140e-17    5.7675e-17
2248.96924    1.0685e-16    1.1656e-16    6.9192e-17
2253.34985    1.0527e-16    1.1751e-16    5.7843e-17
2257.73901    8.5854e-17    9.2119e-17    6.1578e-17
2262.13672    9.6398e-17    1.0873e-16    4.8594e-17
2266.54297    1.3249e-16    1.5303e-16    5.2880e-17
2270.95752    1.0615e-16    1.1266e-16    8.0933e-17
2275.38086    1.2275e-16    1.3426e-16    7.8150e-17
2279.81299    8.8937e-17    8.2251e-17    1.1485e-16
2284.25366    8.1066e-17    8.7387e-17    5.6576e-17
2288.70288    5.9928e-17    5.3719e-17    8.3985e-17
2293.16089    1.0699e-16    1.1728e-16    6.7136e-17
2297.62744    6.2434e-17    5.1419e-17    1.0512e-16
2302.10303    5.6713e-17    5.6085e-17    5.9148e-17
2306.58691    1.4318e-16    1.2559e-16    2.1131e-16
2311.07959    1.2413e-16    1.2326e-16    1.2749e-16
2315.58105    7.9674e-17    7.9374e-17    8.0833e-17
2320.09155    9.0573e-17    9.9493e-17    5.6007e-17
2324.61060    8.3027e-17    8.8743e-17    6.0876e-17
2329.13843    1.7790e-16    2.0875e-16    5.8335e-17
2333.67529    4.4950e-17    5.4054e-17    9.6743e-18
2338.22070    1.1843e-16    1.3514e-16    5.3694e-17
2342.77490    1.1865e-16    1.3681e-16    4.8285e-17
2347.33838    1.3133e-16    1.4792e-16    6.7052e-17
2351.91064    8.2969e-17    8.2482e-17    8.4854e-17
2356.49170    1.2583e-16    1.3119e-16    1.0506e-16
2361.08154    1.7358e-16    2.0238e-16    6.1960e-17
2365.68066    1.7263e-16    1.9998e-16    6.6649e-17
2370.28833    9.0382e-17    1.0481e-16    3.4471e-17
2374.90527    1.5244e-16    1.7257e-16    7.4466e-17
2379.53101    1.0801e-16    1.2477e-16    4.3060e-17
2384.16602    1.8851e-16    2.2089e-16    6.3063e-17
2388.80981    1.2990e-16    1.3918e-16    9.3935e-17
2393.46289    1.3977e-16    1.5785e-16    6.9702e-17
2398.12476    1.2256e-16    1.3741e-16    6.5008e-17
2402.79590    1.3041e-16    1.3800e-16    1.0101e-16
2407.47607    8.6747e-17    9.7839e-17    4.3767e-17
2412.16528    1.7498e-16    2.0087e-16    7.4651e-17
2416.86377    1.3923e-16    1.4949e-16    9.9476e-17
2421.57129    1.0779e-16    1.1114e-16    9.4803e-17
2426.28809    1.9393e-16    2.1121e-16    1.2700e-16
2431.01392    2.2425e-16    2.3356e-16    1.8818e-16
2435.74902    1.9181e-16    1.9887e-16    1.6445e-16
2440.49365    8.2179e-17    8.3270e-17    7.7952e-17
2445.24707    1.4590e-16    1.5552e-16    1.0861e-16
2450.01001    1.3305e-16    1.3571e-16    1.2276e-16
2454.78223    1.4583e-16    1.5085e-16    1.2639e-16
2459.56348    1.6185e-16    1.6789e-16    1.3846e-16
2464.35425    1.8445e-16    1.9959e-16    1.2580e-16
2469.15430    1.8490e-16    1.9774e-16    1.3515e-16
2473.96387    1.6281e-16    1.7323e-16    1.2242e-16
2478.78271    1.5540e-16    1.6400e-16    1.2205e-16
2483.61084    1.3703e-16    1.4451e-16    1.0807e-16
2488.44849    1.6067e-16    1.6694e-16    1.3633e-16
2493.29541    8.9840e-17    9.9018e-17    5.4280e-17
2498.15186    1.2371e-16    1.3048e-16    9.7468e-17
2503.01782    1.3007e-16    1.3731e-16    1.0199e-16
2507.89307    1.6724e-16    1.7379e-16    1.4187e-16
2512.77808    1.7045e-16    1.7923e-16    1.3642e-16
2517.67236    1.2874e-16    1.3092e-16    1.2029e-16
2522.57642    1.1767e-16    1.1874e-16    1.1351e-16
2527.48975    1.9634e-16    2.1519e-16    1.2329e-16
2532.41309    5.7396e-17    6.1458e-17    4.1660e-17
2537.34570    2.0155e-16    2.1790e-16    1.3822e-16
2542.28760    1.4471e-16    1.5324e-16    1.1166e-16
2547.23975    1.6658e-16    1.8432e-16    9.7820e-17
2552.20117    1.1448e-16    1.1728e-16    1.0363e-16
2557.17236    9.9152e-17    1.0698e-16    6.8807e-17
2562.15332    1.5938e-16    1.8349e-16    6.5943e-17
2567.14404    1.1267e-16    1.2239e-16    7.5011e-17
2572.14404    1.1602e-16    1.1570e-16    1.1728e-16
2577.15430    7.5747e-17    8.5174e-17    3.9217e-17
2582.17383    1.0190e-16    1.1026e-16    6.9525e-17
2587.20361    1.2397e-16    1.3404e-16    8.4980e-17
2592.24292    1.0779e-16    1.2364e-16    4.6378e-17
2597.29199    1.6632e-16    1.8525e-16    9.2946e-17
2602.35107    3.9421e-17    3.8601e-17    4.2599e-17
2607.41992    1.4246e-16    1.5623e-16    8.9101e-17
2612.49854    1.5839e-16    1.8052e-16    7.2641e-17
2617.58740    6.6221e-17    7.6153e-17    2.7738e-17
2622.68604    1.3240e-16    1.4909e-16    6.7732e-17
2627.79443    1.7475e-16    1.9732e-16    8.7294e-17
2632.91284    1.2131e-16    1.2562e-16    1.0459e-16
2638.04126    6.1272e-17    5.9837e-17    6.6834e-17
2643.17969    8.2612e-17    7.1949e-17    1.2393e-16
2648.32812    3.7555e-17    2.9277e-17    6.9635e-17
2653.48633    6.5664e-17    5.9157e-17    9.0878e-17
2658.65479    3.2693e-17    2.5668e-17    5.9913e-17
2663.83350    3.6894e-17    3.8528e-17    3.0564e-17
2669.02197    7.0574e-17    7.2320e-17    6.3811e-17
2674.22070    7.4788e-18    4.9262e-18    1.7370e-17
2679.42969    5.9198e-17    5.5279e-17    7.4382e-17
2684.64868    9.2339e-17    8.7476e-17    1.1118e-16
2689.87793    2.1140e-17    1.9415e-17    2.7827e-17
2695.11719    9.5547e-17    9.7528e-17    8.7871e-17
2700.36670    2.8164e-17    2.2134e-17    5.1530e-17
2705.62646    7.8095e-17    7.8864e-17    7.5112e-17
2710.89648    8.8642e-17    9.7624e-17    5.3840e-17
2716.17676    1.2066e-16    1.3209e-16    7.6387e-17
2721.46729    7.2181e-17    6.3825e-17    1.0456e-16
2726.76831    9.2019e-17    1.0509e-16    4.1363e-17
2732.07959    7.8098e-17    8.0921e-17    6.7159e-17
2737.40112    1.0117e-16    1.0967e-16    6.8240e-17
2742.73291    7.2685e-17    7.6167e-17    5.9192e-17
2748.07520    1.6387e-16    1.8643e-16    7.6472e-17
2753.42798    1.6187e-16    1.6283e-16    1.5815e-16
2758.79102    4.0914e-17    4.1590e-17    3.8292e-17
2764.16479    8.7428e-17    9.5459e-17    5.6308e-17
2769.54883    1.2260e-16    1.2897e-16    9.7927e-17
2774.94336    1.1225e-16    1.1295e-16    1.0955e-16
2780.34863    6.1936e-17    5.9179e-17    7.2618e-17
2785.76416    1.0004e-16    8.9820e-17    1.3966e-16
2791.18994    4.4593e-17    4.0596e-17    6.0081e-17
2796.62695    4.1455e-17    4.2585e-17    3.7079e-17
2802.07422    3.4897e-17    3.4728e-17    3.5554e-17
2807.53198    4.0291e-17    3.4182e-17    6.3961e-17
2813.00049    2.8465e-17    2.3330e-17    4.8362e-17
2818.47949    5.1637e-17    4.0982e-17    9.2926e-17
2823.96948    8.2569e-17    8.1781e-17    8.5624e-17
2829.47021    8.4664e-17    8.6752e-17    7.6574e-17
2834.98145    8.8090e-17    8.2259e-17    1.1068e-16
2840.50342    1.0679e-16    1.0204e-16    1.2516e-16
2846.03613    1.1126e-16    1.0053e-16    1.5287e-16
2851.57959    6.9609e-17    6.5965e-17    8.3729e-17
2857.13379    1.0410e-16    9.1284e-17    1.5375e-16
2862.69922    5.3730e-17    4.5864e-17    8.4212e-17
2868.27490    9.7661e-17    9.0850e-17    1.2405e-16
2873.86182    3.5373e-17    3.3150e-17    4.3990e-17
2879.45947    4.9227e-17    4.3335e-17    7.2058e-17
2885.06836    6.0122e-17    5.9462e-17    6.2680e-17
2890.68774    6.3833e-17    6.2384e-17    6.9447e-17
2896.31860    5.9353e-17    5.4069e-17    7.9827e-17
2901.95972    3.2525e-17    2.8992e-17    4.6218e-17
2907.61230    3.0309e-17    2.3920e-17    5.5064e-17
2913.27563    1.0110e-17    6.9129e-18    2.2500e-17
2918.95020    4.7369e-17    3.9310e-17    7.8595e-17
2924.63574    3.8503e-17    3.9396e-17    3.5046e-17
2930.33228    6.9031e-18    4.8447e-18    1.4879e-17
2936.04004    1.1511e-17    8.3708e-18    2.3681e-17
2941.75903    3.4821e-17    3.4822e-17    3.4817e-17
2947.48877    7.0745e-17    6.9799e-17    7.4409e-17
2953.22998    3.2124e-17    3.3506e-17    2.6771e-17
2958.98242    3.4746e-17    3.1743e-17    4.6382e-17
2964.74585    5.0979e-17    5.3255e-17    4.2162e-17
2970.52075    5.9926e-17    5.9857e-17    6.0196e-17
2976.30664    2.1286e-17    1.9265e-17    2.9117e-17
2982.10376    7.6715e-17    7.6918e-17    7.5927e-17
2987.91187    2.9014e-17    3.1303e-17    2.0148e-17
2993.73218    1.0408e-17    6.6180e-18    2.5094e-17
2999.56348    3.1409e-17    3.1078e-17    3.2691e-17
3005.40601    2.9389e-17    3.3479e-17    1.3539e-17
3011.25977    2.7971e-17    2.0746e-17    5.5968e-17
3017.12500    2.7065e-17    2.0434e-17    5.2759e-17
3023.00195    1.0596e-17    7.0629e-18    2.4284e-17
3028.89014    1.8185e-17    1.2410e-17    4.0564e-17
3034.79004    1.3457e-17    8.9504e-18    3.0919e-17
3040.70117    9.8980e-18    6.5061e-18    2.3041e-17
3046.62402    4.6168e-17    3.8977e-17    7.4030e-17
3052.55811    8.5108e-18    5.7561e-18    1.9185e-17
3058.50391    5.3493e-18    3.6158e-18    1.2066e-17
3064.46143    2.8963e-17    2.5479e-17    4.2461e-17
3070.43018    3.1950e-17    2.4063e-17    6.2514e-17
3076.41064    5.9586e-17    4.7376e-17    1.0690e-16
3082.40332    1.2610e-17    9.1814e-18    2.5894e-17
3088.40698    8.5416e-18    6.1302e-18    1.7886e-17
3094.42261    2.3498e-17    2.2463e-17    2.7510e-17
3100.44971    6.2029e-18    4.2543e-18    1.3754e-17
3106.48901    1.1436e-17    7.6352e-18    2.6166e-17
3112.53979    5.7781e-18    3.8286e-18    1.3332e-17
3118.60229    5.7918e-18    3.8336e-18    1.3380e-17
3124.67676    8.2639e-19    5.1996e-19    2.0137e-18
3130.76318    8.6830e-18    6.0959e-18    1.8708e-17
3136.86133    2.8807e-18    1.8629e-18    6.8244e-18
3142.97119    2.1248e-17    2.1221e-17    2.1353e-17
3149.09302    1.0336e-17    7.6412e-18    2.0777e-17
3155.22681    5.0963e-18    3.4704e-18    1.1396e-17
3161.37256    7.3031e-17    7.5737e-17    6.2547e-17
3167.53027    4.7244e-17    5.2036e-17    2.8676e-17
3173.70020    1.6251e-19    1.0321e-19    3.9227e-19
3179.88184    3.3978e-17    3.0440e-17    4.7685e-17
3186.07568    7.1820e-17    7.7218e-17    5.0905e-17
3192.28149    7.0818e-17    7.2382e-17    6.4756e-17
3198.49951    3.3544e-17    3.8544e-17    1.4171e-17
3204.72949    7.2921e-18    1.5929e-18    2.9376e-17
3210.97168    6.1267e-17    6.5522e-17    4.4782e-17
3217.22607    4.4737e-19    2.8514e-19    1.0760e-18
3223.49268    7.3863e-18    4.8987e-18    1.7025e-17
3229.77148    5.5146e-17    5.2780e-17    6.4313e-17
3236.06226    1.0014e-17    9.3544e-18    1.2568e-17
3242.36572    2.2282e-17    2.0238e-17    3.0204e-17
3248.68115    4.8128e-17    3.9503e-17    8.1547e-17
3255.00879    3.4266e-17    2.7703e-17    5.9696e-17
3261.34912    2.4857e-17    2.2370e-17    3.4494e-17
3267.70093    1.2435e-17    8.5446e-18    2.7510e-17
3274.06616    1.0049e-18    6.9601e-19    2.2016e-18
3280.44336    3.2140e-17    2.8108e-17    4.7764e-17
3286.83301    2.9685e-17    2.6947e-17    4.0295e-17
3293.23535    1.3934e-17    1.0707e-17    2.6438e-17
3299.64990    2.6781e-17    2.0724e-17    5.0252e-17
3306.07690    2.6055e-17    2.2116e-17    4.1322e-17
3312.51660    2.5958e-17    2.4752e-17    3.0634e-17
3318.96875    1.0403e-17    7.2087e-18    2.2781e-17
3325.43359    1.3421e-17    9.5697e-18    2.8343e-17
3331.91064    1.1077e-18    6.9741e-19    2.6974e-18
3338.40063    1.3783e-17    9.6238e-18    2.9898e-17
3344.90332    6.4942e-19    4.1250e-19    1.5675e-18
3351.41846    3.2198e-19    2.0290e-19    7.8341e-19
3357.94629    2.4656e-17    1.9363e-17    4.5168e-17
3364.48682    1.9421e-17    1.4776e-17    3.7421e-17
3371.04004    3.2912e-17    2.5544e-17    6.1459e-17
3377.60645    2.5374e-18    1.6843e-18    5.8430e-18
3384.18481    1.4259e-17    1.0016e-17    3.0701e-17
3390.77686    1.7912e-17    1.2370e-17    3.9384e-17
3397.38159    2.3009e-18    1.4791e-18    5.4854e-18
3403.99902    2.1063e-18    1.3341e-18    5.0985e-18
3410.62915    4.4668e-18    3.1470e-18    9.5809e-18
3417.27271    1.2468e-17    8.4660e-18    2.7977e-17
3423.92847    5.7683e-18    3.5726e-18    1.4276e-17
3430.59766    6.1495e-18    4.0916e-18    1.4123e-17
3437.27979    1.6453e-17    1.3545e-17    2.7721e-17
3443.97534    2.2455e-18    1.2417e-18    6.1351e-18
3450.68359    2.1752e-17    1.6237e-17    4.3125e-17
3457.40479    1.1918e-17    6.8311e-18    3.1630e-17
3464.13916    1.3490e-18    8.2182e-19    3.3917e-18
3470.88647    5.6672e-18    3.8832e-18    1.2580e-17
3477.64697    6.9915e-18    4.1542e-18    1.7986e-17
3484.42090    1.6139e-17    1.0978e-17    3.6134e-17
3491.20776    8.1681e-18    5.8394e-18    1.7191e-17
3498.00781    8.1875e-18    5.3353e-18    1.9240e-17
3504.82129    1.8695e-18    1.2062e-18    4.4399e-18
3511.64771    5.4823e-19    3.3505e-19    1.3743e-18
3518.48804    4.1119e-18    2.6431e-18    9.8035e-18
3525.34131    1.2041e-17    7.7656e-18    2.8606e-17
3532.20776    3.3236e-18    1.6870e-18    9.6653e-18
3539.08813    3.6297e-18    2.3508e-18    8.5851e-18
3545.98145    1.0019e-18    6.3526e-19    2.4225e-18
3552.88818    5.7221e-18    2.2072e-18    1.9342e-17
3559.80884    4.2369e-18    2.7595e-18    9.9618e-18
3566.74292    3.7686e-18    2.4781e-18    8.7691e-18
3573.68994    7.3653e-19    5.1591e-19    1.5914e-18
3580.65112    1.2131e-19    7.6462e-20    2.9508e-19
3587.62500    4.8819e-18    3.0889e-18    1.1829e-17
3594.61304    1.7566e-19    1.1060e-19    4.2775e-19
3601.61499    6.8798e-19    4.3540e-19    1.6667e-18
3608.63013    3.8908e-19    2.4558e-19    9.4512e-19
3615.65894    1.1223e-18    6.9524e-19    2.7771e-18
3622.70166    1.5170e-17    1.0993e-17    3.1358e-17
3629.75806    5.4233e-19    3.9376e-19    1.1180e-18
3636.82837    1.4594e-18    9.4373e-19    3.4574e-18
3643.91138    9.6528e-18    7.3291e-18    1.8657e-17
3651.00928    9.6096e-20    6.0469e-20    2.3415e-19
3658.12085    1.3278e-17    1.1918e-17    1.8548e-17
3665.24609    9.5517e-20    6.1380e-20    2.2779e-19
3672.38525    7.9749e-20    6.2722e-20    1.4572e-19
3679.53857    3.3443e-19    2.6621e-19    5.9878e-19
3686.70557    5.6864e-19    4.6823e-19    9.5768e-19
3693.88647    3.5091e-19    2.3456e-19    8.0173e-19
3701.08154    1.5599e-18    1.0485e-18    3.5415e-18
3708.29053    6.0503e-19    3.8517e-19    1.4570e-18
3715.51343    7.6313e-19    5.7817e-19    1.4798e-18
3722.75049    6.4086e-19    3.9230e-19    1.6040e-18
3730.00171    3.5078e-18    2.2853e-18    8.2452e-18
3737.26709    1.0937e-19    6.8271e-20    2.6863e-19
3744.54639    5.6781e-19    3.5027e-19    1.4108e-18
3751.84009    7.0746e-18    5.0867e-18    1.4778e-17
3759.14795    6.6439e-18    4.3220e-18    1.5641e-17
3766.47021    1.2455e-17    8.8412e-18    2.6460e-17
3773.80664    8.0905e-20    5.2394e-20    1.9138e-19
3781.15723    4.0959e-18    2.7086e-18    9.4714e-18
3788.52197    7.8028e-19    4.9527e-19    1.8847e-18
3795.90137    5.3185e-19    3.9924e-19    1.0457e-18
3803.29492    1.7346e-19    1.0773e-19    4.2814e-19
3810.70312    1.9759e-18    1.2703e-18    4.7097e-18
3818.12549    1.5355e-19    2.1625e-20    6.6473e-19
3825.56250    1.2934e-17    9.8635e-18    2.4831e-17
3833.01416    2.2553e-19    1.7182e-19    4.3367e-19
3840.47998    5.5191e-20    4.3592e-20    1.0014e-19
3847.96045    1.7185e-18    1.1085e-18    4.0822e-18
3855.45557    1.1361e-19    7.9870e-20    2.4433e-19
3862.96533    1.6299e-19    1.0589e-19    3.8426e-19
3870.48950    5.1378e-18    3.5479e-18    1.1298e-17
3878.02832    1.9640e-19    1.2360e-19    4.7853e-19
3885.58203    2.1776e-19    1.3699e-19    5.3072e-19
3893.15039    4.3815e-19    2.8022e-19    1.0501e-18
3900.73340    5.3578e-19    3.3893e-19    1.2985e-18
3908.33154    5.4273e-18    3.5300e-18    1.2779e-17
3915.94409    1.4358e-18    9.1990e-19    3.4347e-18
3923.57153    7.9031e-19    4.9162e-19    1.9477e-18
3931.21387    2.3090e-18    1.7142e-18    4.6139e-18
3938.87109    8.3625e-18    5.6394e-18    1.8914e-17
3946.54346    1.1533e-18    7.4984e-19    2.7167e-18
3954.23047    2.8606e-19    1.8023e-19    6.9615e-19
3961.93262    2.5075e-18    9.1676e-19    8.6712e-18
3969.64941    1.9154e-18    1.3661e-18    4.0436e-18
3977.38159    6.8644e-18    4.9720e-18    1.4197e-17
3985.12866    7.9218e-19    5.0245e-19    1.9149e-18
3992.89111    2.1773e-18    1.3955e-18    5.2066e-18
4000.66846    6.9060e-18    4.7895e-18    1.5107e-17
4008.46094    9.0603e-19    5.5751e-19    2.2565e-18
4016.26880    3.6417e-19    2.2937e-19    8.8648e-19
4024.09155    2.1846e-18    1.2859e-18    5.6671e-18
4031.92969    1.7243e-19    1.1215e-19    4.0601e-19
4039.78320    7.9668e-20    5.0146e-20    1.9406e-19
4047.65186    6.3533e-20    4.0011e-20    1.5468e-19
4055.53589    8.9266e-19    5.6744e-19    2.1528e-18
4063.43506    2.9460e-18    1.8950e-18    7.0185e-18
4071.35010    1.2196e-18    7.6866e-19    2.9669e-18
4079.28027    3.9146e-18    2.4671e-18    9.5233e-18
4087.22607    3.6760e-19    2.3258e-19    8.9079e-19
4095.18701    5.4390e-19    3.4489e-19    1.3151e-18
4103.16357    2.4482e-19    1.6927e-19    5.3755e-19
4111.15576    1.2225e-18    7.7303e-19    2.9643e-18
4119.16357    1.9159e-18    1.2344e-18    4.5568e-18
4127.18652    2.3996e-18    1.6237e-18    5.4060e-18
4135.22559    6.2289e-19    3.9588e-19    1.5025e-18
4143.28027    9.8085e-19    2.4950e-19    3.8148e-18
4151.35059    4.5167e-19    2.8448e-19    1.0995e-18
4159.43652    6.8685e-19    4.3345e-19    1.6687e-18
4167.53857    1.8567e-19    1.0796e-19    4.8680e-19
4175.65625    1.8804e-17    1.4519e-17    3.5409e-17
4183.78906    6.7720e-19    4.2859e-19    1.6405e-18
4191.93848    7.8638e-20    4.9467e-20    1.9167e-19
4200.10352    3.9565e-19    2.4983e-19    9.6069e-19
4208.28418    5.6029e-19    3.5312e-19    1.3631e-18
4216.48145    1.3260e-19    8.3433e-20    3.2313e-19
4224.69434    3.5394e-19    2.2281e-19    8.6206e-19
4232.92334    1.5791e-17    1.5265e-17    1.7832e-17
4241.16846    2.2956e-19    1.4470e-19    5.5839e-19
4249.42920    3.7698e-18    2.4997e-18    8.6913e-18
4257.70605    2.6781e-18    1.7216e-18    6.3843e-18
4265.99902    9.6363e-20    6.1248e-20    2.3243e-19
4274.30859    3.3780e-18    2.2781e-18    7.6396e-18
4282.63428    2.5628e-19    1.6127e-19    6.2445e-19
4290.97607    2.4478e-18    1.5604e-18    5.8865e-18
4299.33398    1.6220e-17    1.2627e-17    3.0141e-17
4307.70801    2.6810e-19    1.7297e-19    6.3671e-19
4316.09863    3.1221e-18    2.0971e-18    7.0940e-18
4324.50586    1.1712e-18    7.4100e-19    2.8380e-18
4332.92920    8.0905e-18    6.3942e-18    1.4664e-17
4341.36914    5.2446e-18    3.9925e-18    1.0096e-17
4349.82520    1.1533e-17    1.0223e-17    1.6612e-17
4358.29785    2.5551e-18    1.6126e-18    6.2073e-18
4366.78662    9.2205e-19    6.0612e-19    2.1463e-18
4375.29199    1.3642e-17    1.2386e-17    1.8509e-17
4383.81445    1.0771e-17    8.1446e-18    2.0948e-17
4392.35352    7.2770e-20    3.7084e-20    2.1105e-19
4400.90869    5.3449e-18    3.7963e-18    1.1346e-17
4409.48047    1.2340e-17    1.0030e-17    2.1292e-17
4418.06934    7.9944e-18    6.2491e-18    1.4757e-17
4426.67480    1.5487e-19    9.7491e-20    3.7720e-19
4435.29736    1.4602e-18    9.4624e-19    3.4517e-18
4443.93652    5.2392e-19    3.3063e-19    1.2729e-18
4452.59277    2.2416e-18    1.4263e-18    5.4008e-18
4461.26562    8.1470e-19    5.1567e-19    1.9734e-18
4469.95508    4.7303e-18    8.9537e-19    1.9590e-17
4478.66162    3.3135e-19    1.9769e-19    8.4925e-19
4487.38477    1.2954e-17    9.5681e-18    2.6074e-17
4496.12549    7.8199e-20    4.9647e-20    1.8884e-19
4504.88281    9.5443e-18    7.9927e-18    1.5557e-17
4513.65771    4.9272e-18    3.4335e-18    1.0715e-17
4522.44922    2.1364e-17    1.7729e-17    3.5449e-17
4531.25830    2.0911e-18    1.3784e-18    4.8525e-18
4540.08447    7.4217e-18    5.3967e-18    1.5268e-17
4548.92773    1.1564e-17    1.0336e-17    1.6321e-17
4557.78809    6.8827e-18    5.0467e-18    1.3997e-17
4566.66602    7.7759e-20    4.8915e-20    1.8953e-19
4575.56055    9.9934e-18    8.1444e-18    1.7158e-17
4584.47314    1.6266e-17    1.4383e-17    2.3565e-17
4593.40283    3.4788e-18    2.2925e-18    8.0757e-18
4602.34961    3.5190e-19    2.2238e-19    8.5379e-19
4611.31445    1.6255e-19    1.0250e-19    3.9526e-19
4620.29590    9.4391e-18    7.6233e-18    1.6475e-17
4629.29590    1.1728e-17    9.4498e-18    2.0557e-17
4638.31250    3.4741e-19    2.1872e-19    8.4604e-19
4647.34668    2.2560e-18    1.5086e-18    5.1519e-18
4656.39941    1.3603e-19    8.5974e-20    3.3000e-19
4665.46875    3.8546e-18    2.6301e-18    8.5993e-18
4674.55664    2.3818e-19    1.5081e-19    5.7669e-19
4683.66113    4.1818e-20    8.8586e-21    1.6953e-19
4692.78418    8.3122e-20    5.2289e-20    2.0260e-19
4701.92480    5.2346e-20    3.2928e-20    1.2759e-19
4711.08301    5.8023e-20    2.4436e-20    1.8817e-19
4720.25977    1.4804e-19    9.3361e-20    3.5989e-19
4729.45361    5.1413e-19    3.2801e-19    1.2353e-18
4738.66602    1.9292e-19    1.2162e-19    4.6919e-19
4747.89551    1.1190e-19    7.0698e-20    2.7156e-19
4757.14355    1.6791e-19    1.0588e-19    4.0827e-19
4766.41016    1.6882e-20    1.0620e-20    4.1149e-20
4775.69385    1.4342e-19    9.0254e-20    3.4946e-19
4784.99609    1.8362e-21    1.1551e-21    4.4757e-21
4794.31641    2.3255e-20    1.4629e-20    5.6681e-20
4803.65430    5.0764e-20    3.1932e-20    1.2373e-19
4813.01074    1.8152e-19    1.1440e-19    4.4159e-19
4822.38574    6.8998e-19    4.3527e-19    1.6770e-18
4831.77930    8.6198e-19    5.4572e-19    2.0874e-18
4841.19043    4.4984e-19    2.8470e-19    1.0897e-18
4850.62012    8.5030e-20    5.3595e-20    2.0684e-19
4860.06836    4.5248e-20    2.9591e-20    1.0592e-19
4869.53467    5.3719e-19    3.3954e-19    1.3031e-18
4879.01953    3.1132e-19    1.9584e-19    7.5881e-19
4888.52295    6.3674e-19    4.0071e-19    1.5513e-18
4898.04492    9.4338e-19    5.9374e-19    2.2982e-18
4907.58545    7.6116e-20    4.7917e-20    1.8539e-19
4917.14453    4.4720e-20    2.7639e-20    1.1091e-19
4926.72168    1.4202e-17    1.3402e-17    1.7300e-17
4936.31836    1.5373e-19    9.6704e-20    3.7470e-19
4945.93311    9.4646e-20    5.9548e-20    2.3065e-19
4955.56689    1.1820e-18    7.4922e-19    2.8589e-18
4965.21973    4.1768e-20    2.6293e-20    1.0173e-19
4974.89062    1.3443e-18    8.4604e-19    3.2750e-18
4984.58105    3.5264e-19    2.2201e-19    8.5882e-19
4994.29004    5.9888e-19    3.7791e-19    1.4551e-18
5004.01758    4.6317e-19    2.9155e-19    1.1282e-18
5013.76465    1.5390e-17    1.4416e-17    1.9164e-17
5023.53027    3.0726e-19    2.6136e-19    4.8514e-19
5033.31543    3.1799e-20    2.0004e-20    7.7505e-20
5043.11914    1.2644e-18    6.9770e-19    3.4603e-18
5052.94238    3.0862e-20    1.8261e-20    7.9688e-20
5062.78418    8.1287e-19    5.1216e-19    1.9781e-18
5072.64551    4.2623e-19    2.6910e-19    1.0351e-18
5082.52637    8.4386e-20    5.3136e-20    2.0547e-19
5092.42578    3.5963e-19    2.2702e-19    8.7347e-19
5102.34473    1.9613e-18    1.2638e-18    4.6638e-18
5112.28320    2.7760e-20    1.7465e-20    6.7655e-20
5122.24121    1.9826e-19    1.2495e-19    4.8234e-19
5132.21777    7.7016e-19    4.8899e-19    1.8597e-18
5142.21484    1.9027e-19    1.2043e-19    4.6089e-19
5152.23047    1.9941e-19    1.2595e-19    4.8406e-19
5162.26660    1.1657e-18    7.4377e-19    2.8007e-18
5172.32129    1.7111e-17    1.5666e-17    2.2713e-17
5182.39648    8.0453e-20    5.3730e-20    1.8400e-19
5192.49023    3.2281e-19    2.5274e-19    5.9429e-19
5202.60449    1.0128e-17    8.1774e-18    1.7684e-17
5212.73779    1.0527e-19    6.6223e-20    2.5658e-19
5222.89160    4.2532e-19    2.6988e-19    1.0276e-18
5233.06445    1.1199e-17    9.3254e-18    1.8458e-17
5243.25781    1.0649e-19    6.7054e-20    2.5931e-19
5253.47021    4.1122e-18    2.7806e-18    9.2720e-18
5263.70312    1.2725e-18    8.2227e-19    3.0173e-18
5273.95557    1.5011e-17    1.2676e-17    2.4060e-17
5284.22852    1.2123e-17    9.7013e-18    2.1506e-17
5294.52100    1.3791e-19    8.6986e-20    3.3524e-19
5304.83398    6.6561e-20    4.1887e-20    1.6217e-19
5315.16650    1.5590e-17    1.3949e-17    2.1949e-17
5325.51953    4.7630e-18    3.2717e-18    1.0542e-17
5335.89258    2.9782e-19    1.8867e-19    7.2076e-19
5346.28564    1.3487e-19    8.5323e-20    3.2684e-19
5356.69922    5.7976e-19    3.6482e-19    1.4126e-18
5367.13281    2.7416e-18    1.8589e-18    6.1621e-18
5377.58691    9.1346e-20    5.7474e-20    2.2260e-19
5388.06152    4.4597e-20    2.8056e-20    1.0869e-19
5398.55664    8.1934e-20    5.1593e-20    1.9950e-19
5409.07178    3.0612e-19    1.9321e-19    7.4365e-19
5419.60742    6.4988e-20    4.1642e-20    1.5545e-19
5430.16406    4.7363e-18    3.1464e-18    1.0897e-17
5440.74121    2.5414e-19    1.6008e-19    6.1864e-19
5451.33887    3.4590e-19    2.1909e-19    8.3731e-19
5461.95703    3.0960e-19    1.9780e-19    7.4281e-19
5472.59570    1.5694e-19    9.9572e-20    3.7924e-19
5483.25488    1.4943e-19    9.4047e-20    3.6402e-19
5493.93555    2.8504e-19    1.7952e-19    6.9392e-19
5504.63672    3.4701e-19    2.1867e-19    8.4429e-19
5515.35840    1.8503e-19    1.1651e-19    4.5054e-19
5526.10156    1.1535e-18    7.2002e-19    2.8332e-18
5536.86523    4.7420e-19    3.0022e-19    1.1484e-18
5547.64941    2.2373e-19    1.4135e-19    5.4296e-19
5558.45557    1.9323e-20    1.2155e-20    4.7097e-20
5569.28271    8.1833e-19    5.1139e-19    2.0077e-18
5580.12988    1.3884e-19    8.7387e-20    3.3822e-19
5590.99902    6.2140e-19    3.8921e-19    1.5211e-18
5601.88965    2.4396e-20    1.5346e-20    5.9463e-20
5612.80078    9.2535e-20    5.8221e-20    2.2550e-19
5623.73340    7.1874e-19    4.5500e-19    1.7407e-18
5634.68750    4.5585e-20    2.8681e-20    1.1109e-19
5645.66211    3.2139e-20    2.0225e-20    7.8305e-20
5656.65918    4.6086e-19    2.9241e-19    1.1136e-18
5667.67676    1.3818e-18    8.6934e-19    3.3673e-18
5678.71680    5.5172e-20    3.4754e-20    1.3429e-19
5689.77734    2.1790e-18    1.3727e-18    5.3033e-18
5700.86035    3.0733e-19    1.9338e-19    7.4887e-19
5711.96484    5.1844e-20    3.2617e-20    1.2635e-19
5723.09033    1.9330e-19    1.2183e-19    4.7025e-19
5734.23779    1.9605e-19    1.2362e-19    4.7673e-19
5745.40723    1.8804e-19    1.1843e-19    4.5774e-19
5756.59766    1.2382e-19    7.7897e-20    3.0177e-19
5767.81104    7.0346e-20    4.4266e-20    1.7141e-19
5779.04492    7.0032e-20    4.4062e-20    1.7067e-19
5790.30176    1.7593e-19    1.1147e-19    4.2571e-19
5801.58008    1.0675e-19    6.7164e-20    2.6015e-19
5812.88037    7.0042e-19    4.4480e-19    1.6909e-18
5824.20264    1.4668e-19    9.2539e-20    3.5646e-19
5835.54688    5.6822e-19    3.5977e-19    1.3760e-18
5846.91357    1.3610e-19    8.5618e-20    3.3172e-19
5858.30225    1.1736e-19    7.3932e-20    2.8565e-19
5869.71289    3.6766e-20    2.0363e-20    1.0033e-19
5881.14600    3.3456e-20    2.0264e-20    8.4573e-20
5892.60156    1.4261e-19    1.5424e-19    9.7585e-20
5904.07910    7.7742e-20    4.8961e-20    1.8927e-19
5915.57910    2.9221e-18    1.8424e-18    7.1058e-18
5927.10156    1.4155e-19    8.9014e-20    3.4511e-19
5938.64648    6.2130e-20    3.9069e-20    1.5149e-19
5950.21387    7.7049e-19    4.9178e-19    1.8504e-18
5961.80371    4.8004e-19    3.0206e-19    1.1697e-18
5973.41602    8.6561e-20    5.4598e-20    2.1041e-19
5985.05127    8.3418e-20    5.2527e-20    2.0312e-19
5996.70850    5.4244e-19    3.4470e-19    1.3087e-18
6008.38867    4.9166e-20    3.0885e-20    1.2000e-19
6020.09229    1.2901e-19    8.1245e-20    3.1407e-19
6031.81836    1.6026e-19    1.0077e-19    3.9079e-19
6043.56738    3.1564e-19    1.9991e-19    7.6407e-19
6055.33887    8.9402e-19    5.6322e-19    2.1759e-18
6067.13428    1.0480e-19    6.6022e-20    2.5508e-19
6078.95117    2.4160e-18    1.5284e-18    5.8553e-18
6090.79150    5.6515e-20    3.5589e-20    1.3760e-19
6102.65527    3.4900e-19    2.2127e-19    8.4396e-19
6114.54199    2.6839e-19    1.6923e-19    6.5264e-19
6126.45215    1.2276e-19    7.7272e-20    2.9901e-19
6138.38525    6.1105e-20    3.8444e-20    1.4892e-19
6150.34131    4.5621e-18    2.9976e-18    1.0624e-17
6162.32178    1.9578e-19    1.2330e-19    4.7662e-19
6174.32422    1.8903e-18    1.1946e-18    4.5862e-18
6186.35059    1.4803e-18    9.3167e-19    3.6063e-18
6198.40088    5.4380e-19    3.4210e-19    1.3253e-18
6210.47314    2.8703e-20    1.8058e-20    6.9949e-20
6222.57031    5.0265e-20    3.1646e-20    1.2241e-19
6234.69043    3.9507e-18    2.5846e-18    9.2444e-18
6246.83496    4.6342e-18    3.1818e-18    1.0262e-17
6259.00195    4.9320e-19    3.1034e-19    1.2017e-18
6271.19385    4.7179e-20    2.9766e-20    1.1465e-19
6283.40869    2.9492e-20    1.8637e-20    7.1552e-20
6295.64795    1.3975e-19    8.8542e-20    3.3817e-19
6307.91016    5.6279e-19    3.5691e-19    1.3606e-18
6320.19678    6.5321e-18    4.2102e-18    1.5529e-17
6332.50781    3.5965e-19    2.2804e-19    8.6963e-19
6344.84180    9.4813e-19    8.3171e-19    1.3993e-18
6357.20020    6.2608e-20    3.9385e-20    1.5260e-19
6369.58252    1.2814e-18    1.1248e-18    1.8885e-18
6381.98926    4.6553e-18    2.9592e-18    1.1227e-17
6394.42041    4.0294e-20    2.5350e-20    9.8199e-20
6406.87549    3.5337e-19    2.2236e-19    8.6105e-19
6419.35449    1.9920e-18    1.3156e-18    4.6131e-18
6431.85840    6.5605e-19    4.1765e-19    1.5798e-18
6444.38672    7.2675e-19    4.6001e-19    1.7604e-18
6456.93896    5.3755e-18    3.9206e-18    1.1013e-17
6469.51514    3.7390e-19    2.3530e-19    9.1095e-19
6482.11719    1.1358e-18    7.1896e-19    2.7512e-18
6494.74268    2.8316e-18    1.7931e-18    6.8555e-18
6507.39355    1.0732e-18    6.7725e-19    2.6077e-18
6520.06836    1.7160e-18    1.1116e-18    4.0580e-18
6532.76855    6.5405e-19    4.1094e-19    1.5960e-18
6545.49316    9.6929e-21    6.1152e-21    2.3556e-20
6558.24268    9.1725e-19    7.5815e-19    1.5337e-18
6571.01611    1.2607e-18    8.0957e-19    3.0089e-18
6583.81543    1.0258e-18    6.3426e-19    2.5430e-18
6596.63965    1.7235e-19    1.0865e-19    4.1919e-19
6609.48828    1.3365e-18    8.4260e-19    3.2503e-18
6622.36230    1.4157e-18    8.9202e-19    3.4451e-18
6635.26172    1.5573e-20    9.7964e-21    3.7958e-20
6648.18506    2.1197e-18    1.3384e-18    5.1469e-18
6661.13525    3.2858e-19    2.0676e-19    8.0061e-19
6674.10986    1.1353e-19    9.8243e-21    5.1538e-19
6687.10938    1.0407e-18    6.4118e-19    2.5887e-18
6700.13428    6.5342e-20    4.0892e-20    1.6008e-19
6713.18506    2.5387e-20    1.5957e-20    6.1928e-20
6726.26123    5.8768e-19    3.6980e-19    1.4319e-18
6739.36279    4.4980e-21    2.8113e-21    1.1034e-20
6752.48926    7.0599e-20    4.4412e-20    1.7207e-19
6765.64258    3.9804e-19    2.4743e-19    9.8166e-19
6778.82031    3.4271e-20    2.1556e-20    8.3537e-20
6792.02441    7.0738e-20    4.4497e-20    1.7242e-19
6805.25439    2.4732e-19    1.5541e-19    6.0348e-19
6818.50928    7.7121e-19    4.8559e-19    1.8779e-18
6831.78955    1.5032e-19    9.4237e-20    3.6762e-19
6845.09717    1.2349e-20    7.7693e-21    3.0094e-20
6858.43018    1.5763e-18    9.9238e-19    3.8390e-18
6871.78906    6.8604e-19    4.3169e-19    1.6716e-18
6885.17432    7.0316e-20    4.3038e-20    1.7601e-19
6898.58447    4.4162e-21    2.7780e-21    1.0764e-20
6912.02246    4.5263e-19    2.8572e-19    1.0994e-18
6925.48486    2.5561e-19    1.5997e-19    6.2620e-19
6938.97412    5.3354e-20    3.3521e-20    1.3020e-19
6952.49023    1.4614e-19    9.2173e-20    3.5527e-19
6966.03271    3.7092e-20    2.3632e-20    8.9246e-20
6979.60059    9.2222e-20    5.7890e-20    2.2526e-19
6993.19629    1.7734e-19    1.1159e-19    4.3212e-19
