1000.97394    1.3954e-17    1.8261e-17    4.9361e-19
1002.92358    4.3482e-18    5.6781e-18    1.9213e-19
1004.87708    5.2683e-18    6.8255e-18    4.0186e-19
1006.83441    3.4797e-18    4.5612e-18    9.9671e-20
1008.79553    5.3056e-18    6.9187e-18    2.6465e-19
1010.76050    7.4684e-20    8.8364e-20    3.1936e-20
1012.72925    1.7260e-18    2.2574e-18    6.5317e-20
1014.70178    4.2198e-18    5.5463e-18    7.4499e-20
1016.67822    4.6774e-18    6.0951e-18    2.4708e-19
1018.65857    2.9129e-18    3.8086e-18    1.1369e-19
1020.64270    4.2567e-18    5.5869e-18    9.9669e-20
1022.63074    3.0969e-18    4.0717e-18    5.0661e-20
1024.62256    3.2071e-19    4.1700e-19    1.9814e-20
1026.61841    2.1580e-19    2.7661e-19    2.5776e-20
1028.61792    2.5658e-18    3.3775e-18    2.8872e-20
1030.62158    1.0674e-17    1.4052e-17    1.1639e-19
1032.62891    1.8940e-17    2.4968e-17    1.0142e-19
1034.64038    6.1788e-18    8.0905e-18    2.0453e-19
1036.65564    1.5740e-18    2.0419e-18    1.1179e-19
1038.67480    1.9936e-18    2.5825e-18    1.5317e-19
1040.69800    1.1704e-18    1.5234e-18    6.7256e-20
1042.72510    5.1468e-18    6.6877e-18    3.3130e-19
1044.75610    8.5545e-18    1.1074e-17    6.8236e-19
1046.79102    6.2395e-18    8.0834e-18    4.7747e-19
1048.83008    6.3280e-19    8.0568e-19    9.2536e-20
1050.87292    7.0837e-18    9.2217e-18    4.0245e-19
1052.91980    2.7462e-18    3.5019e-18    3.8442e-19
1054.97070    2.8665e-17    3.7715e-17    3.8355e-19
1057.02563    1.3959e-17    1.7964e-17    1.4421e-18
1059.08447    1.7740e-17    2.3196e-17    6.8843e-19
1061.14734    3.8585e-17    5.0464e-17    1.4619e-18
1063.21436    7.1736e-17    9.4593e-17    3.0772e-19
1065.28516    1.5806e-17    2.0730e-17    4.1902e-19
1067.36011    7.9431e-17    1.0468e-16    5.2155e-19
1069.43921    3.7189e-17    4.8944e-17    4.5356e-19
1071.52222    4.7402e-17    6.2432e-17    4.3194e-19
1073.60938    9.0467e-17    1.1911e-16    9.5011e-19
1075.70056    6.2066e-17    8.1761e-17    5.1840e-19
1077.79590    5.1902e-17    6.8209e-17    9.4072e-19
1079.89514    6.7805e-18    8.6582e-18    9.1225e-19
1081.99854    3.4352e-17    4.5280e-17    2.0083e-19
1084.10608    4.1098e-17    5.4068e-17    5.6507e-19
1086.21777    2.3968e-18    2.9620e-18    6.3087e-19
1088.33350    4.2499e-17    5.5877e-17    6.9005e-19
1090.45337    5.9853e-17    7.8809e-17    6.1591e-19
1092.57727    3.9904e-17    5.2578e-17    2.9885e-19
1094.70532    4.3154e-17    5.6718e-17    7.6468e-19
1096.83765    5.2931e-17    6.9713e-17    4.8603e-19
1098.97412    7.2349e-17    9.5325e-17    5.4802e-19
1101.11475    5.7602e-17    7.5796e-17    7.4287e-19
1103.25952    1.4861e-17    1.9502e-17    3.5627e-19
1105.40845    2.6937e-17    3.5313e-17    7.6159e-19
1107.56152    3.2940e-17    4.3225e-17    7.9805e-19
1109.71887    3.1012e-17    4.0839e-17    3.0324e-19
1111.88037    3.6658e-17    4.8309e-17    2.4685e-19
1114.04614    3.4179e-17    4.5062e-17    1.6758e-19
1116.21606    2.7237e-17    3.5829e-17    3.8639e-19
1118.39014    8.3464e-18    1.0612e-17    1.2653e-18
1120.56860    9.3703e-18    1.2136e-17    7.2581e-19
1122.75122    5.0604e-17    6.6704e-17    2.9297e-19
1124.93811    4.4356e-17    5.8423e-17    3.9579e-19
1127.12927    1.0864e-16    1.4318e-16    6.6686e-19
1129.32471    6.9232e-17    9.1269e-17    3.6680e-19
1131.52441    4.7226e-17    6.2218e-17    3.7533e-19
1133.72839    7.5725e-17    9.9857e-17    3.1108e-19
1135.93665    1.3242e-17    1.7190e-17    9.0241e-19
1138.14917    3.3769e-17    4.4460e-17    3.6151e-19
1140.36621    3.6643e-17    4.8099e-17    8.4270e-19
1142.58740    7.4149e-17    9.7720e-17    4.8629e-19
1144.81299    1.5592e-16    2.0544e-16    1.1540e-18
1147.04272    1.6183e-16    2.1296e-16    2.0456e-18
1149.27698    1.2465e-16    1.6420e-16    1.0855e-18
1151.51562    1.3741e-16    1.8063e-16    2.3327e-18
1153.75854    1.1533e-16    1.5142e-16    2.5674e-18
1156.00586    2.0268e-17    2.6498e-17    7.9999e-19
1158.25745    6.1794e-17    8.0757e-17    2.5324e-18
1160.51355    8.0154e-17    1.0472e-16    3.3785e-18
1162.77393    3.8445e-17    5.0639e-17    3.3792e-19
1165.03882    2.7331e-17    3.5900e-17    5.5215e-19
1167.30811    3.4136e-17    4.4904e-17    4.8494e-19
1169.58179    4.7357e-17    6.2145e-17    1.1432e-18
1171.85986    5.7540e-17    7.5299e-17    2.0422e-18
1174.14246    6.8084e-17    8.9123e-17    2.3363e-18
1176.42944    3.6309e-17    4.7476e-17    1.4093e-18
1178.72095    1.2939e-17    1.6890e-17    5.9337e-19
1181.01685    2.8244e-17    3.7037e-17    7.6624e-19
1183.31714    3.1450e-17    4.1247e-17    8.3174e-19
1185.62207    4.8624e-17    6.3666e-17    1.6160e-18
1187.93140    6.4102e-17    8.3953e-17    2.0694e-18
1190.24536    2.3086e-17    3.0255e-17    6.8488e-19
1192.56372    4.1635e-17    5.4654e-17    9.4958e-19
1194.88647    2.5147e-17    3.2929e-17    8.2970e-19
1197.21387    4.7790e-17    6.2788e-17    9.2132e-19
1199.54590    5.5466e-17    7.2945e-17    8.4334e-19
1201.88232    1.8108e-17    2.3736e-17    5.1876e-19
1204.22339    7.0109e-18    9.2019e-18    1.6415e-19
1206.56897    1.2933e-17    1.6837e-17    7.3388e-19
1208.91919    2.5591e-17    3.3647e-17    4.1651e-19
1211.27393    1.4816e-17    1.9417e-17    4.3560e-19
1213.63330    1.2519e-17    1.6348e-17    5.5629e-19
1215.99719    1.7990e-17    2.3303e-17    1.3858e-18
1218.36572    1.9800e-17    2.5932e-17    6.3710e-19
1220.73877    2.1626e-17    2.8470e-17    2.4047e-19
1223.11658    1.1591e-17    1.5254e-17    1.4564e-19
1225.49902    8.6104e-18    1.1293e-17    2.2700e-19
1227.88599    1.8371e-17    2.4170e-17    2.5091e-19
1230.27771    5.8670e-18    7.6726e-18    2.2414e-19
1232.67407    2.2261e-17    2.9295e-17    2.7972e-19
1235.07507    2.4748e-17    3.2467e-17    6.2395e-19
1237.48071    2.1303e-17    2.7925e-17    6.0974e-19
1239.89111    2.2651e-17    2.9654e-17    7.6553e-19
1242.30615    3.0733e-17    4.0159e-17    1.2788e-18
1244.72595    1.8377e-17    2.4028e-17    7.1561e-19
1247.15039    9.5975e-18    1.2550e-17    3.7009e-19
1249.57959    3.0505e-17    3.9897e-17    1.1568e-18
1252.01355    2.5840e-17    3.3809e-17    9.3663e-19
1254.45215    2.9295e-17    3.8305e-17    1.1398e-18
1256.89563    2.8157e-17    3.6610e-17    1.7407e-18
1259.34375    1.9741e-17    2.5679e-17    1.1847e-18
1261.79675    4.4231e-17    5.7536e-17    2.6517e-18
1264.25452    3.0693e-17    3.9443e-17    3.3520e-18
1266.71704    1.0186e-16    1.3300e-16    4.5478e-18
1269.18433    3.0542e-17    3.9517e-17    2.4971e-18
1271.65649    4.9334e-17    6.4390e-17    2.2837e-18
1274.13342    3.5279e-17    4.5897e-17    2.0986e-18
1276.61523    2.5133e-17    3.2737e-17    1.3705e-18
1279.10181    2.7949e-17    3.5992e-17    2.8136e-18
1281.59326    1.8293e-17    2.3549e-17    1.8691e-18
1284.08960    1.3030e-17    1.6522e-17    2.1169e-18
1286.59070    2.6226e-17    3.3348e-17    3.9685e-18
1289.09668    5.8210e-17    7.4536e-17    7.1896e-18
1291.60767    2.2963e-17    2.9349e-17    3.0059e-18
1294.12341    2.3242e-17    2.9611e-17    3.3397e-18
1296.64404    3.2599e-17    4.2456e-17    1.7942e-18
1299.16968    4.3573e-17    5.6110e-17    4.3934e-18
1301.70020    2.0624e-17    2.6105e-17    3.4947e-18
1304.23572    2.7227e-17    3.4960e-17    3.0593e-18
1306.77612    3.4865e-17    4.4210e-17    5.6619e-18
1309.32141    6.1487e-18    7.7910e-18    1.0163e-18
1311.87183    1.8659e-17    2.3539e-17    3.4093e-18
1314.42700    2.4097e-17    3.1263e-17    1.7032e-18
1316.98730    3.3312e-17    4.1659e-17    7.2283e-18
1319.55249    4.9228e-17    6.2043e-17    9.1801e-18
1322.12280    5.1543e-17    6.5458e-17    8.0581e-18
1324.69800    2.7097e-17    3.4056e-17    5.3510e-18
1327.27820    3.8290e-17    4.7597e-17    9.2024e-18
1329.86353    3.0331e-17    3.7388e-17    8.2764e-18
1332.45386    3.2029e-17    3.9714e-17    8.0160e-18
1335.04919    4.4425e-18    5.3185e-18    1.7050e-18
1337.64966    1.7213e-17    2.1273e-17    4.5262e-18
1340.25513    4.1576e-17    5.1003e-17    1.2115e-17
1342.86560    1.2529e-17    1.4928e-17    5.0333e-18
1345.48120    3.3392e-17    4.0578e-17    1.0933e-17
1348.10205    8.4243e-18    9.8165e-18    4.0738e-18
1350.72778    2.9539e-17    3.5145e-17    1.2022e-17
1353.35876    1.8128e-17    2.1383e-17    7.9583e-18
1355.99487    2.8948e-17    3.5039e-17    9.9135e-18
1358.63611    2.3713e-17    3.0390e-17    2.8449e-18
1361.28247    5.3641e-17    6.7963e-17    8.8850e-18
1363.93396    4.9807e-17    6.3050e-17    8.4204e-18
1366.59058    9.4140e-17    1.1661e-16    2.3926e-17
1369.25244    4.6252e-17    5.7370e-17    1.1508e-17
1371.91956    6.8461e-17    8.6415e-17    1.2355e-17
1374.59180    1.0907e-16    1.3612e-16    2.4535e-17
1377.26929    1.1932e-16    1.4802e-16    2.9609e-17
1379.95190    6.8959e-17    8.3051e-17    2.4924e-17
1382.63965    8.4179e-17    1.0191e-16    2.8785e-17
1385.33276    3.8989e-17    4.5748e-17    1.7866e-17
1388.03125    6.7409e-17    8.2428e-17    2.0474e-17
1390.73486    1.6118e-17    1.9753e-17    4.7581e-18
1393.44360    3.3035e-17    3.8170e-17    1.6986e-17
1396.15784    5.2537e-17    6.2667e-17    2.0878e-17
1398.87720    1.4326e-16    1.8138e-16    2.4126e-17
1401.60205    1.1236e-16    1.4404e-16    1.3336e-17
1404.33203    7.3201e-17    8.9479e-17    2.2331e-17
1407.06738    4.4525e-17    5.2017e-17    2.1111e-17
1409.80811    6.7505e-17    8.1053e-17    2.5167e-17
1412.55420    4.9258e-17    6.1949e-17    9.5967e-18
1415.30554    1.5414e-16    1.9651e-16    2.1721e-17
1418.06213    8.1993e-17    1.0343e-16    1.4994e-17
1420.82446    3.5274e-17    4.1872e-17    1.4657e-17
1423.59180    2.2026e-17    2.7036e-17    6.3708e-18
1426.36475    9.5893e-18    1.1191e-17    4.5855e-18
1429.14307    4.2120e-17    4.9062e-17    2.0428e-17
1431.92676    6.0260e-17    7.4491e-17    1.5788e-17
1434.71582    2.9661e-17    3.4538e-17    1.4421e-17
1437.51038    1.0167e-16    1.2570e-16    2.6565e-17
1440.31030    7.9491e-17    9.6088e-17    2.7626e-17
1443.11572    6.5076e-17    7.8131e-17    2.4276e-17
1445.92676    2.3962e-17    2.7715e-17    1.2232e-17
1448.74316    2.1945e-17    2.4299e-17    1.4590e-17
1451.56494    3.4444e-17    3.7858e-17    2.3775e-17
1454.39233    5.3142e-17    6.4366e-17    1.8066e-17
1457.22522    3.4468e-17    3.6725e-17    2.7415e-17
1460.06360    1.5840e-17    1.8516e-17    7.4747e-18
1462.90747    5.4730e-17    6.3790e-17    2.6418e-17
1465.75696    2.5998e-17    2.6677e-17    2.3876e-17
1468.61206    3.5099e-17    4.0619e-17    1.7849e-17
1471.47253    3.8577e-17    4.4519e-17    2.0009e-17
1474.33862    7.5569e-17    9.7787e-17    6.1371e-18
1477.21045    5.4116e-17    6.0542e-17    3.4036e-17
1480.08777    5.9540e-17    7.1826e-17    2.1142e-17
1482.97058    5.2895e-17    6.5814e-17    1.2522e-17
1485.85913    3.8083e-17    4.2237e-17    2.5104e-17
1488.75342    8.3425e-17    8.6097e-17    7.5076e-17
1491.65332    5.0839e-17    5.5019e-17    3.7778e-17
1494.55859    1.6460e-17    1.8480e-17    1.0146e-17
1497.46985    3.7679e-17    4.4094e-17    1.7633e-17
1500.38647    2.1180e-17    2.2424e-17    1.7294e-17
1503.30896    5.6647e-17    6.2809e-17    3.7390e-17
1506.23706    8.4114e-17    1.0001e-16    3.4427e-17
1509.17090    5.7267e-17    6.7624e-17    2.4902e-17
1512.11060    6.3765e-17    7.6087e-17    2.5257e-17
1515.05591    4.7065e-17    5.5406e-17    2.1000e-17
1518.00684    5.2249e-18    5.9964e-18    2.8139e-18
1520.96362    3.5713e-17    4.2900e-17    1.3254e-17
1523.92627    4.0991e-17    4.6170e-17    2.4809e-17
1526.89453    1.7829e-17    2.1694e-17    5.7519e-18
1529.86865    5.2201e-18    5.1843e-18    5.3319e-18
1532.84839    8.1326e-18    9.5224e-18    3.7895e-18
1535.83411    8.9140e-18    9.7796e-18    6.2088e-18
1538.82568    1.2306e-17    1.1796e-17    1.3900e-17
1541.82300    1.2334e-17    1.2330e-17    1.2347e-17
1544.82617    8.6865e-18    9.2487e-18    6.9297e-18
1547.83521    1.5757e-17    1.5985e-17    1.5045e-17
1550.85010    3.9198e-17    4.2285e-17    2.9551e-17
1553.87085    3.6129e-17    3.7512e-17    3.1809e-17
1556.89746    2.0360e-17    2.5252e-17    5.0737e-18
1559.92993    2.5209e-17    3.2520e-17    2.3608e-18
1562.96863    2.7717e-17    3.5350e-17    3.8639e-18
1566.01282    9.9418e-18    1.2448e-17    2.1106e-18
1569.06311    4.1261e-17    5.2819e-17    5.1412e-18
1572.11938    3.2494e-17    4.0607e-17    7.1398e-18
1575.18152    2.9961e-17    3.8725e-17    2.5730e-18
1578.24963    5.2245e-17    6.2325e-17    2.0747e-17
1581.32373    3.3614e-17    3.9182e-17    1.6215e-17
1584.40381    1.4990e-17    1.8958e-17    2.5907e-18
1587.48999    2.9400e-17    3.6659e-17    6.7162e-18
1590.58215    1.1205e-17    1.2427e-17    7.3845e-18
1593.68018    4.8466e-17    4.8023e-17    4.9849e-17
1596.78442    1.7887e-17    1.5619e-17    2.4978e-17
1599.89465    2.0573e-17    2.1983e-17    1.6165e-17
1603.01086    1.2972e-17    1.6181e-17    2.9467e-18
1606.13330    2.7380e-17    3.2641e-17    1.0938e-17
1609.26172    3.8869e-17    5.0294e-17    3.1657e-18
1612.39636    2.3778e-17    3.0516e-17    2.7224e-18
1615.53674    2.9917e-18    3.6931e-18    7.9968e-19
1618.68347    3.9645e-17    5.0394e-17    6.0544e-18
1621.83630    5.2281e-17    6.6921e-17    6.5316e-18
1624.99548    3.5552e-17    4.5830e-17    3.4322e-18
1628.16064    5.0824e-17    6.6071e-17    3.1779e-18
1631.33203    5.3686e-17    6.7434e-17    1.0724e-17
1634.50952    7.6499e-17    9.8598e-17    7.4409e-18
1637.69312    6.3629e-17    8.0882e-17    9.7141e-18
1640.88306    1.3745e-16    1.6949e-16    3.7310e-17
1644.07922    3.8785e-17    4.8989e-17    6.8974e-18
1647.28162    7.1040e-17    9.0514e-17    1.0181e-17
1650.49023    5.8973e-17    7.4869e-17    9.2975e-18
1653.70496    4.8549e-17    6.1060e-17    9.4526e-18
1656.92603    1.6954e-17    2.2029e-17    1.0924e-18
1660.15369    2.4315e-17    3.1546e-17    1.7183e-18
1663.38721    1.5007e-17    1.9111e-17    2.1810e-18
1666.62720    1.9010e-17    2.1946e-17    9.8340e-18
1669.87317    1.0283e-17    1.3102e-17    1.4733e-18
1673.12585    2.2124e-17    2.8155e-17    3.2780e-18
1676.38489    2.9051e-17    3.6398e-17    6.0907e-18
1679.65027    2.9144e-17    3.6814e-17    5.1742e-18
1682.92188    1.8113e-17    2.1995e-17    5.9806e-18
1686.19958    1.5166e-17    1.9042e-17    3.0537e-18
1689.48413    3.6894e-17    4.6732e-17    6.1521e-18
1692.77502    2.8041e-17    3.5699e-17    4.1096e-18
1696.07227    2.3048e-17    2.6559e-17    1.2079e-17
1699.37573    2.0189e-17    2.4958e-17    5.2856e-18
1702.68567    2.9233e-17    3.6300e-17    7.1495e-18
1706.00232    3.2549e-17    4.1076e-17    5.9011e-18
1709.32544    4.8629e-17    5.9885e-17    1.3454e-17
1712.65491    2.6738e-17    3.2234e-17    9.5643e-18
1715.99060    5.3516e-17    6.6945e-17    1.1552e-17
1719.33301    4.9785e-17    6.2418e-17    1.0308e-17
1722.68188    5.7220e-17    6.8771e-17    2.1125e-17
1726.03735    3.5565e-17    4.5033e-17    5.9751e-18
1729.39941    1.5436e-17    1.8603e-17    5.5384e-18
1732.76807    2.7220e-17    3.0096e-17    1.8234e-17
1736.14307    1.1093e-17    1.3001e-17    5.1322e-18
1739.52466    5.6367e-18    5.9611e-18    4.6229e-18
1742.91296    1.1022e-17    1.1835e-17    8.4836e-18
1746.30786    2.3389e-17    2.8168e-17    8.4530e-18
1749.70935    2.1846e-17    2.7292e-17    4.8287e-18
1753.11755    1.8966e-18    1.6459e-18    2.6800e-18
1756.53223    8.9821e-18    7.5480e-18    1.3464e-17
1759.95325    3.3802e-17    4.1904e-17    8.4839e-18
1763.38147    2.2155e-17    2.6433e-17    8.7892e-18
1766.81628    1.4192e-17    1.5743e-17    9.3455e-18
1770.25745    1.6450e-17    1.9762e-17    6.0987e-18
1773.70581    3.8060e-17    4.5333e-17    1.5330e-17
1777.16064    2.7636e-17    3.3302e-17    9.9311e-18
1780.62207    2.5111e-17    2.9399e-17    1.1710e-17
1784.09045    8.5653e-17    1.0810e-16    1.5505e-17
1787.56555    2.2265e-16    2.8018e-16    4.2853e-17
1791.04749    3.4681e-17    3.7551e-17    2.5713e-17
1794.53601    3.2728e-17    3.7066e-17    1.9172e-17
1798.03137    6.2916e-17    7.5978e-17    2.2096e-17
1801.53357    5.0246e-18    3.8430e-18    8.7172e-18
1805.04248    5.8344e-17    6.1281e-17    4.9165e-17
1808.55847    3.0314e-17    3.6660e-17    1.0483e-17
1812.08130    1.0255e-17    8.0293e-18    1.7208e-17
1815.61096    2.0282e-17    2.5287e-17    4.6405e-18
1819.14722    1.5388e-17    1.9737e-17    1.7985e-18
1822.69067    2.8149e-17    3.4923e-17    6.9773e-18
1826.24084    3.3871e-17    4.2320e-17    7.4684e-18
1829.79797    3.2970e-17    3.9834e-17    1.1520e-17
1833.36206    2.3165e-17    2.8738e-17    5.7524e-18
1836.93311    2.2808e-17    2.8374e-17    5.4167e-18
1840.51111    1.2356e-17    1.4693e-17    5.0524e-18
1844.09607    2.3571e-17    2.3202e-17    2.4725e-17
1847.68799    3.5797e-17    4.3261e-17    1.2470e-17
1851.28687    2.7301e-17    3.0308e-17    1.7902e-17
1854.89282    7.3956e-18    6.7520e-18    9.4068e-18
1858.50586    2.2015e-17    2.3471e-17    1.7464e-17
1862.12585    1.0324e-17    1.1498e-17    6.6525e-18
1865.75293    2.7292e-17    2.9649e-17    1.9927e-17
1869.38696    3.7328e-17    3.6043e-17    4.1342e-17
1873.02820    1.3291e-17    1.4463e-17    9.6268e-18
1876.67651    4.5200e-17    5.4418e-17    1.6394e-17
1880.33191    4.0352e-17    4.7584e-17    1.7750e-17
1883.99438    2.5638e-17    2.3589e-17    3.2041e-17
1887.66406    3.6075e-17    4.1673e-17    1.8582e-17
1891.34082    2.0231e-17    2.3348e-17    1.0491e-17
1895.02490    2.2824e-17    2.5606e-17    1.4129e-17
1898.71606    2.9256e-17    3.2954e-17    1.7702e-17
1902.41431    3.7449e-17    4.2073e-17    2.3001e-17
1906.11987    1.9664e-17    2.3005e-17    9.2208e-18
1909.83252    3.0647e-17    3.4184e-17    1.9592e-17
1913.55261    3.2078e-17    3.8285e-17    1.2681e-17
1917.27979    3.9360e-17    4.6896e-17    1.5810e-17
1921.01428    1.6265e-17    1.4885e-17    2.0578e-17
1924.75610    2.3376e-17    2.7199e-17    1.1431e-17
1928.50513    3.5316e-17    4.1231e-17    1.6833e-17
1932.26147    2.3540e-17    2.8055e-17    9.4292e-18
1936.02515    3.4402e-17    4.2287e-17    9.7593e-18
1939.79614    2.3832e-17    2.1736e-17    3.0381e-17
1943.57446    3.8443e-17    4.1104e-17    3.0129e-17
1947.36011    6.2967e-17    6.5095e-17    5.6317e-17
1951.15332    2.3885e-17    2.4258e-17    2.2719e-17
1954.95374    4.0900e-17    4.3000e-17    3.4338e-17
1958.76160    2.8820e-17    2.7836e-17    3.1893e-17
1962.57690    3.4271e-17    3.3962e-17    3.5238e-17
1966.39966    5.3070e-17    5.4755e-17    4.7805e-17
1970.22974    4.3534e-17    4.4489e-17    4.0548e-17
1974.06738    4.8652e-17    5.1823e-17    3.8741e-17
1977.91248    2.0150e-17    1.8667e-17    2.4786e-17
1981.76514    1.4370e-17    1.2186e-17    2.1197e-17
1985.62524    4.1018e-17    4.0020e-17    4.4135e-17
1989.49280    3.3702e-17    3.3230e-17    3.5178e-17
1993.36792    1.9258e-17    2.0086e-17    1.6671e-17
1997.25061    1.8561e-17    1.6475e-17    2.5081e-17
2001.14087    4.6216e-17    5.5108e-17    1.8425e-17
2005.03870    4.3446e-17    5.0180e-17    2.2403e-17
2008.94409    6.7657e-17    7.8047e-17    3.5188e-17
2012.85718    5.4044e-17    5.4614e-17    5.2263e-17
2016.77783    5.8358e-17    6.1377e-17    4.8925e-17
2020.70605    2.6147e-17    2.9531e-17    1.5573e-17
2024.64209    3.4567e-17    3.1837e-17    4.3096e-17
2028.58569    5.0637e-17    5.5985e-17    3.3925e-17
2032.53687    6.6919e-17    6.9846e-17    5.7775e-17
2036.49585    3.0364e-17    3.1154e-17    2.7895e-17
2040.46265    3.0612e-17    3.8020e-17    7.4637e-18
2044.43701    2.8205e-17    3.4059e-17    9.9081e-18
2048.41919    2.6708e-17    2.4980e-17    3.2107e-17
2052.40918    2.7006e-17    2.7676e-17    2.4911e-17
2056.40674    4.2077e-17    4.9333e-17    1.9399e-17
2060.41211    5.1552e-18    5.9884e-18    2.5512e-18
2064.42554    4.7037e-17    5.6378e-17    1.7846e-17
2068.44678    5.5026e-17    5.3561e-17    5.9602e-17
2072.47559    4.5948e-17    5.1012e-17    3.0122e-17
2076.51221    3.9356e-17    3.3605e-17    5.7325e-17
2080.55713    2.2931e-17    2.4831e-17    1.6994e-17
2084.60938    1.8129e-17    1.5071e-17    2.7683e-17
2088.66992    2.9336e-17    3.3532e-17    1.6227e-17
2092.73828    2.7897e-17    2.4858e-17    3.7394e-17
2096.81445    1.9447e-17    2.0763e-17    1.5336e-17
2100.89868    5.0088e-17    4.9666e-17    5.1407e-17
2104.99072    2.5003e-17    2.7639e-17    1.6765e-17
2109.09082    8.2364e-17    9.9135e-17    2.9956e-17
2113.19922    3.3973e-17    3.4855e-17    3.1216e-17
2117.31519    1.0411e-16    1.0825e-16    9.1149e-17
2121.43945    1.3483e-17    1.3139e-17    1.4559e-17
2125.57129    2.2199e-17    1.7181e-17    3.7882e-17
2129.71143    5.1658e-17    5.6967e-17    3.5066e-17
2133.85986    4.2849e-17    4.1313e-17    4.7647e-17
2138.01611    5.0048e-17    5.8486e-17    2.3676e-17
2142.18066    4.5864e-17    4.3736e-17    5.2515e-17
2146.35303    3.6239e-17    3.7268e-17    3.3025e-17
2150.53369    3.9896e-17    4.6822e-17    1.8252e-17
2154.72266    1.9960e-17    1.7900e-17    2.6399e-17
2158.91968    3.4134e-17    3.5370e-17    3.0269e-17
2163.12500    4.7420e-17    5.1552e-17    3.4504e-17
2167.33813    7.5275e-17    7.5671e-17    7.4036e-17
2171.55957    2.0887e-17    1.7961e-17    3.0032e-17
2175.78955    7.3043e-17    7.5281e-17    6.6051e-17
2180.02759    1.9236e-17    2.0300e-17    1.5908e-17
2184.27393    4.6558e-17    4.1386e-17    6.2719e-17
2188.52832    3.3714e-17    3.5540e-17    2.8008e-17
2192.79102    1.9669e-17    1.6357e-17    3.0019e-17
2197.06226    1.1758e-17    8.8441e-18    2.0865e-17
2201.34180    2.2606e-17    1.8730e-17    3.4721e-17
2205.62939    3.6335e-17    3.1764e-17    5.0623e-17
2209.92554    4.9390e-17    4.7140e-17    5.6424e-17
2214.22998    5.9070e-17    6.2440e-17    4.8537e-17
2218.54297    4.5423e-17    4.6010e-17    4.3588e-17
2222.86426    7.4941e-17    8.4208e-17    4.5981e-17
2227.19409    5.1128e-17    5.0128e-17    5.4252e-17
2231.53223    4.4462e-17    4.4079e-17    4.5658e-17
2235.87891    4.0769e-17    4.4647e-17    2.8652e-17
2240.23389    7.7630e-17    8.0598e-17    6.8355e-17
2244.59717    4.7790e-17    5.6809e-17    1.9606e-17
2248.96924    7.5186e-17    8.5626e-17    4.2561e-17
2253.34985    7.6180e-17    8.8786e-17    3.6785e-17
2257.73901    5.4107e-17    6.0584e-17    3.3865e-17
2262.13672    7.6121e-17    9.4458e-17    1.8818e-17
2266.54297    1.0630e-16    1.3110e-16    2.8783e-17
2270.95752    8.6525e-17    1.0237e-16    3.7024e-17
2275.38086    1.0381e-16    1.2363e-16    4.1859e-17
2279.81299    8.6586e-17    8.8893e-17    7.9375e-17
2284.25366    6.3255e-17    7.1543e-17    3.7354e-17
2288.70288    4.9111e-17    4.4912e-17    6.2233e-17
2293.16089    9.4747e-17    1.0850e-16    5.1759e-17
2297.62744    4.6635e-17    4.5502e-17    5.0176e-17
2302.10303    4.5983e-17    4.5574e-17    4.7260e-17
2306.58691    1.3935e-16    1.3073e-16    1.6630e-16
2311.07959    9.2321e-17    1.0211e-16    6.1743e-17
2315.58105    6.3574e-17    7.0864e-17    4.0792e-17
2320.09155    7.7239e-17    8.7888e-17    4.3962e-17
2324.61060    6.0287e-17    7.0992e-17    2.6830e-17
2329.13843    1.5063e-16    1.8722e-16    3.6268e-17
2333.67529    5.7014e-17    7.1551e-17    1.1588e-17
2338.22070    1.0044e-16    1.2255e-16    3.1326e-17
2342.77490    1.2923e-16    1.5921e-16    3.5551e-17
2347.33838    1.2872e-16    1.5730e-16    3.9398e-17
2351.91064    5.6996e-17    6.3689e-17    3.6080e-17
2356.49170    9.8634e-17    1.0790e-16    6.9667e-17
2361.08154    1.6651e-16    2.1106e-16    2.7258e-17
2365.68066    1.5625e-16    1.9741e-16    2.7624e-17
2370.28833    7.4067e-17    9.2610e-17    1.6120e-17
2374.90527    1.7333e-16    2.1443e-16    4.4897e-17
2379.53101    1.0846e-16    1.3589e-16    2.2739e-17
2384.16602    2.8114e-16    3.6096e-16    3.1684e-17
2388.80981    1.4028e-16    1.6200e-16    7.2410e-17
2393.46289    2.1858e-16    2.5228e-16    1.1328e-16
2398.12476    1.2722e-16    1.5235e-16    4.8661e-17
2402.79590    1.4605e-16    1.7208e-16    6.4707e-17
2407.47607    8.0736e-17    9.7389e-17    2.8695e-17
2412.16528    2.3788e-16    2.8714e-16    8.3958e-17
2416.86377    1.4412e-16    1.6185e-16    8.8708e-17
2421.57129    1.4053e-16    1.5061e-16    1.0903e-16
2426.28809    1.8222e-16    2.1180e-16    8.9789e-17
2431.01392    2.2670e-16    2.6286e-16    1.1368e-16
2435.74902    1.9455e-16    2.2196e-16    1.0888e-16
2440.49365    1.0246e-16    1.1134e-16    7.4710e-17
2445.24707    1.4505e-16    1.6968e-16    6.8083e-17
2450.01001    1.2365e-16    1.3178e-16    9.8247e-17
2454.78223    1.3431e-16    1.4968e-16    8.6250e-17
2459.56348    1.7966e-16    2.0055e-16    1.1438e-16
2464.35425    2.5032e-16    2.9744e-16    1.0307e-16
2469.15430    1.8957e-16    2.2278e-16    8.5782e-17
2473.96387    1.6144e-16    1.8295e-16    9.4223e-17
2478.78271    1.4786e-16    1.7589e-16    6.0275e-17
2483.61084    1.3713e-16    1.5281e-16    8.8132e-17
2488.44849    1.7266e-16    1.8869e-16    1.2257e-16
2493.29541    7.5455e-17    8.8436e-17    3.4889e-17
2498.15186    1.0949e-16    1.2112e-16    7.3123e-17
2503.01782    1.6625e-16    1.8569e-16    1.0549e-16
2507.89307    1.6997e-16    1.9454e-16    9.3195e-17
2512.77808    1.8308e-16    2.0718e-16    1.0776e-16
2517.67236    1.0526e-16    1.1862e-16    6.3507e-17
2522.57642    1.4928e-16    1.6137e-16    1.1152e-16
2527.48975    1.4601e-16    1.7656e-16    5.0521e-17
2532.41309    6.1052e-17    7.1584e-17    2.8142e-17
2537.34570    1.6391e-16    1.9476e-16    6.7487e-17
2542.28760    1.7619e-16    2.0205e-16    9.5369e-17
2547.23975    1.6241e-16    1.9085e-16    7.3554e-17
2552.20117    1.0318e-16    1.1214e-16    7.5163e-17
2557.17236    7.1616e-17    8.4773e-17    3.0501e-17
2562.15332    1.4346e-16    1.7654e-16    4.0084e-17
2567.14404    9.4196e-17    1.0980e-16    4.5424e-17
2572.14404    1.4532e-16    1.5158e-16    1.2574e-16
2577.15430    5.8361e-17    7.1469e-17    1.7398e-17
2582.17383    9.9104e-17    1.1068e-16    6.2922e-17
2587.20361    2.0691e-16    2.4790e-16    7.8792e-17
2592.24292    9.9266e-17    1.2102e-16    3.1291e-17
2597.29199    3.4988e-16    4.2653e-16    1.1033e-16
2602.35107    2.5977e-17    2.6036e-17    2.5795e-17
2607.41992    1.6528e-16    1.9180e-16    8.2384e-17
2612.49854    3.0182e-16    3.5095e-16    1.4828e-16
2617.58740    1.3905e-16    1.6851e-16    4.6969e-17
2622.68604    2.1215e-16    2.5802e-16    6.8804e-17
2627.79443    3.5640e-16    4.2919e-16    1.2892e-16
2632.91284    2.3281e-16    2.5551e-16    1.6186e-16
2638.04126    6.5027e-17    6.5742e-17    6.2792e-17
2643.17969    8.3185e-17    7.5466e-17    1.0731e-16
2648.32812    2.8970e-17    2.3112e-17    4.7278e-17
2653.48633    8.4340e-17    7.9480e-17    9.9526e-17
2658.65479    3.6113e-17    2.8769e-17    5.9063e-17
2663.83350    3.8380e-17    4.3416e-17    2.2642e-17
2669.02197    8.8653e-17    9.6837e-17    6.3076e-17
2674.22070    2.9229e-18    2.0546e-18    5.6366e-18
2679.42969    5.8071e-17    6.0234e-17    5.1314e-17
2684.64868    9.6131e-17    9.5414e-17    9.8372e-17
2689.87793    2.4330e-17    2.1860e-17    3.2049e-17
2695.11719    9.0199e-17    9.9366e-17    6.1554e-17
2700.36670    2.6402e-17    1.9548e-17    4.7819e-17
2705.62646    1.1044e-16    1.1224e-16    1.0481e-16
2710.89648    8.2935e-17    9.6029e-17    4.2013e-17
2716.17676    1.3210e-16    1.5627e-16    5.6582e-17
2721.46729    7.0893e-17    6.7308e-17    8.2094e-17
2726.76831    9.4081e-17    1.1753e-16    2.0796e-17
2732.07959    1.4992e-16    1.8050e-16    5.4379e-17
2737.40112    1.1351e-16    1.3814e-16    3.6525e-17
2742.73291    6.3196e-17    7.2179e-17    3.5126e-17
2748.07520    1.4503e-16    1.8278e-16    2.7086e-17
2753.42798    1.8707e-16    2.0641e-16    1.2662e-16
2758.79102    7.8692e-17    8.6690e-17    5.3698e-17
2764.16479    8.0799e-17    9.3784e-17    4.0219e-17
2769.54883    1.1451e-16    1.3284e-16    5.7231e-17
2774.94336    1.6563e-16    1.7552e-16    1.3472e-16
2780.34863    5.7096e-17    5.5173e-17    6.3104e-17
2785.76416    9.3501e-17    9.0446e-17    1.0305e-16
2791.18994    2.8402e-17    2.8431e-17    2.8311e-17
2796.62695    3.0078e-17    3.3779e-17    1.8513e-17
2802.07422    2.7112e-17    3.0385e-17    1.6882e-17
2807.53198    3.0392e-17    2.9751e-17    3.2396e-17
2813.00049    2.8493e-17    2.4134e-17    4.2118e-17
2818.47949    5.0119e-17    4.1644e-17    7.6604e-17
2823.96948    7.6986e-17    8.0691e-17    6.5408e-17
2829.47021    1.0022e-16    1.1198e-16    6.3493e-17
2834.98145    1.0667e-16    1.0386e-16    1.1544e-16
2840.50342    1.0659e-16    1.1041e-16    9.4630e-17
2846.03613    1.1138e-16    1.0225e-16    1.3992e-16
2851.57959    7.4841e-17    7.2219e-17    8.3034e-17
2857.13379    1.0886e-16    9.7545e-17    1.4420e-16
2862.69922    5.8319e-17    5.0842e-17    8.1685e-17
2868.27490    1.1484e-16    1.1038e-16    1.2877e-16
2873.86182    3.7574e-17    3.4870e-17    4.6025e-17
2879.45947    5.6964e-17    5.9352e-17    4.9501e-17
2885.06836    6.4368e-17    6.7656e-17    5.4095e-17
2890.68774    7.9603e-17    7.8483e-17    8.3102e-17
2896.31860    7.5988e-17    6.7898e-17    1.0127e-16
2901.95972    3.2799e-17    2.8167e-17    4.7274e-17
2907.61230    4.8854e-17    4.0723e-17    7.4266e-17
2913.27563    8.6206e-18    6.1509e-18    1.6339e-17
2918.95020    6.8099e-17    6.1269e-17    8.9444e-17
2924.63574    1.1422e-16    1.3184e-16    5.9176e-17
2930.33228    8.0407e-18    5.6630e-18    1.5471e-17
2936.04004    9.8922e-18    7.0984e-18    1.8623e-17
2941.75903    7.0718e-17    7.7779e-17    4.8651e-17
2947.48877    9.0017e-17    9.7830e-17    6.5599e-17
2953.22998    6.8290e-17    8.0667e-17    2.9611e-17
2958.98242    5.7853e-17    5.5570e-17    6.4987e-17
2964.74585    5.9237e-17    6.7774e-17    3.2558e-17
2970.52075    9.5663e-17    1.0486e-16    6.6932e-17
2976.30664    3.5170e-17    3.4049e-17    3.8673e-17
2982.10376    1.2112e-16    1.3491e-16    7.8038e-17
2987.91187    3.2736e-17    4.0018e-17    9.9770e-18
2993.73218    7.9027e-18    5.4472e-18    1.5576e-17
2999.56348    2.9910e-17    2.8932e-17    3.2965e-17
3005.40601    4.7916e-17    5.9999e-17    1.0153e-17
3011.25977    3.0488e-17    2.2822e-17    5.4443e-17
3017.12500    3.0851e-17    2.2889e-17    5.5731e-17
3023.00195    9.8100e-18    6.8175e-18    1.9162e-17
3028.89014    1.5856e-17    1.1157e-17    3.0539e-17
3034.79004    8.0229e-18    5.5468e-18    1.5761e-17
3040.70117    9.5817e-18    6.6259e-18    1.8819e-17
3046.62402    5.9628e-17    5.2242e-17    8.2709e-17
3052.55811    6.9828e-18    4.8530e-18    1.3638e-17
3058.50391    6.7236e-18    4.6746e-18    1.3127e-17
3064.46143    4.7062e-17    4.1303e-17    6.5057e-17
3070.43018    3.7505e-17    2.7760e-17    6.7957e-17
3076.41064    5.8832e-17    4.7271e-17    9.4962e-17
3082.40332    1.2354e-17    9.0419e-18    2.2706e-17
3088.40698    9.2926e-18    6.5550e-18    1.7848e-17
3094.42261    3.5896e-17    3.4573e-17    4.0031e-17
3100.44971    7.3780e-18    5.1587e-18    1.4313e-17
3106.48901    1.5252e-17    1.0869e-17    2.8950e-17
3112.53979    8.4612e-18    5.8606e-18    1.6588e-17
3118.60229    8.0761e-18    5.6044e-18    1.5800e-17
3124.67676    5.2924e-19    3.6178e-19    1.0525e-18
3130.76318    9.1511e-18    6.8188e-18    1.6440e-17
3136.86133    2.3300e-18    1.6046e-18    4.5968e-18
3142.97119    2.5795e-17    2.8223e-17    1.8208e-17
3149.09302    1.1539e-17    8.5270e-18    2.0953e-17
3155.22681    5.2602e-18    3.6827e-18    1.0190e-17
3161.37256    8.7059e-17    1.0272e-16    3.8109e-17
3167.53027    5.8078e-17    7.0177e-17    2.0267e-17
3173.70020    8.4485e-20    5.7839e-20    1.6775e-19
3179.88184    5.1232e-17    4.8276e-17    6.0469e-17
3186.07568    1.0293e-16    1.2448e-16    3.5557e-17
3192.28149    9.5150e-17    1.0730e-16    5.7174e-17
3198.49951    6.0935e-17    7.6603e-17    1.1973e-17
3204.72949    1.4273e-17    1.0495e-17    2.6079e-17
3210.97168    8.4657e-17    9.9791e-17    3.7364e-17
3217.22607    3.2449e-19    2.2578e-19    6.3297e-19
3223.49268    6.1486e-18    4.2395e-18    1.2114e-17
3229.77148    8.8044e-17    9.0582e-17    8.0110e-17
3236.06226    8.5952e-18    6.9222e-18    1.3823e-17
3242.36572    3.2705e-17    2.8640e-17    4.5408e-17
3248.68115    6.0920e-17    5.1567e-17    9.0148e-17
3255.00879    1.1548e-16    1.1101e-16    1.2944e-16
3261.34912    4.6868e-17    4.5820e-17    5.0144e-17
3267.70093    2.9090e-17    2.1392e-17    5.3146e-17
3274.06616    1.1113e-18    8.7443e-19    1.8513e-18
3280.44336    1.8878e-16    1.9047e-16    1.8350e-16
3286.83301    5.1524e-17    4.6009e-17    6.8758e-17
3293.23535    4.7854e-17    4.2251e-17    6.5361e-17
3299.64990    3.6316e-17    3.1069e-17    5.2713e-17
3306.07690    5.3362e-17    4.8098e-17    6.9812e-17
3312.51660    4.6068e-17    4.1433e-17    6.0551e-17
3318.96875    7.3418e-18    5.0826e-18    1.4402e-17
3325.43359    1.2821e-17    9.1909e-18    2.4163e-17
3331.91064    9.0823e-19    6.1595e-19    1.8216e-18
3338.40063    1.7443e-17    1.2377e-17    3.3277e-17
3344.90332    5.1613e-19    3.5096e-19    1.0323e-18
3351.41846    8.6189e-20    5.8452e-20    1.7287e-19
3357.94629    3.3551e-17    2.6525e-17    5.5509e-17
3364.48682    1.4836e-17    1.1479e-17    2.5327e-17
3371.04004    1.9338e-17    1.3623e-17    3.7199e-17
3377.60645    3.1523e-18    2.1717e-18    6.2168e-18
3384.18481    1.2707e-17    9.1115e-18    2.3945e-17
3390.77686    1.1733e-17    8.2172e-18    2.2718e-17
3397.38159    2.3571e-18    1.6049e-18    4.7076e-18
3403.99902    8.9431e-19    6.0682e-19    1.7927e-18
3410.62915    4.4408e-18    3.1542e-18    8.4617e-18
3417.27271    1.6088e-17    1.1679e-17    2.9867e-17
3423.92847    3.1536e-18    2.1351e-18    6.3365e-18
3430.59766    5.5316e-18    3.8158e-18    1.0894e-17
3437.27979    2.6389e-17    2.1397e-17    4.1989e-17
3443.97534    2.4102e-18    1.6365e-18    4.8280e-18
3450.68359    2.6072e-17    1.9915e-17    4.5314e-17
3457.40479    2.3793e-17    1.7022e-17    4.4953e-17
3464.13916    5.3611e-18    3.6914e-18    1.0579e-17
3470.88647    5.0185e-18    3.5241e-18    9.6886e-18
3477.64697    1.9808e-17    1.4859e-17    3.5273e-17
3484.42090    1.5164e-17    1.0588e-17    2.9464e-17
3491.20776    8.8414e-18    6.3633e-18    1.6586e-17
3498.00781    1.0827e-17    7.7318e-18    2.0500e-17
3504.82129    5.9466e-18    4.0881e-18    1.1754e-17
3511.64771    4.4489e-19    3.0112e-19    8.9416e-19
3518.48804    4.5180e-18    3.1215e-18    8.8824e-18
3525.34131    5.7966e-18    3.9394e-18    1.1601e-17
3532.20776    4.1044e-18    2.7702e-18    8.2740e-18
3539.08813    3.9850e-18    2.7101e-18    7.9689e-18
3545.98145    7.8184e-19    5.2915e-19    1.5715e-18
3552.88818    6.6873e-18    4.5643e-18    1.3322e-17
3559.80884    3.1497e-18    2.1352e-18    6.3203e-18
3566.74292    3.2704e-18    2.3298e-18    6.2100e-18
3573.68994    2.7951e-19    3.2377e-19    1.4118e-19
3580.65112    8.5113e-20    5.7541e-20    1.7128e-19
3587.62500    2.5442e-18    2.3620e-18    3.1134e-18
3594.61304    1.4764e-19    9.9802e-20    2.9716e-19
3601.61499    5.7610e-19    3.8988e-19    1.1580e-18
3608.63013    3.1405e-19    2.1225e-19    6.3215e-19
3615.65894    9.9837e-19    6.7630e-19    2.0049e-18
3622.70166    1.8510e-17    1.3112e-17    3.5378e-17
3629.75806    2.8500e-19    2.9825e-19    2.4360e-19
3636.82837    1.3003e-18    8.8305e-19    2.6042e-18
3643.91138    1.2064e-17    8.8181e-18    2.2208e-17
3651.00928    2.7088e-20    1.8315e-20    5.4504e-20
3658.12085    2.0986e-17    1.7768e-17    3.1045e-17
3665.24609    3.0846e-20    2.0896e-20    6.1940e-20
3672.38525    6.2294e-20    4.1946e-20    1.2588e-19
3679.53857    2.8920e-19    1.9127e-19    5.9526e-19
3686.70557    5.9804e-19    4.2768e-19    1.1304e-18
3693.88647    1.4243e-19    9.6731e-20    2.8526e-19
3701.08154    1.2110e-18    8.3079e-19    2.3993e-18
3708.29053    1.5268e-19    1.0388e-19    3.0518e-19
3715.51343    4.6052e-19    2.9606e-19    9.7449e-19
3722.75049    9.1048e-19    6.1421e-19    1.8363e-18
3730.00171    4.0907e-18    2.7728e-18    8.2093e-18
3737.26709    5.3956e-20    5.0677e-20    6.4205e-20
3744.54639    8.1216e-19    5.6119e-19    1.5964e-18
3751.84009    8.4765e-18    5.9782e-18    1.6284e-17
3759.14795    6.5578e-18    4.4857e-18    1.3033e-17
3766.47021    1.8348e-17    1.3871e-17    3.2341e-17
3773.80664    2.5325e-20    1.7452e-20    4.9931e-20
3781.15723    6.5380e-18    4.6296e-18    1.2502e-17
3788.52197    4.6257e-19    3.1330e-19    9.2906e-19
3795.90137    3.2408e-19    2.1291e-19    6.7150e-19
3803.29492    1.5858e-19    1.0623e-19    3.2218e-19
3810.70312    1.8287e-18    1.2395e-18    3.6700e-18
3818.12549    4.2887e-20    2.4183e-20    1.0134e-19
3825.56250    1.9756e-17    1.6395e-17    3.0259e-17
3833.01416    1.9003e-19    1.3186e-19    3.7182e-19
3840.47998    3.0544e-20    2.1690e-20    5.8212e-20
3847.96045    1.8220e-18    1.2346e-18    3.6577e-18
3855.45557    3.7747e-20    2.6264e-20    7.3634e-20
3862.96533    1.1440e-19    7.7362e-20    2.3014e-19
3870.48950    8.5359e-18    6.3783e-18    1.5278e-17
3878.02832    6.1874e-20    4.2197e-20    1.2336e-19
3885.58203    6.7688e-20    4.5646e-20    1.3657e-19
3893.15039    5.2930e-19    3.5918e-19    1.0609e-18
3900.73340    2.1816e-19    1.4708e-19    4.4031e-19
3908.33154    4.4151e-18    3.0832e-18    8.5773e-18
3915.94409    6.0808e-18    4.1684e-18    1.2057e-17
3923.57153    2.0207e-19    1.3601e-19    4.0851e-19
3931.21387    8.6565e-18    6.1437e-18    1.6509e-17
3938.87109    3.6395e-17    2.7136e-17    6.5329e-17
3946.54346    9.6667e-18    6.7265e-18    1.8855e-17
3954.23047    1.9035e-19    1.2814e-19    3.8475e-19
3961.93262    2.9324e-18    1.9022e-18    6.1519e-18
3969.64941    1.6321e-18    1.5969e-18    1.7420e-18
3977.38159    1.0933e-17    8.5256e-18    1.8455e-17
3985.12866    3.0221e-18    2.0466e-18    6.0706e-18
3992.89111    1.9603e-18    1.3254e-18    3.9443e-18
4000.66846    9.3116e-18    6.8793e-18    1.6913e-17
4008.46094    8.3096e-19    5.5788e-19    1.6844e-18
4016.26880    2.4686e-19    1.6593e-19    4.9980e-19
4024.09155    2.5665e-18    1.7371e-18    5.1583e-18
4031.92969    1.7445e-19    1.2659e-19    3.2402e-19
4039.78320    5.4255e-20    3.6482e-20    1.0980e-19
4047.65186    2.8394e-20    1.9156e-20    5.7264e-20
4055.53589    6.3883e-19    4.2868e-19    1.2956e-18
4063.43506    2.8960e-18    1.9554e-18    5.8355e-18
4071.35010    6.2108e-19    4.1760e-19    1.2570e-18
4079.28027    1.5227e-18    1.0265e-18    3.0733e-18
4087.22607    5.8044e-19    3.9130e-19    1.1715e-18
4095.18701    3.4284e-19    2.3036e-19    6.9437e-19
4103.16357    2.3884e-19    1.6033e-19    4.8420e-19
4111.15576    8.9763e-19    6.0328e-19    1.8175e-18
4119.16357    3.1875e-18    2.2259e-18    6.1924e-18
4127.18652    3.1391e-18    2.4239e-18    5.3740e-18
4135.22559    8.5206e-19    5.7690e-19    1.7119e-18
4143.28027    3.4261e-19    2.1982e-19    7.2634e-19
4151.35059    2.8151e-19    1.8894e-19    5.7082e-19
4159.43652    4.5327e-19    3.0473e-19    9.1748e-19
4167.53857    2.1212e-19    1.4185e-19    4.3171e-19
4175.65625    3.2248e-17    2.6774e-17    4.9356e-17
4183.78906    7.4216e-19    4.9886e-19    1.5025e-18
4191.93848    4.1123e-20    2.7584e-20    8.3434e-20
4200.10352    2.3048e-19    1.5459e-19    4.6762e-19
4208.28418    3.8182e-19    2.6100e-19    7.5940e-19
4216.48145    3.7888e-20    2.5434e-20    7.6807e-20
4224.69434    1.7165e-19    1.1818e-19    3.3873e-19
4232.92334    3.5666e-17    3.8728e-17    2.6098e-17
4241.16846    2.0800e-18    1.3913e-18    4.2322e-18
4249.42920    1.5903e-18    1.6640e-18    1.3599e-18
4257.70605    2.7379e-18    1.8831e-18    5.4091e-18
4265.99902    5.3298e-20    3.8353e-20    1.0000e-19
4274.30859    6.7264e-18    4.7738e-18    1.2828e-17
4282.63428    1.0128e-19    6.7954e-20    2.0543e-19
4290.97607    2.0868e-18    1.3973e-18    4.2418e-18
4299.33398    2.2907e-17    1.9152e-17    3.4641e-17
4307.70801    4.0092e-19    2.6990e-19    8.1033e-19
4316.09863    6.0335e-18    4.2860e-18    1.1495e-17
4324.50586    1.2647e-18    8.4602e-19    2.5732e-18
4332.92920    1.4176e-17    1.1988e-17    2.1012e-17
4341.36914    6.6638e-18    4.7312e-18    1.2703e-17
4349.82520    2.2686e-17    2.1863e-17    2.5260e-17
4358.29785    4.6577e-18    3.1139e-18    9.4822e-18
4366.78662    1.6496e-18    1.1276e-18    3.2810e-18
4375.29199    2.9216e-17    2.9189e-17    2.9299e-17
4383.81445    2.0361e-17    1.6318e-17    3.2996e-17
4392.35352    1.8732e-20    1.2387e-20    3.8559e-20
4400.90869    1.0328e-17    7.8320e-18    1.8128e-17
4409.48047    2.7429e-17    2.4346e-17    3.7061e-17
4418.06934    1.4362e-17    1.1865e-17    2.2164e-17
4426.67480    4.0124e-20    2.6877e-20    8.1522e-20
4435.29736    3.2438e-18    2.2462e-18    6.3612e-18
4443.93652    4.3168e-19    2.8910e-19    8.7723e-19
4452.59277    3.2849e-18    2.1963e-18    6.6867e-18
4461.26562    1.2170e-18    8.1482e-19    2.4738e-18
4469.95508    1.0060e-17    7.0815e-18    1.9366e-17
4478.66162    6.0108e-19    3.9886e-19    1.2330e-18
4487.38477    2.3557e-17    1.8436e-17    3.9559e-17
4496.12549    5.3827e-20    3.6131e-20    1.0913e-19
4504.88281    1.7906e-17    1.6065e-17    2.3659e-17
4513.65771    8.6499e-18    6.3987e-18    1.5685e-17
4522.44922    4.0132e-17    3.5752e-17    5.3820e-17
4531.25830    3.6825e-18    2.5724e-18    7.1517e-18
4540.08447    1.4238e-17    1.1955e-17    2.1373e-17
4548.92773    2.2874e-17    2.2287e-17    2.4705e-17
4557.78809    1.3242e-17    1.0291e-17    2.2465e-17
4566.66602    4.6164e-20    3.0858e-20    9.3995e-20
4575.56055    1.8663e-17    1.6453e-17    2.5572e-17
4584.47314    3.4436e-17    3.3339e-17    3.7863e-17
4593.40283    5.4821e-18    3.8475e-18    1.0591e-17
4602.34961    2.8964e-19    1.9367e-19    5.8956e-19
4611.31445    1.5119e-19    1.0107e-19    3.0781e-19
4620.29590    2.0040e-17    1.7359e-17    2.8418e-17
4629.29590    2.7129e-17    2.3557e-17    3.8289e-17
4638.31250    2.0556e-19    1.3727e-19    4.1895e-19
4647.34668    4.8281e-18    3.4107e-18    9.2577e-18
4656.39941    2.2148e-19    1.4854e-19    4.4945e-19
4665.46875    8.7900e-18    6.3747e-18    1.6338e-17
4674.55664    8.7551e-19    5.8810e-19    1.7737e-18
4683.66113    5.3892e-20    3.5918e-20    1.1006e-19
4692.78418    2.0296e-20    1.3553e-20    4.1368e-20
4701.92480    2.3411e-20    1.5628e-20    4.7734e-20
4711.08301    8.0758e-20    4.6742e-20    1.8706e-19
4720.25977    2.1040e-19    1.4069e-19    4.2822e-19
4729.45361    1.2015e-18    8.1023e-19    2.4242e-18
4738.66602    5.3018e-19    3.5470e-19    1.0785e-18
4747.89551    1.1012e-19    7.3548e-20    2.2440e-19
4757.14355    1.6378e-19    1.0935e-19    3.3388e-19
4766.41016    3.3349e-21    2.2258e-21    6.8011e-21
4775.69385    2.1466e-19    1.4303e-19    4.3852e-19
4784.99609    9.7246e-22    6.4793e-22    1.9866e-21
4794.31641    3.3007e-20    2.1969e-20    6.7502e-20
4803.65430    3.3563e-20    2.2370e-20    6.8543e-20
4813.01074    5.1748e-19    3.4497e-19    1.0566e-18
4822.38574    2.1357e-18    1.4256e-18    4.3547e-18
4831.77930    1.5500e-18    1.0365e-18    3.1549e-18
4841.19043    1.1656e-18    7.8222e-19    2.3635e-18
4850.62012    4.6793e-19    3.1222e-19    9.5454e-19
4860.06836    2.2742e-19    1.5206e-19    4.6290e-19
4869.53467    2.6939e-18    1.8006e-18    5.4857e-18
4879.01953    2.6124e-19    1.7370e-19    5.3479e-19
4888.52295    4.4301e-19    2.9490e-19    9.0586e-19
4898.04492    6.1486e-19    4.0990e-19    1.2554e-18
4907.58545    8.5508e-19    5.6940e-19    1.7478e-18
4917.14453    2.3258e-20    1.5465e-20    4.7612e-20
4926.72168    4.5617e-17    4.7988e-17    3.8208e-17
4936.31836    2.9323e-20    1.9522e-20    5.9951e-20
4945.93311    4.6179e-19    3.0736e-19    9.4441e-19
4955.56689    5.6675e-19    3.7785e-19    1.1571e-18
4965.21973    2.3456e-20    1.5605e-20    4.7992e-20
4974.89062    4.3487e-19    2.8914e-19    8.9026e-19
4984.58105    9.3228e-20    6.2025e-20    1.9074e-19
4994.29004    1.2885e-18    8.6128e-19    2.6235e-18
5004.01758    5.9129e-19    3.9324e-19    1.2102e-18
5013.76465    5.9727e-17    6.3928e-17    4.6598e-17
5023.53027    3.7084e-19    2.9737e-19    6.0047e-19
5033.31543    3.3599e-20    2.2349e-20    6.8757e-20
5043.11914    5.2299e-19    3.4644e-19    1.0747e-18
5052.94238    2.9454e-19    1.9503e-19    6.0552e-19
5062.78418    4.2611e-19    2.8346e-19    8.7191e-19
5072.64551    1.0732e-18    7.1406e-19    2.1954e-18
5082.52637    9.0775e-20    6.0473e-20    1.8547e-19
5092.42578    1.6082e-19    1.0697e-19    3.2907e-19
5102.34473    2.4234e-18    1.6299e-18    4.9032e-18
5112.28320    5.1115e-19    3.3945e-19    1.0477e-18
5122.24121    4.7079e-19    3.1358e-19    9.6209e-19
5132.21777    1.9635e-18    1.3093e-18    4.0078e-18
5142.21484    7.6972e-19    5.1493e-19    1.5660e-18
5152.23047    1.1806e-18    7.8735e-19    2.4094e-18
5162.26660    3.7472e-18    2.4979e-18    7.6512e-18
5172.32129    7.6544e-17    8.0708e-17    6.3530e-17
5182.39648    4.5844e-19    2.6471e-19    1.0639e-18
5192.49023    1.9900e-19    1.6300e-19    3.1150e-19
5202.60449    2.4083e-17    2.0972e-17    3.3804e-17
5212.73779    1.6658e-20    1.1071e-20    3.4118e-20
5222.89160    2.5571e-19    1.6998e-19    5.2362e-19
5233.06445    2.6142e-17    2.4067e-17    3.2624e-17
5243.25781    2.1117e-19    1.4030e-19    4.3265e-19
5253.47021    9.4865e-18    6.6916e-18    1.8221e-17
5263.70312    3.1425e-18    2.1239e-18    6.3255e-18
5273.95557    3.5757e-17    3.3681e-17    4.2246e-17
5284.22852    4.9668e-17    4.4386e-17    6.6177e-17
5294.52100    1.3031e-19    8.6492e-20    2.6723e-19
5304.83398    2.6381e-20    1.7518e-20    5.4080e-20
5315.16650    4.5035e-17    4.6282e-17    4.1137e-17
5325.51953    8.8122e-18    6.4381e-18    1.6232e-17
5335.89258    1.0146e-18    6.7608e-19    2.0725e-18
5346.28564    3.2098e-19    2.1410e-19    6.5501e-19
5356.69922    9.1661e-20    6.0861e-20    1.8791e-19
5367.13281    5.8687e-18    4.1851e-18    1.1130e-17
5377.58691    6.4523e-19    4.2807e-19    1.3239e-18
5388.06152    4.1302e-20    2.7403e-20    8.4735e-20
5398.55664    1.0350e-19    6.8699e-20    2.1227e-19
5409.07178    6.5820e-19    4.4021e-19    1.3394e-18
5419.60742    1.8231e-20    1.2213e-20    3.7035e-20
5430.16406    9.9196e-18    7.0408e-18    1.8916e-17
5440.74121    2.7669e-19    1.8373e-19    5.6721e-19
5451.33887    3.4961e-19    2.3267e-19    7.1504e-19
5461.95703    1.8490e-19    1.2284e-19    3.7887e-19
5472.59570    2.7061e-19    1.8012e-19    5.5341e-19
5483.25488    4.9974e-20    3.3147e-20    1.0256e-19
5493.93555    2.6258e-19    1.7421e-19    5.3875e-19
5504.63672    1.2535e-19    8.3140e-20    2.5726e-19
5515.35840    6.6431e-20    4.4061e-20    1.3634e-19
5526.10156    1.2353e-18    8.1798e-19    2.5395e-18
5536.86523    8.7433e-19    5.8476e-19    1.7793e-18
5547.64941    3.9450e-19    2.6174e-19    8.0938e-19
5558.45557    4.9995e-20    3.3128e-20    1.0271e-19
5569.28271    9.6104e-19    6.3617e-19    1.9763e-18
5580.12988    5.9857e-20    3.9676e-20    1.2292e-19
5590.99902    5.9153e-19    3.9165e-19    1.2161e-18
5601.88965    3.7523e-20    2.4866e-20    7.7077e-20
5612.80078    5.7895e-20    3.8363e-20    1.1893e-19
5623.73340    9.4837e-19    6.3165e-19    1.9381e-18
5634.68750    2.3891e-20    1.5833e-20    4.9074e-20
5645.66211    4.8967e-20    3.2440e-20    1.0061e-19
5656.65918    8.1925e-19    5.4728e-19    1.6692e-18
5667.67676    3.2229e-19    2.1353e-19    6.6216e-19
5678.71680    5.4597e-20    3.6213e-20    1.1205e-19
5689.77734    4.9173e-19    3.2736e-19    1.0054e-18
5700.86035    5.8162e-20    3.8572e-20    1.1938e-19
5711.96484    2.5477e-20    1.6874e-20    5.2360e-20
5723.09033    2.5715e-19    1.7072e-19    5.2724e-19
5734.23779    2.2404e-19    1.4871e-19    4.5944e-19
5745.40723    1.2917e-19    8.5556e-20    2.6546e-19
5756.59766    4.6510e-20    3.0800e-20    9.5607e-20
5767.81104    1.8655e-20    1.2354e-20    3.8348e-20
5779.04492    1.8739e-19    1.2420e-19    3.8488e-19
5790.30176    9.9343e-20    6.5809e-20    2.0414e-19
5801.58008    6.0811e-20    4.0265e-20    1.2502e-19
5812.88037    7.7724e-19    5.1705e-19    1.5903e-18
5824.20264    1.6895e-19    1.1191e-19    3.4721e-19
5835.54688    6.3336e-19    4.2101e-19    1.2970e-18
5846.91357    4.8586e-20    3.2161e-20    9.9913e-20
5858.30225    2.5683e-19    1.7006e-19    5.2800e-19
5869.71289    1.9996e-19    1.3199e-19    4.1235e-19
5881.14600    2.0167e-20    1.3295e-20    4.1642e-20
5892.60156    9.0772e-20    9.0477e-20    9.1693e-20
5904.07910    9.1473e-20    6.1858e-20    1.8402e-19
5915.57910    1.4495e-18    9.5926e-19    2.9815e-18
5927.10156    4.0229e-19    2.6645e-19    8.2680e-19
5938.64648    1.2480e-20    8.2574e-21    2.5676e-20
5950.21387    7.1318e-19    4.7485e-19    1.4580e-18
5961.80371    1.4565e-19    9.6364e-20    2.9968e-19
5973.41602    7.8887e-20    5.2242e-20    1.6215e-19
5985.05127    6.8227e-20    4.5140e-20    1.4037e-19
5996.70850    4.1144e-18    2.7432e-18    8.3996e-18
6008.38867    1.8814e-20    1.2445e-20    3.8715e-20
6020.09229    1.8944e-19    1.2536e-19    3.8968e-19
6031.81836    6.2227e-20    4.1160e-20    1.2806e-19
6043.56738    6.6024e-19    4.3663e-19    1.3591e-18
6055.33887    4.0991e-19    2.7113e-19    8.4361e-19
6067.13428    1.0786e-19    7.1336e-20    2.2199e-19
6078.95117    2.0153e-18    1.3389e-18    4.1293e-18
6090.79150    2.5299e-20    1.6731e-20    5.2075e-20
6102.65527    4.0093e-19    2.6528e-19    8.2484e-19
6114.54199    1.1716e-18    7.7695e-19    2.4048e-18
6126.45215    5.0379e-19    3.3340e-19    1.0363e-18
6138.38525    1.2372e-19    8.1824e-20    2.5463e-19
6150.34131    9.0927e-18    6.3476e-18    1.7671e-17
6162.32178    1.5559e-19    1.0295e-19    3.2008e-19
6174.32422    1.7787e-18    1.1785e-18    3.6543e-18
6186.35059    7.5519e-19    4.9924e-19    1.5551e-18
6198.40088    3.5871e-19    2.3711e-19    7.3871e-19
6210.47314    2.5611e-20    1.6930e-20    5.2741e-20
6222.57031    9.7273e-20    6.4312e-20    2.0028e-19
6234.69043    6.9073e-18    4.8205e-18    1.3429e-17
6246.83496    9.2958e-18    6.8456e-18    1.6953e-17
6259.00195    2.5505e-19    1.6854e-19    5.2538e-19
6271.19385    6.8136e-20    4.5027e-20    1.4035e-19
6283.40869    1.0826e-19    7.1575e-20    2.2291e-19
6295.64795    1.3912e-19    9.2144e-20    2.8592e-19
6307.91016    7.9214e-19    5.2388e-19    1.6304e-18
6320.19678    3.4860e-18    2.3099e-18    7.1614e-18
6332.50781    3.8362e-19    2.5343e-19    7.9047e-19
6344.84180    5.9341e-19    6.0564e-19    5.5518e-19
6357.20020    4.6580e-20    3.0773e-20    9.5977e-20
6369.58252    2.0640e-18    1.5375e-18    3.7092e-18
6381.98926    2.2920e-18    1.5151e-18    4.7196e-18
6394.42041    4.0348e-20    2.6652e-20    8.3148e-20
6406.87549    5.8111e-19    3.8741e-19    1.1864e-18
6419.35449    4.0121e-18    2.8090e-18    7.7719e-18
6431.85840    5.9014e-18    3.9684e-18    1.1942e-17
6444.38672    6.6655e-19    4.4032e-19    1.3735e-18
6456.93896    1.2854e-17    1.0083e-17    2.1514e-17
6469.51514    2.3255e-19    1.5358e-19    4.7935e-19
6482.11719    1.1008e-18    7.2698e-19    2.2689e-18
6494.74268    1.3543e-18    8.9599e-19    2.7864e-18
6507.39355    5.4435e-19    3.5954e-19    1.1219e-18
6520.06836    1.2568e-17    8.5031e-18    2.5273e-17
6532.76855    5.3281e-19    3.5176e-19    1.0986e-18
6545.49316    5.3240e-21    3.5149e-21    1.0978e-20
6558.24268    4.7625e-19    3.8582e-19    7.5882e-19
6571.01611    9.8957e-19    6.5358e-19    2.0396e-18
6583.81543    5.2589e-19    3.4719e-19    1.0843e-18
6596.63965    5.5205e-20    3.6444e-20    1.1383e-19
6609.48828    3.8263e-19    2.5264e-19    7.8883e-19
6622.36230    8.8416e-19    5.8364e-19    1.8233e-18
6635.26172    3.3699e-21    2.2241e-21    6.9506e-21
6648.18506    1.2671e-18    8.3677e-19    2.6118e-18
6661.13525    2.3993e-19    1.5837e-19    4.9480e-19
6674.10986    9.9719e-20    2.2857e-20    3.3992e-19
6687.10938    3.6132e-19    2.3845e-19    7.4529e-19
6700.13428    4.0089e-20    2.6462e-20    8.2675e-20
6713.18506    2.0123e-20    1.3402e-20    4.1127e-20
6726.26123    1.6734e-19    1.1045e-19    3.4512e-19
6739.36279    1.7033e-21    1.1241e-21    3.5132e-21
6752.48926    1.7710e-20    1.1688e-20    3.6527e-20
6765.64258    2.2812e-19    1.5055e-19    4.7051e-19
6778.82031    3.6758e-20    2.4260e-20    7.5813e-20
6792.02441    3.6331e-20    2.3978e-20    7.4934e-20
6805.25439    3.5812e-20    2.3635e-20    7.3862e-20
6818.50928    2.4837e-19    1.6392e-19    5.1226e-19
6831.78955    1.6627e-19    1.0972e-19    3.4297e-19
6845.09717    6.6332e-21    4.3782e-21    1.3680e-20
6858.43018    7.4411e-19    4.9111e-19    1.5347e-18
6871.78906    2.9409e-19    1.9408e-19    6.0662e-19
6885.17432    2.3394e-20    1.5442e-20    4.8244e-20
6898.58447    7.3214e-21    4.8321e-21    1.5100e-20
6912.02246    3.8310e-19    2.5286e-19    7.9011e-19
6925.48486    2.1209e-19    1.3998e-19    4.3744e-19
6938.97412    4.2484e-20    2.8039e-20    8.7624e-20
6952.49023    8.7426e-20    5.7715e-20    1.8027e-19
6966.03271    2.2213e-20    1.4659e-20    4.5819e-20
6979.60059    5.1275e-20    3.3841e-20    1.0576e-19
6993.19629    1.0964e-19    7.2362e-20    2.2612e-19
