1000.97394    7.1578e-17    6.3186e-17    8.4145e-17
1002.92358    1.1541e-17    1.0056e-17    1.3764e-17
1004.87708    1.6205e-17    1.4158e-17    1.9271e-17
1006.83441    1.1899e-17    1.0523e-17    1.3959e-17
1008.79553    1.8394e-17    1.6298e-17    2.1534e-17
1010.76050    2.0432e-19    1.7414e-19    2.4952e-19
1012.72925    6.4523e-18    5.7019e-18    7.5760e-18
1014.70178    1.7723e-17    1.6563e-17    1.9461e-17
1016.67822    1.6447e-17    1.4987e-17    1.8634e-17
1018.65857    1.0114e-17    9.7942e-18    1.0593e-17
1020.64270    1.6119e-17    1.6493e-17    1.5558e-17
1022.63074    1.2975e-17    1.4237e-17    1.1085e-17
1024.62256    4.6135e-19    7.1624e-19    7.9647e-20
1026.61841    1.6308e-20    2.5515e-20    2.5195e-21
1028.61792    5.3884e-18    6.8045e-18    3.2679e-18
1030.62158    6.5257e-17    7.3877e-17    5.2350e-17
1032.62891    9.0435e-17    1.2007e-16    4.6061e-17
1034.64038    2.8575e-17    2.7475e-17    3.0222e-17
1036.65564    4.1261e-18    6.8595e-18    3.2930e-20
1038.67480    7.4526e-19    8.6554e-19    5.6515e-19
1040.69800    4.0098e-19    6.5150e-19    2.5832e-20
1042.72510    5.9589e-18    5.6560e-18    6.4125e-18
1044.75610    5.9598e-18    5.1842e-18    7.1212e-18
1046.79102    3.5619e-18    3.1204e-18    4.2230e-18
1048.83008    3.7657e-19    3.5506e-19    4.0877e-19
1050.87292    2.4861e-17    2.7660e-17    2.0670e-17
1052.91980    1.8420e-18    1.5620e-18    2.2613e-18
1054.97070    2.3384e-16    3.8251e-16    1.1212e-17
1057.02563    2.1193e-17    1.7908e-17    2.6113e-17
1059.08447    1.3981e-16    1.9825e-16    5.2278e-17
1061.14734    2.1063e-16    3.3027e-16    3.1471e-17
1063.21436    7.3610e-16    1.1749e-15    7.9004e-17
1065.28516    1.0534e-16    1.5703e-16    2.7950e-17
1067.36011    8.6633e-16    1.3600e-15    1.2704e-16
1069.43921    3.2042e-16    4.8252e-16    7.7680e-17
1071.52222    3.9195e-16    6.2854e-16    3.7670e-17
1073.60938    7.7808e-16    1.2269e-15    1.0602e-16
1075.70056    5.4106e-16    8.6108e-16    6.1846e-17
1077.79590    2.7284e-16    4.1766e-16    5.5961e-17
1079.89514    6.6274e-18    5.7373e-18    7.9603e-18
1081.99854    4.3019e-16    6.6302e-16    8.1538e-17
1084.10608    4.8163e-16    6.1710e-16    2.7878e-16
1086.21777    6.8281e-18    5.8007e-18    8.3666e-18
1088.33350    4.3204e-16    6.3932e-16    1.2163e-16
1090.45337    3.8502e-16    5.3272e-16    1.6384e-16
1092.57727    2.3285e-16    3.3439e-16    8.0802e-17
1094.70532    3.3346e-16    4.6104e-16    1.4242e-16
1096.83765    3.8753e-16    5.1785e-16    1.9238e-16
1098.97412    5.4135e-16    6.6784e-16    3.5194e-16
1101.11475    4.2953e-16    5.7728e-16    2.0829e-16
1103.25952    2.2364e-17    2.5029e-17    1.8374e-17
1105.40845    1.0961e-16    1.4268e-16    6.0106e-17
1107.56152    1.7872e-16    2.2226e-16    1.1352e-16
1109.71887    7.6975e-17    8.9979e-17    5.7503e-17
1111.88037    2.8481e-16    4.2372e-16    7.6797e-17
1114.04614    8.0065e-17    1.0386e-16    4.4433e-17
1116.21606    2.1166e-16    2.8008e-16    1.0919e-16
1118.39014    3.2027e-17    2.8913e-17    3.6691e-17
1120.56860    2.3274e-17    2.2124e-17    2.4995e-17
1122.75122    7.5888e-16    1.1843e-15    1.2176e-16
1124.93811    5.1678e-16    7.0956e-16    2.2809e-16
1127.12927    1.0237e-15    1.5461e-15    2.4143e-16
1129.32471    5.7686e-16    7.8949e-16    2.5846e-16
1131.52441    2.2423e-16    3.5327e-16    3.0986e-17
1133.72839    5.2337e-16    8.0488e-16    1.0181e-16
1135.93665    3.8642e-17    4.1677e-17    3.4097e-17
1138.14917    4.4615e-16    5.8935e-16    2.3172e-16
1140.36621    3.3277e-16    3.4701e-16    3.1144e-16
1142.58740    1.0300e-15    1.5567e-15    2.4119e-16
1144.81299    1.1676e-15    1.8055e-15    2.1239e-16
1147.04272    1.3148e-15    1.9816e-15    3.1626e-16
1149.27698    1.4345e-15    2.0767e-15    4.7288e-16
1151.51562    1.3219e-15    1.9487e-15    3.8334e-16
1153.75854    8.6562e-16    1.2015e-15    3.6273e-16
1156.00586    4.0890e-17    4.3045e-17    3.7662e-17
1158.25745    2.0870e-16    2.0429e-16    2.1531e-16
1160.51355    3.3834e-16    3.0947e-16    3.8157e-16
1162.77393    2.6451e-17    3.2963e-17    1.6700e-17
1165.03882    4.7544e-17    4.5223e-17    5.1020e-17
1167.30811    4.7137e-17    4.6368e-17    4.8288e-17
1169.58179    1.7245e-16    1.7780e-16    1.6444e-16
1171.85986    1.7116e-16    1.5986e-16    1.8808e-16
1174.14246    2.4608e-16    2.4653e-16    2.4540e-16
1176.42944    1.6776e-16    1.8858e-16    1.3659e-16
1178.72095    5.4158e-17    5.1651e-17    5.7911e-17
1181.01685    5.6809e-17    5.4915e-17    5.9645e-17
1183.31714    1.1589e-16    1.2399e-16    1.0377e-16
1185.62207    8.4079e-17    8.6896e-17    7.9859e-17
1187.93140    1.1425e-16    1.0990e-16    1.2077e-16
1190.24536    2.1585e-17    2.9917e-17    9.1079e-18
1192.56372    9.6722e-17    1.0762e-16    8.0397e-17
1194.88647    1.0318e-17    1.3589e-17    5.4184e-18
1197.21387    7.1139e-17    1.0240e-16    2.4331e-17
1199.54590    4.7442e-17    7.5502e-17    5.4218e-18
1201.88232    2.6348e-17    3.9583e-17    6.5295e-18
1204.22339    8.0589e-17    9.9735e-17    5.1918e-17
1206.56897    4.7685e-16    6.7649e-16    1.7790e-16
1208.91919    2.5260e-16    3.7600e-16    6.7800e-17
1211.27393    2.5549e-16    3.9069e-16    5.3025e-17
1213.63330    1.7431e-16    2.8357e-16    1.0683e-17
1215.99719    3.7197e-18    5.6545e-18    8.2245e-19
1218.36572    7.7967e-16    1.2372e-15    9.4589e-17
1220.73877    8.6882e-17    1.3513e-16    1.4638e-17
1223.11658    6.1768e-17    8.3705e-17    2.8918e-17
1225.49902    1.5367e-17    1.9973e-17    8.4699e-18
1227.88599    2.6381e-17    3.3352e-17    1.5942e-17
1230.27771    8.7103e-18    1.0114e-17    6.6086e-18
1232.67407    2.0331e-17    2.5315e-17    1.2866e-17
1235.07507    8.3192e-17    8.8198e-17    7.5695e-17
1237.48071    6.7138e-17    7.0502e-17    6.2100e-17
1239.89111    7.5312e-17    8.1706e-17    6.5737e-17
1242.30615    5.8685e-17    6.2133e-17    5.3520e-17
1244.72595    1.9202e-17    1.9105e-17    1.9346e-17
1247.15039    6.1204e-18    6.8572e-18    5.0171e-18
1249.57959    3.6171e-17    3.5754e-17    3.6796e-17
1252.01355    2.3577e-17    2.3445e-17    2.3775e-17
1254.45215    7.1901e-17    7.1378e-17    7.2684e-17
1256.89563    4.3211e-17    3.9298e-17    4.9072e-17
1259.34375    5.8880e-17    5.8780e-17    5.9029e-17
1261.79675    3.0998e-17    3.1263e-17    3.0601e-17
1264.25452    6.4760e-17    6.8483e-17    5.9183e-17
1266.71704    2.5288e-16    3.3866e-16    1.2443e-16
1269.18433    6.5283e-17    5.7848e-17    7.6416e-17
1271.65649    9.5229e-17    1.0493e-16    8.0699e-17
1274.13342    8.1044e-17    7.8950e-17    8.4179e-17
1276.61523    6.3355e-17    7.3512e-17    4.8144e-17
1279.10181    3.4484e-17    3.1108e-17    3.9540e-17
1281.59326    3.6839e-17    3.2350e-17    4.3560e-17
1284.08960    1.2863e-17    1.1301e-17    1.5202e-17
1286.59070    5.7796e-17    5.0529e-17    6.8679e-17
1289.09668    2.0353e-16    1.7930e-16    2.3982e-16
1291.60767    8.4458e-17    7.4518e-17    9.9342e-17
1294.12341    1.1129e-16    9.7339e-17    1.3218e-16
1296.64404    2.2068e-16    2.0715e-16    2.4094e-16
1299.16968    1.6384e-16    1.4690e-16    1.8920e-16
1301.70020    7.1470e-18    7.7073e-18    6.3080e-18
1304.23572    3.6016e-17    4.4121e-17    2.3879e-17
1306.77612    3.5362e-17    3.3017e-17    3.8873e-17
1309.32141    4.8459e-18    5.8215e-18    3.3849e-18
1311.87183    1.8081e-17    1.5935e-17    2.1294e-17
1314.42700    6.8464e-17    6.0550e-17    8.0315e-17
1316.98730    2.6287e-17    2.2631e-17    3.1761e-17
1319.55249    6.4283e-17    5.5153e-17    7.7956e-17
1322.12280    1.7719e-16    1.5870e-16    2.0487e-16
1324.69800    1.8123e-17    1.9587e-17    1.5930e-17
1327.27820    2.8991e-17    2.4767e-17    3.5316e-17
1329.86353    1.2827e-16    1.0970e-16    1.5607e-16
1332.45386    1.6494e-16    1.4222e-16    1.9895e-16
1335.04919    2.1685e-18    2.8199e-18    1.1931e-18
1337.64966    1.8013e-17    1.6475e-17    2.0315e-17
1340.25513    8.1538e-17    6.9164e-17    1.0007e-16
1342.86560    1.1884e-17    1.0084e-17    1.4580e-17
1345.48120    4.8355e-17    4.0942e-17    5.9455e-17
1348.10205    2.1950e-18    1.8778e-18    2.6700e-18
1350.72778    4.2530e-17    3.6390e-17    5.1724e-17
1353.35876    3.8567e-17    3.2574e-17    4.7542e-17
1355.99487    2.4841e-17    2.3001e-17    2.7596e-17
1358.63611    3.4651e-17    3.5231e-17    3.3782e-17
1361.28247    2.9876e-16    2.6880e-16    3.4363e-16
1363.93396    1.6097e-16    1.3919e-16    1.9357e-16
1366.59058    1.2117e-16    1.0167e-16    1.5038e-16
1369.25244    1.6229e-16    1.4150e-16    1.9342e-16
1371.91956    1.2275e-16    1.0486e-16    1.4954e-16
1374.59180    1.1573e-16    1.0716e-16    1.2856e-16
1377.26929    2.0792e-16    1.8674e-16    2.3964e-16
1379.95190    8.6065e-17    7.4186e-17    1.0385e-16
1382.63965    9.3879e-17    7.8828e-17    1.1642e-16
1385.33276    2.6853e-17    2.2531e-17    3.3325e-17
1388.03125    8.0296e-17    6.7025e-17    1.0017e-16
1390.73486    3.5207e-17    3.0094e-17    4.2864e-17
1393.44360    1.2827e-16    1.1018e-16    1.5536e-16
1396.15784    7.0834e-17    5.9322e-17    8.8074e-17
1398.87720    5.8621e-16    7.0429e-16    4.0939e-16
1401.60205    6.1349e-16    6.3709e-16    5.7817e-16
1404.33203    7.4314e-17    6.2719e-17    9.1679e-17
1407.06738    2.0557e-17    1.7259e-17    2.5496e-17
1409.80811    4.6239e-17    3.8870e-17    5.7275e-17
1412.55420    9.8568e-17    9.0943e-17    1.0999e-16
1415.30554    9.5327e-16    8.1290e-16    1.1635e-15
1418.06213    2.0833e-16    1.7761e-16    2.5432e-16
1420.82446    2.3829e-17    2.0366e-17    2.9016e-17
1423.59180    5.7003e-17    6.3608e-17    4.7114e-17
1426.36475    1.8158e-17    2.1467e-17    1.3202e-17
1429.14307    5.9444e-17    5.3263e-17    6.8699e-17
1431.92676    9.7658e-17    9.2086e-17    1.0600e-16
1434.71582    4.2822e-17    4.4838e-17    3.9804e-17
1437.51038    4.2803e-16    3.6554e-16    5.2160e-16
1440.31030    1.3608e-16    1.1810e-16    1.6301e-16
1443.11572    1.1361e-16    1.0200e-16    1.3098e-16
1445.92676    4.9251e-17    4.5055e-17    5.5535e-17
1448.74316    2.5954e-17    2.3799e-17    2.9180e-17
1451.56494    3.4627e-17    2.9232e-17    4.2705e-17
1454.39233    6.9090e-17    6.2345e-17    7.9191e-17
1457.22522    1.7200e-17    1.4455e-17    2.1311e-17
1460.06360    3.7384e-17    3.1586e-17    4.6067e-17
1462.90747    2.1839e-17    1.8525e-17    2.6802e-17
1465.75696    5.0131e-17    4.1949e-17    6.2383e-17
1468.61206    4.2818e-17    3.6893e-17    5.1691e-17
1471.47253    2.2648e-17    2.0414e-17    2.5994e-17
1474.33862    2.9451e-16    2.5587e-16    3.5238e-16
1477.21045    6.8719e-17    5.7571e-17    8.5413e-17
1480.08777    2.0834e-16    1.7364e-16    2.6029e-16
1482.97058    5.0166e-17    4.4183e-17    5.9126e-17
1485.85913    1.9503e-17    1.7835e-17    2.1999e-17
1488.75342    9.6428e-17    8.0671e-17    1.2002e-16
1491.65332    2.9033e-17    2.5015e-17    3.5050e-17
1494.55859    1.5492e-17    1.3097e-17    1.9078e-17
1497.46985    1.4807e-17    1.2352e-17    1.8483e-17
1500.38647    1.5942e-17    1.3375e-17    1.9786e-17
1503.30896    5.5852e-17    4.6531e-17    6.9810e-17
1506.23706    1.0032e-16    8.3555e-17    1.2543e-16
1509.17090    2.4223e-16    2.0316e-16    3.0074e-16
1512.11060    2.8932e-16    2.4314e-16    3.5848e-16
1515.05591    3.2154e-17    2.7669e-17    3.8871e-17
1518.00684    4.9447e-18    4.3228e-18    5.8761e-18
1520.96362    1.8930e-16    1.6460e-16    2.2629e-16
1523.92627    1.6837e-17    1.8039e-17    1.5038e-17
1526.89453    6.6647e-18    9.4013e-18    2.5667e-18
1529.86865    3.0242e-18    2.5357e-18    3.7557e-18
1532.84839    2.8994e-18    2.9970e-18    2.7534e-18
1535.83411    9.6928e-17    8.8185e-17    1.1002e-16
1538.82568    8.4483e-17    7.0484e-17    1.0544e-16
1541.82300    4.1440e-17    3.5071e-17    5.0977e-17
1544.82617    5.5085e-18    4.6442e-18    6.8029e-18
1547.83521    2.7891e-16    2.4640e-16    3.2760e-16
1550.85010    4.7264e-17    6.2268e-17    2.4794e-17
1553.87085    7.8447e-18    6.5690e-18    9.7550e-18
1556.89746    3.9152e-17    4.1175e-17    3.6124e-17
1559.92993    1.6392e-16    2.6829e-16    7.6193e-18
1562.96863    1.5078e-16    2.4261e-16    1.3268e-17
1566.01282    2.4337e-17    3.3427e-17    1.0725e-17
1569.06311    2.1789e-16    3.4151e-16    3.2788e-17
1572.11938    7.3738e-17    1.1189e-16    1.6602e-17
1575.18152    2.0015e-16    3.1608e-16    2.6534e-17
1578.24963    1.0503e-16    1.3591e-16    5.8793e-17
1581.32373    8.3026e-17    1.2871e-16    1.4612e-17
1584.40381    5.3774e-17    8.4246e-17    8.1411e-18
1587.48999    6.9018e-17    1.0122e-16    2.0791e-17
1590.58215    6.7220e-18    5.8169e-18    8.0774e-18
1593.68018    9.9261e-18    8.2909e-18    1.2375e-17
1596.78442    1.1524e-17    9.6203e-18    1.4375e-17
1599.89465    4.0648e-17    3.4723e-17    4.9521e-17
1603.01086    2.9885e-17    4.1681e-17    1.2220e-17
1606.13330    6.7868e-17    6.1693e-17    7.7114e-17
1609.26172    4.3817e-16    6.9566e-16    5.2592e-17
1612.39636    1.1914e-16    1.8474e-16    2.0896e-17
1615.53674    4.3355e-18    4.0060e-18    4.8288e-18
1618.68347    3.8994e-16    5.9785e-16    7.8592e-17
1621.83630    4.9685e-16    7.5332e-16    1.1279e-16
1624.99548    1.9291e-16    2.7246e-16    7.3780e-17
1628.16064    4.5921e-16    6.8550e-16    1.2033e-16
1631.33203    4.5608e-16    6.3852e-16    1.8289e-16
1634.50952    6.7435e-16    9.3463e-16    2.8458e-16
1637.69312    6.3759e-16    9.4204e-16    1.8169e-16
1640.88306    9.1745e-16    1.1882e-15    5.1202e-16
1644.07922    1.4274e-16    2.1414e-16    3.5813e-17
1647.28162    4.6274e-16    4.6998e-16    4.5189e-16
1650.49023    3.6203e-16    4.4323e-16    2.4044e-16
1653.70496    1.6790e-16    2.4538e-16    5.1884e-17
1656.92603    6.0712e-18    9.1899e-18    1.4010e-18
1660.15369    7.6915e-17    1.1747e-16    1.6191e-17
1663.38721    3.5508e-17    3.5175e-17    3.6006e-17
1666.62720    1.4981e-17    1.3786e-17    1.6770e-17
1669.87317    3.2804e-17    4.9992e-17    7.0671e-18
1673.12585    1.1035e-16    1.1334e-16    1.0587e-16
1676.38489    1.3586e-16    2.1323e-16    1.9998e-17
1679.65027    1.5267e-16    2.0439e-16    7.5224e-17
1682.92188    2.2089e-17    2.0253e-17    2.4839e-17
1686.19958    4.6228e-17    6.0846e-17    2.4337e-17
1689.48413    1.2107e-16    1.1510e-16    1.3000e-16
1692.77502    5.2189e-17    5.6426e-17    4.5845e-17
1696.07227    2.8392e-17    2.4170e-17    3.4715e-17
1699.37573    6.9544e-17    5.9918e-17    8.3959e-17
1702.68567    1.5207e-16    2.4926e-16    6.5342e-18
1706.00232    8.3788e-17    7.5699e-17    9.5902e-17
1709.32544    1.4625e-16    1.3573e-16    1.6201e-16
1712.65491    3.7406e-17    3.3311e-17    4.3539e-17
1715.99060    1.1298e-16    1.0354e-16    1.2713e-16
1719.33301    1.6083e-16    1.7550e-16    1.3886e-16
1722.68188    9.2487e-17    8.9600e-17    9.6810e-17
1726.03735    1.7284e-16    2.4738e-16    6.1218e-17
1729.39941    3.1154e-17    2.8171e-17    3.5622e-17
1732.76807    3.2551e-17    2.9034e-17    3.7818e-17
1736.14307    1.0938e-17    9.3254e-18    1.3353e-17
1739.52466    2.9884e-18    2.5839e-18    3.5941e-18
1742.91296    6.7170e-18    5.7521e-18    8.1618e-18
1746.30786    7.2188e-17    6.9799e-17    7.5765e-17
1749.70935    5.4726e-17    5.0280e-17    6.1384e-17
1753.11755    3.3089e-19    4.1009e-19    2.1229e-19
1756.53223    1.3365e-18    1.1155e-18    1.6674e-18
1759.95325    1.3666e-16    1.2958e-16    1.4725e-16
1763.38147    4.1404e-17    3.5823e-17    4.9760e-17
1766.81628    9.2960e-18    7.9006e-18    1.1386e-17
1770.25745    2.5819e-17    2.2492e-17    3.0801e-17
1773.70581    6.8220e-17    6.2549e-17    7.6711e-17
1777.16064    3.2859e-17    2.7847e-17    4.0363e-17
1780.62207    4.9629e-17    4.2430e-17    6.0408e-17
1784.09045    3.4860e-16    2.9586e-16    4.2757e-16
1787.56555    1.2235e-15    1.0163e-15    1.5338e-15
1791.04749    2.4242e-17    2.0342e-17    3.0082e-17
1794.53601    6.1054e-17    5.7287e-17    6.6694e-17
1798.03137    1.4496e-16    1.2507e-16    1.7474e-16
1801.53357    2.1401e-18    1.7846e-18    2.6725e-18
1805.04248    4.3490e-17    3.6416e-17    5.4082e-17
1808.55847    3.4889e-17    3.1667e-17    3.9714e-17
1812.08130    4.4249e-18    3.6910e-18    5.5241e-18
1815.61096    3.8975e-17    3.5493e-17    4.4189e-17
1819.14722    9.9843e-17    1.0747e-16    8.8422e-17
1822.69067    8.1202e-17    7.5433e-17    8.9840e-17
1826.24084    6.1575e-17    5.6218e-17    6.9597e-17
1829.79797    4.3854e-17    4.0174e-17    4.9365e-17
1833.36206    9.9083e-17    9.5236e-17    1.0484e-16
1836.93311    3.0125e-17    2.6716e-17    3.5230e-17
1840.51111    6.9722e-18    6.5902e-18    7.5442e-18
1844.09607    9.1031e-18    7.7523e-18    1.1126e-17
1847.68799    4.3587e-17    3.7816e-17    5.2228e-17
1851.28687    1.3948e-17    1.2865e-17    1.5569e-17
1854.89282    1.4595e-18    1.2783e-18    1.7309e-18
1858.50586    9.9876e-18    8.4339e-18    1.2314e-17
1862.12585    6.6521e-18    5.5887e-18    8.2445e-18
1865.75293    3.2907e-17    2.9350e-17    3.8232e-17
1869.38696    7.9236e-18    6.6550e-18    9.8234e-18
1873.02820    5.3005e-18    4.5704e-18    6.3939e-18
1876.67651    8.1418e-17    7.4883e-17    9.1203e-17
1880.33191    3.9776e-17    3.4316e-17    4.7953e-17
1883.99438    1.2540e-17    1.0488e-17    1.5613e-17
1887.66406    8.2932e-17    7.5761e-17    9.3671e-17
1891.34082    2.1266e-17    1.7978e-17    2.6191e-17
1895.02490    2.3743e-17    2.0042e-17    2.9286e-17
1898.71606    1.6923e-17    1.4183e-17    2.1025e-17
1902.41431    5.2925e-17    4.7462e-17    6.1104e-17
1906.11987    2.2017e-17    2.2022e-17    2.2009e-17
1909.83252    3.2028e-17    2.7725e-17    3.8472e-17
1913.55261    4.8907e-17    4.1393e-17    6.0158e-17
1917.27979    7.2797e-17    6.1615e-17    8.9542e-17
1921.01428    5.7724e-18    4.8524e-18    7.1499e-18
1924.75610    7.6694e-17    6.7262e-17    9.0819e-17
1928.50513    3.5644e-17    3.1468e-17    4.1898e-17
1932.26147    2.6239e-17    2.2357e-17    3.2052e-17
1936.02515    1.4466e-16    1.3118e-16    1.6486e-16
1939.79614    7.3362e-18    6.1546e-18    9.1055e-18
1943.57446    7.3638e-17    6.1686e-17    9.1535e-17
1947.36011    3.1478e-17    2.7018e-17    3.8158e-17
1951.15332    7.1991e-18    6.4469e-18    8.3255e-18
1954.95374    2.0687e-17    1.7260e-17    2.5818e-17
1958.76160    3.5748e-17    2.9836e-17    4.4602e-17
1962.57690    2.1399e-17    1.8129e-17    2.6296e-17
1966.39966    4.4637e-17    3.7476e-17    5.5361e-17
1970.22974    3.2678e-17    2.8849e-17    3.8412e-17
1974.06738    5.9473e-17    5.0612e-17    7.2742e-17
1977.91248    1.6293e-17    1.3669e-17    2.0223e-17
1981.76514    2.7794e-18    2.3187e-18    3.4694e-18
1985.62524    1.6766e-17    1.3984e-17    2.0933e-17
1989.49280    2.5419e-17    2.1569e-17    3.1185e-17
1993.36792    5.2665e-18    4.4003e-18    6.5638e-18
1997.25061    6.8006e-18    5.7139e-18    8.4278e-18
2001.14087    7.2132e-17    6.6765e-17    8.0168e-17
2005.03870    4.1653e-17    3.5014e-17    5.1595e-17
2008.94409    8.7345e-17    7.5728e-17    1.0474e-16
2012.85718    2.9182e-17    2.4935e-17    3.5541e-17
2016.77783    3.1986e-17    2.7009e-17    3.9438e-17
2020.70605    3.2623e-17    2.7939e-17    3.9638e-17
2024.64209    2.2279e-17    2.2100e-17    2.2546e-17
2028.58569    7.1727e-17    6.1285e-17    8.7362e-17
2032.53687    3.8317e-17    3.2990e-17    4.6295e-17
2036.49585    1.8017e-17    1.5764e-17    2.1389e-17
2040.46265    7.9058e-17    7.2264e-17    8.9232e-17
2044.43701    2.9669e-17    2.6084e-17    3.5039e-17
2048.41919    3.7501e-18    3.1282e-18    4.6814e-18
2052.40918    1.4103e-17    1.2652e-17    1.6275e-17
2056.40674    2.9613e-17    2.6001e-17    3.5022e-17
2060.41211    3.7580e-18    4.5041e-18    2.6408e-18
2064.42554    7.1886e-17    6.4693e-17    8.2658e-17
2068.44678    3.3891e-17    2.8291e-17    4.2277e-17
2072.47559    6.2663e-17    5.9924e-17    6.6764e-17
2076.51221    3.5819e-17    2.9892e-17    4.4696e-17
2080.55713    3.5376e-17    3.0248e-17    4.3054e-17
2084.60938    2.5703e-18    2.1755e-18    3.1615e-18
2088.66992    4.0134e-17    3.5314e-17    4.7352e-17
2092.73828    7.9535e-18    6.6298e-18    9.9358e-18
2096.81445    1.0992e-17    9.3792e-18    1.3408e-17
2100.89868    1.9185e-17    1.6039e-17    2.3897e-17
2104.99072    5.2301e-17    4.3775e-17    6.5067e-17
2109.09082    1.0260e-16    9.0071e-17    1.2137e-16
2113.19922    8.2090e-18    6.8488e-18    1.0246e-17
2117.31519    1.0704e-16    9.0563e-17    1.3172e-16
2121.43945    5.7998e-18    4.8521e-18    7.2189e-18
2125.57129    1.9912e-18    1.6604e-18    2.4867e-18
2129.71143    6.0235e-17    5.1714e-17    7.2996e-17
2133.85986    1.0339e-17    8.6477e-18    1.2871e-17
2138.01611    2.5920e-17    2.4766e-17    2.7649e-17
2142.18066    8.5897e-18    7.2337e-18    1.0620e-17
2146.35303    1.2661e-17    1.0839e-17    1.5389e-17
2150.53369    3.0466e-17    2.6661e-17    3.6163e-17
2154.72266    3.7046e-18    3.1324e-18    4.5614e-18
2158.91968    1.2496e-17    1.0574e-17    1.5375e-17
2163.12500    2.6429e-17    2.3448e-17    3.0891e-17
2167.33813    2.3416e-17    1.9621e-17    2.9097e-17
2171.55957    4.1290e-18    3.4638e-18    5.1251e-18
2175.78955    1.8673e-17    1.5842e-17    2.2914e-17
2180.02759    5.6566e-18    4.9820e-18    6.6669e-18
2184.27393    8.1982e-18    6.8402e-18    1.0232e-17
2188.52832    2.3128e-17    1.9593e-17    2.8420e-17
2192.79102    5.8329e-18    4.8803e-18    7.2594e-18
2197.06226    1.2776e-18    1.0830e-18    1.5690e-18
2201.34180    5.4258e-18    4.5271e-18    6.7718e-18
2205.62939    9.9783e-18    8.3353e-18    1.2439e-17
2209.92554    1.2623e-17    1.0900e-17    1.5203e-17
2214.22998    2.5231e-17    2.1791e-17    3.0381e-17
2218.54297    1.4528e-17    1.2421e-17    1.7683e-17
2222.86426    7.1285e-17    7.2793e-17    6.9028e-17
2227.19409    3.4181e-17    2.8803e-17    4.2234e-17
2231.53223    1.9762e-17    1.6883e-17    2.4074e-17
2235.87891    3.2191e-17    2.9586e-17    3.6091e-17
2240.23389    8.9850e-17    8.1808e-17    1.0189e-16
2244.59717    6.0020e-17    5.6316e-17    6.5567e-17
2248.96924    7.9002e-17    7.1116e-17    9.0812e-17
2253.34985    9.6238e-17    9.2371e-17    1.0203e-16
2257.73901    3.9526e-17    3.4718e-17    4.6725e-17
2262.13672    1.7181e-16    1.9865e-16    1.3162e-16
2266.54297    1.7308e-16    1.7487e-16    1.7040e-16
2270.95752    1.3574e-16    1.2417e-16    1.5307e-16
2275.38086    2.7369e-16    2.6203e-16    2.9115e-16
2279.81299    1.2631e-16    1.2943e-16    1.2164e-16
2284.25366    8.7770e-17    8.1479e-17    9.7190e-17
2288.70288    2.8170e-17    2.3678e-17    3.4895e-17
2293.16089    2.0049e-16    1.6969e-16    2.4661e-16
2297.62744    2.7369e-17    2.3507e-17    3.3151e-17
2302.10303    1.5438e-17    1.2920e-17    1.9209e-17
2306.58691    2.2917e-16    1.9217e-16    2.8458e-16
2311.07959    1.3114e-16    1.1067e-16    1.6179e-16
2315.58105    1.2819e-16    1.0829e-16    1.5798e-16
2320.09155    1.3859e-16    1.1731e-16    1.7047e-16
2324.61060    8.8516e-17    7.9495e-17    1.0203e-16
2329.13843    7.2474e-16    1.0475e-15    2.4138e-16
2333.67529    8.7031e-16    1.4172e-15    5.1410e-17
2338.22070    6.6694e-16    1.0283e-15    1.2583e-16
2342.77490    1.6742e-15    2.7341e-15    8.6998e-17
2347.33838    1.6670e-15    2.6935e-15    1.2969e-16
2351.91064    1.2362e-16    1.0466e-16    1.5202e-16
2356.49170    1.1458e-16    9.9477e-17    1.3719e-16
2361.08154    2.4257e-15    3.9604e-15    1.2750e-16
2365.68066    1.1379e-15    1.8011e-15    1.4488e-16
2370.28833    9.2365e-16    1.4886e-15    7.7575e-17
2374.90527    1.4622e-15    2.3410e-15    1.4612e-16
2379.53101    8.3110e-16    1.3361e-15    7.4912e-17
2384.16602    4.4150e-15    7.1435e-15    3.2911e-16
2388.80981    1.3294e-15    2.1616e-15    8.3075e-17
2393.46289    2.8053e-15    4.5074e-15    2.5654e-16
2398.12476    1.1606e-15    1.8716e-15    9.5922e-17
2402.79590    1.5595e-15    2.5068e-15    1.4108e-16
2407.47607    9.5833e-16    1.5275e-15    1.0606e-16
2412.16528    2.3916e-15    3.8283e-15    2.4007e-16
2416.86377    2.9104e-16    2.4784e-16    3.5572e-16
2421.57129    1.2861e-16    1.0711e-16    1.6081e-16
2426.28809    4.2673e-16    3.6776e-16    5.1504e-16
2431.01392    7.6858e-16    6.5745e-16    9.3500e-16
2435.74902    5.3177e-16    4.7143e-16    6.2213e-16
2440.49365    1.6933e-16    1.4934e-16    1.9926e-16
2445.24707    4.0829e-16    3.9461e-16    4.2877e-16
2450.01001    1.1152e-16    9.6280e-17    1.3433e-16
2454.78223    2.2030e-16    1.9414e-16    2.5948e-16
2459.56348    6.1001e-16    5.5660e-16    6.8999e-16
2464.35425    1.4194e-15    1.2419e-15    1.6852e-15
2469.15430    4.5887e-16    3.9470e-16    5.5495e-16
2473.96387    1.8934e-16    1.6219e-16    2.2998e-16
2478.78271    1.9287e-16    1.6563e-16    2.3366e-16
2483.61084    1.3790e-16    1.5266e-16    1.1581e-16
2488.44849    3.0821e-16    2.7577e-16    3.5678e-16
2493.29541    4.0726e-16    4.4280e-16    3.5402e-16
2498.15186    3.7872e-16    3.3575e-16    4.4306e-16
2503.01782    2.7124e-16    2.3257e-16    3.2914e-16
2507.89307    5.0753e-16    4.5933e-16    5.7971e-16
2512.77808    3.4488e-16    3.2750e-16    3.7091e-16
2517.67236    1.9983e-16    1.8620e-16    2.2024e-16
2522.57642    1.5521e-16    1.3128e-16    1.9106e-16
2527.48975    5.8771e-16    6.2576e-16    5.3073e-16
2532.41309    1.7189e-16    1.5582e-16    1.9596e-16
2537.34570    4.8924e-16    4.5354e-16    5.4270e-16
2542.28760    4.9840e-16    4.3322e-16    5.9600e-16
2547.23975    4.6809e-16    4.0904e-16    5.5650e-16
2552.20117    2.1659e-16    1.9744e-16    2.4527e-16
2557.17236    1.0298e-16    8.8337e-17    1.2490e-16
2562.15332    1.0752e-15    1.6283e-15    2.4709e-16
2567.14404    3.1632e-16    3.8619e-16    2.1169e-16
2572.14404    3.0916e-16    2.7758e-16    3.5645e-16
2577.15430    2.2633e-16    3.0130e-16    1.1406e-16
2582.17383    3.9240e-16    4.8011e-16    2.6106e-16
2587.20361    2.1522e-15    3.4236e-15    2.4815e-16
2592.24292    2.4677e-16    3.0920e-16    1.5328e-16
2597.29199    6.5542e-15    1.0722e-14    3.1348e-16
2602.35107    1.2598e-17    1.8788e-17    3.3275e-18
2607.41992    1.7527e-15    2.8177e-15    1.5788e-16
2612.49854    3.7365e-15    6.0094e-15    3.3299e-16
2617.58740    1.4592e-15    2.2786e-15    2.3208e-16
2622.68604    9.3358e-16    1.3413e-15    3.2299e-16
2627.79443    3.6542e-15    5.7880e-15    4.5901e-16
2632.91284    2.7475e-15    4.4284e-15    2.3042e-16
2638.04126    2.0529e-17    1.7263e-17    2.5420e-17
2643.17969    1.4055e-17    1.1816e-17    1.7408e-17
2648.32812    7.5665e-18    6.3850e-18    9.3357e-18
2653.48633    3.4141e-17    2.8418e-17    4.2711e-17
2658.65479    4.6305e-18    3.8656e-18    5.7760e-18
2663.83350    4.7469e-17    4.0354e-17    5.8124e-17
2669.02197    8.7167e-17    7.3908e-17    1.0702e-16
2674.22070    1.2501e-18    1.0424e-18    1.5612e-18
2679.42969    5.3951e-17    4.5184e-17    6.7080e-17
2684.64868    9.6890e-17    8.3229e-17    1.1735e-16
2689.87793    4.4985e-18    4.0392e-18    5.1863e-18
2695.11719    2.5601e-16    2.9653e-16    1.9533e-16
2700.36670    6.6695e-18    5.5619e-18    8.3282e-18
2705.62646    1.4452e-16    1.2064e-16    1.8029e-16
2710.89648    2.2971e-16    2.5079e-16    1.9813e-16
2716.17676    1.2389e-15    1.8108e-15    3.8238e-16
2721.46729    6.6845e-17    5.6204e-17    8.2780e-17
2726.76831    9.6945e-16    1.4180e-15    2.9773e-16
2732.07959    6.1739e-16    7.9345e-16    3.5374e-16
2737.40112    1.2813e-15    1.9096e-15    3.4040e-16
2742.73291    4.9207e-16    6.9428e-16    1.8928e-16
2748.07520    1.7763e-15    2.7307e-15    3.4709e-16
2753.42798    2.0953e-15    3.2219e-15    4.0827e-16
2758.79102    4.2204e-17    3.7895e-17    4.8656e-17
2764.16479    4.9520e-16    6.9409e-16    1.9738e-16
2769.54883    7.6041e-16    1.1164e-15    2.2728e-16
2774.94336    9.7428e-16    1.4270e-15    2.9641e-16
2780.34863    2.0360e-17    1.7013e-17    2.5372e-17
2785.76416    1.7849e-16    1.4896e-16    2.2272e-16
2791.18994    3.9465e-17    3.3810e-17    4.7935e-17
2796.62695    2.2585e-17    2.2905e-17    2.2106e-17
2802.07422    1.3008e-17    1.3217e-17    1.2695e-17
2807.53198    2.8707e-17    2.4348e-17    3.5235e-17
2813.00049    3.5244e-18    2.9413e-18    4.3977e-18
2818.47949    4.3579e-17    3.6342e-17    5.4416e-17
2823.96948    5.2639e-17    4.4390e-17    6.4992e-17
2829.47021    2.2261e-16    2.0489e-16    2.4915e-16
2834.98145    1.6159e-16    1.4733e-16    1.8296e-16
2840.50342    2.9168e-16    2.4350e-16    3.6382e-16
2846.03613    1.2397e-16    1.0343e-16    1.5472e-16
2851.57959    5.1586e-17    4.6602e-17    5.9049e-17
2857.13379    1.4587e-16    1.2160e-16    1.8222e-16
2862.69922    4.2078e-17    3.5096e-17    5.2535e-17
2868.27490    4.1024e-17    3.4462e-17    5.0851e-17
2873.86182    2.4935e-17    2.0820e-17    3.1096e-17
2879.45947    8.0670e-17    7.6351e-17    8.7139e-17
2885.06836    1.2915e-16    1.1357e-16    1.5249e-16
2890.68774    8.4903e-17    7.3467e-17    1.0203e-16
2896.31860    2.6431e-17    2.2048e-17    3.2994e-17
2901.95972    4.3089e-18    3.5992e-18    5.3716e-18
2907.61230    1.3388e-17    1.1179e-17    1.6697e-17
2913.27563    1.5973e-18    1.3336e-18    1.9923e-18
2918.95020    2.2097e-17    1.8532e-17    2.7436e-17
2924.63574    2.2795e-16    2.0217e-16    2.6657e-16
2930.33228    7.7572e-19    6.4762e-19    9.6754e-19
2936.04004    1.0924e-18    9.1196e-19    1.3625e-18
2941.75903    2.1266e-16    2.0959e-16    2.1725e-16
2947.48877    1.7536e-16    1.6405e-16    1.9231e-16
2953.22998    1.5724e-16    1.3851e-16    1.8530e-16
2958.98242    2.2933e-17    1.9210e-17    2.8509e-17
2964.74585    1.8065e-16    1.7560e-16    1.8821e-16
2970.52075    1.2518e-16    1.0787e-16    1.5111e-16
2976.30664    1.6169e-17    1.3569e-17    2.0063e-17
2982.10376    5.2786e-16    6.6429e-16    3.2355e-16
2987.91187    1.3958e-16    1.7247e-16    9.0321e-17
2993.73218    2.1099e-18    1.7595e-18    2.6347e-18
2999.56348    1.2249e-17    1.1187e-17    1.3840e-17
3005.40601    2.6621e-16    2.7934e-16    2.4654e-16
3011.25977    5.9394e-18    4.9523e-18    7.4176e-18
3017.12500    3.3150e-18    2.7653e-18    4.1382e-18
3023.00195    1.6380e-18    1.3659e-18    2.0454e-18
3028.89014    1.7965e-18    1.4980e-18    2.2434e-18
3034.79004    1.0226e-17    8.5331e-18    1.2760e-17
3040.70117    1.6489e-18    1.3749e-18    2.0593e-18
3046.62402    1.9853e-17    1.6569e-17    2.4771e-17
3052.55811    8.3990e-18    7.0038e-18    1.0488e-17
3058.50391    4.8004e-19    4.0031e-19    5.9942e-19
3064.46143    2.1013e-17    1.7524e-17    2.6238e-17
3070.43018    1.3826e-17    1.1529e-17    1.7265e-17
3076.41064    8.7986e-17    7.3369e-17    1.0988e-16
3082.40332    2.3886e-18    2.0289e-18    2.9274e-18
3088.40698    4.9770e-19    4.1503e-19    6.2151e-19
3094.42261    2.0780e-17    1.7317e-17    2.5966e-17
3100.44971    9.5661e-19    7.9777e-19    1.1945e-18
3106.48901    1.9503e-18    1.6295e-18    2.4307e-18
3112.53979    8.5131e-19    7.0991e-19    1.0631e-18
3118.60229    1.0454e-18    8.7179e-19    1.3055e-18
3124.67676    3.1180e-19    2.6001e-19    3.8936e-19
3130.76318    8.4134e-19    7.0264e-19    1.0490e-18
3136.86133    5.4391e-19    4.5357e-19    6.7921e-19
3142.97119    1.6980e-17    1.4348e-17    2.0920e-17
3149.09302    1.6346e-18    1.3631e-18    2.0411e-18
3155.22681    3.6248e-19    3.0227e-19    4.5263e-19
3161.37256    1.7428e-16    1.5774e-16    1.9903e-16
3167.53027    1.0491e-16    9.1276e-17    1.2532e-16
3173.70020    9.6314e-20    8.0317e-20    1.2027e-19
3179.88184    3.1562e-17    2.6321e-17    3.9409e-17
3186.07568    2.2413e-16    2.0418e-16    2.5401e-16
3192.28149    2.5992e-16    2.4576e-16    2.8113e-16
3198.49951    3.5075e-16    3.3410e-16    3.7567e-16
3204.72949    1.5070e-18    1.2566e-18    1.8818e-18
3210.97168    2.0159e-16    1.8090e-16    2.3257e-16
3217.22607    7.6249e-20    6.4304e-20    9.4137e-20
3223.49268    4.5417e-19    3.7968e-19    5.6572e-19
3229.77148    1.5263e-16    1.3480e-16    1.7934e-16
3236.06226    1.9570e-18    2.3320e-18    1.3954e-18
3242.36572    1.2219e-17    1.0185e-17    1.5264e-17
3248.68115    1.2586e-17    1.0669e-17    1.5456e-17
3255.00879    6.1642e-17    5.1954e-17    7.6152e-17
3261.34912    1.5957e-17    1.3327e-17    1.9894e-17
3267.70093    3.5392e-18    2.9528e-18    4.4172e-18
3274.06616    4.7533e-19    4.0150e-19    5.8588e-19
3280.44336    1.3418e-16    1.1341e-16    1.6528e-16
3286.83301    1.4372e-17    1.2073e-17    1.7814e-17
3293.23535    1.1601e-17    9.7020e-18    1.4444e-17
3299.64990    8.4327e-18    7.6747e-18    9.5677e-18
3306.07690    1.0279e-17    9.0995e-18    1.2045e-17
3312.51660    1.3118e-17    1.1048e-17    1.6218e-17
3318.96875    3.2512e-18    2.7111e-18    4.0600e-18
3325.43359    1.4936e-18    1.2456e-18    1.8649e-18
3331.91064    2.7024e-19    2.2535e-19    3.3746e-19
3338.40063    1.1673e-18    9.7350e-19    1.4574e-18
3344.90332    1.3027e-19    1.0863e-19    1.6267e-19
3351.41846    7.0813e-20    5.9051e-20    8.8427e-20
3357.94629    1.3939e-17    1.1623e-17    1.7406e-17
3364.48682    1.3011e-18    1.4825e-18    1.0293e-18
3371.04004    5.6477e-18    4.7145e-18    7.0451e-18
3377.60645    7.2457e-19    6.0422e-19    9.0480e-19
3384.18481    2.9261e-18    2.4401e-18    3.6538e-18
3390.77686    2.5814e-18    2.1526e-18    3.2235e-18
3397.38159    5.2793e-19    4.4023e-19    6.5925e-19
3403.99902    6.9510e-19    5.7964e-19    8.6800e-19
3410.62915    3.1288e-19    2.6095e-19    3.9064e-19
3417.27271    3.3264e-18    2.7750e-18    4.1522e-18
3423.92847    4.2635e-19    3.5553e-19    5.3240e-19
3430.59766    1.1784e-18    9.8271e-19    1.4715e-18
3437.27979    3.5328e-18    2.9481e-18    4.4083e-18
3443.97534    4.3299e-19    3.6130e-19    5.4035e-19
3450.68359    5.7509e-18    4.7971e-18    7.1792e-18
3457.40479    2.1555e-18    1.7976e-18    2.6914e-18
3464.13916    5.1287e-19    4.2771e-19    6.4039e-19
3470.88647    4.0139e-19    3.3475e-19    5.0119e-19
3477.64697    3.9889e-18    3.3332e-18    4.9708e-18
3484.42090    2.6383e-18    2.2005e-18    3.2940e-18
3491.20776    5.8928e-19    4.9151e-19    7.3570e-19
3498.00781    1.2250e-18    1.0217e-18    1.5293e-18
3504.82129    1.0735e-18    8.9527e-19    1.3405e-18
3511.64771    2.1857e-19    1.8227e-19    2.7294e-19
3518.48804    1.8277e-18    1.5242e-18    2.2822e-18
3525.34131    2.1227e-18    1.7702e-18    2.6507e-18
3532.20776    1.3373e-18    1.1152e-18    1.6700e-18
3539.08813    2.2376e-18    1.8659e-18    2.7943e-18
3545.98145    5.0474e-19    4.2090e-19    6.3029e-19
3552.88818    3.2838e-19    2.7386e-19    4.1003e-19
3559.80884    2.6469e-19    2.2072e-19    3.3053e-19
3566.74292    3.3415e-19    2.8663e-19    4.0530e-19
3573.68994    7.8901e-19    7.0264e-19    9.1835e-19
3580.65112    1.2127e-20    1.0122e-20    1.5128e-20
3587.62500    3.8163e-19    3.5862e-19    4.1609e-19
3594.61304    3.4326e-20    2.8675e-20    4.2788e-20
3601.61499    3.6185e-19    3.0175e-19    4.5186e-19
3608.63013    4.6830e-20    3.9051e-20    5.8478e-20
3615.65894    4.4423e-19    3.7044e-19    5.5474e-19
3622.70166    9.1197e-19    7.6280e-19    1.1353e-18
3629.75806    3.6624e-19    3.3114e-19    4.1881e-19
3636.82837    1.0206e-19    8.5111e-20    1.2745e-19
3643.91138    9.5000e-19    7.9242e-19    1.1860e-18
3651.00928    1.8376e-20    1.5326e-20    2.2944e-20
3658.12085    3.2646e-18    2.7264e-18    4.0706e-18
3665.24609    2.0900e-20    1.7435e-20    2.6089e-20
3672.38525    2.8558e-20    2.3791e-20    3.5698e-20
3679.53857    6.9312e-20    5.7885e-20    8.6424e-20
3686.70557    1.6573e-19    1.3754e-19    2.0794e-19
3693.88647    3.7711e-20    3.1441e-20    4.7100e-20
3701.08154    2.5659e-19    2.1342e-19    3.2123e-19
3708.29053    7.2798e-20    6.0825e-20    9.0727e-20
3715.51343    4.1536e-20    3.4705e-20    5.1766e-20
3722.75049    6.6097e-20    5.5175e-20    8.2451e-20
3730.00171    1.9028e-19    1.5868e-19    2.3761e-19
3737.26709    8.5661e-21    7.1442e-21    1.0696e-20
3744.54639    8.6481e-20    7.2150e-20    1.0794e-19
3751.84009    4.3707e-19    3.6668e-19    5.4249e-19
3759.14795    4.3837e-19    3.6556e-19    5.4741e-19
3766.47021    1.7749e-18    1.4811e-18    2.2150e-18
3773.80664    1.6466e-20    1.3783e-20    2.0483e-20
3781.15723    7.2793e-19    6.0713e-19    9.0884e-19
3788.52197    8.2810e-20    6.9055e-20    1.0341e-19
3795.90137    7.3342e-20    6.1527e-20    9.1035e-20
3803.29492    2.2915e-20    1.9109e-20    2.8614e-20
3810.70312    2.9235e-19    2.4379e-19    3.6508e-19
3818.12549    1.8366e-20    1.5314e-20    2.2936e-20
3825.56250    3.1106e-18    2.5964e-18    3.8805e-18
3833.01416    3.1046e-20    2.5860e-20    3.8812e-20
3840.47998    2.2586e-20    1.8751e-20    2.8330e-20
3847.96045    1.6121e-19    1.3443e-19    2.0130e-19
3855.45557    1.6908e-20    1.4098e-20    2.1115e-20
3862.96533    1.9842e-20    1.6545e-20    2.4777e-20
3870.48950    8.9463e-19    7.4624e-19    1.1168e-18
3878.02832    3.4540e-20    2.8927e-20    4.2945e-20
3885.58203    4.0762e-20    3.3996e-20    5.0893e-20
3893.15039    5.7742e-20    4.8184e-20    7.2056e-20
3900.73340    6.0135e-20    5.0382e-20    7.4740e-20
3908.33154    4.1647e-19    3.4989e-19    5.1618e-19
3915.94409    6.8207e-19    5.6880e-19    8.5168e-19
3923.57153    7.7189e-20    6.4368e-20    9.6390e-20
3931.21387    7.3682e-19    8.1335e-19    6.2223e-19
3938.87109    5.7065e-18    4.8042e-18    7.0576e-18
3946.54346    9.7943e-19    8.2747e-19    1.2070e-18
3954.23047    9.9784e-20    8.3209e-20    1.2460e-19
3961.93262    2.8487e-19    2.4379e-19    3.4640e-19
3969.64941    3.0237e-19    4.3651e-19    1.0150e-19
3977.38159    1.4038e-18    1.1712e-18    1.7521e-18
3985.12866    2.7634e-19    2.3045e-19    3.4508e-19
3992.89111    3.4844e-19    2.9064e-19    4.3500e-19
4000.66846    1.0415e-18    8.6870e-19    1.3003e-18
4008.46094    1.4356e-19    1.1972e-19    1.7928e-19
4016.26880    8.7116e-20    7.2646e-20    1.0879e-19
4024.09155    2.4094e-19    2.0099e-19    3.0075e-19
4031.92969    3.8051e-20    3.1917e-20    4.7236e-20
4039.78320    2.4594e-20    2.0536e-20    3.0670e-20
4047.65186    6.3587e-21    5.3149e-21    7.9216e-21
4055.53589    5.3514e-20    4.4625e-20    6.6825e-20
4063.43506    5.7706e-19    4.8121e-19    7.2060e-19
4071.35010    2.3338e-19    1.9462e-19    2.9143e-19
4079.28027    6.5782e-19    5.4855e-19    8.2145e-19
4087.22607    7.9462e-20    6.6263e-20    9.9227e-20
4095.18701    6.1735e-20    5.1481e-20    7.7091e-20
4103.16357    4.2891e-20    3.5810e-20    5.3494e-20
4111.15576    2.0329e-19    1.6952e-19    2.5386e-19
4119.16357    3.5885e-19    2.9927e-19    4.4808e-19
4127.18652    5.7105e-19    4.7672e-19    7.1232e-19
4135.22559    1.1184e-19    9.3266e-20    1.3966e-19
4143.28027    3.7034e-19    3.0880e-19    4.6249e-19
4151.35059    7.0706e-20    5.8961e-20    8.8293e-20
4159.43652    6.7913e-20    5.6633e-20    8.4806e-20
4167.53857    2.8727e-20    2.3956e-20    3.5873e-20
4175.65625    7.5127e-18    6.2710e-18    9.3722e-18
4183.78906    1.1218e-19    9.3546e-20    1.4008e-19
4191.93848    1.8825e-20    1.5698e-20    2.3507e-20
4200.10352    3.5683e-20    2.9756e-20    4.4559e-20
4208.28418    2.0686e-19    1.7251e-19    2.5831e-19
4216.48145    3.2282e-20    2.6920e-20    4.0312e-20
4224.69434    1.0264e-19    1.1947e-19    7.7440e-20
4232.92334    3.1030e-17    2.6026e-17    3.8523e-17
4241.16846    3.6835e-18    3.0739e-18    4.5964e-18
4249.42920    2.4808e-19    2.0897e-19    3.0664e-19
4257.70605    3.8636e-19    3.2219e-19    4.8244e-19
4265.99902    1.7788e-20    1.5430e-20    2.1318e-20
4274.30859    2.3421e-18    1.9534e-18    2.9241e-18
4282.63428    2.4369e-20    2.0321e-20    3.0430e-20
4290.97607    3.0805e-18    2.5688e-18    3.8466e-18
4299.33398    5.3657e-18    4.4787e-18    6.6939e-18
4307.70801    5.4711e-19    4.5624e-19    6.8319e-19
4316.09863    1.6673e-18    1.3904e-18    2.0819e-18
4324.50586    1.5724e-19    1.3112e-19    1.9636e-19
4332.92920    3.2500e-18    2.7127e-18    4.0545e-18
4341.36914    1.0516e-18    9.0393e-19    1.2727e-18
4349.82520    1.0370e-17    8.6673e-18    1.2919e-17
4358.29785    3.3221e-18    2.7703e-18    4.1483e-18
4366.78662    1.8497e-19    1.5426e-19    2.3096e-19
4375.29199    1.5871e-17    1.3272e-17    1.9764e-17
4383.81445    4.8062e-18    4.0102e-18    5.9982e-18
4392.35352    2.1780e-20    1.8162e-20    2.7198e-20
4400.90869    1.8401e-18    1.5349e-18    2.2972e-18
4409.48047    1.1399e-17    9.5082e-18    1.4229e-17
4418.06934    4.9679e-18    4.1452e-18    6.1999e-18
4426.67480    2.2832e-20    1.9039e-20    2.8511e-20
4435.29736    6.6057e-19    5.5085e-19    8.2487e-19
4443.93652    6.2179e-20    5.1851e-20    7.7645e-20
4452.59277    1.1525e-18    9.6107e-19    1.4392e-18
4461.26562    4.0603e-19    3.3859e-19    5.0703e-19
4469.95508    1.3937e-18    1.1619e-18    1.7406e-18
4478.66162    5.1420e-19    4.2879e-19    6.4210e-19
4487.38477    3.7307e-18    3.1125e-18    4.6566e-18
4496.12549    1.0010e-19    8.3479e-20    1.2500e-19
4504.88281    5.6874e-18    4.7488e-18    7.0930e-18
4513.65771    1.1742e-18    9.7933e-19    1.4659e-18
4522.44922    1.2088e-17    1.0095e-17    1.5073e-17
4531.25830    4.2056e-19    3.5072e-19    5.2513e-19
4540.08447    3.3512e-18    2.7967e-18    4.1816e-18
4548.92773    9.6645e-18    8.0796e-18    1.2038e-17
4557.78809    2.2813e-18    1.9029e-18    2.8481e-18
4566.66602    5.4037e-21    4.5062e-21    6.7478e-21
4575.56055    5.1989e-18    4.3410e-18    6.4837e-18
4584.47314    1.6759e-17    1.4009e-17    2.0876e-17
4593.40283    6.0776e-19    5.0696e-19    7.5870e-19
4602.34961    4.4402e-20    3.7027e-20    5.5447e-20
4611.31445    8.0329e-21    6.6986e-21    1.0031e-20
4620.29590    5.8359e-18    4.8703e-18    7.2819e-18
4629.29590    1.1040e-17    9.2076e-18    1.3783e-17
4638.31250    1.8890e-19    1.5752e-19    2.3588e-19
4647.34668    6.8626e-19    5.7232e-19    8.5689e-19
4656.39941    2.6145e-20    2.1802e-20    3.2648e-20
4665.46875    2.0110e-18    1.6770e-18    2.5111e-18
4674.55664    1.1581e-19    9.6570e-20    1.4461e-19
4683.66113    9.5023e-20    7.9239e-20    1.1866e-19
4692.78418    1.2210e-20    1.0182e-20    1.5248e-20
4701.92480    3.1282e-20    2.6086e-20    3.9064e-20
4711.08301    1.1000e-20    9.1719e-21    1.3737e-20
4720.25977    7.9507e-20    6.6300e-20    9.9284e-20
4729.45361    4.8260e-19    4.0244e-19    6.0264e-19
4738.66602    4.8262e-20    4.0245e-20    6.0267e-20
4747.89551    5.7800e-20    4.8199e-20    7.2178e-20
4757.14355    1.4523e-20    1.2111e-20    1.8136e-20
4766.41016    2.3569e-21    1.9654e-21    2.9431e-21
4775.69385    3.9165e-19    3.2659e-19    4.8907e-19
4784.99609    8.5641e-22    7.1415e-22    1.0694e-21
4794.31641    5.2159e-20    4.3495e-20    6.5133e-20
4803.65430    4.8527e-21    4.0466e-21    6.0597e-21
4813.01074    7.4504e-19    6.2129e-19    9.3036e-19
4822.38574    2.8707e-19    2.3938e-19    3.5847e-19
4831.77930    1.8790e-19    1.5669e-19    2.3464e-19
4841.19043    1.9738e-19    1.6459e-19    2.4647e-19
4850.62012    7.5215e-20    6.2721e-20    9.3924e-20
4860.06836    2.4604e-20    2.0552e-20    3.0670e-20
4869.53467    2.4231e-19    2.0258e-19    3.0180e-19
4879.01953    4.2206e-19    3.5195e-19    5.2704e-19
4888.52295    5.0834e-19    4.2390e-19    6.3478e-19
4898.04492    1.6243e-19    1.3545e-19    2.0284e-19
4907.58545    5.0273e-19    4.1922e-19    6.2777e-19
4917.14453    4.2819e-21    3.5706e-21    5.3470e-21
4926.72168    7.1523e-17    5.9748e-17    8.9157e-17
4936.31836    2.1819e-20    1.8195e-20    2.7246e-20
4945.93311    8.1501e-19    6.7964e-19    1.0177e-18
4955.56689    6.6302e-19    5.5289e-19    8.2794e-19
4965.21973    2.9907e-21    2.4940e-21    3.7347e-21
4974.89062    5.7221e-19    4.7716e-19    7.1454e-19
4984.58105    2.3791e-20    1.9839e-20    2.9709e-20
4994.29004    1.6281e-19    1.3577e-19    2.0331e-19
5004.01758    7.1507e-19    5.9629e-19    8.9293e-19
5013.76465    9.6319e-17    8.0739e-17    1.1965e-16
5023.53027    3.1655e-19    2.6427e-19    3.9483e-19
5033.31543    8.3506e-21    6.9635e-21    1.0428e-20
5043.11914    3.7747e-19    3.1477e-19    4.7137e-19
5052.94238    5.5555e-19    4.6326e-19    6.9375e-19
5062.78418    2.4456e-19    2.0394e-19    3.0539e-19
5072.64551    1.4459e-18    1.2057e-18    1.8055e-18
5082.52637    9.2441e-21    7.7086e-21    1.1543e-20
5092.42578    1.4773e-20    1.2319e-20    1.8448e-20
5102.34473    1.0491e-19    8.7485e-20    1.3100e-19
5112.28320    1.0454e-18    8.7176e-19    1.3054e-18
5122.24121    6.4169e-20    5.3510e-20    8.0131e-20
5132.21777    2.0512e-19    1.7105e-19    2.5614e-19
5142.21484    9.8224e-20    8.1909e-20    1.2266e-19
5152.23047    1.1528e-19    9.6129e-20    1.4395e-19
5162.26660    5.5628e-18    4.6389e-18    6.9463e-18
5172.32129    1.1039e-16    9.2460e-17    1.3724e-16
5182.39648    6.9817e-19    5.7004e-19    8.9005e-19
5192.49023    4.9293e-20    4.1114e-20    6.1541e-20
5202.60449    6.3257e-18    5.2796e-18    7.8921e-18
5212.73779    8.5876e-21    7.1611e-21    1.0724e-20
5222.89160    1.5644e-19    1.3046e-19    1.9536e-19
5233.06445    8.0937e-18    6.7568e-18    1.0096e-17
5243.25781    3.0260e-20    2.5233e-20    3.7787e-20
5253.47021    1.0774e-18    8.9853e-19    1.3453e-18
5263.70312    3.0010e-18    2.5025e-18    3.7474e-18
5273.95557    1.6165e-17    1.3490e-17    2.0169e-17
5284.22852    2.1554e-17    1.7983e-17    2.6900e-17
5294.52100    1.8464e-19    1.5397e-19    2.3057e-19
5304.83398    2.9091e-20    2.4259e-20    3.6327e-20
5315.16650    4.1236e-17    3.4379e-17    5.1503e-17
5325.51953    1.2935e-18    1.0787e-18    1.6152e-18
5335.89258    1.2261e-18    1.0224e-18    1.5311e-18
5346.28564    1.4531e-19    1.2117e-19    1.8145e-19
5356.69922    2.4033e-20    2.0041e-20    3.0011e-20
5367.13281    8.9426e-19    7.4577e-19    1.1166e-18
5377.58691    1.2194e-18    1.0168e-18    1.5227e-18
5388.06152    4.1249e-20    3.4397e-20    5.1510e-20
5398.55664    1.9023e-20    1.5863e-20    2.3755e-20
5409.07178    2.2188e-19    1.8503e-19    2.7708e-19
5419.60742    1.8648e-20    1.5551e-20    2.3286e-20
5430.16406    2.2773e-18    1.8990e-18    2.8437e-18
5440.74121    4.7695e-20    3.9772e-20    5.9559e-20
5451.33887    8.9370e-20    7.4525e-20    1.1160e-19
5461.95703    8.3169e-21    6.9354e-21    1.0386e-20
5472.59570    7.2003e-20    6.0043e-20    8.9913e-20
5483.25488    3.0455e-20    2.5396e-20    3.8030e-20
5493.93555    1.5975e-19    1.3322e-19    1.9949e-19
5504.63672    3.4822e-20    2.9038e-20    4.3484e-20
5515.35840    3.2734e-20    2.7296e-20    4.0876e-20
5526.10156    3.5675e-19    2.9749e-19    4.4548e-19
5536.86523    1.6342e-19    1.3628e-19    2.0407e-19
5547.64941    1.0805e-19    9.0099e-20    1.3492e-19
5558.45557    9.2294e-20    7.6963e-20    1.1525e-19
5569.28271    6.5504e-20    5.4623e-20    8.1797e-20
5580.12988    4.3750e-20    3.6483e-20    5.4632e-20
5590.99902    5.3366e-20    4.4501e-20    6.6640e-20
5601.88965    5.4980e-21    4.5848e-21    6.8656e-21
5612.80078    4.4967e-20    3.7498e-20    5.6152e-20
5623.73340    1.4996e-19    1.2505e-19    1.8726e-19
5634.68750    1.1448e-20    9.5461e-21    1.4295e-20
5645.66211    8.1916e-20    6.8310e-20    1.0229e-19
5656.65918    1.9172e-19    1.5987e-19    2.3940e-19
5667.67676    1.5323e-19    1.2778e-19    1.9134e-19
5678.71680    6.5090e-20    5.4279e-20    8.1281e-20
5689.77734    5.8581e-19    4.8862e-19    7.3134e-19
5700.86035    9.9920e-21    8.3326e-21    1.2477e-20
5711.96484    6.5781e-20    5.4854e-20    8.2143e-20
5723.09033    5.3793e-20    4.4858e-20    6.7174e-20
5734.23779    7.2127e-20    6.0146e-20    9.0068e-20
5745.40723    1.3016e-19    1.0854e-19    1.6254e-19
5756.59766    2.9759e-20    2.4816e-20    3.7161e-20
5767.81104    1.9516e-20    1.6274e-20    2.4370e-20
5779.04492    1.4532e-19    1.2121e-19    1.8144e-19
5790.30176    1.5294e-20    1.2754e-20    1.9098e-20
5801.58008    5.2028e-20    4.3386e-20    6.4970e-20
5812.88037    1.0015e-19    8.3511e-20    1.2506e-19
5824.20264    9.3649e-21    7.8094e-21    1.1694e-20
5835.54688    1.0153e-19    8.4668e-20    1.2679e-19
5846.91357    1.4790e-19    1.2334e-19    1.8469e-19
5858.30225    7.4603e-20    6.2211e-20    9.3160e-20
5869.71289    8.4068e-20    7.0103e-20    1.0498e-19
5881.14600    5.9347e-20    4.9661e-20    7.3853e-20
5892.60156    1.3595e-20    1.8711e-20    5.9342e-21
5904.07910    7.7577e-20    6.7800e-20    9.2219e-20
5915.57910    2.4410e-18    2.0356e-18    3.0482e-18
5927.10156    1.1881e-19    9.9071e-20    1.4836e-19
5938.64648    4.8474e-21    4.0422e-21    6.0532e-21
5950.21387    1.0439e-19    8.7047e-20    1.3035e-19
5961.80371    4.4773e-20    3.7336e-20    5.5910e-20
5973.41602    6.5484e-20    5.4607e-20    8.1773e-20
5985.05127    7.3492e-20    6.1284e-20    9.1772e-20
5996.70850    3.1988e-19    2.6675e-19    3.9945e-19
6008.38867    3.6701e-19    3.0604e-19    4.5830e-19
6020.09229    1.2293e-19    1.0251e-19    1.5350e-19
6031.81836    1.1239e-20    9.3723e-21    1.4035e-20
6043.56738    1.9145e-19    1.5965e-19    2.3907e-19
6055.33887    1.0396e-18    8.6688e-19    1.2981e-18
6067.13428    6.1057e-20    5.0915e-20    7.6245e-20
6078.95117    1.3919e-18    1.1607e-18    1.7381e-18
6090.79150    5.2531e-20    4.3805e-20    6.5598e-20
6102.65527    5.6867e-20    4.7421e-20    7.1012e-20
6114.54199    1.1407e-19    9.5120e-20    1.4244e-19
6126.45215    3.4223e-20    2.8538e-20    4.2736e-20
6138.38525    1.3170e-20    1.0982e-20    1.6446e-20
6150.34131    8.2068e-19    6.8441e-19    1.0248e-18
6162.32178    9.7305e-20    8.1143e-20    1.2151e-19
6174.32422    2.0447e-18    1.7051e-18    2.5533e-18
6186.35059    9.3926e-19    7.8324e-19    1.1729e-18
6198.40088    4.5908e-19    3.8283e-19    5.7328e-19
6210.47314    3.1316e-21    2.6114e-21    3.9106e-21
6222.57031    4.6978e-20    3.9175e-20    5.8663e-20
6234.69043    1.0682e-18    8.9078e-19    1.3338e-18
6246.83496    1.3914e-18    1.1605e-18    1.7371e-18
6259.00195    2.7713e-19    2.3110e-19    3.4607e-19
6271.19385    1.3325e-20    1.1112e-20    1.6639e-20
6283.40869    1.9517e-20    1.6275e-20    2.4372e-20
6295.64795    8.4073e-21    7.0108e-21    1.0499e-20
6307.91016    1.0620e-19    8.8565e-20    1.3261e-19
6320.19678    4.4372e-18    3.7001e-18    5.5409e-18
6332.50781    1.5788e-19    1.3165e-19    1.9715e-19
6344.84180    8.0829e-19    6.7407e-19    1.0093e-18
6357.20020    2.3141e-20    1.9297e-20    2.8897e-20
6369.58252    7.8643e-19    6.5583e-19    9.8201e-19
6381.98926    2.5771e-18    2.1491e-18    3.2182e-18
6394.42041    3.1131e-20    2.5960e-20    3.8875e-20
6406.87549    1.0392e-19    8.6661e-20    1.2977e-19
6419.35449    3.7386e-19    3.1178e-19    4.6682e-19
6431.85840    7.1908e-19    5.9964e-19    8.9795e-19
6444.38672    3.1179e-19    2.6010e-19    3.8919e-19
6456.93896    2.1722e-18    1.8123e-18    2.7113e-18
6469.51514    3.4225e-19    2.8552e-19    4.2720e-19
6482.11719    4.1020e-19    3.4207e-19    5.1224e-19
6494.74268    1.6140e-18    1.3492e-18    2.0105e-18
6507.39355    5.4365e-19    4.5336e-19    6.7887e-19
6520.06836    1.7253e-18    1.4388e-18    2.1544e-18
6532.76855    9.3478e-19    7.7950e-19    1.1673e-18
6545.49316    3.8016e-21    3.1701e-21    4.7472e-21
6558.24268    4.9158e-19    6.1687e-19    3.0397e-19
6571.01611    5.6804e-19    4.7382e-19    7.0913e-19
6583.81543    6.5775e-19    5.4849e-19    8.2136e-19
6596.63965    6.5296e-20    5.4450e-20    8.1538e-20
6609.48828    1.4894e-19    1.2420e-19    1.8599e-19
6622.36230    1.1299e-18    9.4219e-19    1.4109e-18
6635.26172    2.0049e-21    1.6718e-21    2.5036e-21
6648.18506    1.1060e-18    9.2227e-19    1.3811e-18
6661.13525    3.6784e-19    3.0674e-19    4.5934e-19
6674.10986    8.1183e-21    6.7578e-21    1.0156e-20
6687.10938    1.0212e-19    8.5148e-20    1.2754e-19
6700.13428    2.8467e-20    2.3759e-20    3.5517e-20
6713.18506    4.1074e-21    3.4488e-21    5.0936e-21
6726.26123    2.0643e-19    1.7214e-19    2.5778e-19
6739.36279    7.9157e-22    6.6008e-22    9.8846e-22
6752.48926    1.2614e-20    1.0519e-20    1.5751e-20
6765.64258    7.0143e-20    5.8492e-20    8.7591e-20
6778.82031    3.9442e-20    3.2890e-20    4.9252e-20
6792.02441    4.7623e-21    3.9713e-21    5.9469e-21
6805.25439    2.6035e-20    2.1710e-20    3.2511e-20
6818.50928    1.3418e-19    1.1189e-19    1.6756e-19
6831.78955    1.5508e-20    1.2932e-20    1.9365e-20
6845.09717    1.7379e-20    1.4492e-20    2.1702e-20
6858.43018    2.3309e-18    1.9437e-18    2.9107e-18
6871.78906    1.9937e-19    1.6625e-19    2.4896e-19
6885.17432    4.7681e-21    3.9761e-21    5.9542e-21
6898.58447    1.4755e-20    1.2304e-20    1.8425e-20
6912.02246    2.6575e-20    2.2161e-20    3.3186e-20
6925.48486    5.2178e-19    4.3511e-19    6.5157e-19
6938.97412    3.1511e-20    2.6277e-20    3.9349e-20
6952.49023    3.3025e-20    2.7540e-20    4.1240e-20
6966.03271    9.6210e-21    8.0229e-21    1.2014e-20
6979.60059    1.6024e-20    1.3362e-20    2.0009e-20
6993.19629    1.7554e-19    1.4638e-19    2.1920e-19
