1000.97394    4.8091e-17    4.6031e-17    5.1586e-17
1002.92358    1.0065e-17    9.3813e-18    1.1225e-17
1004.87708    1.3035e-17    1.2288e-17    1.4302e-17
1006.83441    1.0693e-17    1.0172e-17    1.1576e-17
1008.79553    1.5413e-17    1.4763e-17    1.6515e-17
1010.76050    2.1439e-19    1.8502e-19    2.6420e-19
1012.72925    5.2191e-18    4.8700e-18    5.8113e-18
1014.70178    1.1902e-17    1.2408e-17    1.1043e-17
1016.67822    1.3079e-17    1.2896e-17    1.3390e-17
1018.65857    6.1680e-18    6.8286e-18    5.0471e-18
1020.64270    1.0374e-17    1.2571e-17    6.6455e-18
1022.63074    6.4040e-18    8.6835e-18    2.5368e-18
1024.62256    2.2198e-19    3.4051e-19    2.0877e-20
1026.61841    1.5023e-20    2.2163e-20    2.9111e-21
1028.61792    3.4897e-18    5.0075e-18    9.1471e-19
1030.62158    6.6084e-17    9.3170e-17    2.0131e-17
1032.62891    7.7894e-17    1.1684e-16    1.1826e-17
1034.64038    2.8883e-17    3.4001e-17    2.0200e-17
1036.65564    6.7956e-18    1.0790e-17    1.9373e-20
1038.67480    4.7976e-19    6.4142e-19    2.0552e-19
1040.69800    2.2511e-19    3.5247e-19    9.0333e-21
1042.72510    5.6442e-18    5.6045e-18    5.7115e-18
1044.75610    5.6264e-18    5.1232e-18    6.4802e-18
1046.79102    3.8859e-18    3.5748e-18    4.4138e-18
1048.83008    4.2481e-19    4.1564e-19    4.4038e-19
1050.87292    1.2195e-17    1.6032e-17    5.6862e-18
1052.91980    2.1637e-18    1.8748e-18    2.6538e-18
1054.97070    1.0821e-16    1.7015e-16    3.1365e-18
1057.02563    1.6602e-17    1.4336e-17    2.0445e-17
1059.08447    7.3497e-17    1.0154e-16    2.5929e-17
1061.14734    1.0971e-16    1.6279e-16    1.9667e-17
1063.21436    3.2757e-16    5.1111e-16    1.6176e-17
1065.28516    5.4271e-17    8.3098e-17    5.3640e-18
1067.36011    3.8699e-16    6.0142e-16    2.3208e-17
1069.43921    1.4862e-16    2.2856e-16    1.3015e-17
1071.52222    1.7461e-16    2.7433e-16    5.4505e-18
1073.60938    3.4919e-16    5.4346e-16    1.9612e-17
1075.70056    2.4221e-16    3.7861e-16    1.0799e-17
1077.79590    1.2797e-16    1.9384e-16    1.6235e-17
1079.89514    5.5205e-18    4.9520e-18    6.4849e-18
1081.99854    1.9280e-16    2.9767e-16    1.4883e-17
1084.10608    2.4395e-16    3.4735e-16    6.8536e-17
1086.21777    5.2493e-18    4.5349e-18    6.4613e-18
1088.33350    2.0635e-16    3.1238e-16    2.6465e-17
1090.45337    2.1859e-16    3.2152e-16    4.3969e-17
1092.57727    1.5971e-16    2.3664e-16    2.9206e-17
1094.70532    1.7056e-16    2.5297e-16    3.0752e-17
1096.83765    2.1458e-16    3.1426e-16    4.5470e-17
1098.97412    3.2281e-16    4.5372e-16    1.0070e-16
1101.11475    2.3468e-16    3.4105e-16    5.4212e-17
1103.25952    2.1302e-17    2.5726e-17    1.3796e-17
1105.40845    8.5935e-17    1.2429e-16    2.0867e-17
1107.56152    1.4401e-16    2.0407e-16    4.2104e-17
1109.71887    5.1530e-17    7.0875e-17    1.8711e-17
1111.88037    1.6490e-16    2.5305e-16    1.5352e-17
1114.04614    5.8356e-17    8.3491e-17    1.5716e-17
1116.21606    1.0098e-16    1.4739e-16    2.2237e-17
1118.39014    2.1576e-17    2.2361e-17    2.0243e-17
1120.56860    1.5915e-17    1.7471e-17    1.3276e-17
1122.75122    3.0899e-16    4.8133e-16    1.6617e-17
1124.93811    2.0172e-16    3.0258e-16    3.0623e-17
1127.12927    4.0815e-16    6.2984e-16    3.2041e-17
1129.32471    3.6260e-16    5.2242e-16    9.1457e-17
1131.52441    1.5840e-16    2.4682e-16    8.3858e-18
1133.72839    2.3803e-16    3.6964e-16    1.4763e-17
1135.93665    7.7075e-17    8.6754e-17    6.0654e-17
1138.14917    2.0608e-16    2.8792e-16    6.7232e-17
1140.36621    2.3607e-16    2.9362e-16    1.3844e-16
1142.58740    4.0842e-16    6.2866e-16    3.4788e-17
1144.81299    5.0296e-16    7.7444e-16    4.2382e-17
1147.04272    5.3925e-16    8.2375e-16    5.6575e-17
1149.27698    5.8795e-16    8.8310e-16    8.7222e-17
1151.51562    5.6985e-16    8.3695e-16    1.1669e-16
1153.75854    3.9398e-16    5.5970e-16    1.1283e-16
1156.00586    2.6779e-17    3.4190e-17    1.4205e-17
1158.25745    1.1362e-16    1.2901e-16    8.7506e-17
1160.51355    2.1453e-16    2.1942e-16    2.0624e-16
1162.77393    2.8174e-17    3.6952e-17    1.3282e-17
1165.03882    3.8101e-17    4.0233e-17    3.4484e-17
1167.30811    4.1474e-17    4.5453e-17    3.4722e-17
1169.58179    1.0237e-16    1.2225e-16    6.8633e-17
1171.85986    1.2562e-16    1.3364e-16    1.1202e-16
1174.14246    1.3563e-16    1.5966e-16    9.4852e-17
1176.42944    9.4210e-17    1.2515e-16    4.1727e-17
1178.72095    2.9612e-17    3.3918e-17    2.2308e-17
1181.01685    4.0985e-17    4.6059e-17    3.2376e-17
1183.31714    6.4445e-17    8.2894e-17    3.3146e-17
1185.62207    5.9993e-17    7.1043e-17    4.1246e-17
1187.93140    8.8045e-17    9.9414e-17    6.8758e-17
1190.24536    1.2718e-17    1.8784e-17    2.4263e-18
1192.56372    5.1732e-17    6.9189e-17    2.2115e-17
1194.88647    1.0919e-17    1.4810e-17    4.3189e-18
1197.21387    6.6783e-17    1.0248e-16    6.2199e-18
1199.54590    6.6668e-17    1.0516e-16    1.3689e-18
1201.88232    4.3111e-17    6.6568e-17    3.3153e-18
1204.22339    1.1590e-16    1.6690e-16    2.9381e-17
1206.56897    7.6505e-16    1.1630e-15    8.9955e-17
1208.91919    4.0641e-16    6.2227e-16    4.0218e-17
1211.27393    4.8011e-16    7.3781e-16    4.2914e-17
1213.63330    3.2144e-16    5.0511e-16    9.8409e-18
1215.99719    6.9302e-18    1.0494e-17    8.8453e-19
1218.36572    1.5899e-15    2.4721e-15    9.3272e-17
1220.73877    3.1994e-16    4.4279e-16    1.1152e-16
1223.11658    7.3820e-17    1.0633e-16    1.8663e-17
1225.49902    1.2544e-17    1.8130e-17    3.0668e-18
1227.88599    1.7255e-17    2.5015e-17    4.0904e-18
1230.27771    5.3760e-18    7.4236e-18    1.9023e-18
1232.67407    1.5513e-17    2.1874e-17    4.7213e-18
1235.07507    7.3140e-17    9.6988e-17    3.2682e-17
1237.48071    3.6946e-17    4.7548e-17    1.8959e-17
1239.89111    4.9373e-17    6.5732e-17    2.1620e-17
1242.30615    3.5087e-17    4.2788e-17    2.2023e-17
1244.72595    1.4871e-17    1.7452e-17    1.0493e-17
1247.15039    5.9321e-18    7.1461e-18    3.8726e-18
1249.57959    3.1482e-17    3.5295e-17    2.5012e-17
1252.01355    1.9857e-17    2.1943e-17    1.6318e-17
1254.45215    4.8295e-17    5.4492e-17    3.7783e-17
1256.89563    4.7536e-17    4.8084e-17    4.6607e-17
1259.34375    5.4577e-17    5.9845e-17    4.5641e-17
1261.79675    2.9277e-17    3.1709e-17    2.5151e-17
1264.25452    9.5237e-17    1.1584e-16    6.0281e-17
1266.71704    4.5152e-16    6.7186e-16    7.7710e-17
1269.18433    6.0329e-17    5.7199e-17    6.5641e-17
1271.65649    7.6341e-17    9.3697e-17    4.6897e-17
1274.13342    4.7078e-17    5.5181e-17    3.3331e-17
1276.61523    4.2023e-17    5.6843e-17    1.6882e-17
1279.10181    4.6898e-17    4.6119e-17    4.8220e-17
1281.59326    3.9491e-17    3.6737e-17    4.4162e-17
1284.08960    1.5611e-17    1.4313e-17    1.7814e-17
1286.59070    6.0704e-17    5.5332e-17    6.9817e-17
1289.09668    3.6555e-16    3.4010e-16    4.0874e-16
1291.60767    1.6666e-16    1.5467e-16    1.8700e-16
1294.12341    2.5100e-16    2.2830e-16    2.8952e-16
1296.64404    2.7939e-16    3.1070e-16    2.2628e-16
1299.16968    3.1563e-16    3.0492e-16    3.3379e-16
1301.70020    6.1031e-18    6.5523e-18    5.3411e-18
1304.23572    3.5848e-17    5.0915e-17    1.0287e-17
1306.77612    2.6024e-17    2.5338e-17    2.7187e-17
1309.32141    3.2868e-18    4.3146e-18    1.5431e-18
1311.87183    1.4775e-17    1.3457e-17    1.7011e-17
1314.42700    5.1923e-17    4.9361e-17    5.6270e-17
1316.98730    2.6637e-17    2.3153e-17    3.2547e-17
1319.55249    6.6613e-17    5.7995e-17    8.1233e-17
1322.12280    1.1171e-16    1.0775e-16    1.1841e-16
1324.69800    1.5128e-17    1.6874e-17    1.2166e-17
1327.27820    2.5009e-17    2.1532e-17    3.0908e-17
1329.86353    7.6903e-17    6.6681e-17    9.4244e-17
1332.45386    1.1999e-16    1.0424e-16    1.4672e-16
1335.04919    1.7066e-18    2.2022e-18    8.6593e-19
1337.64966    1.4707e-17    1.3441e-17    1.6855e-17
1340.25513    1.5679e-16    1.3142e-16    1.9983e-16
1342.86560    1.5832e-17    1.3307e-17    2.0115e-17
1345.48120    4.8146e-17    4.0538e-17    6.1054e-17
1348.10205    3.3383e-18    2.8698e-18    4.1331e-18
1350.72778    6.9579e-17    5.9585e-17    8.6535e-17
1353.35876    4.8856e-17    4.0863e-17    6.2416e-17
1355.99487    3.2543e-17    3.3210e-17    3.1410e-17
1358.63611    2.5980e-17    3.1034e-17    1.7407e-17
1361.28247    1.8152e-16    1.9128e-16    1.6496e-16
1363.93396    1.4925e-16    1.3873e-16    1.6710e-16
1366.59058    1.1724e-16    9.7548e-17    1.5065e-16
1369.25244    1.0638e-16    1.0270e-16    1.1263e-16
1371.91956    1.2809e-16    1.1161e-16    1.5605e-16
1374.59180    1.1622e-16    1.0524e-16    1.3486e-16
1377.26929    1.6214e-16    1.5840e-16    1.6849e-16
1379.95190    8.7293e-17    7.7908e-17    1.0321e-16
1382.63965    8.6838e-17    7.2422e-17    1.1130e-16
1385.33276    2.4669e-17    2.0486e-17    3.1767e-17
1388.03125    7.8527e-17    6.4699e-17    1.0199e-16
1390.73486    3.4957e-17    3.1174e-17    4.1377e-17
1393.44360    1.1051e-16    1.0010e-16    1.2817e-16
1396.15784    6.2617e-17    5.2319e-17    8.0089e-17
1398.87720    3.0705e-16    4.1476e-16    1.2431e-16
1401.60205    3.2549e-16    4.0555e-16    1.8966e-16
1404.33203    7.3383e-17    6.2341e-17    9.2115e-17
1407.06738    2.2129e-17    1.8407e-17    2.8443e-17
1409.80811    7.5198e-17    6.2311e-17    9.7061e-17
1412.55420    7.4255e-17    6.9899e-17    8.1644e-17
1415.30554    5.4601e-16    4.7648e-16    6.6396e-16
1418.06213    1.5566e-16    1.3539e-16    1.9004e-16
1420.82446    3.4140e-17    2.9327e-17    4.2307e-17
1423.59180    4.1356e-17    4.8621e-17    2.9030e-17
1426.36475    1.2824e-17    1.7026e-17    5.6948e-18
1429.14307    9.6693e-17    9.4141e-17    1.0102e-16
1431.92676    9.1429e-17    9.6061e-17    8.3570e-17
1434.71582    2.5210e-17    2.9847e-17    1.7344e-17
1437.51038    5.8238e-16    5.0605e-16    7.1187e-16
1440.31030    1.1771e-16    1.0953e-16    1.3158e-16
1443.11572    1.0759e-16    1.0445e-16    1.1291e-16
1445.92676    5.1398e-17    5.2579e-17    4.9394e-17
1448.74316    5.6501e-17    6.2677e-17    4.6024e-17
1451.56494    1.3222e-16    1.0980e-16    1.7026e-16
1454.39233    1.9894e-16    1.8719e-16    2.1889e-16
1457.22522    3.1887e-17    2.6190e-17    4.1553e-17
1460.06360    1.6471e-16    1.3624e-16    2.1302e-16
1462.90747    2.3855e-17    2.0209e-17    3.0041e-17
1465.75696    1.4505e-16    1.1841e-16    1.9025e-16
1468.61206    6.6220e-17    5.6095e-17    8.3398e-17
1471.47253    1.2893e-16    1.1055e-16    1.6013e-16
1474.33862    2.5733e-16    2.3036e-16    3.0308e-16
1477.21045    2.2235e-16    1.8040e-16    2.9351e-16
1480.08777    1.7956e-16    1.4576e-16    2.3690e-16
1482.97058    8.8604e-17    8.0812e-17    1.0183e-16
1485.85913    1.7083e-17    1.6006e-17    1.8911e-17
1488.75342    9.0790e-17    7.4207e-17    1.1892e-16
1491.65332    2.7043e-17    2.3425e-17    3.3180e-17
1494.55859    8.4339e-18    8.0145e-18    9.1455e-18
1497.46985    1.8169e-17    1.4605e-17    2.4215e-17
1500.38647    1.5024e-17    1.2334e-17    1.9588e-17
1503.30896    4.9502e-17    3.9868e-17    6.5846e-17
1506.23706    9.0449e-17    7.3506e-17    1.1919e-16
1509.17090    1.6953e-16    1.3939e-16    2.2066e-16
1512.11060    1.7355e-16    1.4438e-16    2.2305e-16
1515.05591    3.0675e-17    2.6456e-17    3.7832e-17
1518.00684    4.3042e-18    3.8625e-18    5.0534e-18
1520.96362    1.0714e-16    9.7119e-17    1.2413e-16
1523.92627    1.1304e-17    1.3955e-17    6.8051e-18
1526.89453    3.7325e-18    5.3660e-18    9.6135e-19
1529.86865    2.8612e-18    2.3245e-18    3.7718e-18
1532.84839    2.2611e-18    2.3275e-18    2.1483e-18
1535.83411    2.1757e-16    2.1711e-16    2.1836e-16
1538.82568    1.9988e-16    1.6061e-16    2.6650e-16
1541.82300    5.2015e-17    4.5046e-17    6.3839e-17
1544.82617    5.6863e-18    4.6835e-18    7.3874e-18
1547.83521    9.9866e-16    8.8759e-16    1.1871e-15
1550.85010    2.5511e-17    3.4971e-17    9.4615e-18
1553.87085    1.5522e-17    1.2571e-17    2.0527e-17
1556.89746    3.6778e-17    4.7492e-17    1.8602e-17
1559.92993    7.9993e-17    1.2554e-16    2.7160e-18
1562.96863    7.0632e-17    1.0987e-16    4.0611e-18
1566.01282    1.2354e-17    1.7520e-17    3.5910e-18
1569.06311    1.0250e-16    1.5922e-16    6.2878e-18
1572.11938    3.8840e-17    5.8488e-17    5.5055e-18
1575.18152    9.3853e-17    1.4602e-16    5.3503e-18
1578.24963    6.6213e-17    8.0661e-17    4.1704e-17
1581.32373    4.1820e-17    6.2889e-17    6.0761e-18
1584.40381    2.6582e-17    4.0668e-17    2.6852e-18
1587.48999    3.8015e-17    5.4495e-17    1.0057e-17
1590.58215    7.5323e-18    6.0956e-18    9.9698e-18
1593.68018    1.1513e-17    9.1771e-18    1.5476e-17
1596.78442    1.0176e-17    8.1326e-18    1.3642e-17
1599.89465    4.1134e-17    3.4710e-17    5.2031e-17
1603.01086    1.4884e-17    2.1445e-17    3.7531e-18
1606.13330    4.2551e-17    4.3241e-17    4.1380e-17
1609.26172    1.7827e-16    2.7768e-16    9.6196e-18
1612.39636    5.5255e-17    8.5271e-17    4.3334e-18
1615.53674    2.7951e-18    2.7860e-18    2.8104e-18
1618.68347    1.6027e-16    2.4657e-16    1.3869e-17
1621.83630    2.1572e-16    3.2468e-16    3.0854e-17
1624.99548    8.4445e-17    1.2651e-16    1.3082e-17
1628.16064    1.9793e-16    2.9757e-16    2.8898e-17
1631.33203    2.1616e-16    3.0771e-16    6.0844e-17
1634.50952    3.0314e-16    4.4056e-16    7.0014e-17
1637.69312    3.1714e-16    4.5642e-16    8.0839e-17
1640.88306    4.6366e-16    6.3329e-16    1.7588e-16
1644.07922    7.1666e-17    1.0433e-16    1.6254e-17
1647.28162    2.7870e-16    3.3613e-16    1.8126e-16
1650.49023    2.1222e-16    2.7768e-16    1.0117e-16
1653.70496    8.0445e-17    1.1908e-16    1.4901e-17
1656.92603    6.6796e-18    9.6345e-18    1.6665e-18
1660.15369    4.1037e-17    6.2821e-17    4.0802e-18
1663.38721    1.9299e-17    2.2303e-17    1.4202e-17
1666.62720    1.9952e-17    1.6524e-17    2.5767e-17
1669.87317    3.5414e-17    4.6498e-17    1.6610e-17
1673.12585    7.4291e-17    9.0837e-17    4.6220e-17
1676.38489    8.0526e-17    1.1876e-16    1.5658e-17
1679.65027    1.0601e-16    1.3274e-16    6.0667e-17
1682.92188    3.1255e-17    3.0864e-17    3.1919e-17
1686.19958    3.8517e-17    4.9339e-17    2.0157e-17
1689.48413    6.7726e-17    7.4176e-17    5.6783e-17
1692.77502    4.1718e-17    4.6663e-17    3.3328e-17
1696.07227    6.3044e-17    5.3299e-17    7.9577e-17
1699.37573    5.2556e-17    4.8557e-17    5.9341e-17
1702.68567    7.3778e-17    1.1519e-16    3.5155e-18
1706.00232    7.6453e-17    7.3199e-17    8.1972e-17
1709.32544    9.8408e-17    1.0464e-16    8.7832e-17
1712.65491    3.4744e-17    3.1743e-17    3.9835e-17
1715.99060    7.8027e-17    8.2451e-17    7.0520e-17
1719.33301    1.0985e-16    1.2220e-16    8.8901e-17
1722.68188    5.8659e-17    6.2688e-17    5.1825e-17
1726.03735    8.3364e-17    1.2219e-16    1.7491e-17
1729.39941    2.1036e-17    2.0436e-17    2.2053e-17
1732.76807    2.2577e-17    2.1371e-17    2.4623e-17
1736.14307    9.5230e-18    8.1082e-18    1.1923e-17
1739.52466    3.1633e-18    2.6033e-18    4.1135e-18
1742.91296    7.4943e-18    6.3084e-18    9.5062e-18
1746.30786    3.9693e-17    4.4080e-17    3.2251e-17
1749.70935    4.7371e-17    4.9037e-17    4.4546e-17
1753.11755    3.0158e-19    3.8037e-19    1.6792e-19
1756.53223    2.0037e-18    1.5967e-18    2.6942e-18
1759.95325    7.4080e-17    8.0103e-17    6.3863e-17
1763.38147    4.3794e-17    3.8173e-17    5.3331e-17
1766.81628    1.7031e-17    1.3753e-17    2.2591e-17
1770.25745    2.1954e-17    1.9206e-17    2.6617e-17
1773.70581    5.3742e-17    5.2530e-17    5.5799e-17
1777.16064    3.0971e-17    2.5710e-17    3.9898e-17
1780.62207    4.0038e-17    3.5075e-17    4.8458e-17
1784.09045    2.3610e-16    2.2083e-16    2.6202e-16
1787.56555    7.3671e-16    6.5574e-16    8.7409e-16
1791.04749    2.9008e-17    2.3590e-17    3.8199e-17
1794.53601    4.3498e-17    4.4373e-17    4.2013e-17
1798.03137    1.2763e-16    1.1263e-16    1.5308e-16
1801.53357    2.2161e-18    1.7614e-18    2.9874e-18
1805.04248    4.8541e-17    3.9197e-17    6.4394e-17
1808.55847    3.2849e-17    2.9853e-17    3.7930e-17
1812.08130    6.7122e-18    5.3365e-18    9.0461e-18
1815.61096    2.8172e-17    2.7731e-17    2.8920e-17
1819.14722    4.5441e-17    5.8055e-17    2.4042e-17
1822.69067    5.3312e-17    5.1662e-17    5.6110e-17
1826.24084    4.2188e-17    4.1272e-17    4.3742e-17
1829.79797    3.2609e-17    3.1821e-17    3.3946e-17
1833.36206    5.2758e-17    5.7734e-17    4.4316e-17
1836.93311    2.6312e-17    2.4083e-17    3.0093e-17
1840.51111    9.8372e-18    8.0972e-18    1.2789e-17
1844.09607    9.3663e-18    7.8275e-18    1.1977e-17
1847.68799    4.2109e-17    3.6156e-17    5.2208e-17
1851.28687    1.3610e-17    1.2095e-17    1.6180e-17
1854.89282    1.9139e-18    1.4902e-18    2.6328e-18
1858.50586    1.1893e-17    9.7223e-18    1.5576e-17
1862.12585    1.1466e-17    9.4711e-18    1.4850e-17
1865.75293    3.2420e-17    2.9301e-17    3.7710e-17
1869.38696    9.2261e-18    7.4968e-18    1.2160e-17
1873.02820    6.8897e-18    6.3223e-18    7.8523e-18
1876.67651    6.1057e-17    6.0373e-17    6.2217e-17
1880.33191    4.2584e-17    3.6070e-17    5.3637e-17
1883.99438    1.5197e-17    1.2176e-17    2.0321e-17
1887.66406    6.7190e-17    6.5610e-17    6.9869e-17
1891.34082    1.7723e-17    1.4630e-17    2.2969e-17
1895.02490    2.3200e-17    1.9296e-17    2.9823e-17
1898.71606    2.0016e-17    1.6085e-17    2.6687e-17
1902.41431    5.1597e-17    4.8532e-17    5.6797e-17
1906.11987    1.5527e-17    1.7834e-17    1.1612e-17
1909.83252    2.6544e-17    2.3203e-17    3.2214e-17
1913.55261    4.6000e-17    3.8599e-17    5.8556e-17
1917.27979    6.0969e-17    5.1775e-17    7.6566e-17
1921.01428    6.6834e-18    5.4263e-18    8.8162e-18
1924.75610    7.7676e-17    7.0156e-17    9.0436e-17
1928.50513    3.0937e-17    2.6958e-17    3.7687e-17
1932.26147    3.0356e-17    2.4973e-17    3.9488e-17
1936.02515    9.1951e-17    9.2963e-17    9.0232e-17
1939.79614    8.4478e-18    6.7316e-18    1.1359e-17
1943.57446    6.0488e-17    5.0642e-17    7.7193e-17
1947.36011    3.3237e-17    2.8382e-17    4.1473e-17
1951.15332    8.9175e-18    7.7235e-18    1.0943e-17
1954.95374    2.9384e-17    2.3515e-17    3.9341e-17
1958.76160    8.7936e-17    7.0284e-17    1.1788e-16
1962.57690    2.3101e-17    1.8981e-17    3.0091e-17
1966.39966    5.6819e-17    4.6011e-17    7.5154e-17
1970.22974    3.8782e-17    3.6291e-17    4.3009e-17
1974.06738    6.5403e-17    5.5809e-17    8.1680e-17
1977.91248    1.6569e-17    1.3475e-17    2.1817e-17
1981.76514    2.9024e-18    2.3103e-18    3.9069e-18
1985.62524    2.1909e-17    1.7454e-17    2.9468e-17
1989.49280    2.2928e-17    1.9361e-17    2.8978e-17
1993.36792    6.0751e-18    4.8556e-18    8.1439e-18
1997.25061    7.5166e-18    6.0005e-18    1.0089e-17
2001.14087    6.4136e-17    5.7761e-17    7.4951e-17
2005.03870    3.8327e-17    3.1057e-17    5.0662e-17
2008.94409    7.1563e-17    6.1614e-17    8.8442e-17
2012.85718    2.4317e-17    2.0560e-17    3.0690e-17
2016.77783    3.0609e-17    2.5316e-17    3.9590e-17
2020.70605    2.6011e-17    2.2473e-17    3.2013e-17
2024.64209    4.4121e-17    5.2750e-17    2.9481e-17
2028.58569    1.1882e-16    9.9348e-17    1.5186e-16
2032.53687    3.6342e-17    3.1024e-17    4.5365e-17
2036.49585    1.9735e-17    1.6997e-17    2.4379e-17
2040.46265    5.0553e-17    4.9381e-17    5.2542e-17
2044.43701    2.6546e-17    2.3553e-17    3.1624e-17
2048.41919    4.8905e-18    3.8876e-18    6.5920e-18
2052.40918    1.1904e-17    1.0599e-17    1.4119e-17
2056.40674    2.5884e-17    2.2758e-17    3.1187e-17
2060.41211    3.2056e-18    4.1176e-18    1.6586e-18
2064.42554    4.7554e-17    4.4324e-17    5.3033e-17
2068.44678    4.0840e-17    3.2931e-17    5.4258e-17
2072.47559    4.2857e-17    4.3422e-17    4.1898e-17
2076.51221    2.9868e-17    2.3880e-17    4.0027e-17
2080.55713    2.7164e-17    2.2966e-17    3.4287e-17
2084.60938    3.1219e-18    2.5081e-18    4.1632e-18
2088.66992    3.8912e-17    3.4433e-17    4.6509e-17
2092.73828    1.1321e-17    9.0078e-18    1.5246e-17
2096.81445    1.1827e-17    9.8765e-18    1.5135e-17
2100.89868    1.9104e-17    1.5296e-17    2.5564e-17
2104.99072    4.2149e-17    3.4086e-17    5.5828e-17
2109.09082    8.9659e-17    7.8385e-17    1.0879e-16
2113.19922    1.2814e-17    1.0257e-17    1.7150e-17
2117.31519    9.5468e-17    8.0385e-17    1.2106e-16
2121.43945    5.1904e-18    4.1725e-18    6.9174e-18
2125.57129    3.7645e-18    2.9912e-18    5.0764e-18
2129.71143    5.1173e-17    4.3374e-17    6.4405e-17
2133.85986    1.2968e-17    1.0330e-17    1.7443e-17
2138.01611    2.7925e-17    2.5536e-17    3.1977e-17
2142.18066    1.0282e-17    8.4013e-18    1.3472e-17
2146.35303    1.7195e-17    1.4673e-17    2.1474e-17
2150.53369    2.7780e-17    2.3746e-17    3.4624e-17
2154.72266    4.6367e-18    3.7901e-18    6.0731e-18
2158.91968    1.2495e-17    1.0333e-17    1.6162e-17
2163.12500    2.7656e-17    2.4099e-17    3.3691e-17
2167.33813    2.6470e-17    2.1370e-17    3.5123e-17
2171.55957    4.3757e-18    3.5172e-18    5.8323e-18
2175.78955    2.0431e-17    1.6561e-17    2.6996e-17
2180.02759    6.2516e-18    5.1646e-18    8.0958e-18
2184.27393    9.5987e-18    7.6516e-18    1.2902e-17
2188.52832    2.1448e-17    1.7624e-17    2.7935e-17
2192.79102    4.5328e-18    3.6215e-18    6.0789e-18
2197.06226    1.4064e-18    1.1183e-18    1.8952e-18
2201.34180    4.8352e-18    3.8550e-18    6.4982e-18
2205.62939    8.4025e-18    6.7165e-18    1.1263e-17
2209.92554    1.1755e-17    9.4290e-18    1.5701e-17
2214.22998    2.4932e-17    2.0838e-17    3.1878e-17
2218.54297    1.6238e-17    1.3236e-17    2.1331e-17
2222.86426    4.6043e-17    4.8379e-17    4.2081e-17
2227.19409    2.6850e-17    2.1904e-17    3.5242e-17
2231.53223    1.5286e-17    1.2805e-17    1.9496e-17
2235.87891    3.7232e-17    3.6793e-17    3.7979e-17
2240.23389    6.4179e-17    5.8563e-17    7.3708e-17
2244.59717    5.5325e-17    5.7169e-17    5.2198e-17
2248.96924    6.2257e-17    5.9224e-17    6.7403e-17
2253.34985    7.7587e-17    8.2448e-17    6.9338e-17
2257.73901    3.0916e-17    2.7179e-17    3.7256e-17
2262.13672    1.6465e-16    2.1616e-16    7.7271e-17
2266.54297    1.2943e-16    1.4646e-16    1.0054e-16
2270.95752    9.2331e-17    9.1276e-17    9.4122e-17
2275.38086    1.8861e-16    1.9576e-16    1.7648e-16
2279.81299    1.4344e-16    1.6973e-16    9.8845e-17
2284.25366    6.5185e-17    6.5902e-17    6.3967e-17
2288.70288    2.1394e-17    1.7160e-17    2.8576e-17
2293.16089    1.3982e-16    1.1694e-16    1.7862e-16
2297.62744    2.5554e-17    2.0803e-17    3.3613e-17
2302.10303    1.3238e-17    1.0621e-17    1.7680e-17
2306.58691    1.8593e-16    1.5005e-16    2.4682e-16
2311.07959    9.9663e-17    8.3257e-17    1.2750e-16
2315.58105    9.8806e-17    8.2622e-17    1.2626e-16
2320.09155    9.3962e-17    7.8828e-17    1.1964e-16
2324.61060    5.6977e-17    5.2864e-17    6.3955e-17
2329.13843    3.4586e-16    4.8200e-16    1.1489e-16
2333.67529    3.2048e-16    5.0428e-16    8.6628e-18
2338.22070    2.6799e-16    3.9656e-16    4.9860e-17
2342.77490    6.0538e-16    9.4471e-16    2.9687e-17
2347.33838    6.3590e-16    9.8432e-16    4.4789e-17
2351.91064    9.0801e-17    7.7180e-17    1.1391e-16
2356.49170    8.8434e-17    7.7561e-17    1.0688e-16
2361.08154    1.0206e-15    1.5906e-15    5.3684e-17
2365.68066    4.7727e-16    7.3750e-16    3.5798e-17
2370.28833    3.9960e-16    6.1767e-16    2.9645e-17
2374.90527    5.9715e-16    9.2359e-16    4.3348e-17
2379.53101    3.2752e-16    5.0731e-16    2.2504e-17
2384.16602    1.7666e-15    2.7259e-15    1.3910e-16
2388.80981    4.9662e-16    7.7614e-16    2.2391e-17
2393.46289    1.1789e-15    1.8065e-15    1.1424e-16
2398.12476    4.4820e-16    6.9596e-16    2.7869e-17
2402.79590    5.9387e-16    9.0402e-16    6.7706e-17
2407.47607    3.7417e-16    5.7552e-16    3.2587e-17
2412.16528    9.1498e-16    1.4156e-15    6.5634e-17
2416.86377    2.6109e-16    2.2105e-16    3.2901e-16
2421.57129    1.0809e-16    8.7552e-17    1.4293e-16
2426.28809    3.0071e-16    2.6114e-16    3.6782e-16
2431.01392    5.5259e-16    4.8564e-16    6.6617e-16
2435.74902    4.0359e-16    3.5622e-16    4.8396e-16
2440.49365    1.6900e-16    1.4356e-16    2.1216e-16
2445.24707    2.8907e-16    2.8652e-16    2.9339e-16
2450.01001    1.4667e-16    1.2249e-16    1.8770e-16
2454.78223    1.7975e-16    1.5892e-16    2.1510e-16
2459.56348    3.9896e-16    3.7658e-16    4.3691e-16
2464.35425    8.1087e-16    7.4707e-16    9.1911e-16
2469.15430    3.5904e-16    3.0857e-16    4.4466e-16
2473.96387    1.7487e-16    1.4784e-16    2.2072e-16
2478.78271    1.5036e-16    1.2898e-16    1.8661e-16
2483.61084    1.3077e-16    1.3979e-16    1.1546e-16
2488.44849    2.5186e-16    2.2377e-16    2.9952e-16
2493.29541    2.2552e-16    2.6489e-16    1.5872e-16
2498.15186    2.4532e-16    2.2371e-16    2.8198e-16
2503.01782    2.0483e-16    1.7522e-16    2.5507e-16
2507.89307    4.4235e-16    3.9090e-16    5.2964e-16
2512.77808    2.6354e-16    2.4602e-16    2.9325e-16
2517.67236    1.4532e-16    1.2743e-16    1.7567e-16
2522.57642    1.3685e-16    1.0954e-16    1.8318e-16
2527.48975    3.8398e-16    4.0796e-16    3.4329e-16
2532.41309    1.1916e-16    1.1017e-16    1.3441e-16
2537.34570    2.9892e-16    2.9130e-16    3.1185e-16
2542.28760    3.3243e-16    2.9827e-16    3.9039e-16
2547.23975    3.2169e-16    2.8561e-16    3.8289e-16
2552.20117    1.3719e-16    1.3167e-16    1.4655e-16
2557.17236    9.0626e-17    7.6525e-17    1.1455e-16
2562.15332    5.3287e-16    7.6041e-16    1.4685e-16
2567.14404    1.8390e-16    2.2917e-16    1.0710e-16
2572.14404    2.0943e-16    1.9156e-16    2.3975e-16
2577.15430    1.2179e-16    1.7054e-16    3.9096e-17
2582.17383    2.2558e-16    2.8023e-16    1.3287e-16
2587.20361    8.2584e-16    1.2558e-15    9.6336e-17
2592.24292    1.8537e-16    2.3882e-16    9.4684e-17
2597.29199    2.2874e-15    3.5768e-15    1.0009e-16
2602.35107    6.8663e-18    9.5054e-18    2.3889e-18
2607.41992    6.5305e-16    1.0028e-15    5.9759e-17
2612.49854    1.3840e-15    2.1330e-15    1.1341e-16
2617.58740    5.9476e-16    8.9918e-16    7.8314e-17
2622.68604    4.2755e-16    6.1507e-16    1.0942e-16
2627.79443    1.4354e-15    2.1955e-15    1.4587e-16
2632.91284    1.0062e-15    1.5519e-15    8.0325e-17
2638.04126    2.1048e-17    1.6889e-17    2.8105e-17
2643.17969    1.6846e-17    1.3530e-17    2.2471e-17
2648.32812    1.0025e-17    7.9725e-18    1.3508e-17
2653.48633    3.9751e-17    3.1374e-17    5.3962e-17
2658.65479    5.7912e-18    4.6058e-18    7.8024e-18
2663.83350    3.7817e-17    3.1181e-17    4.9076e-17
2669.02197    8.1734e-17    6.6015e-17    1.0840e-16
2674.22070    1.3313e-18    1.0586e-18    1.7940e-18
2679.42969    5.7562e-17    4.5497e-17    7.8031e-17
2684.64868    8.1592e-17    7.1269e-17    9.9107e-17
2689.87793    7.5468e-18    7.4523e-18    7.7073e-18
2695.11719    1.6063e-16    2.0171e-16    9.0932e-17
2700.36670    8.8723e-18    7.0609e-18    1.1945e-17
2705.62646    1.3712e-16    1.0969e-16    1.8364e-16
2710.89648    1.5587e-16    1.8577e-16    1.0516e-16
2716.17676    6.3852e-16    9.0929e-16    1.7915e-16
2721.46729    6.1950e-17    5.1204e-17    8.0180e-17
2726.76831    4.5653e-16    6.6574e-16    1.0161e-16
2732.07959    3.5682e-16    4.5424e-16    1.9155e-16
2737.40112    5.9974e-16    8.7531e-16    1.3224e-16
2742.73291    2.5655e-16    3.6049e-16    8.0222e-17
2748.07520    8.3808e-16    1.2381e-15    1.5943e-16
2753.42798    1.0905e-15    1.5773e-15    2.6457e-16
2758.79102    4.4115e-17    3.8482e-17    5.3671e-17
2764.16479    2.4060e-16    3.3487e-16    8.0670e-17
2769.54883    3.7397e-16    5.3365e-16    1.0307e-16
2774.94336    4.7710e-16    6.5842e-16    1.6949e-16
2780.34863    3.0083e-17    2.4013e-17    4.0380e-17
2785.76416    1.2098e-16    9.6477e-17    1.6254e-16
2791.18994    1.2722e-16    1.0554e-16    1.6399e-16
2796.62695    3.0841e-17    3.3187e-17    2.6862e-17
2802.07422    8.8460e-18    9.6592e-18    7.4664e-18
2807.53198    2.2091e-17    1.8475e-17    2.8224e-17
2813.00049    3.8605e-18    3.0733e-18    5.1961e-18
2818.47949    1.0757e-16    8.5507e-17    1.4501e-16
2823.96948    1.0136e-16    8.1622e-17    1.3485e-16
2829.47021    2.1036e-16    1.8748e-16    2.4918e-16
2834.98145    1.0360e-16    9.5017e-17    1.1816e-16
2840.50342    6.5264e-16    5.2463e-16    8.6981e-16
2846.03613    3.1074e-16    2.4786e-16    4.1743e-16
2851.57959    1.0190e-16    1.0413e-16    9.8108e-17
2857.13379    3.0787e-16    2.4545e-16    4.1377e-16
2862.69922    6.0723e-17    4.8356e-17    8.1704e-17
2868.27490    6.1058e-17    4.9739e-17    8.0259e-17
2873.86182    8.1670e-17    6.5171e-17    1.0966e-16
2879.45947    2.0542e-16    1.6866e-16    2.6777e-16
2885.06836    1.4119e-16    1.1902e-16    1.7879e-16
2890.68774    7.5594e-17    6.2593e-17    9.7650e-17
2896.31860    2.2103e-17    1.7614e-17    2.9718e-17
2901.95972    3.9366e-18    3.1406e-18    5.2871e-18
2907.61230    2.8125e-17    2.2416e-17    3.7811e-17
2913.27563    1.6746e-18    1.3386e-18    2.2446e-18
2918.95020    1.9069e-17    1.5441e-17    2.5224e-17
2924.63574    1.7204e-16    1.6076e-16    1.9118e-16
2930.33228    5.7035e-19    4.5422e-19    7.6735e-19
2936.04004    1.5816e-18    1.2604e-18    2.1266e-18
2941.75903    1.5895e-16    1.6676e-16    1.4569e-16
2947.48877    1.5344e-16    1.4781e-16    1.6299e-16
2953.22998    1.1533e-16    1.0645e-16    1.3042e-16
2958.98242    2.3055e-17    1.8568e-17    3.0667e-17
2964.74585    1.5010e-16    1.5284e-16    1.4545e-16
2970.52075    1.0939e-16    9.4985e-17    1.3384e-16
2976.30664    1.7716e-17    1.4335e-17    2.3450e-17
2982.10376    3.6015e-16    4.4046e-16    2.2390e-16
2987.91187    7.8024e-17    9.9172e-17    4.2147e-17
2993.73218    3.3119e-18    2.6320e-18    4.4653e-18
2999.56348    1.2542e-17    1.0818e-17    1.5468e-17
3005.40601    2.6258e-16    2.8390e-16    2.2642e-16
3011.25977    1.0439e-17    8.2954e-18    1.4076e-17
3017.12500    6.1974e-18    4.9257e-18    8.3547e-18
3023.00195    2.1624e-18    1.7186e-18    2.9153e-18
3028.89014    4.1050e-18    3.2620e-18    5.5352e-18
3034.79004    3.7862e-17    3.0112e-17    5.1012e-17
3040.70117    1.8853e-18    1.4981e-18    2.5422e-18
3046.62402    3.8099e-17    3.0303e-17    5.1325e-17
3052.55811    3.0339e-17    2.4112e-17    4.0903e-17
3058.50391    4.0326e-19    3.2052e-19    5.4362e-19
3064.46143    1.7701e-17    1.4079e-17    2.3845e-17
3070.43018    2.5636e-17    2.0377e-17    3.4557e-17
3076.41064    2.7453e-16    2.1823e-16    3.7006e-16
3082.40332    2.1282e-18    1.6959e-18    2.8615e-18
3088.40698    7.3219e-19    5.8182e-19    9.8729e-19
3094.42261    1.8170e-17    1.4422e-17    2.4527e-17
3100.44971    7.0498e-19    5.6034e-19    9.5037e-19
3106.48901    1.9439e-18    1.5481e-18    2.6153e-18
3112.53979    8.2860e-19    6.5853e-19    1.1171e-18
3118.60229    1.0005e-18    7.9510e-19    1.3489e-18
3124.67676    4.0449e-19    3.2145e-19    5.4535e-19
3130.76318    7.9632e-19    6.3689e-19    1.0668e-18
3136.86133    5.0171e-19    3.9873e-19    6.7642e-19
3142.97119    2.4524e-17    1.9998e-17    3.2201e-17
3149.09302    1.5185e-18    1.2070e-18    2.0470e-18
3155.22681    3.8651e-19    3.0717e-19    5.2110e-19
3161.37256    1.8343e-16    1.6804e-16    2.0953e-16
3167.53027    9.9452e-17    8.6251e-17    1.2185e-16
3173.70020    4.1721e-19    3.3161e-19    5.6244e-19
3179.88184    2.6383e-17    2.0984e-17    3.5543e-17
3186.07568    2.2397e-16    2.0309e-16    2.5940e-16
3192.28149    1.9767e-16    1.9758e-16    1.9783e-16
3198.49951    3.4401e-16    3.4352e-16    3.4483e-16
3204.72949    1.4972e-18    1.1899e-18    2.0185e-18
3210.97168    1.8450e-16    1.6850e-16    2.1163e-16
3217.22607    1.8008e-19    1.4900e-19    2.3279e-19
3223.49268    6.2607e-19    5.0141e-19    8.3755e-19
3229.77148    1.6858e-16    1.5057e-16    1.9913e-16
3236.06226    1.3871e-18    1.6156e-18    9.9928e-19
3242.36572    1.1510e-17    9.1415e-18    1.5529e-17
3248.68115    1.2963e-17    1.0340e-17    1.7414e-17
3255.00879    6.8782e-17    5.6418e-17    8.9757e-17
3261.34912    1.6159e-17    1.2897e-17    2.1691e-17
3267.70093    4.7273e-18    3.7636e-18    6.3623e-18
3274.06616    1.3436e-18    1.1060e-18    1.7466e-18
3280.44336    1.4768e-16    1.2202e-16    1.9123e-16
3286.83301    1.3555e-17    1.0878e-17    1.8096e-17
3293.23535    1.5974e-17    1.2816e-17    2.1333e-17
3299.64990    9.7912e-18    7.8922e-18    1.3013e-17
3306.07690    1.5713e-17    1.2570e-17    2.1047e-17
3312.51660    1.4365e-17    1.1510e-17    1.9210e-17
3318.96875    5.1879e-18    4.1230e-18    6.9946e-18
3325.43359    1.9747e-18    1.5700e-18    2.6613e-18
3331.91064    2.9207e-19    2.3211e-19    3.9378e-19
3338.40063    1.2841e-18    1.0207e-18    1.7309e-18
3344.90332    1.2793e-19    1.0167e-19    1.7248e-19
3351.41846    6.1621e-20    4.8972e-20    8.3082e-20
3357.94629    1.2404e-17    9.8602e-18    1.6721e-17
3364.48682    1.0316e-18    1.2028e-18    7.4098e-19
3371.04004    7.3217e-18    5.8308e-18    9.8511e-18
3377.60645    3.6521e-18    2.9025e-18    4.9238e-18
3384.18481    3.5857e-18    2.8498e-18    4.8344e-18
3390.77686    3.5724e-18    2.8396e-18    4.8157e-18
3397.38159    4.8310e-19    3.8393e-19    6.5134e-19
3403.99902    7.7178e-19    6.1335e-19    1.0406e-18
3410.62915    3.3716e-19    2.6802e-19    4.5445e-19
3417.27271    3.6548e-18    2.9083e-18    4.9212e-18
3423.92847    5.6627e-19    4.5002e-19    7.6348e-19
3430.59766    2.0837e-18    1.6561e-18    2.8093e-18
3437.27979    3.5642e-18    2.8335e-18    4.8039e-18
3443.97534    1.4977e-18    1.1928e-18    2.0149e-18
3450.68359    9.5878e-18    7.6218e-18    1.2923e-17
3457.40479    3.4952e-18    2.7787e-18    4.7106e-18
3464.13916    5.6142e-19    4.4631e-19    7.5672e-19
3470.88647    4.0487e-19    3.2179e-19    5.4580e-19
3477.64697    4.3889e-18    3.4991e-18    5.8984e-18
3484.42090    3.5614e-18    2.8311e-18    4.8005e-18
3491.20776    8.1539e-19    6.4825e-19    1.0989e-18
3498.00781    2.0221e-18    1.6079e-18    2.7247e-18
3504.82129    3.1900e-18    2.5355e-18    4.3003e-18
3511.64771    1.7184e-19    1.3657e-19    2.3168e-19
3518.48804    2.8463e-18    2.2624e-18    3.8370e-18
3525.34131    3.2051e-18    2.5472e-18    4.3211e-18
3532.20776    3.8020e-18    3.0216e-18    5.1262e-18
3539.08813    9.0377e-18    7.1822e-18    1.2185e-17
3545.98145    1.5229e-18    1.2103e-18    2.0533e-18
3552.88818    3.4974e-19    2.7799e-19    4.7147e-19
3559.80884    3.1802e-19    2.5274e-19    4.2879e-19
3566.74292    3.3514e-19    2.6666e-19    4.5132e-19
3573.68994    6.4468e-19    6.0991e-19    7.0366e-19
3580.65112    1.7554e-20    1.4001e-20    2.3581e-20
3587.62500    5.4464e-19    4.3485e-19    7.3090e-19
3594.61304    8.6633e-20    6.8851e-20    1.1680e-19
3601.61499    2.8821e-19    2.2905e-19    3.8858e-19
3608.63013    9.0134e-20    7.1632e-20    1.2152e-19
3615.65894    3.7287e-19    2.9632e-19    5.0275e-19
3622.70166    1.0334e-18    8.2811e-19    1.3816e-18
3629.75806    3.2610e-19    3.1015e-19    3.5316e-19
3636.82837    1.3766e-19    1.0940e-19    1.8560e-19
3643.91138    9.2124e-19    7.3229e-19    1.2418e-18
3651.00928    5.1227e-20    4.0712e-20    6.9066e-20
3658.12085    2.8808e-18    2.2961e-18    3.8726e-18
3665.24609    7.9787e-20    6.3416e-20    1.0756e-19
3672.38525    6.2227e-20    4.9361e-20    8.4054e-20
3679.53857    6.4272e-20    5.0996e-20    8.6796e-20
3686.70557    2.8013e-19    2.2106e-19    3.8036e-19
3693.88647    5.8474e-20    4.6353e-20    7.9038e-20
3701.08154    3.6960e-19    2.9244e-19    5.0052e-19
3708.29053    7.0975e-20    5.6417e-20    9.5673e-20
3715.51343    6.0161e-20    4.7590e-20    8.1490e-20
3722.75049    1.0691e-19    8.4888e-20    1.4426e-19
3730.00171    2.5567e-19    2.0318e-19    3.4473e-19
3737.26709    1.2923e-20    1.0269e-20    1.7426e-20
3744.54639    1.0525e-19    8.3646e-20    1.4189e-19
3751.84009    4.9938e-19    3.9650e-19    6.7392e-19
3759.14795    5.0742e-19    4.0326e-19    6.8413e-19
3766.47021    2.7275e-18    2.1700e-18    3.6733e-18
3773.80664    2.6195e-20    2.0904e-20    3.5171e-20
3781.15723    1.0403e-18    8.2704e-19    1.4020e-18
3788.52197    1.1539e-19    9.1702e-20    1.5557e-19
3795.90137    9.5635e-20    7.4952e-20    1.3072e-19
3803.29492    2.2762e-20    1.8089e-20    3.0689e-20
3810.70312    2.5118e-19    1.9962e-19    3.3866e-19
3818.12549    4.3181e-20    3.4318e-20    5.8217e-20
3825.56250    6.1561e-18    4.9010e-18    8.2854e-18
3833.01416    5.0806e-20    3.9700e-20    6.9646e-20
3840.47998    8.8430e-20    7.0102e-20    1.1952e-19
3847.96045    1.4367e-19    1.1419e-19    1.9369e-19
3855.45557    1.5959e-20    1.2683e-20    2.1518e-20
3862.96533    2.3044e-20    1.8313e-20    3.1069e-20
3870.48950    1.2801e-18    1.0179e-18    1.7248e-18
3878.02832    5.9254e-20    4.7268e-20    7.9587e-20
3885.58203    5.3372e-20    4.2415e-20    7.1961e-20
3893.15039    1.1133e-19    8.8530e-20    1.5001e-19
3900.73340    7.8069e-20    6.2047e-20    1.0525e-19
3908.33154    5.7835e-19    4.5969e-19    7.7966e-19
3915.94409    9.9157e-19    7.8819e-19    1.3366e-18
3923.57153    1.0466e-19    8.3174e-20    1.4111e-19
3931.21387    1.3670e-18    1.2099e-18    1.6335e-18
3938.87109    7.6623e-18    6.1211e-18    1.0277e-17
3946.54346    1.4223e-18    1.1326e-18    1.9139e-18
3954.23047    1.2328e-19    9.7975e-20    1.6622e-19
3961.93262    4.0866e-19    3.2510e-19    5.5042e-19
3969.64941    1.2041e-18    1.4183e-18    8.4081e-19
3977.38159    2.9011e-18    2.3070e-18    3.9091e-18
3985.12866    3.8437e-19    3.0549e-19    5.1820e-19
3992.89111    3.0609e-19    2.4326e-19    4.1268e-19
4000.66846    1.4756e-18    1.1731e-18    1.9886e-18
4008.46094    1.6067e-19    1.2769e-19    2.1662e-19
4016.26880    1.2076e-19    9.5974e-20    1.6282e-19
4024.09155    3.2641e-19    2.5940e-19    4.4009e-19
4031.92969    5.6638e-20    4.5652e-20    7.5275e-20
4039.78320    5.2920e-20    4.2060e-20    7.1343e-20
4047.65186    1.3833e-20    1.0994e-20    1.8649e-20
4055.53589    7.7941e-20    6.1941e-20    1.0508e-19
4063.43506    8.0052e-19    6.3620e-19    1.0793e-18
4071.35010    5.2266e-19    4.1538e-19    7.0467e-19
4079.28027    8.5831e-19    6.8212e-19    1.1572e-18
4087.22607    1.7630e-19    1.4011e-19    2.3769e-19
4095.18701    2.2427e-19    1.7823e-19    3.0238e-19
4103.16357    7.6994e-20    6.0517e-20    1.0495e-19
4111.15576    2.8491e-19    2.2642e-19    3.8413e-19
4119.16357    5.1893e-19    4.1247e-19    6.9955e-19
4127.18652    6.6558e-19    5.3154e-19    8.9298e-19
4135.22559    2.0833e-19    1.6557e-19    2.8088e-19
4143.28027    5.6720e-19    4.5077e-19    7.6475e-19
4151.35059    1.1190e-19    8.8930e-20    1.5087e-19
4159.43652    1.8697e-19    1.4859e-19    2.5208e-19
4167.53857    3.6309e-20    2.8856e-20    4.8953e-20
4175.65625    1.3368e-17    1.0644e-17    1.7990e-17
4183.78906    1.8806e-19    1.4947e-19    2.5354e-19
4191.93848    1.9448e-20    1.5456e-20    2.6221e-20
4200.10352    6.4343e-20    5.1137e-20    8.6747e-20
4208.28418    4.8190e-19    3.8300e-19    6.4970e-19
4216.48145    2.9889e-20    2.3753e-20    4.0298e-20
4224.69434    2.1026e-19    1.6721e-19    2.8330e-19
4232.92334    4.5116e-17    3.6227e-17    6.0197e-17
4241.16846    2.7025e-17    2.1532e-17    3.6342e-17
4249.42920    3.2060e-19    2.6105e-19    4.2164e-19
4257.70605    6.5279e-19    5.1884e-19    8.8004e-19
4265.99902    6.2505e-20    4.9727e-20    8.4184e-20
4274.30859    1.2385e-17    9.8430e-18    1.6696e-17
4282.63428    2.7266e-20    2.1669e-20    3.6762e-20
4290.97607    2.1490e-17    1.7080e-17    2.8973e-17
4299.33398    6.5530e-18    5.2203e-18    8.8141e-18
4307.70801    3.6306e-18    2.8855e-18    4.8947e-18
4316.09863    8.1754e-18    6.4974e-18    1.1022e-17
4324.50586    2.2422e-19    1.7819e-19    3.0230e-19
4332.92920    4.2657e-18    3.3975e-18    5.7387e-18
4341.36914    1.7420e-18    1.3238e-18    2.4516e-18
4349.82520    2.1959e-17    1.7511e-17    2.9504e-17
4358.29785    2.2635e-17    1.7990e-17    3.0516e-17
4366.78662    3.5530e-19    2.8240e-19    4.7897e-19
4375.29199    2.6232e-17    2.0955e-17    3.5185e-17
4383.81445    7.7663e-18    6.1802e-18    1.0457e-17
4392.35352    2.8254e-20    2.2454e-20    3.8094e-20
4400.90869    2.7849e-18    2.2146e-18    3.7524e-18
4409.48047    2.6597e-17    2.1165e-17    3.5814e-17
4418.06934    1.7312e-17    1.3778e-17    2.3306e-17
4426.67480    3.1869e-20    2.5327e-20    4.2967e-20
4435.29736    1.7820e-18    1.4163e-18    2.4026e-18
4443.93652    7.9739e-20    6.3371e-20    1.0751e-19
4452.59277    7.0641e-18    5.6141e-18    9.5239e-18
4461.26562    2.1594e-18    1.7161e-18    2.9114e-18
4469.95508    2.2385e-18    1.7794e-18    3.0175e-18
4478.66162    3.4097e-18    2.7099e-18    4.5969e-18
4487.38477    6.3718e-18    5.0673e-18    8.5848e-18
4496.12549    5.8489e-19    4.6490e-19    7.8845e-19
4504.88281    6.3621e-18    5.0734e-18    8.5485e-18
4513.65771    2.3110e-18    1.8372e-18    3.1148e-18
4522.44922    1.6270e-17    1.2965e-17    2.1875e-17
4531.25830    9.0356e-19    7.1813e-19    1.2181e-18
4540.08447    3.8169e-18    3.0390e-18    5.1368e-18
4548.92773    1.2192e-17    9.7360e-18    1.6358e-17
4557.78809    4.0690e-18    3.2350e-18    5.4839e-18
4566.66602    8.4121e-21    6.6853e-21    1.1342e-20
4575.56055    6.8015e-18    5.4211e-18    9.1433e-18
4584.47314    2.4890e-17    1.9864e-17    3.3418e-17
4593.40283    7.5925e-19    6.0359e-19    1.0233e-18
4602.34961    1.4959e-19    1.1888e-19    2.0169e-19
4611.31445    9.2824e-21    7.3770e-21    1.2515e-20
4620.29590    8.7435e-18    6.9615e-18    1.1767e-17
4629.29590    2.7609e-17    2.1956e-17    3.7200e-17
4638.31250    1.2303e-18    9.7772e-19    1.6587e-18
4647.34668    1.0227e-18    8.1291e-19    1.3786e-18
4656.39941    3.2698e-20    2.5986e-20    4.4085e-20
4665.46875    4.9398e-18    3.9262e-18    6.6593e-18
4674.55664    1.1187e-19    8.8908e-20    1.5083e-19
4683.66113    5.9727e-19    4.7467e-19    8.0528e-19
4692.78418    1.0871e-20    8.6396e-21    1.4657e-20
4701.92480    1.3381e-19    1.0634e-19    1.8041e-19
4711.08301    8.7606e-21    6.9622e-21    1.1812e-20
4720.25977    4.0036e-19    3.1818e-19    5.3979e-19
4729.45361    2.7947e-18    2.2211e-18    3.7680e-18
4738.66602    3.7203e-20    2.9566e-20    5.0158e-20
4747.89551    3.7042e-19    2.9438e-19    4.9942e-19
4757.14355    1.3620e-20    1.0824e-20    1.8363e-20
4766.41016    3.7130e-21    2.9508e-21    5.0060e-21
4775.69385    2.4982e-18    1.9854e-18    3.3682e-18
4784.99609    2.9216e-21    2.3218e-21    3.9390e-21
4794.31641    3.5826e-19    2.8472e-19    4.8303e-19
4803.65430    1.2605e-20    1.0018e-20    1.6995e-20
4813.01074    5.3790e-18    4.2749e-18    7.2522e-18
4822.38574    4.6383e-19    3.6862e-19    6.2536e-19
4831.77930    2.3440e-19    1.8629e-19    3.1602e-19
4841.19043    1.8912e-19    1.5030e-19    2.5498e-19
4850.62012    2.9248e-19    2.3244e-19    3.9434e-19
4860.06836    2.7147e-20    2.1535e-20    3.6667e-20
4869.53467    2.6302e-19    2.0949e-19    3.5383e-19
4879.01953    3.0285e-18    2.4068e-18    4.0832e-18
4888.52295    3.6157e-18    2.8735e-18    4.8749e-18
4898.04492    8.2681e-19    6.5708e-19    1.1148e-18
4907.58545    3.2749e-18    2.6027e-18    4.4154e-18
4917.14453    8.8865e-21    7.0623e-21    1.1981e-20
4926.72168    4.9714e-17    4.0070e-17    6.6075e-17
4936.31836    3.3610e-20    2.6710e-20    4.5314e-20
4945.93311    5.9512e-18    4.7296e-18    8.0237e-18
4955.56689    2.5225e-18    2.0047e-18    3.4009e-18
4965.21973    1.6572e-20    1.3170e-20    2.2343e-20
4974.89062    2.6522e-18    2.1078e-18    3.5758e-18
4984.58105    2.4248e-20    1.9271e-20    3.2693e-20
4994.29004    1.3864e-19    1.1018e-19    1.8692e-19
5004.01758    4.4673e-18    3.5503e-18    6.0231e-18
5013.76465    6.1696e-17    5.0288e-17    8.1051e-17
5023.53027    2.1342e-18    1.6994e-18    2.8719e-18
5033.31543    1.1951e-20    9.4981e-21    1.6114e-20
5043.11914    2.4241e-18    1.9265e-18    3.2683e-18
5052.94238    4.0732e-18    3.2371e-18    5.4918e-18
5062.78418    5.0938e-19    4.0482e-19    6.8678e-19
5072.64551    1.0502e-17    8.3460e-18    1.4159e-17
5082.52637    2.8240e-20    2.2443e-20    3.8074e-20
5092.42578    1.6425e-20    1.3053e-20    2.2145e-20
5102.34473    1.0996e-19    8.7384e-20    1.4825e-19
5112.28320    7.7282e-18    6.1419e-18    1.0419e-17
5122.24121    6.4537e-20    5.1289e-20    8.7013e-20
5132.21777    2.1089e-19    1.6760e-19    2.8433e-19
5142.21484    9.3530e-20    7.4331e-20    1.2610e-19
5152.23047    1.2253e-19    9.7374e-20    1.6519e-19
5162.26660    3.9962e-17    3.1761e-17    5.3875e-17
5172.32129    7.0922e-17    5.7925e-17    9.2971e-17
5182.39648    5.1539e-18    4.0485e-18    7.0294e-18
5192.49023    5.2027e-20    4.1357e-20    7.0130e-20
5202.60449    9.8646e-18    7.8415e-18    1.3297e-17
5212.73779    1.1231e-20    8.9251e-21    1.5142e-20
5222.89160    9.6200e-19    7.6452e-19    1.2970e-18
5233.06445    1.1814e-17    9.3983e-18    1.5913e-17
5243.25781    3.5761e-20    2.8420e-20    4.8215e-20
5253.47021    1.4771e-18    1.1740e-18    1.9913e-18
5263.70312    2.0641e-17    1.6405e-17    2.7829e-17
5273.95557    3.8221e-17    3.0380e-17    5.1522e-17
5284.22852    2.0175e-17    1.6086e-17    2.7112e-17
5294.52100    1.2125e-18    9.6362e-19    1.6348e-18
5304.83398    5.7402e-20    4.5618e-20    7.7392e-20
5315.16650    9.3667e-17    7.4421e-17    1.2632e-16
5325.51953    2.3068e-18    1.8333e-18    3.1101e-18
5335.89258    8.7678e-18    6.9681e-18    1.1821e-17
5346.28564    9.0971e-19    7.2296e-19    1.2265e-18
5356.69922    3.5166e-20    2.7947e-20    4.7413e-20
5367.13281    1.3692e-18    1.0882e-18    1.8458e-18
5377.58691    9.0251e-18    7.1725e-18    1.2168e-17
5388.06152    1.4349e-19    1.1404e-19    1.9347e-19
5398.55664    2.1508e-20    1.7093e-20    2.8998e-20
5409.07178    1.1622e-18    9.2361e-19    1.5669e-18
5419.60742    2.2040e-20    1.7518e-20    2.9712e-20
5430.16406    7.3507e-18    5.8417e-18    9.9108e-18
5440.74121    7.7632e-20    6.1696e-20    1.0467e-19
5451.33887    1.0221e-19    8.1226e-20    1.3780e-19
5461.95703    9.0473e-21    7.1901e-21    1.2198e-20
5472.59570    2.8876e-19    2.2948e-19    3.8932e-19
5483.25488    9.2597e-20    7.3589e-20    1.2484e-19
5493.93555    5.9940e-19    4.7635e-19    8.0814e-19
5504.63672    6.5934e-20    5.2399e-20    8.8896e-20
5515.35840    3.9687e-20    3.1540e-20    5.3508e-20
5526.10156    2.1209e-18    1.6855e-18    2.8595e-18
5536.86523    3.6320e-19    2.8864e-19    4.8969e-19
5547.64941    4.1632e-19    3.3086e-19    5.6130e-19
5558.45557    6.4032e-19    5.0888e-19    8.6332e-19
5569.28271    9.1668e-20    7.2851e-20    1.2359e-19
5580.12988    2.7834e-19    2.2120e-19    3.7528e-19
5590.99902    2.0411e-19    1.6221e-19    2.7520e-19
5601.88965    6.0459e-21    4.8048e-21    8.1514e-21
5612.80078    2.3633e-19    1.8782e-19    3.1864e-19
5623.73340    3.1026e-19    2.4657e-19    4.1830e-19
5634.68750    2.0031e-20    1.5919e-20    2.7007e-20
5645.66211    4.6338e-19    3.6826e-19    6.2476e-19
5656.65918    5.5454e-19    4.4070e-19    7.4766e-19
5667.67676    3.1643e-19    2.5147e-19    4.2663e-19
5678.71680    3.4884e-19    2.7723e-19    4.7033e-19
5689.77734    1.6039e-18    1.2747e-18    2.1625e-18
5700.86035    1.2040e-20    9.5688e-21    1.6234e-20
5711.96484    3.6501e-19    2.9008e-19    4.9212e-19
5723.09033    2.3878e-19    1.8976e-19    3.2193e-19
5734.23779    1.0603e-19    8.4263e-20    1.4295e-19
5745.40723    6.0467e-19    4.8054e-19    8.1525e-19
5756.59766    1.1616e-19    9.2313e-20    1.5661e-19
5767.81104    5.7799e-20    4.5934e-20    7.7928e-20
5779.04492    3.5747e-19    2.8409e-19    4.8194e-19
5790.30176    2.7934e-20    2.2200e-20    3.7662e-20
5801.58008    1.3917e-19    1.1060e-19    1.8763e-19
5812.88037    1.7393e-19    1.3823e-19    2.3451e-19
5824.20264    9.5289e-21    7.5729e-21    1.2847e-20
5835.54688    5.6216e-19    4.4676e-19    7.5794e-19
5846.91357    3.2691e-19    2.5980e-19    4.4075e-19
5858.30225    1.2978e-19    1.0314e-19    1.7497e-19
5869.71289    4.8862e-19    3.8831e-19    6.5878e-19
5881.14600    4.7277e-19    3.7577e-19    6.3732e-19
5892.60156    1.3086e-20    1.5057e-20    9.7425e-21
5904.07910    3.1640e-19    2.5201e-19    4.2565e-19
5915.57910    2.2191e-18    1.7636e-18    2.9920e-18
5927.10156    2.8525e-19    2.2669e-19    3.8459e-19
5938.64648    4.0553e-21    3.2228e-21    5.4675e-21
5950.21387    2.8222e-19    2.2429e-19    3.8051e-19
5961.80371    6.1332e-20    4.8742e-20    8.2691e-20
5973.41602    1.1136e-19    8.8498e-20    1.5014e-19
5985.05127    2.4289e-19    1.9303e-19    3.2748e-19
5996.70850    3.1684e-19    2.5181e-19    4.2718e-19
6008.38867    1.3837e-18    1.0997e-18    1.8657e-18
6020.09229    4.2909e-19    3.4101e-19    5.7853e-19
6031.81836    1.3960e-20    1.1095e-20    1.8822e-20
6043.56738    5.3703e-19    4.2679e-19    7.2405e-19
6055.33887    2.2618e-18    1.7975e-18    3.0495e-18
6067.13428    3.8006e-20    3.0204e-20    5.1242e-20
6078.95117    1.1574e-18    9.1983e-19    1.5605e-18
6090.79150    2.0727e-19    1.6473e-19    2.7946e-19
6102.65527    4.4266e-20    3.5180e-20    5.9681e-20
6114.54199    1.1779e-19    9.3608e-20    1.5881e-19
6126.45215    3.4711e-20    2.7585e-20    4.6799e-20
6138.38525    1.4789e-20    1.1753e-20    1.9940e-20
6150.34131    1.1418e-18    9.0743e-19    1.5394e-18
6162.32178    8.3907e-20    6.6683e-20    1.1313e-19
6174.32422    1.7517e-18    1.3921e-18    2.3617e-18
6186.35059    1.1364e-18    9.0310e-19    1.5321e-18
6198.40088    2.9144e-19    2.3161e-19    3.9293e-19
6210.47314    3.0299e-21    2.4079e-21    4.0851e-21
6222.57031    3.7805e-20    3.0045e-20    5.0972e-20
6234.69043    1.3788e-18    1.0957e-18    1.8589e-18
6246.83496    1.8594e-18    1.4781e-18    2.5063e-18
6259.00195    2.6246e-19    2.0859e-19    3.5387e-19
6271.19385    4.6154e-20    3.6680e-20    6.2228e-20
6283.40869    3.2313e-20    2.5680e-20    4.3567e-20
6295.64795    7.5746e-21    6.0197e-21    1.0213e-20
6307.91016    1.1282e-19    8.9661e-20    1.5211e-19
6320.19678    4.4804e-18    3.5607e-18    6.0407e-18
6332.50781    2.6672e-19    2.1197e-19    3.5961e-19
6344.84180    5.8997e-19    4.6888e-19    7.9539e-19
6357.20020    1.3158e-19    1.0457e-19    1.7741e-19
6369.58252    8.1526e-19    6.4795e-19    1.0991e-18
6381.98926    2.5863e-18    2.0554e-18    3.4870e-18
6394.42041    5.0695e-20    4.0288e-20    6.8350e-20
6406.87549    2.2120e-19    1.7579e-19    2.9823e-19
6419.35449    8.0658e-19    6.4097e-19    1.0875e-18
6431.85840    9.5354e-19    7.5780e-19    1.2856e-18
6444.38672    5.6028e-19    4.4526e-19    7.5540e-19
6456.93896    4.2818e-18    3.4027e-18    5.7731e-18
6469.51514    5.2679e-19    4.1865e-19    7.1025e-19
6482.11719    2.9745e-19    2.3639e-19    4.0104e-19
6494.74268    1.8755e-18    1.4905e-18    2.5286e-18
6507.39355    5.8024e-19    4.6113e-19    7.8231e-19
6520.06836    2.0291e-18    1.6128e-18    2.7354e-18
6532.76855    7.5588e-19    6.0072e-19    1.0191e-18
6545.49316    1.0525e-20    8.3641e-21    1.4190e-20
6558.24268    6.7519e-19    6.5979e-19    7.0133e-19
6571.01611    3.8441e-19    3.0544e-19    5.1838e-19
6583.81543    7.2795e-19    5.7852e-19    9.8147e-19
6596.63965    1.3561e-19    1.0777e-19    1.8283e-19
6609.48828    1.5828e-19    1.2579e-19    2.1340e-19
6622.36230    9.0632e-19    7.2028e-19    1.2220e-18
6635.26172    4.2730e-21    3.3959e-21    5.7612e-21
6648.18506    8.2437e-19    6.5514e-19    1.1115e-18
6661.13525    3.9076e-19    3.1055e-19    5.2684e-19
6674.10986    1.9385e-20    1.5403e-20    2.6141e-20
6687.10938    1.7471e-19    1.3884e-19    2.3556e-19
6700.13428    8.3967e-20    6.6731e-20    1.1321e-19
6713.18506    3.8086e-21    3.0275e-21    5.1339e-21
6726.26123    2.3067e-19    1.8332e-19    3.1100e-19
6739.36279    1.2793e-21    1.0167e-21    1.7249e-21
6752.48926    2.2286e-20    1.7711e-20    3.0048e-20
6765.64258    7.2668e-20    5.7751e-20    9.7975e-20
6778.82031    1.0999e-19    8.7410e-20    1.4829e-19
6792.02441    6.4723e-21    5.1436e-21    8.7263e-21
6805.25439    7.6538e-20    6.0827e-20    1.0319e-19
6818.50928    1.0732e-19    8.5292e-20    1.4470e-19
6831.78955    2.9579e-20    2.3507e-20    3.9880e-20
6845.09717    1.7549e-20    1.3947e-20    2.3661e-20
6858.43018    1.8215e-18    1.4476e-18    2.4559e-18
6871.78906    5.5957e-19    4.4470e-19    7.5444e-19
6885.17432    5.0376e-21    4.0035e-21    6.7920e-21
6898.58447    1.1004e-19    8.7454e-20    1.4837e-19
6912.02246    3.5741e-20    2.8404e-20    4.8188e-20
6925.48486    5.1286e-19    4.0758e-19    6.9147e-19
6938.97412    2.1530e-19    1.7111e-19    2.9029e-19
6952.49023    3.0927e-20    2.4579e-20    4.1698e-20
6966.03271    4.2602e-20    3.3856e-20    5.7438e-20
6979.60059    1.6672e-20    1.3249e-20    2.2478e-20
6993.19629    2.0902e-19    1.6611e-19    2.8181e-19
