1000.97394    4.7875e-17    4.5322e-17    5.2129e-17
1002.92358    1.0271e-17    9.5329e-18    1.1500e-17
1004.87708    1.3197e-17    1.2372e-17    1.4569e-17
1006.83441    1.0888e-17    1.0266e-17    1.1924e-17
1008.79553    1.5467e-17    1.4604e-17    1.6904e-17
1010.76050    2.0918e-19    1.7955e-19    2.5853e-19
1012.72925    5.1619e-18    4.7466e-18    5.8536e-18
1014.70178    1.1975e-17    1.2193e-17    1.1611e-17
1016.67822    1.2734e-17    1.2369e-17    1.3343e-17
1018.65857    6.1648e-18    6.6919e-18    5.2867e-18
1020.64270    1.0398e-17    1.2316e-17    7.2033e-18
1022.63074    6.4054e-18    8.5372e-18    2.8545e-18
1024.62256    2.1811e-19    3.3544e-19    2.2679e-20
1026.61841    1.5236e-20    2.2539e-20    3.0717e-21
1028.61792    3.5776e-18    5.1042e-18    1.0348e-18
1030.62158    7.0126e-17    9.8227e-17    2.3319e-17
1032.62891    8.2407e-17    1.2367e-16    1.3676e-17
1034.64038    3.0415e-17    3.5312e-17    2.2257e-17
1036.65564    7.3982e-18    1.1827e-17    2.0564e-20
1038.67480    4.2834e-19    5.7065e-19    1.9128e-19
1040.69800    2.1263e-19    3.3470e-19    9.3035e-21
1042.72510    5.0748e-18    4.9983e-18    5.2024e-18
1044.75610    5.3082e-18    4.7985e-18    6.1572e-18
1046.79102    3.6769e-18    3.3551e-18    4.2129e-18
1048.83008    4.2231e-19    4.0883e-19    4.4476e-19
1050.87292    1.2044e-17    1.5692e-17    5.9691e-18
1052.91980    2.0124e-18    1.7389e-18    2.4680e-18
1054.97070    1.0594e-16    1.6752e-16    3.3813e-18
1057.02563    1.6040e-17    1.3821e-17    1.9735e-17
1059.08447    7.2115e-17    9.9730e-17    2.6117e-17
1061.14734    1.0646e-16    1.5883e-16    1.9214e-17
1063.21436    3.2200e-16    5.0447e-16    1.8082e-17
1065.28516    5.2913e-17    8.1115e-17    5.9393e-18
1067.36011    3.8098e-16    5.9402e-16    2.6127e-17
1069.43921    1.4627e-16    2.2531e-16    1.4619e-17
1071.52222    1.7087e-16    2.6981e-16    6.0544e-18
1073.60938    3.4309e-16    5.3593e-16    2.1878e-17
1075.70056    2.3745e-16    3.7276e-16    1.2062e-17
1077.79590    1.2619e-16    1.9140e-16    1.7587e-17
1079.89514    5.3654e-18    4.7805e-18    6.3395e-18
1081.99854    1.8859e-16    2.9209e-16    1.6184e-17
1084.10608    2.4145e-16    3.4053e-16    7.6407e-17
1086.21777    5.0236e-18    4.3262e-18    6.1853e-18
1088.33350    2.0236e-16    3.0653e-16    2.8853e-17
1090.45337    2.1709e-16    3.1751e-16    4.9823e-17
1092.57727    1.5963e-16    2.3535e-16    3.3524e-17
1094.70532    1.6911e-16    2.4981e-16    3.4697e-17
1096.83765    2.1366e-16    3.1084e-16    5.1791e-17
1098.97412    3.2275e-16    4.4807e-16    1.1401e-16
1101.11475    2.3204e-16    3.3492e-16    6.0674e-17
1103.25952    2.2332e-17    2.6365e-17    1.5614e-17
1105.40845    9.0091e-17    1.2958e-16    2.4319e-17
1107.56152    1.5705e-16    2.2076e-16    5.0929e-17
1109.71887    5.3339e-17    7.2330e-17    2.1707e-17
1111.88037    1.6898e-16    2.5995e-16    1.7440e-17
1114.04614    6.2628e-17    8.7963e-17    2.0427e-17
1116.21606    1.0248e-16    1.4920e-16    2.4645e-17
1118.39014    2.0896e-17    2.1306e-17    2.0213e-17
1120.56860    1.5442e-17    1.6650e-17    1.3428e-17
1122.75122    3.0217e-16    4.7289e-16    1.7800e-17
1124.93811    1.9912e-16    2.9855e-16    3.3512e-17
1127.12927    4.0013e-16    6.1965e-16    3.4470e-17
1129.32471    3.8473e-16    5.5046e-16    1.0867e-16
1131.52441    1.6013e-16    2.5052e-16    9.5491e-18
1133.72839    2.3984e-16    3.7409e-16    1.6216e-17
1135.93665    8.9063e-17    9.9328e-17    7.1965e-17
1138.14917    2.0639e-16    2.8652e-16    7.2917e-17
1140.36621    2.4211e-16    2.9685e-16    1.5094e-16
1142.58740    4.0136e-16    6.1986e-16    3.7418e-17
1144.81299    4.9537e-16    7.6579e-16    4.4940e-17
1147.04272    5.2919e-16    8.1083e-16    6.0062e-17
1149.27698    5.7705e-16    8.6826e-16    9.2000e-17
1151.51562    5.5728e-16    8.2059e-16    1.1868e-16
1153.75854    3.8557e-16    5.4721e-16    1.1633e-16
1156.00586    2.6524e-17    3.3393e-17    1.5081e-17
1158.25745    1.1270e-16    1.2596e-16    9.0624e-17
1160.51355    2.1122e-16    2.1282e-16    2.0857e-16
1162.77393    2.8690e-17    3.6893e-17    1.5027e-17
1165.03882    3.8958e-17    4.0315e-17    3.6699e-17
1167.30811    4.4862e-17    4.8029e-17    3.9588e-17
1169.58179    1.0181e-16    1.1989e-16    7.1685e-17
1171.85986    1.2425e-16    1.3005e-16    1.1458e-16
1174.14246    1.3427e-16    1.5543e-16    9.9011e-17
1176.42944    9.3015e-17    1.2200e-16    4.4733e-17
1178.72095    2.9728e-17    3.3258e-17    2.3850e-17
1181.01685    4.0611e-17    4.4553e-17    3.4045e-17
1183.31714    6.3539e-17    8.0500e-17    3.5287e-17
1185.62207    5.7596e-17    6.7108e-17    4.1751e-17
1187.93140    8.5993e-17    9.4763e-17    7.1384e-17
1190.24536    1.2673e-17    1.8684e-17    2.6610e-18
1192.56372    5.1710e-17    6.8299e-17    2.4079e-17
1194.88647    1.3251e-17    1.7619e-17    5.9742e-18
1197.21387    7.0688e-17    1.0889e-16    7.0573e-18
1199.54590    7.2056e-17    1.1441e-16    1.5006e-18
1201.88232    4.7084e-17    7.3130e-17    3.7000e-18
1204.22339    1.3611e-16    1.9400e-16    3.9701e-17
1206.56897    8.6565e-16    1.3220e-15    1.0551e-16
1208.91919    4.6751e-16    7.1581e-16    5.3933e-17
1211.27393    5.5194e-16    8.5226e-16    5.1684e-17
1213.63330    3.6201e-16    5.7215e-16    1.1983e-17
1215.99719    7.4942e-18    1.1443e-17    9.1588e-19
1218.36572    1.8091e-15    2.8291e-15    1.1017e-16
1220.73877    3.9743e-16    5.4800e-16    1.4663e-16
1223.11658    8.5186e-17    1.2107e-16    2.5421e-17
1225.49902    1.3535e-17    1.9079e-17    4.3008e-18
1227.88599    1.6610e-17    2.3914e-17    4.4442e-18
1230.27771    5.4431e-18    7.4261e-18    2.1402e-18
1232.67407    1.5623e-17    2.1717e-17    5.4736e-18
1235.07507    7.6246e-17    9.9647e-17    3.7268e-17
1237.48071    3.6627e-17    4.6260e-17    2.0583e-17
1239.89111    5.0182e-17    6.6014e-17    2.3810e-17
1242.30615    3.4567e-17    4.1452e-17    2.3098e-17
1244.72595    1.4386e-17    1.6591e-17    1.0712e-17
1247.15039    5.9924e-18    6.9647e-18    4.3729e-18
1249.57959    3.0035e-17    3.3068e-17    2.4983e-17
1252.01355    1.9671e-17    2.1368e-17    1.6843e-17
1254.45215    4.7148e-17    5.2334e-17    3.8511e-17
1256.89563    4.7171e-17    4.7260e-17    4.7024e-17
1259.34375    5.5444e-17    6.0141e-17    4.7619e-17
1261.79675    2.7839e-17    2.9949e-17    2.4324e-17
1264.25452    1.0158e-16    1.2354e-16    6.5011e-17
1266.71704    4.9109e-16    7.3316e-16    8.7872e-17
1269.18433    5.7971e-17    5.4563e-17    6.3648e-17
1271.65649    7.5925e-17    9.1933e-17    4.9261e-17
1274.13342    4.5624e-17    5.2585e-17    3.4029e-17
1276.61523    4.2287e-17    5.6966e-17    1.7837e-17
1279.10181    4.8630e-17    4.7518e-17    5.0481e-17
1281.59326    3.9525e-17    3.6508e-17    4.4551e-17
1284.08960    1.7441e-17    1.5875e-17    2.0050e-17
1286.59070    6.2470e-17    5.6615e-17    7.2224e-17
1289.09668    4.1500e-16    3.8365e-16    4.6721e-16
1291.60767    1.8643e-16    1.7230e-16    2.0996e-16
1294.12341    2.7098e-16    2.4635e-16    3.1201e-16
1296.64404    3.0450e-16    3.3666e-16    2.5093e-16
1299.16968    3.4114e-16    3.2826e-16    3.6259e-16
1301.70020    5.9429e-18    6.3898e-18    5.1986e-18
1304.23572    3.7721e-17    5.3644e-17    1.1197e-17
1306.77612    2.5600e-17    2.4814e-17    2.6908e-17
1309.32141    3.2641e-18    4.2513e-18    1.6196e-18
1311.87183    1.4206e-17    1.2885e-17    1.6408e-17
1314.42700    5.0732e-17    4.7733e-17    5.5728e-17
1316.98730    2.5632e-17    2.2248e-17    3.1269e-17
1319.55249    6.3373e-17    5.5042e-17    7.7249e-17
1322.12280    1.0761e-16    1.0298e-16    1.1531e-16
1324.69800    1.5026e-17    1.6582e-17    1.2435e-17
1327.27820    2.4093e-17    2.0709e-17    2.9730e-17
1329.86353    7.5459e-17    6.5334e-17    9.2323e-17
1332.45386    1.1808e-16    1.0243e-16    1.4415e-16
1335.04919    1.7023e-18    2.1922e-18    8.8629e-19
1337.64966    1.4044e-17    1.2839e-17    1.6051e-17
1340.25513    1.6280e-16    1.3675e-16    2.0619e-16
1342.86560    1.6702e-17    1.4044e-17    2.1131e-17
1345.48120    4.6366e-17    3.9078e-17    5.8507e-17
1348.10205    3.3036e-18    2.8363e-18    4.0819e-18
1350.72778    7.5268e-17    6.4174e-17    9.3748e-17
1353.35876    4.8182e-17    4.0407e-17    6.1131e-17
1355.99487    3.4725e-17    3.4917e-17    3.4404e-17
1358.63611    2.5291e-17    2.9645e-17    1.8040e-17
1361.28247    1.7985e-16    1.8672e-16    1.6839e-16
1363.93396    1.4882e-16    1.3752e-16    1.6765e-16
1366.59058    1.1305e-16    9.3982e-17    1.4480e-16
1369.25244    1.0243e-16    9.7886e-17    1.1001e-16
1371.91956    1.2174e-16    1.0597e-16    1.4800e-16
1374.59180    1.1175e-16    1.0128e-16    1.2919e-16
1377.26929    1.5609e-16    1.5113e-16    1.6434e-16
1379.95190    8.5308e-17    7.6170e-17    1.0053e-16
1382.63965    8.3431e-17    6.9678e-17    1.0634e-16
1385.33276    2.3643e-17    1.9689e-17    3.0228e-17
1388.03125    7.3807e-17    6.0914e-17    9.5285e-17
1390.73486    3.5537e-17    3.1366e-17    4.2486e-17
1393.44360    1.0855e-16    9.7227e-17    1.2741e-16
1396.15784    5.9081e-17    4.9386e-17    7.5228e-17
1398.87720    3.0306e-16    4.0668e-16    1.3047e-16
1401.60205    3.2155e-16    3.9415e-16    2.0062e-16
1404.33203    6.9037e-17    5.8568e-17    8.6475e-17
1407.06738    2.0698e-17    1.7256e-17    2.6430e-17
1409.80811    7.8622e-17    6.5351e-17    1.0073e-16
1412.55420    7.0497e-17    6.6193e-17    7.7666e-17
1415.30554    5.3633e-16    4.6680e-16    6.5214e-16
1418.06213    1.5142e-16    1.3129e-16    1.8496e-16
1420.82446    3.4523e-17    2.9572e-17    4.2771e-17
1423.59180    4.2470e-17    4.9306e-17    3.1082e-17
1426.36475    1.3018e-17    1.7217e-17    6.0246e-18
1429.14307    1.0252e-16    9.9515e-17    1.0752e-16
1431.92676    9.7183e-17    1.0006e-16    9.2397e-17
1434.71582    2.4415e-17    2.8667e-17    1.7331e-17
1437.51038    6.2345e-16    5.4137e-16    7.6017e-16
1440.31030    1.1374e-16    1.0641e-16    1.2596e-16
1443.11572    1.1266e-16    1.0704e-16    1.2201e-16
1445.92676    5.1606e-17    5.2334e-17    5.0394e-17
1448.74316    6.2209e-17    6.9568e-17    4.9952e-17
1451.56494    1.6806e-16    1.3992e-16    2.1493e-16
1454.39233    2.2129e-16    2.0771e-16    2.4390e-16
1457.22522    3.2679e-17    2.6927e-17    4.2259e-17
1460.06360    1.7713e-16    1.4694e-16    2.2742e-16
1462.90747    2.2190e-17    1.8815e-17    2.7812e-17
1465.75696    1.6328e-16    1.3375e-16    2.1247e-16
1468.61206    6.8087e-17    5.7656e-17    8.5460e-17
1471.47253    1.4216e-16    1.2191e-16    1.7589e-16
1474.33862    2.7568e-16    2.4498e-16    3.2680e-16
1477.21045    2.4874e-16    2.0266e-16    3.2550e-16
1480.08777    1.8069e-16    1.4721e-16    2.3644e-16
1482.97058    9.2095e-17    8.3178e-17    1.0695e-16
1485.85913    1.6409e-17    1.5456e-17    1.7996e-17
1488.75342    8.7975e-17    7.2133e-17    1.1436e-16
1491.65332    2.6350e-17    2.2834e-17    3.2208e-17
1494.55859    8.3444e-18    7.7989e-18    9.2531e-18
1497.46985    1.6330e-17    1.3187e-17    2.1565e-17
1500.38647    1.4020e-17    1.1542e-17    1.8147e-17
1503.30896    4.6072e-17    3.7254e-17    6.0758e-17
1506.23706    8.4274e-17    6.8666e-17    1.1027e-16
1509.17090    1.6042e-16    1.3225e-16    2.0733e-16
1512.11060    1.6617e-16    1.3840e-16    2.1241e-16
1515.05591    2.8221e-17    2.4349e-17    3.4671e-17
1518.00684    4.0675e-18    3.6364e-18    4.7857e-18
1520.96362    1.0355e-16    9.3410e-17    1.2043e-16
1523.92627    1.0710e-17    1.3115e-17    6.7032e-18
1526.89453    3.6858e-18    5.2923e-18    1.0100e-18
1529.86865    2.7742e-18    2.2604e-18    3.6300e-18
1532.84839    2.2784e-18    2.3451e-18    2.1674e-18
1535.83411    2.5589e-16    2.5221e-16    2.6202e-16
1538.82568    2.1162e-16    1.7077e-16    2.7966e-16
1541.82300    5.3067e-17    4.6188e-17    6.4526e-17
1544.82617    5.3429e-18    4.4126e-18    6.8924e-18
1547.83521    1.0713e-15    9.5136e-16    1.2712e-15
1550.85010    2.4606e-17    3.3738e-17    9.3941e-18
1553.87085    1.5793e-17    1.2856e-17    2.0684e-17
1556.89746    3.8597e-17    4.9782e-17    1.9967e-17
1559.92993    7.7636e-17    1.2246e-16    2.9789e-18
1562.96863    6.8471e-17    1.0690e-16    4.4582e-18
1566.01282    1.1973e-17    1.6939e-17    3.7004e-18
1569.06311    9.9284e-17    1.5486e-16    6.7160e-18
1572.11938    3.7724e-17    5.6942e-17    5.7118e-18
1575.18152    9.0758e-17    1.4189e-16    5.5931e-18
1578.24963    6.2833e-17    7.7011e-17    3.9218e-17
1581.32373    4.0368e-17    6.0904e-17    6.1629e-18
1584.40381    2.5733e-17    3.9518e-17    2.7718e-18
1587.48999    3.6593e-17    5.2530e-17    1.0047e-17
1590.58215    6.7097e-18    5.4555e-18    8.7987e-18
1593.68018    1.0365e-17    8.3121e-18    1.3784e-17
1596.78442    9.8512e-18    7.9179e-18    1.3072e-17
1599.89465    3.8405e-17    3.2466e-17    4.8298e-17
1603.01086    1.4380e-17    2.0714e-17    3.8302e-18
1606.13330    4.0999e-17    4.1213e-17    4.0644e-17
1609.26172    1.7357e-16    2.7172e-16    1.0074e-17
1612.39636    5.3176e-17    8.2433e-17    4.4437e-18
1615.53674    2.6591e-18    2.6288e-18    2.7097e-18
1618.68347    1.5647e-16    2.4171e-16    1.4499e-17
1621.83630    2.0957e-16    3.1686e-16    3.0839e-17
1624.99548    8.2461e-17    1.2371e-16    1.3762e-17
1628.16064    1.9323e-16    2.9143e-16    2.9671e-17
1631.33203    2.0954e-16    2.9910e-16    6.0381e-17
1634.50952    2.9473e-16    4.2920e-16    7.0738e-17
1637.69312    3.1086e-16    4.4870e-16    8.1253e-17
1640.88306    4.5453e-16    6.2028e-16    1.7844e-16
1644.07922    7.0508e-17    1.0232e-16    1.7512e-17
1647.28162    2.6747e-16    3.1994e-16    1.8006e-16
1650.49023    2.0350e-16    2.6537e-16    1.0044e-16
1653.70496    7.7801e-17    1.1539e-16    1.5196e-17
1656.92603    6.6946e-18    9.5311e-18    1.9700e-18
1660.15369    3.9319e-17    6.0386e-17    4.2289e-18
1663.38721    1.8681e-17    2.1304e-17    1.4312e-17
1666.62720    1.8234e-17    1.5142e-17    2.3385e-17
1669.87317    3.7570e-17    4.9145e-17    1.8291e-17
1673.12585    7.5005e-17    9.0983e-17    4.8391e-17
1676.38489    8.0744e-17    1.1866e-16    1.7594e-17
1679.65027    1.0613e-16    1.3176e-16    6.3441e-17
1682.92188    3.2485e-17    3.2099e-17    3.3126e-17
1686.19958    4.3568e-17    5.4224e-17    2.5819e-17
1689.48413    6.5203e-17    7.0687e-17    5.6069e-17
1692.77502    4.0206e-17    4.4241e-17    3.3484e-17
1696.07227    6.7577e-17    5.7222e-17    8.4825e-17
1699.37573    5.0257e-17    4.5943e-17    5.7443e-17
1702.68567    7.0721e-17    1.1103e-16    3.5699e-18
1706.00232    7.1629e-17    6.8214e-17    7.7317e-17
1709.32544    9.4509e-17    9.9369e-17    8.6415e-17
1712.65491    3.2658e-17    2.9769e-17    3.7472e-17
1715.99060    7.4881e-17    7.8010e-17    6.9668e-17
1719.33301    1.0391e-16    1.1521e-16    8.5101e-17
1722.68188    5.6465e-17    5.9828e-17    5.0862e-17
1726.03735    8.0264e-17    1.1777e-16    1.7797e-17
1729.39941    2.0040e-17    1.9343e-17    2.1200e-17
1732.76807    2.1506e-17    2.0259e-17    2.3582e-17
1736.14307    8.8247e-18    7.5118e-18    1.1012e-17
1739.52466    2.9511e-18    2.4262e-18    3.8255e-18
1742.91296    6.9710e-18    5.9102e-18    8.7379e-18
1746.30786    3.8183e-17    4.2061e-17    3.1723e-17
1749.70935    4.6655e-17    4.8275e-17    4.3957e-17
1753.11755    2.8772e-19    3.6319e-19    1.6200e-19
1756.53223    1.8635e-18    1.4947e-18    2.4778e-18
1759.95325    7.1372e-17    7.6640e-17    6.2598e-17
1763.38147    4.2238e-17    3.6728e-17    5.1415e-17
1766.81628    1.7036e-17    1.3830e-17    2.2377e-17
1770.25745    2.1202e-17    1.8513e-17    2.5681e-17
1773.70581    5.0687e-17    4.9141e-17    5.3261e-17
1777.16064    2.8558e-17    2.3769e-17    3.6535e-17
1780.62207    3.7432e-17    3.2750e-17    4.5230e-17
1784.09045    2.2377e-16    2.0722e-16    2.5134e-16
1787.56555    7.0388e-16    6.2237e-16    8.3964e-16
1791.04749    2.6631e-17    2.1751e-17    3.4758e-17
1794.53601    4.1458e-17    4.1959e-17    4.0622e-17
1798.03137    1.1912e-16    1.0506e-16    1.4255e-16
1801.53357    2.0508e-18    1.6412e-18    2.7330e-18
1805.04248    4.4241e-17    3.5919e-17    5.8102e-17
1808.55847    3.0823e-17    2.8036e-17    3.5464e-17
1812.08130    6.6542e-18    5.3264e-18    8.8659e-18
1815.61096    2.7125e-17    2.6516e-17    2.8140e-17
1819.14722    4.4621e-17    5.6424e-17    2.4961e-17
1822.69067    5.0710e-17    4.9043e-17    5.3487e-17
1826.24084    4.0220e-17    3.9142e-17    4.2016e-17
1829.79797    3.0831e-17    2.9915e-17    3.2357e-17
1833.36206    5.1438e-17    5.5643e-17    4.4434e-17
1836.93311    2.4519e-17    2.2352e-17    2.8127e-17
1840.51111    1.0589e-17    8.6981e-18    1.3739e-17
1844.09607    8.7977e-18    7.3700e-18    1.1176e-17
1847.68799    3.8585e-17    3.3204e-17    4.7547e-17
1851.28687    1.2753e-17    1.1289e-17    1.5190e-17
1854.89282    1.8714e-18    1.4739e-18    2.5337e-18
1858.50586    1.0896e-17    8.9466e-18    1.4142e-17
1862.12585    1.1846e-17    9.8263e-18    1.5209e-17
1865.75293    2.9793e-17    2.6887e-17    3.4633e-17
1869.38696    8.7173e-18    7.1163e-18    1.1384e-17
1873.02820    6.8309e-18    6.3116e-18    7.6958e-18
1876.67651    5.7616e-17    5.6542e-17    5.9404e-17
1880.33191    3.9094e-17    3.3185e-17    4.8936e-17
1883.99438    1.4732e-17    1.1874e-17    1.9494e-17
1887.66406    6.6315e-17    6.4778e-17    6.8874e-17
1891.34082    1.6554e-17    1.3720e-17    2.1275e-17
1895.02490    2.1410e-17    1.7859e-17    2.7326e-17
1898.71606    1.8154e-17    1.4676e-17    2.3948e-17
1902.41431    5.1241e-17    4.8259e-17    5.6208e-17
1906.11987    1.4895e-17    1.6866e-17    1.1612e-17
1909.83252    2.4799e-17    2.1674e-17    3.0003e-17
1913.55261    4.2544e-17    3.5776e-17    5.3818e-17
1917.27979    5.7088e-17    4.8494e-17    7.1403e-17
1921.01428    6.0719e-18    4.9523e-18    7.9368e-18
1924.75610    7.3654e-17    6.6895e-17    8.4913e-17
1928.50513    2.8739e-17    2.5057e-17    3.4872e-17
1932.26147    2.7674e-17    2.2829e-17    3.5746e-17
1936.02515    8.8684e-17    8.8919e-17    8.8293e-17
1939.79614    7.7941e-18    6.2505e-18    1.0365e-17
1943.57446    5.6452e-17    4.7362e-17    7.1592e-17
1947.36011    3.0576e-17    2.6142e-17    3.7962e-17
1951.15332    8.1794e-18    7.1048e-18    9.9694e-18
1954.95374    3.0063e-17    2.4187e-17    3.9851e-17
1958.76160    9.4330e-17    7.5877e-17    1.2507e-16
1962.57690    2.4609e-17    2.0257e-17    3.1857e-17
1966.39966    5.6985e-17    4.6361e-17    7.4681e-17
1970.22974    3.8667e-17    3.6226e-17    4.2733e-17
1974.06738    6.6218e-17    5.6633e-17    8.2184e-17
1977.91248    1.6326e-17    1.3343e-17    2.1294e-17
1981.76514    2.6813e-18    2.1487e-18    3.5685e-18
1985.62524    1.9993e-17    1.6028e-17    2.6596e-17
1989.49280    2.1140e-17    1.7884e-17    2.6563e-17
1993.36792    5.6655e-18    4.5571e-18    7.5118e-18
1997.25061    7.0635e-18    5.6706e-18    9.3837e-18
2001.14087    5.9885e-17    5.3825e-17    6.9979e-17
2005.03870    3.5244e-17    2.8709e-17    4.6130e-17
2008.94409    6.6410e-17    5.7290e-17    8.1603e-17
2012.85718    2.2456e-17    1.9048e-17    2.8131e-17
2016.77783    2.9159e-17    2.4214e-17    3.7394e-17
2020.70605    2.4472e-17    2.1135e-17    3.0031e-17
2024.64209    4.5684e-17    5.4927e-17    3.0287e-17
2028.58569    1.2127e-16    1.0159e-16    1.5404e-16
2032.53687    3.3271e-17    2.8473e-17    4.1262e-17
2036.49585    1.7926e-17    1.5476e-17    2.2008e-17
2040.46265    4.7737e-17    4.6428e-17    4.9918e-17
2044.43701    2.4658e-17    2.1853e-17    2.9330e-17
2048.41919    4.4007e-18    3.5224e-18    5.8638e-18
2052.40918    1.1013e-17    9.8245e-18    1.2994e-17
2056.40674    2.3842e-17    2.0986e-17    2.8598e-17
2060.41211    3.0921e-18    3.9364e-18    1.6858e-18
2064.42554    4.4982e-17    4.1862e-17    5.0178e-17
2068.44678    3.9631e-17    3.2143e-17    5.2103e-17
2072.47559    4.0531e-17    4.0840e-17    4.0017e-17
2076.51221    2.9039e-17    2.3350e-17    3.8514e-17
2080.55713    2.5360e-17    2.1506e-17    3.1780e-17
2084.60938    2.8691e-18    2.3120e-18    3.7970e-18
2088.66992    3.5816e-17    3.1685e-17    4.2698e-17
2092.73828    1.1647e-17    9.3302e-18    1.5506e-17
2096.81445    1.1571e-17    9.6708e-18    1.4737e-17
2100.89868    1.7840e-17    1.4370e-17    2.3620e-17
2104.99072    4.1217e-17    3.3476e-17    5.4111e-17
2109.09082    8.3099e-17    7.2685e-17    1.0045e-16
2113.19922    1.2429e-17    1.0049e-17    1.6393e-17
2117.31519    8.9384e-17    7.5289e-17    1.1286e-16
2121.43945    4.8113e-18    3.8900e-18    6.3460e-18
2125.57129    3.9823e-18    3.1861e-18    5.3086e-18
2129.71143    4.7449e-17    4.0301e-17    5.9355e-17
2133.85986    1.1633e-17    9.3290e-18    1.5472e-17
2138.01611    2.6234e-17    2.3914e-17    3.0097e-17
2142.18066    9.3835e-18    7.7003e-18    1.2187e-17
2146.35303    1.6129e-17    1.3812e-17    1.9989e-17
2150.53369    2.5418e-17    2.1805e-17    3.1438e-17
2154.72266    4.3212e-18    3.5485e-18    5.6082e-18
2158.91968    1.1598e-17    9.6262e-18    1.4882e-17
2163.12500    2.4945e-17    2.1791e-17    3.0197e-17
2167.33813    2.4363e-17    1.9771e-17    3.2012e-17
2171.55957    4.0818e-18    3.2985e-18    5.3865e-18
2175.78955    1.8411e-17    1.5013e-17    2.4071e-17
2180.02759    5.8786e-18    4.8242e-18    7.6348e-18
2184.27393    8.7007e-18    6.9814e-18    1.1565e-17
2188.52832    1.9974e-17    1.6478e-17    2.5797e-17
2192.79102    4.2200e-18    3.3930e-18    5.5975e-18
2197.06226    1.3415e-18    1.0740e-18    1.7873e-18
2201.34180    4.4911e-18    3.6035e-18    5.9695e-18
2205.62939    7.8230e-18    6.2924e-18    1.0372e-17
2209.92554    1.1011e-17    8.8791e-18    1.4563e-17
2214.22998    2.2870e-17    1.9168e-17    2.9036e-17
2218.54297    1.4669e-17    1.2021e-17    1.9080e-17
2222.86426    4.3322e-17    4.5431e-17    3.9810e-17
2227.19409    2.5057e-17    2.0547e-17    3.2570e-17
2231.53223    1.4240e-17    1.1960e-17    1.8037e-17
2235.87891    3.6994e-17    3.6262e-17    3.8213e-17
2240.23389    6.0544e-17    5.5268e-17    6.9331e-17
2244.59717    5.4940e-17    5.6135e-17    5.2949e-17
2248.96924    6.0485e-17    5.7201e-17    6.5954e-17
2253.34985    7.5900e-17    8.0341e-17    6.8501e-17
2257.73901    2.9057e-17    2.5557e-17    3.4887e-17
2262.13672    1.7092e-16    2.2364e-16    8.3101e-17
2266.54297    1.2481e-16    1.3964e-16    1.0010e-16
2270.95752    8.9093e-17    8.7917e-17    9.1052e-17
2275.38086    1.7834e-16    1.8389e-16    1.6909e-16
2279.81299    1.4861e-16    1.7463e-16    1.0526e-16
2284.25366    6.3574e-17    6.3908e-17    6.3017e-17
2288.70288    2.0178e-17    1.6277e-17    2.6677e-17
2293.16089    1.3136e-16    1.1024e-16    1.6654e-16
2297.62744    2.3840e-17    1.9452e-17    3.1148e-17
2302.10303    1.2185e-17    9.8362e-18    1.6097e-17
2306.58691    1.7545e-16    1.4235e-16    2.3057e-16
2311.07959    9.4176e-17    7.8817e-17    1.1976e-16
2315.58105    9.3129e-17    7.8040e-17    1.1826e-16
2320.09155    8.8227e-17    7.4240e-17    1.1152e-16
2324.61060    5.3910e-17    4.9995e-17    6.0431e-17
2329.13843    3.3592e-16    4.6984e-16    1.1285e-16
2333.67529    3.0947e-16    4.8991e-16    8.9176e-18
2338.22070    2.5893e-16    3.8550e-16    4.8086e-17
2342.77490    5.8590e-16    9.2044e-16    2.8660e-17
2347.33838    6.2085e-16    9.6618e-16    4.5635e-17
2351.91064    8.5453e-17    7.2668e-17    1.0675e-16
2356.49170    8.3475e-17    7.3186e-17    1.0061e-16
2361.08154    1.0107e-15    1.5828e-15    5.7630e-17
2365.68066    4.6649e-16    7.2355e-16    3.8314e-17
2370.28833    3.9409e-16    6.1181e-16    3.1449e-17
2374.90527    5.7894e-16    8.9910e-16    4.5655e-17
2379.53101    3.1957e-16    4.9691e-16    2.4189e-17
2384.16602    1.7054e-15    2.6461e-15    1.3843e-16
2388.80981    4.7970e-16    7.5409e-16    2.2652e-17
2393.46289    1.1686e-15    1.7956e-15    1.2417e-16
2398.12476    4.3407e-16    6.7755e-16    2.8524e-17
2402.79590    5.7310e-16    8.7835e-16    6.4644e-17
2407.47607    3.6401e-16    5.6228e-16    3.3753e-17
2412.16528    8.8611e-16    1.3779e-15    6.6949e-17
2416.86377    2.5331e-16    2.1524e-16    3.1674e-16
2421.57129    1.0013e-16    8.1466e-17    1.3121e-16
2426.28809    2.8223e-16    2.4542e-16    3.4354e-16
2431.01392    5.3681e-16    4.7141e-16    6.4574e-16
2435.74902    3.8360e-16    3.3834e-16    4.5900e-16
2440.49365    1.6448e-16    1.3993e-16    2.0538e-16
2445.24707    2.7661e-16    2.7306e-16    2.8250e-16
2450.01001    1.5226e-16    1.2737e-16    1.9373e-16
2454.78223    1.7471e-16    1.5425e-16    2.0878e-16
2459.56348    3.8070e-16    3.5933e-16    4.1630e-16
2464.35425    7.8193e-16    7.1931e-16    8.8622e-16
2469.15430    3.3937e-16    2.9190e-16    4.1844e-16
2473.96387    1.6622e-16    1.4090e-16    2.0841e-16
2478.78271    1.4049e-16    1.2061e-16    1.7362e-16
2483.61084    1.3170e-16    1.3745e-16    1.2214e-16
2488.44849    2.4654e-16    2.1873e-16    2.9287e-16
2493.29541    2.1556e-16    2.5230e-16    1.5438e-16
2498.15186    2.3294e-16    2.1226e-16    2.6738e-16
2503.01782    1.9171e-16    1.6436e-16    2.3727e-16
2507.89307    4.4015e-16    3.8951e-16    5.2450e-16
2512.77808    2.4572e-16    2.2946e-16    2.7282e-16
2517.67236    1.3635e-16    1.1971e-16    1.6408e-16
2522.57642    1.2615e-16    1.0154e-16    1.6715e-16
2527.48975    3.7135e-16    3.8978e-16    3.4066e-16
2532.41309    1.1281e-16    1.0390e-16    1.2767e-16
2537.34570    2.8657e-16    2.7837e-16    3.0022e-16
2542.28760    3.1357e-16    2.8111e-16    3.6764e-16
2547.23975    3.0274e-16    2.6860e-16    3.5961e-16
2552.20117    1.3124e-16    1.2554e-16    1.4072e-16
2557.17236    8.3622e-17    7.0756e-17    1.0505e-16
2562.15332    5.2642e-16    7.5594e-16    1.4410e-16
2567.14404    1.7894e-16    2.2349e-16    1.0474e-16
2572.14404    1.9736e-16    1.8012e-16    2.2607e-16
2577.15430    1.2028e-16    1.6800e-16    4.0786e-17
2582.17383    2.2175e-16    2.7558e-16    1.3207e-16
2587.20361    7.9361e-16    1.2134e-15    9.4380e-17
2592.24292    1.8684e-16    2.3987e-16    9.8500e-17
2597.29199    2.2108e-15    3.4786e-15    9.8993e-17
2602.35107    6.4719e-18    9.0087e-18    2.2462e-18
2607.41992    6.3053e-16    9.7351e-16    5.9254e-17
2612.49854    1.3357e-15    2.0700e-15    1.1251e-16
2617.58740    5.7112e-16    8.6699e-16    7.8293e-17
2622.68604    4.1093e-16    5.9206e-16    1.0922e-16
2627.79443    1.3733e-15    2.1112e-15    1.4429e-16
2632.91284    9.7085e-16    1.5060e-15    7.9429e-17
2638.04126    1.9235e-17    1.5537e-17    2.5395e-17
2643.17969    1.5128e-17    1.2230e-17    1.9956e-17
2648.32812    9.2845e-18    7.4321e-18    1.2370e-17
2653.48633    3.6094e-17    2.8699e-17    4.8413e-17
2658.65479    5.1638e-18    4.1346e-18    6.8781e-18
2663.83350    3.5103e-17    2.9093e-17    4.5112e-17
2669.02197    7.4560e-17    6.0651e-17    9.7729e-17
2674.22070    1.3058e-18    1.0453e-18    1.7396e-18
2679.42969    5.2304e-17    4.1663e-17    7.0028e-17
2684.64868    7.5959e-17    6.6283e-17    9.2076e-17
2689.87793    7.6384e-18    7.6778e-18    7.5727e-18
2695.11719    1.6371e-16    2.0401e-16    9.6586e-17
2700.36670    8.0014e-18    6.4134e-18    1.0647e-17
2705.62646    1.3104e-16    1.0550e-16    1.7359e-16
2710.89648    1.5787e-16    1.8653e-16    1.1012e-16
2716.17676    6.4331e-16    9.1598e-16    1.8913e-16
2721.46729    5.8158e-17    4.8217e-17    7.4715e-17
2726.76831    4.5811e-16    6.6776e-16    1.0890e-16
2732.07959    3.5107e-16    4.4803e-16    1.8954e-16
2737.40112    5.9857e-16    8.7438e-16    1.3916e-16
2742.73291    2.5933e-16    3.6379e-16    8.5331e-17
2748.07520    8.4009e-16    1.2425e-15    1.6986e-16
2753.42798    1.1130e-15    1.6139e-15    2.7875e-16
2758.79102    4.0222e-17    3.5176e-17    4.8629e-17
2764.16479    2.3822e-16    3.3170e-16    8.2521e-17
2769.54883    3.7558e-16    5.3435e-16    1.1114e-16
2774.94336    4.6934e-16    6.5290e-16    1.6360e-16
2780.34863    3.0184e-17    2.4245e-17    4.0076e-17
2785.76416    1.1333e-16    9.0958e-17    1.5059e-16
2791.18994    1.3250e-16    1.0944e-16    1.7091e-16
2796.62695    3.0645e-17    3.3522e-17    2.5852e-17
2802.07422    8.5223e-18    9.2369e-18    7.3319e-18
2807.53198    2.0820e-17    1.7466e-17    2.6406e-17
2813.00049    3.6356e-18    2.9126e-18    4.8399e-18
2818.47949    1.1757e-16    9.4089e-17    1.5667e-16
2823.96948    1.1134e-16    9.0060e-17    1.4680e-16
2829.47021    2.0628e-16    1.8394e-16    2.4348e-16
2834.98145    9.6709e-17    8.8970e-17    1.0960e-16
2840.50342    6.8272e-16    5.5229e-16    8.9999e-16
2846.03613    3.4279e-16    2.7512e-16    4.5551e-16
2851.57959    1.0562e-16    1.0860e-16    1.0066e-16
2857.13379    3.1847e-16    2.5565e-16    4.2310e-16
2862.69922    6.5509e-17    5.2502e-17    8.7175e-17
2868.27490    6.2408e-17    5.1094e-17    8.1253e-17
2873.86182    9.0183e-17    7.2430e-17    1.1975e-16
2879.45947    2.1453e-16    1.7642e-16    2.7800e-16
2885.06836    1.3874e-16    1.1718e-16    1.7464e-16
2890.68774    7.1659e-17    5.9622e-17    9.1710e-17
2896.31860    2.0397e-17    1.6363e-17    2.7116e-17
2901.95972    3.6001e-18    2.8912e-18    4.7809e-18
2907.61230    2.8562e-17    2.2911e-17    3.7975e-17
2913.27563    1.6014e-18    1.2879e-18    2.1236e-18
2918.95020    1.7509e-17    1.4251e-17    2.2935e-17
2924.63574    1.6134e-16    1.4987e-16    1.8045e-16
2930.33228    5.3631e-19    4.2977e-19    7.1378e-19
2936.04004    1.7131e-18    1.3729e-18    2.2797e-18
2941.75903    1.5602e-16    1.6265e-16    1.4499e-16
2947.48877    1.5157e-16    1.4544e-16    1.6177e-16
2953.22998    1.0791e-16    9.9112e-17    1.2255e-16
2958.98242    2.1286e-17    1.7241e-17    2.8024e-17
2964.74585    1.4996e-16    1.5149e-16    1.4740e-16
2970.52075    1.0309e-16    8.9459e-17    1.2579e-16
2976.30664    1.6892e-17    1.3735e-17    2.2150e-17
2982.10376    3.6409e-16    4.4643e-16    2.2694e-16
2987.91187    7.9099e-17    9.9869e-17    4.4502e-17
2993.73218    3.2510e-18    2.6014e-18    4.3331e-18
2999.56348    1.2036e-17    1.0417e-17    1.4732e-17
3005.40601    2.6884e-16    2.8885e-16    2.3552e-16
3011.25977    1.0719e-17    8.5767e-18    1.4288e-17
3017.12500    6.5673e-18    5.2555e-18    8.7524e-18
3023.00195    2.0596e-18    1.6481e-18    2.7449e-18
3028.89014    4.2410e-18    3.3932e-18    5.6530e-18
3034.79004    4.2047e-17    3.3659e-17    5.6019e-17
3040.70117    1.7450e-18    1.3962e-18    2.3261e-18
3046.62402    4.1849e-17    3.3509e-17    5.5741e-17
3052.55811    3.3041e-17    2.6440e-17    4.4036e-17
3058.50391    3.7298e-19    2.9849e-19    4.9706e-19
3064.46143    1.6307e-17    1.3061e-17    2.1716e-17
3070.43018    2.8157e-17    2.2534e-17    3.7525e-17
3076.41064    2.9138e-16    2.3321e-16    3.8828e-16
3082.40332    1.9682e-18    1.5771e-18    2.6195e-18
3088.40698    6.8139e-19    5.4517e-19    9.0827e-19
3094.42261    1.6690e-17    1.3341e-17    2.2269e-17
3100.44971    6.5446e-19    5.2375e-19    8.7220e-19
3106.48901    1.9262e-18    1.5433e-18    2.5640e-18
3112.53979    7.5789e-19    6.0647e-19    1.0101e-18
3118.60229    9.1801e-19    7.3459e-19    1.2235e-18
3124.67676    3.7003e-19    2.9609e-19    4.9319e-19
3130.76318    7.2371e-19    5.8241e-19    9.5908e-19
3136.86133    4.7438e-19    3.7959e-19    6.3226e-19
3142.97119    2.3748e-17    1.9455e-17    3.0899e-17
3149.09302    1.4247e-18    1.1402e-18    1.8985e-18
3155.22681    3.6624e-19    2.9307e-19    4.8813e-19
3161.37256    1.8449e-16    1.6829e-16    2.1146e-16
3167.53027    9.5946e-17    8.3223e-17    1.1714e-16
3173.70020    6.2102e-19    4.9697e-19    8.2766e-19
3179.88184    2.4382e-17    1.9527e-17    3.2471e-17
3186.07568    2.2262e-16    2.0088e-16    2.5883e-16
3192.28149    1.9738e-16    1.9545e-16    2.0058e-16
3198.49951    3.4878e-16    3.4592e-16    3.5354e-16
3204.72949    1.3526e-18    1.0824e-18    1.8026e-18
3210.97168    1.8161e-16    1.6522e-16    2.0890e-16
3217.22607    2.5023e-19    2.0811e-19    3.2038e-19
3223.49268    6.0561e-19    4.8778e-19    8.0188e-19
3229.77148    1.6699e-16    1.4892e-16    1.9711e-16
3236.06226    1.2954e-18    1.5120e-18    9.3461e-19
3242.36572    1.0762e-17    8.6067e-18    1.4352e-17
3248.68115    1.2070e-17    9.6790e-18    1.6052e-17
3255.00879    6.1983e-17    5.1046e-17    8.0201e-17
3261.34912    1.4935e-17    1.2000e-17    1.9825e-17
3267.70093    4.3198e-18    3.4619e-18    5.7488e-18
3274.06616    1.4583e-18    1.2055e-18    1.8794e-18
3280.44336    1.3251e-16    1.0985e-16    1.7024e-16
3286.83301    1.2431e-17    1.0040e-17    1.6413e-17
3293.23535    1.4315e-17    1.1553e-17    1.8915e-17
3299.64990    9.0252e-18    7.2849e-18    1.1924e-17
3306.07690    1.4134e-17    1.1355e-17    1.8762e-17
3312.51660    1.3535e-17    1.0897e-17    1.7930e-17
3318.96875    5.4265e-18    4.3422e-18    7.2327e-18
3325.43359    1.9158e-18    1.5336e-18    2.5524e-18
3331.91064    2.7471e-19    2.1982e-19    3.6614e-19
3338.40063    1.1732e-18    9.3899e-19    1.5634e-18
3344.90332    1.2329e-19    9.8657e-20    1.6433e-19
3351.41846    5.7493e-20    4.6004e-20    7.6629e-20
3357.94629    1.1460e-17    9.1723e-18    1.5271e-17
3364.48682    9.7314e-19    1.1323e-18    7.0800e-19
3371.04004    6.8328e-18    5.4780e-18    9.0894e-18
3377.60645    5.6773e-18    4.5431e-18    7.5667e-18
3384.18481    3.8513e-18    3.0818e-18    5.1330e-18
3390.77686    3.5926e-18    2.8753e-18    4.7876e-18
3397.38159    4.5875e-19    3.6708e-19    6.1144e-19
3403.99902    7.6863e-19    6.1504e-19    1.0245e-18
3410.62915    3.3222e-19    2.6590e-19    4.4268e-19
3417.27271    3.4546e-18    2.7678e-18    4.5986e-18
3423.92847    5.0532e-19    4.0434e-19    6.7352e-19
3430.59766    2.1303e-18    1.7047e-18    2.8392e-18
3437.27979    3.2470e-18    2.5990e-18    4.3263e-18
3443.97534    2.1317e-18    1.7094e-18    2.8351e-18
3450.68359    1.0310e-17    8.2515e-18    1.3738e-17
3457.40479    3.7888e-18    3.0328e-18    5.0479e-18
3464.13916    5.2307e-19    4.1866e-19    6.9699e-19
3470.88647    3.7045e-19    2.9646e-19    4.9370e-19
3477.64697    4.1780e-18    3.3501e-18    5.5569e-18
3484.42090    3.6877e-18    2.9514e-18    4.9142e-18
3491.20776    9.0152e-19    7.2159e-19    1.2012e-18
3498.00781    1.9831e-18    1.5876e-18    2.6418e-18
3504.82129    4.5446e-18    3.6369e-18    6.0565e-18
3511.64771    1.4848e-19    1.1882e-19    1.9790e-19
3518.48804    2.9002e-18    2.3210e-18    3.8651e-18
3525.34131    3.2983e-18    2.6393e-18    4.3960e-18
3532.20776    4.0672e-18    3.2545e-18    5.4210e-18
3539.08813    1.0547e-17    8.4390e-18    1.4057e-17
3545.98145    1.8565e-18    1.4855e-18    2.4744e-18
3552.88818    3.1843e-19    2.5484e-19    4.2435e-19
3559.80884    2.8961e-19    2.3173e-19    3.8601e-19
3566.74292    3.0612e-19    2.4508e-19    4.0778e-19
3573.68994    6.3571e-19    5.9370e-19    7.0568e-19
3580.65112    1.9874e-20    1.5948e-20    2.6412e-20
3587.62500    5.0760e-19    4.0684e-19    6.7543e-19
3594.61304    1.0323e-19    8.2604e-20    1.3759e-19
3601.61499    2.8350e-19    2.2685e-19    3.7786e-19
3608.63013    1.0747e-19    8.5995e-20    1.4324e-19
3615.65894    3.6614e-19    2.9297e-19    4.8804e-19
3622.70166    9.8937e-19    7.9875e-19    1.3069e-18
3629.75806    3.3159e-19    3.0979e-19    3.6791e-19
3636.82837    1.4069e-19    1.1257e-19    1.8751e-19
3643.91138    8.4205e-19    6.7394e-19    1.1221e-18
3651.00928    5.9743e-20    4.7805e-20    7.9627e-20
3658.12085    2.6371e-18    2.1162e-18    3.5047e-18
3665.24609    1.0741e-19    8.5952e-20    1.4315e-19
3672.38525    6.9059e-20    5.5195e-20    9.2150e-20
3679.53857    6.1450e-20    4.9117e-20    8.1993e-20
3686.70557    2.6557e-19    2.1155e-19    3.5556e-19
3693.88647    6.1268e-20    4.8927e-20    8.1823e-20
3701.08154    3.3413e-19    2.6669e-19    4.4648e-19
3708.29053    6.7777e-20    5.4229e-20    9.0344e-20
3715.51343    5.7668e-20    4.5983e-20    7.7133e-20
3722.75049    1.1119e-19    8.8892e-20    1.4834e-19
3730.00171    2.2851e-19    1.8284e-19    3.0458e-19
3737.26709    1.3037e-20    1.0431e-20    1.7378e-20
3744.54639    1.0506e-19    8.4071e-20    1.4003e-19
3751.84009    4.6814e-19    3.7437e-19    6.2432e-19
3759.14795    4.5655e-19    3.6532e-19    6.0851e-19
3766.47021    2.6842e-18    2.1501e-18    3.5740e-18
3773.80664    2.7339e-20    2.1949e-20    3.6316e-20
3781.15723    1.0181e-18    8.1492e-19    1.3565e-18
3788.52197    1.1422e-19    9.1402e-20    1.5224e-19
3795.90137    9.0708e-20    7.1772e-20    1.2225e-19
3803.29492    2.1265e-20    1.7015e-20    2.8343e-20
3810.70312    2.3173e-19    1.8542e-19    3.0886e-19
3818.12549    4.8203e-20    3.8573e-20    6.4245e-20
3825.56250    5.8766e-18    4.7098e-18    7.8200e-18
3833.01416    5.2912e-20    4.1775e-20    7.1462e-20
3840.47998    1.2850e-19    1.0247e-19    1.7185e-19
3847.96045    1.3502e-19    1.0805e-19    1.7995e-19
3855.45557    1.5036e-20    1.2031e-20    2.0041e-20
3862.96533    2.1706e-20    1.7368e-20    2.8930e-20
3870.48950    1.2126e-18    9.7082e-19    1.6153e-18
3878.02832    6.5342e-20    5.2425e-20    8.6857e-20
3885.58203    5.1847e-20    4.1484e-20    6.9108e-20
3893.15039    1.0905e-19    8.7292e-20    1.4529e-19
3900.73340    7.2680e-20    5.8158e-20    9.6870e-20
3908.33154    5.4649e-19    4.3732e-19    7.2834e-19
3915.94409    9.0687e-19    7.2580e-19    1.2085e-18
3923.57153    9.9492e-20    7.9611e-20    1.3261e-19
3931.21387    1.3196e-18    1.1512e-18    1.6001e-18
3938.87109    6.8689e-18    5.5168e-18    9.1209e-18
3946.54346    1.2685e-18    1.0161e-18    1.6889e-18
3954.23047    1.1659e-19    9.3294e-20    1.5540e-19
3961.93262    3.8589e-19    3.0880e-19    5.1430e-19
3969.64941    1.4011e-18    1.4876e-18    1.2571e-18
3977.38159    2.7762e-18    2.2227e-18    3.6982e-18
3985.12866    3.4425e-19    2.7548e-19    4.5881e-19
3992.89111    2.8446e-19    2.2762e-19    3.7913e-19
4000.66846    1.4033e-18    1.1233e-18    1.8697e-18
4008.46094    1.5460e-19    1.2371e-19    2.0605e-19
4016.26880    1.3162e-19    1.0532e-19    1.7543e-19
4024.09155    3.2979e-19    2.6389e-19    4.3955e-19
4031.92969    6.9222e-20    5.6008e-20    9.1232e-20
4039.78320    6.1251e-20    4.9014e-20    8.1635e-20
4047.65186    1.7621e-20    1.4100e-20    2.3485e-20
4055.53589    7.0320e-20    5.6268e-20    9.3725e-20
4063.43506    8.2464e-19    6.5986e-19    1.0991e-18
4071.35010    6.2379e-19    4.9915e-19    8.3141e-19
4079.28027    8.9759e-19    7.1824e-19    1.1963e-18
4087.22607    2.2198e-19    1.7762e-19    2.9586e-19
4095.18701    3.1339e-19    2.5077e-19    4.1771e-19
4103.16357    8.2116e-20    6.5125e-20    1.1042e-19
4111.15576    3.2442e-19    2.5959e-19    4.3240e-19
4119.16357    5.0650e-19    4.0534e-19    6.7500e-19
4127.18652    6.3595e-19    5.1105e-19    8.4399e-19
4135.22559    2.1617e-19    1.7298e-19    2.8811e-19
4143.28027    7.3310e-19    5.8661e-19    9.7712e-19
4151.35059    1.1367e-19    9.0952e-20    1.5150e-19
4159.43652    2.3584e-19    1.8871e-19    3.1434e-19
4167.53857    3.4619e-20    2.7702e-20    4.6141e-20
4175.65625    1.4964e-17    1.1991e-17    1.9917e-17
4183.78906    1.9266e-19    1.5417e-19    2.5677e-19
4191.93848    2.1743e-20    1.7398e-20    2.8980e-20
4200.10352    8.2840e-20    6.6289e-20    1.1041e-19
4208.28418    5.6999e-19    4.5612e-19    7.5968e-19
4216.48145    2.9080e-20    2.3269e-20    3.8759e-20
4224.69434    2.3090e-19    1.8479e-19    3.0771e-19
4232.92334    4.4025e-17    3.5559e-17    5.8126e-17
4241.16846    4.3053e-17    3.4529e-17    5.7252e-17
4249.42920    3.1096e-19    2.5390e-19    4.0602e-19
4257.70605    6.5471e-19    5.2393e-19    8.7255e-19
4265.99902    9.0296e-20    7.2290e-20    1.2029e-19
4274.30859    1.9128e-17    1.5307e-17    2.5493e-17
4282.63428    2.7855e-20    2.2289e-20    3.7126e-20
4290.97607    3.3860e-17    2.7096e-17    4.5128e-17
4299.33398    6.2738e-18    5.0308e-18    8.3443e-18
4307.70801    5.6538e-18    4.5243e-18    7.5352e-18
4316.09863    1.2202e-17    9.7642e-18    1.6263e-17
4324.50586    2.2209e-19    1.7771e-19    2.9601e-19
4332.92920    4.1764e-18    3.3480e-18    5.5562e-18
4341.36914    1.7922e-18    1.3808e-18    2.4775e-18
4349.82520    2.7897e-17    2.2383e-17    3.7083e-17
4358.29785    3.5667e-17    2.8541e-17    4.7536e-17
4366.78662    3.9112e-19    3.1300e-19    5.2125e-19
4375.29199    2.7612e-17    2.2198e-17    3.6629e-17
4383.81445    7.7747e-18    6.2280e-18    1.0351e-17
4392.35352    2.9396e-20    2.3522e-20    3.9180e-20
4400.90869    2.6905e-18    2.1541e-18    3.5841e-18
4409.48047    2.6219e-17    2.1003e-17    3.4905e-17
4418.06934    2.5238e-17    2.0221e-17    3.3595e-17
4426.67480    3.4868e-20    2.7901e-20    4.6474e-20
4435.29736    1.9640e-18    1.5716e-18    2.6177e-18
4443.93652    7.8443e-20    6.2769e-20    1.0455e-19
4452.59277    1.1032e-17    8.8279e-18    1.4704e-17
4461.26562    3.3480e-18    2.6790e-18    4.4624e-18
4469.95508    2.2220e-18    1.7783e-18    2.9609e-18
4478.66162    5.3727e-18    4.2993e-18    7.1606e-18
4487.38477    6.7869e-18    5.4339e-18    9.0406e-18
4496.12549    8.7186e-19    6.9773e-19    1.1619e-18
4504.88281    6.0291e-18    4.8389e-18    8.0116e-18
4513.65771    2.6924e-18    2.1550e-18    3.5876e-18
4522.44922    1.5494e-17    1.2429e-17    2.0599e-17
4531.25830    1.0956e-18    8.7674e-19    1.4602e-18
4540.08447    3.6136e-18    2.8961e-18    4.8087e-18
4548.92773    1.1736e-17    9.4308e-18    1.5575e-17
4557.78809    3.8963e-18    3.1188e-18    5.1913e-18
4566.66602    8.1553e-21    6.5257e-21    1.0870e-20
4575.56055    6.6517e-18    5.3365e-18    8.8425e-18
4584.47314    2.4069e-17    1.9332e-17    3.1960e-17
4593.40283    7.2031e-19    5.7653e-19    9.5978e-19
4602.34961    2.1687e-19    1.7353e-19    2.8905e-19
4611.31445    8.8978e-21    7.1198e-21    1.1859e-20
4620.29590    8.4458e-18    6.7690e-18    1.1239e-17
4629.29590    2.8831e-17    2.3082e-17    3.8406e-17
4638.31250    1.9336e-18    1.5472e-18    2.5771e-18
4647.34668    9.8582e-19    7.8896e-19    1.3137e-18
4656.39941    3.1747e-20    2.5403e-20    4.2314e-20
4665.46875    5.1015e-18    4.0825e-18    6.7989e-18
4674.55664    1.0279e-19    8.2252e-20    1.3700e-19
4683.66113    9.3678e-19    7.4959e-19    1.2486e-18
4692.78418    1.0516e-20    8.4144e-21    1.4016e-20
4701.92480    1.6241e-19    1.2996e-19    2.1647e-19
4711.08301    8.1727e-21    6.5396e-21    1.0893e-20
4720.25977    6.0590e-19    4.8482e-19    8.0756e-19
4729.45361    4.3171e-18    3.4545e-18    5.7540e-18
4738.66602    3.4520e-20    2.7623e-20    4.6010e-20
4747.89551    5.8062e-19    4.6460e-19    7.7388e-19
4757.14355    1.3375e-20    1.0702e-20    1.7826e-20
4766.41016    3.8021e-21    3.0424e-21    5.0676e-21
4775.69385    3.9342e-18    3.1480e-18    5.2436e-18
4784.99609    4.3629e-21    3.4911e-21    5.8151e-21
4794.31641    5.6411e-19    4.5139e-19    7.5187e-19
4803.65430    1.6571e-20    1.3260e-20    2.2087e-20
4813.01074    8.5288e-18    6.8246e-18    1.1367e-17
4822.38574    4.1068e-19    3.2862e-19    5.4737e-19
4831.77930    2.2927e-19    1.8346e-19    3.0558e-19
4841.19043    1.7683e-19    1.4150e-19    2.3569e-19
4850.62012    4.3550e-19    3.4848e-19    5.8046e-19
4860.06836    2.4850e-20    1.9819e-20    3.3232e-20
4869.53467    2.3935e-19    1.9181e-19    3.1853e-19
4879.01953    4.8034e-18    3.8436e-18    6.4021e-18
4888.52295    5.7099e-18    4.5689e-18    7.6103e-18
4898.04492    1.2840e-18    1.0274e-18    1.7114e-18
4907.58545    5.1108e-18    4.0896e-18    6.8118e-18
4917.14453    1.0959e-20    8.7688e-21    1.4606e-20
4926.72168    4.6871e-17    3.7971e-17    6.1694e-17
4936.31836    3.4363e-20    2.7497e-20    4.5801e-20
4945.93311    9.4400e-18    7.5537e-18    1.2582e-17
4955.56689    3.7355e-18    2.9891e-18    4.9789e-18
4965.21973    2.2983e-20    1.8390e-20    3.0633e-20
4974.89062    4.0356e-18    3.2292e-18    5.3789e-18
4984.58105    2.3244e-20    1.8599e-20    3.0981e-20
4994.29004    1.3108e-19    1.0489e-19    1.7470e-19
5004.01758    7.0220e-18    5.6189e-18    9.3592e-18
5013.76465    5.7210e-17    4.6839e-17    7.4485e-17
5023.53027    3.3774e-18    2.7075e-18    4.4933e-18
5033.31543    1.3755e-20    1.1007e-20    1.8334e-20
5043.11914    3.7981e-18    3.0392e-18    5.0623e-18
5052.94238    6.4618e-18    5.1706e-18    8.6125e-18
5062.78418    6.6799e-19    5.3451e-19    8.9032e-19
5072.64551    1.6633e-17    1.3309e-17    2.2169e-17
5082.52637    3.5450e-20    2.8367e-20    4.7250e-20
5092.42578    1.4401e-20    1.1524e-20    1.9195e-20
5102.34473    9.9156e-20    7.9342e-20    1.3216e-19
5112.28320    1.2252e-17    9.8040e-18    1.6330e-17
5122.24121    6.0709e-20    4.8578e-20    8.0915e-20
5132.21777    1.9573e-19    1.5662e-19    2.6088e-19
5142.21484    8.5189e-20    6.8167e-20    1.1354e-19
5152.23047    1.1306e-19    9.0467e-20    1.5069e-19
5162.26660    6.3211e-17    5.0583e-17    8.4245e-17
5172.32129    6.6163e-17    5.4271e-17    8.5971e-17
5182.39648    8.1925e-18    6.4935e-18    1.1023e-17
5192.49023    4.8244e-20    3.8612e-20    6.4288e-20
5202.60449    9.5449e-18    7.6386e-18    1.2720e-17
5212.73779    1.0604e-20    8.4854e-21    1.4134e-20
5222.89160    1.4939e-18    1.1954e-18    1.9911e-18
5233.06445    1.1551e-17    9.2502e-18    1.5384e-17
5243.25781    3.3348e-20    2.6685e-20    4.4448e-20
5253.47021    1.4269e-18    1.1419e-18    1.9018e-18
5263.70312    3.2531e-17    2.6031e-17    4.3357e-17
5273.95557    4.4780e-17    3.5836e-17    5.9678e-17
5284.22852    1.8453e-17    1.4809e-17    2.4523e-17
5294.52100    1.9092e-18    1.5277e-18    2.5446e-18
5304.83398    6.0040e-20    4.8043e-20    8.0024e-20
5315.16650    9.2416e-17    7.3927e-17    1.2321e-16
5325.51953    2.2093e-18    1.7679e-18    2.9446e-18
5335.89258    1.3857e-17    1.1089e-17    1.8469e-17
5346.28564    1.4104e-18    1.1286e-18    1.8799e-18
5356.69922    3.6291e-20    2.9039e-20    4.8370e-20
5367.13281    1.3255e-18    1.0607e-18    1.7665e-18
5377.58691    1.4314e-17    1.1454e-17    1.9079e-17
5388.06152    1.5622e-19    1.2500e-19    2.0821e-19
5398.55664    2.1405e-20    1.7128e-20    2.8530e-20
5409.07178    1.7524e-18    1.4022e-18    2.3357e-18
5419.60742    2.2257e-20    1.7811e-20    2.9661e-20
5430.16406    9.0466e-18    7.2388e-18    1.2058e-17
5440.74121    8.3477e-20    6.6796e-20    1.1126e-19
5451.33887    1.0095e-19    8.0779e-20    1.3455e-19
5461.95703    8.2019e-21    6.5630e-21    1.0932e-20
5472.59570    4.0242e-19    3.2201e-19    5.3636e-19
5483.25488    9.9720e-20    7.9794e-20    1.3291e-19
5493.93555    8.9945e-19    7.1972e-19    1.1988e-18
5504.63672    6.7946e-20    5.4369e-20    9.0561e-20
5515.35840    4.1127e-20    3.2909e-20    5.4816e-20
5526.10156    3.2911e-18    2.6334e-18    4.3865e-18
5536.86523    3.6287e-19    2.9036e-19    4.8365e-19
5547.64941    6.1897e-19    4.9528e-19    8.2499e-19
5558.45557    1.0105e-18    8.0856e-19    1.3468e-18
5569.28271    8.3808e-20    6.7061e-20    1.1170e-19
5580.12988    4.3644e-19    3.4923e-19    5.8171e-19
5590.99902    2.9614e-19    2.3697e-19    3.9471e-19
5601.88965    5.8594e-21    4.6885e-21    7.8096e-21
5612.80078    3.5995e-19    2.8802e-19    4.7975e-19
5623.73340    3.8167e-19    3.0541e-19    5.0870e-19
5634.68750    2.1732e-20    1.7390e-20    2.8966e-20
5645.66211    6.6545e-19    5.3248e-19    8.8694e-19
5656.65918    7.2271e-19    5.7830e-19    9.6325e-19
5667.67676    3.4020e-19    2.7222e-19    4.5344e-19
5678.71680    5.4362e-19    4.3499e-19    7.2456e-19
5689.77734    1.7311e-18    1.3852e-18    2.3073e-18
5700.86035    1.1134e-20    8.9094e-21    1.4840e-20
5711.96484    4.0433e-19    3.2354e-19    5.3891e-19
5723.09033    3.5899e-19    2.8726e-19    4.7848e-19
5734.23779    1.1265e-19    9.0144e-20    1.5015e-19
5745.40723    8.8053e-19    7.0458e-19    1.1736e-18
5756.59766    1.3896e-19    1.1119e-19    1.8521e-19
5767.81104    6.6904e-20    5.3535e-20    8.9172e-20
5779.04492    3.7425e-19    2.9947e-19    4.9881e-19
5790.30176    2.8214e-20    2.2577e-20    3.7605e-20
5801.58008    1.8409e-19    1.4730e-19    2.4536e-19
5812.88037    1.8337e-19    1.4672e-19    2.4440e-19
5824.20264    8.8096e-21    7.0492e-21    1.1742e-20
5835.54688    8.2781e-19    6.6240e-19    1.1033e-18
5846.91357    3.7117e-19    2.9700e-19    4.9472e-19
5858.30225    1.3089e-19    1.0474e-19    1.7446e-19
5869.71289    7.6335e-19    6.1082e-19    1.0174e-18
5881.14600    5.2881e-19    4.2317e-19    7.0478e-19
5892.60156    1.2607e-20    1.3046e-20    1.1877e-20
5904.07910    3.7120e-19    2.9731e-19    4.9429e-19
5915.57910    2.1856e-18    1.7488e-18    2.9130e-18
5927.10156    3.0602e-19    2.4487e-19    4.0788e-19
5938.64648    3.9810e-21    3.1855e-21    5.3061e-21
5950.21387    3.0160e-19    2.4133e-19    4.0198e-19
5961.80371    6.0805e-20    4.8654e-20    8.1043e-20
5973.41602    1.1405e-19    9.1263e-20    1.5202e-19
5985.05127    2.8723e-19    2.2983e-19    3.8283e-19
5996.70850    2.8821e-19    2.3062e-19    3.8413e-19
6008.38867    1.4480e-18    1.1587e-18    1.9300e-18
6020.09229    4.8270e-19    3.8624e-19    6.4336e-19
6031.81836    1.3102e-20    1.0484e-20    1.7463e-20
6043.56738    7.1081e-19    5.6878e-19    9.4739e-19
6055.33887    2.3430e-18    1.8748e-18    3.1229e-18
6067.13428    3.4771e-20    2.7823e-20    4.6344e-20
6078.95117    1.1001e-18    8.8029e-19    1.4663e-18
6090.79150    2.3292e-19    1.8638e-19    3.1045e-19
6102.65527    4.1684e-20    3.3355e-20    5.5558e-20
6114.54199    1.0877e-19    8.7039e-20    1.4498e-19
6126.45215    3.1571e-20    2.5262e-20    4.2079e-20
6138.38525    1.3647e-20    1.0920e-20    1.8189e-20
6150.34131    1.0628e-18    8.5045e-19    1.4165e-18
6162.32178    8.0861e-20    6.4703e-20    1.0777e-19
6174.32422    1.6969e-18    1.3578e-18    2.2617e-18
6186.35059    1.2704e-18    1.0165e-18    1.6932e-18
6198.40088    2.8374e-19    2.2704e-19    3.7818e-19
6210.47314    2.8271e-21    2.2622e-21    3.7681e-21
6222.57031    3.3410e-20    2.6734e-20    4.4530e-20
6234.69043    1.3489e-18    1.0794e-18    1.7978e-18
6246.83496    1.7933e-18    1.4353e-18    2.3895e-18
6259.00195    2.7444e-19    2.1960e-19    3.6579e-19
6271.19385    6.9002e-20    5.5214e-20    9.1969e-20
6283.40869    3.6874e-20    2.9506e-20    4.9148e-20
6295.64795    7.0107e-21    5.6099e-21    9.3442e-21
6307.91016    1.1084e-19    8.8689e-20    1.4773e-19
6320.19678    4.4839e-18    3.5879e-18    5.9763e-18
6332.50781    2.8022e-19    2.2422e-19    3.7349e-19
6344.84180    5.9335e-19    4.7480e-19    7.9083e-19
6357.20020    2.0602e-19    1.6485e-19    2.7459e-19
6369.58252    7.9530e-19    6.3641e-19    1.0600e-18
6381.98926    2.6091e-18    2.0877e-18    3.4775e-18
6394.42041    6.4614e-20    5.1703e-20    8.6121e-20
6406.87549    2.3749e-19    1.9003e-19    3.1654e-19
6419.35449    7.7052e-19    6.1653e-19    1.0270e-18
6431.85840    8.5333e-19    6.8281e-19    1.1374e-18
6444.38672    7.3244e-19    5.8608e-19    9.7623e-19
6456.93896    4.1100e-18    3.2888e-18    5.4779e-18
6469.51514    6.5980e-19    5.2796e-19    8.7941e-19
6482.11719    2.9835e-19    2.3874e-19    3.9766e-19
6494.74268    1.9037e-18    1.5233e-18    2.5373e-18
6507.39355    5.8852e-19    4.7092e-19    7.8440e-19
6520.06836    1.8625e-18    1.4905e-18    2.4822e-18
6532.76855    7.3446e-19    5.8770e-19    9.7892e-19
6545.49316    1.4384e-20    1.1510e-20    1.9171e-20
6558.24268    7.8210e-19    7.3800e-19    8.5554e-19
6571.01611    3.7052e-19    2.9638e-19    4.9401e-19
6583.81543    7.3568e-19    5.8868e-19    9.8055e-19
6596.63965    1.4149e-19    1.1321e-19    1.8858e-19
6609.48828    1.4881e-19    1.1907e-19    1.9834e-19
6622.36230    8.8930e-19    7.1159e-19    1.1853e-18
6635.26172    4.4623e-21    3.5706e-21    5.9475e-21
6648.18506    7.9806e-19    6.3859e-19    1.0637e-18
6661.13525    3.8859e-19    3.1094e-19    5.1793e-19
6674.10986    2.5489e-20    2.0394e-20    3.3975e-20
6687.10938    1.9259e-19    1.5410e-19    2.5669e-19
6700.13428    1.1940e-19    9.5538e-20    1.5914e-19
6713.18506    3.5414e-21    2.8340e-21    4.7196e-21
6726.26123    2.4681e-19    1.9749e-19    3.2896e-19
6739.36279    1.3642e-21    1.0916e-21    1.8183e-21
6752.48926    2.7901e-20    2.2326e-20    3.7188e-20
6765.64258    6.7492e-20    5.4005e-20    8.9956e-20
6778.82031    1.1709e-19    9.3695e-20    1.5607e-19
6792.02441    5.9057e-21    4.7256e-21    7.8714e-21
6805.25439    1.1181e-19    8.9464e-20    1.4902e-19
6818.50928    1.0303e-19    8.2442e-20    1.3732e-19
6831.78955    3.2353e-20    2.5888e-20    4.3122e-20
6845.09717    1.7387e-20    1.3913e-20    2.3175e-20
6858.43018    1.7254e-18    1.3806e-18    2.2996e-18
6871.78906    8.0888e-19    6.4724e-19    1.0781e-18
6885.17432    4.9091e-21    3.9282e-21    6.5431e-21
6898.58447    1.7369e-19    1.3898e-19    2.3150e-19
6912.02246    3.2060e-20    2.5654e-20    4.2731e-20
6925.48486    4.8983e-19    3.9195e-19    6.5287e-19
6938.97412    3.3595e-19    2.6882e-19    4.4777e-19
6952.49023    2.9528e-20    2.3628e-20    3.9356e-20
6966.03271    6.3956e-20    5.1176e-20    8.5243e-20
6979.60059    1.5514e-20    1.2414e-20    2.0678e-20
6993.19629    2.0297e-19    1.6241e-19    2.7053e-19
