1000.00   1.4074e-14
1002.00   2.5231e-14
1004.00   7.4959e-15
1006.00   8.3229e-15
1008.00   1.2524e-15
1010.00   1.2349e-14
1012.00   3.1903e-15
1014.00   6.2325e-15
1016.00   5.8083e-15
1018.00   4.1394e-15
1020.00   6.0477e-15
1022.00   6.6229e-15
1024.00   4.5240e-15
1026.00   4.5699e-15
1028.00   2.8494e-14
1030.00   3.0279e-14
1032.00   5.9742e-14
1034.00   4.6289e-14
1036.00   1.8798e-13
1038.00   1.3737e-14
1040.00   1.0993e-14
1042.00   4.1578e-14
1044.00   2.9534e-14
1046.00   2.5479e-14
1048.00   1.0720e-15
1050.00   2.9489e-14
1052.00   1.3204e-14
1054.00   3.3274e-14
1056.00   1.0261e-12
1058.00   2.6443e-14
1060.00   6.3088e-13
1062.00   2.0026e-13
1064.00   1.5957e-12
1066.00   1.3252e-13
1068.00   9.5867e-13
1070.00   1.1472e-13
1072.00   6.0079e-13
1074.00   1.0079e-12
1076.00   1.1993e-12
1078.00   6.1738e-14
1080.00   1.4571e-14
1082.00   2.8287e-13
1084.00   1.0661e-13
1086.00   3.2444e-14
1088.00   2.1329e-13
1090.00   1.4576e-13
1092.00   7.3308e-14
1094.00   2.4064e-13
1096.00   1.0628e-13
1098.00   2.0849e-13
1100.00   1.4947e-13
1102.00   1.9578e-13
1104.00   7.3576e-14
1106.00   1.0286e-13
1108.00   1.7738e-13
1110.00   1.7075e-13
1112.00   6.1222e-13
1114.00   9.6711e-13
1116.00   2.4891e-13
1118.00   1.1348e-14
1120.00   2.7645e-14
1122.00   8.2946e-13
1124.00   1.1410e-13
1126.00   5.9541e-13
1128.00   3.7153e-13
1130.00   1.1850e-13
1132.00   1.0379e-12
1134.00   1.0366e-12
1136.00   5.2343e-14
1138.00   9.5744e-14
1140.00   4.7509e-14
1142.00   1.4644e-13
1144.00   4.8345e-12
1146.00   5.6760e-13
1148.00   1.9398e-12
1150.00   1.0205e-12
1152.00   5.2454e-13
1154.00   4.5346e-13
1156.00   1.3980e-13
1158.00   6.6458e-14
1160.00   1.2924e-13
1162.00   1.1379e-13
1164.00   9.8987e-14
1166.00   1.7540e-13
1168.00   2.8498e-13
1170.00   4.7085e-13
1172.00   2.7970e-13
1174.00   2.3256e-13
1176.00   2.0079e-13
1178.00   5.0910e-14
1180.00   1.1880e-13
1182.00   9.0571e-14
1184.00   2.4788e-13
1186.00   1.2324e-13
1188.00   2.7110e-13
1190.00   7.2362e-14
1192.00   2.4426e-13
1194.00   1.5539e-13
1196.00   2.4559e-13
1198.00   1.6105e-12
1200.00   2.0978e-12
1202.00   2.6188e-13
1204.00   5.5324e-14
1206.00   1.3786e-13
1208.00   3.6132e-13
1210.00   1.0013e-12
1212.00   2.9802e-13
1214.00   4.4399e-13
1216.00   2.0901e-12
1218.00   3.3728e-13
1220.00   1.9339e-12
1222.00   1.0347e-14
1224.00   2.0459e-13
1226.00   7.3169e-14
1228.00   1.4241e-13
1230.00   2.4591e-14
1232.00   6.3567e-14
1234.00   8.8783e-14
1236.00   3.7804e-14
1238.00   9.5779e-14
1240.00   6.9273e-14
1242.00   1.6771e-13
1244.00   6.0053e-14
1246.00   3.4179e-14
1248.00   1.2155e-13
1250.00   2.8288e-14
1252.00   6.7678e-14
1254.00   4.8664e-14
1256.00   7.7168e-14
1258.00   2.0607e-13
1260.00   2.2881e-13
1262.00   1.4858e-13
1264.00   2.1237e-13
1266.00   1.5939e-12
1268.00   2.0172e-13
1270.00   1.0472e-13
1272.00   1.8075e-13
1274.00   1.0413e-13
1276.00   1.5703e-13
1278.00   6.8267e-14
1280.00   7.4354e-14
1282.00   3.2979e-14
1284.00   1.2298e-13
1286.00   2.5557e-14
1288.00   7.0015e-14
1290.00   2.4272e-13
1292.00   3.9894e-14
1294.00   6.8530e-14
1296.00   9.7719e-13
1298.00   2.8815e-14
1300.00   6.5281e-13
1302.00   1.1657e-13
1304.00   4.0080e-13
1306.00   7.2793e-14
1308.00   2.6132e-14
1310.00   1.9540e-14
1312.00   1.4511e-14
1314.00   6.2915e-14
1316.00   3.2957e-14
1318.00   7.2974e-14
1320.00   4.6703e-14
1322.00   6.6100e-14
1324.00   5.7611e-14
1326.00   1.1883e-14
1328.00   3.8770e-14
1330.00   4.6127e-14
1332.00   1.8045e-14
1334.00   1.2394e-14
1336.00   1.5451e-14
1338.00   2.3602e-14
1340.00   5.1940e-14
1342.00   8.7930e-15
1344.00   1.1929e-14
1346.00   2.6054e-14
1348.00   4.9914e-15
1350.00   8.9094e-15
1352.00   2.9151e-14
1354.00   9.9381e-14
1356.00   3.5803e-14
1358.00   1.5521e-13
1360.00   1.0098e-13
1362.00   2.0718e-13
1364.00   1.3414e-13
1366.00   1.2247e-13
1368.00   1.5074e-13
1370.00   1.3339e-14
1372.00   2.5243e-13
1374.00   1.4060e-13
1376.00   3.2055e-13
1378.00   1.0736e-13
1380.00   1.5153e-13
1382.00   5.6904e-14
1384.00   8.9680e-14
1386.00   5.3985e-14
1388.00   5.5850e-14
1390.00   6.2075e-15
1392.00   1.8786e-13
1394.00   2.6488e-14
1396.00   5.2432e-14
1398.00   5.1502e-14
1400.00   3.3019e-13
1402.00   2.2633e-13
1404.00   5.1963e-14
1406.00   2.9138e-14
1408.00   7.8665e-14
1410.00   5.7963e-14
1412.00   7.3343e-14
1414.00   8.3643e-14
1416.00   2.2174e-13
1418.00   5.8585e-14
1420.00   5.5330e-14
1422.00   1.1979e-14
1424.00   1.2883e-13
1426.00   2.9059e-14
1428.00   5.1117e-14
1430.00   8.9341e-14
1432.00   8.3484e-14
1434.00   2.2607e-14
1436.00   7.5180e-14
1438.00   9.3045e-14
1440.00   6.4745e-14
1442.00   7.3547e-14
1444.00   2.0059e-14
1446.00   1.0823e-14
1448.00   2.9638e-14
1450.00   2.0898e-14
1452.00   7.8001e-14
1454.00   4.5625e-14
1456.00   1.0034e-14
1458.00   1.1358e-14
1460.00   8.9026e-15
1462.00   1.9896e-14
1464.00   3.2677e-14
1466.00   7.2490e-15
1468.00   2.0928e-14
1470.00   2.3297e-14
1472.00   1.7665e-14
1474.00   1.0545e-13
1476.00   3.0751e-14
1478.00   5.4305e-14
1480.00   2.7049e-14
1482.00   4.3583e-15
1484.00   8.4632e-14
1486.00   3.8490e-14
1488.00   2.5395e-14
1490.00   3.9810e-14
1492.00   4.3048e-14
1494.00   4.4764e-14
1496.00   4.3867e-14
1498.00   2.5571e-15
1500.00   6.6821e-15
1502.00   1.3914e-14
1504.00   2.1800e-14
1506.00   6.6123e-14
1508.00   2.7438e-14
1510.00   6.2129e-15
1512.00   4.3595e-14
1514.00   2.9720e-14
1516.00   3.2951e-14
1518.00   2.2313e-15
1520.00   1.9887e-14
1522.00   3.4833e-14
1524.00   4.6182e-14
1526.00   7.0155e-14
1528.00   3.6954e-14
1530.00   1.6159e-15
1532.00   2.2871e-14
1534.00   6.0791e-15
1536.00   2.2230e-15
1538.00   3.9575e-15
1540.00   8.0524e-15
1542.00   3.8213e-15
1544.00   3.1088e-15
1546.00   1.5459e-14
1548.00   1.2152e-14
1550.00   4.7205e-14
1552.00   2.7054e-14
1554.00   2.3463e-14
1556.00   3.4152e-14
1558.00   1.3493e-14
1560.00   1.0233e-12
1562.00   1.0862e-14
1564.00   7.1261e-13
1566.00   4.6625e-14
1568.00   7.1362e-14
1570.00   8.5090e-13
1572.00   1.7497e-13
1574.00   7.4786e-13
1576.00   1.1033e-13
1578.00   2.0438e-13
1580.00   3.3294e-13
1582.00   3.7321e-14
1584.00   2.2767e-13
1586.00   5.9772e-14
1588.00   1.6283e-13
1590.00   2.5109e-15
1592.00   3.8159e-15
1594.00   3.8598e-14
1596.00   3.2100e-15
1598.00   2.8104e-15
1600.00   1.0908e-13
1602.00   7.1945e-14
1604.00   5.3925e-14
1606.00   1.3483e-13
1608.00   8.8849e-13
1610.00   5.4756e-14
1612.00   5.3505e-14
1614.00   3.2821e-13
1616.00   3.2666e-15
1618.00   2.2101e-13
1620.00   3.9157e-15
1622.00   3.7565e-13
1624.00   8.4863e-14
1626.00   1.4848e-13
1628.00   8.6379e-14
1630.00   4.1331e-13
1632.00   1.7730e-13
1634.00   1.2160e-13
1636.00   5.6488e-13
1638.00   9.6586e-13
1640.00   1.8988e-13
1642.00   2.1329e-13
1644.00   3.6062e-13
1646.00   9.7073e-14
1648.00   7.1470e-14
1650.00   5.7466e-13
1652.00   1.9732e-14
1654.00   3.6445e-13
1656.00   3.7343e-14
1658.00   1.5523e-13
1660.00   1.6112e-13
1662.00   1.5104e-14
1664.00   2.1801e-14
1666.00   9.6564e-16
1668.00   4.4264e-14
1670.00   8.8606e-14
1672.00   1.2519e-15
1674.00   2.1545e-13
1676.00   5.8549e-13
1678.00   3.6855e-14
1680.00   1.1596e-13
1682.00   3.4736e-13
1684.00   2.9783e-14
1686.00   8.8664e-14
1688.00   4.0101e-14
1690.00   9.7536e-14
1692.00   1.8573e-14
1694.00   3.6944e-14
1696.00   9.4604e-15
1698.00   1.5197e-14
1700.00   4.1014e-14
1702.00   7.0813e-13
1704.00   1.8260e-14
1706.00   4.7484e-15
1708.00   7.9070e-14
1710.00   1.9694e-13
1712.00   1.2492e-14
1714.00   1.5800e-14
1716.00   1.4979e-13
1718.00   9.9420e-14
1720.00   9.8046e-14
1722.00   5.0682e-14
1724.00   5.4492e-14
1726.00   3.7593e-13
1728.00   9.7885e-15
1730.00   4.0715e-16
1732.00   4.0871e-14
1734.00   3.0882e-15
1736.00   4.8506e-15
1738.00   8.8630e-15
1740.00   4.9899e-16
1742.00   1.2080e-14
1744.00   1.4269e-15
1746.00   1.3603e-13
1748.00   6.2723e-14
1750.00   8.3992e-14
1752.00   6.4045e-16
1754.00   3.0194e-16
1756.00   6.6011e-16
1758.00   2.1888e-15
1760.00   4.3573e-14
1762.00   1.7911e-13
1764.00   5.7815e-14
1766.00   5.6395e-15
1768.00   3.3595e-15
1770.00   1.4195e-14
1772.00   6.8705e-14
1774.00   2.1988e-14
1776.00   1.2744e-14
1778.00   2.0618e-14
1780.00   2.0535e-15
1782.00   6.1184e-14
1784.00   1.2350e-14
1786.00   1.2020e-12
1788.00   3.6424e-13
1790.00   1.7848e-14
1792.00   3.4119e-15
1794.00   6.8825e-14
1796.00   9.7441e-15
1798.00   1.6464e-13
1800.00   6.1958e-16
1802.00   2.5358e-15
1804.00   9.1167e-15
1806.00   6.5921e-15
1808.00   1.9628e-14
1810.00   7.6629e-14
1812.00   6.8770e-15
1814.00   2.6810e-15
1816.00   2.7878e-14
1818.00   6.4335e-14
1820.00   4.0741e-15
1822.00   2.2457e-14
1824.00   5.2413e-14
1826.00   2.6181e-14
1828.00   2.7876e-14
1830.00   1.4634e-14
1832.00   2.8903e-14
1834.00   3.8588e-14
1836.00   6.3306e-14
1838.00   2.2680e-17
1840.00   3.2343e-14
1842.00   1.3656e-14
1844.00   1.5034e-14
1846.00   3.1718e-14
1848.00   6.0915e-14
1850.00   1.2478e-15
1852.00   1.7270e-14
1854.00   2.8859e-15
1856.00   2.8225e-15
1858.00   2.3012e-15
1860.00   4.2470e-15
1862.00   7.3264e-15
1864.00   9.4713e-14
1866.00   5.7886e-16
1868.00   1.6968e-15
1870.00   7.5988e-15
1872.00   5.4257e-15
1874.00   1.5038e-14
1876.00   1.5323e-14
1878.00   1.7654e-13
1880.00   9.2462e-14
1882.00   4.0492e-15
1884.00   1.3523e-14
1886.00   3.9451e-15
1888.00   1.3207e-13
1890.00   4.9423e-15
1892.00   5.6249e-15
1894.00   1.8587e-15
1896.00   2.2386e-14
1898.00   1.7029e-14
1900.00   7.8429e-15
1902.00   7.1941e-15
1904.00   5.0257e-14
1906.00   4.3188e-15
1908.00   7.6650e-16
1910.00   3.3334e-14
1912.00   4.0614e-14
1914.00   1.5872e-15
1916.00   1.7135e-14
1918.00   4.6435e-14
1920.00   6.1956e-15
1922.00   2.7377e-15
1924.00   2.8110e-16
1926.00   5.9957e-14
1928.00   3.7214e-14
1930.00   1.4086e-14
1932.00   5.0881e-14
1934.00   3.4416e-15
1936.00   1.4353e-13
1938.00   7.0506e-16
1940.00   5.1350e-15
1942.00   4.9788e-15
1944.00   4.1581e-14
1946.00   6.8171e-15
1948.00   3.7994e-14
1950.00   5.0937e-15
1952.00   6.4815e-15
1954.00   4.4955e-15
1956.00   7.3688e-15
1958.00   2.5314e-14
1960.00   1.5745e-16
1962.00   1.1727e-14
1964.00   2.2396e-15
1966.00   3.5360e-14
1968.00   1.5620e-14
1970.00   2.8072e-14
1972.00   4.6122e-15
1974.00   6.0152e-15
1976.00   2.0855e-14
1978.00   2.5951e-15
1980.00   4.2246e-16
1982.00   1.2932e-16
1984.00   5.0597e-15
1986.00   2.3476e-14
1988.00   2.4138e-14
1990.00   2.8694e-15
1992.00   2.6954e-15
1994.00   2.1224e-15
1996.00   4.1760e-15
1998.00   5.7219e-16
2000.00   1.5949e-13
2002.00   5.0854e-16
2004.00   2.4241e-14
2006.00   7.3426e-15
2008.00   2.0862e-14
2010.00   8.7959e-14
2012.00   3.7183e-15
2014.00   1.3617e-14
2016.00   1.1169e-14
2018.00   8.4411e-15
2020.00   1.1320e-14
2022.00   6.4588e-16
2024.00   9.1727e-15
2026.00   4.5105e-15
2028.00   2.3629e-14
2030.00   9.9857e-15
2032.00   2.6594e-14
2034.00   6.4990e-15
2036.00   1.7746e-15
2038.00   2.3253e-14
2040.00   7.9025e-14
2042.00   1.8846e-16
2044.00   3.7125e-14
2046.00   5.2175e-16
2048.00   9.0250e-15
2050.00   1.7344e-16
2052.00   2.7971e-14
2054.00   2.0275e-15
2056.00   4.0585e-14
2058.00   6.9115e-15
2060.00   4.0311e-16
2062.00   1.3110e-14
2064.00   3.4344e-14
2066.00   2.2496e-14
2068.00   4.2766e-15
2070.00   3.2805e-14
2072.00   9.1292e-14
2074.00   6.2985e-15
2076.00   1.0729e-15
2078.00   1.8637e-14
2080.00   1.6233e-14
2082.00   2.0091e-15
2084.00   1.3749e-15
2086.00   2.7264e-15
2088.00   8.8621e-14
2090.00   1.0307e-16
2092.00   2.5083e-15
2094.00   1.0550e-14
2096.00   2.5224e-15
2098.00   9.6182e-15
2100.00   6.1308e-15
2102.00   1.3281e-14
2104.00   1.3388e-16
2106.00   2.4871e-14
2108.00   4.7504e-14
2110.00   1.2198e-13
2112.00   4.1921e-16
2114.00   1.7558e-14
2116.00   3.0205e-14
2118.00   2.7303e-14
2120.00   4.6052e-14
2122.00   2.1218e-15
2124.00   1.4003e-16
2126.00   4.3868e-15
2128.00   6.0193e-15
2130.00   2.4446e-14
2132.00   3.2501e-14
2134.00   2.6790e-15
2136.00   6.8352e-15
2138.00   1.7818e-14
2140.00   2.0089e-15
2142.00   1.3743e-14
2144.00   3.8693e-16
2146.00   1.6465e-15
2148.00   6.5337e-15
2150.00   4.9047e-14
2152.00   2.2312e-14
2154.00   5.0387e-16
2156.00   1.6660e-15
2158.00   5.3032e-15
2160.00   2.7838e-15
2162.00   9.8589e-15
2164.00   3.4250e-14
2166.00   2.1311e-14
2168.00   1.3966e-14
2170.00   1.3296e-15
2172.00   4.9802e-16
2174.00   2.2085e-14
2176.00   1.0339e-14
2178.00   5.5649e-15
2180.00   5.9661e-15
2182.00   2.8200e-16
2184.00   4.6510e-15
2186.00   3.6505e-16
2188.00   1.7773e-14
2190.00   5.4930e-15
2192.00   1.5910e-16
2194.00   1.5787e-15
2196.00   6.3599e-16
2198.00   8.5857e-16
2200.00   1.8964e-16
2202.00   2.7950e-15
2204.00   1.1232e-14
2206.00   2.4350e-15
2208.00   5.0098e-16
2210.00   5.0367e-15
2212.00   6.3962e-15
2214.00   3.8704e-14
2216.00   2.2208e-15
2218.00   2.2803e-15
2220.00   2.6313e-14
2222.00   8.3802e-15
2224.00   9.1375e-14
2226.00   1.0239e-14
2228.00   4.8684e-15
2230.00   1.8072e-15
2232.00   8.2942e-15
2234.00   4.8076e-15
2236.00   3.8465e-15
2238.00   2.2399e-14
2240.00   4.2973e-15
2242.00   4.4648e-14
2244.00   1.6495e-14
2246.00   2.1686e-14
2248.00   2.6519e-15
2250.00   2.2859e-14
2252.00   7.8898e-16
2254.00   1.3303e-14
2256.00   8.7867e-14
2258.00   9.3361e-15
2260.00   1.2195e-14
2262.00   3.5720e-15
2264.00   3.0230e-14
2266.00   2.0327e-13
2268.00   1.0631e-14
2270.00   1.3614e-14
2272.00   9.0525e-14
2274.00   1.5753e-13
2276.00   2.8946e-13
2278.00   1.0757e-14
2280.00   7.8965e-15
2282.00   4.6331e-15
2284.00   2.7193e-14
2286.00   6.9255e-15
2288.00   1.3486e-14
2290.00   3.3955e-15
2292.00   1.9698e-15
2294.00   6.9595e-14
2296.00   9.3604e-15
2298.00   2.1385e-14
2300.00   4.7565e-15
2302.00   2.1048e-15
2304.00   4.5231e-14
2306.00   1.0474e-14
2308.00   5.7881e-14
2310.00   5.7185e-15
2312.00   6.0028e-14
2314.00   6.7232e-14
2316.00   9.1613e-16
2318.00   3.1557e-14
2320.00   6.7402e-18
2322.00   4.2526e-14
2324.00   1.8520e-14
2326.00   7.9229e-14
2328.00   2.3977e-13
2330.00   1.1209e-13
2332.00   5.4117e-13
2334.00   2.8621e-16
2336.00   1.7737e-16
2338.00   2.8426e-13
2340.00   9.2000e-14
2342.00   2.2418e-15
2344.00   1.1537e-12
2346.00   1.6788e-13
2348.00   1.1144e-12
2350.00   8.3479e-17
2352.00   6.8907e-14
2354.00   8.2107e-15
2356.00   4.9599e-14
2358.00   1.5386e-14
2360.00   1.2844e-12
2362.00   2.9080e-13
2364.00   2.3878e-13
2366.00   3.3701e-13
2368.00   3.8129e-13
2370.00   2.1348e-13
2372.00   1.6784e-14
2374.00   4.9660e-13
2376.00   2.5128e-13
2378.00   1.0590e-15
2380.00   4.2934e-13
2382.00   2.6092e-12
2384.00   1.2073e-13
2386.00   4.7931e-14
2388.00   7.9962e-13
2390.00   3.4839e-15
2392.00   4.0622e-14
2394.00   1.0352e-14
2396.00   1.8422e-12
2398.00   1.2635e-15
2400.00   6.9032e-13
2402.00   4.4178e-14
2404.00   9.3951e-13
2406.00   5.6973e-13
2408.00   3.6865e-14
2410.00   6.2751e-13
2412.00   4.1524e-13
2414.00   3.1660e-13
2416.00   6.2688e-14
2418.00   9.7867e-14
2420.00   7.2011e-15
2422.00   1.4287e-14
2424.00   2.1257e-13
2426.00   3.5372e-14
2428.00   2.7337e-13
2430.00   2.5117e-13
2432.00   2.8354e-13
2434.00   3.7775e-13
2436.00   8.0659e-14
2438.00   4.0257e-14
2440.00   3.5917e-13
2442.00   2.0184e-15
2444.00   1.0875e-13
2446.00   6.2698e-13
2448.00   8.8260e-14
2450.00   6.6261e-14
2452.00   3.3978e-14
2454.00   1.3115e-13
2456.00   3.1422e-14
2458.00   3.2057e-13
2460.00   2.3550e-13
2462.00   2.3244e-13
2464.00   4.9615e-13
2466.00   2.0470e-13
2468.00   9.0320e-14
2470.00   2.3334e-13
2472.00   4.3843e-14
2474.00   9.3469e-14
2476.00   2.2967e-14
2478.00   4.9964e-14
2480.00   2.5714e-14
2482.00   8.3387e-14
2484.00   1.5745e-14
2486.00   1.1213e-14
2488.00   3.0005e-14
2490.00   2.6943e-13
2492.00   1.7197e-14
2494.00   5.3452e-13
2496.00   3.9719e-14
2498.00   2.8220e-13
2500.00   4.6698e-14
2502.00   1.0142e-13
2504.00   9.8094e-14
2506.00   2.5880e-13
2508.00   2.7384e-14
2510.00   1.4707e-14
2512.00   3.6133e-13
2514.00   1.0705e-13
2516.00   3.1547e-14
2518.00   3.5500e-14
2520.00   1.6238e-13
2522.00   1.3274e-13
2524.00   1.4970e-15
2526.00   7.6639e-13
2528.00   2.0619e-14
2530.00   1.9001e-13
2532.00   2.5495e-16
2534.00   1.7367e-13
2536.00   4.4028e-14
2538.00   1.0624e-13
2540.00   2.5081e-13
2542.00   1.5400e-13
2544.00   6.9143e-14
2546.00   2.0272e-13
2548.00   1.0292e-13
2550.00   2.4852e-13
2552.00   4.6958e-14
2554.00   7.2136e-15
2556.00   2.2406e-14
2558.00   7.6363e-14
2560.00   1.7147e-13
2562.00   5.4633e-13
2564.00   2.4453e-13
2566.00   1.9826e-13
2568.00   7.6819e-14
2570.00   1.9331e-14
2572.00   7.2222e-15
2574.00   2.5950e-13
2576.00   4.2947e-14
2578.00   1.2346e-13
2580.00   3.8303e-16
2582.00   1.0837e-13
2584.00   6.7746e-14
2586.00   5.1780e-13
2588.00   5.7853e-14
2590.00   4.0224e-14
2592.00   1.9284e-13
2594.00   1.6097e-14
2596.00   1.2028e-14
2598.00   6.6876e-13
2600.00   1.8920e-12
2602.00   6.8725e-17
2604.00   5.7573e-15
2606.00   1.1599e-13
2608.00   5.8419e-13
2610.00   4.8406e-14
2612.00   7.7155e-13
2614.00   3.6421e-13
2616.00   1.5164e-16
2618.00   2.1522e-13
2620.00   7.7338e-14
2622.00   8.5397e-14
2624.00   1.3120e-14
2626.00   4.3292e-13
2628.00   2.9543e-13
2630.00   4.4259e-14
2632.00   8.4981e-13
2634.00   1.3250e-14
2636.00   2.5731e-15
2638.00   2.0802e-14
2640.00   2.3057e-14
2642.00   1.7422e-14
2644.00   2.5455e-15
2646.00   9.6659e-15
2648.00   2.2014e-16
2650.00   1.3819e-14
2652.00   2.4904e-14
2654.00   3.0674e-15
2656.00   6.1876e-16
2658.00   1.1416e-15
2660.00   2.2606e-15
2662.00   2.0561e-16
2664.00   5.2748e-14
2666.00   7.0013e-14
2668.00   7.9224e-16
2670.00   4.8227e-14
2672.00   7.0239e-16
2674.00   1.0222e-16
2676.00   6.2933e-15
2678.00   5.6564e-14
2680.00   1.4446e-15
2682.00   2.0501e-14
2684.00   3.3870e-14
2686.00   7.5933e-15
2688.00   9.1197e-17
2690.00   2.9934e-15
2692.00   7.9765e-14
2694.00   6.0408e-15
2696.00   6.8323e-16
2698.00   1.6075e-14
2700.00   7.9540e-15
2702.00   2.6677e-16
2704.00   5.5120e-14
2706.00   2.5028e-14
2708.00   9.2727e-15
2710.00   6.4947e-14
2712.00   1.0575e-14
2714.00   1.0849e-13
2716.00   3.0491e-13
2718.00   2.5188e-14
2720.00   5.0547e-15
2722.00   2.5233e-14
2724.00   2.5085e-13
2726.00   1.4529e-15
2728.00   1.0564e-13
2730.00   1.8886e-13
2732.00   1.8805e-14
2734.00   4.6067e-15
2736.00   1.0073e-13
2738.00   2.5997e-15
2740.00   3.3350e-13
2742.00   5.5428e-15
2744.00   2.0025e-13
2746.00   3.6125e-13
2748.00   6.7467e-15
2750.00   4.5652e-13
2752.00   1.6520e-14
2754.00   1.1791e-14
2756.00   9.8733e-13
2758.00   1.0940e-14
2760.00   3.1511e-16
2762.00   1.6235e-13
2764.00   1.0140e-14
2766.00   3.6381e-17
2768.00   3.1540e-13
2770.00   7.4846e-15
2772.00   2.8632e-13
2774.00   7.6598e-15
2776.00   4.4105e-15
2778.00   7.4570e-15
2780.00   1.2216e-14
2782.00   1.1384e-15
2784.00   2.3790e-15
2786.00   1.1266e-14
2788.00   2.7833e-15
2790.00   1.4901e-15
2792.00   1.1633e-15
2794.00   4.0486e-15
2796.00   1.6080e-15
2798.00   5.4586e-16
2800.00   1.9233e-14
2802.00   6.4117e-18
2804.00   2.0003e-14
2806.00   4.0630e-15
2808.00   7.4438e-16
2810.00   6.8567e-16
2812.00   8.4508e-16
2814.00   5.4335e-15
2816.00   2.2395e-16
2818.00   8.8592e-16
2820.00   9.2869e-15
2822.00   2.2041e-15
2824.00   2.8993e-14
2826.00   7.7221e-15
2828.00   1.8294e-13
2830.00   1.3863e-15
2832.00   8.0590e-14
2834.00   3.4673e-15
2836.00   3.0291e-15
2838.00   7.9062e-14
2840.00   5.4446e-14
2842.00   9.9358e-16
2844.00   4.6600e-15
2846.00   8.8001e-15
2848.00   3.9219e-14
2850.00   6.7978e-15
2852.00   1.8008e-15
2854.00   1.1113e-15
2856.00   1.4032e-14
2858.00   1.2710e-14
2860.00   3.6807e-16
2862.00   3.0164e-16
2864.00   4.1228e-15
2866.00   6.9445e-15
2868.00   1.3424e-14
2870.00   8.2921e-15
2872.00   8.4807e-15
2874.00   5.5004e-17
2876.00   1.1908e-16
2878.00   3.3145e-16
2880.00   1.6111e-15
2882.00   4.2768e-15
2884.00   3.5445e-15
2886.00   1.0414e-13
2888.00   5.0661e-14
2890.00   5.7746e-15
2892.00   1.7045e-15
2894.00   3.9272e-16
2896.00   5.3759e-15
2898.00   6.4523e-15
2900.00   7.3977e-17
2902.00   3.5986e-15
2904.00   3.5903e-17
2906.00   2.2690e-15
2908.00   2.4693e-16
2910.00   9.7463e-16
2912.00   1.9272e-16
2914.00   2.6021e-16
2916.00   7.1902e-16
2918.00   4.5849e-15
2920.00   1.2663e-15
2922.00   1.6507e-16
2924.00   2.7490e-16
2926.00   3.0708e-15
2928.00   6.8719e-17
2930.00   4.8204e-16
2932.00   1.1347e-16
2934.00   7.8026e-16
2936.00   2.8861e-16
2938.00   1.3085e-16
2940.00   5.5252e-16
2942.00   8.6350e-17
2944.00   5.5856e-14
2946.00   2.1507e-15
2948.00   2.1721e-14
2950.00   1.6122e-14
2952.00   1.7647e-16
2954.00   2.9992e-15
2956.00   3.1747e-17
2958.00   7.2614e-17
2960.00   7.8510e-15
2962.00   2.5995e-16
2964.00   9.8696e-15
2966.00   2.3598e-14
2968.00   6.4212e-16
2970.00   8.6893e-15
2972.00   1.4960e-15
2974.00   2.9507e-17
2976.00   9.8532e-16
2978.00   7.6708e-17
2980.00   3.2660e-15
2982.00   8.4602e-16
2984.00   2.2063e-13
2986.00   4.4951e-14
2988.00   7.4610e-16
2990.00   5.3833e-17
2992.00   1.1993e-16
2994.00   1.4336e-15
2996.00   1.3421e-17
2998.00   4.4960e-15
3000.00   2.2534e-16
3002.00   7.6570e-14
3004.00   7.6304e-17
3006.00   1.4826e-17
3008.00   4.5281e-17
3010.00   8.4506e-15
3012.00   5.4741e-17
3014.00   2.3216e-15
3016.00   6.3204e-15
3018.00   1.9571e-15
3020.00   5.7103e-16
3022.00   2.9859e-16
3024.00   2.7628e-15
3026.00   2.2991e-16
3028.00   5.5698e-16
3030.00   8.3050e-16
3032.00   5.3419e-17
3034.00   3.7620e-16
3036.00   9.9001e-16
3038.00   6.5172e-16
3040.00   4.1128e-16
3042.00   1.6662e-16
3044.00   9.3818e-15
3046.00   1.0706e-15
3048.00   4.9418e-15
3050.00   5.6450e-16
3052.00   2.0563e-16
3054.00   6.1129e-18
3056.00   8.9320e-16
3058.00   3.9424e-17
3060.00   3.7590e-18
3062.00   6.0277e-16
3064.00   3.0915e-18
3066.00   7.9555e-15
3068.00   9.8742e-16
3070.00   1.4135e-15
3072.00   3.2303e-15
3074.00   2.0731e-17
3076.00   6.6407e-15
3078.00   5.0680e-15
3080.00   1.0723e-15
3082.00   3.4979e-17
3084.00   9.4299e-16
3086.00   1.5141e-18
3088.00   1.7856e-18
3090.00   8.0965e-16
3092.00   5.9130e-18
3094.00   6.6283e-19
3096.00   9.2172e-15
3098.00   4.3418e-17
3100.00   3.0175e-18
3102.00   4.3866e-16
3104.00   8.6595e-17
3106.00   5.4785e-16
3108.00   8.9428e-17
3110.00   8.8117e-18
3112.00   6.5809e-19
3114.00   2.5545e-16
3116.00   3.2314e-16
3118.00   1.8829e-16
3120.00   5.0637e-17
3122.00   8.2825e-17
3124.00   1.8590e-18
3126.00   4.4515e-17
3128.00   8.5735e-18
3130.00   5.4619e-17
3132.00   4.7859e-16
3134.00   7.8898e-17
3136.00   1.3077e-16
3138.00   1.4053e-16
3140.00   7.8125e-17
3142.00   1.5161e-15
3144.00   1.1226e-16
3146.00   4.5413e-16
3148.00   2.5635e-18
3150.00   2.7167e-17
3152.00   1.4497e-16
3154.00   1.2772e-17
3156.00   3.7025e-16
3158.00   4.2627e-16
3160.00   5.9298e-17
3162.00   5.6775e-15
3164.00   1.4801e-14
3166.00   6.6719e-15
3168.00   7.2644e-18
3170.00   3.4918e-15
3172.00   1.9853e-18
3174.00   1.2441e-17
3176.00   2.7135e-17
3178.00   1.0013e-14
3180.00   8.4720e-17
3182.00   4.8545e-17
3184.00   7.1176e-15
3186.00   1.3340e-14
3188.00   3.0903e-15
3190.00   7.1038e-16
3192.00   1.7993e-14
3194.00   1.6163e-14
3196.00   2.3978e-14
3198.00   3.4922e-17
3200.00   5.0321e-18
3202.00   7.4285e-18
3204.00   1.3334e-15
3206.00   4.1298e-18
3208.00   2.8944e-17
3210.00   7.4908e-15
3212.00   1.7536e-16
3214.00   1.1983e-14
3216.00   3.0526e-17
3218.00   1.5641e-17
3220.00   2.7952e-17
3222.00   6.0256e-17
3224.00   6.9571e-16
3226.00   1.2189e-16
3228.00   6.9654e-15
3230.00   6.4817e-16
3232.00   5.4488e-15
3234.00   2.1516e-17
3236.00   1.2035e-16
3238.00   2.5793e-15
3240.00   6.2484e-18
3242.00   4.5467e-18
3244.00   5.5324e-15
3246.00   8.0786e-17
3248.00   5.6181e-15
3250.00   1.9310e-15
3252.00   9.9681e-16
3254.00   5.5803e-18
3256.00   3.1348e-16
3258.00   6.9217e-15
3260.00   4.6459e-15
3262.00   1.6304e-16
3264.00   4.2977e-17
3266.00   2.0272e-17
3268.00   5.9511e-16
3270.00   8.7979e-17
3272.00   3.3625e-17
3274.00   3.3902e-17
3276.00   3.2234e-17
3278.00   4.1905e-16
3280.00   7.0760e-17
3282.00   2.4289e-16
3284.00   2.2222e-16
3286.00   9.7674e-15
3288.00   1.1735e-16
3290.00   4.9402e-16
3292.00   9.1528e-17
3294.00   1.3896e-18
3296.00   5.8436e-16
3298.00   3.4311e-15
3300.00   1.4420e-16
3302.00   9.5021e-16
3304.00   1.1238e-16
3306.00   6.7191e-15
3308.00   3.9524e-19
3310.00   1.0405e-15
3312.00   6.9073e-15
3314.00   5.4156e-17
3316.00   1.2334e-17
3318.00   3.1390e-17
3320.00   2.4632e-16
3322.00   1.3104e-15
3324.00   5.5843e-16
3326.00   1.2019e-16
3328.00   5.5999e-16
3330.00   7.9764e-17
3332.00   3.0682e-17
3334.00   1.0240e-17
3336.00   6.8585e-16
3338.00   6.2847e-16
3340.00   9.4018e-18
3342.00   8.5340e-17
3344.00   1.5315e-17
3346.00   1.6515e-18
3348.00   2.4484e-18
3350.00   2.0762e-18
3352.00   1.8929e-17
3354.00   2.3554e-17
3356.00   3.5380e-18
3358.00   3.4975e-15
3360.00   5.8856e-16
3362.00   5.2231e-16
3364.00   2.5291e-17
3366.00   2.1177e-15
3368.00   4.0985e-17
3370.00   3.6784e-16
3372.00   1.3465e-14
3374.00   2.1716e-18
3376.00   2.7904e-16
3378.00   3.5236e-18
3380.00   2.8189e-16
3382.00   5.0800e-16
3384.00   1.9642e-17
3386.00   7.2111e-16
3388.00   2.5389e-17
3390.00   1.8288e-16
3392.00   2.5161e-15
3394.00   2.6102e-17
3396.00   1.0857e-16
3398.00   6.5256e-17
3400.00   2.5320e-17
3402.00   2.2948e-17
3404.00   5.4488e-17
3406.00   2.2291e-16
3408.00   1.4015e-17
3410.00   2.3494e-16
3412.00   2.3770e-17
3414.00   6.2756e-16
3416.00   1.7410e-16
3418.00   1.4412e-18
3420.00   2.7884e-16
3422.00   2.5307e-17
3424.00   1.0068e-18
3426.00   4.9504e-16
3428.00   3.4001e-16
3430.00   1.6504e-16
3432.00   2.1871e-17
3434.00   1.1068e-17
3436.00   3.2834e-15
3438.00   7.4718e-17
3440.00   1.2108e-16
3442.00   2.1427e-16
3444.00   2.2218e-17
3446.00   1.4078e-17
3448.00   3.4121e-17
3450.00   3.0343e-17
3452.00   2.0467e-15
3454.00   6.0714e-16
3456.00   1.3014e-15
3458.00   8.9012e-17
3460.00   3.0109e-17
3462.00   8.8783e-20
3464.00   1.5582e-17
3466.00   3.5962e-17
3468.00   1.9805e-18
3470.00   3.4782e-16
3472.00   1.1780e-16
3474.00   3.0893e-17
3476.00   5.7966e-17
3478.00   2.9172e-16
3480.00   2.3846e-17
3482.00   8.0516e-16
3484.00   1.2677e-16
3486.00   3.0911e-16
3488.00   8.7587e-19
3490.00   4.3542e-16
3492.00   6.5073e-18
3494.00   9.9273e-17
3496.00   5.9500e-17
3498.00   2.9256e-16
3500.00   2.1201e-16
3502.00   3.3254e-17
3504.00   6.6892e-17
3506.00   2.1255e-17
3508.00   1.9143e-17
3510.00   3.8124e-17
3512.00   1.4120e-17
3514.00   5.2328e-18
3516.00   3.7858e-16
3518.00   6.2650e-18
3520.00   7.2749e-17
3522.00   1.3359e-15
3524.00   2.0195e-17
3526.00   6.8966e-16
3528.00   6.4150e-16
3530.00   2.2064e-16
3532.00   4.4332e-17
3534.00   1.7398e-18
3536.00   1.4187e-16
3538.00   1.3615e-16
3540.00   6.5379e-17
3542.00   1.1115e-16
3544.00   4.0382e-17
3546.00   2.1991e-18
3548.00   4.9139e-17
3550.00   2.7143e-17
3552.00   3.2180e-17
3554.00   1.3034e-16
3556.00   1.3463e-16
3558.00   3.1991e-16
3560.00   2.6850e-17
3562.00   3.3286e-17
3564.00   4.3626e-17
3566.00   1.4554e-16
3568.00   1.8510e-17
3570.00   1.1036e-17
3572.00   5.6025e-18
3574.00   5.2199e-18
3576.00   7.5934e-17
3578.00   3.8801e-18
3580.00   2.5109e-18
3582.00   1.4811e-19
3584.00   3.9958e-18
3586.00   1.7653e-16
3588.00   3.4239e-17
3590.00   4.4518e-16
3592.00   5.4456e-18
3594.00   6.4344e-18
3596.00   1.5271e-17
3598.00   1.2256e-17
3600.00   4.6656e-18
3602.00   4.8859e-17
3604.00   1.2307e-17
3606.00   4.6337e-17
3608.00   6.9493e-18
3610.00   2.6611e-17
3612.00   1.1576e-17
3614.00   6.1783e-17
3616.00   4.6240e-18
3618.00   3.1013e-17
3620.00   8.3382e-18
3622.00   1.3354e-15
3624.00   7.5744e-16
3626.00   6.6163e-18
3628.00   6.4630e-17
3630.00   2.0394e-18
3632.00   2.2057e-17
3634.00   8.1688e-18
3636.00   4.5830e-17
3638.00   2.9589e-17
3640.00   2.5951e-18
3642.00   5.5086e-16
3644.00   4.0635e-18
3646.00   1.1046e-17
3648.00   1.7347e-17
3650.00   3.6146e-18
3652.00   6.1185e-18
3654.00   7.1352e-19
3656.00   2.5438e-15
3658.00   1.3101e-17
3660.00   1.2863e-18
3662.00   2.0874e-17
3664.00   8.0987e-18
3666.00   5.1303e-18
3668.00   9.8988e-18
3670.00   1.7009e-18
3672.00   1.9100e-18
3674.00   7.1014e-18
3676.00   2.1681e-18
3678.00   8.9954e-19
3680.00   2.7207e-18
3682.00   1.9371e-17
3684.00   4.1551e-18
3686.00   5.6582e-17
3688.00   5.4159e-18
3690.00   7.3230e-18
3692.00   2.2387e-18
3694.00   3.5363e-17
3696.00   9.3127e-18
3698.00   8.5513e-17
3700.00   5.0206e-17
3702.00   5.1592e-21
3704.00   5.1159e-17
3706.00   4.1090e-19
3708.00   3.0855e-18
3710.00   1.3159e-16
3712.00   4.8196e-17
3714.00   1.1343e-17
3716.00   2.0655e-17
3718.00   3.9747e-18
3720.00   5.4419e-18
3722.00   1.5016e-17
3724.00   2.2466e-18
3726.00   2.6904e-17
3728.00   4.0947e-16
3730.00   8.7247e-18
3732.00   8.7035e-19
3734.00   4.0891e-18
3736.00   1.7397e-18
3738.00   1.2501e-17
3740.00   5.4504e-18
3742.00   8.9738e-18
3744.00   6.2648e-18
3746.00   1.4522e-17
3748.00   1.0070e-15
3750.00   3.6672e-17
3752.00   6.6371e-19
3754.00   5.0149e-17
3756.00   1.2899e-16
3758.00   7.9678e-17
3760.00   4.0597e-16
3762.00   5.6902e-16
3764.00   1.9738e-16
3766.00   3.2934e-17
3768.00   1.2571e-17
3770.00   3.4178e-18
3772.00   3.1896e-18
3774.00   1.7214e-18
3776.00   5.3601e-18
3778.00   3.5458e-17
3780.00   3.0875e-17
3782.00   5.7151e-17
3784.00   5.2623e-17
3786.00   9.9612e-17
3788.00   2.4831e-18
3790.00   1.7642e-18
3792.00   5.3642e-18
3794.00   9.6057e-19
3796.00   1.1120e-17
3798.00   2.1772e-17
3800.00   9.2333e-18
3802.00   1.1736e-17
3804.00   2.1678e-18
3806.00   1.4906e-18
3808.00   1.2237e-17
3810.00   8.4149e-18
3812.00   1.0110e-17
3814.00   1.1218e-16
3816.00   1.0732e-19
3818.00   9.8357e-19
3820.00   2.2447e-17
3822.00   1.6146e-17
3824.00   3.6047e-16
3826.00   7.2216e-19
3828.00   1.1023e-16
3830.00   1.4707e-17
3832.00   1.0844e-19
3834.00   6.6884e-18
3836.00   5.6738e-19
3838.00   2.0018e-17
3840.00   1.4323e-18
3842.00   6.8750e-19
3844.00   6.6241e-18
3846.00   8.9946e-17
3848.00   9.7688e-18
3850.00   1.2034e-19
3852.00   2.3691e-18
3854.00   3.8237e-19
3856.00   8.5269e-18
3858.00   3.0857e-18
3860.00   7.1117e-18
3862.00   7.6039e-18
3864.00   7.2995e-18
3866.00   2.0633e-18
3868.00   2.7457e-18
3870.00   5.6140e-18
3872.00   1.5176e-16
3874.00   3.4160e-18
3876.00   3.2167e-17
3878.00   8.4951e-18
3880.00   4.1408e-18
3882.00   1.7459e-17
3884.00   9.1482e-17
3886.00   1.2219e-18
3888.00   8.1002e-20
3890.00   1.2889e-18
3892.00   2.2267e-19
3894.00   4.7584e-18
3896.00   1.2433e-17
3898.00   1.4712e-19
3900.00   6.9815e-18
3902.00   1.3103e-19
3904.00   1.1376e-16
3906.00   2.1289e-16
3908.00   2.5758e-17
3910.00   4.2749e-16
3912.00   3.6569e-18
3914.00   3.0879e-17
3916.00   2.6042e-17
3918.00   4.6965e-17
3920.00   1.2486e-17
3922.00   4.5260e-17
3924.00   1.1561e-17
3926.00   4.9517e-18
3928.00   2.0899e-16
3930.00   8.9643e-18
3932.00   7.2475e-17
3934.00   1.2301e-18
3936.00   2.4620e-16
3938.00   1.2609e-16
3940.00   2.2124e-17
3942.00   1.5297e-18
3944.00   3.7839e-18
3946.00   9.2487e-18
3948.00   4.6478e-19
3950.00   5.1773e-17
3952.00   1.0683e-17
3954.00   7.7808e-18
3956.00   1.2971e-18
3958.00   1.5622e-17
3960.00   1.2741e-16
3962.00   2.0046e-17
3964.00   5.6982e-17
3966.00   4.0189e-17
3968.00   1.3745e-18
3970.00   2.9507e-17
3972.00   3.2278e-17
3974.00   2.1480e-16
3976.00   4.7803e-17
3978.00   2.6243e-17
3980.00   8.1344e-19
3982.00   2.6023e-17
3984.00   2.6774e-17
3986.00   1.0942e-18
3988.00   8.7044e-18
3990.00   8.8823e-17
3992.00   3.0010e-18
3994.00   2.2170e-18
3996.00   8.6928e-16
3998.00   4.7875e-19
4000.00   1.5166e-17
4002.00   2.6580e-16
4004.00   4.6193e-17
4006.00   1.7670e-19
4008.00   4.2613e-17
4010.00   2.6953e-18
4012.00   1.9733e-17
4014.00   1.9994e-17
4016.00   5.5749e-17
4018.00   4.6976e-18
4020.00   3.6405e-17
4022.00   5.9756e-17
4024.00   1.5233e-16
4026.00   3.1431e-18
4028.00   2.4090e-17
4030.00   4.4109e-20
4032.00   3.8318e-18
4034.00   7.8335e-18
4036.00   3.2852e-18
4038.00   7.1806e-19
4040.00   3.0831e-18
4042.00   9.7372e-18
4044.00   1.1841e-18
4046.00   3.1220e-18
4048.00   2.9340e-18
4050.00   1.1119e-18
4052.00   5.6711e-18
4054.00   9.8460e-20
4056.00   1.9830e-18
4058.00   9.5437e-17
4060.00   7.3625e-19
4062.00   5.9386e-16
4064.00   1.1971e-18
4066.00   8.7449e-20
4068.00   2.6024e-16
4070.00   8.5994e-17
4072.00   1.3938e-18
4074.00   4.6645e-17
4076.00   6.4434e-17
4078.00   4.8581e-16
4080.00   9.5149e-17
4082.00   2.3153e-18
4084.00   1.1267e-17
4086.00   1.0521e-17
4088.00   4.6334e-18
4090.00   1.0030e-18
4092.00   3.0879e-16
4094.00   7.7057e-17
4096.00   5.7303e-18
4098.00   3.6926e-17
4100.00   5.0487e-18
4102.00   6.9793e-18
4104.00   1.0350e-17
4106.00   1.3139e-17
4108.00   3.1159e-17
4110.00   1.3895e-17
4112.00   7.2458e-17
4114.00   6.1099e-18
4116.00   7.0701e-19
4118.00   4.6699e-18
4120.00   1.2976e-18
4122.00   2.8494e-17
4124.00   4.4753e-18
4126.00   6.8087e-19
4128.00   4.0032e-17
4130.00   1.6086e-18
4132.00   3.8748e-18
4134.00   1.9705e-18
4136.00   2.2878e-17
4138.00   1.2722e-17
4140.00   8.9364e-18
4142.00   1.3256e-18
4144.00   1.3853e-16
4146.00   3.1144e-18
4148.00   2.1420e-16
4150.00   2.6455e-17
4152.00   1.4161e-17
4154.00   2.8535e-17
4156.00   3.4482e-18
4158.00   2.7255e-17
4160.00   2.6077e-18
4162.00   6.6098e-17
4164.00   3.0042e-18
4166.00   2.8869e-18
4168.00   1.2151e-17
4170.00   5.9695e-19
4172.00   8.6715e-18
4174.00   3.3626e-16
4176.00   1.4902e-17
4178.00   1.3402e-16
4180.00   2.5116e-16
4182.00   3.6921e-17
4184.00   3.2003e-18
4186.00   7.7873e-18
4188.00   4.0740e-17
4190.00   6.3070e-18
4192.00   1.8255e-20
4194.00   5.3512e-19
4196.00   2.2809e-18
4198.00   1.2322e-18
4200.00   3.1086e-18
4202.00   3.7458e-16
4204.00   6.2743e-19
4206.00   1.0100e-18
4208.00   6.3298e-18
4210.00   2.7036e-16
4212.00   2.2441e-18
4214.00   1.2473e-17
4216.00   4.0880e-19
4218.00   1.0739e-18
4220.00   4.5305e-18
4222.00   1.7852e-17
4224.00   1.4315e-16
4226.00   1.0711e-17
4228.00   1.8436e-18
4230.00   1.7309e-20
4232.00   4.9749e-17
4234.00   1.2688e-15
4236.00   4.4180e-18
4238.00   1.1039e-17
4240.00   1.2144e-18
4242.00   2.0886e-18
4244.00   2.1201e-16
4246.00   5.0537e-20
4248.00   2.2461e-16
4250.00   1.4219e-17
4252.00   1.9192e-18
4254.00   3.5848e-18
4256.00   2.5667e-16
4258.00   3.0470e-17
4260.00   3.7215e-19
4262.00   1.0844e-19
4264.00   3.2156e-17
4266.00   3.1845e-18
4268.00   9.5815e-18
4270.00   3.3736e-18
4272.00   6.9921e-20
4274.00   5.5744e-17
4276.00   1.2215e-16
4278.00   9.1251e-18
4280.00   2.0812e-18
4282.00   5.6389e-17
4284.00   3.2914e-19
4286.00   8.2248e-18
4288.00   2.1225e-16
4290.00   5.2696e-18
4292.00   4.3103e-16
4294.00   5.0779e-19
4296.00   5.2523e-17
4298.00   4.4921e-19
4300.00   7.4326e-16
4302.00   2.9760e-16
4304.00   3.1609e-16
4306.00   3.6589e-17
4308.00   1.4659e-19
4310.00   2.0943e-18
4312.00   3.7955e-16
4314.00   4.5489e-17
4316.00   1.5524e-18
4318.00   6.3180e-17
4320.00   5.4927e-17
4322.00   1.4312e-16
4324.00   1.6625e-19
4326.00   6.4833e-17
4328.00   5.6474e-18
4330.00   1.3858e-17
4332.00   2.4265e-16
4334.00   1.1837e-19
4336.00   7.5108e-18
4338.00   4.5049e-17
4340.00   3.7985e-16
4342.00   8.1996e-18
4344.00   4.8152e-17
4346.00   4.3631e-17
4348.00   5.0876e-18
4350.00   8.5525e-19
4352.00   7.2911e-16
4354.00   3.5333e-18
4356.00   2.4357e-17
4358.00   2.5205e-16
4360.00   1.6269e-16
4362.00   5.4027e-17
4364.00   3.5657e-17
4366.00   4.8248e-18
4368.00   1.0084e-18
4370.00   1.7540e-17
4372.00   6.4905e-16
4374.00   8.8324e-19
4376.00   1.0449e-17
4378.00   7.4444e-18
4380.00   4.0411e-18
4382.00   3.9275e-18
4384.00   4.8897e-17
4386.00   2.6381e-16
4388.00   1.2018e-18
4390.00   4.9600e-22
4392.00   4.5511e-18
4394.00   3.3968e-18
4396.00   6.9142e-19
4398.00   7.2504e-17
4400.00   7.2942e-18
4402.00   1.7894e-17
4404.00   8.0570e-20
4406.00   5.6120e-18
4408.00   1.2542e-18
4410.00   1.8689e-17
4412.00   5.3237e-19
4414.00   3.9745e-16
4416.00   2.2972e-16
4418.00   1.1863e-18
4420.00   3.5491e-19
4422.00   1.3015e-17
4424.00   9.1294e-18
4426.00   2.5565e-18
4428.00   4.6289e-19
4430.00   1.3143e-17
4432.00   7.4857e-18
4434.00   5.7880e-18
4436.00   1.6441e-18
4438.00   6.3769e-19
4440.00   2.2083e-17
4442.00   8.0550e-18
4444.00   2.5046e-17
4446.00   2.3992e-17
4448.00   3.3818e-18
4450.00   2.7053e-18
4452.00   1.7994e-16
4454.00   4.1818e-18
4456.00   4.7054e-17
4458.00   1.1667e-17
4460.00   4.6373e-18
4462.00   4.9209e-17
4464.00   4.4224e-18
4466.00   1.2054e-17
4468.00   4.0030e-19
4470.00   4.6883e-19
4472.00   2.1722e-16
4474.00   6.7876e-17
4476.00   1.7178e-18
4478.00   3.8716e-18
4480.00   2.5623e-17
4482.00   5.3501e-20
4484.00   7.8195e-20
4486.00   2.3168e-19
4488.00   7.3088e-18
4490.00   1.8164e-16
4492.00   9.8494e-17
4494.00   1.7184e-18
4496.00   2.5816e-19
4498.00   1.2031e-18
4500.00   2.8933e-18
4502.00   1.2676e-18
4504.00   3.7706e-18
4506.00   1.0630e-17
4508.00   4.8654e-16
4510.00   8.4555e-18
4512.00   5.8187e-19
4514.00   2.6815e-18
4516.00   7.8084e-17
4518.00   2.7961e-19
4520.00   2.0250e-16
4522.00   5.7945e-16
4524.00   6.2164e-18
4526.00   2.6803e-17
4528.00   1.5974e-18
4530.00   8.3877e-18
4532.00   1.2170e-18
4534.00   2.7705e-17
4536.00   2.5695e-18
4538.00   5.6302e-18
4540.00   3.4572e-20
4542.00   2.4054e-16
4544.00   1.6282e-18
4546.00   1.0579e-18
4548.00   2.6653e-18
4550.00   7.3019e-16
4552.00   3.2673e-19
4554.00   1.6930e-18
4556.00   9.8368e-17
4558.00   6.1894e-20
4560.00   1.0752e-18
4562.00   6.1819e-18
4564.00   1.9516e-18
4566.00   5.7702e-20
4568.00   2.1660e-18
4570.00   3.1961e-18
4572.00   8.3479e-19
4574.00   2.2485e-19
4576.00   4.0153e-16
4578.00   2.5139e-18
4580.00   3.5141e-17
4582.00   4.8582e-17
4584.00   6.3849e-16
4586.00   6.2339e-18
4588.00   3.8565e-18
4590.00   1.8591e-18
4592.00   3.2044e-18
4594.00   1.6820e-18
4596.00   1.0936e-16
4598.00   4.4262e-17
4600.00   1.3927e-21
4602.00   2.2809e-19
4604.00   1.1450e-17
4606.00   1.9776e-18
4608.00   4.0874e-19
4610.00   2.7206e-18
4612.00   9.2715e-18
4614.00   1.0434e-18
4616.00   4.4850e-19
4618.00   6.1941e-19
4620.00   2.3307e-16
4622.00   7.0941e-19
4624.00   7.3783e-18
4626.00   6.3570e-18
4628.00   2.8896e-18
4630.00   2.7105e-16
4632.00   1.6535e-17
4634.00   2.3431e-17
4636.00   4.1790e-18
4638.00   7.5760e-18
4640.00   7.4264e-18
4642.00   1.3841e-18
4644.00   6.2762e-19
4646.00   4.3330e-21
4648.00   3.9964e-17
4650.00   2.4169e-18
4652.00   4.5970e-18
4654.00   1.2031e-19
4656.00   2.3370e-18
4658.00   8.0573e-19
4660.00   1.4591e-19
4662.00   2.0049e-19
4664.00   1.0137e-17
4666.00   4.8381e-17
4668.00   1.0946e-18
4670.00   7.6071e-18
4672.00   3.0784e-19
4674.00   1.9741e-20
4676.00   1.1464e-18
4678.00   2.5250e-18
4680.00   4.7462e-20
4682.00   2.0000e-20
4684.00   4.5317e-18
4686.00   3.6041e-18
4688.00   3.1597e-18
4690.00   4.9221e-19
4692.00   3.9357e-19
4694.00   1.2884e-19
4696.00   1.3066e-17
4698.00   1.1742e-17
4700.00   2.0588e-18
4702.00   4.8040e-18
4704.00   8.5256e-19
4706.00   1.6557e-18
4708.00   2.5580e-18
4710.00   2.3115e-18
4712.00   5.6163e-21
4714.00   4.7699e-19
4716.00   1.8394e-18
4718.00   3.0587e-18
4720.00   1.6853e-18
4722.00   6.4150e-18
4724.00   4.8345e-19
4726.00   4.7116e-19
4728.00   2.3892e-17
4730.00   1.1978e-18
4732.00   4.9540e-18
4734.00   4.7524e-19
4736.00   3.8356e-20
4738.00   1.3175e-17
4740.00   3.7630e-19
4742.00   4.3720e-18
4744.00   1.0163e-17
4746.00   1.8553e-18
4748.00   1.8628e-19
4750.00   5.7027e-18
4752.00   4.1871e-19
4754.00   3.3537e-18
4756.00   8.9665e-19
4758.00   2.7878e-19
4760.00   8.2731e-18
4762.00   3.4883e-19
4764.00   4.2200e-19
4766.00   8.6836e-19
4768.00   1.5429e-18
4770.00   7.9181e-20
4772.00   1.1585e-18
4774.00   1.2923e-17
4776.00   5.5584e-19
4778.00   2.2878e-17
4780.00   2.8703e-19
4782.00   4.4806e-20
4784.00   5.0320e-20
4786.00   1.1580e-19
4788.00   3.3909e-21
4790.00   2.1855e-19
4792.00   7.9286e-19
4794.00   1.4153e-20
4796.00   4.2566e-18
4798.00   4.2923e-18
4800.00   5.3121e-20
4802.00   1.2450e-18
4804.00   3.2205e-18
4806.00   8.0210e-19
4808.00   1.3240e-18
4810.00   7.3377e-18
4812.00   6.4975e-19
4814.00   2.8735e-18
4816.00   2.9898e-18
4818.00   2.4726e-19
4820.00   5.7028e-20
4822.00   2.1339e-19
4824.00   3.7333e-18
4826.00   7.7130e-17
4828.00   7.3864e-20
4830.00   2.5351e-18
4832.00   8.6158e-17
4834.00   4.1971e-17
4836.00   1.1842e-18
4838.00   3.3236e-19
4840.00   3.7706e-18
4842.00   3.0046e-18
4844.00   1.5061e-17
4846.00   1.8792e-18
4848.00   1.4381e-18
4850.00   3.2328e-19
4852.00   2.6707e-19
4854.00   2.4884e-19
4856.00   4.4371e-19
4858.00   1.0009e-19
4860.00   3.2431e-19
4862.00   1.7731e-19
4864.00   1.8562e-19
4866.00   5.2238e-18
4868.00   2.5937e-18
4870.00   9.2159e-19
4872.00   9.0999e-18
4874.00   2.0934e-17
4876.00   3.7646e-17
4878.00   6.5590e-19
4880.00   6.0119e-18
4882.00   4.7374e-21
4884.00   1.5297e-18
4886.00   6.1712e-19
4888.00   3.9036e-19
4890.00   7.2534e-17
4892.00   4.8453e-18
4894.00   2.5461e-18
4896.00   1.8350e-17
4898.00   4.6794e-17
4900.00   5.6902e-19
4902.00   1.2640e-16
4904.00   1.0230e-18
4906.00   1.8021e-17
4908.00   1.0115e-20
4910.00   5.6537e-20
4912.00   5.4284e-18
4914.00   2.8248e-21
4916.00   5.3082e-20
4918.00   1.3308e-19
4920.00   9.6372e-19
4922.00   1.9583e-17
4924.00   1.8828e-15
4926.00   6.5416e-19
4928.00   3.4953e-18
4930.00   2.4884e-20
4932.00   1.5830e-17
4934.00   2.3548e-19
4936.00   1.3251e-17
4938.00   2.0917e-19
4940.00   6.2092e-19
4942.00   1.0849e-18
4944.00   8.5265e-19
4946.00   8.0022e-18
4948.00   4.9035e-18
4950.00   2.9343e-18
4952.00   8.1977e-17
4954.00   5.2030e-17
4956.00   2.6156e-19
4958.00   4.2391e-19
4960.00   1.6020e-19
4962.00   4.6084e-18
4964.00   9.3591e-20
4966.00   7.5350e-20
4968.00   1.1176e-18
4970.00   1.2377e-18
4972.00   7.7603e-19
4974.00   1.6007e-17
4976.00   1.6284e-16
4978.00   2.2906e-19
4980.00   7.6316e-19
4982.00   1.9752e-19
4984.00   1.1384e-20
4986.00   2.9389e-19
4988.00   1.0813e-16
4990.00   9.1394e-20
4992.00   5.1460e-18
4994.00   1.8976e-18
4996.00   5.1735e-19
4998.00   3.8733e-17
5000.00   4.3479e-17
5002.00   1.2773e-19
5004.00   1.9927e-18
5006.00   3.4390e-17
5008.00   6.9789e-20
5010.00   3.2384e-20
5012.00   2.4434e-20
5014.00   9.2731e-19
5016.00   1.6484e-17
5018.00   2.5381e-15
5020.00   1.3525e-17
5022.00   1.0777e-17
5024.00   1.7998e-19
5026.00   1.2467e-19
5028.00   3.1902e-18
5030.00   1.9379e-17
5032.00   1.1374e-20
5034.00   1.2004e-19
5036.00   4.4905e-19
5038.00   1.0581e-21
5040.00   9.6320e-18
5042.00   2.3994e-18
5044.00   8.4870e-18
5046.00   1.9721e-16
5048.00   2.6889e-17
5050.00   2.3851e-18
5052.00   4.1839e-19
5054.00   8.2787e-19
5056.00   6.5248e-19
5058.00   1.4710e-19
5060.00   2.1549e-17
5062.00   2.1125e-19
5064.00   8.1820e-20
5066.00   1.0891e-16
5068.00   8.6557e-21
5070.00   2.1109e-19
5072.00   5.2427e-17
5074.00   2.4295e-17
5076.00   1.3534e-17
5078.00   4.8810e-19
5080.00   5.8804e-18
5082.00   7.6267e-21
5084.00   4.3534e-18
5086.00   8.6413e-19
5088.00   2.5683e-19
5090.00   1.7508e-18
5092.00   1.0341e-20
5094.00   1.6440e-17
5096.00   3.2572e-17
5098.00   5.0815e-20
5100.00   1.4263e-16
5102.00   5.2544e-19
5104.00   1.2369e-19
5106.00   7.0491e-19
5108.00   1.1607e-17
5110.00   1.5173e-19
5112.00   2.5378e-17
5114.00   2.9827e-21
5116.00   3.6135e-19
5118.00   1.7110e-21
5120.00   5.3685e-19
5122.00   6.8781e-19
5124.00   1.9604e-17
5126.00   5.9546e-18
5128.00   3.3052e-17
5130.00   2.8929e-18
5132.00   1.2498e-18
5134.00   1.8429e-18
5136.00   7.4188e-19
5138.00   5.2957e-19
5140.00   7.4448e-20
5142.00   1.7966e-19
5144.00   1.3224e-18
5146.00   1.5682e-18
5148.00   8.2357e-20
5150.00   1.1788e-18
5152.00   2.1584e-20
5154.00   1.1341e-18
5156.00   1.8241e-20
5158.00   1.7473e-16
5160.00   3.8167e-17
5162.00   5.5446e-19
5164.00   4.0482e-18
5166.00   1.7295e-18
5168.00   2.3375e-18
5170.00   2.6219e-15
5172.00   2.2220e-17
5174.00   5.5940e-23
5176.00   8.1837e-20
5178.00   8.7835e-20
5180.00   1.0746e-19
5182.00   1.2922e-17
5184.00   1.3456e-17
5186.00   6.3562e-18
5188.00   3.7539e-18
5190.00   6.6092e-21
5192.00   2.1930e-17
5194.00   6.8361e-19
5196.00   2.6535e-21
5198.00   5.4916e-16
5200.00   8.7684e-19
5202.00   2.8819e-21
5204.00   3.7047e-19
5206.00   1.9130e-17
5208.00   1.7706e-20
5210.00   1.2510e-17
5212.00   8.1661e-19
5214.00   7.5577e-20
5216.00   4.6617e-18
5218.00   1.5892e-17
5220.00   4.2573e-18
5222.00   2.4031e-20
5224.00   2.9990e-19
5226.00   1.8451e-18
5228.00   2.6579e-17
5230.00   9.6640e-23
5232.00   1.5364e-18
5234.00   5.5739e-16
5236.00   1.9867e-17
5238.00   1.5823e-18
5240.00   3.0612e-18
5242.00   3.8137e-19
5244.00   6.2809e-18
5246.00   4.6026e-19
5248.00   2.5662e-19
5250.00   5.1554e-18
5252.00   5.2355e-18
5254.00   5.4508e-17
5256.00   3.7892e-18
5258.00   2.0188e-17
5260.00   2.1751e-17
5262.00   8.2813e-17
5264.00   1.5341e-17
5266.00   2.6546e-21
5268.00   2.0179e-17
5270.00   1.5264e-18
5272.00   1.6701e-16
5274.00   7.6416e-17
5276.00   6.4529e-16
5278.00   6.7628e-18
5280.00   1.3578e-18
5282.00   1.5301e-19
5284.00   3.3706e-16
5286.00   2.9522e-18
5288.00   3.6636e-19
5290.00   1.7870e-18
5292.00   5.4019e-18
5294.00   2.4945e-18
5296.00   5.6102e-18
5298.00   1.9576e-17
5300.00   2.1303e-19
5302.00   1.4644e-19
5304.00   5.6449e-18
5306.00   4.0790e-20
5308.00   3.4703e-19
5310.00   1.0079e-18
5312.00   5.5430e-20
5314.00   2.2530e-17
5316.00   1.0869e-15
5318.00   8.9035e-20
5320.00   2.6082e-18
5322.00   1.2129e-18
5324.00   4.5613e-17
5326.00   5.4988e-17
5328.00   1.8572e-19
5330.00   6.8227e-19
5332.00   2.8491e-18
5334.00   4.5159e-17
5336.00   6.3056e-18
5338.00   4.7496e-18
5340.00   1.5989e-18
5342.00   3.4643e-19
5344.00   1.4940e-18
5346.00   1.5089e-18
5348.00   6.1646e-18
5350.00   4.6122e-19
5352.00   3.9795e-18
5354.00   2.4032e-18
5356.00   2.6700e-19
5358.00   5.0434e-17
5360.00   1.4331e-18
5362.00   3.5035e-17
5364.00   1.7890e-17
5366.00   4.3618e-19
5368.00   5.4329e-19
5370.00   1.4180e-18
5372.00   7.3773e-20
5374.00   7.0319e-21
5376.00   3.9775e-17
5378.00   7.3051e-19
5380.00   3.5700e-18
5382.00   3.5445e-18
5384.00   5.3325e-17
5386.00   1.5204e-18
5388.00   2.7960e-17
5390.00   1.8598e-19
5392.00   1.0274e-19
5394.00   3.1573e-18
5396.00   1.0618e-18
5398.00   9.3581e-20
5400.00   8.3364e-19
5402.00   5.6744e-19
5404.00   2.8510e-20
5406.00   1.2535e-18
5408.00   2.3338e-18
5410.00   1.4516e-17
5412.00   1.3592e-17
5414.00   3.1034e-18
5416.00   9.8189e-19
5418.00   2.2510e-19
5420.00   1.4716e-18
5422.00   2.3748e-18
5424.00   2.3480e-18
5426.00   4.6519e-17
5428.00   1.0808e-16
5430.00   1.4577e-20
5432.00   1.2738e-18
5434.00   2.7346e-17
5436.00   4.9195e-20
5438.00   2.8361e-17
5440.00   8.8431e-18
5442.00   4.5312e-19
5444.00   3.5136e-17
5446.00   6.5797e-18
5448.00   6.4699e-20
5450.00   2.0471e-17
5452.00   1.0689e-18
5454.00   6.9019e-19
5456.00   1.8008e-19
5458.00   9.5844e-19
5460.00   1.2787e-18
5462.00   3.6421e-23
5464.00   2.5180e-21
5466.00   3.0025e-17
5468.00   6.3111e-18
5470.00   4.4271e-19
5472.00   3.2299e-19
5474.00   1.2953e-19
5476.00   3.3339e-20
5478.00   4.8876e-18
5480.00   1.5081e-19
5482.00   2.9125e-19
5484.00   3.8557e-18
5486.00   1.1758e-18
5488.00   1.3774e-17
5490.00   3.5629e-19
5492.00   2.8222e-20
5494.00   5.8927e-22
5496.00   3.5766e-18
5498.00   2.2962e-18
5500.00   3.5036e-17
5502.00   2.8067e-17
5504.00   1.6699e-18
5506.00   2.6766e-18
5508.00   9.8875e-19
5510.00   1.7507e-17
5512.00   4.7273e-19
5514.00   3.9283e-18
5516.00   1.9686e-20
5518.00   3.8905e-18
5520.00   8.5495e-18
5522.00   1.1247e-18
5524.00   1.6076e-20
5526.00   2.6835e-17
5528.00   6.2859e-18
5530.00   7.0548e-17
5532.00   9.2798e-18
5534.00   3.1778e-18
5536.00   1.0201e-18
5538.00   7.8159e-18
5540.00   2.5891e-18
5542.00   4.2698e-18
5544.00   1.9726e-17
5546.00   1.2269e-18
5548.00   3.9308e-19
5550.00   8.4106e-20
5552.00   8.9688e-18
5554.00   2.1317e-18
5556.00   4.2226e-18
5558.00   6.1249e-20
5560.00   1.0108e-18
5562.00   1.1226e-19
5564.00   9.6463e-22
5566.00   7.4393e-18
5568.00   6.1341e-17
5570.00   2.4627e-18
5572.00   2.8014e-18
5574.00   1.6418e-18
5576.00   4.1697e-21
5578.00   5.9951e-19
5580.00   8.5671e-18
5582.00   2.5501e-17
5584.00   6.8012e-20
5586.00   7.2931e-19
5588.00   5.8754e-17
5590.00   1.5235e-19
5592.00   7.9715e-20
5594.00   2.2367e-21
5596.00   1.3935e-17
5598.00   1.7498e-20
5600.00   9.4390e-19
5602.00   1.0908e-18
5604.00   1.8922e-20
5606.00   3.8114e-20
5608.00   5.5326e-18
5610.00   5.6933e-20
5612.00   7.8869e-19
5614.00   5.7116e-18
5616.00   2.6356e-18
5618.00   1.1925e-17
5620.00   1.3984e-18
5622.00   4.2398e-19
5624.00   1.9476e-17
5626.00   2.6921e-17
5628.00   1.2501e-17
5630.00   1.5039e-18
5632.00   9.6227e-19
5634.00   3.3691e-19
5636.00   2.1038e-19
5638.00   3.2306e-18
5640.00   6.9306e-18
5642.00   1.6523e-21
5644.00   5.1728e-18
5646.00   4.2614e-23
5648.00   1.7885e-18
5650.00   7.3680e-18
5652.00   6.2808e-18
5654.00   8.8841e-19
5656.00   3.8823e-18
5658.00   5.2676e-18
5660.00   1.2663e-19
5662.00   2.5112e-19
5664.00   9.5281e-18
5666.00   2.5169e-18
5668.00   1.3676e-19
5670.00   3.9057e-16
5672.00   7.2417e-21
5674.00   6.4807e-18
5676.00   4.2905e-18
5678.00   1.0723e-18
5680.00   8.4968e-19
5682.00   8.5391e-19
5684.00   7.1855e-20
5686.00   2.0941e-21
5688.00   5.7708e-21
5690.00   4.4719e-16
5692.00   1.7697e-18
5694.00   1.0770e-21
5696.00   3.4716e-19
5698.00   2.2100e-22
5700.00   2.4837e-17
5702.00   1.0139e-19
5704.00   3.5869e-18
5706.00   4.2522e-18
5708.00   4.1567e-19
5710.00   3.0182e-19
5712.00   2.2084e-18
5714.00   1.1566e-19
5716.00   1.2644e-17
5718.00   1.7464e-17
5720.00   9.6334e-21
5722.00   8.1945e-19
5724.00   2.8453e-20
5726.00   2.4417e-18
5728.00   1.1751e-18
5730.00   4.3715e-18
5732.00   1.1540e-17
5734.00   6.3723e-19
5736.00   4.8326e-22
5738.00   4.9675e-19
5740.00   3.7515e-20
5742.00   5.2836e-19
5744.00   3.2861e-18
5746.00   6.0956e-17
5748.00   1.0594e-18
5750.00   1.2216e-18
5752.00   5.3737e-19
5754.00   1.9208e-17
5756.00   1.8506e-18
5758.00   3.6293e-18
5760.00   4.3417e-19
5762.00   3.4041e-18
5764.00   3.3101e-21
5766.00   1.3155e-17
5768.00   7.9010e-19
5770.00   1.7253e-19
5772.00   5.5561e-20
5774.00   6.6153e-20
5776.00   6.7135e-19
5778.00   3.0533e-20
5780.00   5.4517e-19
5782.00   6.7253e-18
5784.00   1.7245e-18
5786.00   1.2150e-19
5788.00   7.0223e-20
5790.00   1.9838e-18
5792.00   9.1754e-19
5794.00   1.2914e-20
5796.00   1.8950e-17
5798.00   7.5439e-18
5800.00   1.1699e-19
5802.00   2.3195e-17
5804.00   4.3085e-19
5806.00   3.7082e-18
5808.00   6.3709e-18
5810.00   2.7941e-18
5812.00   2.1686e-18
5814.00   3.8097e-17
5816.00   1.4490e-20
5818.00   7.2874e-21
5820.00   1.0070e-24
5822.00   5.8609e-18
5824.00   3.3159e-18
5826.00   6.4941e-18
5828.00   1.8445e-20
5830.00   1.1103e-16
5832.00   2.0620e-18
5834.00   1.1091e-18
5836.00   3.8486e-17
5838.00   2.2946e-20
5840.00   1.8214e-20
5842.00   1.6018e-17
5844.00   1.7291e-19
5846.00   7.7125e-20
5848.00   3.2202e-19
5850.00   4.1203e-19
5852.00   2.8373e-18
5854.00   2.3581e-19
5856.00   2.0564e-19
5858.00   9.4716e-19
5860.00   9.6226e-18
5862.00   2.7672e-18
5864.00   8.4330e-20
5866.00   6.1118e-20
5868.00   2.1142e-18
5870.00   1.1266e-17
5872.00   3.1422e-20
5874.00   8.1882e-19
5876.00   3.1154e-20
5878.00   1.8700e-19
5880.00   1.1909e-17
5882.00   1.4516e-19
5884.00   1.0161e-19
5886.00   1.2162e-18
5888.00   3.4675e-19
5890.00   4.3926e-21
5892.00   1.0810e-17
5894.00   1.6767e-20
5896.00   3.7030e-18
5898.00   3.1490e-19
5900.00   4.0963e-20
5902.00   9.1179e-18
5904.00   3.6380e-19
5906.00   1.4173e-19
5908.00   4.4535e-19
5910.00   1.7381e-19
5912.00   6.6421e-20
5914.00   5.9577e-16
5916.00   1.5846e-20
5918.00   3.6455e-20
5920.00   1.2461e-18
5922.00   3.4400e-18
5924.00   1.1783e-19
5926.00   1.1837e-18
5928.00   4.5939e-21
5930.00   1.8141e-18
5932.00   1.4156e-18
5934.00   1.1843e-20
5936.00   6.4155e-22
5938.00   2.0575e-19
5940.00   3.0320e-19
5942.00   2.9520e-19
5944.00   7.2298e-18
5946.00   1.1694e-18
5948.00   1.8537e-18
5950.00   2.2896e-19
5952.00   6.0199e-17
5954.00   9.9150e-21
5956.00   2.2680e-17
5958.00   8.0653e-21
5960.00   1.2612e-20
5962.00   1.5179e-16
5964.00   8.6466e-20
5966.00   2.5907e-22
5968.00   5.6636e-18
5970.00   4.1836e-21
5972.00   7.2843e-19
5974.00   5.2926e-19
5976.00   6.8481e-20
5978.00   1.0114e-20
5980.00   1.7448e-19
5982.00   3.7071e-17
5984.00   2.3218e-18
5986.00   5.5574e-19
5988.00   4.4452e-19
5990.00   1.8802e-19
5992.00   3.5291e-18
5994.00   8.7284e-19
5996.00   4.9771e-19
5998.00   5.4721e-19
6000.00   3.1464e-20
6002.00   1.9340e-19
6004.00   6.7495e-18
6006.00   1.0924e-17
6008.00   4.9210e-20
6010.00   1.5344e-20
6012.00   6.9363e-21
6014.00   8.8866e-19
6016.00   2.6511e-17
6018.00   8.5425e-18
6020.00   9.3949e-21
6022.00   1.1288e-19
6024.00   1.2139e-19
6026.00   2.5832e-21
6028.00   3.1756e-19
6030.00   3.0759e-19
6032.00   5.0617e-18
6034.00   3.5925e-17
6036.00   3.9469e-18
6038.00   2.1432e-20
6040.00   1.6236e-18
6042.00   6.5516e-22
6044.00   1.1053e-17
6046.00   1.4813e-17
6048.00   3.3184e-18
6050.00   1.3213e-16
6052.00   3.2053e-19
6054.00   3.3717e-20
6056.00   1.5078e-22
6058.00   1.3444e-18
6060.00   4.3937e-17
6062.00   4.7865e-20
6064.00   7.7636e-19
6066.00   2.7553e-23
6068.00   2.4433e-18
6070.00   2.6264e-18
6072.00   1.9805e-18
6074.00   5.2862e-19
6076.00   1.5645e-19
6078.00   2.6336e-16
6080.00   5.1161e-18
6082.00   5.0083e-21
6084.00   1.9518e-18
6086.00   6.8295e-20
6088.00   7.8668e-18
6090.00   8.2545e-22
6092.00   3.0229e-20
6094.00   2.1422e-19
6096.00   4.9625e-19
6098.00   2.9667e-19
6100.00   3.0525e-19
6102.00   7.0620e-23
6104.00   1.8017e-17
6106.00   1.6155e-18
6108.00   1.7914e-18
6110.00   1.2262e-24
6112.00   5.0571e-20
6114.00   1.7209e-18
6116.00   9.5850e-19
6118.00   1.3364e-18
6120.00   2.7500e-18
6122.00   4.6846e-18
6124.00   2.7449e-22
6126.00   4.5058e-19
6128.00   1.1742e-24
6130.00   1.0075e-18
6132.00   4.2229e-21
6134.00   4.9220e-18
6136.00   4.8260e-20
6138.00   4.4809e-21
6140.00   6.8784e-22
6142.00   1.4717e-19
6144.00   1.9456e-20
6146.00   2.3617e-18
6148.00   6.7292e-17
6150.00   6.5068e-17
6152.00   1.6303e-18
6154.00   5.7707e-18
6156.00   1.9114e-17
6158.00   2.3359e-18
6160.00   9.9993e-19
6162.00   1.7505e-20
6164.00   1.8080e-18
6166.00   5.0472e-18
6168.00   2.0489e-19
6170.00   1.0344e-20
6172.00   7.9475e-17
6174.00   8.0845e-20
6176.00   2.8700e-17
6178.00   3.9460e-20
6180.00   3.3518e-17
6182.00   1.6792e-21
6184.00   5.0699e-18
6186.00   1.7652e-16
6188.00   6.3184e-18
6190.00   3.1463e-18
6192.00   3.5741e-19
6194.00   3.4291e-21
6196.00   6.3731e-19
6198.00   2.1469e-18
6200.00   6.7879e-17
6202.00   2.7363e-18
6204.00   4.2686e-19
6206.00   1.5826e-20
6208.00   3.1181e-20
6210.00   6.4548e-19
6212.00   2.7422e-24
6214.00   2.3042e-18
6216.00   1.1242e-20
6218.00   1.1016e-20
6220.00   4.3011e-19
6222.00   1.9322e-18
6224.00   2.4088e-20
6226.00   4.7140e-25
6228.00   4.2834e-18
6230.00   2.9711e-18
6232.00   3.9878e-18
6234.00   1.6556e-16
6236.00   5.2279e-19
6238.00   6.0572e-17
6240.00   9.4729e-18
6242.00   4.2014e-20
6244.00   6.3792e-18
6246.00   1.1056e-19
6248.00   2.8137e-16
6250.00   8.2237e-24
6252.00   1.1745e-20
6254.00   3.9245e-22
6256.00   2.6796e-20
6258.00   2.9942e-19
6260.00   8.7278e-19
6262.00   4.9470e-17
6264.00   5.8551e-17
6266.00   2.3964e-19
6268.00   1.7402e-19
6270.00   2.3394e-20
6272.00   3.0526e-19
6274.00   2.6154e-18
6276.00   8.2083e-20
6278.00   8.1913e-23
6280.00   8.9074e-19
6282.00   1.1381e-18
6284.00   7.1546e-22
6286.00   2.7793e-22
6288.00   2.1600e-20
6290.00   9.7201e-18
6292.00   7.4685e-20
6294.00   1.0885e-19
6296.00   1.3968e-20
6298.00   2.1324e-19
6300.00   5.2559e-18
6302.00   6.9262e-19
6304.00   5.2833e-19
6306.00   2.9466e-17
6308.00   3.6333e-19
6310.00   6.3264e-18
6312.00   8.0924e-22
6314.00   3.1166e-20
6316.00   5.5566e-21
6318.00   1.4225e-15
6320.00   2.1457e-17
6322.00   8.2362e-18
6324.00   1.2224e-22
6326.00   1.0296e-17
6328.00   1.4300e-18
6330.00   7.2212e-19
6332.00   1.8005e-17
6334.00   6.1411e-23
6336.00   4.8894e-20
6338.00   6.5179e-17
6340.00   2.5933e-18
6342.00   1.3154e-20
6344.00   3.0970e-20
6346.00   1.5723e-17
6348.00   1.1579e-16
6350.00   3.0166e-18
6352.00   7.1136e-24
6354.00   7.6974e-18
6356.00   2.4054e-19
6358.00   1.0761e-19
6360.00   1.1710e-19
6362.00   2.1654e-17
6364.00   4.2782e-19
6366.00   3.2255e-20
6368.00   4.5721e-24
6370.00   1.4205e-18
6372.00   2.6527e-16
6374.00   7.0957e-20
6376.00   5.0893e-22
6378.00   1.1374e-19
6380.00   1.2398e-17
6382.00   3.8331e-19
6384.00   9.3315e-16
6386.00   2.1912e-16
6388.00   3.4909e-20
6390.00   5.4393e-20
6392.00   7.9117e-19
6394.00   1.3386e-18
6396.00   1.5493e-18
6398.00   1.0054e-17
6400.00   1.1662e-18
6402.00   2.9829e-17
6404.00   1.6514e-18
6406.00   2.2095e-19
6408.00   6.0370e-18
6410.00   2.2296e-18
6412.00   1.6829e-20
6414.00   1.6275e-23
6416.00   5.0257e-17
6418.00   9.7294e-20
6420.00   5.5675e-20
6422.00   2.8687e-19
6424.00   2.1642e-18
6426.00   2.2045e-21
6428.00   7.7119e-18
6430.00   2.3985e-21
6432.00   4.0673e-18
6434.00   2.7353e-18
6436.00   1.0313e-18
6438.00   9.1245e-22
6440.00   3.5916e-18
6442.00   7.9076e-17
6444.00   1.0754e-18
6446.00   2.5276e-17
6448.00   3.2997e-24
6450.00   4.1078e-20
6452.00   3.2411e-19
6454.00   1.2204e-18
6456.00   3.7031e-16
6458.00   9.0491e-22
6460.00   2.3629e-21
6462.00   3.9590e-21
6464.00   3.2082e-22
6466.00   4.6587e-17
6468.00   1.9918e-18
6470.00   1.6676e-22
6472.00   3.7742e-20
6474.00   4.6398e-18
6476.00   1.7421e-24
6478.00   6.2156e-25
6480.00   3.0076e-19
6482.00   4.2280e-17
6484.00   1.8886e-18
6486.00   9.5850e-17
6488.00   2.8057e-18
6490.00   9.7807e-23
6492.00   2.4461e-16
6494.00   4.4007e-16
6496.00   3.6745e-20
6498.00   5.9691e-21
6500.00   1.3107e-20
6502.00   1.0036e-21
6504.00   1.9051e-20
6506.00   3.5594e-17
6508.00   2.0072e-16
6510.00   3.7019e-18
6512.00   7.6833e-18
6514.00   6.1545e-19
6516.00   6.5476e-18
6518.00   1.6381e-16
6520.00   2.5136e-19
6522.00   2.0195e-20
6524.00   5.7461e-19
6526.00   9.4558e-22
6528.00   8.4036e-18
6530.00   3.0558e-17
6532.00   3.7089e-17
6534.00   5.9957e-18
6536.00   4.5749e-22
6538.00   1.4799e-17
6540.00   2.8276e-19
6542.00   3.4836e-20
6544.00   9.5499e-19
6546.00   2.3438e-25
6548.00   4.8091e-19
6550.00   1.6839e-18
6552.00   1.9478e-19
6554.00   1.6697e-19
6556.00   5.8217e-19
6558.00   2.9171e-17
6560.00   6.6024e-18
6562.00   1.9590e-16
6564.00   2.6716e-21
6566.00   4.0230e-19
6568.00   1.8357e-22
6570.00   3.7880e-18
6572.00   1.4036e-16
6574.00   2.3052e-17
6576.00   2.6791e-24
6578.00   1.7561e-18
6580.00   8.4293e-19
6582.00   1.6863e-17
6584.00   3.3747e-19
6586.00   2.1782e-16
6588.00   2.0877e-17
6590.00   1.0465e-22
6592.00   4.9348e-18
6594.00   9.3965e-18
6596.00   1.7447e-17
6598.00   3.6468e-18
6600.00   7.4100e-19
6602.00   2.8626e-19
6604.00   2.6733e-19
6606.00   3.7349e-20
6608.00   3.5317e-20
6610.00   6.5188e-17
6612.00   1.9519e-16
6614.00   7.8046e-18
6616.00   7.9169e-20
6618.00   2.6973e-17
6620.00   2.1735e-23
6622.00   6.2346e-20
6624.00   1.9066e-16
6626.00   7.5647e-19
6628.00   4.1657e-18
6630.00   2.6216e-26
6632.00   1.8973e-18
6634.00   2.7027e-20
6636.00   1.9445e-24
6638.00   8.9813e-20
6640.00   2.2277e-18
6642.00   5.2026e-19
6644.00   1.3244e-19
6646.00   5.3620e-25
6648.00   2.6479e-23
6650.00   1.1262e-16
6652.00   2.3557e-16
6654.00   2.7717e-18
6656.00   4.7430e-20
6658.00   3.6696e-16
6660.00   8.3085e-19
6662.00   9.5407e-19
6664.00   3.8317e-21
6666.00   1.8375e-17
6668.00   1.5296e-18
6670.00   8.5201e-18
6672.00   7.3650e-20
6674.00   4.1475e-19
6676.00   1.1066e-20
6678.00   5.2861e-18
6680.00   1.5454e-18
6682.00   2.6513e-16
6684.00   4.6794e-21
6686.00   1.2298e-19
6688.00   3.7478e-19
6690.00   3.2563e-18
6692.00   2.8945e-19
6694.00   6.6173e-18
6696.00   8.1887e-24
6698.00   6.7418e-20
6700.00   2.2992e-18
6702.00   2.3428e-19
6704.00   1.6058e-17
6706.00   9.6400e-19
6708.00   1.2831e-22
6710.00   2.4659e-18
6712.00   3.9971e-21
6714.00   3.9962e-19
6716.00   2.5235e-21
6718.00   1.3766e-21
6720.00   1.7850e-19
6722.00   6.0045e-22
6724.00   1.3580e-18
6726.00   3.1515e-21
6728.00   4.4312e-25
6730.00   1.1933e-16
6732.00   1.7215e-18
6734.00   5.3151e-23
6736.00   2.0901e-19
6738.00   7.3871e-24
6740.00   8.6943e-24
6742.00   2.5021e-20
6744.00   8.6915e-19
6746.00   6.1668e-19
6748.00   1.7155e-20
6750.00   8.3737e-18
6752.00   1.3646e-21
6754.00   1.6374e-20
6756.00   2.4430e-21
6758.00   4.5973e-19
6760.00   7.2739e-19
6762.00   4.6409e-20
6764.00   9.0674e-20
6766.00   7.9287e-19
6768.00   9.8988e-17
6770.00   7.0371e-19
6772.00   5.2644e-19
6774.00   1.6433e-21
6776.00   7.2447e-17
6778.00   3.1548e-20
6780.00   4.0954e-20
6782.00   8.0536e-21
6784.00   3.2663e-22
6786.00   4.4873e-20
6788.00   1.1990e-17
6790.00   1.8840e-20
6792.00   5.9129e-19
6794.00   1.7985e-21
6796.00   2.3456e-18
6798.00   7.0093e-20
6800.00   6.1462e-17
6802.00   1.8427e-19
6804.00   1.8439e-18
6806.00   3.0661e-21
6808.00   1.2137e-25
6810.00   3.2804e-20
6812.00   4.7322e-20
6814.00   4.6141e-19
6816.00   1.3985e-17
6818.00   3.1155e-21
6820.00   1.2310e-16
6822.00   2.5916e-17
6824.00   4.6642e-20
6826.00   9.2761e-19
6828.00   5.3176e-19
6830.00   1.6912e-19
6832.00   6.5962e-18
6834.00   3.9048e-20
6836.00   1.3492e-23
6838.00   1.8911e-18
6840.00   3.2485e-19
6842.00   8.2864e-23
6844.00   8.6459e-20
6846.00   1.9686e-20
6848.00   1.6963e-19
6850.00   8.8393e-20
6852.00   6.1945e-21
6854.00   1.8645e-24
6856.00   1.2425e-16
6858.00   8.1951e-19
6860.00   3.2260e-19
6862.00   1.0730e-16
6864.00   4.6503e-18
6866.00   6.3000e-17
6868.00   1.4743e-20
6870.00   4.8875e-18
6872.00   3.8511e-18
6874.00   1.9250e-17
6876.00   7.6304e-21
6878.00   6.3304e-17
6880.00   5.0562e-24
6882.00   3.0404e-19
6884.00   5.1544e-21
6886.00   2.4842e-19
6888.00   9.5413e-20
6890.00   8.5102e-18
6892.00   6.7799e-19
6894.00   1.0481e-21
6896.00   5.1031e-19
6898.00   7.5773e-26
6900.00   1.3108e-25
6902.00   4.3862e-20
6904.00   8.7434e-24
6906.00   2.5519e-18
6908.00   6.3195e-18
6910.00   9.4055e-21
6912.00   2.3792e-17
6914.00   2.2132e-17
6916.00   6.2307e-20
6918.00   2.3102e-19
6920.00   4.1331e-25
6922.00   3.8945e-20
6924.00   2.0888e-17
6926.00   9.6864e-18
6928.00   2.4241e-21
6930.00   1.3856e-18
6932.00   9.3785e-19
6934.00   4.9636e-20
6936.00   8.4372e-21
6938.00   1.2428e-20
6940.00   3.0664e-18
6942.00   4.4181e-17
6944.00   2.7756e-18
6946.00   1.0348e-17
6948.00   2.5478e-18
6950.00   3.9375e-18
6952.00   1.4824e-20
6954.00   3.8068e-23
6956.00   9.9491e-23
6958.00   1.0375e-18
6960.00   1.4653e-19
6962.00   1.0661e-18
6964.00   3.5489e-18
6966.00   8.2941e-19
6968.00   8.0956e-21
6970.00   6.3646e-20
6972.00   3.3410e-20
6974.00   7.0567e-20
6976.00   5.9777e-21
6978.00   2.2777e-17
6980.00   1.0051e-20
6982.00   9.5518e-20
6984.00   2.6226e-21
6986.00   5.5678e-19
6988.00   2.2267e-20
6990.00   1.0013e-19
6992.00   1.1218e-18
6994.00   6.2698e-18
6996.00   1.4562e-17
6998.00   1.1801e-21
7000.00   8.2385e-18
7002.00   8.3145e-20
7004.00   3.5406e-20
7006.00   1.7043e-21
7008.00   3.4606e-19
7010.00   7.7335e-18
7012.00   1.6334e-17
7014.00   1.3905e-19
7016.00   8.7193e-18
7018.00   1.4620e-19
7020.00   9.7801e-22
7022.00   2.9229e-19
7024.00   5.0769e-22
7026.00   2.3989e-21
7028.00   3.1238e-23
7030.00   2.5472e-18
7032.00   2.0369e-18
7034.00   2.7390e-19
7036.00   4.0901e-20
7038.00   1.7660e-19
7040.00   3.9117e-20
7042.00   1.7460e-20
7044.00   3.4753e-22
7046.00   1.0099e-19
7048.00   1.5437e-17
7050.00   4.0317e-25
7052.00   8.1018e-22
7054.00   3.1894e-17
7056.00   1.6882e-22
7058.00   3.6738e-19
7060.00   1.0074e-16
7062.00   3.2558e-23
7064.00   1.4873e-17
7066.00   9.6325e-20
7068.00   2.9136e-19
7070.00   7.1145e-21
7072.00   8.2582e-25
7074.00   1.3018e-19
7076.00   5.1624e-19
7078.00   7.0289e-20
7080.00   5.3896e-20
7082.00   1.6495e-19
7084.00   2.5474e-19
7086.00   6.4406e-25
7088.00   5.2573e-18
7090.00   6.0523e-19
7092.00   7.3241e-19
7094.00   8.1829e-21
7096.00   3.1487e-22
7098.00   2.7394e-18
7100.00   6.9309e-22
7102.00   9.8848e-22
7104.00   8.6827e-18
7106.00   2.4573e-19
7108.00   9.6481e-21
7110.00   8.5304e-17
7112.00   2.7490e-20
7114.00   1.1301e-17
7116.00   8.1825e-19
7118.00   6.5584e-18
7120.00   4.5631e-22
7122.00   2.7499e-24
7124.00   2.4372e-18
7126.00   1.5429e-21
7128.00   2.8398e-18
7130.00   9.2502e-19
7132.00   7.8211e-19
7134.00   5.9435e-19
7136.00   4.6691e-18
7138.00   2.2307e-19
7140.00   4.2607e-18
7142.00   1.1521e-23
7144.00   1.4398e-23
7146.00   1.2832e-18
7148.00   8.7765e-19
7150.00   2.8609e-18
7152.00   6.9704e-19
7154.00   3.5148e-22
7156.00   3.7419e-18
7158.00   2.2867e-18
7160.00   2.3375e-23
7162.00   5.4595e-18
7164.00   6.1901e-18
7166.00   4.3829e-20
7168.00   1.1775e-18
7170.00   3.6918e-19
7172.00   9.8036e-19
7174.00   2.8269e-19
7176.00   3.2779e-24
7178.00   2.8392e-19
7180.00   1.9082e-18
7182.00   3.2513e-19
7184.00   3.0456e-17
7186.00   2.9073e-18
7188.00   1.6015e-24
7190.00   2.0176e-20
7192.00   5.1139e-18
7194.00   7.2634e-18
7196.00   2.7294e-20
7198.00   1.6018e-20
7200.00   1.1283e-19
7202.00   2.7516e-18
7204.00   7.2818e-18
7206.00   6.1137e-18
7208.00   6.6002e-23
7210.00   3.4384e-21
7212.00   2.5767e-18
7214.00   3.9794e-20
7216.00   9.5889e-19
7218.00   2.8930e-19
7220.00   1.8021e-26
7222.00   1.1138e-17
7224.00   1.3411e-17
7226.00   1.7777e-17
7228.00   1.0647e-20
7230.00   3.2280e-20
7232.00   1.8170e-21
7234.00   5.1048e-20
7236.00   1.1029e-21
7238.00   1.6331e-18
7240.00   2.2234e-19
7242.00   4.7422e-20
7244.00   3.9468e-19
7246.00   1.4833e-18
7248.00   3.6378e-19
7250.00   5.2810e-18
7252.00   5.7989e-23
7254.00   1.0033e-17
7256.00   4.6753e-26
7258.00   3.8638e-23
7260.00   7.1955e-21
7262.00   3.3349e-19
7264.00   1.1122e-17
7266.00   1.6997e-17
7268.00   9.8431e-20
7270.00   1.3264e-20
7272.00   1.2056e-25
7274.00   4.9108e-18
7276.00   7.4497e-18
7278.00   1.0172e-17
7280.00   1.2515e-18
7282.00   3.4339e-18
7284.00   1.3564e-21
7286.00   5.5889e-19
7288.00   8.6750e-18
7290.00   7.3846e-19
7292.00   1.3071e-22
7294.00   1.3150e-19
7296.00   1.5258e-20
7298.00   9.5035e-20
7300.00   7.7758e-19
7302.00   4.7785e-18
7304.00   4.9265e-19
7306.00   7.3956e-19
7308.00   1.5568e-17
7310.00   9.4644e-18
7312.00   9.7720e-20
7314.00   1.3712e-20
7316.00   1.6780e-19
7318.00   1.8031e-18
7320.00   2.4119e-17
7322.00   8.8763e-18
7324.00   3.0923e-19
7326.00   2.5726e-21
7328.00   3.7572e-20
7330.00   8.3928e-20
7332.00   1.7850e-18
7334.00   3.7173e-18
7336.00   7.0668e-17
7338.00   1.0886e-22
7340.00   5.9786e-27
7342.00   6.2826e-20
7344.00   2.8401e-22
7346.00   3.4566e-21
7348.00   9.2351e-25
7350.00   3.6335e-18
7352.00   3.9196e-18
7354.00   5.4067e-19
7356.00   3.5524e-20
7358.00   4.6587e-18
7360.00   3.1442e-20
7362.00   2.9718e-19
7364.00   1.9671e-22
7366.00   1.3955e-19
7368.00   1.0911e-19
7370.00   5.7624e-18
7372.00   6.9858e-22
7374.00   4.7501e-21
7376.00   1.5278e-24
7378.00   2.3945e-20
7380.00   1.4694e-19
7382.00   1.2433e-19
7384.00   1.9573e-22
7386.00   3.9461e-19
7388.00   7.5486e-19
7390.00   7.0716e-20
7392.00   4.6394e-23
7394.00   5.3306e-21
7396.00   6.0531e-22
7398.00   2.5881e-19
7400.00   1.0370e-17
7402.00   4.4548e-17
7404.00   2.5684e-25
7406.00   7.7767e-20
7408.00   2.9542e-20
7410.00   4.1540e-17
7412.00   1.1495e-19
7414.00   1.0844e-18
7416.00   2.6198e-19
7418.00   3.1345e-17
7420.00   2.4227e-17
7422.00   2.8626e-21
7424.00   2.3422e-18
7426.00   1.8226e-18
7428.00   2.7748e-21
7430.00   3.2915e-18
7432.00   6.7408e-19
7434.00   1.1361e-19
7436.00   4.8539e-18
7438.00   1.9262e-20
7440.00   5.0271e-20
7442.00   1.5631e-19
7444.00   2.3306e-25
7446.00   1.1861e-17
7448.00   9.1886e-24
7450.00   1.2315e-17
7452.00   1.0449e-18
7454.00   2.2994e-17
7456.00   1.1060e-18
7458.00   2.9071e-22
7460.00   2.1526e-22
7462.00   2.9795e-17
7464.00   3.4032e-20
7466.00   1.1080e-17
7468.00   3.7452e-23
7470.00   1.5515e-20
7472.00   5.3658e-20
7474.00   4.1672e-21
7476.00   2.4590e-20
7478.00   2.2074e-22
7480.00   1.6609e-19
7482.00   2.1042e-18
7484.00   7.0282e-25
7486.00   5.8684e-19
7488.00   1.2677e-17
7490.00   7.3695e-21
7492.00   2.2012e-19
7494.00   6.1331e-22
7496.00   8.8764e-21
7498.00   1.0001e-17
7500.00   1.0643e-17
7502.00   9.7987e-19
7504.00   8.4068e-19
7506.00   5.5573e-21
7508.00   1.0975e-22
7510.00   2.1499e-20
7512.00   5.1145e-24
7514.00   1.7775e-19
7516.00   2.4001e-16
7518.00   6.4006e-20
7520.00   5.1182e-17
7522.00   2.2252e-20
7524.00   2.5769e-20
7526.00   6.3020e-20
7528.00   1.0389e-20
7530.00   7.5889e-21
7532.00   1.5392e-19
7534.00   1.0032e-17
7536.00   3.7963e-22
7538.00   2.6659e-21
7540.00   7.2176e-20
7542.00   1.7295e-19
7544.00   1.1394e-19
7546.00   1.1855e-24
7548.00   9.0974e-19
7550.00   3.6701e-21
7552.00   9.6492e-20
7554.00   7.1101e-18
7556.00   3.4049e-22
7558.00   5.9634e-22
7560.00   1.4538e-18
7562.00   2.3829e-19
7564.00   1.0624e-18
7566.00   8.0325e-20
7568.00   1.1446e-18
7570.00   1.0868e-20
7572.00   1.1086e-20
7574.00   2.1310e-25
7576.00   1.1918e-17
7578.00   4.1463e-24
7580.00   4.0350e-17
7582.00   2.7247e-20
7584.00   4.7634e-18
7586.00   4.7323e-20
7588.00   5.5332e-20
7590.00   7.1900e-25
7592.00   2.1562e-20
7594.00   7.2202e-20
7596.00   2.8890e-21
7598.00   1.2920e-18
7600.00   1.4764e-18
7602.00   8.0588e-20
7604.00   2.0803e-19
7606.00   4.2228e-20
7608.00   2.9156e-22
7610.00   1.5509e-18
7612.00   1.1696e-24
7614.00   4.4111e-18
7616.00   2.9119e-18
7618.00   1.0677e-17
7620.00   6.7317e-18
7622.00   1.3523e-19
7624.00   2.2249e-22
7626.00   2.6493e-22
7628.00   7.4884e-25
7630.00   9.5395e-21
7632.00   2.6818e-20
7634.00   2.2192e-20
7636.00   3.2177e-22
7638.00   6.7551e-17
7640.00   3.2583e-20
7642.00   3.4017e-19
7644.00   2.0902e-19
7646.00   7.7681e-18
7648.00   2.4812e-17
7650.00   5.1329e-20
7652.00   6.8280e-21
7654.00   7.1531e-18
7656.00   6.6460e-18
7658.00   1.6309e-16
7660.00   5.3311e-17
7662.00   1.0973e-23
7664.00   2.8540e-21
7666.00   5.7762e-20
7668.00   3.2727e-20
7670.00   1.3136e-22
7672.00   5.9544e-20
7674.00   3.4331e-20
7676.00   5.3092e-19
7678.00   6.7266e-20
7680.00   7.8498e-25
7682.00   4.1477e-24
7684.00   4.9854e-22
7686.00   3.7194e-17
7688.00   3.7332e-19
7690.00   5.8908e-17
7692.00   1.0029e-19
7694.00   5.6625e-18
7696.00   2.2740e-20
7698.00   1.6815e-17
7700.00   2.8793e-18
7702.00   1.6909e-18
7704.00   1.8661e-24
7706.00   7.2681e-19
7708.00   3.6123e-19
7710.00   8.7286e-19
7712.00   5.3798e-16
7714.00   9.9637e-19
7716.00   1.5443e-21
7718.00   7.6866e-23
7720.00   3.0776e-19
7722.00   1.1678e-22
7724.00   2.4925e-21
7726.00   1.7606e-21
7728.00   5.9893e-23
7730.00   4.8123e-19
7732.00   2.2582e-20
7734.00   5.1249e-20
7736.00   9.9596e-23
7738.00   6.6031e-17
7740.00   7.6008e-18
7742.00   4.9288e-17
7744.00   5.3090e-22
7746.00   1.0869e-19
7748.00   1.3179e-19
7750.00   1.7989e-23
7752.00   1.1762e-21
7754.00   1.7474e-22
7756.00   7.8058e-21
7758.00   4.9999e-18
7760.00   1.4275e-23
7762.00   2.9377e-19
7764.00   6.0778e-19
7766.00   3.4179e-19
7768.00   3.0304e-23
7770.00   5.3723e-27
7772.00   3.9148e-22
7774.00   1.5048e-18
7776.00   4.7151e-23
7778.00   2.9522e-20
7780.00   2.2462e-22
7782.00   1.7871e-21
7784.00   1.6860e-18
7786.00   6.9123e-24
7788.00   3.2943e-19
7790.00   3.8407e-21
7792.00   5.3878e-18
7794.00   6.6166e-19
7796.00   3.3274e-25
7798.00   2.2785e-17
7800.00   1.6567e-24
7802.00   6.3076e-17
7804.00   4.5693e-19
7806.00   8.9241e-17
7808.00   1.2053e-18
7810.00   3.2995e-21
7812.00   2.9645e-20
7814.00   1.0451e-16
7816.00   7.4646e-19
7818.00   3.7927e-19
7820.00   1.4912e-19
7822.00   8.3374e-22
7824.00   4.6309e-19
7826.00   3.5729e-19
7828.00   2.8395e-23
7830.00   1.3449e-17
7832.00   1.7346e-16
7834.00   2.8395e-18
7836.00   4.5527e-17
7838.00   8.9294e-21
7840.00   1.6393e-18
7842.00   1.9942e-18
7844.00   2.9842e-17
7846.00   3.7361e-19
7848.00   3.6556e-19
7850.00   2.6410e-25
7852.00   3.7515e-19
7854.00   1.2732e-21
7856.00   1.4019e-19
7858.00   2.1236e-24
7860.00   1.2022e-18
7862.00   2.0696e-19
7864.00   8.2239e-22
7866.00   5.0031e-16
7868.00   1.0379e-20
7870.00   5.4388e-19
7872.00   1.1296e-16
7874.00   2.1628e-20
7876.00   9.7179e-22
7878.00   2.2965e-21
7880.00   9.8914e-21
7882.00   8.0247e-19
7884.00   1.5791e-21
7886.00   1.0908e-17
7888.00   1.4121e-21
7890.00   6.5515e-24
7892.00   3.2118e-18
7894.00   1.2349e-16
7896.00   3.0111e-20
7898.00   3.1298e-16
7900.00   1.4460e-19
7902.00   5.7268e-22
7904.00   2.0385e-19
7906.00   7.3797e-20
7908.00   3.5947e-22
7910.00   1.1224e-24
7912.00   2.3038e-22
7914.00   2.7841e-17
7916.00   2.8926e-20
7918.00   6.5527e-16
7920.00   3.8760e-26
7922.00   9.5332e-19
7924.00   2.1513e-25
7926.00   6.6548e-17
7928.00   1.2662e-21
7930.00   4.7867e-18
7932.00   3.5199e-22
7934.00   4.6791e-18
7936.00   5.8673e-22
7938.00   5.2025e-18
7940.00   7.8014e-20
7942.00   9.0998e-20
7944.00   4.9488e-27
7946.00   3.9060e-21
7948.00   4.0949e-18
7950.00   1.5127e-21
7952.00   4.0905e-18
7954.00   2.5857e-19
7956.00   2.2988e-17
7958.00   2.2953e-21
7960.00   3.2772e-26
7962.00   6.7060e-23
7964.00   3.2219e-24
7966.00   1.1432e-20
7968.00   4.5099e-19
7970.00   1.4410e-18
7972.00   7.5312e-22
7974.00   5.0318e-18
7976.00   1.9141e-16
7978.00   1.4000e-18
7980.00   4.7412e-19
7982.00   1.2821e-16
7984.00   1.8395e-20
7986.00   4.4752e-19
7988.00   1.1662e-19
7990.00   4.4057e-21
7992.00   2.2876e-21
7994.00   4.7104e-20
7996.00   5.7312e-18
7998.00   1.7915e-18
8000.00   2.6241e-22
8002.00   9.5493e-21
8004.00   9.6640e-21
8006.00   5.7763e-20
8008.00   7.3025e-19
8010.00   8.0648e-21
8012.00   3.0158e-18
8014.00   1.3036e-19
8016.00   2.9119e-19
8018.00   6.3156e-18
8020.00   1.3046e-21
8022.00   2.2224e-19
8024.00   1.4017e-18
8026.00   2.3535e-21
8028.00   1.2231e-19
8030.00   1.7553e-16
8032.00   2.9777e-19
8034.00   1.5971e-21
8036.00   8.5690e-19
8038.00   8.2706e-18
8040.00   1.1273e-21
8042.00   5.0532e-18
8044.00   2.3650e-19
8046.00   6.7306e-26
8048.00   2.2705e-20
8050.00   2.2715e-19
8052.00   1.6751e-19
8054.00   2.2912e-16
8056.00   1.9805e-25
8058.00   3.2879e-22
8060.00   1.4402e-17
8062.00   1.5384e-19
8064.00   1.2305e-17
8066.00   5.4785e-23
8068.00   8.5051e-19
8070.00   2.8458e-19
8072.00   1.3852e-25
8074.00   6.4658e-18
8076.00   2.1544e-17
8078.00   1.9435e-19
8080.00   5.8368e-18
8082.00   1.0477e-24
8084.00   1.6611e-16
8086.00   4.8918e-19
8088.00   7.4774e-21
8090.00   3.3610e-20
8092.00   1.7422e-18
8094.00   1.0274e-18
8096.00   2.9656e-18
8098.00   6.7294e-21
8100.00   3.8933e-26
8102.00   2.1506e-21
8104.00   1.5317e-18
8106.00   5.3814e-19
8108.00   1.3627e-17
8110.00   2.4062e-21
8112.00   2.5938e-19
8114.00   5.1696e-20
8116.00   3.6710e-24
8118.00   2.0873e-19
8120.00   2.6714e-19
8122.00   1.6286e-20
8124.00   1.1070e-18
8126.00   4.4441e-20
8128.00   1.4474e-18
8130.00   1.7387e-19
8132.00   7.5927e-19
8134.00   9.2063e-22
8136.00   1.5220e-16
8138.00   5.2013e-25
8140.00   4.1373e-20
8142.00   1.5101e-19
8144.00   2.2693e-19
8146.00   3.9444e-19
8148.00   2.9464e-18
8150.00   4.5352e-22
8152.00   2.2793e-18
8154.00   5.6335e-21
8156.00   3.3961e-21
8158.00   7.5489e-19
8160.00   1.4457e-17
8162.00   6.8224e-24
8164.00   1.1710e-18
8166.00   1.9252e-24
8168.00   2.0942e-18
8170.00   1.6176e-22
8172.00   1.3711e-20
8174.00   8.4161e-19
8176.00   1.4228e-26
8178.00   1.0945e-19
8180.00   2.0010e-23
8182.00   4.8661e-20
8184.00   9.0352e-20
8186.00   5.9865e-18
8188.00   3.3606e-23
8190.00   1.5066e-18
8192.00   1.5136e-19
8194.00   4.3609e-20
8196.00   9.0465e-22
8198.00   5.5117e-20
8200.00   7.6897e-20
8202.00   3.9368e-19
8204.00   7.0959e-19
8206.00   1.9223e-18
8208.00   1.9684e-17
8210.00   2.8171e-17
8212.00   4.4427e-18
8214.00   5.9193e-21
8216.00   1.6169e-18
8218.00   5.2911e-20
8220.00   5.1363e-20
8222.00   1.5658e-17
8224.00   6.1804e-23
8226.00   3.6418e-22
8228.00   6.1768e-16
8230.00   7.8291e-21
8232.00   7.4395e-21
8234.00   1.3255e-18
8236.00   3.0786e-23
8238.00   1.8548e-18
8240.00   2.3940e-20
8242.00   4.8031e-18
8244.00   3.0381e-24
8246.00   2.5991e-19
8248.00   1.9599e-17
8250.00   8.0109e-17
8252.00   3.2167e-20
8254.00   2.1557e-19
8256.00   1.3779e-20
8258.00   1.7685e-18
8260.00   7.3639e-18
8262.00   2.7655e-19
8264.00   1.7139e-17
8266.00   3.8523e-21
8268.00   1.0824e-22
8270.00   5.0455e-21
8272.00   1.6159e-19
8274.00   1.6838e-18
8276.00   2.9662e-18
8278.00   1.0001e-19
8280.00   1.5307e-20
8282.00   1.9947e-20
8284.00   2.0555e-17
8286.00   1.3961e-20
8288.00   1.0916e-15
8290.00   1.2493e-17
8292.00   3.9702e-22
8294.00   3.9475e-19
8296.00   9.0183e-20
8298.00   1.6051e-19
8300.00   2.3450e-17
8302.00   1.4753e-16
8304.00   9.5995e-19
8306.00   6.8343e-17
8308.00   1.0827e-18
8310.00   9.1655e-18
8312.00   7.6077e-21
8314.00   6.8286e-19
8316.00   1.3556e-19
8318.00   8.5097e-25
8320.00   5.4111e-20
8322.00   5.4335e-18
8324.00   1.2040e-18
8326.00   2.7605e-26
8328.00   1.3561e-21
8330.00   2.4515e-19
8332.00   5.6798e-21
8334.00   1.3728e-18
8336.00   3.5840e-21
8338.00   1.4995e-18
8340.00   1.2529e-18
8342.00   2.3936e-20
8344.00   4.3321e-19
8346.00   9.3169e-20
8348.00   6.0316e-20
8350.00   1.1761e-22
8352.00   2.4873e-19
8354.00   3.2016e-20
8356.00   1.0869e-18
8358.00   1.6480e-16
8360.00   7.3770e-22
8362.00   6.0036e-24
8364.00   7.5089e-23
8366.00   1.0329e-17
8368.00   8.2220e-17
8370.00   4.6872e-23
8372.00   1.0944e-17
8374.00   5.5090e-20
8376.00   9.0353e-19
8378.00   2.2332e-19
8380.00   4.8466e-25
8382.00   1.3551e-18
8384.00   3.4512e-26
8386.00   1.8189e-17
8388.00   2.7632e-20
8390.00   8.2251e-19
8392.00   2.5762e-18
8394.00   1.0896e-24
8396.00   1.2578e-18
8398.00   8.9990e-17
8400.00   7.0260e-21
8402.00   1.8750e-21
8404.00   1.7845e-17
8406.00   1.1253e-19
8408.00   1.6323e-19
8410.00   4.8386e-20
8412.00   2.6986e-20
8414.00   1.6416e-18
8416.00   3.3028e-19
8418.00   8.8243e-23
8420.00   2.2901e-17
8422.00   3.1554e-20
8424.00   1.1628e-16
8426.00   6.8029e-26
8428.00   8.4158e-21
8430.00   5.9195e-22
8432.00   1.7466e-19
8434.00   9.4522e-20
8436.00   2.0712e-20
8438.00   4.7203e-20
8440.00   1.7261e-19
8442.00   6.4759e-24
8444.00   1.9034e-17
8446.00   1.6215e-21
8448.00   9.0002e-21
8450.00   1.0294e-22
8452.00   1.7744e-18
8454.00   2.5512e-18
8456.00   7.8302e-23
8458.00   7.6527e-21
8460.00   7.5404e-22
8462.00   3.1643e-23
8464.00   1.1760e-21
8466.00   9.8715e-20
8468.00   1.2517e-18
8470.00   6.6689e-17
8472.00   7.0548e-17
8474.00   9.1191e-19
8476.00   1.6101e-20
8478.00   1.8245e-20
8480.00   7.2275e-19
8482.00   2.4974e-18
8484.00   5.4428e-19
8486.00   3.3205e-18
8488.00   3.0058e-23
8490.00   3.2443e-16
8492.00   1.9094e-18
8494.00   1.3307e-20
8496.00   3.1138e-19
8498.00   6.9302e-19
8500.00   1.6582e-16
8502.00   1.9969e-23
8504.00   2.4159e-17
8506.00   1.4675e-17
8508.00   6.1135e-17
8510.00   5.1341e-24
8512.00   6.2440e-21
8514.00   3.0847e-19
8516.00   5.0435e-22
8518.00   1.1291e-17
8520.00   7.7133e-24
8522.00   3.2619e-21
8524.00   3.5464e-18
8526.00   1.0455e-21
8528.00   2.1505e-19
8530.00   1.7263e-19
8532.00   6.6527e-20
8534.00   6.5301e-22
8536.00   7.4295e-21
8538.00   1.4055e-22
8540.00   3.1740e-21
8542.00   4.0272e-22
8544.00   5.0400e-19
8546.00   2.2665e-17
8548.00   6.7666e-19
8550.00   7.1616e-19
8552.00   1.7093e-20
8554.00   2.9710e-18
8556.00   5.0214e-19
8558.00   6.5194e-19
8560.00   9.7631e-27
8562.00   8.5299e-24
8564.00   2.6688e-19
8566.00   2.3549e-20
8568.00   4.3462e-20
8570.00   7.4826e-20
8572.00   2.4962e-19
8574.00   1.2624e-18
8576.00   8.1340e-19
8578.00   1.5970e-20
8580.00   5.4014e-19
8582.00   1.2763e-19
8584.00   2.1487e-21
8586.00   5.4246e-22
8588.00   3.8340e-23
8590.00   5.5648e-19
8592.00   2.3570e-20
8594.00   7.6008e-20
8596.00   3.0184e-17
8598.00   6.7265e-20
8600.00   3.4149e-18
8602.00   4.9707e-19
8604.00   3.6700e-19
8606.00   7.7601e-18
8608.00   5.1720e-24
8610.00   1.7322e-23
8612.00   2.6118e-19
8614.00   1.4486e-24
8616.00   1.8228e-18
8618.00   2.6726e-21
8620.00   3.4158e-20
8622.00   2.1781e-20
8624.00   1.6553e-21
8626.00   6.2691e-18
8628.00   8.4741e-19
8630.00   9.5274e-20
8632.00   6.1666e-23
8634.00   2.3739e-19
8636.00   8.2747e-19
8638.00   2.9571e-21
8640.00   4.3554e-21
8642.00   6.5629e-18
8644.00   4.3816e-22
8646.00   3.0160e-24
8648.00   1.8194e-23
8650.00   1.9454e-17
8652.00   3.4131e-24
8654.00   3.8513e-18
8656.00   1.0200e-18
8658.00   3.7872e-25
8660.00   3.9323e-23
8662.00   3.4398e-21
8664.00   2.8793e-19
8666.00   2.1965e-20
8668.00   5.0240e-20
8670.00   3.2592e-19
8672.00   2.3987e-17
8674.00   3.1141e-23
8676.00   5.4292e-19
8678.00   1.8603e-18
8680.00   1.2516e-25
8682.00   5.5244e-24
8684.00   1.1176e-17
8686.00   5.9264e-24
8688.00   1.6747e-22
8690.00   7.0196e-19
8692.00   1.0278e-21
8694.00   1.7971e-22
8696.00   2.1140e-17
8698.00   7.0625e-26
8700.00   4.9459e-21
8702.00   2.5697e-21
8704.00   7.6050e-19
8706.00   4.2112e-18
8708.00   1.6446e-19
8710.00   4.0590e-25
8712.00   1.5599e-24
8714.00   1.0033e-18
8716.00   7.7574e-19
8718.00   1.8953e-20
8720.00   1.8952e-19
8722.00   1.4325e-16
8724.00   8.0210e-22
8726.00   3.2095e-25
8728.00   1.3729e-21
8730.00   2.7520e-23
8732.00   3.6089e-19
8734.00   2.1127e-19
8736.00   3.6659e-19
8738.00   3.5234e-25
8740.00   5.7460e-18
8742.00   1.7052e-23
8744.00   1.6856e-19
8746.00   1.8608e-18
8748.00   1.4673e-20
8750.00   5.4411e-18
8752.00   3.1329e-19
8754.00   7.1959e-20
8756.00   1.3669e-17
8758.00   1.4680e-17
8760.00   3.1327e-21
8762.00   7.6630e-18
8764.00   3.1871e-19
8766.00   2.5134e-21
8768.00   6.4323e-26
8770.00   6.4929e-24
8772.00   2.9989e-21
8774.00   3.0272e-22
8776.00   2.0834e-18
8778.00   7.5384e-25
8780.00   1.3423e-23
8782.00   5.3920e-21
8784.00   4.8455e-21
8786.00   8.0040e-26
8788.00   2.8156e-21
8790.00   6.0928e-22
8792.00   1.2763e-20
8794.00   7.2112e-18
8796.00   7.9018e-20
8798.00   1.1373e-20
8800.00   5.7887e-25
8802.00   4.2058e-27
8804.00   1.1385e-21
8806.00   5.7715e-17
8808.00   3.4005e-23
8810.00   1.0905e-18
8812.00   7.6678e-23
8814.00   3.2499e-20
8816.00   1.9871e-16
8818.00   6.3647e-21
8820.00   7.1211e-19
8822.00   3.1848e-24
8824.00   1.4776e-17
8826.00   5.6751e-19
8828.00   2.5916e-17
8830.00   3.8487e-22
8832.00   4.2329e-24
8834.00   6.6203e-21
8836.00   8.9068e-22
8838.00   3.1128e-19
8840.00   2.4265e-23
8842.00   9.3723e-21
8844.00   1.4170e-19
8846.00   2.4564e-19
8848.00   1.4462e-17
8850.00   1.8326e-19
8852.00   3.5982e-20
8854.00   1.0141e-19
8856.00   5.6879e-21
8858.00   4.4096e-22
8860.00   1.4254e-17
8862.00   6.2240e-20
8864.00   1.6727e-18
8866.00   8.0884e-27
8868.00   4.7162e-17
8870.00   5.1188e-19
8872.00   1.7453e-26
8874.00   1.7272e-16
8876.00   3.8710e-21
8878.00   4.2156e-24
8880.00   9.0110e-25
8882.00   7.5429e-20
8884.00   1.6669e-21
8886.00   3.8894e-19
8888.00   4.0076e-24
8890.00   3.9454e-18
8892.00   1.9092e-18
8894.00   3.0693e-22
8896.00   1.4113e-22
8898.00   4.9288e-18
8900.00   1.8694e-23
8902.00   9.5716e-20
8904.00   1.0690e-22
8906.00   1.1838e-21
8908.00   3.5852e-20
8910.00   1.9970e-22
8912.00   1.2913e-18
8914.00   1.6606e-24
8916.00   9.7516e-24
8918.00   2.3534e-20
8920.00   9.5580e-17
8922.00   5.8280e-19
8924.00   5.6206e-20
8926.00   2.0922e-15
8928.00   5.5885e-22
8930.00   8.8648e-26
8932.00   1.0776e-20
8934.00   2.0020e-19
8936.00   5.8445e-26
8938.00   1.1662e-16
8940.00   2.4920e-21
8942.00   8.2129e-23
8944.00   1.7520e-18
8946.00   1.1960e-19
8948.00   1.5722e-22
8950.00   7.2810e-19
8952.00   1.6038e-24
8954.00   4.3397e-25
8956.00   4.7197e-17
8958.00   1.0354e-22
8960.00   1.3570e-17
8962.00   1.2872e-21
8964.00   6.2159e-23
8966.00   7.7530e-19
8968.00   3.0713e-19
8970.00   1.4817e-22
8972.00   2.2615e-20
8974.00   4.3005e-26
8976.00   6.8805e-22
8978.00   2.8926e-27
8980.00   3.3106e-21
8982.00   6.6213e-18
8984.00   1.8969e-24
8986.00   2.2261e-20
8988.00   3.3011e-19
8990.00   6.1129e-18
8992.00   1.5570e-23
8994.00   1.2118e-19
8996.00   2.8399e-24
8998.00   5.9998e-24
9000.00   1.3116e-19
9002.00   9.5030e-20
9004.00   3.9390e-25
9006.00   2.3361e-17
9008.00   7.5490e-25
9010.00   3.3126e-20
9012.00   1.6012e-22
9014.00   1.1832e-17
9016.00   2.2545e-25
9018.00   8.4195e-26
9020.00   1.0382e-18
9022.00   1.2543e-24
9024.00   1.1712e-19
9026.00   8.9748e-20
9028.00   5.2411e-18
9030.00   1.4807e-20
9032.00   1.6994e-21
9034.00   1.0027e-19
9036.00   3.3652e-18
9038.00   2.7139e-18
9040.00   1.5255e-25
9042.00   4.9893e-20
9044.00   1.1331e-22
9046.00   1.6773e-26
9048.00   2.6415e-18
9050.00   6.1849e-19
9052.00   1.0845e-17
9054.00   8.1122e-24
9056.00   3.2737e-18
9058.00   2.9589e-18
9060.00   8.6154e-19
9062.00   8.0310e-17
9064.00   1.5921e-21
9066.00   9.9681e-20
9068.00   3.9730e-22
9070.00   4.8575e-17
9072.00   1.3477e-20
9074.00   3.6521e-19
9076.00   6.4499e-17
9078.00   5.8111e-17
9080.00   3.3035e-18
9082.00   2.0704e-19
9084.00   2.8857e-19
9086.00   9.3456e-24
9088.00   1.3922e-20
9090.00   2.2232e-17
9092.00   1.6537e-21
9094.00   2.6608e-25
9096.00   1.2836e-16
9098.00   8.0897e-20
9100.00   5.1708e-20
9102.00   3.7229e-21
9104.00   1.8737e-19
9106.00   2.2874e-19
9108.00   2.9782e-26
9110.00   4.6725e-20
9112.00   1.3148e-19
9114.00   4.8687e-20
9116.00   8.5563e-18
9118.00   4.3225e-20
9120.00   7.0993e-26
9122.00   6.9607e-17
9124.00   2.1275e-25
9126.00   6.4133e-18
9128.00   8.6823e-21
9130.00   1.2108e-18
9132.00   2.6192e-18
9134.00   1.3271e-19
9136.00   8.8666e-20
9138.00   1.0606e-19
9140.00   5.0724e-23
9142.00   2.2175e-22
9144.00   1.2193e-22
9146.00   4.3541e-19
9148.00   6.0058e-25
9150.00   9.5025e-22
9152.00   1.7160e-20
9154.00   2.6551e-19
9156.00   7.6344e-17
9158.00   6.9087e-26
9160.00   8.1680e-22
9162.00   1.6935e-25
9164.00   4.3176e-18
9166.00   1.4334e-23
9168.00   1.0587e-18
9170.00   2.0839e-19
9172.00   3.9344e-17
9174.00   2.0599e-25
9176.00   1.1474e-16
9178.00   5.1798e-17
9180.00   5.2991e-17
9182.00   1.0006e-19
9184.00   6.0562e-21
9186.00   1.1085e-25
9188.00   1.7898e-16
9190.00   5.4545e-22
9192.00   7.8818e-19
9194.00   9.0467e-19
9196.00   4.9932e-17
9198.00   9.4470e-22
9200.00   1.3973e-18
9202.00   3.5381e-17
9204.00   3.3543e-16
9206.00   4.0184e-23
9208.00   1.5057e-22
9210.00   3.5953e-17
9212.00   8.2202e-21
9214.00   1.9824e-19
9216.00   1.3976e-21
9218.00   4.5162e-26
9220.00   1.9919e-21
9222.00   2.1444e-19
9224.00   2.6807e-20
9226.00   3.0068e-19
9228.00   9.6551e-20
9230.00   7.4495e-25
9232.00   1.6559e-19
9234.00   2.4301e-20
9236.00   7.0713e-26
9238.00   9.6481e-18
9240.00   8.7243e-21
9242.00   1.6677e-17
9244.00   2.0008e-20
9246.00   1.8123e-20
9248.00   1.5456e-17
9250.00   3.6331e-20
9252.00   1.0442e-16
9254.00   5.3910e-21
9256.00   1.8632e-25
9258.00   9.2614e-17
9260.00   2.6863e-23
9262.00   7.3573e-28
9264.00   7.5551e-20
9266.00   1.1114e-22
9268.00   4.3731e-19
9270.00   8.1534e-22
9272.00   3.5784e-17
9274.00   1.0219e-17
9276.00   5.5201e-26
9278.00   4.5143e-24
9280.00   1.3002e-27
9282.00   1.2202e-19
9284.00   8.8381e-21
9286.00   1.5241e-19
9288.00   1.9822e-23
9290.00   3.6479e-17
9292.00   1.2168e-26
9294.00   8.5671e-21
9296.00   7.9931e-16
9298.00   4.2140e-18
9300.00   8.7850e-21
9302.00   2.9628e-26
9304.00   1.1509e-16
9306.00   1.6105e-20
9308.00   6.5036e-21
9310.00   3.1538e-20
9312.00   7.6213e-22
9314.00   8.3715e-23
9316.00   3.5225e-16
9318.00   4.7239e-23
9320.00   7.6849e-18
9322.00   1.0647e-18
9324.00   1.4241e-17
9326.00   1.1841e-17
9328.00   4.2490e-17
9330.00   7.3821e-21
9332.00   3.7688e-25
9334.00   2.6718e-23
9336.00   6.4776e-20
9338.00   1.1370e-20
9340.00   1.0280e-22
9342.00   1.3110e-17
9344.00   4.7328e-27
9346.00   1.2515e-21
9348.00   1.0995e-18
9350.00   7.5235e-18
9352.00   1.2275e-19
9354.00   1.3371e-25
9356.00   2.0801e-18
9358.00   1.2129e-17
9360.00   2.6445e-24
9362.00   1.2794e-20
9364.00   2.6016e-24
9366.00   2.7006e-20
9368.00   5.9618e-17
9370.00   4.7580e-25
9372.00   8.7341e-20
9374.00   2.4950e-19
9376.00   1.5487e-17
9378.00   1.9951e-21
9380.00   1.2828e-20
9382.00   4.1152e-20
9384.00   2.4080e-19
9386.00   7.5616e-21
9388.00   6.0040e-17
9390.00   2.8158e-21
9392.00   9.3389e-19
9394.00   1.5783e-20
9396.00   2.7914e-27
9398.00   1.2110e-25
9400.00   2.0699e-19
9402.00   1.0672e-22
9404.00   4.8416e-21
9406.00   2.0777e-20
9408.00   3.1999e-17
9410.00   1.2609e-17
9412.00   7.0862e-20
9414.00   3.6185e-20
9416.00   1.0644e-24
9418.00   1.1752e-16
9420.00   6.2558e-21
9422.00   1.2501e-20
9424.00   2.0172e-20
9426.00   2.7242e-19
9428.00   3.8304e-16
9430.00   3.0770e-20
9432.00   8.2316e-17
9434.00   1.4404e-27
9436.00   3.3099e-17
9438.00   1.9306e-19
9440.00   1.7678e-19
9442.00   9.6827e-19
9444.00   1.0070e-24
9446.00   3.5919e-19
9448.00   1.3357e-21
9450.00   4.4753e-24
9452.00   1.9527e-19
9454.00   5.2901e-25
9456.00   2.8529e-20
9458.00   7.2412e-21
9460.00   1.3124e-23
9462.00   8.2535e-22
9464.00   6.7750e-18
9466.00   4.2256e-20
9468.00   1.6490e-19
9470.00   4.6025e-19
9472.00   6.8268e-21
9474.00   5.6047e-17
9476.00   4.8975e-20
9478.00   2.0320e-20
9480.00   2.1838e-25
9482.00   1.6392e-19
9484.00   1.0188e-22
9486.00   1.2263e-21
9488.00   1.4585e-24
9490.00   5.5429e-20
9492.00   8.5375e-20
9494.00   3.2078e-26
9496.00   9.6274e-20
9498.00   2.6266e-16
9500.00   6.4480e-20
9502.00   9.0928e-25
9504.00   5.9392e-21
9506.00   2.2767e-25
9508.00   4.9385e-21
9510.00   1.0419e-16
9512.00   2.1629e-25
9514.00   2.2557e-19
9516.00   2.0874e-23
9518.00   3.2132e-20
9520.00   6.3897e-19
9522.00   8.8212e-22
9524.00   5.2402e-19
9526.00   1.7663e-17
9528.00   2.5450e-17
9530.00   1.3532e-22
9532.00   6.2345e-17
9534.00   2.2477e-16
9536.00   7.2547e-19
9538.00   4.1516e-24
9540.00   5.7226e-20
9542.00   9.6144e-19
9544.00   8.3942e-26
9546.00   4.6637e-19
9548.00   5.7569e-20
9550.00   1.0483e-17
9552.00   2.5665e-19
9554.00   5.1976e-22
9556.00   3.5621e-15
9558.00   7.2528e-19
9560.00   3.2853e-16
9562.00   1.5292e-26
9564.00   4.4297e-19
9566.00   8.8836e-18
9568.00   5.5304e-19
9570.00   1.1754e-17
9572.00   7.6735e-16
9574.00   1.1246e-20
9576.00   3.8199e-25
9578.00   2.9427e-20
9580.00   3.0914e-19
9582.00   2.0850e-20
9584.00   1.2665e-25
9586.00   1.0010e-20
9588.00   2.2052e-24
9590.00   4.8209e-18
9592.00   2.3205e-19
9594.00   1.6987e-22
9596.00   1.9583e-18
9598.00   1.1897e-18
9600.00   1.3509e-21
9602.00   5.7502e-20
9604.00   2.0272e-26
9606.00   1.1969e-17
9608.00   1.5086e-20
9610.00   7.1498e-20
9612.00   9.1044e-21
9614.00   8.0561e-17
9616.00   6.9759e-26
9618.00   1.5664e-16
9620.00   1.1000e-22
9622.00   1.7235e-25
9624.00   6.4097e-26
9626.00   6.1522e-26
9628.00   4.2643e-26
9630.00   6.4725e-20
9632.00   8.4001e-20
9634.00   2.1346e-17
9636.00   2.8345e-23
9638.00   6.3846e-19
9640.00   1.2445e-20
9642.00   1.0525e-20
9644.00   2.0593e-25
9646.00   5.7355e-20
9648.00   1.1659e-23
9650.00   2.6050e-23
9652.00   1.8092e-19
9654.00   1.4995e-27
9656.00   1.4664e-16
9658.00   3.1091e-23
9660.00   6.3119e-22
9662.00   1.9248e-17
9664.00   3.6625e-19
9666.00   1.0604e-25
9668.00   1.0766e-22
9670.00   1.0141e-18
9672.00   7.8263e-19
9674.00   4.2705e-21
9676.00   5.9470e-19
9678.00   3.7148e-21
9680.00   1.9425e-16
9682.00   1.2198e-18
9684.00   5.2121e-20
9686.00   3.4376e-21
9688.00   5.3339e-26
9690.00   6.5530e-24
9692.00   1.2572e-24
9694.00   1.4358e-25
9696.00   5.2771e-19
9698.00   1.2203e-23
9700.00   3.6417e-20
9702.00   3.1548e-26
9704.00   5.3965e-20
9706.00   1.0882e-22
9708.00   7.8327e-25
9710.00   4.7991e-25
9712.00   9.2857e-20
9714.00   1.2543e-19
9716.00   7.4899e-25
9718.00   2.3233e-18
9720.00   2.7143e-23
9722.00   8.1530e-19
9724.00   1.3466e-20
9726.00   6.0180e-25
9728.00   8.1847e-23
9730.00   1.9719e-19
9732.00   5.8791e-20
9734.00   5.1167e-22
9736.00   6.0101e-19
9738.00   1.0416e-19
9740.00   8.2530e-22
9742.00   1.1878e-18
9744.00   3.2440e-18
9746.00   1.1808e-17
9748.00   1.4098e-19
9750.00   2.6564e-18
9752.00   1.8180e-25
9754.00   9.4177e-22
9756.00   2.3146e-19
9758.00   4.7656e-27
9760.00   4.5284e-23
9762.00   2.5143e-25
9764.00   4.4444e-19
9766.00   3.9470e-18
9768.00   8.0637e-21
9770.00   3.5095e-22
9772.00   9.3759e-23
9774.00   3.5782e-24
9776.00   6.5531e-26
9778.00   2.6146e-24
9780.00   1.0618e-20
9782.00   4.4011e-19
9784.00   4.1980e-27
9786.00   7.2267e-24
9788.00   1.1770e-17
9790.00   9.6940e-22
9792.00   2.6133e-24
9794.00   7.2785e-22
9796.00   9.1191e-18
9798.00   7.8603e-20
9800.00   1.1215e-19
9802.00   5.6945e-24
9804.00   1.5958e-21
9806.00   1.8309e-18
9808.00   1.3226e-18
9810.00   7.0293e-21
9812.00   3.4238e-16
9814.00   1.0342e-24
9816.00   3.1520e-18
9818.00   6.7225e-25
9820.00   3.1343e-22
9822.00   5.1922e-23
9824.00   8.2651e-23
9826.00   1.0868e-18
9828.00   4.2803e-20
9830.00   3.0165e-21
9832.00   8.2840e-29
9834.00   4.9809e-25
9836.00   4.5260e-26
9838.00   1.4588e-20
9840.00   3.0467e-26
9842.00   1.2329e-19
9844.00   6.8443e-18
9846.00   7.9394e-22
9848.00   9.8104e-18
9850.00   1.2144e-17
9852.00   9.3244e-24
9854.00   3.6578e-23
9856.00   9.7206e-26
9858.00   7.0213e-22
9860.00   1.3876e-22
9862.00   1.3993e-19
9864.00   1.3609e-23
9866.00   1.9933e-24
9868.00   2.9158e-17
9870.00   8.8021e-23
9872.00   2.8070e-20
9874.00   6.9435e-20
9876.00   5.6682e-20
9878.00   2.9814e-24
9880.00   3.3213e-17
9882.00   1.7145e-17
9884.00   5.7173e-23
9886.00   1.4042e-24
9888.00   6.2519e-23
9890.00   4.0943e-26
9892.00   9.9774e-23
9894.00   2.6954e-16
9896.00   1.5050e-17
9898.00   5.7861e-22
9900.00   5.9204e-18
9902.00   1.6685e-22
9904.00   8.1992e-18
9906.00   8.8746e-19
9908.00   4.1119e-18
9910.00   7.4979e-17
9912.00   2.2022e-17
9914.00   1.1972e-24
9916.00   2.2226e-21
9918.00   6.2620e-23
9920.00   2.3947e-18
9922.00   1.2048e-20
9924.00   1.2845e-19
9926.00   6.4314e-22
9928.00   2.5775e-26
9930.00   1.6221e-26
9932.00   2.5365e-20
9934.00   1.3679e-21
9936.00   6.6809e-20
9938.00   1.7797e-19
9940.00   3.6200e-21
9942.00   2.3996e-22
9944.00   3.7214e-22
9946.00   3.2401e-17
9948.00   1.9467e-24
9950.00   9.4250e-19
9952.00   8.5952e-26
9954.00   5.6787e-18
9956.00   4.9425e-16
9958.00   7.6599e-20
9960.00   2.0454e-24
9962.00   3.9103e-20
9964.00   2.1156e-25
9966.00   1.3235e-26
9968.00   2.5142e-20
9970.00   4.5236e-20
9972.00   4.5697e-21
9974.00   2.4044e-27
9976.00   1.2591e-17
9978.00   2.6778e-20
9980.00   2.8702e-25
9982.00   4.5544e-19
9984.00   2.7208e-20
9986.00   3.3982e-23
9988.00   9.3806e-28
9990.00   1.0106e-22
9992.00   1.5374e-19
9994.00   1.0153e-20
9996.00   1.5789e-20
9998.00   4.9105e-15
10000.00   7.9423e-23
