1000.00   9.4358e-15
1002.00   1.0101e-14
1004.00   6.4641e-15
1006.00   4.5361e-15
1008.00   1.0836e-15
1010.00   1.1179e-14
1012.00   2.9958e-15
1014.00   4.9376e-15
1016.00   4.8213e-15
1018.00   3.4164e-15
1020.00   4.6291e-15
1022.00   4.7587e-15
1024.00   4.0218e-15
1026.00   4.5788e-15
1028.00   2.1713e-14
1030.00   2.7587e-14
1032.00   5.7368e-14
1034.00   3.8277e-14
1036.00   1.4881e-13
1038.00   1.4121e-14
1040.00   9.9669e-15
1042.00   4.2279e-14
1044.00   3.1254e-14
1046.00   2.6396e-14
1048.00   1.2058e-15
1050.00   2.2176e-14
1052.00   1.6091e-14
1054.00   2.8621e-14
1056.00   7.1686e-13
1058.00   2.3971e-14
1060.00   4.5607e-13
1062.00   1.3327e-13
1064.00   1.0338e-12
1066.00   1.0016e-13
1068.00   6.1276e-13
1070.00   9.3208e-14
1072.00   3.8258e-13
1074.00   7.2379e-13
1076.00   8.2011e-13
1078.00   4.6568e-14
1080.00   1.2141e-14
1082.00   1.8732e-13
1084.00   7.0943e-14
1086.00   2.8443e-14
1088.00   1.5189e-13
1090.00   1.0363e-13
1092.00   5.9151e-14
1094.00   1.6265e-13
1096.00   8.6917e-14
1098.00   1.4875e-13
1100.00   9.8378e-14
1102.00   1.2808e-13
1104.00   6.1409e-14
1106.00   7.5450e-14
1108.00   1.3938e-13
1110.00   1.4061e-13
1112.00   3.8415e-13
1114.00   5.6520e-13
1116.00   1.7239e-13
1118.00   8.9499e-15
1120.00   2.1465e-14
1122.00   5.3612e-13
1124.00   8.0680e-14
1126.00   3.8912e-13
1128.00   2.4634e-13
1130.00   8.4095e-14
1132.00   6.7450e-13
1134.00   6.2227e-13
1136.00   4.1100e-14
1138.00   6.3553e-14
1140.00   3.4830e-14
1142.00   1.0104e-13
1144.00   2.4196e-12
1146.00   3.5790e-13
1148.00   1.2352e-12
1150.00   6.5218e-13
1152.00   3.3563e-13
1154.00   2.8192e-13
1156.00   8.7544e-14
1158.00   5.0450e-14
1160.00   1.0073e-13
1162.00   7.6814e-14
1164.00   8.1859e-14
1166.00   1.2733e-13
1168.00   1.9251e-13
1170.00   2.4653e-13
1172.00   1.1839e-13
1174.00   2.2603e-13
1176.00   1.7907e-13
1178.00   4.2193e-14
1180.00   1.1301e-13
1182.00   8.1227e-14
1184.00   2.1925e-13
1186.00   1.1413e-13
1188.00   2.4531e-13
1190.00   7.2008e-14
1192.00   2.0502e-13
1194.00   1.1607e-13
1196.00   1.7935e-13
1198.00   1.0371e-12
1200.00   9.1545e-13
1202.00   1.1079e-13
1204.00   5.1483e-14
1206.00   5.7980e-14
1208.00   2.1820e-13
1210.00   4.4370e-13
1212.00   2.2865e-13
1214.00   2.2861e-13
1216.00   8.2853e-13
1218.00   2.6459e-13
1220.00   8.2441e-13
1222.00   8.4885e-15
1224.00   1.6817e-13
1226.00   6.0861e-14
1228.00   1.3412e-13
1230.00   1.7570e-14
1232.00   6.9384e-14
1234.00   7.4869e-14
1236.00   3.4584e-14
1238.00   7.3654e-14
1240.00   5.6231e-14
1242.00   1.5062e-13
1244.00   5.8553e-14
1246.00   3.5810e-14
1248.00   9.8791e-14
1250.00   2.5951e-14
1252.00   6.4320e-14
1254.00   4.1143e-14
1256.00   6.8433e-14
1258.00   1.3491e-13
1260.00   1.8437e-13
1262.00   1.8300e-13
1264.00   9.1171e-14
1266.00   6.9614e-13
1268.00   1.1413e-13
1270.00   8.0040e-14
1272.00   1.3939e-13
1274.00   8.6298e-14
1276.00   1.1447e-13
1278.00   4.9357e-14
1280.00   7.0526e-14
1282.00   3.1961e-14
1284.00   6.0233e-14
1286.00   2.1735e-14
1288.00   4.9250e-14
1290.00   1.6319e-13
1292.00   3.1400e-14
1294.00   5.4910e-14
1296.00   3.7942e-13
1298.00   2.8193e-14
1300.00   2.5851e-13
1302.00   7.7863e-14
1304.00   1.7580e-13
1306.00   5.0937e-14
1308.00   2.1224e-14
1310.00   1.7689e-14
1312.00   1.1673e-14
1314.00   6.2625e-14
1316.00   3.3966e-14
1318.00   4.6194e-14
1320.00   3.9147e-14
1322.00   5.3749e-14
1324.00   4.9819e-14
1326.00   1.0434e-14
1328.00   3.3879e-14
1330.00   3.4014e-14
1332.00   1.2239e-14
1334.00   1.0037e-14
1336.00   1.4371e-14
1338.00   2.2989e-14
1340.00   5.0209e-14
1342.00   6.3993e-15
1344.00   1.1508e-14
1346.00   2.0975e-14
1348.00   4.7169e-15
1350.00   7.6924e-15
1352.00   2.3354e-14
1354.00   5.4794e-14
1356.00   2.4311e-14
1358.00   1.4214e-13
1360.00   8.3207e-14
1362.00   1.6841e-13
1364.00   1.4733e-13
1366.00   1.1709e-13
1368.00   1.1795e-13
1370.00   1.1082e-14
1372.00   2.2255e-13
1374.00   1.2302e-13
1376.00   2.4724e-13
1378.00   9.1570e-14
1380.00   1.3272e-13
1382.00   5.3717e-14
1384.00   7.5141e-14
1386.00   6.0326e-14
1388.00   4.7124e-14
1390.00   5.1311e-15
1392.00   1.9680e-13
1394.00   2.1606e-14
1396.00   3.9568e-14
1398.00   4.5385e-14
1400.00   2.4058e-13
1402.00   1.6862e-13
1404.00   4.3719e-14
1406.00   2.8026e-14
1408.00   6.7855e-14
1410.00   5.5176e-14
1412.00   6.4000e-14
1414.00   6.9115e-14
1416.00   1.3966e-13
1418.00   5.5636e-14
1420.00   4.6263e-14
1422.00   9.6343e-15
1424.00   1.0057e-13
1426.00   2.5570e-14
1428.00   4.7496e-14
1430.00   1.0485e-13
1432.00   6.3764e-14
1434.00   2.0323e-14
1436.00   7.1370e-14
1438.00   6.0924e-14
1440.00   5.7805e-14
1442.00   6.6520e-14
1444.00   1.5641e-14
1446.00   7.8645e-15
1448.00   2.5721e-14
1450.00   1.1472e-14
1452.00   3.7441e-14
1454.00   4.1186e-14
1456.00   8.9513e-15
1458.00   1.3075e-14
1460.00   7.4372e-15
1462.00   1.7803e-14
1464.00   2.7500e-14
1466.00   6.0792e-15
1468.00   1.8531e-14
1470.00   2.2429e-14
1472.00   1.5397e-14
1474.00   5.5466e-14
1476.00   3.3453e-14
1478.00   3.8822e-14
1480.00   1.7775e-14
1482.00   4.1849e-15
1484.00   7.8449e-14
1486.00   2.7893e-14
1488.00   2.1827e-14
1490.00   3.4609e-14
1492.00   3.6869e-14
1494.00   3.8859e-14
1496.00   3.9721e-14
1498.00   2.1543e-15
1500.00   5.6855e-15
1502.00   1.2117e-14
1504.00   1.9799e-14
1506.00   5.4362e-14
1508.00   2.2995e-14
1510.00   5.2355e-15
1512.00   3.7749e-14
1514.00   2.4549e-14
1516.00   3.1985e-14
1518.00   2.2047e-15
1520.00   1.3116e-14
1522.00   2.9176e-14
1524.00   3.7763e-14
1526.00   6.2152e-14
1528.00   3.5425e-14
1530.00   1.6393e-15
1532.00   2.1553e-14
1534.00   4.7875e-15
1536.00   1.9914e-15
1538.00   3.3239e-15
1540.00   4.6747e-15
1542.00   3.0902e-15
1544.00   2.7437e-15
1546.00   7.2606e-15
1548.00   9.0902e-15
1550.00   3.7282e-14
1552.00   3.2033e-14
1554.00   2.4521e-14
1556.00   3.0564e-14
1558.00   1.2066e-14
1560.00   8.4658e-13
1562.00   7.9978e-15
1564.00   5.5945e-13
1566.00   3.8003e-14
1568.00   5.5240e-14
1570.00   7.2444e-13
1572.00   1.5514e-13
1574.00   6.1168e-13
1576.00   8.7631e-14
1578.00   1.8101e-13
1580.00   2.7614e-13
1582.00   3.1922e-14
1584.00   2.0154e-13
1586.00   5.4688e-14
1588.00   1.3985e-13
1590.00   2.3632e-15
1592.00   3.1520e-15
1594.00   3.8778e-14
1596.00   3.0933e-15
1598.00   2.6411e-15
1600.00   1.0430e-13
1602.00   6.8853e-14
1604.00   4.8950e-14
1606.00   1.2936e-13
1608.00   5.8561e-13
1610.00   4.2381e-14
1612.00   5.1357e-14
1614.00   2.5246e-13
1616.00   3.0420e-15
1618.00   1.4265e-13
1620.00   3.5449e-15
1622.00   2.3840e-13
1624.00   6.9030e-14
1626.00   9.6955e-14
1628.00   5.4086e-14
1630.00   3.0412e-13
1632.00   1.2116e-13
1634.00   8.5435e-14
1636.00   4.1714e-13
1638.00   6.9545e-13
1640.00   1.3602e-13
1642.00   1.9803e-13
1644.00   2.6910e-13
1646.00   7.0167e-14
1648.00   5.8359e-14
1650.00   4.3900e-13
1652.00   1.4354e-14
1654.00   2.7760e-13
1656.00   3.5811e-14
1658.00   1.3750e-13
1660.00   1.2156e-13
1662.00   1.3200e-14
1664.00   1.9724e-14
1666.00   7.7356e-16
1668.00   3.7188e-14
1670.00   7.3710e-14
1672.00   1.0319e-15
1674.00   2.1454e-13
1676.00   4.4987e-13
1678.00   3.1619e-14
1680.00   1.1484e-13
1682.00   2.9016e-13
1684.00   2.6465e-14
1686.00   6.9222e-14
1688.00   2.3723e-14
1690.00   8.0181e-14
1692.00   1.6041e-14
1694.00   2.8031e-14
1696.00   7.3013e-15
1698.00   1.3462e-14
1700.00   3.0294e-14
1702.00   5.6486e-13
1704.00   1.4942e-14
1706.00   3.8298e-15
1708.00   5.8992e-14
1710.00   1.4727e-13
1712.00   9.8184e-15
1714.00   1.1918e-14
1716.00   1.0904e-13
1718.00   8.0488e-14
1720.00   7.4124e-14
1722.00   3.1213e-14
1724.00   4.1277e-14
1726.00   3.2799e-13
1728.00   8.3917e-15
1730.00   3.6765e-16
1732.00   3.6196e-14
1734.00   2.6646e-15
1736.00   4.7787e-15
1738.00   7.9961e-15
1740.00   4.9731e-16
1742.00   1.1673e-14
1744.00   1.4529e-15
1746.00   1.5407e-13
1748.00   5.5027e-14
1750.00   8.2503e-14
1752.00   5.8140e-16
1754.00   2.5699e-16
1756.00   6.2631e-16
1758.00   2.1806e-15
1760.00   3.7729e-14
1762.00   2.0876e-13
1764.00   5.4071e-14
1766.00   5.4787e-15
1768.00   3.0332e-15
1770.00   1.1136e-14
1772.00   8.1009e-14
1774.00   3.0122e-14
1776.00   1.2041e-14
1778.00   1.7773e-14
1780.00   1.6779e-15
1782.00   5.3243e-14
1784.00   1.0062e-14
1786.00   7.1600e-13
1788.00   2.1793e-13
1790.00   1.7779e-14
1792.00   3.2325e-15
1794.00   7.9918e-14
1796.00   9.1718e-15
1798.00   1.4088e-13
1800.00   5.2126e-16
1802.00   2.4082e-15
1804.00   7.7632e-15
1806.00   5.0579e-15
1808.00   9.5688e-15
1810.00   6.5012e-14
1812.00   4.9972e-15
1814.00   2.1766e-15
1816.00   2.5056e-14
1818.00   4.6120e-14
1820.00   1.4172e-15
1822.00   1.6804e-14
1824.00   4.9378e-14
1826.00   2.1981e-14
1828.00   2.4760e-14
1830.00   1.1233e-14
1832.00   2.5633e-14
1834.00   2.9311e-14
1836.00   6.3445e-14
1838.00   1.6386e-17
1840.00   1.8391e-14
1842.00   1.1481e-14
1844.00   9.3166e-15
1846.00   3.1833e-14
1848.00   5.3481e-14
1850.00   9.6602e-16
1852.00   1.3347e-14
1854.00   1.8304e-15
1856.00   2.2187e-15
1858.00   1.0643e-15
1860.00   3.1530e-15
1862.00   6.9303e-15
1864.00   9.9961e-14
1866.00   4.5495e-16
1868.00   1.3339e-15
1870.00   6.7687e-15
1872.00   5.4913e-15
1874.00   1.0923e-14
1876.00   1.3257e-14
1878.00   1.9632e-13
1880.00   9.5713e-14
1882.00   3.4691e-15
1884.00   1.2605e-14
1886.00   3.5694e-15
1888.00   1.4880e-13
1890.00   3.9458e-15
1892.00   5.4865e-15
1894.00   2.0544e-15
1896.00   2.5297e-14
1898.00   1.4355e-14
1900.00   7.6475e-15
1902.00   4.9928e-15
1904.00   4.9327e-14
1906.00   3.1401e-15
1908.00   6.1553e-16
1910.00   3.6697e-14
1912.00   4.5520e-14
1914.00   1.2482e-15
1916.00   1.6407e-14
1918.00   4.2844e-14
1920.00   5.5064e-15
1922.00   1.7227e-15
1924.00   2.7478e-16
1926.00   6.7909e-14
1928.00   3.6617e-14
1930.00   1.5291e-14
1932.00   4.7632e-14
1934.00   3.0996e-15
1936.00   1.5164e-13
1938.00   7.9036e-16
1940.00   5.3638e-15
1942.00   4.0478e-15
1944.00   3.7838e-14
1946.00   6.1369e-15
1948.00   4.2512e-14
1950.00   2.9532e-15
1952.00   3.5511e-15
1954.00   4.0011e-15
1956.00   5.4051e-15
1958.00   2.0908e-14
1960.00   1.5455e-16
1962.00   1.0536e-14
1964.00   1.7905e-15
1966.00   3.1691e-14
1968.00   1.3806e-14
1970.00   2.7850e-14
1972.00   4.2561e-15
1974.00   3.0574e-15
1976.00   1.8968e-14
1978.00   2.1740e-15
1980.00   3.6002e-16
1982.00   8.9245e-17
1984.00   4.5431e-15
1986.00   1.9471e-14
1988.00   2.1408e-14
1990.00   2.3503e-15
1992.00   2.3782e-15
1994.00   1.6362e-15
1996.00   3.5452e-15
1998.00   4.0009e-16
2000.00   1.6046e-13
2002.00   4.9841e-16
2004.00   2.4043e-14
2006.00   5.8939e-15
2008.00   1.6346e-14
2010.00   8.7663e-14
2012.00   3.0281e-15
2014.00   1.1041e-14
2016.00   9.3067e-15
2018.00   6.7818e-15
2020.00   8.1462e-15
2022.00   3.1126e-16
2024.00   7.8813e-15
2026.00   3.8583e-15
2028.00   1.8148e-14
2030.00   7.9870e-15
2032.00   2.0312e-14
2034.00   5.1486e-15
2036.00   1.3151e-15
2038.00   1.7163e-14
2040.00   6.6783e-14
2042.00   1.4479e-16
2044.00   3.2167e-14
2046.00   3.9119e-16
2048.00   7.0991e-15
2050.00   1.3548e-16
2052.00   2.5964e-14
2054.00   1.7090e-15
2056.00   3.7230e-14
2058.00   5.8871e-15
2060.00   3.8964e-16
2062.00   1.2838e-14
2064.00   3.1271e-14
2066.00   1.9957e-14
2068.00   4.3169e-15
2070.00   3.1481e-14
2072.00   6.6400e-14
2074.00   5.0574e-15
2076.00   1.0075e-15
2078.00   1.3628e-14
2080.00   1.3394e-14
2082.00   1.6742e-15
2084.00   1.0908e-15
2086.00   2.4786e-15
2088.00   7.0287e-14
2090.00   8.8134e-17
2092.00   2.2748e-15
2094.00   9.5091e-15
2096.00   2.0732e-15
2098.00   6.7886e-15
2100.00   5.1700e-15
2102.00   1.2578e-14
2104.00   1.3264e-16
2106.00   1.8830e-14
2108.00   4.3969e-14
2110.00   1.1394e-13
2112.00   1.1781e-16
2114.00   1.5370e-14
2116.00   2.7246e-14
2118.00   3.0767e-14
2120.00   4.6798e-14
2122.00   1.5005e-15
2124.00   1.1039e-16
2126.00   4.4805e-15
2128.00   5.3326e-15
2130.00   1.8013e-14
2132.00   2.7168e-14
2134.00   2.2271e-15
2136.00   7.9749e-15
2138.00   1.9301e-14
2140.00   1.5068e-15
2142.00   1.3206e-14
2144.00   3.3878e-16
2146.00   1.5149e-15
2148.00   5.2963e-15
2150.00   4.4818e-14
2152.00   1.7473e-14
2154.00   5.1748e-16
2156.00   1.3682e-15
2158.00   5.5079e-15
2160.00   2.6148e-15
2162.00   8.6725e-15
2164.00   1.9861e-14
2166.00   2.0130e-14
2168.00   1.1848e-14
2170.00   1.1895e-15
2172.00   4.2188e-16
2174.00   1.8403e-14
2176.00   9.6552e-15
2178.00   4.6193e-15
2180.00   4.8266e-15
2182.00   2.2580e-16
2184.00   4.2774e-15
2186.00   3.8638e-16
2188.00   1.5302e-14
2190.00   3.8382e-15
2192.00   1.3332e-16
2194.00   1.2507e-15
2196.00   7.3768e-16
2198.00   7.9954e-16
2200.00   1.5495e-16
2202.00   2.7097e-15
2204.00   7.6783e-15
2206.00   2.0211e-15
2208.00   4.4178e-16
2210.00   3.8361e-15
2212.00   5.8231e-15
2214.00   3.4061e-14
2216.00   1.9752e-15
2218.00   2.0861e-15
2220.00   2.1017e-14
2222.00   8.0864e-15
2224.00   8.9577e-14
2226.00   7.8128e-15
2228.00   4.8763e-15
2230.00   1.4160e-15
2232.00   6.5314e-15
2234.00   4.9967e-15
2236.00   3.0042e-15
2238.00   2.1475e-14
2240.00   3.8493e-15
2242.00   4.8899e-14
2244.00   1.4410e-14
2246.00   1.6853e-14
2248.00   1.0759e-15
2250.00   1.9179e-14
2252.00   6.7402e-16
2254.00   1.1435e-14
2256.00   6.8224e-14
2258.00   5.8946e-15
2260.00   9.0030e-15
2262.00   3.0695e-15
2264.00   3.0146e-14
2266.00   1.6808e-13
2268.00   8.1407e-15
2270.00   1.3083e-14
2272.00   7.5516e-14
2274.00   1.4237e-13
2276.00   2.3091e-13
2278.00   8.5755e-15
2280.00   6.1267e-15
2282.00   3.6599e-15
2284.00   2.4883e-14
2286.00   5.7965e-15
2288.00   1.3112e-14
2290.00   2.6460e-15
2292.00   1.9212e-15
2294.00   5.5999e-14
2296.00   7.0585e-15
2298.00   1.6579e-14
2300.00   4.3921e-15
2302.00   1.6363e-15
2304.00   3.9636e-14
2306.00   8.5297e-15
2308.00   5.4329e-14
2310.00   5.1077e-15
2312.00   4.8711e-14
2314.00   5.9063e-14
2316.00   6.8438e-16
2318.00   2.5743e-14
2320.00   6.4021e-18
2322.00   3.5612e-14
2324.00   1.8880e-14
2326.00   7.2256e-14
2328.00   1.6427e-13
2330.00   1.0030e-13
2332.00   3.4626e-13
2334.00   1.6658e-16
2336.00   1.8388e-16
2338.00   1.7531e-13
2340.00   7.1395e-14
2342.00   1.9306e-15
2344.00   7.1286e-13
2346.00   1.5262e-13
2348.00   8.3608e-13
2350.00   8.4971e-17
2352.00   5.2136e-14
2354.00   6.7278e-15
2356.00   3.9017e-14
2358.00   1.5669e-14
2360.00   9.0988e-13
2362.00   2.3985e-13
2364.00   1.9036e-13
2366.00   2.5179e-13
2368.00   2.8699e-13
2370.00   1.4699e-13
2372.00   1.6524e-14
2374.00   3.2778e-13
2376.00   1.7360e-13
2378.00   1.1662e-15
2380.00   2.7330e-13
2382.00   1.6264e-12
2384.00   8.3805e-14
2386.00   3.9980e-14
2388.00   5.2341e-13
2390.00   3.2216e-15
2392.00   2.9361e-14
2394.00   9.1245e-15
2396.00   1.1399e-12
2398.00   1.1174e-15
2400.00   4.6436e-13
2402.00   3.8022e-14
2404.00   5.8854e-13
2406.00   3.8647e-13
2408.00   1.3666e-14
2410.00   3.8714e-13
2412.00   2.6728e-13
2414.00   2.0352e-13
2416.00   4.6533e-14
2418.00   9.9177e-14
2420.00   5.6185e-15
2422.00   1.2895e-14
2424.00   1.8414e-13
2426.00   3.2763e-14
2428.00   2.3003e-13
2430.00   1.9167e-13
2432.00   2.3161e-13
2434.00   3.6671e-13
2436.00   6.1258e-14
2438.00   4.0382e-14
2440.00   3.0476e-13
2442.00   1.5845e-15
2444.00   7.8067e-14
2446.00   4.8515e-13
2448.00   7.6098e-14
2450.00   4.9672e-14
2452.00   4.3828e-14
2454.00   1.1999e-13
2456.00   2.6950e-14
2458.00   2.4940e-13
2460.00   1.8206e-13
2462.00   2.2135e-13
2464.00   4.1391e-13
2466.00   1.6618e-13
2468.00   6.6545e-14
2470.00   1.8608e-13
2472.00   3.4720e-14
2474.00   4.5272e-14
2476.00   1.7516e-14
2478.00   4.0656e-14
2480.00   1.9334e-14
2482.00   8.0393e-14
2484.00   1.3230e-14
2486.00   9.3713e-15
2488.00   3.3320e-14
2490.00   2.3844e-13
2492.00   1.5085e-14
2494.00   4.2890e-13
2496.00   4.2353e-14
2498.00   2.4539e-13
2500.00   4.5041e-14
2502.00   9.0194e-14
2504.00   9.5872e-14
2506.00   2.0999e-13
2508.00   2.3505e-14
2510.00   1.2947e-14
2512.00   2.8575e-13
2514.00   9.5984e-14
2516.00   2.9613e-14
2518.00   2.9084e-14
2520.00   1.4724e-13
2522.00   1.3623e-13
2524.00   9.6203e-16
2526.00   5.5050e-13
2528.00   1.6797e-14
2530.00   1.7280e-13
2532.00   1.5828e-16
2534.00   1.3664e-13
2536.00   3.6768e-14
2538.00   9.7139e-14
2540.00   2.1156e-13
2542.00   1.2243e-13
2544.00   5.3779e-14
2546.00   1.7385e-13
2548.00   7.4160e-14
2550.00   2.0169e-13
2552.00   4.1962e-14
2554.00   6.2815e-15
2556.00   1.7816e-14
2558.00   5.5636e-14
2560.00   1.4279e-13
2562.00   3.7026e-13
2564.00   1.9507e-13
2566.00   1.4984e-13
2568.00   5.3496e-14
2570.00   1.6439e-14
2572.00   4.6811e-15
2574.00   1.6851e-13
2576.00   5.0769e-14
2578.00   8.1132e-14
2580.00   3.1138e-16
2582.00   8.7554e-14
2584.00   5.1545e-14
2586.00   3.1719e-13
2588.00   6.5514e-14
2590.00   2.3106e-14
2592.00   1.8197e-13
2594.00   1.3115e-14
2596.00   9.4473e-15
2598.00   4.1575e-13
2600.00   1.1912e-12
2602.00   2.8222e-17
2604.00   4.6190e-15
2606.00   1.0282e-13
2608.00   3.5756e-13
2610.00   4.1321e-14
2612.00   4.7019e-13
2614.00   2.2838e-13
2616.00   1.0275e-16
2618.00   1.3046e-13
2620.00   6.3102e-14
2622.00   5.2069e-14
2624.00   1.1523e-14
2626.00   3.2616e-13
2628.00   1.8402e-13
2630.00   3.5626e-14
2632.00   5.2146e-13
2634.00   1.1115e-14
2636.00   2.3223e-15
2638.00   1.6328e-14
2640.00   1.7530e-14
2642.00   1.0468e-14
2644.00   1.9907e-15
2646.00   1.0041e-14
2648.00   1.9146e-16
2650.00   1.3995e-14
2652.00   2.5331e-14
2654.00   2.3182e-15
2656.00   5.9737e-16
2658.00   1.1294e-15
2660.00   1.3414e-15
2662.00   1.6853e-16
2664.00   5.3669e-14
2666.00   6.4254e-14
2668.00   6.1625e-16
2670.00   5.1757e-14
2672.00   6.3933e-16
2674.00   5.5704e-17
2676.00   6.1424e-15
2678.00   5.7765e-14
2680.00   1.0589e-15
2682.00   2.0105e-14
2684.00   3.3189e-14
2686.00   5.7719e-15
2688.00   6.7921e-17
2690.00   2.1993e-15
2692.00   7.1461e-14
2694.00   3.9761e-15
2696.00   4.8920e-16
2698.00   1.3920e-14
2700.00   5.9794e-15
2702.00   2.4215e-16
2704.00   5.0519e-14
2706.00   2.0908e-14
2708.00   8.5209e-15
2710.00   4.6011e-14
2712.00   8.8627e-15
2714.00   7.7766e-14
2716.00   2.4885e-13
2718.00   1.9801e-14
2720.00   4.5503e-15
2722.00   2.3048e-14
2724.00   1.9019e-13
2726.00   9.0404e-16
2728.00   7.9443e-14
2730.00   1.2906e-13
2732.00   1.3668e-14
2734.00   3.3909e-15
2736.00   6.9279e-14
2738.00   1.9058e-15
2740.00   2.7230e-13
2742.00   4.2045e-15
2744.00   1.3650e-13
2746.00   2.6899e-13
2748.00   4.9057e-15
2750.00   3.5749e-13
2752.00   1.2500e-14
2754.00   8.2977e-15
2756.00   7.0951e-13
2758.00   8.7162e-15
2760.00   2.1888e-16
2762.00   1.2247e-13
2764.00   8.0659e-15
2766.00   4.0232e-17
2768.00   2.2556e-13
2770.00   7.2108e-15
2772.00   2.3318e-13
2774.00   5.3619e-15
2776.00   3.2015e-15
2778.00   7.8000e-15
2780.00   1.0193e-14
2782.00   8.2439e-16
2784.00   1.9767e-15
2786.00   7.4108e-15
2788.00   1.9035e-15
2790.00   1.1535e-15
2792.00   9.6622e-16
2794.00   3.3710e-15
2796.00   1.0880e-15
2798.00   3.9801e-16
2800.00   1.6019e-14
2802.00   4.0818e-18
2804.00   1.4979e-14
2806.00   2.7445e-15
2808.00   5.6333e-16
2810.00   4.5344e-16
2812.00   6.9194e-16
2814.00   4.2262e-15
2816.00   1.9366e-16
2818.00   5.7239e-16
2820.00   7.2150e-15
2822.00   3.2819e-15
2824.00   1.8226e-14
2826.00   7.0199e-15
2828.00   1.8445e-13
2830.00   1.1620e-15
2832.00   5.9825e-14
2834.00   2.3204e-15
2836.00   2.3548e-15
2838.00   1.1957e-13
2840.00   3.8049e-14
2842.00   8.4918e-16
2844.00   4.3329e-15
2846.00   4.8686e-15
2848.00   3.1310e-14
2850.00   6.4814e-15
2852.00   1.4251e-15
2854.00   9.2457e-16
2856.00   1.0079e-14
2858.00   8.7491e-15
2860.00   3.7435e-16
2862.00   2.2992e-16
2864.00   3.7305e-15
2866.00   2.9572e-15
2868.00   1.2347e-14
2870.00   7.7824e-15
2872.00   6.1407e-15
2874.00   4.1392e-17
2876.00   1.2080e-16
2878.00   3.1838e-16
2880.00   1.1588e-15
2882.00   2.2670e-15
2884.00   2.5253e-15
2886.00   1.0725e-13
2888.00   5.7462e-14
2890.00   6.0188e-15
2892.00   7.7586e-16
2894.00   3.9550e-16
2896.00   4.4536e-15
2898.00   5.4149e-15
2900.00   6.8858e-17
2902.00   3.2697e-15
2904.00   3.0619e-17
2906.00   1.6669e-15
2908.00   1.4275e-16
2910.00   7.0063e-16
2912.00   1.6682e-16
2914.00   1.7744e-16
2916.00   4.8646e-16
2918.00   4.0354e-15
2920.00   8.6074e-16
2922.00   1.3244e-16
2924.00   2.1566e-16
2926.00   1.8986e-15
2928.00   4.5597e-17
2930.00   4.3025e-16
2932.00   7.0998e-17
2934.00   5.0589e-16
2936.00   2.8823e-16
2938.00   1.0554e-16
2940.00   4.1779e-16
2942.00   4.6889e-17
2944.00   3.6650e-14
2946.00   1.9394e-15
2948.00   1.7342e-14
2950.00   1.5256e-14
2952.00   1.0307e-16
2954.00   1.8800e-15
2956.00   2.4859e-17
2958.00   5.4856e-17
2960.00   6.0321e-15
2962.00   1.6315e-16
2964.00   6.4688e-15
2966.00   1.8835e-14
2968.00   3.7522e-16
2970.00   6.3979e-15
2972.00   1.6537e-15
2974.00   2.4403e-17
2976.00   7.1384e-16
2978.00   6.5901e-17
2980.00   2.7286e-15
2982.00   8.0429e-16
2984.00   1.5048e-13
2986.00   3.5809e-14
2988.00   6.1754e-16
2990.00   3.9659e-17
2992.00   9.0831e-17
2994.00   1.2067e-15
2996.00   1.2070e-17
2998.00   5.1038e-15
3000.00   2.1610e-16
3002.00   5.4261e-14
3004.00   5.5015e-17
3006.00   1.3934e-17
3008.00   1.6478e-17
3010.00   3.2513e-15
3012.00   5.8755e-17
3014.00   2.0574e-15
3016.00   2.2968e-15
3018.00   2.0697e-15
3020.00   5.2868e-16
3022.00   2.7490e-16
3024.00   1.1234e-15
3026.00   1.8434e-16
3028.00   6.8875e-16
3030.00   8.2822e-16
3032.00   4.9587e-17
3034.00   2.9289e-16
3036.00   5.6321e-16
3038.00   5.8309e-16
3040.00   3.7375e-16
3042.00   1.5386e-16
3044.00   9.5423e-15
3046.00   8.6419e-16
3048.00   2.1336e-15
3050.00   4.5388e-16
3052.00   1.5250e-16
3054.00   4.6059e-18
3056.00   7.4192e-16
3058.00   3.5705e-17
3060.00   2.9320e-18
3062.00   4.0396e-16
3064.00   2.7025e-18
3066.00   6.1044e-15
3068.00   8.3394e-16
3070.00   1.0180e-15
3072.00   1.3455e-15
3074.00   1.8003e-17
3076.00   4.6484e-15
3078.00   2.6987e-15
3080.00   9.0672e-16
3082.00   2.8399e-17
3084.00   7.3310e-16
3086.00   1.4482e-18
3088.00   1.9953e-18
3090.00   8.0589e-16
3092.00   6.4080e-18
3094.00   2.3738e-19
3096.00   8.7304e-15
3098.00   3.6910e-17
3100.00   2.8564e-18
3102.00   3.5198e-16
3104.00   6.3635e-17
3106.00   3.7156e-16
3108.00   8.6640e-17
3110.00   1.0513e-17
3112.00   4.4727e-19
3114.00   1.9071e-16
3116.00   2.5387e-16
3118.00   8.7002e-17
3120.00   4.1914e-17
3122.00   6.8694e-17
3124.00   1.9497e-18
3126.00   3.6077e-17
3128.00   6.6819e-18
3130.00   4.3066e-17
3132.00   4.1937e-16
3134.00   7.9374e-17
3136.00   1.0033e-16
3138.00   1.1946e-16
3140.00   6.9155e-17
3142.00   1.0436e-15
3144.00   7.5798e-17
3146.00   4.9575e-16
3148.00   8.4413e-19
3150.00   2.4473e-17
3152.00   9.9035e-17
3154.00   1.1505e-17
3156.00   3.1114e-16
3158.00   3.1870e-16
3160.00   5.3346e-17
3162.00   4.4767e-15
3164.00   1.1198e-14
3166.00   5.0346e-15
3168.00   5.2783e-18
3170.00   2.4046e-15
3172.00   2.5552e-18
3174.00   1.1273e-17
3176.00   1.8829e-17
3178.00   7.5957e-15
3180.00   6.4810e-17
3182.00   1.1821e-17
3184.00   5.4174e-15
3186.00   9.9077e-15
3188.00   3.1461e-15
3190.00   5.7824e-16
3192.00   1.2915e-14
3194.00   1.1458e-14
3196.00   1.9589e-14
3198.00   2.8301e-17
3200.00   1.1198e-18
3202.00   7.4694e-18
3204.00   1.0595e-15
3206.00   5.1076e-18
3208.00   2.3937e-17
3210.00   5.6803e-15
3212.00   1.3615e-16
3214.00   8.5991e-15
3216.00   2.2716e-17
3218.00   1.8235e-17
3220.00   8.8832e-18
3222.00   5.6536e-17
3224.00   6.2508e-16
3226.00   1.1889e-16
3228.00   5.6746e-15
3230.00   4.6980e-16
3232.00   3.9308e-15
3234.00   1.8171e-17
3236.00   7.8731e-17
3238.00   2.2411e-15
3240.00   5.4008e-18
3242.00   3.7887e-18
3244.00   5.2167e-15
3246.00   5.9582e-17
3248.00   4.6618e-15
3250.00   1.5477e-15
3252.00   8.4618e-16
3254.00   1.9989e-18
3256.00   1.9202e-16
3258.00   5.5110e-15
3260.00   5.0978e-15
3262.00   1.4628e-16
3264.00   3.1694e-17
3266.00   1.5515e-17
3268.00   5.4849e-16
3270.00   9.2718e-17
3272.00   2.0683e-17
3274.00   2.7367e-17
3276.00   2.7476e-17
3278.00   2.5728e-16
3280.00   5.5780e-17
3282.00   1.7134e-16
3284.00   1.4845e-16
3286.00   1.0085e-14
3288.00   1.2647e-16
3290.00   3.8465e-16
3292.00   4.6449e-17
3294.00   1.0411e-18
3296.00   4.2597e-16
3298.00   2.6541e-15
3300.00   1.1878e-16
3302.00   9.1186e-16
3304.00   8.4383e-17
3306.00   4.9085e-15
3308.00   3.1203e-19
3310.00   1.0127e-15
3312.00   7.4768e-15
3314.00   4.9612e-17
3316.00   1.0556e-17
3318.00   2.8766e-17
3320.00   2.2710e-16
3322.00   1.2633e-15
3324.00   5.2179e-16
3326.00   7.8727e-17
3328.00   5.6661e-16
3330.00   6.9229e-17
3332.00   3.7597e-17
3334.00   7.0063e-18
3336.00   4.6674e-16
3338.00   4.3942e-16
3340.00   9.0442e-18
3342.00   3.6821e-17
3344.00   1.0741e-17
3346.00   1.6645e-18
3348.00   2.1888e-18
3350.00   1.2702e-18
3352.00   1.6731e-17
3354.00   2.4909e-17
3356.00   3.4521e-18
3358.00   2.6055e-15
3360.00   5.7203e-16
3362.00   3.9175e-16
3364.00   1.5712e-17
3366.00   1.7788e-15
3368.00   3.4073e-17
3370.00   2.3646e-16
3372.00   1.3021e-14
3374.00   1.7796e-18
3376.00   1.4606e-16
3378.00   3.6930e-18
3380.00   3.2073e-16
3382.00   4.4094e-16
3384.00   1.2403e-17
3386.00   5.7218e-16
3388.00   4.3438e-18
3390.00   1.6070e-16
3392.00   2.4395e-15
3394.00   2.2847e-17
3396.00   8.2152e-17
3398.00   6.0256e-17
3400.00   1.9938e-17
3402.00   4.5024e-18
3404.00   4.6610e-17
3406.00   1.6043e-16
3408.00   3.3247e-18
3410.00   2.4071e-16
3412.00   2.4622e-17
3414.00   4.6043e-16
3416.00   1.0767e-16
3418.00   1.4453e-18
3420.00   1.1504e-16
3422.00   2.3475e-17
3424.00   8.3382e-19
3426.00   4.7408e-16
3428.00   2.7619e-16
3430.00   1.6215e-16
3432.00   1.5798e-17
3434.00   5.2165e-18
3436.00   2.4134e-15
3438.00   5.5602e-17
3440.00   8.3063e-17
3442.00   1.5314e-16
3444.00   1.7826e-17
3446.00   8.1422e-18
3448.00   2.6688e-17
3450.00   1.6308e-17
3452.00   2.1098e-15
3454.00   4.7785e-16
3456.00   7.4374e-16
3458.00   6.0929e-17
3460.00   2.1776e-17
3462.00   2.4431e-20
3464.00   1.2009e-17
3466.00   3.6175e-17
3468.00   4.7181e-19
3470.00   3.1560e-16
3472.00   1.0760e-16
3474.00   1.5834e-17
3476.00   2.7394e-17
3478.00   1.8939e-16
3480.00   9.1477e-18
3482.00   5.7926e-16
3484.00   1.3471e-16
3486.00   3.1208e-16
3488.00   7.7275e-19
3490.00   4.1684e-16
3492.00   2.0106e-18
3494.00   7.1061e-17
3496.00   4.4694e-17
3498.00   2.6234e-16
3500.00   1.6246e-16
3502.00   3.7970e-18
3504.00   2.7829e-17
3506.00   8.1800e-18
3508.00   1.7651e-17
3510.00   2.8926e-17
3512.00   1.1388e-17
3514.00   3.9285e-18
3516.00   3.0670e-16
3518.00   4.4641e-18
3520.00   3.8155e-17
3522.00   1.1551e-15
3524.00   7.5527e-18
3526.00   4.3423e-16
3528.00   5.5695e-16
3530.00   1.4578e-16
3532.00   2.8786e-17
3534.00   1.1773e-18
3536.00   6.4380e-17
3538.00   8.7508e-17
3540.00   4.0261e-17
3542.00   6.3666e-17
3544.00   3.8841e-17
3546.00   1.7459e-18
3548.00   4.4709e-17
3550.00   2.6862e-17
3552.00   2.9594e-17
3554.00   1.2153e-16
3556.00   2.0060e-16
3558.00   2.9985e-16
3560.00   2.8269e-17
3562.00   3.0926e-17
3564.00   3.4071e-17
3566.00   1.3537e-16
3568.00   1.4548e-17
3570.00   1.3487e-17
3572.00   4.3211e-18
3574.00   1.4796e-18
3576.00   5.5238e-17
3578.00   3.5189e-18
3580.00   2.1578e-18
3582.00   1.5060e-19
3584.00   3.9900e-18
3586.00   1.6371e-16
3588.00   2.8353e-17
3590.00   4.0819e-16
3592.00   3.9795e-18
3594.00   6.0615e-18
3596.00   2.2387e-18
3598.00   1.0300e-17
3600.00   4.2100e-18
3602.00   3.5020e-17
3604.00   5.9300e-18
3606.00   4.2244e-17
3608.00   5.8235e-18
3610.00   9.5967e-18
3612.00   1.0531e-17
3614.00   4.6622e-17
3616.00   3.8374e-18
3618.00   1.9973e-17
3620.00   7.5728e-18
3622.00   1.0449e-15
3624.00   5.6061e-16
3626.00   7.4540e-19
3628.00   4.8178e-17
3630.00   1.7394e-18
3632.00   1.3164e-17
3634.00   1.0298e-18
3636.00   5.0386e-17
3638.00   2.7508e-17
3640.00   1.9287e-18
3642.00   6.2585e-16
3644.00   3.3116e-18
3646.00   1.2102e-17
3648.00   1.3813e-17
3650.00   3.3342e-18
3652.00   2.1890e-18
3654.00   6.5523e-19
3656.00   2.6280e-15
3658.00   1.0365e-17
3660.00   1.0753e-18
3662.00   1.7399e-17
3664.00   2.1986e-18
3666.00   1.6293e-18
3668.00   4.3577e-18
3670.00   1.0497e-18
3672.00   1.6458e-18
3674.00   3.7982e-18
3676.00   1.6724e-18
3678.00   5.9857e-19
3680.00   2.2045e-18
3682.00   1.4365e-17
3684.00   1.7816e-18
3686.00   4.8787e-17
3688.00   2.5567e-18
3690.00   5.3266e-18
3692.00   2.3287e-18
3694.00   3.5610e-17
3696.00   5.8233e-18
3698.00   7.2524e-17
3700.00   4.3639e-17
3702.00   5.0699e-21
3704.00   4.6820e-17
3706.00   5.0150e-19
3708.00   2.6494e-18
3710.00   1.3820e-16
3712.00   4.2512e-17
3714.00   1.0284e-17
3716.00   2.2404e-17
3718.00   3.0326e-18
3720.00   5.0251e-18
3722.00   2.8955e-18
3724.00   1.5787e-18
3726.00   2.1244e-17
3728.00   3.5476e-16
3730.00   8.4853e-18
3732.00   7.7098e-19
3734.00   3.6119e-18
3736.00   1.1816e-18
3738.00   1.2524e-17
3740.00   2.3686e-18
3742.00   6.7125e-18
3744.00   2.3119e-18
3746.00   1.0558e-17
3748.00   7.8825e-16
3750.00   3.3568e-17
3752.00   5.4800e-19
3754.00   3.4942e-17
3756.00   1.0109e-16
3758.00   7.6423e-17
3760.00   3.1294e-16
3762.00   4.9975e-16
3764.00   1.3280e-16
3766.00   1.6190e-17
3768.00   9.5453e-18
3770.00   2.0428e-18
3772.00   1.6971e-18
3774.00   1.3471e-18
3776.00   3.4251e-18
3778.00   2.6189e-17
3780.00   1.1681e-17
3782.00   4.2001e-17
3784.00   3.4598e-17
3786.00   9.5823e-17
3788.00   1.9779e-18
3790.00   1.6094e-18
3792.00   3.5453e-18
3794.00   8.6862e-19
3796.00   1.1219e-17
3798.00   1.5721e-17
3800.00   8.0902e-18
3802.00   1.2389e-17
3804.00   2.1914e-18
3806.00   1.2201e-18
3808.00   1.0133e-17
3810.00   8.0326e-18
3812.00   1.0601e-17
3814.00   8.7623e-17
3816.00   1.0707e-19
3818.00   4.8202e-19
3820.00   2.2760e-17
3822.00   1.1216e-17
3824.00   2.4107e-16
3826.00   4.3241e-19
3828.00   1.0431e-16
3830.00   1.1124e-17
3832.00   9.9290e-20
3834.00   3.6138e-18
3836.00   4.6141e-19
3838.00   4.1524e-18
3840.00   1.3995e-18
3842.00   4.0610e-19
3844.00   4.4489e-18
3846.00   6.9384e-17
3848.00   8.6090e-18
3850.00   8.2544e-20
3852.00   1.6849e-18
3854.00   3.7122e-19
3856.00   1.0902e-17
3858.00   2.4443e-18
3860.00   6.2958e-18
3862.00   5.9322e-18
3864.00   6.3496e-18
3866.00   2.0403e-18
3868.00   2.5068e-18
3870.00   2.1318e-18
3872.00   1.0033e-16
3874.00   2.9145e-18
3876.00   2.8244e-17
3878.00   8.5993e-18
3880.00   3.7556e-18
3882.00   6.0302e-18
3884.00   5.3283e-17
3886.00   9.0759e-19
3888.00   5.9999e-20
3890.00   1.1030e-18
3892.00   1.4860e-19
3894.00   4.0063e-18
3896.00   1.0343e-17
3898.00   1.1606e-19
3900.00   6.2420e-18
3902.00   1.3195e-19
3904.00   1.0063e-16
3906.00   2.1318e-16
3908.00   2.1044e-17
3910.00   3.8895e-16
3912.00   2.1451e-18
3914.00   2.5122e-17
3916.00   2.2628e-17
3918.00   3.9112e-17
3920.00   8.8695e-18
3922.00   4.0402e-17
3924.00   1.4050e-17
3926.00   3.8709e-18
3928.00   1.9314e-16
3930.00   5.1553e-18
3932.00   6.7958e-17
3934.00   1.2165e-18
3936.00   2.5078e-16
3938.00   1.0662e-16
3940.00   1.7488e-17
3942.00   1.2502e-18
3944.00   3.4073e-18
3946.00   5.4177e-18
3948.00   4.0227e-19
3950.00   4.6655e-17
3952.00   9.4812e-18
3954.00   8.3631e-18
3956.00   1.1024e-18
3958.00   1.2980e-17
3960.00   1.2673e-16
3962.00   1.8142e-17
3964.00   3.6522e-17
3966.00   3.7371e-17
3968.00   1.0420e-18
3970.00   2.2211e-17
3972.00   2.7779e-17
3974.00   1.4519e-16
3976.00   4.0124e-17
3978.00   2.4111e-17
3980.00   1.9019e-18
3982.00   2.5091e-17
3984.00   2.1909e-17
3986.00   9.0447e-19
3988.00   5.1815e-18
3990.00   6.6713e-17
3992.00   2.8252e-18
3994.00   1.6782e-18
3996.00   2.5632e-16
3998.00   4.1502e-19
4000.00   1.4737e-17
4002.00   2.4553e-16
4004.00   3.7705e-17
4006.00   1.7675e-19
4008.00   3.2603e-17
4010.00   2.2912e-18
4012.00   1.0724e-17
4014.00   1.8237e-17
4016.00   3.3344e-17
4018.00   3.3860e-18
4020.00   2.2121e-17
4022.00   4.2996e-17
4024.00   1.1278e-16
4026.00   2.4434e-18
4028.00   1.6399e-17
4030.00   3.5284e-20
4032.00   3.4881e-18
4034.00   5.5609e-18
4036.00   3.2916e-18
4038.00   2.4074e-19
4040.00   2.3947e-18
4042.00   2.6500e-18
4044.00   1.0224e-18
4046.00   2.7109e-18
4048.00   1.5223e-18
4050.00   4.6603e-19
4052.00   5.2431e-18
4054.00   8.2355e-20
4056.00   1.5861e-18
4058.00   9.0721e-17
4060.00   5.9961e-19
4062.00   4.2546e-16
4064.00   8.4274e-19
4066.00   7.6756e-20
4068.00   1.4410e-16
4070.00   7.8829e-17
4072.00   1.0418e-18
4074.00   4.6869e-17
4076.00   5.5584e-17
4078.00   4.5208e-16
4080.00   5.6538e-17
4082.00   9.8984e-19
4084.00   1.0147e-17
4086.00   4.6898e-18
4088.00   3.4629e-18
4090.00   7.4284e-19
4092.00   8.5773e-17
4094.00   3.8624e-17
4096.00   1.4013e-18
4098.00   8.8978e-18
4100.00   1.3287e-18
4102.00   6.7206e-18
4104.00   6.7328e-18
4106.00   1.2477e-17
4108.00   2.6835e-17
4110.00   9.5202e-18
4112.00   5.7571e-17
4114.00   5.2494e-18
4116.00   4.8611e-19
4118.00   4.1557e-18
4120.00   9.1094e-19
4122.00   2.3120e-17
4124.00   5.1776e-18
4126.00   6.4618e-19
4128.00   3.1452e-17
4130.00   2.5378e-19
4132.00   3.0247e-18
4134.00   1.6804e-18
4136.00   2.1256e-17
4138.00   7.0284e-18
4140.00   5.4595e-18
4142.00   6.2868e-19
4144.00   9.2081e-17
4146.00   4.2474e-19
4148.00   4.9270e-17
4150.00   2.1153e-17
4152.00   1.2042e-17
4154.00   2.7206e-17
4156.00   2.8516e-18
4158.00   2.1415e-17
4160.00   1.8140e-18
4162.00   6.8425e-17
4164.00   2.4397e-18
4166.00   2.6225e-18
4168.00   1.0511e-17
4170.00   2.7818e-19
4172.00   6.9468e-18
4174.00   2.4130e-16
4176.00   1.4151e-17
4178.00   8.3780e-17
4180.00   1.8364e-16
4182.00   2.1655e-17
4184.00   2.5137e-18
4186.00   5.3712e-18
4188.00   2.7066e-17
4190.00   5.1546e-18
4192.00   1.6007e-20
4194.00   4.9176e-19
4196.00   2.0824e-18
4198.00   8.9820e-19
4200.00   2.2682e-18
4202.00   1.7654e-16
4204.00   4.5299e-19
4206.00   7.3279e-19
4208.00   4.5144e-18
4210.00   1.5356e-16
4212.00   1.5262e-18
4214.00   1.1995e-17
4216.00   2.2944e-19
4218.00   1.3827e-18
4220.00   3.4115e-18
4222.00   1.5792e-17
4224.00   7.8762e-17
4226.00   1.1326e-17
4228.00   1.6450e-18
4230.00   1.7615e-20
4232.00   1.5319e-17
4234.00   1.0334e-15
4236.00   6.8721e-18
4238.00   1.0548e-17
4240.00   1.1710e-18
4242.00   1.5283e-18
4244.00   2.6505e-17
4246.00   3.7881e-20
4248.00   2.2805e-16
4250.00   1.2583e-17
4252.00   9.9739e-19
4254.00   2.5106e-18
4256.00   2.6010e-16
4258.00   1.7315e-17
4260.00   2.8064e-19
4262.00   9.1068e-20
4264.00   1.4613e-17
4266.00   2.4793e-18
4268.00   5.8908e-18
4270.00   2.3135e-18
4272.00   6.0193e-20
4274.00   3.8195e-17
4276.00   1.3864e-17
4278.00   7.4933e-18
4280.00   1.8742e-18
4282.00   3.9607e-17
4284.00   2.2446e-19
4286.00   6.4209e-18
4288.00   1.5555e-17
4290.00   4.0068e-18
4292.00   4.3700e-16
4294.00   3.4820e-19
4296.00   3.9729e-17
4298.00   3.9585e-19
4300.00   2.2446e-16
4302.00   2.8813e-16
4304.00   2.3876e-16
4306.00   3.7193e-18
4308.00   5.3046e-20
4310.00   1.6112e-18
4312.00   1.3828e-16
4314.00   3.7944e-17
4316.00   1.7058e-18
4318.00   2.9203e-17
4320.00   8.8017e-18
4322.00   6.4930e-17
4324.00   1.2257e-19
4326.00   4.8730e-17
4328.00   5.5719e-18
4330.00   8.0388e-18
4332.00   1.7424e-16
4334.00   8.9404e-20
4336.00   1.4544e-18
4338.00   3.6823e-17
4340.00   3.6776e-16
4342.00   6.0775e-18
4344.00   3.5975e-17
4346.00   8.1781e-18
4348.00   3.2273e-18
4350.00   7.9641e-19
4352.00   4.8672e-16
4354.00   2.1103e-18
4356.00   1.3857e-17
4358.00   1.0711e-16
4360.00   1.7341e-17
4362.00   3.8894e-17
4364.00   5.0724e-18
4366.00   3.9285e-18
4368.00   8.3385e-19
4370.00   1.2528e-17
4372.00   5.0940e-16
4374.00   7.6935e-19
4376.00   9.6682e-18
4378.00   6.9349e-18
4380.00   3.5728e-18
4382.00   1.6002e-18
4384.00   3.6949e-17
4386.00   1.8266e-16
4388.00   7.2896e-19
4390.00   4.8333e-22
4392.00   4.4378e-18
4394.00   3.0672e-18
4396.00   5.6074e-19
4398.00   5.9060e-17
4400.00   4.4146e-18
4402.00   1.3123e-17
4404.00   1.6278e-20
4406.00   5.3402e-18
4408.00   8.6326e-19
4410.00   2.0155e-17
4412.00   4.5649e-19
4414.00   2.1579e-16
4416.00   1.7217e-16
4418.00   1.0259e-18
4420.00   5.3696e-19
4422.00   1.4461e-17
4424.00   3.1747e-18
4426.00   2.0489e-18
4428.00   8.1057e-20
4430.00   1.3769e-17
4432.00   4.2878e-18
4434.00   4.6926e-18
4436.00   9.6610e-19
4438.00   3.2031e-19
4440.00   1.6809e-17
4442.00   7.7021e-18
4444.00   1.8720e-17
4446.00   2.3602e-17
4448.00   2.6170e-18
4450.00   2.1343e-18
4452.00   8.4801e-17
4454.00   3.2395e-18
4456.00   3.9387e-17
4458.00   1.3633e-18
4460.00   1.3974e-18
4462.00   3.7858e-17
4464.00   2.2913e-18
4466.00   1.0153e-17
4468.00   1.3529e-19
4470.00   1.9914e-19
4472.00   1.3270e-16
4474.00   3.2903e-17
4476.00   1.4853e-18
4478.00   3.3579e-18
4480.00   1.5868e-17
4482.00   4.1894e-20
4484.00   4.2937e-20
4486.00   2.6536e-19
4488.00   1.9334e-18
4490.00   1.3799e-16
4492.00   5.8920e-17
4494.00   1.1626e-18
4496.00   1.9400e-19
4498.00   8.1678e-19
4500.00   1.7966e-18
4502.00   1.0481e-18
4504.00   3.2415e-18
4506.00   8.5757e-18
4508.00   3.3568e-16
4510.00   6.7343e-18
4512.00   3.6364e-19
4514.00   2.6706e-19
4516.00   5.9428e-17
4518.00   2.6458e-19
4520.00   1.5090e-16
4522.00   4.3560e-16
4524.00   5.0055e-18
4526.00   2.2322e-17
4528.00   1.6254e-19
4530.00   7.5980e-18
4532.00   7.8237e-19
4534.00   2.1132e-17
4536.00   2.8340e-18
4538.00   3.4452e-18
4540.00   2.9172e-20
4542.00   1.8120e-16
4544.00   1.9178e-18
4546.00   5.1836e-19
4548.00   1.7588e-18
4550.00   5.2290e-16
4552.00   2.4978e-19
4554.00   1.1177e-18
4556.00   8.0532e-17
4558.00   5.8446e-20
4560.00   1.0489e-18
4562.00   2.1864e-18
4564.00   1.5560e-18
4566.00   2.9759e-20
4568.00   1.1788e-18
4570.00   4.3038e-18
4572.00   6.2539e-19
4574.00   2.3418e-19
4576.00   2.7701e-16
4578.00   1.7941e-18
4580.00   2.5815e-17
4582.00   3.4425e-17
4584.00   5.2110e-16
4586.00   4.8695e-18
4588.00   2.8991e-18
4590.00   1.3636e-18
4592.00   2.8225e-18
4594.00   1.4363e-18
4596.00   7.7910e-17
4598.00   3.6750e-17
4600.00   1.1251e-21
4602.00   1.7745e-19
4604.00   7.6393e-18
4606.00   1.8726e-18
4608.00   3.3448e-19
4610.00   2.3223e-18
4612.00   7.6499e-18
4614.00   9.0075e-19
4616.00   4.0505e-19
4618.00   5.9794e-19
4620.00   1.9021e-16
4622.00   5.8690e-19
4624.00   7.9729e-18
4626.00   5.3687e-18
4628.00   2.6381e-18
4630.00   1.9461e-16
4632.00   4.1793e-18
4634.00   1.3905e-17
4636.00   2.4320e-18
4638.00   8.8591e-18
4640.00   8.0575e-19
4642.00   8.4354e-19
4644.00   5.4438e-19
4646.00   4.2831e-21
4648.00   2.7917e-17
4650.00   7.4143e-19
4652.00   3.9528e-18
4654.00   1.4456e-19
4656.00   1.7873e-18
4658.00   6.4404e-19
4660.00   1.4114e-19
4662.00   8.6498e-20
4664.00   6.0956e-18
4666.00   3.4722e-17
4668.00   8.4318e-19
4670.00   6.0844e-18
4672.00   1.2355e-19
4674.00   1.2308e-20
4676.00   6.7760e-19
4678.00   1.9206e-18
4680.00   3.9112e-20
4682.00   1.2357e-20
4684.00   3.3052e-18
4686.00   2.7661e-18
4688.00   6.7071e-19
4690.00   3.8382e-19
4692.00   3.2170e-19
4694.00   1.0077e-19
4696.00   1.2804e-17
4698.00   6.9466e-18
4700.00   1.5592e-18
4702.00   1.8902e-18
4704.00   6.1378e-19
4706.00   1.3415e-18
4708.00   2.7195e-18
4710.00   1.9659e-18
4712.00   4.0426e-21
4714.00   3.8108e-19
4716.00   3.1840e-19
4718.00   2.2235e-18
4720.00   1.1283e-18
4722.00   5.8896e-18
4724.00   3.9654e-19
4726.00   5.5985e-19
4728.00   5.9011e-18
4730.00   7.8589e-19
4732.00   4.0480e-18
4734.00   5.1504e-19
4736.00   1.8821e-20
4738.00   1.2106e-17
4740.00   3.6189e-19
4742.00   1.6310e-18
4744.00   1.0539e-17
4746.00   6.4040e-19
4748.00   2.0365e-19
4750.00   4.4346e-18
4752.00   3.4655e-19
4754.00   2.2062e-18
4756.00   8.4185e-19
4758.00   2.7659e-19
4760.00   8.2192e-18
4762.00   4.9222e-19
4764.00   1.6347e-19
4766.00   3.2795e-19
4768.00   1.3603e-18
4770.00   7.3574e-20
4772.00   4.1162e-19
4774.00   1.2287e-18
4776.00   4.3620e-19
4778.00   1.8875e-17
4780.00   3.0983e-19
4782.00   3.7105e-20
4784.00   3.3308e-20
4786.00   7.5643e-20
4788.00   3.4781e-21
4790.00   1.0746e-19
4792.00   7.1087e-19
4794.00   9.3531e-21
4796.00   1.5634e-18
4798.00   1.9402e-18
4800.00   9.9541e-21
4802.00   9.7733e-19
4804.00   2.6525e-18
4806.00   5.3643e-19
4808.00   1.1857e-18
4810.00   5.8763e-18
4812.00   6.0241e-19
4814.00   1.7033e-18
4816.00   1.8711e-18
4818.00   1.9652e-19
4820.00   5.5032e-20
4822.00   1.4323e-19
4824.00   2.8680e-18
4826.00   7.3088e-17
4828.00   6.3879e-20
4830.00   1.4109e-18
4832.00   8.6418e-17
4834.00   2.5275e-17
4836.00   1.0467e-18
4838.00   2.1648e-19
4840.00   2.6706e-18
4842.00   2.0640e-18
4844.00   1.2209e-17
4846.00   2.0535e-18
4848.00   1.1193e-18
4850.00   2.4637e-19
4852.00   7.3446e-20
4854.00   1.5618e-19
4856.00   3.0860e-19
4858.00   7.7054e-20
4860.00   2.5877e-19
4862.00   1.5353e-19
4864.00   1.6090e-19
4866.00   3.2684e-18
4868.00   1.7962e-18
4870.00   7.4680e-19
4872.00   8.6994e-18
4874.00   3.0660e-18
4876.00   5.0006e-17
4878.00   4.2744e-19
4880.00   4.3761e-18
4882.00   5.7914e-22
4884.00   1.1062e-18
4886.00   4.9247e-19
4888.00   2.7831e-19
4890.00   6.8371e-17
4892.00   4.1654e-18
4894.00   2.3629e-18
4896.00   1.0800e-17
4898.00   5.1396e-18
4900.00   2.8710e-19
4902.00   1.1715e-16
4904.00   7.5472e-19
4906.00   2.0507e-18
4908.00   8.0448e-21
4910.00   5.2854e-20
4912.00   5.2393e-18
4914.00   1.3960e-21
4916.00   4.8576e-20
4918.00   1.0307e-19
4920.00   1.0119e-18
4922.00   1.6007e-17
4924.00   1.1530e-15
4926.00   5.4590e-19
4928.00   3.0644e-18
4930.00   1.8678e-20
4932.00   1.3376e-17
4934.00   1.0594e-19
4936.00   8.6824e-18
4938.00   1.6742e-19
4940.00   5.7781e-19
4942.00   4.7450e-19
4944.00   6.5068e-19
4946.00   6.3554e-18
4948.00   4.0104e-18
4950.00   1.3206e-18
4952.00   6.6941e-17
4954.00   5.4015e-17
4956.00   3.6624e-20
4958.00   1.0040e-19
4960.00   1.5671e-19
4962.00   3.8772e-18
4964.00   6.7713e-20
4966.00   4.1057e-20
4968.00   1.1403e-18
4970.00   8.5369e-19
4972.00   6.7795e-19
4974.00   2.7658e-18
4976.00   1.4262e-16
4978.00   2.1607e-19
4980.00   6.9115e-19
4982.00   2.0347e-19
4984.00   7.4989e-21
4986.00   4.6639e-20
4988.00   1.0007e-16
4990.00   3.9867e-20
4992.00   4.7796e-18
4994.00   1.2144e-18
4996.00   4.0282e-19
4998.00   3.0275e-17
5000.00   4.0729e-17
5002.00   1.0648e-19
5004.00   1.4780e-18
5006.00   1.1921e-17
5008.00   6.2975e-20
5010.00   3.4034e-20
5012.00   1.9091e-20
5014.00   6.0428e-19
5016.00   1.3999e-17
5018.00   1.5614e-15
5020.00   1.2135e-17
5022.00   8.4416e-18
5024.00   1.4114e-19
5026.00   9.2968e-20
5028.00   3.4841e-19
5030.00   1.9457e-17
5032.00   8.1142e-21
5034.00   1.3250e-19
5036.00   9.8360e-20
5038.00   9.2839e-22
5040.00   5.3015e-18
5042.00   1.0315e-18
5044.00   1.1435e-18
5046.00   2.0363e-16
5048.00   1.4794e-17
5050.00   1.4247e-18
5052.00   3.6255e-19
5054.00   8.1309e-19
5056.00   2.6370e-19
5058.00   3.4955e-20
5060.00   5.7877e-18
5062.00   1.5445e-19
5064.00   6.3812e-20
5066.00   8.4924e-17
5068.00   9.3977e-21
5070.00   1.7572e-19
5072.00   1.1455e-17
5074.00   2.1418e-17
5076.00   7.2544e-18
5078.00   6.7982e-19
5080.00   5.6686e-18
5082.00   6.9004e-21
5084.00   4.4208e-18
5086.00   5.7946e-19
5088.00   2.0576e-19
5090.00   1.4264e-18
5092.00   1.1812e-20
5094.00   1.7129e-17
5096.00   3.1831e-17
5098.00   3.3031e-20
5100.00   1.2495e-16
5102.00   4.4478e-19
5104.00   1.4209e-19
5106.00   5.3912e-19
5108.00   2.2335e-18
5110.00   8.7542e-20
5112.00   2.4126e-18
5114.00   2.5501e-21
5116.00   3.7590e-19
5118.00   1.2762e-21
5120.00   3.2858e-19
5122.00   6.1811e-19
5124.00   1.1266e-17
5126.00   5.6832e-18
5128.00   2.5420e-17
5130.00   2.5532e-18
5132.00   7.5504e-19
5134.00   1.7846e-18
5136.00   4.5583e-19
5138.00   1.7152e-19
5140.00   7.1951e-20
5142.00   6.2692e-20
5144.00   1.5051e-18
5146.00   9.7333e-19
5148.00   2.1455e-20
5150.00   8.6291e-19
5152.00   1.7605e-20
5154.00   7.0024e-19
5156.00   8.7883e-21
5158.00   3.4484e-17
5160.00   3.6201e-17
5162.00   3.4382e-19
5164.00   8.3325e-19
5166.00   1.7910e-18
5168.00   1.7378e-18
5170.00   1.6204e-15
5172.00   1.7934e-17
5174.00   9.8011e-23
5176.00   7.9114e-20
5178.00   5.6120e-20
5180.00   8.4103e-20
5182.00   1.2276e-18
5184.00   1.3458e-18
5186.00   2.9355e-18
5188.00   4.0480e-18
5190.00   5.4275e-21
5192.00   1.6073e-17
5194.00   6.6523e-19
5196.00   2.7018e-21
5198.00   3.7728e-16
5200.00   1.4505e-19
5202.00   3.7289e-21
5204.00   3.7330e-19
5206.00   1.5658e-17
5208.00   1.5809e-20
5210.00   1.3921e-17
5212.00   7.4423e-19
5214.00   6.3741e-20
5216.00   4.2025e-18
5218.00   1.5715e-17
5220.00   3.9045e-19
5222.00   3.3525e-21
5224.00   1.3394e-19
5226.00   1.8517e-18
5228.00   2.2126e-17
5230.00   6.8497e-23
5232.00   1.2254e-18
5234.00   4.2379e-16
5236.00   1.4638e-17
5238.00   1.5715e-18
5240.00   2.8568e-18
5242.00   4.1295e-19
5244.00   5.7990e-18
5246.00   3.9960e-19
5248.00   2.1404e-19
5250.00   4.1966e-18
5252.00   4.5326e-18
5254.00   4.1444e-17
5256.00   2.3477e-18
5258.00   1.4799e-17
5260.00   2.3041e-17
5262.00   7.9158e-18
5264.00   1.1391e-17
5266.00   2.9597e-21
5268.00   1.7319e-18
5270.00   1.4669e-18
5272.00   1.5301e-16
5274.00   1.3470e-17
5276.00   5.2940e-16
5278.00   4.6863e-18
5280.00   1.2697e-18
5282.00   8.6461e-20
5284.00   2.0784e-16
5286.00   1.7468e-18
5288.00   2.5351e-19
5290.00   1.4300e-18
5292.00   4.0252e-18
5294.00   2.1346e-18
5296.00   6.8009e-19
5298.00   1.3947e-17
5300.00   2.3362e-19
5302.00   1.2958e-19
5304.00   4.1278e-18
5306.00   7.9206e-21
5308.00   3.1664e-19
5310.00   3.6063e-19
5312.00   2.8402e-20
5314.00   1.6208e-17
5316.00   7.8018e-16
5318.00   2.1808e-20
5320.00   2.3045e-18
5322.00   1.0956e-18
5324.00   4.6782e-17
5326.00   4.5037e-17
5328.00   1.5800e-19
5330.00   1.6925e-19
5332.00   1.0721e-18
5334.00   8.2267e-18
5336.00   4.9029e-18
5338.00   2.7766e-18
5340.00   1.3826e-18
5342.00   7.0168e-20
5344.00   1.0295e-18
5346.00   1.2238e-18
5348.00   5.2076e-19
5350.00   3.5892e-19
5352.00   2.4259e-18
5354.00   9.1088e-19
5356.00   2.4858e-19
5358.00   5.2073e-17
5360.00   2.6548e-19
5362.00   2.8605e-17
5364.00   6.0503e-18
5366.00   3.2339e-19
5368.00   4.8681e-19
5370.00   1.0817e-18
5372.00   5.7219e-20
5374.00   2.0473e-21
5376.00   3.7691e-18
5378.00   5.4280e-19
5380.00   3.2074e-18
5382.00   3.6988e-18
5384.00   1.6258e-17
5386.00   8.5136e-19
5388.00   1.0354e-17
5390.00   1.3230e-19
5392.00   8.6773e-20
5394.00   2.3496e-18
5396.00   7.8933e-19
5398.00   7.4977e-20
5400.00   5.4827e-19
5402.00   4.6741e-19
5404.00   2.8362e-20
5406.00   1.2274e-18
5408.00   1.8711e-18
5410.00   4.9187e-18
5412.00   3.8410e-18
5414.00   2.4780e-18
5416.00   7.9183e-19
5418.00   2.5812e-19
5420.00   1.5631e-18
5422.00   1.8618e-18
5424.00   1.9893e-18
5426.00   3.3407e-17
5428.00   8.6645e-17
5430.00   1.0221e-20
5432.00   1.0665e-18
5434.00   4.2471e-18
5436.00   4.0172e-20
5438.00   9.6398e-18
5440.00   6.9421e-18
5442.00   3.5685e-19
5444.00   8.6842e-18
5446.00   4.8993e-18
5448.00   6.4456e-20
5450.00   1.5425e-17
5452.00   8.3848e-19
5454.00   5.6045e-19
5456.00   1.0756e-19
5458.00   6.3041e-19
5460.00   1.5181e-18
5462.00   1.3748e-23
5464.00   1.6080e-21
5466.00   2.5202e-17
5468.00   5.2550e-18
5470.00   2.8144e-19
5472.00   2.1058e-19
5474.00   5.9527e-20
5476.00   3.2003e-20
5478.00   2.0411e-18
5480.00   1.3231e-19
5482.00   3.3788e-19
5484.00   2.2833e-18
5486.00   8.7938e-19
5488.00   1.3329e-17
5490.00   2.3714e-19
5492.00   2.1551e-20
5494.00   6.2843e-22
5496.00   2.4899e-18
5498.00   2.0975e-18
5500.00   2.5593e-17
5502.00   1.6904e-17
5504.00   1.4676e-18
5506.00   2.0323e-18
5508.00   7.5850e-19
5510.00   1.6532e-17
5512.00   4.0859e-20
5514.00   3.1061e-18
5516.00   1.3232e-20
5518.00   3.6047e-18
5520.00   6.5798e-18
5522.00   8.0267e-19
5524.00   8.4280e-21
5526.00   2.5980e-17
5528.00   6.6417e-19
5530.00   5.7210e-17
5532.00   7.7135e-18
5534.00   2.2815e-18
5536.00   1.1984e-18
5538.00   4.2589e-18
5540.00   1.9754e-18
5542.00   3.2751e-18
5544.00   1.5778e-17
5546.00   2.6853e-19
5548.00   4.0583e-19
5550.00   7.9540e-20
5552.00   8.8240e-19
5554.00   1.6313e-18
5556.00   4.7404e-19
5558.00   5.2712e-20
5560.00   8.1505e-19
5562.00   1.0067e-19
5564.00   7.0835e-22
5566.00   5.9776e-18
5568.00   4.9188e-17
5570.00   2.4957e-18
5572.00   2.3582e-18
5574.00   9.7277e-19
5576.00   5.1048e-21
5578.00   4.6963e-19
5580.00   2.1280e-18
5582.00   2.3510e-17
5584.00   7.9805e-20
5586.00   2.1220e-19
5588.00   4.0923e-17
5590.00   1.5920e-19
5592.00   5.7221e-20
5594.00   2.0932e-21
5596.00   1.2463e-17
5598.00   2.3120e-20
5600.00   8.8517e-19
5602.00   6.4792e-19
5604.00   1.6952e-20
5606.00   3.1848e-20
5608.00   5.8519e-18
5610.00   3.8344e-20
5612.00   8.0953e-19
5614.00   5.6798e-19
5616.00   1.9581e-18
5618.00   8.0997e-18
5620.00   1.0494e-18
5622.00   4.3608e-19
5624.00   1.4383e-17
5626.00   2.3276e-17
5628.00   5.1321e-18
5630.00   8.5612e-19
5632.00   8.1874e-19
5634.00   3.4519e-19
5636.00   1.5961e-20
5638.00   2.2182e-18
5640.00   6.0922e-18
5642.00   1.2732e-21
5644.00   2.4429e-18
5646.00   3.3323e-23
5648.00   1.9323e-19
5650.00   7.3524e-19
5652.00   5.6520e-18
5654.00   2.7925e-19
5656.00   3.5026e-18
5658.00   3.5620e-18
5660.00   1.2724e-19
5662.00   1.9883e-19
5664.00   9.5632e-18
5666.00   6.8282e-19
5668.00   1.0118e-19
5670.00   3.4731e-16
5672.00   5.8970e-21
5674.00   4.4085e-18
5676.00   3.6320e-18
5678.00   9.5907e-19
5680.00   2.2101e-19
5682.00   7.9214e-19
5684.00   3.6966e-20
5686.00   1.6399e-21
5688.00   4.8219e-21
5690.00   4.6503e-16
5692.00   1.3390e-18
5694.00   1.0511e-21
5696.00   3.3128e-19
5698.00   2.1869e-22
5700.00   2.5828e-17
5702.00   9.0990e-20
5704.00   2.9552e-18
5706.00   3.5131e-18
5708.00   3.1147e-19
5710.00   2.7233e-19
5712.00   1.8360e-18
5714.00   7.9843e-20
5716.00   4.8405e-18
5718.00   1.2473e-17
5720.00   8.4447e-21
5722.00   5.7781e-19
5724.00   9.5207e-21
5726.00   7.4898e-19
5728.00   9.7310e-19
5730.00   3.5353e-18
5732.00   8.5665e-18
5734.00   5.8252e-19
5736.00   4.1323e-22
5738.00   3.8074e-19
5740.00   3.4848e-20
5742.00   3.4566e-19
5744.00   2.6865e-18
5746.00   3.7200e-17
5748.00   8.8477e-19
5750.00   1.1103e-18
5752.00   3.1910e-19
5754.00   1.7825e-17
5756.00   3.1922e-19
5758.00   3.8709e-18
5760.00   3.4581e-19
5762.00   1.3511e-18
5764.00   3.2941e-21
5766.00   1.3919e-17
5768.00   3.3476e-19
5770.00   1.1719e-19
5772.00   5.6446e-20
5774.00   5.6944e-20
5776.00   1.2226e-19
5778.00   1.4452e-20
5780.00   3.3637e-19
5782.00   5.5997e-18
5784.00   1.3584e-18
5786.00   1.0005e-19
5788.00   2.6784e-20
5790.00   1.9180e-18
5792.00   9.7025e-19
5794.00   8.8105e-21
5796.00   1.8900e-17
5798.00   3.2094e-18
5800.00   7.6036e-20
5802.00   1.3689e-17
5804.00   3.8808e-19
5806.00   2.0569e-18
5808.00   3.0942e-18
5810.00   2.1881e-18
5812.00   1.8756e-18
5814.00   2.8645e-17
5816.00   1.3705e-20
5818.00   5.5459e-21
5820.00   4.9164e-25
5822.00   3.7174e-18
5824.00   2.8989e-18
5826.00   5.0720e-18
5828.00   1.2588e-20
5830.00   3.7956e-17
5832.00   1.9143e-18
5834.00   8.9319e-19
5836.00   2.8428e-17
5838.00   3.2845e-20
5840.00   1.1778e-20
5842.00   1.3023e-17
5844.00   1.9599e-20
5846.00   1.9195e-20
5848.00   1.1629e-19
5850.00   2.5107e-19
5852.00   2.2360e-18
5854.00   1.8849e-19
5856.00   1.9145e-19
5858.00   7.6370e-19
5860.00   8.5900e-18
5862.00   2.2319e-18
5864.00   5.0953e-20
5866.00   5.0305e-20
5868.00   2.1407e-18
5870.00   2.0647e-18
5872.00   2.4788e-20
5874.00   6.3563e-19
5876.00   2.6331e-20
5878.00   1.8743e-19
5880.00   5.6261e-18
5882.00   1.1724e-19
5884.00   6.3854e-20
5886.00   5.5345e-19
5888.00   2.3593e-19
5890.00   3.5781e-21
5892.00   1.0785e-17
5894.00   4.1068e-20
5896.00   3.5611e-18
5898.00   3.1702e-19
5900.00   4.0239e-20
5902.00   5.0427e-18
5904.00   3.6525e-19
5906.00   1.4079e-19
5908.00   2.5908e-19
5910.00   1.2514e-19
5912.00   7.8401e-21
5914.00   4.0841e-16
5916.00   1.1435e-20
5918.00   2.9926e-20
5920.00   1.2473e-18
5922.00   2.5737e-18
5924.00   1.0259e-19
5926.00   7.5729e-19
5928.00   3.8486e-21
5930.00   1.6024e-18
5932.00   1.1180e-18
5934.00   8.5304e-21
5936.00   6.8628e-22
5938.00   1.1906e-19
5940.00   2.9229e-19
5942.00   2.8722e-19
5944.00   7.0872e-18
5946.00   8.8866e-19
5948.00   1.4166e-18
5950.00   1.8575e-19
5952.00   4.7059e-17
5954.00   8.0778e-21
5956.00   1.6898e-17
5958.00   7.9629e-21
5960.00   1.1420e-20
5962.00   1.4224e-16
5964.00   6.8949e-20
5966.00   2.4984e-22
5968.00   3.6490e-18
5970.00   1.2192e-21
5972.00   2.8530e-19
5974.00   5.2717e-19
5976.00   6.2667e-20
5978.00   1.3745e-21
5980.00   1.0007e-19
5982.00   1.4422e-17
5984.00   2.2882e-18
5986.00   4.2936e-19
5988.00   4.1382e-19
5990.00   2.2872e-20
5992.00   2.1791e-18
5994.00   5.5932e-19
5996.00   4.7666e-19
5998.00   5.0614e-19
6000.00   4.4496e-21
6002.00   4.5158e-20
6004.00   5.2240e-18
6006.00   7.4028e-18
6008.00   3.0697e-20
6010.00   9.6376e-21
6012.00   8.0965e-21
6014.00   7.8664e-19
6016.00   1.1031e-17
6018.00   4.8594e-18
6020.00   1.1264e-20
6022.00   6.7951e-20
6024.00   9.2512e-20
6026.00   2.5300e-21
6028.00   3.1931e-19
6030.00   2.5455e-19
6032.00   4.9062e-18
6034.00   2.9675e-17
6036.00   3.0079e-18
6038.00   1.0613e-20
6040.00   1.1080e-18
6042.00   4.0515e-22
6044.00   5.6291e-18
6046.00   1.1526e-17
6048.00   2.1519e-18
6050.00   9.2485e-17
6052.00   4.5236e-20
6054.00   2.7535e-20
6056.00   1.2160e-22
6058.00   1.4826e-18
6060.00   2.3621e-17
6062.00   4.0612e-20
6064.00   6.8887e-19
6066.00   2.9935e-23
6068.00   1.6138e-18
6070.00   2.0499e-18
6072.00   2.6149e-18
6074.00   3.2745e-19
6076.00   1.7353e-20
6078.00   1.9148e-16
6080.00   2.7491e-18
6082.00   5.8354e-21
6084.00   1.2198e-18
6086.00   1.4404e-20
6088.00   4.8113e-18
6090.00   6.4694e-22
6092.00   3.0226e-20
6094.00   4.1779e-20
6096.00   4.7050e-19
6098.00   5.1189e-20
6100.00   2.3423e-19
6102.00   6.1599e-23
6104.00   1.5302e-17
6106.00   2.1943e-18
6108.00   1.5484e-18
6110.00   1.2254e-24
6112.00   4.5908e-20
6114.00   1.0458e-18
6116.00   6.9093e-19
6118.00   1.3560e-18
6120.00   2.3416e-18
6122.00   4.9013e-18
6124.00   4.9970e-22
6126.00   4.9149e-19
6128.00   8.0530e-25
6130.00   8.6247e-19
6132.00   4.8415e-21
6134.00   5.3727e-18
6136.00   4.1253e-20
6138.00   3.0715e-21
6140.00   4.4744e-22
6142.00   9.0324e-20
6144.00   2.1790e-20
6146.00   1.8765e-18
6148.00   4.4061e-17
6150.00   4.2894e-17
6152.00   1.5208e-18
6154.00   4.2012e-18
6156.00   1.3477e-17
6158.00   1.8227e-18
6160.00   5.5664e-19
6162.00   1.3657e-20
6164.00   1.4164e-18
6166.00   3.4047e-18
6168.00   2.7280e-20
6170.00   8.7727e-21
6172.00   5.0877e-17
6174.00   6.9907e-20
6176.00   2.2065e-17
6178.00   3.4288e-20
6180.00   2.4519e-17
6182.00   1.3082e-21
6184.00   2.8161e-18
6186.00   1.2799e-16
6188.00   7.7979e-19
6190.00   3.3788e-18
6192.00   3.1724e-19
6194.00   4.6465e-21
6196.00   5.0912e-19
6198.00   1.8864e-18
6200.00   4.2929e-17
6202.00   1.6217e-18
6204.00   3.4168e-19
6206.00   1.5552e-20
6208.00   1.9123e-20
6210.00   3.5800e-19
6212.00   1.1940e-24
6214.00   2.1536e-18
6216.00   1.1475e-20
6218.00   6.9922e-21
6220.00   3.6541e-19
6222.00   1.2591e-18
6224.00   2.1956e-20
6226.00   3.7332e-25
6228.00   2.7755e-18
6230.00   5.5702e-19
6232.00   2.3856e-18
6234.00   1.4188e-16
6236.00   3.0789e-19
6238.00   5.1237e-17
6240.00   7.6971e-18
6242.00   4.0788e-20
6244.00   4.2898e-18
6246.00   8.9552e-20
6248.00   2.1672e-16
6250.00   8.0368e-24
6252.00   1.2104e-20
6254.00   1.7782e-22
6256.00   1.6860e-20
6258.00   2.1538e-19
6260.00   7.2925e-19
6262.00   1.5341e-17
6264.00   4.2056e-17
6266.00   1.8681e-19
6268.00   1.4862e-19
6270.00   1.7731e-20
6272.00   2.6895e-19
6274.00   2.2107e-18
6276.00   8.2892e-21
6278.00   6.0691e-23
6280.00   1.2797e-19
6282.00   6.8126e-19
6284.00   1.0051e-21
6286.00   2.3452e-22
6288.00   2.6125e-21
6290.00   8.5833e-18
6292.00   3.6513e-20
6294.00   8.0091e-20
6296.00   1.1564e-20
6298.00   1.7860e-19
6300.00   2.9253e-18
6302.00   1.5493e-19
6304.00   9.0019e-20
6306.00   2.4396e-17
6308.00   2.3266e-19
6310.00   4.6006e-18
6312.00   7.3229e-22
6314.00   2.7008e-20
6316.00   3.3563e-21
6318.00   1.2189e-15
6320.00   1.4161e-17
6322.00   5.9049e-18
6324.00   8.5258e-23
6326.00   7.2990e-18
6328.00   1.3447e-18
6330.00   8.1023e-20
6332.00   1.6005e-17
6334.00   5.6870e-23
6336.00   4.1043e-20
6338.00   4.9444e-17
6340.00   2.6539e-18
6342.00   1.0598e-20
6344.00   2.5172e-20
6346.00   6.0192e-18
6348.00   7.3240e-17
6350.00   2.6791e-18
6352.00   6.0934e-24
6354.00   9.2290e-19
6356.00   2.0227e-19
6358.00   8.7182e-20
6360.00   9.8708e-20
6362.00   1.7888e-17
6364.00   2.4058e-19
6366.00   2.3807e-20
6368.00   8.4340e-24
6370.00   8.9276e-19
6372.00   1.9769e-16
6374.00   5.4329e-20
6376.00   4.3065e-22
6378.00   1.7993e-20
6380.00   9.9623e-18
6382.00   3.3130e-19
6384.00   6.9655e-16
6386.00   1.6798e-16
6388.00   3.0155e-20
6390.00   5.3156e-20
6392.00   7.0918e-19
6394.00   8.9597e-19
6396.00   9.4121e-19
6398.00   6.4506e-18
6400.00   7.8183e-19
6402.00   2.1231e-17
6404.00   4.7430e-19
6406.00   1.8453e-19
6408.00   3.9381e-18
6410.00   1.6604e-18
6412.00   1.3934e-20
6414.00   1.1518e-23
6416.00   3.3449e-17
6418.00   9.8237e-20
6420.00   4.7603e-20
6422.00   2.6525e-19
6424.00   8.8153e-19
6426.00   1.7641e-21
6428.00   6.9855e-18
6430.00   1.6618e-21
6432.00   2.4611e-18
6434.00   2.1966e-18
6436.00   8.4218e-19
6438.00   7.8851e-22
6440.00   2.4937e-18
6442.00   6.7750e-17
6444.00   7.7342e-19
6446.00   2.0217e-17
6448.00   4.0293e-24
6450.00   3.0364e-20
6452.00   2.0073e-19
6454.00   1.2191e-18
6456.00   2.7124e-16
6458.00   5.7961e-22
6460.00   2.2855e-21
6462.00   2.9948e-21
6464.00   1.9909e-22
6466.00   2.9183e-17
6468.00   2.7684e-18
6470.00   1.0554e-22
6472.00   4.4671e-21
6474.00   8.0461e-19
6476.00   1.5562e-24
6478.00   4.8885e-25
6480.00   2.2188e-19
6482.00   3.3125e-17
6484.00   1.1380e-18
6486.00   5.9404e-17
6488.00   2.6704e-18
6490.00   1.1510e-23
6492.00   1.8066e-16
6494.00   3.3654e-16
6496.00   2.7498e-20
6498.00   4.7893e-21
6500.00   1.0573e-20
6502.00   6.1999e-22
6504.00   7.2941e-21
6506.00   2.7036e-17
6508.00   1.5366e-16
6510.00   2.8342e-18
6512.00   6.5702e-18
6514.00   7.3821e-19
6516.00   3.9817e-18
6518.00   1.3028e-16
6520.00   1.9345e-19
6522.00   2.0104e-20
6524.00   4.5313e-19
6526.00   1.1488e-21
6528.00   5.6819e-18
6530.00   2.4505e-17
6532.00   3.0444e-17
6534.00   4.2669e-18
6536.00   5.0994e-23
6538.00   8.2152e-18
6540.00   2.3055e-19
6542.00   2.6557e-20
6544.00   4.9757e-19
6546.00   2.3216e-25
6548.00   3.9097e-19
6550.00   1.0128e-18
6552.00   2.0991e-19
6554.00   1.3323e-19
6556.00   5.5155e-19
6558.00   1.7350e-17
6560.00   5.5846e-18
6562.00   1.4964e-16
6564.00   2.2532e-21
6566.00   2.2328e-19
6568.00   1.4857e-22
6570.00   3.1004e-18
6572.00   8.7828e-17
6574.00   1.8063e-17
6576.00   1.8720e-24
6578.00   7.5731e-19
6580.00   6.9150e-19
6582.00   1.4408e-17
6584.00   3.7434e-20
6586.00   1.7313e-16
6588.00   7.4821e-18
6590.00   1.0611e-22
6592.00   4.8103e-18
6594.00   7.5505e-18
6596.00   1.1667e-17
6598.00   2.2680e-18
6600.00   6.0168e-19
6602.00   2.1505e-19
6604.00   9.0465e-20
6606.00   5.4368e-21
6608.00   3.6056e-20
6610.00   4.9810e-17
6612.00   1.7911e-16
6614.00   5.5702e-18
6616.00   7.7718e-20
6618.00   2.1905e-17
6620.00   1.8916e-23
6622.00   6.9084e-20
6624.00   1.3473e-16
6626.00   6.1490e-19
6628.00   4.7282e-18
6630.00   1.6984e-26
6632.00   7.0493e-19
6634.00   1.7984e-20
6636.00   1.4898e-24
6638.00   7.2909e-20
6640.00   2.9299e-18
6642.00   1.7189e-19
6644.00   1.1986e-19
6646.00   4.0441e-25
6648.00   2.4210e-23
6650.00   6.5629e-17
6652.00   1.4864e-16
6654.00   1.1779e-18
6656.00   2.7803e-20
6658.00   1.0861e-16
6660.00   3.0238e-19
6662.00   8.4572e-19
6664.00   3.3993e-21
6666.00   1.2500e-17
6668.00   1.0353e-18
6670.00   5.1739e-18
6672.00   1.4290e-20
6674.00   3.7133e-19
6676.00   8.6313e-21
6678.00   5.8689e-18
6680.00   1.0475e-18
6682.00   2.5146e-16
6684.00   3.4773e-21
6686.00   1.5269e-20
6688.00   2.7786e-19
6690.00   7.2260e-19
6692.00   2.2394e-19
6694.00   4.7537e-18
6696.00   7.2418e-24
6698.00   3.9099e-20
6700.00   1.1656e-18
6702.00   3.0772e-19
6704.00   9.4640e-18
6706.00   7.4868e-19
6708.00   1.2088e-22
6710.00   2.0535e-18
6712.00   4.3025e-21
6714.00   3.5212e-19
6716.00   2.1574e-21
6718.00   1.2259e-21
6720.00   1.2923e-19
6722.00   5.6928e-22
6724.00   1.0622e-18
6726.00   2.8174e-21
6728.00   3.4469e-25
6730.00   8.0554e-17
6732.00   1.2744e-18
6734.00   8.2192e-24
6736.00   2.7420e-19
6738.00   1.0332e-23
6740.00   1.3200e-23
6742.00   2.0084e-20
6744.00   7.7107e-19
6746.00   6.7282e-20
6748.00   1.6526e-20
6750.00   1.0915e-17
6752.00   1.4748e-21
6754.00   1.3248e-20
6756.00   1.7823e-21
6758.00   4.0784e-19
6760.00   1.0185e-18
6762.00   5.5524e-20
6764.00   7.0074e-20
6766.00   7.5613e-19
6768.00   7.4401e-17
6770.00   6.3298e-19
6772.00   2.2615e-19
6774.00   1.2637e-21
6776.00   2.6365e-17
6778.00   3.3725e-20
6780.00   3.2915e-20
6782.00   6.5597e-21
6784.00   2.7585e-22
6786.00   3.5139e-20
6788.00   1.1982e-17
6790.00   1.4796e-20
6792.00   4.6017e-19
6794.00   1.1038e-21
6796.00   1.9832e-18
6798.00   7.0413e-20
6800.00   3.9868e-17
6802.00   1.7290e-19
6804.00   1.5145e-18
6806.00   4.0330e-21
6808.00   8.1329e-26
6810.00   1.9361e-20
6812.00   3.7962e-20
6814.00   3.6652e-19
6816.00   1.1420e-17
6818.00   2.4957e-21
6820.00   1.0099e-16
6822.00   1.6324e-17
6824.00   4.0654e-20
6826.00   9.3622e-19
6828.00   5.2729e-19
6830.00   9.2077e-20
6832.00   4.8348e-18
6834.00   3.7255e-20
6836.00   1.4441e-23
6838.00   1.5839e-18
6840.00   2.4146e-19
6842.00   7.3191e-23
6844.00   4.8071e-20
6846.00   1.6378e-20
6848.00   2.6577e-19
6850.00   9.8270e-20
6852.00   4.7120e-21
6854.00   1.3112e-24
6856.00   1.6526e-16
6858.00   8.9425e-19
6860.00   2.3060e-19
6862.00   7.0408e-17
6864.00   5.1563e-18
6866.00   4.2495e-17
6868.00   1.3123e-20
6870.00   3.5079e-18
6872.00   3.0601e-18
6874.00   6.4743e-18
6876.00   8.7238e-22
6878.00   4.1089e-17
6880.00   3.8114e-24
6882.00   1.6087e-19
6884.00   5.0397e-21
6886.00   2.2709e-19
6888.00   1.0585e-19
6890.00   9.3937e-18
6892.00   5.2261e-19
6894.00   1.0045e-21
6896.00   3.7389e-19
6898.00   9.1217e-26
6900.00   1.1004e-25
6902.00   3.8246e-20
6904.00   1.0103e-23
6906.00   2.9598e-18
6908.00   4.4886e-18
6910.00   6.9702e-21
6912.00   2.4115e-17
6914.00   1.8557e-17
6916.00   4.3600e-20
6918.00   1.6861e-19
6920.00   3.1121e-25
6922.00   8.4536e-21
6924.00   1.3428e-17
6926.00   6.4992e-18
6928.00   2.1941e-21
6930.00   1.5943e-18
6932.00   8.3779e-19
6934.00   1.6537e-20
6936.00   7.7577e-21
6938.00   1.0830e-20
6940.00   2.5388e-18
6942.00   8.1317e-18
6944.00   3.2025e-19
6946.00   7.0544e-18
6948.00   2.3723e-18
6950.00   4.0554e-18
6952.00   1.5848e-20
6954.00   2.7936e-23
6956.00   6.1358e-23
6958.00   8.1178e-19
6960.00   1.0648e-19
6962.00   9.1082e-19
6964.00   3.0916e-18
6966.00   7.4556e-19
6968.00   6.2300e-21
6970.00   5.3061e-20
6972.00   3.9249e-20
6974.00   6.2315e-20
6976.00   4.9511e-21
6978.00   1.7120e-17
6980.00   5.9457e-21
6982.00   1.2563e-19
6984.00   4.5016e-22
6986.00   4.4981e-19
6988.00   1.7850e-20
6990.00   5.1479e-20
6992.00   9.0601e-19
6994.00   4.0668e-18
6996.00   1.2595e-17
6998.00   7.0456e-22
7000.00   6.1229e-18
7002.00   5.1505e-20
7004.00   4.1847e-20
7006.00   1.3352e-21
7008.00   3.4053e-19
7010.00   7.6351e-18
7012.00   1.3442e-17
7014.00   4.7790e-20
7016.00   1.2482e-17
7018.00   9.6453e-20
7020.00   7.5401e-22
7022.00   2.2415e-19
7024.00   4.0512e-22
7026.00   2.7262e-21
7028.00   2.6427e-23
7030.00   3.4704e-19
7032.00   2.0917e-18
7034.00   3.3574e-19
7036.00   4.2782e-20
7038.00   1.3605e-19
7040.00   2.6080e-20
7042.00   1.6444e-20
7044.00   2.6803e-22
7046.00   9.3205e-20
7048.00   4.1048e-18
7050.00   1.9250e-25
7052.00   4.2844e-22
7054.00   1.1605e-17
7056.00   1.7499e-22
7058.00   1.8159e-19
7060.00   2.9665e-17
7062.00   3.4746e-23
7064.00   1.6416e-17
7066.00   8.5648e-20
7068.00   2.2298e-19
7070.00   5.5563e-21
7072.00   6.6643e-25
7074.00   1.0877e-19
7076.00   4.7912e-19
7078.00   4.6855e-20
7080.00   3.9508e-20
7082.00   1.4663e-19
7084.00   5.6482e-19
7086.00   3.0547e-25
7088.00   4.6877e-18
7090.00   3.9454e-19
7092.00   6.1692e-19
7094.00   4.1288e-21
7096.00   3.1927e-22
7098.00   2.0369e-18
7100.00   4.3910e-22
7102.00   8.3999e-22
7104.00   9.0141e-18
7106.00   1.6660e-19
7108.00   8.4703e-21
7110.00   5.4894e-17
7112.00   2.2448e-20
7114.00   8.1921e-18
7116.00   7.6705e-19
7118.00   6.0420e-18
7120.00   3.8107e-22
7122.00   1.7714e-24
7124.00   1.8442e-18
7126.00   1.6315e-21
7128.00   2.6388e-18
7130.00   7.9846e-19
7132.00   1.3908e-19
7134.00   6.2819e-19
7136.00   4.6448e-18
7138.00   2.4678e-19
7140.00   3.8310e-18
7142.00   7.5532e-24
7144.00   1.0022e-23
7146.00   1.4167e-18
7148.00   3.2923e-19
7150.00   3.4619e-18
7152.00   7.5947e-19
7154.00   4.1916e-22
7156.00   8.0670e-19
7158.00   2.4446e-18
7160.00   2.4878e-23
7162.00   1.8166e-18
7164.00   4.7471e-18
7166.00   6.3191e-21
7168.00   9.4315e-19
7170.00   3.6924e-19
7172.00   1.1978e-19
7174.00   8.6404e-20
7176.00   2.7319e-24
7178.00   1.8132e-19
7180.00   1.3027e-18
7182.00   2.2244e-19
7184.00   1.9800e-17
7186.00   5.0191e-19
7188.00   2.0475e-24
7190.00   1.4866e-20
7192.00   3.1381e-18
7194.00   5.9452e-18
7196.00   3.5812e-20
7198.00   2.3513e-21
7200.00   9.1048e-20
7202.00   3.7461e-19
7204.00   1.0651e-18
7206.00   2.0716e-18
7208.00   5.5886e-23
7210.00   2.8142e-21
7212.00   1.9078e-18
7214.00   3.1836e-21
7216.00   7.9632e-19
7218.00   2.7633e-19
7220.00   1.6329e-26
7222.00   7.6711e-18
7224.00   9.4182e-18
7226.00   1.5193e-17
7228.00   9.1860e-21
7230.00   2.6419e-20
7232.00   3.4833e-22
7234.00   4.2102e-20
7236.00   1.2928e-21
7238.00   1.4922e-18
7240.00   1.6407e-19
7242.00   3.4588e-20
7244.00   3.8376e-19
7246.00   1.0052e-18
7248.00   2.9682e-19
7250.00   1.9262e-18
7252.00   8.5911e-23
7254.00   6.3744e-18
7256.00   4.7501e-26
7258.00   2.8071e-23
7260.00   8.1105e-21
7262.00   2.4833e-19
7264.00   8.5975e-18
7266.00   1.0139e-17
7268.00   3.5707e-20
7270.00   4.7754e-21
7272.00   1.2035e-25
7274.00   4.2304e-18
7276.00   6.1396e-18
7278.00   8.8014e-18
7280.00   9.4468e-19
7282.00   2.8142e-18
7284.00   1.2684e-21
7286.00   4.4496e-19
7288.00   8.2833e-18
7290.00   5.8315e-19
7292.00   8.4290e-23
7294.00   1.0828e-19
7296.00   4.1610e-21
7298.00   9.8278e-20
7300.00   8.6247e-19
7302.00   3.6335e-18
7304.00   3.6118e-19
7306.00   6.2944e-19
7308.00   1.1701e-17
7310.00   7.1137e-18
7312.00   6.0393e-20
7314.00   1.3068e-20
7316.00   1.3207e-19
7318.00   1.2395e-18
7320.00   1.3143e-17
7322.00   6.5711e-18
7324.00   3.4378e-19
7326.00   2.8531e-21
7328.00   5.9899e-21
7330.00   1.1072e-20
7332.00   1.0945e-18
7334.00   4.3849e-18
7336.00   4.6402e-17
7338.00   1.1316e-22
7340.00   5.5891e-27
7342.00   6.5217e-20
7344.00   2.0485e-22
7346.00   2.4991e-21
7348.00   9.6909e-25
7350.00   3.4101e-18
7352.00   3.1737e-18
7354.00   3.3868e-19
7356.00   3.7953e-20
7358.00   1.3573e-18
7360.00   3.6692e-20
7362.00   1.9862e-19
7364.00   1.2855e-22
7366.00   1.1193e-19
7368.00   1.2269e-19
7370.00   2.1635e-18
7372.00   6.0660e-22
7374.00   4.4073e-21
7376.00   1.3792e-24
7378.00   1.8440e-20
7380.00   1.3033e-19
7382.00   6.8854e-20
7384.00   1.7509e-22
7386.00   3.2566e-19
7388.00   1.1640e-19
7390.00   1.3412e-20
7392.00   3.9458e-23
7394.00   4.2507e-21
7396.00   7.1045e-22
7398.00   1.9353e-19
7400.00   7.1192e-18
7402.00   3.7221e-17
7404.00   2.0843e-25
7406.00   1.0274e-19
7408.00   1.9838e-20
7410.00   2.6402e-17
7412.00   5.5698e-20
7414.00   7.5637e-19
7416.00   2.9127e-19
7418.00   2.3398e-17
7420.00   1.9804e-17
7422.00   2.0427e-21
7424.00   2.0197e-18
7426.00   2.4080e-18
7428.00   2.5006e-22
7430.00   2.4306e-18
7432.00   5.2799e-19
7434.00   8.7800e-20
7436.00   3.6589e-18
7438.00   7.9060e-21
7440.00   4.1644e-20
7442.00   1.9326e-20
7444.00   1.5350e-25
7446.00   5.9172e-18
7448.00   8.1892e-24
7450.00   8.8332e-18
7452.00   1.4903e-19
7454.00   1.8820e-17
7456.00   9.1977e-19
7458.00   4.1878e-22
7460.00   1.7546e-22
7462.00   2.1387e-17
7464.00   3.5311e-20
7466.00   7.2941e-18
7468.00   1.4238e-22
7470.00   1.2183e-20
7472.00   5.2555e-21
7474.00   1.9266e-21
7476.00   1.8258e-20
7478.00   2.0078e-22
7480.00   1.3553e-19
7482.00   1.2069e-18
7484.00   5.1097e-25
7486.00   3.8776e-19
7488.00   1.2402e-17
7490.00   6.8396e-21
7492.00   2.4072e-19
7494.00   4.7548e-22
7496.00   7.8755e-21
7498.00   2.9447e-18
7500.00   7.6688e-18
7502.00   8.8133e-19
7504.00   7.0429e-19
7506.00   5.2821e-22
7508.00   1.3293e-23
7510.00   1.5358e-20
7512.00   7.5771e-24
7514.00   1.5488e-19
7516.00   2.0531e-16
7518.00   7.0284e-20
7520.00   3.2474e-17
7522.00   2.2581e-20
7524.00   1.6387e-20
7526.00   6.4044e-20
7528.00   7.4446e-21
7530.00   5.5514e-21
7532.00   8.7569e-20
7534.00   8.6430e-18
7536.00   4.3520e-22
7538.00   3.2422e-21
7540.00   1.2834e-20
7542.00   1.7436e-19
7544.00   8.3849e-20
7546.00   7.4155e-25
7548.00   8.4783e-19
7550.00   3.7961e-21
7552.00   9.8535e-20
7554.00   6.9642e-18
7556.00   4.0509e-22
7558.00   4.7770e-22
7560.00   1.3725e-18
7562.00   2.5244e-19
7564.00   8.3041e-19
7566.00   6.9206e-20
7568.00   1.0051e-18
7570.00   8.7314e-21
7572.00   6.2172e-21
7574.00   1.4092e-25
7576.00   8.5582e-18
7578.00   2.9036e-24
7580.00   2.5731e-17
7582.00   3.0095e-21
7584.00   3.5101e-18
7586.00   2.2813e-20
7588.00   4.1020e-20
7590.00   6.5598e-25
7592.00   2.8685e-20
7594.00   7.2918e-20
7596.00   9.3124e-22
7598.00   7.9710e-19
7600.00   7.5896e-19
7602.00   7.0409e-20
7604.00   1.2867e-19
7606.00   3.6178e-20
7608.00   2.3811e-22
7610.00   1.3153e-18
7612.00   3.7109e-25
7614.00   4.0008e-18
7616.00   2.7495e-18
7618.00   6.7495e-18
7620.00   6.2392e-18
7622.00   1.7814e-20
7624.00   2.2326e-22
7626.00   3.0308e-22
7628.00   1.7401e-25
7630.00   1.1391e-21
7632.00   2.1729e-20
7634.00   1.1356e-20
7636.00   3.0741e-22
7638.00   7.4268e-17
7640.00   2.4409e-20
7642.00   2.5286e-19
7644.00   1.9641e-19
7646.00   4.5833e-18
7648.00   1.5875e-17
7650.00   4.0788e-20
7652.00   6.2416e-21
7654.00   5.1279e-18
7656.00   5.4275e-18
7658.00   1.2146e-16
7660.00   4.0817e-17
7662.00   9.4886e-24
7664.00   2.3245e-21
7666.00   6.5708e-21
7668.00   3.5781e-20
7670.00   1.1613e-22
7672.00   3.5516e-20
7674.00   2.1991e-20
7676.00   4.1040e-19
7678.00   5.8183e-20
7680.00   6.6131e-25
7682.00   4.0463e-24
7684.00   5.0689e-22
7686.00   2.3525e-17
7688.00   3.1265e-19
7690.00   6.5607e-17
7692.00   1.1092e-19
7694.00   4.4977e-18
7696.00   2.1666e-20
7698.00   1.6168e-17
7700.00   2.4422e-18
7702.00   1.2729e-18
7704.00   2.0809e-24
7706.00   6.3964e-19
7708.00   3.5919e-19
7710.00   7.7929e-19
7712.00   2.1884e-16
7714.00   1.1030e-18
7716.00   9.2631e-22
7718.00   7.0330e-23
7720.00   1.9320e-19
7722.00   5.0509e-23
7724.00   2.0362e-21
7726.00   1.7936e-21
7728.00   2.2032e-23
7730.00   3.5460e-19
7732.00   2.5281e-21
7734.00   5.9064e-21
7736.00   8.1648e-23
7738.00   4.1390e-17
7740.00   6.5506e-18
7742.00   3.3332e-17
7744.00   4.0883e-22
7746.00   1.0781e-19
7748.00   5.0451e-20
7750.00   2.2725e-23
7752.00   8.9107e-22
7754.00   1.2416e-22
7756.00   6.4183e-21
7758.00   4.0379e-18
7760.00   1.3358e-23
7762.00   2.5020e-19
7764.00   4.7124e-20
7766.00   3.1367e-19
7768.00   2.5909e-23
7770.00   4.4527e-27
7772.00   2.4480e-22
7774.00   9.7362e-19
7776.00   3.7240e-23
7778.00   1.7993e-20
7780.00   4.4456e-23
7782.00   1.8724e-21
7784.00   1.5060e-18
7786.00   4.4908e-24
7788.00   2.8237e-19
7790.00   3.3582e-21
7792.00   5.4127e-18
7794.00   6.5937e-19
7796.00   2.9668e-25
7798.00   1.9087e-17
7800.00   1.8662e-24
7802.00   4.8290e-17
7804.00   3.9247e-19
7806.00   8.5222e-17
7808.00   8.7815e-19
7810.00   1.9519e-21
7812.00   2.4846e-20
7814.00   1.0476e-16
7816.00   1.1562e-19
7818.00   2.7224e-19
7820.00   1.2298e-19
7822.00   6.6732e-22
7824.00   4.0787e-19
7826.00   3.1389e-19
7828.00   1.9129e-23
7830.00   1.1484e-17
7832.00   1.5318e-16
7834.00   2.0808e-18
7836.00   3.6165e-17
7838.00   7.2916e-21
7840.00   1.3934e-18
7842.00   1.4677e-18
7844.00   1.6580e-17
7846.00   3.1436e-19
7848.00   3.1824e-19
7850.00   1.8869e-25
7852.00   3.7317e-19
7854.00   7.2764e-22
7856.00   6.3492e-20
7858.00   1.7523e-24
7860.00   5.3970e-19
7862.00   1.5110e-19
7864.00   6.6412e-22
7866.00   1.6953e-16
7868.00   8.8751e-21
7870.00   4.2770e-19
7872.00   6.7440e-17
7874.00   1.2367e-20
7876.00   9.5776e-22
7878.00   1.4863e-21
7880.00   9.6523e-21
7882.00   5.4013e-19
7884.00   9.3278e-22
7886.00   9.9852e-18
7888.00   1.4322e-21
7890.00   4.2482e-24
7892.00   5.0198e-19
7894.00   1.2406e-16
7896.00   9.1285e-21
7898.00   1.1417e-16
7900.00   1.2994e-19
7902.00   5.1860e-22
7904.00   1.7151e-19
7906.00   6.2628e-20
7908.00   2.4663e-22
7910.00   7.6081e-25
7912.00   8.8246e-23
7914.00   1.7472e-17
7916.00   2.6197e-20
7918.00   2.3846e-16
7920.00   2.7435e-26
7922.00   7.4873e-19
7924.00   2.8735e-25
7926.00   3.7036e-17
7928.00   1.1069e-21
7930.00   4.0827e-18
7932.00   2.4362e-22
7934.00   4.8310e-18
7936.00   5.0400e-22
7938.00   3.6919e-18
7940.00   8.0943e-20
7942.00   7.1760e-20
7944.00   4.5599e-27
7946.00   6.8944e-22
7948.00   2.7985e-18
7950.00   1.1240e-21
7952.00   3.9090e-18
7954.00   3.8063e-20
7956.00   1.3755e-17
7958.00   2.6016e-22
7960.00   2.9650e-26
7962.00   3.0125e-23
7964.00   3.6437e-24
7966.00   8.6489e-21
7968.00   3.3130e-19
7970.00   1.4445e-18
7972.00   5.0082e-22
7974.00   5.5887e-18
7976.00   5.7927e-17
7978.00   1.1916e-18
7980.00   3.4041e-19
7982.00   8.1896e-17
7984.00   1.3123e-20
7986.00   4.4587e-19
7988.00   9.5460e-20
7990.00   3.8557e-21
7992.00   2.4120e-21
7994.00   3.1654e-20
7996.00   4.4064e-18
7998.00   1.3337e-18
8000.00   6.1931e-23
8002.00   5.6373e-21
8004.00   7.8456e-21
8006.00   6.5109e-20
8008.00   5.4134e-19
8010.00   6.6791e-21
8012.00   2.2140e-18
8014.00   9.4007e-20
8016.00   2.5451e-19
8018.00   4.8550e-18
8020.00   1.1261e-21
8022.00   2.4936e-20
8024.00   1.7086e-18
8026.00   2.1100e-21
8028.00   4.1538e-20
8030.00   5.9489e-17
8032.00   2.9310e-19
8034.00   1.3687e-21
8036.00   5.6225e-19
8038.00   6.7787e-18
8040.00   1.0256e-21
8042.00   3.2115e-18
8044.00   1.8281e-19
8046.00   5.3341e-26
8048.00   1.9788e-20
8050.00   2.3567e-19
8052.00   1.6827e-19
8054.00   7.7639e-17
8056.00   1.7217e-25
8058.00   2.2058e-22
8060.00   1.2536e-17
8062.00   1.0350e-19
8064.00   1.0961e-17
8066.00   3.6586e-23
8068.00   8.6716e-19
8070.00   2.5249e-19
8072.00   1.1774e-25
8074.00   5.5847e-18
8076.00   1.3553e-17
8078.00   1.4353e-19
8080.00   2.0190e-18
8082.00   1.0038e-24
8084.00   6.0451e-17
8086.00   3.6261e-19
8088.00   1.8656e-21
8090.00   3.5805e-20
8092.00   1.2252e-18
8094.00   1.1402e-18
8096.00   2.2760e-18
8098.00   6.1617e-21
8100.00   3.5204e-26
8102.00   1.9569e-21
8104.00   1.1853e-18
8106.00   4.3012e-19
8108.00   4.9627e-18
8110.00   4.4819e-21
8112.00   2.3600e-19
8114.00   3.6863e-20
8116.00   1.3800e-24
8118.00   2.2315e-19
8120.00   2.7128e-20
8122.00   2.2815e-21
8124.00   8.4902e-19
8126.00   2.9161e-20
8128.00   1.3659e-18
8130.00   1.4147e-19
8132.00   6.2967e-19
8134.00   1.1903e-21
8136.00   5.0002e-17
8138.00   5.0685e-25
8140.00   4.0946e-20
8142.00   1.1968e-20
8144.00   1.6503e-19
8146.00   4.1466e-19
8148.00   1.9118e-18
8150.00   3.7940e-22
8152.00   1.7290e-18
8154.00   4.7866e-21
8156.00   2.0972e-21
8158.00   4.8592e-19
8160.00   9.2688e-18
8162.00   6.3007e-24
8164.00   2.0973e-19
8166.00   1.6644e-24
8168.00   1.7724e-18
8170.00   1.2702e-22
8172.00   8.7525e-21
8174.00   6.5013e-19
8176.00   1.1600e-26
8178.00   8.2962e-20
8180.00   1.4392e-23
8182.00   4.8437e-20
8184.00   1.0284e-19
8186.00   3.3044e-18
8188.00   3.9049e-23
8190.00   1.3160e-18
8192.00   1.0870e-19
8194.00   4.5960e-20
8196.00   9.1514e-22
8198.00   1.7716e-20
8200.00   4.5515e-20
8202.00   3.0913e-19
8204.00   5.6235e-19
8206.00   2.8124e-18
8208.00   1.6314e-17
8210.00   1.7464e-17
8212.00   3.4511e-18
8214.00   4.3499e-21
8216.00   9.9460e-19
8218.00   3.8309e-20
8220.00   5.9920e-20
8222.00   1.1263e-17
8224.00   3.7385e-23
8226.00   3.2835e-22
8228.00   3.9418e-16
8230.00   5.1086e-21
8232.00   8.4439e-21
8234.00   9.8258e-19
8236.00   1.9027e-23
8238.00   1.5498e-18
8240.00   1.5210e-20
8242.00   3.1080e-18
8244.00   2.4391e-24
8246.00   1.8146e-19
8248.00   7.1426e-18
8250.00   6.0770e-17
8252.00   1.3603e-20
8254.00   7.3391e-20
8256.00   5.4405e-21
8258.00   1.1077e-18
8260.00   3.4264e-18
8262.00   2.9350e-19
8264.00   1.5740e-17
8266.00   3.0316e-21
8268.00   2.3741e-22
8270.00   4.2202e-21
8272.00   1.3785e-19
8274.00   1.3271e-18
8276.00   2.1989e-18
8278.00   7.9813e-20
8280.00   1.3171e-20
8282.00   2.6182e-21
8284.00   1.3030e-17
8286.00   1.1759e-20
8288.00   6.9832e-16
8290.00   7.8586e-18
8292.00   3.2581e-22
8294.00   3.2758e-19
8296.00   6.9523e-20
8298.00   2.5349e-20
8300.00   1.4110e-17
8302.00   8.6073e-17
8304.00   6.0413e-19
8306.00   4.8680e-17
8308.00   4.8626e-19
8310.00   6.0808e-18
8312.00   6.9382e-21
8314.00   7.4427e-19
8316.00   2.9851e-19
8318.00   7.1802e-25
8320.00   5.6228e-20
8322.00   4.7098e-18
8324.00   1.4107e-18
8326.00   2.6864e-26
8328.00   9.0017e-22
8330.00   2.6942e-19
8332.00   5.2681e-22
8334.00   1.4435e-18
8336.00   2.8847e-21
8338.00   1.0566e-18
8340.00   1.0814e-18
8342.00   2.4368e-20
8344.00   3.3320e-19
8346.00   6.3819e-20
8348.00   4.9481e-20
8350.00   3.1187e-23
8352.00   2.5372e-19
8354.00   2.9969e-20
8356.00   1.1549e-18
8358.00   1.0422e-16
8360.00   4.6870e-22
8362.00   2.3031e-24
8364.00   7.2947e-23
8366.00   1.0140e-17
8368.00   5.1789e-17
8370.00   4.1429e-23
8372.00   6.5944e-18
8374.00   4.4723e-20
8376.00   5.8203e-19
8378.00   1.5737e-19
8380.00   3.7806e-25
8382.00   1.0331e-18
8384.00   1.1847e-26
8386.00   1.1534e-17
8388.00   8.8799e-21
8390.00   7.2651e-19
8392.00   8.9440e-19
8394.00   1.0838e-24
8396.00   1.0222e-18
8398.00   9.5238e-17
8400.00   7.2466e-21
8402.00   1.0553e-21
8404.00   1.3694e-17
8406.00   1.1331e-19
8408.00   1.4610e-19
8410.00   4.3837e-20
8412.00   8.1123e-21
8414.00   1.6404e-18
8416.00   2.6539e-19
8418.00   7.0970e-23
8420.00   1.3842e-17
8422.00   4.0360e-20
8424.00   7.3538e-17
8426.00   5.3597e-26
8428.00   4.2192e-21
8430.00   4.4070e-22
8432.00   1.7587e-19
8434.00   7.6924e-20
8436.00   1.2748e-20
8438.00   3.4486e-20
8440.00   1.6416e-19
8442.00   4.5797e-24
8444.00   1.2065e-17
8446.00   8.5308e-22
8448.00   7.0186e-21
8450.00   7.5475e-23
8452.00   1.3560e-18
8454.00   1.9825e-18
8456.00   8.4864e-23
8458.00   7.9395e-21
8460.00   7.5010e-22
8462.00   7.7189e-24
8464.00   7.5522e-22
8466.00   9.2983e-20
8468.00   9.7834e-19
8470.00   4.2325e-17
8472.00   3.9239e-17
8474.00   7.1098e-19
8476.00   1.3595e-20
8478.00   1.4688e-20
8480.00   4.2428e-19
8482.00   9.1955e-19
8484.00   4.0768e-19
8486.00   2.7627e-18
8488.00   3.4135e-23
8490.00   2.0754e-16
8492.00   1.9375e-18
8494.00   1.7454e-20
8496.00   2.4710e-19
8498.00   6.2337e-19
8500.00   1.0486e-16
8502.00   1.9138e-23
8504.00   1.4467e-17
8506.00   4.2000e-18
8508.00   3.8757e-17
8510.00   5.2672e-24
8512.00   5.9168e-21
8514.00   2.2785e-19
8516.00   3.2649e-22
8518.00   7.2231e-18
8520.00   6.0240e-24
8522.00   2.1751e-21
8524.00   5.3219e-19
8526.00   7.2343e-22
8528.00   2.0685e-19
8530.00   1.5564e-19
8532.00   4.1591e-20
8534.00   7.2180e-22
8536.00   5.8093e-21
8538.00   1.1971e-22
8540.00   2.9963e-21
8542.00   6.9078e-23
8544.00   2.9817e-19
8546.00   3.1794e-18
8548.00   4.6676e-19
8550.00   5.7149e-19
8552.00   1.4229e-20
8554.00   2.6662e-18
8556.00   5.3681e-19
8558.00   6.1479e-19
8560.00   9.3041e-27
8562.00   5.4755e-24
8564.00   1.6917e-19
8566.00   1.5852e-20
8568.00   3.4180e-20
8570.00   1.1589e-20
8572.00   1.4580e-19
8574.00   5.9509e-19
8576.00   6.7916e-19
8578.00   1.3109e-20
8580.00   4.1425e-19
8582.00   1.1617e-19
8584.00   2.2401e-21
8586.00   5.4996e-22
8588.00   2.6826e-23
8590.00   4.9829e-19
8592.00   2.4744e-20
8594.00   1.7032e-20
8596.00   2.7465e-17
8598.00   6.8106e-20
8600.00   1.7624e-18
8602.00   5.2896e-19
8604.00   3.3293e-19
8606.00   5.5168e-18
8608.00   4.3767e-24
8610.00   1.4120e-23
8612.00   2.0794e-19
8614.00   1.3824e-24
8616.00   1.0680e-18
8618.00   2.4025e-21
8620.00   2.9092e-20
8622.00   1.4625e-20
8624.00   8.6760e-22
8626.00   5.3359e-18
8628.00   6.2101e-19
8630.00   6.8861e-20
8632.00   5.1531e-23
8634.00   2.3456e-19
8636.00   7.0267e-19
8638.00   2.5875e-21
8640.00   2.8832e-21
8642.00   4.6746e-18
8644.00   2.8556e-22
8646.00   3.1712e-24
8648.00   1.0186e-23
8650.00   2.0893e-17
8652.00   4.0108e-24
8654.00   3.6200e-19
8656.00   9.1643e-19
8658.00   3.8970e-25
8660.00   2.3788e-23
8662.00   2.3771e-21
8664.00   2.0811e-19
8666.00   1.7512e-20
8668.00   4.9530e-20
8670.00   3.0416e-19
8672.00   4.1916e-18
8674.00   2.0412e-23
8676.00   3.8524e-19
8678.00   1.3200e-18
8680.00   1.0788e-25
8682.00   5.0503e-24
8684.00   7.7889e-18
8686.00   5.0678e-24
8688.00   1.3346e-22
8690.00   8.2919e-19
8692.00   1.1639e-21
8694.00   1.2000e-22
8696.00   2.9797e-18
8698.00   6.4241e-26
8700.00   4.9208e-21
8702.00   2.4184e-21
8704.00   5.4219e-19
8706.00   6.1609e-19
8708.00   2.1831e-20
8710.00   3.2519e-25
8712.00   1.9192e-24
8714.00   1.0287e-18
8716.00   1.0086e-19
8718.00   1.9040e-20
8720.00   1.5139e-19
8722.00   1.0540e-16
8724.00   4.3465e-22
8726.00   6.2138e-25
8728.00   9.6243e-22
8730.00   3.1718e-23
8732.00   3.6570e-19
8734.00   2.7680e-20
8736.00   3.2364e-19
8738.00   4.8818e-25
8740.00   5.0238e-18
8742.00   1.8960e-23
8744.00   1.6592e-19
8746.00   1.8597e-18
8748.00   1.6606e-21
8750.00   3.5541e-18
8752.00   2.4900e-19
8754.00   5.8205e-20
8756.00   1.2295e-17
8758.00   1.2608e-17
8760.00   2.6485e-21
8762.00   4.9705e-18
8764.00   2.9812e-19
8766.00   2.7056e-21
8768.00   4.5862e-26
8770.00   5.0195e-24
8772.00   2.6975e-21
8774.00   2.4688e-22
8776.00   1.4749e-18
8778.00   6.1081e-25
8780.00   1.0082e-23
8782.00   3.7161e-21
8784.00   4.6917e-21
8786.00   8.3602e-26
8788.00   2.0472e-21
8790.00   5.1724e-22
8792.00   1.3182e-20
8794.00   5.3213e-18
8796.00   7.4428e-20
8798.00   8.4520e-21
8800.00   5.9872e-25
8802.00   4.2502e-27
8804.00   8.6764e-22
8806.00   5.3492e-18
8808.00   5.3236e-23
8810.00   8.8285e-19
8812.00   4.6879e-23
8814.00   2.5289e-21
8816.00   1.7749e-16
8818.00   6.1062e-21
8820.00   4.6298e-19
8822.00   2.3349e-24
8824.00   2.4658e-18
8826.00   3.8261e-19
8828.00   1.8147e-17
8830.00   2.5441e-22
8832.00   6.0973e-24
8834.00   7.3429e-21
8836.00   8.4096e-22
8838.00   2.4444e-19
8840.00   3.4977e-23
8842.00   8.1402e-21
8844.00   1.1126e-19
8846.00   2.3458e-19
8848.00   1.5109e-17
8850.00   1.9592e-19
8852.00   4.5224e-21
8854.00   6.0639e-20
8856.00   5.4952e-21
8858.00   3.6085e-22
8860.00   1.6869e-18
8862.00   6.9523e-21
8864.00   9.2777e-19
8866.00   8.3925e-27
8868.00   5.8722e-17
8870.00   3.3459e-19
8872.00   1.5017e-26
8874.00   1.1106e-16
8876.00   3.0891e-21
8878.00   6.1231e-24
8880.00   7.5886e-25
8882.00   7.7603e-20
8884.00   1.3640e-21
8886.00   4.9095e-20
8888.00   1.7301e-24
8890.00   2.5888e-18
8892.00   2.1667e-18
8894.00   3.9006e-22
8896.00   7.3614e-23
8898.00   3.8703e-18
8900.00   1.8907e-23
8902.00   5.5862e-20
8904.00   8.9000e-23
8906.00   8.0549e-22
8908.00   3.2419e-20
8910.00   1.9295e-22
8912.00   1.5312e-19
8914.00   1.3944e-24
8916.00   9.2111e-24
8918.00   1.9046e-20
8920.00   6.0527e-17
8922.00   3.7284e-19
8924.00   4.3806e-20
8926.00   6.9697e-16
8928.00   5.5704e-22
8930.00   6.6065e-26
8932.00   1.3020e-21
8934.00   1.7449e-19
8936.00   6.0106e-26
8938.00   1.0612e-16
8940.00   2.1435e-21
8942.00   6.3961e-23
8944.00   1.6731e-18
8946.00   7.6401e-20
8948.00   2.0435e-22
8950.00   4.7227e-19
8952.00   9.0306e-25
8954.00   1.4735e-24
8956.00   3.4034e-17
8958.00   5.1759e-23
8960.00   3.8393e-18
8962.00   9.4768e-22
8964.00   4.4961e-23
8966.00   5.0871e-19
8968.00   3.0431e-19
8970.00   9.3546e-23
8972.00   2.2349e-20
8974.00   4.5072e-26
8976.00   5.4921e-22
8978.00   2.6834e-27
8980.00   2.7690e-21
8982.00   1.1183e-18
8984.00   1.7465e-24
8986.00   1.8186e-20
8988.00   1.5849e-19
8990.00   4.1615e-18
8992.00   1.5059e-23
8994.00   6.8172e-20
8996.00   2.8334e-24
8998.00   5.4330e-24
9000.00   1.0834e-19
9002.00   7.1417e-20
9004.00   6.8235e-25
9006.00   1.4774e-17
9008.00   1.7783e-25
9010.00   3.0570e-20
9012.00   1.9636e-22
9014.00   9.3988e-18
9016.00   2.5170e-25
9018.00   5.8760e-26
9020.00   1.1750e-18
9022.00   8.9847e-25
9024.00   7.4929e-20
9026.00   3.6467e-20
9028.00   3.4389e-18
9030.00   1.0292e-20
9032.00   1.3941e-21
9034.00   8.2640e-21
9036.00   3.9903e-19
9038.00   2.3086e-18
9040.00   1.2429e-25
9042.00   6.9023e-20
9044.00   1.7857e-22
9046.00   1.5066e-26
9048.00   1.8465e-18
9050.00   1.3688e-18
9052.00   7.7429e-18
9054.00   1.2244e-23
9056.00   3.4998e-18
9058.00   2.0771e-18
9060.00   3.8502e-19
9062.00   5.9663e-17
9064.00   1.4357e-21
9066.00   8.8432e-20
9068.00   4.2736e-22
9070.00   3.4947e-17
9072.00   9.8956e-21
9074.00   2.3857e-19
9076.00   4.6962e-17
9078.00   4.8149e-17
9080.00   2.6790e-18
9082.00   1.3141e-19
9084.00   6.6617e-20
9086.00   9.0756e-24
9088.00   1.3087e-20
9090.00   1.9829e-17
9092.00   1.9551e-21
9094.00   2.2690e-25
9096.00   8.1144e-17
9098.00   8.6803e-20
9100.00   6.8478e-20
9102.00   3.4346e-21
9104.00   1.6592e-19
9106.00   1.6076e-19
9108.00   4.0491e-26
9110.00   3.1518e-20
9112.00   9.4218e-20
9114.00   3.8406e-20
9116.00   5.9256e-18
9118.00   4.4418e-20
9120.00   5.6975e-26
9122.00   7.2380e-17
9124.00   2.3857e-25
9126.00   4.7541e-18
9128.00   1.1739e-20
9130.00   8.5227e-19
9132.00   1.6948e-18
9134.00   1.7774e-20
9136.00   7.8277e-20
9138.00   1.1103e-19
9140.00   3.3118e-23
9142.00   7.7298e-23
9144.00   6.1214e-23
9146.00   2.6060e-19
9148.00   5.5295e-25
9150.00   6.4044e-22
9152.00   1.0606e-20
9154.00   1.9177e-19
9156.00   4.8401e-17
9158.00   6.0709e-26
9160.00   5.9276e-22
9162.00   1.6960e-25
9164.00   1.2916e-18
9166.00   1.3132e-23
9168.00   7.7409e-19
9170.00   1.9899e-19
9172.00   2.5047e-17
9174.00   1.6261e-25
9176.00   1.0431e-16
9178.00   4.7030e-17
9180.00   3.3979e-17
9182.00   8.5559e-20
9184.00   8.1853e-22
9186.00   9.6012e-26
9188.00   1.1328e-16
9190.00   5.8913e-22
9192.00   3.0105e-19
9194.00   6.5688e-19
9196.00   3.6007e-17
9198.00   1.0076e-21
9200.00   1.2086e-18
9202.00   2.5261e-17
9204.00   2.2046e-16
9206.00   2.6214e-23
9208.00   2.5508e-23
9210.00   2.5960e-17
9212.00   4.1845e-21
9214.00   7.5484e-20
9216.00   1.4894e-22
9218.00   3.1907e-26
9220.00   1.7876e-21
9222.00   1.8899e-19
9224.00   2.2869e-20
9226.00   2.8199e-20
9228.00   8.8576e-20
9230.00   7.2974e-25
9232.00   5.0171e-20
9234.00   2.2679e-20
9236.00   6.3154e-26
9238.00   8.2119e-18
9240.00   3.8100e-21
9242.00   1.4828e-17
9244.00   2.2812e-20
9246.00   1.3696e-20
9248.00   3.8588e-18
9250.00   2.5726e-20
9252.00   6.7112e-17
9254.00   3.4968e-21
9256.00   1.4227e-25
9258.00   4.5764e-17
9260.00   2.2691e-23
9262.00   6.1798e-28
9264.00   6.0428e-20
9266.00   7.9332e-23
9268.00   2.4117e-19
9270.00   6.0478e-22
9272.00   2.2620e-17
9274.00   1.0367e-17
9276.00   5.0195e-26
9278.00   3.8600e-24
9280.00   9.2530e-28
9282.00   1.1823e-19
9284.00   1.0078e-20
9286.00   1.5171e-19
9288.00   1.8372e-23
9290.00   2.6918e-17
9292.00   1.0586e-26
9294.00   5.2946e-21
9296.00   2.7148e-16
9298.00   2.5528e-18
9300.00   5.9256e-21
9302.00   9.1182e-27
9304.00   6.9385e-17
9306.00   1.7950e-20
9308.00   3.1417e-21
9310.00   2.6881e-20
9312.00   6.6683e-22
9314.00   1.3983e-22
9316.00   9.6134e-17
9318.00   4.4675e-23
9320.00   6.5409e-18
9322.00   7.5921e-19
9324.00   1.0365e-17
9326.00   9.8036e-18
9328.00   2.6933e-17
9330.00   4.9282e-21
9332.00   2.2538e-25
9334.00   2.7178e-23
9336.00   4.1073e-20
9338.00   7.4605e-21
9340.00   7.2686e-23
9342.00   9.4758e-18
9344.00   4.0807e-27
9346.00   1.0726e-21
9348.00   8.0713e-19
9350.00   7.8108e-18
9352.00   4.4112e-20
9354.00   8.3319e-26
9356.00   1.3187e-18
9358.00   1.0785e-17
9360.00   2.3376e-24
9362.00   8.0873e-21
9364.00   2.6954e-24
9366.00   1.9127e-20
9368.00   9.2337e-18
9370.00   2.4846e-25
9372.00   8.4570e-20
9374.00   2.4608e-19
9376.00   1.0764e-17
9378.00   1.7822e-21
9380.00   1.0253e-20
9382.00   1.3243e-20
9384.00   2.3658e-20
9386.00   6.7860e-21
9388.00   4.6855e-18
9390.00   2.6678e-21
9392.00   9.4688e-19
9394.00   1.3208e-20
9396.00   2.2849e-27
9398.00   8.8871e-26
9400.00   1.6786e-20
9402.00   6.8469e-23
9404.00   3.2243e-21
9406.00   2.1707e-20
9408.00   2.0321e-17
9410.00   8.6712e-18
9412.00   1.5718e-19
9414.00   3.7485e-20
9416.00   1.4913e-24
9418.00   7.4319e-17
9420.00   5.3090e-21
9422.00   1.3421e-20
9424.00   1.3607e-20
9426.00   1.9939e-19
9428.00   2.9544e-16
9430.00   2.4313e-20
9432.00   7.2360e-17
9434.00   1.4544e-27
9436.00   2.0909e-17
9438.00   1.1400e-19
9440.00   1.5821e-19
9442.00   8.6098e-19
9444.00   7.5994e-25
9446.00   2.1616e-19
9448.00   8.1931e-22
9450.00   9.6328e-24
9452.00   1.7527e-19
9454.00   4.1962e-25
9456.00   2.4338e-20
9458.00   6.4878e-21
9460.00   2.5563e-24
9462.00   6.6991e-22
9464.00   3.8718e-18
9466.00   1.3580e-20
9468.00   1.6821e-19
9470.00   1.6208e-19
9472.00   5.4271e-21
9474.00   4.6510e-17
9476.00   3.6642e-20
9478.00   1.9048e-20
9480.00   2.4540e-25
9482.00   3.3794e-20
9484.00   6.7470e-23
9486.00   1.1114e-22
9488.00   1.1281e-24
9490.00   5.3794e-21
9492.00   6.0606e-20
9494.00   1.6345e-26
9496.00   9.3864e-20
9498.00   8.9003e-17
9500.00   5.2290e-20
9502.00   1.9925e-25
9504.00   5.0249e-21
9506.00   8.2295e-26
9508.00   5.7276e-21
9510.00   1.0810e-16
9512.00   2.2636e-25
9514.00   5.4588e-20
9516.00   1.9797e-23
9518.00   1.6691e-20
9520.00   5.1935e-19
9522.00   2.2480e-22
9524.00   5.0971e-19
9526.00   1.3774e-18
9528.00   1.7920e-17
9530.00   1.2257e-22
9532.00   4.0068e-17
9534.00   1.4313e-16
9536.00   6.9923e-19
9538.00   3.6331e-24
9540.00   5.4496e-20
9542.00   8.6742e-19
9544.00   6.8373e-26
9546.00   4.0067e-19
9548.00   3.6410e-20
9550.00   8.4661e-18
9552.00   1.7274e-19
9554.00   4.6645e-22
9556.00   1.2098e-15
9558.00   6.3410e-19
9560.00   5.0891e-17
9562.00   9.8308e-27
9564.00   4.5748e-19
9566.00   3.4687e-18
9568.00   4.3496e-19
9570.00   7.2471e-18
9572.00   2.7925e-16
9574.00   1.2004e-21
9576.00   1.0039e-24
9578.00   3.1899e-20
9580.00   2.1972e-19
9582.00   1.3720e-20
9584.00   1.4021e-25
9586.00   5.6300e-21
9588.00   2.0867e-24
9590.00   1.7524e-18
9592.00   2.0633e-19
9594.00   1.4249e-22
9596.00   1.4032e-18
9598.00   7.6092e-19
9600.00   1.4433e-21
9602.00   3.8876e-20
9604.00   1.8320e-26
9606.00   8.8758e-18
9608.00   1.2198e-20
9610.00   6.6880e-20
9612.00   6.2123e-21
9614.00   6.2743e-18
9616.00   4.6747e-26
9618.00   9.9292e-17
9620.00   8.8018e-23
9622.00   1.5064e-25
9624.00   5.2432e-26
9626.00   4.0473e-26
9628.00   4.5671e-26
9630.00   4.3796e-20
9632.00   6.4134e-20
9634.00   1.3898e-17
9636.00   3.4710e-23
9638.00   5.8096e-19
9640.00   1.0081e-20
9642.00   1.0761e-20
9644.00   1.5956e-25
9646.00   4.1683e-20
9648.00   1.0923e-23
9650.00   2.3746e-23
9652.00   1.1297e-19
9654.00   1.4917e-27
9656.00   7.5204e-17
9658.00   2.8597e-23
9660.00   6.1831e-22
9662.00   1.2301e-17
9664.00   2.3373e-19
9666.00   8.1770e-26
9668.00   8.0196e-23
9670.00   8.8937e-19
9672.00   3.9045e-19
9674.00   4.3299e-21
9676.00   3.8045e-19
9678.00   3.6769e-21
9680.00   1.2288e-16
9682.00   1.6000e-19
9684.00   4.6029e-20
9686.00   2.8196e-21
9688.00   3.9527e-26
9690.00   5.7039e-24
9692.00   1.2060e-24
9694.00   1.0247e-25
9696.00   3.3450e-19
9698.00   1.0134e-23
9700.00   3.3138e-20
9702.00   2.5561e-26
9704.00   3.4134e-20
9706.00   1.1635e-22
9708.00   6.0150e-25
9710.00   2.7779e-25
9712.00   9.5351e-21
9714.00   1.1137e-19
9716.00   8.5458e-25
9718.00   2.1647e-18
9720.00   2.7454e-23
9722.00   2.9945e-19
9724.00   9.1040e-21
9726.00   4.8781e-25
9728.00   5.1831e-23
9730.00   1.2470e-19
9732.00   7.8403e-21
9734.00   1.5706e-22
9736.00   4.8863e-19
9738.00   8.9051e-20
9740.00   8.3351e-22
9742.00   7.5113e-19
9744.00   2.5283e-18
9746.00   8.4371e-18
9748.00   1.2110e-19
9750.00   2.4339e-18
9752.00   1.4777e-25
9754.00   9.9296e-22
9756.00   1.2253e-19
9758.00   3.9486e-27
9760.00   3.9101e-23
9762.00   1.9433e-25
9764.00   4.0894e-19
9766.00   4.7344e-18
9768.00   8.9135e-21
9770.00   3.4926e-22
9772.00   7.7049e-23
9774.00   2.6349e-24
9776.00   5.4987e-26
9778.00   2.2866e-24
9780.00   8.5847e-21
9782.00   2.8547e-19
9784.00   3.5256e-27
9786.00   4.8457e-24
9788.00   9.2473e-18
9790.00   9.7425e-23
9792.00   2.2141e-24
9794.00   8.9258e-22
9796.00   4.7126e-18
9798.00   6.2593e-20
9800.00   1.1690e-19
9802.00   2.1940e-23
9804.00   1.7721e-22
9806.00   1.3104e-18
9808.00   1.3946e-18
9810.00   6.3172e-21
9812.00   1.0509e-16
9814.00   1.9215e-25
9816.00   1.6784e-18
9818.00   4.3799e-25
9820.00   1.9329e-22
9822.00   4.4087e-23
9824.00   9.0250e-23
9826.00   6.7788e-19
9828.00   3.0318e-20
9830.00   2.2989e-21
9832.00   7.8044e-29
9834.00   1.0897e-24
9836.00   6.0213e-26
9838.00   1.3774e-20
9840.00   2.6001e-26
9842.00   1.0253e-19
9844.00   3.9137e-18
9846.00   8.0312e-22
9848.00   9.1766e-18
9850.00   1.9446e-18
9852.00   5.8275e-24
9854.00   2.4723e-23
9856.00   5.7882e-26
9858.00   5.3877e-22
9860.00   1.0286e-22
9862.00   1.3834e-19
9864.00   1.0075e-23
9866.00   1.6884e-24
9868.00   2.1615e-17
9870.00   7.4311e-23
9872.00   3.4038e-20
9874.00   7.3380e-20
9876.00   3.7278e-20
9878.00   4.2101e-24
9880.00   5.1440e-18
9882.00   2.1848e-18
9884.00   9.1865e-23
9886.00   1.1946e-24
9888.00   3.9357e-23
9890.00   3.3843e-26
9892.00   9.0914e-23
9894.00   9.1121e-17
9896.00   1.1260e-17
9898.00   7.2832e-23
9900.00   6.2039e-18
9902.00   1.1839e-22
9904.00   7.2417e-18
9906.00   6.9206e-19
9908.00   3.0835e-18
9910.00   5.6878e-18
9912.00   2.9030e-18
9914.00   7.8485e-25
9916.00   1.9991e-21
9918.00   6.1454e-24
9920.00   1.9785e-18
9922.00   8.1329e-21
9924.00   1.1045e-19
9926.00   7.1114e-23
9928.00   2.0126e-26
9930.00   1.4489e-26
9932.00   2.0071e-20
9934.00   1.3213e-21
9936.00   2.9911e-20
9938.00   2.0481e-19
9940.00   3.0953e-21
9942.00   2.4085e-23
9944.00   4.6506e-23
9946.00   1.9438e-17
9948.00   1.8980e-24
9950.00   1.1737e-19
9952.00   8.3900e-26
9954.00   1.4261e-18
9956.00   3.5314e-16
9958.00   3.9048e-20
9960.00   1.3215e-24
9962.00   3.5358e-20
9964.00   2.3734e-25
9966.00   1.1786e-26
9968.00   5.6811e-21
9970.00   3.0586e-20
9972.00   5.0258e-21
9974.00   2.0236e-27
9976.00   4.5927e-18
9978.00   2.1718e-20
9980.00   2.1747e-25
9982.00   3.8348e-19
9984.00   2.5805e-20
9986.00   3.2231e-23
9988.00   9.2632e-28
9990.00   8.5418e-23
9992.00   1.1319e-19
9994.00   9.6267e-21
9996.00   1.6643e-20
9998.00   3.7250e-15
10000.00   1.4318e-23
