1000.00   2.1345e-16
1002.00   1.4810e-16
1004.00   1.1428e-16
1006.00   6.5038e-17
1008.00   3.7183e-17
1010.00   8.5234e-17
1012.00   1.8049e-17
1014.00   1.3315e-16
1016.00   4.7172e-17
1018.00   5.6060e-17
1020.00   1.0337e-16
1022.00   8.2141e-17
1024.00   3.2494e-17
1026.00   1.7998e-17
1028.00   8.0184e-17
1030.00   1.3434e-16
1032.00   1.1845e-16
1034.00   1.8804e-16
1036.00   2.1020e-16
1038.00   6.4880e-17
1040.00   7.3928e-17
1042.00   1.5058e-16
1044.00   1.6922e-16
1046.00   2.8421e-16
1048.00   2.4889e-17
1050.00   1.2609e-16
1052.00   1.3366e-16
1054.00   2.0542e-16
1056.00   4.7448e-16
1058.00   3.1143e-16
1060.00   5.2306e-16
1062.00   4.3700e-16
1064.00   1.0042e-15
1066.00   3.1066e-16
1068.00   1.1649e-15
1070.00   4.8965e-16
1072.00   7.3231e-16
1074.00   1.4070e-15
1076.00   1.5000e-15
1078.00   3.4282e-16
1080.00   2.2485e-16
1082.00   4.1257e-16
1084.00   4.5834e-16
1086.00   3.3335e-16
1088.00   6.3093e-16
1090.00   7.4691e-16
1092.00   4.7937e-16
1094.00   9.2807e-16
1096.00   6.8590e-16
1098.00   9.2480e-16
1100.00   1.4046e-15
1102.00   4.1080e-16
1104.00   2.7786e-16
1106.00   5.4446e-16
1108.00   7.1749e-16
1110.00   7.5333e-16
1112.00   7.1454e-16
1114.00   1.2174e-15
1116.00   6.6116e-16
1118.00   8.3461e-17
1120.00   2.0829e-16
1122.00   5.1924e-16
1124.00   4.1130e-16
1126.00   8.0541e-16
1128.00   3.5442e-16
1130.00   3.2741e-16
1132.00   3.5772e-16
1134.00   1.2700e-15
1136.00   3.9639e-16
1138.00   4.3959e-16
1140.00   6.2880e-16
1142.00   5.5444e-16
1144.00   2.3342e-15
1146.00   1.6374e-15
1148.00   3.1000e-15
1150.00   1.8897e-15
1152.00   9.9002e-16
1154.00   1.3557e-15
1156.00   6.1118e-16
1158.00   1.3121e-15
1160.00   1.3735e-15
1162.00   7.5750e-16
1164.00   7.8923e-16
1166.00   1.2186e-15
1168.00   9.8761e-16
1170.00   1.3515e-15
1172.00   1.0782e-15
1174.00   1.5242e-15
1176.00   5.0563e-16
1178.00   6.0531e-16
1180.00   4.0539e-16
1182.00   7.2311e-16
1184.00   1.1466e-15
1186.00   8.1872e-16
1188.00   1.5504e-15
1190.00   5.2713e-16
1192.00   1.3859e-15
1194.00   6.3131e-16
1196.00   9.1925e-16
1198.00   2.2476e-15
1200.00   3.5697e-15
1202.00   5.7401e-16
1204.00   2.4024e-16
1206.00   2.7156e-16
1208.00   5.3155e-16
1210.00   9.0625e-16
1212.00   8.8211e-16
1214.00   6.1644e-16
1216.00   1.7724e-15
1218.00   9.6599e-16
1220.00   1.7043e-15
1222.00   7.9232e-17
1224.00   5.0909e-16
1226.00   3.6022e-16
1228.00   6.5795e-16
1230.00   1.7026e-16
1232.00   7.2393e-16
1234.00   6.8639e-16
1236.00   4.1759e-16
1238.00   5.4895e-16
1240.00   4.1587e-16
1242.00   8.7803e-16
1244.00   5.4678e-16
1246.00   4.0335e-16
1248.00   5.4777e-16
1250.00   2.6762e-16
1252.00   6.5789e-16
1254.00   4.8283e-16
1256.00   6.9463e-16
1258.00   1.0267e-15
1260.00   3.4354e-16
1262.00   1.0899e-15
1264.00   1.0599e-15
1266.00   4.9298e-15
1268.00   5.5611e-16
1270.00   5.9015e-16
1272.00   1.0544e-15
1274.00   8.2511e-16
1276.00   8.0391e-16
1278.00   4.4195e-16
1280.00   7.9563e-16
1282.00   3.6746e-16
1284.00   4.5371e-16
1286.00   4.6670e-16
1288.00   7.2019e-16
1290.00   1.0352e-15
1292.00   7.9650e-16
1294.00   3.4585e-16
1296.00   1.2313e-15
1298.00   3.5228e-16
1300.00   1.0238e-15
1302.00   5.1600e-16
1304.00   5.1913e-16
1306.00   7.2523e-16
1308.00   5.5949e-16
1310.00   2.6554e-16
1312.00   3.0412e-16
1314.00   6.5936e-16
1316.00   6.0553e-16
1318.00   8.2212e-16
1320.00   9.0523e-16
1322.00   6.7614e-16
1324.00   8.8442e-16
1326.00   3.9853e-16
1328.00   8.9500e-16
1330.00   7.1419e-16
1332.00   7.0769e-16
1334.00   2.0378e-16
1336.00   2.5379e-16
1338.00   3.5212e-16
1340.00   9.0492e-16
1342.00   3.4861e-16
1344.00   2.6674e-16
1346.00   6.9518e-16
1348.00   2.0744e-16
1350.00   4.2539e-16
1352.00   5.2343e-16
1354.00   7.6183e-16
1356.00   4.5628e-16
1358.00   5.2668e-16
1360.00   7.6875e-16
1362.00   1.1496e-15
1364.00   7.6425e-16
1366.00   1.3885e-15
1368.00   7.1562e-16
1370.00   4.4391e-16
1372.00   1.1537e-15
1374.00   1.5909e-15
1376.00   9.0629e-16
1378.00   1.5687e-15
1380.00   8.5246e-16
1382.00   1.1910e-15
1384.00   9.1201e-16
1386.00   7.9679e-16
1388.00   8.7139e-16
1390.00   1.9227e-16
1392.00   6.4618e-16
1394.00   4.6394e-16
1396.00   8.9701e-16
1398.00   7.5059e-16
1400.00   1.6255e-15
1402.00   1.4315e-15
1404.00   1.1383e-15
1406.00   4.8095e-16
1408.00   6.4883e-16
1410.00   6.8360e-16
1412.00   5.1096e-16
1414.00   9.0156e-16
1416.00   1.8061e-15
1418.00   1.2098e-15
1420.00   7.1036e-16
1422.00   3.6960e-16
1424.00   4.7737e-16
1426.00   2.6391e-16
1428.00   6.2667e-16
1430.00   6.4780e-16
1432.00   6.2549e-16
1434.00   4.4212e-16
1436.00   9.8972e-16
1438.00   9.8746e-16
1440.00   9.7454e-16
1442.00   1.2213e-15
1444.00   5.9164e-16
1446.00   3.9165e-16
1448.00   3.3612e-16
1450.00   4.4711e-16
1452.00   5.6339e-16
1454.00   6.3150e-16
1456.00   5.4114e-16
1458.00   3.8725e-16
1460.00   3.1286e-16
1462.00   6.3436e-16
1464.00   5.9681e-16
1466.00   2.9522e-16
1468.00   4.6276e-16
1470.00   4.7931e-16
1472.00   5.5120e-16
1474.00   1.1568e-15
1476.00   3.1794e-16
1478.00   1.0707e-15
1480.00   7.5476e-16
1482.00   1.7560e-16
1484.00   1.1746e-15
1486.00   8.4228e-16
1488.00   6.4870e-16
1490.00   1.2096e-15
1492.00   9.4675e-16
1494.00   6.0302e-16
1496.00   6.3683e-16
1498.00   1.3850e-16
1500.00   2.1288e-16
1502.00   6.0499e-16
1504.00   5.8836e-16
1506.00   9.3414e-16
1508.00   9.4775e-16
1510.00   2.1322e-16
1512.00   9.1187e-16
1514.00   4.6574e-16
1516.00   3.1598e-16
1518.00   9.8475e-17
1520.00   3.3577e-16
1522.00   6.3809e-16
1524.00   4.8377e-16
1526.00   2.8949e-16
1528.00   5.9127e-16
1530.00   7.6946e-17
1532.00   3.9060e-16
1534.00   1.6169e-16
1536.00   8.0843e-17
1538.00   1.4104e-16
1540.00   1.7052e-16
1542.00   2.2042e-16
1544.00   1.9863e-16
1546.00   1.7128e-16
1548.00   2.2724e-16
1550.00   3.9722e-16
1552.00   6.2130e-16
1554.00   3.5212e-16
1556.00   6.3918e-16
1558.00   1.7853e-16
1560.00   4.3367e-16
1562.00   2.9961e-16
1564.00   3.4952e-16
1566.00   3.1824e-16
1568.00   2.6657e-16
1570.00   5.0660e-16
1572.00   8.9840e-16
1574.00   9.1311e-16
1576.00   6.4906e-17
1578.00   9.1569e-16
1580.00   1.0169e-15
1582.00   4.3806e-16
1584.00   2.7069e-16
1586.00   3.3392e-16
1588.00   4.7419e-16
1590.00   1.5123e-16
1592.00   2.5502e-16
1594.00   8.3090e-16
1596.00   2.5315e-16
1598.00   2.6661e-16
1600.00   4.6885e-16
1602.00   3.8749e-16
1604.00   2.4543e-16
1606.00   5.1467e-16
1608.00   4.3015e-16
1610.00   2.9722e-16
1612.00   1.9358e-16
1614.00   3.0506e-16
1616.00   7.4725e-17
1618.00   5.4335e-16
1620.00   2.4409e-16
1622.00   5.3970e-16
1624.00   3.2898e-16
1626.00   5.5826e-16
1628.00   2.6942e-16
1630.00   8.7814e-16
1632.00   6.8419e-16
1634.00   6.2497e-16
1636.00   9.0508e-16
1638.00   3.2899e-16
1640.00   1.0975e-15
1642.00   1.1783e-15
1644.00   4.3918e-16
1646.00   5.1926e-16
1648.00   4.3344e-16
1650.00   7.5664e-16
1652.00   1.7166e-16
1654.00   7.5688e-16
1656.00   5.3160e-16
1658.00   5.2415e-16
1660.00   2.9674e-16
1662.00   2.8461e-16
1664.00   2.2935e-16
1666.00   9.5570e-17
1668.00   2.4241e-16
1670.00   1.7373e-16
1672.00   2.5840e-17
1674.00   4.8057e-16
1676.00   4.5708e-16
1678.00   2.4323e-16
1680.00   2.9616e-16
1682.00   4.1311e-16
1684.00   2.7694e-16
1686.00   3.3266e-16
1688.00   2.6604e-16
1690.00   6.1801e-16
1692.00   2.2144e-16
1694.00   4.3507e-16
1696.00   1.9610e-16
1698.00   3.9632e-16
1700.00   2.2739e-16
1702.00   5.2055e-16
1704.00   2.7278e-16
1706.00   1.8126e-16
1708.00   6.2241e-16
1710.00   8.7575e-16
1712.00   2.4374e-16
1714.00   4.6407e-16
1716.00   8.7134e-16
1718.00   6.4799e-16
1720.00   5.1585e-16
1722.00   4.2309e-16
1724.00   1.1338e-15
1726.00   6.2612e-16
1728.00   2.3359e-16
1730.00   4.1406e-17
1732.00   5.3166e-16
1734.00   2.2256e-16
1736.00   1.3050e-16
1738.00   2.8750e-16
1740.00   3.9040e-17
1742.00   3.1355e-16
1744.00   3.0615e-17
1746.00   3.6064e-16
1748.00   4.2631e-16
1750.00   2.8773e-16
1752.00   4.4823e-17
1754.00   2.6100e-17
1756.00   5.8554e-17
1758.00   2.0694e-16
1760.00   2.9995e-16
1762.00   5.5774e-16
1764.00   1.4475e-16
1766.00   1.4729e-16
1768.00   1.7758e-16
1770.00   3.0177e-16
1772.00   2.1015e-16
1774.00   7.6383e-16
1776.00   3.0895e-16
1778.00   2.7244e-16
1780.00   5.3875e-17
1782.00   5.3053e-16
1784.00   1.8782e-16
1786.00   1.8346e-15
1788.00   1.0154e-15
1790.00   4.2178e-16
1792.00   3.0526e-16
1794.00   6.1681e-16
1796.00   3.0960e-16
1798.00   8.5987e-16
1800.00   3.7523e-17
1802.00   8.4808e-17
1804.00   5.0623e-16
1806.00   4.0130e-16
1808.00   2.9395e-16
1810.00   3.6459e-16
1812.00   1.8624e-16
1814.00   1.0702e-16
1816.00   4.4728e-16
1818.00   2.5858e-16
1820.00   4.7984e-17
1822.00   2.0018e-16
1824.00   4.4408e-16
1826.00   3.4297e-16
1828.00   5.7192e-16
1830.00   4.2214e-16
1832.00   3.8797e-16
1834.00   4.8421e-16
1836.00   5.1750e-16
1838.00   1.0991e-18
1840.00   2.0634e-16
1842.00   2.3390e-16
1844.00   5.7381e-16
1846.00   2.2154e-16
1848.00   4.5285e-16
1850.00   1.2885e-16
1852.00   4.5629e-16
1854.00   1.2484e-16
1856.00   3.5662e-16
1858.00   7.4120e-17
1860.00   2.3446e-16
1862.00   2.5598e-16
1864.00   3.2405e-16
1866.00   1.5217e-16
1868.00   2.2840e-16
1870.00   3.8181e-16
1872.00   3.0690e-16
1874.00   1.8715e-16
1876.00   3.3766e-16
1878.00   3.6956e-16
1880.00   5.1438e-16
1882.00   1.4889e-16
1884.00   5.4945e-16
1886.00   2.6274e-16
1888.00   4.1277e-16
1890.00   2.0952e-16
1892.00   1.2507e-16
1894.00   1.0441e-16
1896.00   1.4200e-16
1898.00   3.0476e-16
1900.00   4.3933e-16
1902.00   3.6598e-16
1904.00   5.5648e-16
1906.00   2.0865e-16
1908.00   1.0043e-16
1910.00   4.4625e-16
1912.00   4.4958e-16
1914.00   6.8418e-17
1916.00   2.6994e-16
1918.00   5.1259e-16
1920.00   2.9488e-16
1922.00   8.6202e-17
1924.00   3.9295e-17
1926.00   4.1502e-16
1928.00   4.9442e-16
1930.00   2.6958e-16
1932.00   3.8358e-16
1934.00   1.8275e-16
1936.00   5.3262e-16
1938.00   4.6398e-17
1940.00   4.1202e-16
1942.00   1.9270e-16
1944.00   5.5298e-16
1946.00   3.4092e-16
1948.00   9.3097e-16
1950.00   1.3846e-16
1952.00   1.7749e-16
1954.00   1.7072e-16
1956.00   4.2348e-16
1958.00   6.1204e-16
1960.00   3.2639e-17
1962.00   4.1565e-16
1964.00   4.4994e-16
1966.00   9.4107e-16
1968.00   8.2664e-16
1970.00   4.7206e-16
1972.00   4.5649e-16
1974.00   2.9699e-16
1976.00   9.6769e-16
1978.00   2.2874e-16
1980.00   9.1683e-17
1982.00   1.2180e-17
1984.00   4.1232e-16
1986.00   5.0961e-16
1988.00   2.3697e-16
1990.00   3.1721e-16
1992.00   1.3196e-16
1994.00   1.9812e-16
1996.00   3.0823e-16
1998.00   1.9044e-17
2000.00   9.3494e-16
2002.00   4.0288e-17
2004.00   4.6894e-16
2006.00   3.0059e-16
2008.00   8.2370e-16
2010.00   5.1560e-16
2012.00   2.9775e-16
2014.00   7.5585e-16
2016.00   5.7806e-16
2018.00   4.5416e-16
2020.00   4.6330e-16
2022.00   6.0485e-17
2024.00   5.6388e-16
2026.00   2.8177e-16
2028.00   4.2201e-16
2030.00   5.5830e-16
2032.00   6.9584e-16
2034.00   4.5750e-16
2036.00   2.1465e-16
2038.00   2.5004e-16
2040.00   5.8537e-16
2042.00   1.1417e-17
2044.00   5.7096e-16
2046.00   2.1919e-17
2048.00   3.8820e-16
2050.00   3.0670e-17
2052.00   3.8094e-16
2054.00   2.2424e-16
2056.00   4.0731e-16
2058.00   4.7618e-16
2060.00   4.1101e-17
2062.00   3.1958e-16
2064.00   5.0200e-16
2066.00   4.0810e-16
2068.00   4.2516e-16
2070.00   7.9862e-16
2072.00   5.6175e-16
2074.00   4.4132e-16
2076.00   1.7576e-16
2078.00   7.7749e-16
2080.00   3.4120e-16
2082.00   1.5050e-16
2084.00   1.2099e-16
2086.00   2.7490e-16
2088.00   4.7284e-16
2090.00   1.2447e-17
2092.00   2.1954e-16
2094.00   3.4208e-16
2096.00   1.8359e-16
2098.00   2.0124e-16
2100.00   2.4531e-16
2102.00   6.5424e-16
2104.00   1.2355e-17
2106.00   6.6166e-16
2108.00   6.6420e-16
2110.00   1.0059e-15
2112.00   9.5634e-18
2114.00   4.2260e-16
2116.00   1.3961e-15
2118.00   3.0358e-16
2120.00   3.4245e-16
2122.00   2.5574e-16
2124.00   2.0023e-17
2126.00   2.9140e-16
2128.00   4.3867e-16
2130.00   5.3839e-16
2132.00   6.4550e-16
2134.00   3.0928e-16
2136.00   2.8459e-16
2138.00   6.7496e-16
2140.00   2.6594e-16
2142.00   7.5349e-16
2144.00   1.1093e-16
2146.00   3.1034e-16
2148.00   3.3901e-16
2150.00   4.0547e-16
2152.00   5.7758e-16
2154.00   1.7981e-16
2156.00   2.5672e-16
2158.00   3.5588e-16
2160.00   4.4898e-16
2162.00   5.9581e-16
2164.00   3.5888e-16
2166.00   5.2099e-16
2168.00   8.1384e-16
2170.00   2.5431e-16
2172.00   1.2619e-16
2174.00   7.5410e-16
2176.00   3.5454e-16
2178.00   5.0325e-16
2180.00   3.0483e-16
2182.00   1.0806e-16
2184.00   7.0346e-16
2186.00   1.3409e-16
2188.00   5.2352e-16
2190.00   2.6795e-16
2192.00   2.2579e-16
2194.00   2.7853e-16
2196.00   1.5814e-16
2198.00   2.6248e-16
2200.00   2.0914e-17
2202.00   5.3235e-16
2204.00   3.8614e-16
2206.00   5.3837e-16
2208.00   3.1929e-16
2210.00   5.3922e-16
2212.00   5.0324e-16
2214.00   6.5399e-16
2216.00   6.8216e-16
2218.00   7.0269e-16
2220.00   5.0564e-16
2222.00   5.5517e-16
2224.00   8.0817e-16
2226.00   4.8985e-16
2228.00   7.1254e-16
2230.00   3.0319e-16
2232.00   7.0679e-16
2234.00   5.6883e-16
2236.00   4.0933e-16
2238.00   7.7420e-16
2240.00   5.1932e-16
2242.00   7.5163e-16
2244.00   5.8706e-16
2246.00   7.8461e-16
2248.00   3.7398e-16
2250.00   1.0535e-15
2252.00   4.0907e-16
2254.00   7.8813e-16
2256.00   1.2085e-15
2258.00   5.9381e-16
2260.00   6.1009e-16
2262.00   3.6684e-16
2264.00   7.7268e-16
2266.00   1.0061e-15
2268.00   7.6446e-16
2270.00   7.1285e-16
2272.00   8.6310e-16
2274.00   9.8566e-16
2276.00   1.0580e-15
2278.00   6.5021e-16
2280.00   5.9873e-16
2282.00   3.5565e-16
2284.00   6.4157e-16
2286.00   5.3940e-16
2288.00   5.6237e-16
2290.00   2.7834e-16
2292.00   1.8741e-16
2294.00   1.3166e-15
2296.00   4.3503e-16
2298.00   4.3207e-16
2300.00   3.8786e-16
2302.00   3.0170e-16
2304.00   8.1645e-16
2306.00   5.7243e-16
2308.00   1.5007e-15
2310.00   5.6197e-16
2312.00   1.0544e-15
2314.00   9.3204e-16
2316.00   7.8905e-17
2318.00   9.1119e-16
2320.00   5.5356e-18
2322.00   7.4138e-16
2324.00   3.4785e-16
2326.00   1.1048e-15
2328.00   1.0311e-15
2330.00   8.6691e-16
2332.00   1.2139e-15
2334.00   2.1388e-16
2336.00   8.0119e-17
2338.00   7.3383e-16
2340.00   1.2803e-15
2342.00   2.5761e-16
2344.00   1.1864e-15
2346.00   1.1058e-15
2348.00   1.0829e-15
2350.00   1.6187e-16
2352.00   1.1663e-15
2354.00   7.1130e-16
2356.00   9.6700e-16
2358.00   5.3823e-16
2360.00   1.7818e-15
2362.00   6.1889e-16
2364.00   1.3729e-15
2366.00   1.1754e-15
2368.00   7.5627e-16
2370.00   8.6758e-16
2372.00   6.7821e-16
2374.00   9.1123e-16
2376.00   8.7185e-16
2378.00   3.2928e-16
2380.00   1.3153e-15
2382.00   8.7597e-16
2384.00   1.0552e-15
2386.00   1.0852e-15
2388.00   1.4491e-15
2390.00   5.6533e-16
2392.00   5.2694e-16
2394.00   7.4489e-16
2396.00   1.6683e-15
2398.00   2.2532e-16
2400.00   1.6820e-15
2402.00   1.0848e-15
2404.00   1.5593e-15
2406.00   1.0268e-15
2408.00   3.1990e-16
2410.00   1.2822e-15
2412.00   8.0615e-16
2414.00   1.3234e-15
2416.00   1.1851e-15
2418.00   1.0887e-15
2420.00   4.8236e-16
2422.00   8.1285e-16
2424.00   1.7957e-15
2426.00   8.4035e-16
2428.00   1.5576e-15
2430.00   1.8031e-15
2432.00   1.5456e-15
2434.00   1.5974e-15
2436.00   1.1750e-15
2438.00   7.9991e-16
2440.00   1.2317e-15
2442.00   2.5074e-16
2444.00   6.9619e-16
2446.00   1.5680e-15
2448.00   1.4723e-15
2450.00   1.0194e-15
2452.00   7.1916e-16
2454.00   1.3060e-15
2456.00   9.5501e-16
2458.00   1.0802e-15
2460.00   1.1368e-15
2462.00   1.0885e-15
2464.00   2.1060e-15
2466.00   1.6715e-15
2468.00   6.8114e-16
2470.00   1.9275e-15
2472.00   1.1903e-15
2474.00   1.1040e-15
2476.00   8.6276e-16
2478.00   1.1195e-15
2480.00   9.1302e-16
2482.00   1.7522e-15
2484.00   5.9502e-16
2486.00   6.4563e-16
2488.00   8.8495e-16
2490.00   1.5047e-15
2492.00   7.6638e-16
2494.00   6.4813e-16
2496.00   5.3426e-16
2498.00   1.3718e-15
2500.00   5.7365e-16
2502.00   8.2250e-16
2504.00   8.8205e-16
2506.00   1.4449e-15
2508.00   8.1963e-16
2510.00   1.2370e-15
2512.00   1.2239e-15
2514.00   1.4072e-15
2516.00   3.5380e-16
2518.00   7.6008e-16
2520.00   1.5248e-15
2522.00   1.5657e-15
2524.00   3.6384e-16
2526.00   1.4944e-15
2528.00   6.5281e-16
2530.00   1.0884e-15
2532.00   2.2559e-16
2534.00   4.4444e-16
2536.00   8.4941e-16
2538.00   1.5408e-15
2540.00   1.2336e-15
2542.00   1.4268e-15
2544.00   9.0858e-16
2546.00   1.0117e-15
2548.00   8.7455e-16
2550.00   1.3125e-15
2552.00   6.7121e-16
2554.00   6.4031e-16
2556.00   6.9467e-16
2558.00   6.7364e-16
2560.00   1.1990e-15
2562.00   1.0431e-15
2564.00   5.4949e-16
2566.00   1.1158e-15
2568.00   8.5583e-16
2570.00   7.8169e-16
2572.00   3.2503e-16
2574.00   9.4095e-16
2576.00   5.5616e-16
2578.00   6.6158e-16
2580.00   2.3320e-16
2582.00   1.1412e-15
2584.00   5.4157e-16
2586.00   8.0218e-16
2588.00   1.2957e-15
2590.00   4.5805e-16
2592.00   9.6599e-16
2594.00   1.8424e-16
2596.00   3.9448e-16
2598.00   1.5767e-15
2600.00   1.2993e-15
2602.00   1.9910e-17
2604.00   5.4927e-16
2606.00   6.8730e-16
2608.00   1.2592e-15
2610.00   9.5331e-16
2612.00   1.5911e-15
2614.00   1.3900e-15
2616.00   1.5306e-17
2618.00   8.9780e-16
2620.00   1.3190e-15
2622.00   6.3210e-16
2624.00   7.6101e-16
2626.00   1.7534e-15
2628.00   8.5865e-16
2630.00   9.2582e-16
2632.00   1.6555e-15
2634.00   4.8677e-16
2636.00   5.5146e-16
2638.00   4.7941e-16
2640.00   3.7381e-16
2642.00   6.9981e-16
2644.00   4.0678e-16
2646.00   4.8055e-16
2648.00   4.5143e-17
2650.00   7.2251e-16
2652.00   7.8629e-16
2654.00   4.4624e-16
2656.00   5.3327e-17
2658.00   3.8840e-16
2660.00   3.0688e-16
2662.00   4.5126e-17
2664.00   6.0082e-16
2666.00   6.0326e-16
2668.00   1.9102e-16
2670.00   6.0706e-16
2672.00   1.7373e-16
2674.00   4.6202e-18
2676.00   2.2330e-16
2678.00   5.3735e-16
2680.00   1.4482e-16
2682.00   5.9261e-16
2684.00   1.0702e-15
2686.00   4.1920e-16
2688.00   1.1322e-17
2690.00   3.2173e-16
2692.00   7.7717e-16
2694.00   4.2708e-16
2696.00   5.0616e-17
2698.00   6.2874e-16
2700.00   4.9993e-16
2702.00   4.0689e-17
2704.00   8.7836e-16
2706.00   4.5104e-16
2708.00   4.2009e-16
2710.00   7.8050e-16
2712.00   6.4199e-16
2714.00   6.2563e-16
2716.00   1.0400e-15
2718.00   6.4843e-16
2720.00   4.1740e-16
2722.00   9.0183e-16
2724.00   6.5291e-16
2726.00   8.9854e-17
2728.00   7.1864e-16
2730.00   6.2963e-16
2732.00   7.9341e-16
2734.00   2.5556e-16
2736.00   5.6070e-16
2738.00   2.1735e-16
2740.00   8.1682e-16
2742.00   2.6430e-16
2744.00   7.6996e-16
2746.00   1.2334e-15
2748.00   2.8260e-16
2750.00   1.0568e-15
2752.00   1.0101e-15
2754.00   8.5046e-16
2756.00   1.1644e-15
2758.00   4.6836e-16
2760.00   3.0258e-16
2762.00   9.5216e-16
2764.00   5.7877e-16
2766.00   2.6157e-17
2768.00   1.5425e-15
2770.00   3.8582e-16
2772.00   1.0133e-15
2774.00   4.3352e-16
2776.00   9.4211e-16
2778.00   5.3116e-16
2780.00   4.6497e-16
2782.00   5.9035e-17
2784.00   5.8836e-16
2786.00   8.0896e-16
2788.00   6.8039e-16
2790.00   9.6115e-17
2792.00   1.3504e-16
2794.00   3.3664e-16
2796.00   2.1484e-16
2798.00   6.8057e-17
2800.00   8.8809e-16
2802.00   3.5890e-18
2804.00   4.7409e-16
2806.00   4.9907e-16
2808.00   4.7686e-17
2810.00   2.7631e-16
2812.00   2.4958e-16
2814.00   3.7007e-16
2816.00   1.5565e-17
2818.00   3.3252e-16
2820.00   7.3227e-16
2822.00   3.4539e-16
2824.00   7.0045e-16
2826.00   5.4119e-16
2828.00   8.1134e-16
2830.00   2.5933e-16
2832.00   9.2731e-16
2834.00   6.8550e-16
2836.00   5.1651e-16
2838.00   9.7029e-16
2840.00   1.5704e-15
2842.00   3.1538e-16
2844.00   8.2734e-16
2846.00   5.6536e-16
2848.00   1.4029e-15
2850.00   5.6451e-16
2852.00   9.5675e-17
2854.00   2.6006e-16
2856.00   9.1950e-16
2858.00   1.0187e-15
2860.00   1.6223e-16
2862.00   2.8079e-16
2864.00   8.0306e-16
2866.00   3.0144e-16
2868.00   1.0977e-15
2870.00   1.0624e-15
2872.00   6.3524e-16
2874.00   9.9857e-17
2876.00   5.1501e-17
2878.00   1.7116e-16
2880.00   6.1097e-16
2882.00   3.2702e-16
2884.00   5.3884e-16
2886.00   6.4548e-16
2888.00   7.8104e-16
2890.00   4.4422e-16
2892.00   3.0030e-16
2894.00   1.5452e-16
2896.00   4.7199e-16
2898.00   6.9953e-16
2900.00   1.7092e-17
2902.00   6.8017e-16
2904.00   4.9294e-18
2906.00   4.5990e-16
2908.00   2.6127e-16
2910.00   2.7672e-16
2912.00   2.2902e-17
2914.00   1.2510e-17
2916.00   3.4159e-16
2918.00   6.0114e-16
2920.00   2.4019e-16
2922.00   8.5554e-17
2924.00   1.4306e-16
2926.00   5.2494e-16
2928.00   5.1056e-18
2930.00   1.7945e-16
2932.00   5.5264e-17
2934.00   2.4664e-16
2936.00   3.5019e-17
2938.00   5.1767e-17
2940.00   3.7597e-16
2942.00   3.8542e-18
2944.00   4.8692e-16
2946.00   4.1479e-16
2948.00   4.8330e-16
2950.00   5.1034e-16
2952.00   1.0505e-16
2954.00   5.0858e-16
2956.00   1.1994e-17
2958.00   3.5747e-17
2960.00   4.6382e-16
2962.00   2.9359e-16
2964.00   3.3143e-16
2966.00   7.1652e-16
2968.00   1.0232e-16
2970.00   8.8430e-16
2972.00   3.4998e-16
2974.00   3.0433e-18
2976.00   4.7124e-16
2978.00   1.3406e-17
2980.00   6.8064e-16
2982.00   2.6266e-16
2984.00   6.5344e-16
2986.00   7.1411e-16
2988.00   3.6253e-17
2990.00   1.5725e-17
2992.00   7.5352e-17
2994.00   1.4203e-16
2996.00   9.6131e-19
2998.00   3.9359e-16
3000.00   1.0416e-16
3002.00   6.4784e-16
3004.00   2.3214e-17
3006.00   1.0601e-18
3008.00   3.7687e-19
3010.00   1.7701e-16
3012.00   6.0744e-18
3014.00   4.3261e-16
3016.00   6.2969e-17
3018.00   3.3733e-16
3020.00   2.4358e-16
3022.00   1.2583e-16
3024.00   1.6963e-16
3026.00   1.1281e-16
3028.00   4.7605e-17
3030.00   2.7292e-16
3032.00   4.4697e-18
3034.00   1.5610e-16
3036.00   1.7808e-16
3038.00   1.9594e-16
3040.00   4.2663e-17
3042.00   1.2734e-17
3044.00   5.4425e-16
3046.00   1.3716e-16
3048.00   3.3959e-16
3050.00   1.7640e-16
3052.00   1.4144e-17
3054.00   2.7917e-18
3056.00   3.5296e-16
3058.00   2.6723e-17
3060.00   1.2769e-18
3062.00   1.9634e-16
3064.00   6.3970e-19
3066.00   4.7314e-16
3068.00   2.6977e-16
3070.00   3.3655e-16
3072.00   2.3481e-16
3074.00   7.8394e-18
3076.00   7.0390e-16
3078.00   4.6779e-16
3080.00   2.8674e-16
3082.00   1.7746e-17
3084.00   2.7001e-16
3086.00   6.1745e-20
3088.00   5.6816e-20
3090.00   2.2758e-16
3092.00   6.0667e-19
3094.00   1.3564e-20
3096.00   4.7284e-16
3098.00   2.5256e-17
3100.00   2.8346e-19
3102.00   1.8727e-16
3104.00   5.2880e-18
3106.00   3.3730e-16
3108.00   1.7774e-17
3110.00   3.9288e-19
3112.00   8.2773e-20
3114.00   1.8410e-16
3116.00   1.9964e-16
3118.00   7.3130e-18
3120.00   3.6123e-17
3122.00   6.7341e-18
3124.00   8.7199e-20
3126.00   7.5092e-18
3128.00   5.8135e-19
3130.00   3.7106e-17
3132.00   2.4072e-16
3134.00   1.5395e-17
3136.00   7.8848e-17
3138.00   9.5128e-18
3140.00   1.8591e-17
3142.00   3.3111e-16
3144.00   5.9228e-17
3146.00   2.5429e-16
3148.00   1.4731e-19
3150.00   1.3064e-18
3152.00   1.0826e-17
3154.00   2.6355e-18
3156.00   1.6082e-16
3158.00   8.2533e-17
3160.00   1.5298e-17
3162.00   4.4479e-16
3164.00   9.6929e-16
3166.00   5.2521e-16
3168.00   5.8248e-18
3170.00   3.6059e-16
3172.00   1.5878e-19
3174.00   7.6959e-19
3176.00   1.6445e-18
3178.00   7.1865e-16
3180.00   5.9692e-18
3182.00   2.9649e-19
3184.00   4.7455e-16
3186.00   8.0012e-16
3188.00   1.2986e-16
3190.00   3.1322e-16
3192.00   7.2145e-16
3194.00   5.1173e-16
3196.00   5.6640e-16
3198.00   1.1208e-17
3200.00   4.4925e-20
3202.00   1.0919e-18
3204.00   2.5739e-16
3206.00   2.8377e-19
3208.00   4.1888e-18
3210.00   8.1011e-16
3212.00   8.3437e-17
3214.00   4.6756e-16
3216.00   5.0287e-18
3218.00   2.0189e-18
3220.00   4.8629e-18
3222.00   8.1912e-18
3224.00   1.4173e-16
3226.00   4.0047e-17
3228.00   5.6526e-16
3230.00   2.4217e-16
3232.00   4.3988e-16
3234.00   6.7367e-17
3236.00   2.1065e-18
3238.00   1.8657e-16
3240.00   8.3216e-18
3242.00   2.8753e-19
3244.00   4.8994e-16
3246.00   7.1017e-18
3248.00   5.0869e-16
3250.00   5.0632e-16
3252.00   3.8550e-16
3254.00   1.0534e-19
3256.00   4.1499e-16
3258.00   6.4357e-16
3260.00   3.6648e-16
3262.00   4.2269e-17
3264.00   1.7206e-16
3266.00   1.4693e-18
3268.00   2.3913e-16
3270.00   9.7696e-17
3272.00   3.8894e-19
3274.00   2.3268e-17
3276.00   1.1277e-17
3278.00   4.6861e-16
3280.00   2.2582e-17
3282.00   3.5790e-16
3284.00   4.1415e-17
3286.00   5.7641e-16
3288.00   2.4635e-17
3290.00   2.0566e-16
3292.00   1.1481e-17
3294.00   1.3440e-19
3296.00   5.3217e-16
3298.00   4.2542e-16
3300.00   2.3928e-17
3302.00   1.3676e-16
3304.00   2.0867e-16
3306.00   5.1557e-16
3308.00   3.1716e-20
3310.00   3.7732e-17
3312.00   4.7147e-16
3314.00   1.4087e-16
3316.00   5.3974e-18
3318.00   7.0101e-18
3320.00   1.9188e-17
3322.00   2.1640e-16
3324.00   1.1706e-16
3326.00   4.2546e-17
3328.00   2.2644e-16
3330.00   2.1763e-17
3332.00   2.2735e-18
3334.00   8.1874e-19
3336.00   2.6207e-16
3338.00   2.2330e-16
3340.00   1.5742e-18
3342.00   2.0088e-17
3344.00   9.7069e-19
3346.00   6.3789e-20
3348.00   2.2156e-19
3350.00   5.3646e-20
3352.00   2.1601e-18
3354.00   3.0707e-18
3356.00   1.4968e-18
3358.00   4.3977e-16
3360.00   1.3083e-16
3362.00   2.3099e-16
3364.00   1.3542e-17
3366.00   2.6128e-16
3368.00   1.4860e-17
3370.00   1.5586e-16
3372.00   5.5155e-16
3374.00   6.7001e-19
3376.00   9.7835e-17
3378.00   5.6927e-19
3380.00   1.9601e-16
3382.00   9.3168e-17
3384.00   3.2571e-18
3386.00   5.7652e-17
3388.00   2.4132e-18
3390.00   3.6801e-17
3392.00   3.1999e-16
3394.00   5.5966e-18
3396.00   6.8028e-17
3398.00   1.0165e-17
3400.00   1.7218e-18
3402.00   1.7762e-18
3404.00   4.2055e-18
3406.00   2.1403e-17
3408.00   2.9826e-19
3410.00   1.6087e-16
3412.00   1.9718e-18
3414.00   1.5659e-16
3416.00   1.6386e-16
3418.00   2.4470e-19
3420.00   5.4096e-17
3422.00   2.1482e-18
3424.00   5.5570e-19
3426.00   9.2252e-17
3428.00   8.6710e-17
3430.00   1.3750e-16
3432.00   1.7657e-18
3434.00   1.2111e-18
3436.00   3.6798e-16
3438.00   4.4502e-18
3440.00   5.0835e-17
3442.00   2.2134e-17
3444.00   4.0708e-17
3446.00   9.3895e-18
3448.00   2.4377e-18
3450.00   1.6392e-17
3452.00   4.6234e-16
3454.00   5.3715e-17
3456.00   3.5223e-16
3458.00   2.6212e-17
3460.00   1.7688e-18
3462.00   1.3395e-21
3464.00   7.0509e-17
3466.00   8.3997e-18
3468.00   1.1918e-19
3470.00   1.6308e-16
3472.00   2.6030e-17
3474.00   1.0796e-18
3476.00   2.2621e-16
3478.00   5.4329e-17
3480.00   5.2152e-17
3482.00   1.5134e-16
3484.00   1.2525e-16
3486.00   2.1831e-16
3488.00   3.1813e-19
3490.00   2.1409e-16
3492.00   1.6327e-19
3494.00   1.2118e-16
3496.00   1.0689e-16
3498.00   1.7680e-17
3500.00   1.2947e-16
3502.00   4.1796e-19
3504.00   5.9848e-17
3506.00   1.6484e-18
3508.00   5.6508e-17
3510.00   2.5872e-18
3512.00   1.0902e-17
3514.00   1.9146e-18
3516.00   4.6655e-17
3518.00   1.8882e-17
3520.00   6.7426e-18
3522.00   1.9369e-16
3524.00   5.6513e-19
3526.00   3.8199e-17
3528.00   6.7522e-17
3530.00   1.1743e-17
3532.00   1.8908e-17
3534.00   8.0464e-19
3536.00   7.5579e-17
3538.00   8.1093e-17
3540.00   9.8373e-18
3542.00   5.3059e-17
3544.00   5.3089e-18
3546.00   1.7519e-19
3548.00   2.4499e-17
3550.00   4.2319e-18
3552.00   9.3107e-18
3554.00   3.4640e-17
3556.00   1.5973e-16
3558.00   1.0981e-16
3560.00   1.0437e-17
3562.00   1.2249e-18
3564.00   3.0366e-17
3566.00   9.7940e-17
3568.00   2.7127e-18
3570.00   9.9825e-19
3572.00   8.9915e-19
3574.00   1.0593e-19
3576.00   8.0040e-18
3578.00   3.5055e-19
3580.00   1.9762e-19
3582.00   1.6480e-20
3584.00   3.9247e-18
3586.00   3.1119e-17
3588.00   1.5154e-17
3590.00   3.9054e-17
3592.00   2.3487e-19
3594.00   1.1800e-18
3596.00   5.2873e-20
3598.00   2.6505e-18
3600.00   2.3490e-18
3602.00   1.5377e-17
3604.00   8.3413e-19
3606.00   9.1092e-18
3608.00   1.2615e-18
3610.00   2.5551e-18
3612.00   9.1891e-19
3614.00   3.6881e-17
3616.00   2.7189e-19
3618.00   2.2514e-18
3620.00   1.3356e-18
3622.00   2.1807e-16
3624.00   2.3444e-16
3626.00   1.8580e-20
3628.00   7.5768e-18
3630.00   9.8119e-19
3632.00   5.7664e-19
3634.00   1.7776e-20
3636.00   6.1332e-17
3638.00   2.6620e-18
3640.00   1.8079e-19
3642.00   2.9577e-16
3644.00   1.3385e-18
3646.00   3.9274e-18
3648.00   1.2859e-18
3650.00   2.6696e-19
3652.00   5.5872e-20
3654.00   7.0910e-20
3656.00   3.5277e-16
3658.00   1.2992e-18
3660.00   4.7125e-19
3662.00   1.0911e-17
3664.00   1.4341e-19
3666.00   9.3537e-20
3668.00   1.5887e-19
3670.00   3.1257e-19
3672.00   1.0049e-19
3674.00   1.0425e-18
3676.00   3.2977e-19
3678.00   5.8147e-20
3680.00   2.4851e-18
3682.00   8.9626e-18
3684.00   1.3388e-19
3686.00   1.3033e-17
3688.00   4.2115e-19
3690.00   3.7882e-19
3692.00   1.3362e-19
3694.00   3.1856e-18
3696.00   2.0187e-18
3698.00   2.8500e-17
3700.00   2.3065e-18
3702.00   4.5809e-22
3704.00   2.2705e-18
3706.00   4.1473e-20
3708.00   1.9773e-19
3710.00   7.2089e-18
3712.00   1.1963e-17
3714.00   1.9119e-18
3716.00   1.5558e-18
3718.00   4.2748e-19
3720.00   8.6567e-18
3722.00   2.3878e-19
3724.00   7.1163e-18
3726.00   1.7140e-17
3728.00   1.0705e-16
3730.00   3.7932e-19
3732.00   1.5488e-19
3734.00   1.5864e-19
3736.00   8.5514e-20
3738.00   1.7809e-18
3740.00   1.3101e-19
3742.00   8.7737e-18
3744.00   3.0095e-18
3746.00   1.7493e-17
3748.00   1.9750e-16
3750.00   2.0836e-18
3752.00   2.0657e-20
3754.00   2.1412e-18
3756.00   4.9939e-17
3758.00   1.6296e-17
3760.00   1.3371e-16
3762.00   1.4044e-16
3764.00   2.1601e-16
3766.00   3.2243e-19
3768.00   8.7254e-19
3770.00   5.8135e-20
3772.00   1.4989e-19
3774.00   1.6380e-19
3776.00   2.3149e-19
3778.00   7.7746e-18
3780.00   4.2184e-17
3782.00   3.9731e-17
3784.00   1.1849e-16
3786.00   1.7244e-17
3788.00   1.0856e-18
3790.00   2.5660e-19
3792.00   2.0246e-19
3794.00   1.4000e-19
3796.00   6.2953e-19
3798.00   1.3791e-17
3800.00   3.4888e-19
3802.00   1.1670e-18
3804.00   1.3978e-18
3806.00   1.4795e-18
3808.00   8.7592e-18
3810.00   7.3160e-19
3812.00   6.8265e-19
3814.00   6.7673e-17
3816.00   1.2951e-20
3818.00   1.8745e-20
3820.00   1.8119e-18
3822.00   5.6388e-17
3824.00   2.6468e-16
3826.00   3.2306e-20
3828.00   8.3803e-17
3830.00   1.0290e-18
3832.00   1.0638e-20
3834.00   7.2428e-18
3836.00   3.6412e-19
3838.00   2.4189e-19
3840.00   5.4644e-19
3842.00   3.3648e-19
3844.00   4.6644e-19
3846.00   7.0376e-17
3848.00   4.3560e-19
3850.00   1.4435e-19
3852.00   1.4112e-19
3854.00   1.4842e-19
3856.00   9.5718e-19
3858.00   5.7754e-19
3860.00   7.1278e-19
3862.00   4.8119e-19
3864.00   2.9256e-18
3866.00   2.2935e-19
3868.00   1.5515e-19
3870.00   7.8662e-20
3872.00   1.6984e-16
3874.00   1.5079e-19
3876.00   1.1262e-18
3878.00   3.8086e-19
3880.00   3.2842e-19
3882.00   2.5105e-19
3884.00   2.3759e-18
3886.00   5.1133e-20
3888.00   3.6105e-21
3890.00   5.9262e-20
3892.00   1.4921e-20
3894.00   8.1661e-18
3896.00   1.8107e-17
3898.00   3.0408e-20
3900.00   3.4214e-19
3902.00   9.3447e-21
3904.00   8.1099e-18
3906.00   9.5382e-17
3908.00   4.8220e-17
3910.00   1.3363e-17
3912.00   2.4956e-18
3914.00   6.6507e-17
3916.00   1.9004e-18
3918.00   1.3569e-17
3920.00   2.6065e-17
3922.00   1.7835e-18
3924.00   2.8089e-18
3926.00   2.7390e-18
3928.00   8.7928e-18
3930.00   8.6787e-17
3932.00   6.1382e-18
3934.00   4.2349e-19
3936.00   1.0347e-16
3938.00   2.7072e-16
3940.00   1.8494e-18
3942.00   9.5423e-19
3944.00   4.6698e-19
3946.00   1.0303e-16
3948.00   3.1049e-19
3950.00   2.0352e-18
3952.00   4.8023e-18
3954.00   5.3787e-19
3956.00   1.1393e-19
3958.00   8.2535e-18
3960.00   2.1014e-17
3962.00   1.3405e-18
3964.00   4.3032e-17
3966.00   8.1881e-18
3968.00   8.4243e-19
3970.00   3.2389e-17
3972.00   1.2869e-18
3974.00   2.1264e-16
3976.00   1.1397e-17
3978.00   5.6813e-19
3980.00   2.8030e-19
3982.00   4.1906e-17
3984.00   3.0357e-18
3986.00   2.5216e-19
3988.00   2.5557e-19
3990.00   6.0399e-17
3992.00   2.5604e-18
3994.00   1.0304e-19
3996.00   1.7936e-17
3998.00   2.1875e-20
4000.00   1.4218e-18
4002.00   2.2205e-16
4004.00   1.1466e-17
4006.00   3.5355e-20
4008.00   2.1324e-17
4010.00   4.0966e-19
4012.00   4.7733e-18
4014.00   1.1504e-18
4016.00   1.7448e-18
4018.00   5.9083e-19
4020.00   6.0051e-19
4022.00   1.3887e-18
4024.00   8.6607e-17
4026.00   3.6714e-19
4028.00   4.0405e-19
4030.00   3.9597e-21
4032.00   3.1983e-19
4034.00   5.6287e-18
4036.00   4.1383e-19
4038.00   6.2259e-20
4040.00   1.3295e-18
4042.00   1.6930e-19
4044.00   4.9699e-19
4046.00   1.2780e-18
4048.00   5.7722e-19
4050.00   4.6948e-19
4052.00   6.5285e-19
4054.00   2.0816e-19
4056.00   1.2576e-19
4058.00   1.9850e-17
4060.00   3.9846e-19
4062.00   8.2578e-17
4064.00   2.3520e-18
4066.00   6.9308e-20
4068.00   3.0518e-18
4070.00   1.1126e-17
4072.00   6.0934e-20
4074.00   4.3396e-18
4076.00   2.4246e-17
4078.00   2.7131e-17
4080.00   7.0565e-19
4082.00   3.3581e-19
4084.00   4.1455e-19
4086.00   4.5121e-19
4088.00   1.8771e-17
4090.00   2.4916e-19
4092.00   2.3423e-18
4094.00   6.6822e-18
4096.00   7.8719e-20
4098.00   1.7271e-18
4100.00   6.3130e-20
4102.00   1.2696e-18
4104.00   4.2356e-18
4106.00   6.1428e-19
4108.00   1.4367e-17
4110.00   8.2129e-19
4112.00   2.7353e-17
4114.00   1.1698e-19
4116.00   8.5465e-20
4118.00   1.1520e-17
4120.00   6.3814e-18
4122.00   8.4080e-17
4124.00   1.9476e-17
4126.00   5.0591e-20
4128.00   9.7537e-17
4130.00   5.4944e-21
4132.00   1.0496e-18
4134.00   8.7678e-19
4136.00   1.3580e-18
4138.00   2.5548e-17
4140.00   1.5126e-18
4142.00   1.1512e-19
4144.00   8.1893e-18
4146.00   4.3569e-20
4148.00   2.0554e-18
4150.00   4.3477e-18
4152.00   4.6242e-18
4154.00   1.0361e-18
4156.00   2.3604e-19
4158.00   3.4570e-18
4160.00   8.3179e-18
4162.00   8.6713e-18
4164.00   9.4104e-19
4166.00   1.3499e-19
4168.00   4.4142e-18
4170.00   7.7275e-19
4172.00   7.0142e-18
4174.00   2.7448e-16
4176.00   2.6705e-18
4178.00   2.5578e-16
4180.00   8.2704e-17
4182.00   2.4563e-18
4184.00   9.2554e-18
4186.00   1.5666e-18
4188.00   3.6730e-19
4190.00   1.0035e-18
4192.00   2.7195e-20
4194.00   5.8630e-20
4196.00   7.1256e-19
4198.00   4.0887e-20
4200.00   6.9178e-19
4202.00   7.0563e-18
4204.00   6.0587e-20
4206.00   2.6597e-18
4208.00   2.3964e-19
4210.00   5.2858e-18
4212.00   1.3424e-18
4214.00   1.2711e-18
4216.00   2.4210e-20
4218.00   6.6746e-19
4220.00   3.8041e-19
4222.00   1.3224e-18
4224.00   1.2680e-18
4226.00   1.0189e-18
4228.00   4.2017e-19
4230.00   1.8194e-20
4232.00   7.9340e-19
4234.00   3.9255e-16
4236.00   5.5403e-19
4238.00   1.7994e-18
4240.00   1.2536e-19
4242.00   1.7954e-18
4244.00   5.2571e-18
4246.00   3.0951e-21
4248.00   8.4491e-17
4250.00   1.6347e-18
4252.00   3.7949e-19
4254.00   2.7072e-19
4256.00   2.0659e-17
4258.00   6.9854e-17
4260.00   6.2298e-19
4262.00   1.4667e-19
4264.00   7.2754e-19
4266.00   4.4322e-19
4268.00   9.5047e-19
4270.00   2.8307e-18
4272.00   1.4847e-20
4274.00   1.2283e-16
4276.00   2.1300e-18
4278.00   3.8676e-17
4280.00   3.7186e-19
4282.00   2.5402e-18
4284.00   3.2647e-20
4286.00   1.7479e-18
4288.00   3.1211e-18
4290.00   2.2767e-19
4292.00   3.3847e-17
4294.00   3.3185e-20
4296.00   1.4763e-16
4298.00   6.5249e-20
4300.00   1.1224e-17
4302.00   2.2038e-17
4304.00   2.5629e-16
4306.00   6.1811e-19
4308.00   1.8150e-21
4310.00   2.2281e-19
4312.00   1.6710e-18
4314.00   1.3672e-16
4316.00   6.2379e-20
4318.00   7.3933e-19
4320.00   1.6960e-18
4322.00   9.8741e-19
4324.00   7.5182e-20
4326.00   3.2522e-17
4328.00   2.8640e-18
4330.00   6.4687e-19
4332.00   2.5312e-16
4334.00   4.7712e-20
4336.00   3.9515e-20
4338.00   1.6039e-16
4340.00   1.8695e-17
4342.00   7.4805e-19
4344.00   2.0023e-17
4346.00   1.4561e-18
4348.00   5.3773e-19
4350.00   3.4465e-19
4352.00   3.1101e-16
4354.00   1.4452e-18
4356.00   7.2547e-19
4358.00   4.4029e-17
4360.00   7.6391e-18
4362.00   2.6705e-17
4364.00   1.9333e-19
4366.00   6.1724e-19
4368.00   7.8600e-20
4370.00   4.9195e-17
4372.00   3.5380e-16
4374.00   1.9948e-19
4376.00   2.9567e-18
4378.00   2.1265e-18
4380.00   1.5222e-18
4382.00   1.7818e-19
4384.00   1.6277e-16
4386.00   2.3693e-16
4388.00   7.2956e-19
4390.00   1.3615e-20
4392.00   2.4661e-19
4394.00   2.7085e-19
4396.00   2.9952e-19
4398.00   2.1557e-16
4400.00   1.6881e-18
4402.00   8.3399e-18
4404.00   2.3254e-20
4406.00   2.9407e-19
4408.00   9.0455e-20
4410.00   1.2012e-18
4412.00   7.5868e-20
4414.00   3.2977e-16
4416.00   2.3547e-16
4418.00   1.1302e-18
4420.00   2.5734e-19
4422.00   1.4821e-18
4424.00   1.3449e-18
4426.00   1.7480e-19
4428.00   8.5702e-21
4430.00   1.3192e-18
4432.00   2.2731e-18
4434.00   9.4436e-19
4436.00   6.7134e-19
4438.00   3.8497e-19
4440.00   8.3013e-17
4442.00   7.3217e-19
4444.00   8.7489e-18
4446.00   1.7071e-18
4448.00   1.6797e-18
4450.00   2.6442e-18
4452.00   4.4422e-17
4454.00   1.0826e-18
4456.00   2.4010e-17
4458.00   3.1158e-19
4460.00   7.1829e-20
4462.00   2.8641e-17
4464.00   1.6800e-19
4466.00   3.7241e-18
4468.00   2.4910e-19
4470.00   1.8178e-19
4472.00   1.9235e-16
4474.00   1.5572e-17
4476.00   6.2712e-20
4478.00   2.3671e-19
4480.00   7.9687e-18
4482.00   2.6226e-21
4484.00   2.2883e-20
4486.00   2.0859e-19
4488.00   9.3516e-19
4490.00   2.4325e-16
4492.00   1.6672e-16
4494.00   3.1246e-18
4496.00   1.0339e-19
4498.00   7.3207e-20
4500.00   3.9513e-19
4502.00   6.0212e-19
4504.00   1.7650e-18
4506.00   4.0895e-19
4508.00   2.6335e-16
4510.00   3.9446e-18
4512.00   1.3907e-18
4514.00   7.2568e-20
4516.00   1.7703e-16
4518.00   2.4803e-19
4520.00   2.6991e-16
4522.00   2.8898e-16
4524.00   5.4245e-18
4526.00   1.3418e-17
4528.00   5.9536e-20
4530.00   4.1698e-18
4532.00   2.0529e-19
4534.00   9.5148e-17
4536.00   1.7664e-19
4538.00   7.1614e-19
4540.00   1.4390e-20
4542.00   2.3753e-16
4544.00   1.7330e-19
4546.00   7.5828e-19
4548.00   1.7722e-19
4550.00   3.1157e-16
4552.00   3.5567e-20
4554.00   1.0471e-19
4556.00   2.2582e-16
4558.00   9.4724e-21
4560.00   4.3056e-19
4562.00   1.1611e-19
4564.00   1.0607e-18
4566.00   1.2623e-20
4568.00   5.2616e-19
4570.00   2.6511e-19
4572.00   8.1093e-20
4574.00   1.4692e-20
4576.00   2.7519e-16
4578.00   4.3687e-18
4580.00   2.9397e-17
4582.00   1.3913e-16
4584.00   3.5443e-16
4586.00   2.6921e-18
4588.00   2.3620e-19
4590.00   7.4524e-19
4592.00   1.6033e-18
4594.00   2.2940e-18
4596.00   1.3614e-16
4598.00   2.6269e-17
4600.00   1.8663e-22
4602.00   9.0235e-19
4604.00   1.3578e-18
4606.00   1.1044e-18
4608.00   3.2527e-20
4610.00   3.6114e-19
4612.00   4.9940e-18
4614.00   2.5288e-18
4616.00   4.2853e-20
4618.00   4.7524e-20
4620.00   2.9353e-16
4622.00   3.4198e-19
4624.00   7.1611e-19
4626.00   1.2164e-18
4628.00   5.4707e-18
4630.00   3.1982e-16
4632.00   1.3646e-18
4634.00   5.8342e-18
4636.00   1.5924e-19
4638.00   2.6623e-18
4640.00   3.2529e-19
4642.00   8.9954e-20
4644.00   1.5909e-18
4646.00   1.2540e-20
4648.00   1.3061e-16
4650.00   3.8793e-20
4652.00   5.6124e-19
4654.00   7.4073e-21
4656.00   8.0419e-18
4658.00   6.4244e-19
4660.00   6.5610e-20
4662.00   8.1421e-20
4664.00   4.5386e-18
4666.00   1.7512e-16
4668.00   2.4196e-19
4670.00   1.8728e-17
4672.00   7.6351e-21
4674.00   2.7389e-21
4676.00   4.5959e-19
4678.00   9.7592e-20
4680.00   7.1998e-21
4682.00   1.4450e-21
4684.00   1.6721e-19
4686.00   1.8643e-19
4688.00   1.8550e-19
4690.00   2.7460e-20
4692.00   8.4454e-20
4694.00   1.8886e-20
4696.00   6.5964e-19
4698.00   2.3773e-19
4700.00   1.0022e-19
4702.00   8.2591e-20
4704.00   1.0849e-19
4706.00   9.8496e-20
4708.00   2.8903e-19
4710.00   6.4500e-19
4712.00   4.8261e-22
4714.00   1.7076e-18
4716.00   7.7551e-20
4718.00   2.2888e-19
4720.00   5.8638e-18
4722.00   2.3394e-19
4724.00   2.1061e-19
4726.00   2.7815e-20
4728.00   4.0501e-18
4730.00   2.1504e-19
4732.00   3.2992e-17
4734.00   4.3460e-20
4736.00   2.3333e-21
4738.00   1.6990e-18
4740.00   3.2868e-20
4742.00   6.7807e-20
4744.00   9.7032e-18
4746.00   6.7034e-19
4748.00   5.6608e-20
4750.00   7.7392e-19
4752.00   3.6938e-20
4754.00   1.9554e-19
4756.00   6.2067e-19
4758.00   1.0607e-19
4760.00   5.5491e-18
4762.00   3.4542e-20
4764.00   1.3124e-19
4766.00   1.2230e-20
4768.00   7.2018e-20
4770.00   1.5836e-20
4772.00   4.4038e-20
4774.00   3.4272e-19
4776.00   5.3707e-20
4778.00   2.3796e-18
4780.00   8.3838e-20
4782.00   8.3910e-21
4784.00   4.3376e-20
4786.00   7.6411e-21
4788.00   1.7257e-21
4790.00   5.1008e-19
4792.00   2.0229e-19
4794.00   2.7229e-21
4796.00   1.1369e-20
4798.00   1.5024e-19
4800.00   2.1993e-21
4802.00   8.6911e-20
4804.00   3.2110e-19
4806.00   7.0602e-20
4808.00   4.1341e-19
4810.00   4.9764e-18
4812.00   4.5067e-20
4814.00   7.8795e-19
4816.00   2.1377e-18
4818.00   2.2534e-19
4820.00   6.4899e-21
4822.00   7.6805e-20
4824.00   2.8580e-18
4826.00   1.8653e-17
4828.00   5.6522e-21
4830.00   5.2481e-19
4832.00   1.4077e-17
4834.00   1.3536e-17
4836.00   2.8666e-18
4838.00   7.1578e-20
4840.00   2.2874e-17
4842.00   9.5114e-19
4844.00   1.6022e-18
4846.00   2.1236e-18
4848.00   6.0139e-18
4850.00   3.1533e-20
4852.00   3.7333e-20
4854.00   2.5245e-20
4856.00   3.4314e-18
4858.00   3.5533e-20
4860.00   1.5699e-19
4862.00   3.0597e-20
4864.00   1.5918e-20
4866.00   5.2563e-18
4868.00   1.7360e-17
4870.00   7.8018e-18
4872.00   6.5070e-18
4874.00   4.9835e-19
4876.00   2.4432e-18
4878.00   1.0101e-19
4880.00   6.2233e-19
4882.00   9.6681e-23
4884.00   4.1102e-20
4886.00   2.7103e-18
4888.00   1.5604e-20
4890.00   4.7279e-18
4892.00   1.5421e-18
4894.00   7.0421e-18
4896.00   4.4127e-18
4898.00   2.6057e-19
4900.00   4.4792e-19
4902.00   8.2566e-18
4904.00   3.7871e-18
4906.00   6.4166e-19
4908.00   1.2115e-21
4910.00   8.1968e-21
4912.00   4.7299e-19
4914.00   6.5453e-21
4916.00   3.0015e-20
4918.00   6.2465e-20
4920.00   1.2824e-19
4922.00   6.5757e-19
4924.00   4.1716e-16
4926.00   3.7968e-20
4928.00   2.7097e-19
4930.00   4.5291e-21
4932.00   7.7094e-19
4934.00   1.2483e-19
4936.00   3.4807e-19
4938.00   3.3289e-20
4940.00   6.0824e-20
4942.00   2.9565e-20
4944.00   4.8448e-19
4946.00   6.5385e-19
4948.00   1.3673e-18
4950.00   9.6908e-19
4952.00   2.7262e-18
4954.00   1.2512e-17
4956.00   2.9431e-22
4958.00   2.5546e-20
4960.00   7.4751e-20
4962.00   1.4250e-19
4964.00   9.1264e-21
4966.00   6.9433e-21
4968.00   6.8689e-19
4970.00   2.6930e-18
4972.00   5.3492e-20
4974.00   1.1153e-18
4976.00   1.0665e-17
4978.00   1.4318e-20
4980.00   1.2527e-18
4982.00   9.0994e-21
4984.00   1.0657e-21
4986.00   2.4738e-21
4988.00   4.4495e-18
4990.00   5.9669e-21
4992.00   3.4081e-18
4994.00   1.8151e-17
4996.00   6.5063e-20
4998.00   3.6814e-18
5000.00   6.4773e-18
5002.00   2.4512e-19
5004.00   6.8673e-20
5006.00   2.4974e-18
5008.00   5.3402e-21
5010.00   2.2449e-21
5012.00   1.1881e-21
5014.00   6.2138e-19
5016.00   2.4408e-18
5018.00   4.4324e-16
5020.00   9.8256e-18
5022.00   1.2462e-18
5024.00   2.0317e-20
5026.00   2.2753e-19
5028.00   1.7794e-20
5030.00   2.5604e-19
5032.00   2.2828e-21
5034.00   6.5802e-21
5036.00   4.6998e-19
5038.00   2.3479e-21
5040.00   3.3968e-19
5042.00   6.8975e-20
5044.00   1.2498e-18
5046.00   1.0279e-17
5048.00   1.1603e-18
5050.00   7.7051e-19
5052.00   3.0559e-20
5054.00   7.4330e-20
5056.00   2.1078e-19
5058.00   8.5131e-21
5060.00   5.7973e-19
5062.00   3.2754e-19
5064.00   6.2706e-20
5066.00   1.3174e-17
5068.00   6.7078e-22
5070.00   8.5275e-20
5072.00   1.7078e-18
5074.00   7.6859e-18
5076.00   1.2774e-18
5078.00   4.6931e-20
5080.00   1.8448e-19
5082.00   7.3755e-21
5084.00   2.4997e-19
5086.00   2.9630e-18
5088.00   1.2093e-20
5090.00   1.6156e-19
5092.00   1.3602e-21
5094.00   4.3499e-18
5096.00   1.2614e-18
5098.00   3.5975e-21
5100.00   7.7049e-17
5102.00   3.2585e-19
5104.00   7.7324e-21
5106.00   6.4242e-20
5108.00   3.4147e-19
5110.00   1.6245e-19
5112.00   8.3845e-19
5114.00   2.7864e-22
5116.00   1.4080e-20
5118.00   2.4368e-21
5120.00   5.6490e-18
5122.00   6.8569e-20
5124.00   9.7991e-19
5126.00   1.9278e-18
5128.00   2.3073e-17
5130.00   3.4924e-19
5132.00   8.7514e-18
5134.00   1.9337e-19
5136.00   7.2342e-18
5138.00   2.0818e-20
5140.00   8.4850e-21
5142.00   6.8450e-21
5144.00   7.1698e-20
5146.00   1.5840e-17
5148.00   4.8199e-20
5150.00   5.6031e-18
5152.00   2.9203e-21
5154.00   1.1692e-17
5156.00   3.3581e-20
5158.00   7.0189e-18
5160.00   3.2687e-17
5162.00   5.3133e-18
5164.00   4.3546e-19
5166.00   8.1306e-20
5168.00   1.4711e-19
5170.00   4.6198e-16
5172.00   1.1746e-17
5174.00   1.7826e-22
5176.00   4.3511e-21
5178.00   8.0470e-19
5180.00   7.3553e-19
5182.00   1.3441e-18
5184.00   8.7932e-19
5186.00   1.9648e-19
5188.00   1.4728e-19
5190.00   3.4168e-22
5192.00   1.6377e-18
5194.00   3.9133e-20
5196.00   3.5833e-22
5198.00   2.7617e-16
5200.00   2.2438e-20
5202.00   2.5521e-22
5204.00   3.9798e-20
5206.00   7.4145e-19
5208.00   3.3088e-21
5210.00   6.2767e-19
5212.00   2.7580e-20
5214.00   2.1555e-19
5216.00   2.1461e-19
5218.00   1.9098e-18
5220.00   1.2391e-19
5222.00   1.3451e-21
5224.00   2.0356e-20
5226.00   8.0794e-20
5228.00   8.1320e-18
5230.00   1.1635e-22
5232.00   2.8726e-19
5234.00   2.8323e-16
5236.00   1.3498e-18
5238.00   2.7342e-18
5240.00   8.9265e-19
5242.00   3.1900e-20
5244.00   5.4419e-19
5246.00   3.6347e-19
5248.00   3.5766e-20
5250.00   3.9169e-19
5252.00   1.1187e-18
5254.00   1.4403e-16
5256.00   3.5518e-17
5258.00   1.2045e-18
5260.00   8.0307e-19
5262.00   2.7860e-18
5264.00   5.8140e-17
5266.00   1.3775e-22
5268.00   6.6353e-19
5270.00   1.6319e-19
5272.00   6.9090e-17
5274.00   2.0655e-18
5276.00   3.1367e-16
5278.00   2.1300e-18
5280.00   1.3546e-19
5282.00   3.8696e-20
5284.00   3.6997e-16
5286.00   7.1127e-19
5288.00   1.3712e-19
5290.00   1.5989e-19
5292.00   6.1058e-19
5294.00   1.7574e-18
5296.00   1.8358e-19
5298.00   9.7177e-19
5300.00   1.6816e-19
5302.00   1.0413e-19
5304.00   1.3386e-18
5306.00   2.5061e-21
5308.00   9.1464e-20
5310.00   5.0232e-20
5312.00   1.1043e-20
5314.00   1.7452e-18
5316.00   3.7600e-16
5318.00   5.6085e-21
5320.00   6.9368e-19
5322.00   4.7452e-20
5324.00   2.7452e-18
5326.00   1.6718e-16
5328.00   6.6757e-20
5330.00   7.8482e-20
5332.00   1.6059e-20
5334.00   1.6673e-18
5336.00   3.8962e-19
5338.00   1.6396e-17
5340.00   5.5582e-19
5342.00   4.1916e-20
5344.00   4.3675e-20
5346.00   8.2492e-18
5348.00   1.2468e-19
5350.00   5.1973e-19
5352.00   2.1603e-19
5354.00   9.9017e-19
5356.00   2.8348e-20
5358.00   3.0619e-18
5360.00   1.8824e-20
5362.00   1.4509e-16
5364.00   5.0811e-20
5366.00   2.6694e-19
5368.00   5.2581e-20
5370.00   1.6748e-19
5372.00   1.1962e-19
5374.00   2.6949e-21
5376.00   1.2491e-18
5378.00   9.4749e-20
5380.00   4.5808e-19
5382.00   1.2087e-18
5384.00   1.3397e-19
5386.00   1.2462e-19
5388.00   1.1491e-19
5390.00   2.0207e-20
5392.00   4.9596e-21
5394.00   2.7981e-18
5396.00   3.8664e-19
5398.00   1.6649e-20
5400.00   4.7362e-20
5402.00   1.0905e-19
5404.00   3.1790e-20
5406.00   7.5841e-19
5408.00   1.4244e-18
5410.00   4.0667e-20
5412.00   2.4789e-19
5414.00   1.9430e-17
5416.00   1.1645e-19
5418.00   3.7300e-19
5420.00   1.8920e-19
5422.00   1.6365e-19
5424.00   1.1342e-19
5426.00   1.6099e-16
5428.00   3.9675e-17
5430.00   3.2870e-20
5432.00   4.1051e-18
5434.00   4.3305e-19
5436.00   3.9607e-19
5438.00   8.1655e-20
5440.00   3.0671e-18
5442.00   9.1764e-20
5444.00   2.7926e-19
5446.00   5.8704e-18
5448.00   3.0885e-20
5450.00   1.3625e-17
5452.00   4.9543e-19
5454.00   1.1779e-19
5456.00   4.2264e-20
5458.00   6.8758e-20
5460.00   1.3525e-19
5462.00   3.5682e-23
5464.00   1.7652e-22
5466.00   9.3653e-18
5468.00   1.8702e-18
5470.00   3.2444e-19
5472.00   4.3332e-20
5474.00   6.6160e-21
5476.00   1.9873e-20
5478.00   6.3438e-18
5480.00   2.4181e-20
5482.00   2.1161e-19
5484.00   9.1350e-19
5486.00   4.8933e-19
5488.00   1.3429e-18
5490.00   4.3334e-20
5492.00   1.1711e-21
5494.00   1.6093e-21
5496.00   1.8078e-19
5498.00   2.5476e-18
5500.00   2.2215e-18
5502.00   6.5906e-18
5504.00   9.3845e-20
5506.00   3.6379e-19
5508.00   5.2788e-19
5510.00   1.9582e-18
5512.00   8.4601e-22
5514.00   1.3235e-19
5516.00   5.0407e-20
5518.00   2.2605e-19
5520.00   9.2377e-19
5522.00   8.1094e-20
5524.00   1.1069e-21
5526.00   3.0719e-18
5528.00   2.5612e-19
5530.00   3.4673e-17
5532.00   4.5130e-18
5534.00   2.0729e-17
5536.00   4.6221e-20
5538.00   5.1305e-19
5540.00   1.4068e-19
5542.00   2.6565e-19
5544.00   8.3388e-18
5546.00   1.4070e-18
5548.00   8.0326e-20
5550.00   7.8920e-20
5552.00   8.2537e-20
5554.00   1.0738e-19
5556.00   1.2087e-19
5558.00   2.0741e-20
5560.00   9.2267e-20
5562.00   4.1913e-21
5564.00   6.2479e-23
5566.00   3.3002e-18
5568.00   2.6096e-17
5570.00   1.2801e-19
5572.00   1.6780e-19
5574.00   7.1495e-20
5576.00   1.5507e-21
5578.00   4.1601e-20
5580.00   1.8617e-19
5582.00   1.5939e-18
5584.00   5.7386e-20
5586.00   1.7687e-20
5588.00   2.1399e-17
5590.00   6.3270e-20
5592.00   5.4766e-19
5594.00   1.1774e-21
5596.00   4.7756e-19
5598.00   1.6262e-20
5600.00   1.0373e-19
5602.00   2.6421e-19
5604.00   2.1148e-21
5606.00   8.0156e-21
5608.00   7.3656e-19
5610.00   2.4405e-20
5612.00   6.2361e-19
5614.00   5.1067e-20
5616.00   1.0687e-19
5618.00   2.7008e-19
5620.00   7.3726e-20
5622.00   8.1645e-20
5624.00   1.4365e-17
5626.00   1.9210e-18
5628.00   1.4863e-17
5630.00   4.3165e-19
5632.00   4.5695e-19
5634.00   7.4968e-20
5636.00   1.3362e-22
5638.00   2.8213e-19
5640.00   7.4778e-20
5642.00   8.6099e-22
5644.00   1.1893e-18
5646.00   6.0481e-22
5648.00   8.1770e-21
5650.00   6.5530e-20
5652.00   3.2862e-18
5654.00   1.5711e-19
5656.00   6.5800e-19
5658.00   2.0295e-17
5660.00   3.7784e-20
5662.00   5.1228e-20
5664.00   5.3541e-19
5666.00   3.4147e-20
5668.00   3.2083e-20
5670.00   1.3369e-17
5672.00   8.3442e-22
5674.00   4.8981e-19
5676.00   2.7890e-19
5678.00   4.7359e-20
5680.00   7.0958e-21
5682.00   1.5674e-19
5684.00   4.1532e-21
5686.00   1.1460e-22
5688.00   5.8557e-22
5690.00   2.0488e-17
5692.00   1.4756e-19
5694.00   2.7906e-22
5696.00   2.5818e-19
5698.00   3.5769e-23
5700.00   1.4292e-18
5702.00   3.7844e-21
5704.00   3.1559e-19
5706.00   6.9032e-20
5708.00   1.7640e-19
5710.00   1.4400e-20
5712.00   2.9097e-19
5714.00   1.3705e-20
5716.00   7.5507e-19
5718.00   1.1748e-18
5720.00   1.1123e-21
5722.00   3.7546e-18
5724.00   8.0091e-21
5726.00   4.1571e-18
5728.00   7.2851e-20
5730.00   6.3674e-19
5732.00   4.8641e-18
5734.00   6.1423e-20
5736.00   1.3601e-22
5738.00   2.1590e-18
5740.00   3.5938e-21
5742.00   4.1536e-20
5744.00   5.7658e-19
5746.00   1.8537e-18
5748.00   1.0367e-18
5750.00   1.5645e-19
5752.00   2.0832e-20
5754.00   1.1412e-18
5756.00   8.2234e-20
5758.00   4.5374e-19
5760.00   2.8071e-19
5762.00   2.0115e-19
5764.00   1.9696e-20
5766.00   5.2901e-19
5768.00   5.4653e-20
5770.00   1.1059e-20
5772.00   7.0983e-21
5774.00   9.7422e-20
5776.00   3.3226e-20
5778.00   3.9080e-21
5780.00   2.0006e-18
5782.00   4.3432e-19
5784.00   1.7283e-19
5786.00   9.9391e-21
5788.00   5.6643e-21
5790.00   1.9312e-19
5792.00   7.9146e-20
5794.00   8.6280e-20
5796.00   3.8064e-18
5798.00   6.1049e-19
5800.00   3.3005e-20
5802.00   8.8795e-19
5804.00   4.2472e-19
5806.00   1.0744e-20
5808.00   3.3111e-19
5810.00   1.5003e-19
5812.00   3.9301e-19
5814.00   3.0528e-17
5816.00   2.1195e-21
5818.00   2.3459e-20
5820.00   6.3357e-26
5822.00   7.5597e-20
5824.00   2.3607e-18
5826.00   2.9831e-18
5828.00   9.5607e-21
5830.00   1.3213e-18
5832.00   4.8726e-19
5834.00   1.1243e-18
5836.00   1.8337e-17
5838.00   2.2550e-21
5840.00   2.4612e-21
5842.00   8.3469e-19
5844.00   5.6079e-21
5846.00   1.8803e-22
5848.00   3.0992e-20
5850.00   1.6514e-20
5852.00   6.1511e-20
5854.00   1.5578e-18
5856.00   1.6824e-19
5858.00   4.0472e-20
5860.00   4.9941e-19
5862.00   1.2547e-18
5864.00   1.3893e-18
5866.00   6.5320e-21
5868.00   1.7684e-19
5870.00   3.0090e-19
5872.00   3.1645e-21
5874.00   4.1249e-20
5876.00   2.0867e-20
5878.00   9.6577e-21
5880.00   3.9297e-19
5882.00   5.7453e-21
5884.00   3.9801e-21
5886.00   3.8229e-20
5888.00   8.0258e-21
5890.00   3.2475e-22
5892.00   4.0256e-18
5894.00   6.2052e-21
5896.00   2.1453e-19
5898.00   4.0442e-19
5900.00   2.2729e-20
5902.00   2.4756e-18
5904.00   1.5421e-19
5906.00   9.3779e-20
5908.00   1.2894e-19
5910.00   2.9784e-19
5912.00   1.4501e-22
5914.00   2.5914e-17
5916.00   2.1554e-21
5918.00   2.6395e-21
5920.00   6.4499e-20
5922.00   1.4340e-18
5924.00   6.0115e-19
5926.00   1.1021e-18
5928.00   4.8600e-22
5930.00   1.6784e-19
5932.00   4.4823e-18
5934.00   2.1663e-21
5936.00   1.0004e-22
5938.00   7.3703e-21
5940.00   5.5181e-20
5942.00   1.4457e-20
5944.00   6.6081e-19
5946.00   9.4239e-19
5948.00   5.3982e-20
5950.00   2.3497e-20
5952.00   2.4294e-17
5954.00   7.2001e-22
5956.00   2.0501e-18
5958.00   2.7500e-21
5960.00   1.7214e-20
5962.00   6.1053e-18
5964.00   4.7165e-21
5966.00   2.2877e-22
5968.00   3.3166e-18
5970.00   2.4273e-20
5972.00   2.2746e-19
5974.00   3.9191e-20
5976.00   1.2855e-20
5978.00   2.3184e-23
5980.00   2.0478e-21
5982.00   2.1036e-18
5984.00   1.0936e-19
5986.00   4.5834e-19
5988.00   2.7329e-20
5990.00   2.1873e-22
5992.00   3.7059e-17
5994.00   1.2525e-18
5996.00   6.6441e-20
5998.00   6.7998e-20
6000.00   4.0807e-22
6002.00   3.1631e-21
6004.00   2.3826e-19
6006.00   2.4689e-19
6008.00   2.6276e-21
6010.00   1.5749e-21
6012.00   8.3923e-20
6014.00   9.7319e-20
6016.00   1.5831e-18
6018.00   2.4468e-18
6020.00   1.0749e-21
6022.00   1.6982e-18
6024.00   9.9584e-20
6026.00   3.0810e-22
6028.00   4.7645e-20
6030.00   5.0138e-21
6032.00   9.9228e-19
6034.00   5.8130e-19
6036.00   1.2713e-19
6038.00   1.8168e-21
6040.00   9.2049e-19
6042.00   6.0559e-21
6044.00   2.1771e-18
6046.00   9.2175e-18
6048.00   7.3800e-19
6050.00   5.7041e-18
6052.00   3.8872e-22
6054.00   1.8585e-20
6056.00   1.2349e-22
6058.00   1.2957e-19
6060.00   9.3795e-18
6062.00   3.2294e-21
6064.00   6.4851e-19
6066.00   2.6062e-24
6068.00   1.8544e-18
6070.00   1.6513e-18
6072.00   1.5365e-19
6074.00   3.0502e-20
6076.00   7.0208e-22
6078.00   2.1235e-17
6080.00   6.9671e-19
6082.00   2.5456e-22
6084.00   1.9861e-17
6086.00   7.1810e-20
6088.00   2.0108e-18
6090.00   2.6535e-23
6092.00   3.8684e-20
6094.00   2.2476e-20
6096.00   9.3730e-20
6098.00   7.0408e-21
6100.00   2.2370e-19
6102.00   9.4297e-24
6104.00   1.3794e-17
6106.00   1.0873e-19
6108.00   1.0920e-19
6110.00   3.5217e-25
6112.00   3.2803e-21
6114.00   1.1614e-17
6116.00   3.5369e-18
6118.00   9.0713e-19
6120.00   2.1898e-18
6122.00   2.0903e-18
6124.00   2.6370e-22
6126.00   1.6099e-20
6128.00   1.0416e-25
6130.00   4.8310e-18
6132.00   4.3828e-20
6134.00   3.2556e-19
6136.00   1.3549e-20
6138.00   4.4755e-22
6140.00   5.5018e-22
6142.00   1.5624e-18
6144.00   1.1828e-21
6146.00   6.4258e-20
6148.00   9.6017e-17
6150.00   9.6545e-17
6152.00   2.2290e-19
6154.00   3.8740e-18
6156.00   8.3065e-19
6158.00   1.7765e-18
6160.00   4.4408e-19
6162.00   1.5467e-21
6164.00   1.4494e-18
6166.00   1.8477e-19
6168.00   3.7340e-22
6170.00   4.4606e-21
6172.00   8.5248e-18
6174.00   6.3054e-20
6176.00   2.1808e-17
6178.00   1.2810e-19
6180.00   2.2826e-17
6182.00   6.3966e-22
6184.00   1.7488e-18
6186.00   1.3506e-17
6188.00   7.4247e-20
6190.00   7.3205e-20
6192.00   4.8031e-20
6194.00   2.3075e-22
6196.00   2.9255e-19
6198.00   4.6205e-19
6200.00   6.4298e-18
6202.00   1.0468e-19
6204.00   4.6705e-19
6206.00   3.5200e-22
6208.00   2.0612e-21
6210.00   1.8616e-21
6212.00   1.4070e-23
6214.00   2.9306e-19
6216.00   6.9426e-21
6218.00   1.3820e-19
6220.00   7.6109e-19
6222.00   1.6295e-18
6224.00   5.3295e-22
6226.00   3.7509e-26
6228.00   5.9886e-20
6230.00   1.7362e-18
6232.00   2.0551e-19
6234.00   1.0409e-17
6236.00   2.0072e-20
6238.00   1.1657e-16
6240.00   3.1781e-17
6242.00   3.4643e-21
6244.00   2.3242e-19
6246.00   7.9869e-21
6248.00   1.6022e-16
6250.00   1.9951e-24
6252.00   1.5384e-21
6254.00   5.0372e-23
6256.00   3.2454e-19
6258.00   5.2404e-20
6260.00   2.1868e-19
6262.00   3.8220e-19
6264.00   4.1735e-18
6266.00   6.6656e-21
6268.00   4.9763e-21
6270.00   1.4605e-19
6272.00   1.0682e-19
6274.00   1.8429e-18
6276.00   4.2411e-21
6278.00   4.9147e-22
6280.00   1.0795e-18
6282.00   8.2125e-21
6284.00   2.1825e-22
6286.00   2.7772e-23
6288.00   4.6688e-22
6290.00   7.4535e-18
6292.00   2.6406e-20
6294.00   6.7257e-20
6296.00   8.5654e-22
6298.00   5.3562e-20
6300.00   2.0225e-20
6302.00   1.2129e-20
6304.00   2.1268e-21
6306.00   2.1005e-17
6308.00   1.6172e-18
6310.00   4.1412e-19
6312.00   3.1874e-23
6314.00   7.1477e-21
6316.00   9.1743e-20
6318.00   8.0119e-17
6320.00   2.1572e-18
6322.00   1.3533e-19
6324.00   2.7661e-22
6326.00   7.7514e-19
6328.00   1.4914e-19
6330.00   5.7361e-22
6332.00   1.2057e-17
6334.00   7.8551e-24
6336.00   1.5679e-20
6338.00   1.2405e-18
6340.00   1.5411e-19
6342.00   7.5533e-21
6344.00   2.0547e-20
6346.00   8.9027e-19
6348.00   1.0466e-17
6350.00   2.0946e-18
6352.00   7.1190e-25
6354.00   9.5233e-20
6356.00   7.5613e-20
6358.00   1.1942e-20
6360.00   2.1669e-19
6362.00   3.5089e-19
6364.00   2.1245e-20
6366.00   1.9975e-20
6368.00   8.6597e-24
6370.00   1.8355e-17
6372.00   1.4908e-17
6374.00   6.2807e-21
6376.00   8.1728e-23
6378.00   2.1609e-21
6380.00   1.5748e-18
6382.00   6.4847e-20
6384.00   4.4766e-17
6386.00   1.1452e-17
6388.00   1.0715e-19
6390.00   7.1175e-21
6392.00   1.2403e-19
6394.00   7.8259e-20
6396.00   1.4560e-19
6398.00   1.9775e-19
6400.00   8.9606e-20
6402.00   4.8182e-19
6404.00   1.2983e-19
6406.00   3.7872e-20
6408.00   1.7139e-17
6410.00   1.7507e-18
6412.00   3.3163e-21
6414.00   1.8307e-24
6416.00   9.5807e-17
6418.00   5.6916e-20
6420.00   1.5651e-20
6422.00   8.8442e-20
6424.00   5.1215e-20
6426.00   2.1176e-22
6428.00   1.3214e-18
6430.00   1.4993e-21
6432.00   5.5161e-17
6434.00   1.8649e-18
6436.00   4.0124e-20
6438.00   9.4425e-23
6440.00   1.4831e-19
6442.00   5.0141e-18
6444.00   4.8031e-20
6446.00   1.5985e-17
6448.00   1.6033e-23
6450.00   5.2189e-21
6452.00   1.7403e-20
6454.00   9.6259e-20
6456.00   1.7975e-16
6458.00   9.4560e-23
6460.00   7.8216e-22
6462.00   3.0172e-21
6464.00   1.2583e-23
6466.00   5.4143e-18
6468.00   3.3903e-19
6470.00   1.2568e-22
6472.00   2.7130e-22
6474.00   6.5296e-20
6476.00   1.2808e-24
6478.00   3.2834e-26
6480.00   2.7389e-19
6482.00   2.1557e-17
6484.00   1.6263e-20
6486.00   6.8129e-18
6488.00   1.2004e-18
6490.00   4.2260e-25
6492.00   1.3558e-17
6494.00   2.1553e-17
6496.00   1.7579e-21
6498.00   7.6598e-22
6500.00   1.4679e-21
6502.00   3.0604e-23
6504.00   1.1377e-21
6506.00   3.8353e-18
6508.00   1.0013e-17
6510.00   1.5199e-19
6512.00   2.5521e-19
6514.00   7.0175e-20
6516.00   8.6108e-17
6518.00   8.6353e-18
6520.00   2.6564e-19
6522.00   9.0388e-21
6524.00   1.6049e-20
6526.00   4.5199e-22
6528.00   1.5464e-18
6530.00   8.3974e-19
6532.00   9.1228e-18
6534.00   4.7412e-19
6536.00   2.7615e-24
6538.00   7.3748e-20
6540.00   2.0277e-20
6542.00   4.4714e-21
6544.00   2.4423e-20
6546.00   3.1568e-26
6548.00   4.4409e-20
6550.00   2.1615e-20
6552.00   1.5958e-20
6554.00   1.5862e-20
6556.00   5.7008e-20
6558.00   2.8813e-19
6560.00   3.1059e-18
6562.00   8.0315e-18
6564.00   2.5037e-22
6566.00   3.7686e-20
6568.00   1.9985e-23
6570.00   2.3576e-19
6572.00   1.0067e-17
6574.00   1.2974e-17
6576.00   8.5355e-25
6578.00   4.6597e-20
6580.00   3.1104e-20
6582.00   1.9114e-18
6584.00   1.4552e-21
6586.00   1.1350e-17
6588.00   6.7080e-20
6590.00   1.0387e-23
6592.00   1.9363e-19
6594.00   1.1884e-18
6596.00   8.5040e-19
6598.00   5.3302e-19
6600.00   7.2131e-20
6602.00   8.9498e-21
6604.00   2.2757e-21
6606.00   1.9310e-22
6608.00   1.7258e-21
6610.00   4.1053e-18
6612.00   7.3300e-18
6614.00   2.5778e-18
6616.00   2.3738e-20
6618.00   5.2481e-18
6620.00   1.7334e-23
6622.00   3.4271e-21
6624.00   1.1866e-17
6626.00   5.4802e-20
6628.00   3.0810e-18
6630.00   9.1306e-27
6632.00   1.0517e-20
6634.00   3.2595e-21
6636.00   1.9680e-24
6638.00   1.2059e-20
6640.00   8.0140e-20
6642.00   1.8717e-21
6644.00   7.7961e-21
6646.00   7.5046e-26
6648.00   1.3658e-23
6650.00   3.8063e-18
6652.00   2.5830e-17
6654.00   2.9379e-20
6656.00   9.1780e-20
6658.00   2.7174e-18
6660.00   2.5499e-21
6662.00   2.6056e-20
6664.00   1.8536e-21
6666.00   3.3399e-18
6668.00   3.4530e-20
6670.00   7.4519e-20
6672.00   2.8604e-21
6674.00   1.8230e-20
6676.00   7.9351e-22
6678.00   3.4125e-18
6680.00   1.9542e-19
6682.00   7.6595e-18
6684.00   6.0886e-22
6686.00   2.1290e-21
6688.00   1.6433e-19
6690.00   4.5256e-20
6692.00   1.1985e-19
6694.00   3.2129e-18
6696.00   4.5550e-24
6698.00   1.1211e-20
6700.00   4.0423e-19
6702.00   3.5447e-20
6704.00   6.1385e-19
6706.00   6.2336e-19
6708.00   2.5961e-23
6710.00   9.3040e-20
6712.00   8.4565e-22
6714.00   2.7791e-20
6716.00   1.4953e-22
6718.00   2.4743e-22
6720.00   1.4517e-20
6722.00   5.2550e-23
6724.00   1.3020e-19
6726.00   2.4433e-22
6728.00   4.0646e-26
6730.00   4.3706e-18
6732.00   3.6076e-19
6734.00   4.8052e-25
6736.00   9.8003e-21
6738.00   9.5271e-24
6740.00   1.3677e-23
6742.00   1.1680e-20
6744.00   2.3340e-20
6746.00   3.9705e-21
6748.00   2.8326e-21
6750.00   6.3726e-19
6752.00   1.7104e-23
6754.00   2.5840e-21
6756.00   2.4356e-22
6758.00   1.2394e-20
6760.00   2.2054e-19
6762.00   4.5045e-21
6764.00   5.5420e-20
6766.00   4.5638e-20
6768.00   5.6961e-18
6770.00   1.8767e-20
6772.00   1.3886e-20
6774.00   5.4653e-22
6776.00   2.2030e-19
6778.00   1.1039e-21
6780.00   1.8214e-20
6782.00   1.3412e-21
6784.00   5.2127e-23
6786.00   1.5147e-20
6788.00   3.5093e-19
6790.00   2.9491e-21
6792.00   2.7809e-19
6794.00   1.9094e-20
6796.00   4.5502e-19
6798.00   3.6425e-21
6800.00   1.3991e-18
6802.00   3.9432e-20
6804.00   8.6379e-20
6806.00   1.6778e-22
6808.00   6.7875e-27
6810.00   8.9939e-21
6812.00   2.2246e-20
6814.00   4.0828e-20
6816.00   5.4554e-19
6818.00   1.0918e-21
6820.00   4.7783e-18
6822.00   2.8543e-18
6824.00   1.9662e-20
6826.00   6.7275e-19
6828.00   1.0178e-19
6830.00   9.4230e-21
6832.00   3.4667e-18
6834.00   2.6262e-21
6836.00   1.4522e-24
6838.00   4.0383e-19
6840.00   6.6164e-21
6842.00   1.4430e-22
6844.00   1.7132e-20
6846.00   2.3088e-21
6848.00   3.1806e-20
6850.00   4.4000e-21
6852.00   2.5088e-21
6854.00   2.6163e-25
6856.00   9.9125e-18
6858.00   5.0737e-20
6860.00   1.3995e-20
6862.00   6.6327e-18
6864.00   2.5549e-19
6866.00   2.3032e-18
6868.00   3.7904e-20
6870.00   2.1008e-18
6872.00   1.6024e-18
6874.00   4.5100e-19
6876.00   3.1105e-23
6878.00   1.4429e-18
6880.00   4.0325e-25
6882.00   1.5127e-20
6884.00   8.3870e-22
6886.00   2.4109e-20
6888.00   3.6220e-21
6890.00   8.1628e-19
6892.00   5.5436e-20
6894.00   1.9767e-22
6896.00   6.5334e-20
6898.00   6.0750e-25
6900.00   7.7544e-26
6902.00   6.4733e-21
6904.00   5.5554e-25
6906.00   1.8449e-18
6908.00   2.9122e-18
6910.00   1.1042e-21
6912.00   3.7416e-18
6914.00   2.9650e-18
6916.00   1.5065e-21
6918.00   7.7352e-20
6920.00   3.2875e-26
6922.00   6.8863e-22
6924.00   2.6551e-18
6926.00   1.7248e-19
6928.00   3.1077e-21
6930.00   1.1490e-18
6932.00   2.6432e-19
6934.00   2.5153e-21
6936.00   1.9985e-21
6938.00   1.2887e-21
6940.00   3.1962e-19
6942.00   1.2005e-19
6944.00   3.7925e-20
6946.00   4.4791e-19
6948.00   1.0308e-18
6950.00   1.5554e-18
6952.00   5.1908e-22
6954.00   6.0440e-24
6956.00   3.9274e-23
6958.00   1.4962e-19
6960.00   1.2748e-19
6962.00   3.4928e-20
6964.00   3.6543e-19
6966.00   4.3310e-19
6968.00   2.4027e-21
6970.00   6.4680e-21
6972.00   2.1051e-21
6974.00   2.4752e-20
6976.00   3.2444e-22
6978.00   1.3113e-18
6980.00   2.4107e-21
6982.00   3.4363e-21
6984.00   1.2603e-21
6986.00   2.7949e-20
6988.00   3.7040e-21
6990.00   5.0478e-21
6992.00   5.7010e-20
6994.00   1.1305e-18
6996.00   1.0011e-18
6998.00   1.5498e-21
7000.00   1.7533e-19
7002.00   7.8676e-21
7004.00   1.5147e-21
7006.00   2.6519e-22
7008.00   6.0306e-20
7010.00   9.6077e-19
7012.00   1.6845e-18
7014.00   6.4958e-22
7016.00   5.4656e-19
7018.00   1.1312e-20
7020.00   5.5443e-22
7022.00   2.1362e-19
7024.00   6.3010e-22
7026.00   3.2357e-22
7028.00   3.7388e-24
7030.00   2.0435e-21
7032.00   2.2735e-19
7034.00   7.3538e-20
7036.00   3.0422e-21
7038.00   1.0141e-19
7040.00   1.5973e-20
7042.00   1.0075e-20
7044.00   3.8015e-23
7046.00   2.0528e-20
7048.00   1.3358e-19
7050.00   3.3955e-26
7052.00   9.4041e-23
7054.00   9.6980e-20
7056.00   1.4363e-23
7058.00   1.9508e-20
7060.00   5.8430e-19
7062.00   3.3130e-24
7064.00   8.0559e-19
7066.00   9.0864e-21
7068.00   2.1319e-19
7070.00   8.6143e-22
7072.00   2.0788e-25
7074.00   5.6880e-21
7076.00   4.7488e-19
7078.00   8.5373e-21
7080.00   3.1743e-21
7082.00   4.4452e-21
7084.00   2.8637e-20
7086.00   2.4209e-25
7088.00   1.4524e-19
7090.00   8.3152e-20
7092.00   2.7454e-20
7094.00   2.9772e-21
7096.00   6.6513e-23
7098.00   3.6282e-19
7100.00   9.9845e-23
7102.00   1.8009e-21
7104.00   8.1797e-19
7106.00   5.7528e-21
7108.00   1.8330e-21
7110.00   1.0827e-17
7112.00   2.2135e-19
7114.00   7.6880e-19
7116.00   8.0693e-20
7118.00   5.9543e-19
7120.00   8.3159e-23
7122.00   2.5266e-24
7124.00   1.4055e-19
7126.00   1.3561e-22
7128.00   2.3924e-19
7130.00   5.2475e-19
7132.00   3.5615e-20
7134.00   2.3210e-20
7136.00   5.7049e-18
7138.00   2.1449e-20
7140.00   4.1996e-19
7142.00   7.1591e-24
7144.00   3.3895e-23
7146.00   7.3656e-20
7148.00   1.2558e-19
7150.00   1.3311e-19
7152.00   3.6943e-20
7154.00   1.2413e-22
7156.00   4.1274e-19
7158.00   7.9838e-20
7160.00   3.3929e-24
7162.00   2.9279e-19
7164.00   7.8552e-19
7166.00   1.6049e-21
7168.00   2.2871e-19
7170.00   4.5036e-19
7172.00   1.0505e-19
7174.00   2.6795e-21
7176.00   1.7622e-25
7178.00   1.6544e-20
7180.00   7.8532e-18
7182.00   1.2733e-18
7184.00   5.4913e-18
7186.00   2.7395e-20
7188.00   1.9265e-25
7190.00   1.3324e-21
7192.00   4.4849e-18
7194.00   6.0827e-18
7196.00   9.8296e-22
7198.00   7.9173e-23
7200.00   7.8865e-20
7202.00   2.1856e-21
7204.00   9.7841e-21
7206.00   1.7264e-20
7208.00   1.1473e-23
7210.00   1.3350e-22
7212.00   2.1355e-18
7214.00   7.6022e-22
7216.00   6.1058e-19
7218.00   3.3473e-20
7220.00   8.9983e-28
7222.00   3.4392e-17
7224.00   3.7118e-17
7226.00   2.0555e-18
7228.00   2.3255e-21
7230.00   2.7727e-20
7232.00   3.9848e-23
7234.00   8.9043e-21
7236.00   1.5471e-22
7238.00   7.1219e-20
7240.00   2.1187e-20
7242.00   2.6766e-21
7244.00   2.3001e-19
7246.00   3.5700e-20
7248.00   1.0776e-19
7250.00   1.6096e-20
7252.00   8.7223e-23
7254.00   1.9974e-18
7256.00   3.4808e-27
7258.00   8.5312e-23
7260.00   7.8530e-21
7262.00   2.7876e-19
7264.00   7.4789e-18
7266.00   7.7387e-19
7268.00   9.7003e-21
7270.00   1.7753e-22
7272.00   9.0941e-27
7274.00   3.4075e-19
7276.00   2.9386e-19
7278.00   7.3631e-19
7280.00   5.0957e-19
7282.00   3.0465e-18
7284.00   1.4154e-22
7286.00   2.3427e-19
7288.00   8.0124e-18
7290.00   3.3587e-18
7292.00   9.0553e-24
7294.00   2.5292e-20
7296.00   1.1560e-22
7298.00   8.7904e-21
7300.00   2.4704e-20
7302.00   2.2368e-17
7304.00   4.5311e-19
7306.00   3.0791e-19
7308.00   5.0842e-17
7310.00   3.5900e-17
7312.00   3.8018e-21
7314.00   2.4263e-21
7316.00   2.5804e-20
7318.00   3.5937e-19
7320.00   3.8997e-17
7322.00   3.4847e-19
7324.00   1.5356e-20
7326.00   1.2802e-22
7328.00   1.0703e-21
7330.00   1.0407e-21
7332.00   4.1798e-19
7334.00   3.3878e-18
7336.00   1.2349e-17
7338.00   6.2679e-24
7340.00   9.8699e-29
7342.00   3.6098e-21
7344.00   2.1051e-23
7346.00   2.8255e-22
7348.00   6.9502e-25
7350.00   3.4481e-19
7352.00   5.1241e-18
7354.00   3.8818e-20
7356.00   1.2524e-21
7358.00   9.3362e-20
7360.00   4.9882e-21
7362.00   3.5976e-20
7364.00   1.3303e-22
7366.00   6.1541e-20
7368.00   3.3172e-21
7370.00   3.3795e-19
7372.00   4.2503e-22
7374.00   8.3798e-22
7376.00   2.4652e-25
7378.00   1.3026e-21
7380.00   4.0268e-21
7382.00   4.0269e-21
7384.00   9.5286e-23
7386.00   3.8526e-20
7388.00   8.0258e-20
7390.00   5.9790e-22
7392.00   8.6379e-23
7394.00   9.4724e-22
7396.00   8.1360e-21
7398.00   7.2302e-21
7400.00   1.8906e-18
7402.00   2.4498e-18
7404.00   2.6791e-26
7406.00   7.2546e-20
7408.00   5.1275e-21
7410.00   8.2671e-18
7412.00   6.4729e-21
7414.00   2.1438e-19
7416.00   8.9319e-21
7418.00   1.6928e-18
7420.00   2.4781e-18
7422.00   1.9340e-20
7424.00   1.6229e-19
7426.00   1.6840e-18
7428.00   3.8943e-23
7430.00   2.7386e-18
7432.00   5.9576e-20
7434.00   5.4153e-21
7436.00   3.3506e-19
7438.00   1.8745e-21
7440.00   1.0120e-20
7442.00   3.8822e-22
7444.00   1.3217e-26
7446.00   2.6861e-18
7448.00   5.5410e-25
7450.00   4.4869e-17
7452.00   1.1856e-19
7454.00   1.4314e-18
7456.00   7.1825e-20
7458.00   6.9460e-22
7460.00   2.5178e-22
7462.00   7.6409e-17
7464.00   1.5483e-21
7466.00   1.8948e-18
7468.00   1.4727e-22
7470.00   7.6872e-22
7472.00   1.4673e-21
7474.00   1.3417e-22
7476.00   2.0276e-21
7478.00   4.4273e-24
7480.00   1.1098e-18
7482.00   6.3818e-19
7484.00   5.7023e-26
7486.00   2.9753e-20
7488.00   5.3731e-19
7490.00   2.4435e-22
7492.00   1.6641e-20
7494.00   6.9121e-23
7496.00   2.3927e-22
7498.00   5.7815e-20
7500.00   4.5009e-19
7502.00   5.1756e-19
7504.00   1.0672e-18
7506.00   1.7285e-22
7508.00   9.8796e-25
7510.00   1.2636e-21
7512.00   3.8425e-24
7514.00   3.8100e-20
7516.00   3.9938e-17
7518.00   8.0224e-20
7520.00   1.0358e-17
7522.00   1.4333e-21
7524.00   3.0475e-21
7526.00   6.0184e-20
7528.00   5.9546e-22
7530.00   6.2212e-22
7532.00   4.4291e-20
7534.00   3.3316e-17
7536.00   4.4247e-23
7538.00   1.5558e-22
7540.00   5.4236e-21
7542.00   1.4447e-20
7544.00   1.0403e-19
7546.00   1.2699e-25
7548.00   5.1200e-20
7550.00   9.1609e-22
7552.00   5.5682e-21
7554.00   2.9504e-19
7556.00   1.6831e-21
7558.00   2.9020e-21
7560.00   4.2906e-20
7562.00   1.0061e-20
7564.00   1.0123e-19
7566.00   1.3163e-20
7568.00   5.5583e-19
7570.00   1.9643e-21
7572.00   1.8493e-20
7574.00   7.9154e-27
7576.00   5.9829e-19
7578.00   3.1414e-25
7580.00   7.1690e-18
7582.00   1.6217e-22
7584.00   3.5826e-18
7586.00   4.9069e-21
7588.00   1.1128e-21
7590.00   6.4340e-26
7592.00   1.4022e-21
7594.00   3.9768e-21
7596.00   1.5743e-22
7598.00   4.8546e-20
7600.00   7.4347e-20
7602.00   1.0674e-20
7604.00   8.4956e-21
7606.00   5.8551e-20
7608.00   3.7228e-23
7610.00   7.2567e-20
7612.00   3.3482e-26
7614.00   1.7583e-19
7616.00   8.6531e-20
7618.00   2.7877e-18
7620.00   4.3966e-19
7622.00   4.0159e-21
7624.00   1.3287e-22
7626.00   3.6471e-21
7628.00   7.2537e-27
7630.00   2.2215e-23
7632.00   1.3409e-21
7634.00   9.6365e-21
7636.00   1.0028e-22
7638.00   4.0268e-19
7640.00   2.5198e-20
7642.00   3.5431e-20
7644.00   9.4614e-21
7646.00   2.9735e-19
7648.00   4.4264e-18
7650.00   1.1524e-21
7652.00   2.9601e-22
7654.00   1.1270e-18
7656.00   3.9999e-17
7658.00   8.3125e-18
7660.00   2.6781e-18
7662.00   1.4441e-24
7664.00   1.5224e-22
7666.00   4.4981e-21
7668.00   1.4910e-21
7670.00   2.3876e-22
7672.00   1.1459e-18
7674.00   1.0956e-21
7676.00   4.7823e-19
7678.00   4.6323e-21
7680.00   2.7313e-25
7682.00   1.4108e-24
7684.00   4.3566e-23
7686.00   9.7065e-18
7688.00   1.5360e-19
7690.00   4.1063e-19
7692.00   2.2931e-20
7694.00   2.9649e-19
7696.00   4.3629e-21
7698.00   3.4807e-18
7700.00   4.0657e-19
7702.00   5.7997e-20
7704.00   1.3274e-24
7706.00   1.8303e-20
7708.00   1.1720e-20
7710.00   1.3041e-19
7712.00   1.0399e-16
7714.00   3.8345e-20
7716.00   2.3860e-20
7718.00   6.8545e-24
7720.00   1.2319e-20
7722.00   5.8118e-23
7724.00   1.7466e-20
7726.00   1.0082e-22
7728.00   3.4387e-24
7730.00   3.0815e-20
7732.00   4.8291e-23
7734.00   1.3849e-21
7736.00   3.0657e-22
7738.00   8.7019e-18
7740.00   3.3774e-19
7742.00   6.9092e-19
7744.00   4.3200e-23
7746.00   6.8647e-20
7748.00   7.8682e-21
7750.00   1.8841e-23
7752.00   3.0404e-22
7754.00   1.3379e-23
7756.00   3.0723e-22
7758.00   7.6466e-19
7760.00   9.4381e-25
7762.00   8.0987e-20
7764.00   1.6690e-19
7766.00   5.4958e-20
7768.00   1.0669e-23
7770.00   1.1280e-27
7772.00   2.8098e-23
7774.00   1.9265e-19
7776.00   7.8266e-24
7778.00   5.3238e-19
7780.00   2.7724e-23
7782.00   1.3628e-22
7784.00   4.7534e-19
7786.00   6.4563e-25
7788.00   1.4914e-19
7790.00   5.9058e-21
7792.00   5.8805e-20
7794.00   4.1944e-19
7796.00   3.2557e-26
7798.00   3.7004e-18
7800.00   6.1861e-26
7802.00   3.1686e-18
7804.00   2.0034e-19
7806.00   5.4773e-18
7808.00   9.3471e-19
7810.00   7.9327e-22
7812.00   3.2430e-21
7814.00   5.7040e-18
7816.00   9.6110e-22
7818.00   3.0756e-19
7820.00   8.7757e-20
7822.00   7.0490e-23
7824.00   2.1592e-20
7826.00   1.6355e-20
7828.00   5.0672e-24
7830.00   1.1614e-18
7832.00   3.5664e-18
7834.00   1.6731e-19
7836.00   2.3883e-18
7838.00   6.2635e-20
7840.00   2.1232e-18
7842.00   4.9185e-18
7844.00   1.1291e-19
7846.00   1.5361e-19
7848.00   5.2511e-19
7850.00   4.5387e-26
7852.00   9.9164e-20
7854.00   8.9927e-22
7856.00   7.4646e-20
7858.00   1.5865e-25
7860.00   6.3783e-19
7862.00   3.8010e-20
7864.00   6.5118e-23
7866.00   1.3971e-18
7868.00   1.1972e-21
7870.00   2.5117e-20
7872.00   8.0522e-19
7874.00   8.0139e-21
7876.00   1.4655e-23
7878.00   4.4185e-22
7880.00   3.9811e-22
7882.00   5.3392e-20
7884.00   8.7520e-23
7886.00   3.2162e-19
7888.00   3.3168e-22
7890.00   5.7728e-25
7892.00   4.6224e-21
7894.00   1.3589e-18
7896.00   1.3758e-21
7898.00   9.5429e-19
7900.00   1.3991e-19
7902.00   2.6823e-23
7904.00   8.3806e-20
7906.00   2.4095e-20
7908.00   4.7349e-23
7910.00   7.8579e-26
7912.00   1.2712e-22
7914.00   3.7633e-18
7916.00   1.4028e-21
7918.00   1.9928e-18
7920.00   2.3577e-27
7922.00   5.7354e-19
7924.00   3.6935e-26
7926.00   2.8385e-19
7928.00   4.3520e-22
7930.00   2.2860e-19
7932.00   3.6942e-21
7934.00   2.4340e-19
7936.00   1.4673e-23
7938.00   3.9784e-19
7940.00   3.5422e-21
7942.00   8.9765e-21
7944.00   6.5582e-28
7946.00   2.2460e-22
7948.00   6.6544e-19
7950.00   3.3091e-22
7952.00   2.5142e-19
7954.00   9.0030e-22
7956.00   1.7088e-19
7958.00   1.0572e-22
7960.00   3.7182e-27
7962.00   3.5658e-23
7964.00   1.5692e-23
7966.00   6.3407e-21
7968.00   3.4025e-19
7970.00   8.8840e-19
7972.00   8.9192e-22
7974.00   1.6155e-19
7976.00   5.3072e-19
7978.00   6.5336e-20
7980.00   2.0093e-20
7982.00   5.1304e-18
7984.00   1.2665e-21
7986.00   2.8227e-19
7988.00   1.3026e-20
7990.00   3.5734e-22
7992.00   1.4225e-22
7994.00   1.8339e-20
7996.00   3.0804e-18
7998.00   6.5013e-20
8000.00   8.0627e-23
8002.00   2.2903e-21
8004.00   1.1382e-21
8006.00   1.7525e-21
8008.00   5.7082e-20
8010.00   5.2887e-22
8012.00   2.2648e-18
8014.00   9.5315e-21
8016.00   5.9528e-20
8018.00   4.4811e-19
8020.00   4.5133e-23
8022.00   1.7762e-22
8024.00   8.1781e-20
8026.00   2.3745e-22
8028.00   4.8803e-22
8030.00   4.9322e-19
8032.00   7.6565e-19
8034.00   4.0019e-23
8036.00   4.7309e-20
8038.00   3.3428e-19
8040.00   2.2689e-22
8042.00   6.5279e-19
8044.00   1.0127e-19
8046.00   4.8593e-27
8048.00   8.5790e-22
8050.00   1.3105e-20
8052.00   8.6946e-21
8054.00   6.4234e-19
8056.00   3.7697e-26
8058.00   3.6334e-23
8060.00   8.6452e-18
8062.00   2.9907e-21
8064.00   3.4726e-18
8066.00   6.6602e-24
8068.00   4.0851e-20
8070.00   2.3891e-19
8072.00   1.5725e-25
8074.00   3.2881e-18
8076.00   4.3891e-18
8078.00   7.2856e-21
8080.00   1.1993e-19
8082.00   5.8883e-26
8084.00   5.0521e-19
8086.00   3.8432e-20
8088.00   2.0372e-23
8090.00   2.7286e-20
8092.00   1.2078e-19
8094.00   1.1587e-19
8096.00   1.5486e-18
8098.00   8.7507e-22
8100.00   2.7672e-27
8102.00   4.3315e-22
8104.00   9.4129e-19
8106.00   1.3023e-19
8108.00   4.2896e-20
8110.00   5.2551e-22
8112.00   5.1904e-21
8114.00   4.6053e-21
8116.00   6.3639e-26
8118.00   1.6927e-19
8120.00   4.4313e-21
8122.00   3.9300e-22
8124.00   1.9968e-19
8126.00   2.4549e-21
8128.00   4.2806e-20
8130.00   9.1363e-21
8132.00   2.1317e-20
8134.00   8.1072e-23
8136.00   4.1503e-19
8138.00   4.3075e-25
8140.00   3.3828e-21
8142.00   1.0795e-22
8144.00   1.7067e-20
8146.00   2.7525e-20
8148.00   5.3029e-19
8150.00   8.1387e-23
8152.00   4.3235e-20
8154.00   8.0515e-22
8156.00   3.1406e-21
8158.00   3.3830e-20
8160.00   1.1578e-18
8162.00   1.5778e-24
8164.00   3.3974e-20
8166.00   9.6560e-25
8168.00   1.6280e-18
8170.00   1.5953e-23
8172.00   1.0221e-19
8174.00   5.8620e-19
8176.00   2.0295e-27
8178.00   2.8275e-20
8180.00   1.5437e-24
8182.00   3.1058e-20
8184.00   3.8669e-21
8186.00   2.7021e-20
8188.00   8.2669e-24
8190.00   7.5377e-19
8192.00   1.1683e-20
8194.00   2.7530e-21
8196.00   1.7967e-22
8198.00   2.6408e-21
8200.00   1.8484e-20
8202.00   2.7049e-19
8204.00   5.6883e-19
8206.00   1.8118e-19
8208.00   1.4112e-17
8210.00   4.3703e-18
8212.00   2.0192e-18
8214.00   7.3896e-22
8216.00   1.4343e-19
8218.00   2.7828e-20
8220.00   3.1687e-21
8222.00   2.8237e-19
8224.00   7.5309e-25
8226.00   1.1011e-22
8228.00   2.3319e-17
8230.00   6.2761e-21
8232.00   4.7923e-22
8234.00   5.7992e-19
8236.00   1.1953e-24
8238.00   1.8037e-18
8240.00   4.7656e-21
8242.00   4.4482e-19
8244.00   5.0474e-25
8246.00   1.6285e-20
8248.00   6.3324e-20
8250.00   1.5198e-18
8252.00   1.0843e-21
8254.00   1.3101e-21
8256.00   5.3375e-21
8258.00   8.7003e-20
8260.00   2.4417e-18
8262.00   1.9815e-20
8264.00   8.4162e-18
8266.00   3.3880e-21
8268.00   1.8451e-23
8270.00   9.3184e-22
8272.00   7.6995e-21
8274.00   5.9441e-19
8276.00   1.3007e-18
8278.00   1.0001e-19
8280.00   6.9342e-22
8282.00   2.5802e-22
8284.00   1.4650e-18
8286.00   6.4998e-22
8288.00   2.4423e-17
8290.00   2.3844e-18
8292.00   3.7254e-23
8294.00   5.2642e-20
8296.00   8.4746e-20
8298.00   6.5882e-22
8300.00   3.7428e-19
8302.00   3.4743e-18
8304.00   1.2296e-20
8306.00   1.1111e-18
8308.00   5.7472e-19
8310.00   2.8741e-18
8312.00   1.9889e-21
8314.00   2.5737e-20
8316.00   1.5244e-20
8318.00   1.8951e-25
8320.00   3.7188e-21
8322.00   1.2050e-18
8324.00   2.9745e-19
8326.00   3.8215e-27
8328.00   1.0241e-21
8330.00   3.7702e-19
8332.00   4.2033e-24
8334.00   1.3921e-19
8336.00   1.6228e-21
8338.00   7.6903e-19
8340.00   8.6240e-20
8342.00   2.2653e-21
8344.00   4.0430e-19
8346.00   5.6863e-21
8348.00   1.1364e-20
8350.00   2.1625e-24
8352.00   3.2102e-19
8354.00   1.1601e-21
8356.00   4.6371e-20
8358.00   1.0888e-17
8360.00   1.2672e-21
8362.00   1.0375e-25
8364.00   3.7199e-23
8366.00   5.1338e-19
8368.00   1.0294e-18
8370.00   1.9934e-24
8372.00   9.4228e-20
8374.00   3.0533e-20
8376.00   5.6616e-19
8378.00   1.8278e-19
8380.00   2.9619e-25
8382.00   1.2521e-18
8384.00   4.3226e-26
8386.00   2.8985e-18
8388.00   1.3225e-21
8390.00   3.0448e-20
8392.00   3.7666e-20
8394.00   1.0806e-25
8396.00   6.5614e-19
8398.00   5.5553e-18
8400.00   3.7883e-22
8402.00   8.4492e-23
8404.00   1.4372e-17
8406.00   6.6523e-20
8408.00   1.9206e-19
8410.00   1.9264e-21
8412.00   1.2223e-21
8414.00   8.4803e-20
8416.00   3.3104e-19
8418.00   7.5691e-23
8420.00   2.9152e-19
8422.00   2.2972e-21
8424.00   7.9343e-18
8426.00   4.5309e-27
8428.00   2.8134e-21
8430.00   2.3110e-22
8432.00   1.0722e-19
8434.00   9.3259e-20
8436.00   1.8702e-19
8438.00   3.5870e-20
8440.00   9.8243e-21
8442.00   3.3738e-25
8444.00   3.7803e-18
8446.00   2.2558e-21
8448.00   2.4790e-22
8450.00   1.1427e-22
8452.00   8.2912e-19
8454.00   1.2094e-18
8456.00   7.6709e-24
8458.00   8.5286e-22
8460.00   4.8277e-22
8462.00   2.3017e-24
8464.00   2.6333e-23
8466.00   1.5719e-19
8468.00   4.4155e-20
8470.00   1.0272e-17
8472.00   2.0612e-19
8474.00   3.6663e-19
8476.00   1.0318e-20
8478.00   7.7369e-21
8480.00   1.7145e-19
8482.00   2.8733e-20
8484.00   2.1422e-19
8486.00   2.5037e-18
8488.00   7.8318e-23
8490.00   1.3277e-17
8492.00   2.1163e-19
8494.00   1.3775e-21
8496.00   1.6632e-19
8498.00   1.8491e-20
8500.00   9.1132e-18
8502.00   2.9844e-24
8504.00   4.1942e-19
8506.00   4.4568e-20
8508.00   4.3486e-18
8510.00   2.0053e-22
8512.00   5.1111e-22
8514.00   1.6230e-19
8516.00   8.4483e-23
8518.00   2.0124e-18
8520.00   1.4920e-24
8522.00   3.9397e-22
8524.00   4.2188e-20
8526.00   1.1038e-21
8528.00   3.0470e-19
8530.00   6.5031e-21
8532.00   8.7700e-21
8534.00   2.8176e-23
8536.00   4.4670e-22
8538.00   5.6508e-23
8540.00   3.2802e-22
8542.00   1.4817e-23
8544.00   1.1928e-19
8546.00   3.1212e-20
8548.00   2.5862e-19
8550.00   8.8922e-19
8552.00   2.1214e-21
8554.00   1.5664e-18
8556.00   4.0721e-19
8558.00   1.7993e-19
8560.00   4.0687e-28
8562.00   7.1238e-23
8564.00   6.9873e-20
8566.00   1.4477e-21
8568.00   4.3580e-21
8570.00   9.6263e-23
8572.00   7.7627e-21
8574.00   3.6274e-19
8576.00   8.4377e-20
8578.00   3.6344e-21
8580.00   3.7970e-20
8582.00   8.6183e-20
8584.00   8.4843e-22
8586.00   1.1398e-22
8588.00   6.6460e-24
8590.00   2.7366e-20
8592.00   1.9309e-21
8594.00   3.2013e-22
8596.00   2.8366e-18
8598.00   5.5055e-21
8600.00   3.1239e-20
8602.00   4.3999e-20
8604.00   1.1127e-19
8606.00   1.2453e-19
8608.00   2.9476e-24
8610.00   1.1488e-23
8612.00   3.2355e-19
8614.00   3.9800e-23
8616.00   7.7073e-19
8618.00   2.1477e-22
8620.00   1.6921e-21
8622.00   1.2937e-21
8624.00   7.3226e-22
8626.00   2.9255e-19
8628.00   6.1673e-19
8630.00   8.2220e-20
8632.00   1.9404e-22
8634.00   2.7831e-20
8636.00   3.8615e-20
8638.00   1.4054e-22
8640.00   5.0557e-22
8642.00   4.6424e-18
8644.00   3.7011e-22
8646.00   2.0897e-24
8648.00   1.2878e-23
8650.00   4.5082e-19
8652.00   2.5393e-24
8654.00   3.5830e-21
8656.00   2.7377e-20
8658.00   3.3756e-26
8660.00   6.4502e-22
8662.00   1.0564e-21
8664.00   2.3839e-19
8666.00   6.5175e-22
8668.00   9.1647e-21
8670.00   5.3963e-21
8672.00   1.1954e-18
8674.00   2.9000e-23
8676.00   2.5046e-19
8678.00   8.5227e-19
8680.00   1.7138e-26
8682.00   5.6154e-25
8684.00   4.7360e-18
8686.00   1.6652e-24
8688.00   1.2686e-22
8690.00   1.2882e-19
8692.00   4.0356e-23
8694.00   4.7645e-22
8696.00   2.9847e-20
8698.00   7.8013e-26
8700.00   1.0060e-21
8702.00   3.2790e-22
8704.00   6.0066e-20
8706.00   8.4830e-21
8708.00   2.1383e-21
8710.00   5.1899e-26
8712.00   3.5929e-24
8714.00   7.1929e-20
8716.00   1.7207e-20
8718.00   9.8102e-22
8720.00   1.2239e-19
8722.00   1.1625e-17
8724.00   1.3879e-22
8726.00   9.7514e-26
8728.00   5.9694e-23
8730.00   5.1451e-23
8732.00   2.1460e-20
8734.00   2.7338e-21
8736.00   1.3789e-20
8738.00   4.6920e-25
8740.00   2.5930e-19
8742.00   3.7638e-24
8744.00   4.3318e-20
8746.00   9.4214e-20
8748.00   8.0992e-23
8750.00   3.3197e-19
8752.00   2.0936e-19
8754.00   7.5192e-21
8756.00   3.6461e-19
8758.00   4.9386e-19
8760.00   1.6862e-21
8762.00   4.7797e-19
8764.00   5.2787e-21
8766.00   5.8414e-23
8768.00   8.6714e-27
8770.00   2.4650e-24
8772.00   7.9976e-23
8774.00   3.0314e-23
8776.00   1.5887e-19
8778.00   1.1235e-24
8780.00   2.3074e-24
8782.00   4.5270e-22
8784.00   1.5043e-22
8786.00   1.2060e-26
8788.00   2.1299e-22
8790.00   8.8804e-23
8792.00   6.8473e-22
8794.00   2.7743e-19
8796.00   8.0488e-21
8798.00   2.2907e-22
8800.00   2.3857e-23
8802.00   2.1069e-28
8804.00   9.3398e-22
8806.00   4.1908e-20
8808.00   1.8355e-22
8810.00   8.7531e-19
8812.00   1.3614e-21
8814.00   2.0404e-23
8816.00   1.4528e-17
8818.00   7.3272e-22
8820.00   4.4537e-20
8822.00   7.2481e-25
8824.00   6.7591e-20
8826.00   4.7690e-20
8828.00   1.8877e-18
8830.00   4.9215e-23
8832.00   5.0336e-24
8834.00   2.1670e-22
8836.00   9.1615e-23
8838.00   3.0740e-20
8840.00   3.5130e-24
8842.00   7.6098e-21
8844.00   4.3691e-21
8846.00   7.7857e-21
8848.00   1.0696e-18
8850.00   7.7821e-21
8852.00   4.3233e-22
8854.00   1.8856e-21
8856.00   2.4058e-22
8858.00   3.0339e-21
8860.00   3.3113e-20
8862.00   8.4073e-23
8864.00   4.8425e-21
8866.00   3.5922e-28
8868.00   1.2935e-17
8870.00   1.8956e-19
8872.00   7.1995e-28
8874.00   1.2224e-17
8876.00   1.7054e-20
8878.00   9.7353e-24
8880.00   4.2128e-25
8882.00   4.4000e-21
8884.00   1.1679e-20
8886.00   8.0244e-21
8888.00   7.6536e-25
8890.00   2.1783e-19
8892.00   1.3831e-19
8894.00   3.3447e-22
8896.00   5.1536e-22
8898.00   4.8612e-19
8900.00   2.0264e-24
8902.00   7.1563e-22
8904.00   1.1045e-23
8906.00   7.3634e-23
8908.00   1.4952e-21
8910.00   3.5547e-23
8912.00   1.4724e-21
8914.00   4.9585e-24
8916.00   4.0743e-24
8918.00   2.4743e-21
8920.00   9.2973e-18
8922.00   6.2598e-20
8924.00   4.2726e-21
8926.00   7.9503e-18
8928.00   1.5592e-22
8930.00   2.1292e-26
8932.00   1.4344e-22
8934.00   5.7290e-20
8936.00   3.7691e-27
8938.00   1.0959e-17
8940.00   6.1314e-22
8942.00   6.6239e-24
8944.00   5.5573e-20
8946.00   1.1469e-18
8948.00   2.9679e-22
8950.00   4.5415e-20
8952.00   1.9479e-24
8954.00   1.4801e-24
8956.00   3.1112e-18
8958.00   2.3614e-22
8960.00   1.1104e-19
8962.00   1.3952e-22
8964.00   3.4256e-24
8966.00   4.2804e-20
8968.00   2.2663e-20
8970.00   2.8493e-21
8972.00   1.6607e-21
8974.00   1.7499e-25
8976.00   3.0266e-21
8978.00   2.6114e-28
8980.00   1.4023e-22
8982.00   2.6425e-19
8984.00   1.3159e-24
8986.00   4.4690e-21
8988.00   2.3023e-21
8990.00   4.3376e-18
8992.00   5.2692e-24
8994.00   6.0185e-21
8996.00   1.6672e-23
8998.00   5.9568e-24
9000.00   1.0088e-19
9002.00   3.0416e-21
9004.00   4.2136e-25
9006.00   3.6769e-18
9008.00   5.7738e-27
9010.00   1.2900e-21
9012.00   9.3145e-23
9014.00   3.4362e-18
9016.00   1.5625e-25
9018.00   2.9079e-26
9020.00   6.6753e-20
9022.00   3.5760e-25
9024.00   1.2580e-20
9026.00   8.8955e-20
9028.00   2.8891e-19
9030.00   7.5743e-20
9032.00   6.5100e-23
9034.00   7.4847e-21
9036.00   3.9972e-21
9038.00   2.4974e-19
9040.00   6.6603e-27
9042.00   4.6644e-21
9044.00   5.2429e-23
9046.00   2.2302e-27
9048.00   1.1481e-19
9050.00   6.9395e-20
9052.00   3.5752e-19
9054.00   1.2761e-23
9056.00   1.3902e-19
9058.00   2.1386e-19
9060.00   2.4016e-20
9062.00   6.2420e-18
9064.00   5.0624e-23
9066.00   6.9922e-20
9068.00   9.2195e-24
9070.00   3.5273e-18
9072.00   8.6049e-22
9074.00   6.5838e-20
9076.00   5.8048e-18
9078.00   8.1932e-18
9080.00   2.9443e-19
9082.00   1.9419e-20
9084.00   4.9172e-21
9086.00   2.4885e-24
9088.00   2.0647e-21
9090.00   8.2838e-19
9092.00   7.8446e-23
9094.00   1.2719e-26
9096.00   6.2261e-18
9098.00   1.9203e-21
9100.00   3.7827e-21
9102.00   2.6356e-22
9104.00   7.6977e-20
9106.00   2.8760e-20
9108.00   2.5128e-27
9110.00   1.7083e-21
9112.00   1.2695e-19
9114.00   4.5532e-20
9116.00   7.3160e-18
9118.00   5.7505e-21
9120.00   3.1680e-27
9122.00   7.5890e-18
9124.00   1.6796e-25
9126.00   1.2901e-19
9128.00   6.5111e-22
9130.00   1.5814e-19
9132.00   2.3688e-19
9134.00   7.0780e-21
9136.00   3.3292e-21
9138.00   6.8785e-20
9140.00   5.8888e-24
9142.00   9.7121e-24
9144.00   6.0597e-23
9146.00   3.1060e-21
9148.00   1.9246e-25
9150.00   3.5240e-23
9152.00   6.6880e-22
9154.00   2.0424e-20
9156.00   7.3667e-18
9158.00   2.4900e-26
9160.00   2.4904e-22
9162.00   1.2022e-25
9164.00   3.3906e-20
9166.00   1.3810e-24
9168.00   7.9030e-19
9170.00   1.1827e-20
9172.00   7.1328e-18
9174.00   7.9907e-25
9176.00   9.9886e-18
9178.00   4.8631e-18
9180.00   3.7688e-18
9182.00   2.8132e-20
9184.00   2.9064e-23
9186.00   1.5772e-26
9188.00   8.7534e-18
9190.00   1.6559e-22
9192.00   4.6951e-20
9194.00   6.8313e-20
9196.00   3.2914e-18
9198.00   1.1811e-22
9200.00   9.6223e-20
9202.00   1.7051e-18
9204.00   1.2297e-17
9206.00   6.8186e-24
9208.00   5.4895e-24
9210.00   2.6209e-18
9212.00   6.9139e-20
9214.00   1.9851e-19
9216.00   1.6095e-23
9218.00   2.9803e-25
9220.00   7.4349e-23
9222.00   3.2088e-20
9224.00   1.2779e-21
9226.00   2.5045e-20
9228.00   5.8345e-20
9230.00   1.7265e-25
9232.00   8.1611e-21
9234.00   2.0353e-20
9236.00   6.0465e-27
9238.00   4.5024e-19
9240.00   3.1118e-22
9242.00   7.5994e-19
9244.00   3.6575e-20
9246.00   1.7969e-21
9248.00   3.8469e-20
9250.00   2.7763e-21
9252.00   6.9791e-18
9254.00   3.3828e-22
9256.00   1.7989e-24
9258.00   1.1059e-18
9260.00   5.2155e-23
9262.00   3.3432e-29
9264.00   5.1079e-20
9266.00   8.7146e-24
9268.00   2.8183e-20
9270.00   1.0901e-22
9272.00   5.6517e-18
9274.00   4.2285e-19
9276.00   1.4214e-26
9278.00   1.2723e-24
9280.00   1.0192e-28
9282.00   7.8382e-20
9284.00   1.6230e-20
9286.00   1.7764e-19
9288.00   1.7542e-24
9290.00   1.4029e-18
9292.00   1.1502e-27
9294.00   3.3340e-22
9296.00   3.6844e-18
9298.00   6.0684e-19
9300.00   3.2113e-22
9302.00   2.0870e-28
9304.00   9.1975e-18
9306.00   2.7658e-20
9308.00   3.5740e-22
9310.00   1.0536e-21
9312.00   2.6492e-23
9314.00   1.3141e-22
9316.00   2.5289e-18
9318.00   4.8077e-24
9320.00   3.5863e-19
9322.00   1.4666e-19
9324.00   1.2179e-18
9326.00   1.5754e-18
9328.00   4.0953e-18
9330.00   2.6085e-20
9332.00   4.0401e-26
9334.00   5.0326e-23
9336.00   4.6187e-21
9338.00   6.2772e-22
9340.00   7.6886e-24
9342.00   8.6420e-19
9344.00   1.2645e-28
9346.00   1.2460e-22
9348.00   9.5417e-20
9350.00   5.4925e-19
9352.00   5.1995e-21
9354.00   3.9869e-25
9356.00   1.5500e-19
9358.00   5.5312e-19
9360.00   7.1029e-25
9362.00   1.2100e-21
9364.00   5.7784e-25
9366.00   2.0834e-21
9368.00   7.6467e-20
9370.00   9.8853e-25
9372.00   2.9732e-20
9374.00   2.4382e-20
9376.00   6.8228e-19
9378.00   2.6119e-22
9380.00   1.4867e-21
9382.00   1.7650e-21
9384.00   2.2034e-21
9386.00   5.3405e-21
9388.00   4.1448e-20
9390.00   2.0303e-22
9392.00   3.8485e-20
9394.00   3.9628e-21
9396.00   2.3944e-28
9398.00   9.8424e-27
9400.00   1.5826e-20
9402.00   4.3706e-24
9404.00   3.9926e-20
9406.00   4.8372e-21
9408.00   2.8916e-18
9410.00   7.5599e-19
9412.00   7.9517e-21
9414.00   4.8448e-20
9416.00   1.1344e-24
9418.00   5.6898e-18
9420.00   5.5444e-22
9422.00   2.9309e-22
9424.00   7.3749e-22
9426.00   1.4524e-20
9428.00   1.4379e-17
9430.00   1.6518e-21
9432.00   9.0220e-19
9434.00   1.3942e-28
9436.00   1.5252e-18
9438.00   4.3687e-21
9440.00   5.7427e-21
9442.00   4.4156e-20
9444.00   3.6970e-25
9446.00   9.3177e-20
9448.00   1.4232e-22
9450.00   1.7821e-24
9452.00   1.3704e-20
9454.00   4.9599e-24
9456.00   1.1622e-20
9458.00   8.0684e-22
9460.00   7.3888e-25
9462.00   7.6023e-23
9464.00   5.1750e-18
9466.00   2.0225e-21
9468.00   1.6347e-19
9470.00   5.3484e-20
9472.00   6.4414e-22
9474.00   7.4737e-18
9476.00   2.3110e-21
9478.00   7.6022e-21
9480.00   6.8908e-24
9482.00   2.5414e-21
9484.00   6.8403e-24
9486.00   8.6435e-24
9488.00   7.4469e-25
9490.00   4.6853e-22
9492.00   1.5421e-20
9494.00   2.8327e-28
9496.00   2.4350e-20
9498.00   7.3531e-19
9500.00   1.2592e-20
9502.00   3.2309e-26
9504.00   9.7686e-22
9506.00   2.4871e-25
9508.00   4.1194e-22
9510.00   1.1584e-17
9512.00   9.7909e-26
9514.00   1.6388e-20
9516.00   2.2264e-24
9518.00   1.0327e-21
9520.00   4.6411e-20
9522.00   4.2547e-23
9524.00   2.1480e-20
9526.00   1.0773e-20
9528.00   1.1139e-18
9530.00   4.9456e-24
9532.00   4.1668e-18
9534.00   5.9943e-18
9536.00   5.1360e-20
9538.00   5.3194e-25
9540.00   3.2621e-21
9542.00   3.7105e-20
9544.00   1.4060e-26
9546.00   3.0760e-20
9548.00   8.7125e-21
9550.00   9.3825e-18
9552.00   7.4481e-21
9554.00   1.6286e-22
9556.00   1.4214e-17
9558.00   8.3372e-20
9560.00   4.2220e-19
9562.00   1.7251e-27
9564.00   2.3246e-20
9566.00   1.0156e-19
9568.00   5.4806e-20
9570.00   8.3782e-19
9572.00   2.3334e-18
9574.00   8.5636e-24
9576.00   5.9105e-25
9578.00   2.6594e-21
9580.00   1.3579e-20
9582.00   1.1547e-21
9584.00   2.5220e-25
9586.00   4.9818e-22
9588.00   6.1229e-25
9590.00   1.5782e-19
9592.00   7.9715e-21
9594.00   1.7599e-23
9596.00   1.4589e-19
9598.00   5.0335e-20
9600.00   5.8586e-22
9602.00   2.1071e-21
9604.00   7.6898e-28
9606.00   2.4022e-19
9608.00   2.8080e-21
9610.00   1.1841e-21
9612.00   1.8847e-21
9614.00   5.0394e-20
9616.00   3.0135e-27
9618.00   7.1931e-18
9620.00   9.3239e-24
9622.00   4.3122e-26
9624.00   1.4963e-26
9626.00   2.6080e-27
9628.00   1.8442e-27
9630.00   1.1923e-20
9632.00   9.2447e-21
9634.00   3.2775e-18
9636.00   1.0631e-23
9638.00   2.4943e-20
9640.00   2.4226e-21
9642.00   1.5081e-21
9644.00   1.8551e-26
9646.00   4.1283e-21
9648.00   1.5685e-24
9650.00   5.2614e-24
9652.00   1.3720e-20
9654.00   9.8932e-29
9656.00   2.8330e-18
9658.00   3.2689e-24
9660.00   2.6251e-23
9662.00   3.5280e-18
9664.00   3.9112e-20
9666.00   6.8055e-27
9668.00   2.3546e-23
9670.00   3.7832e-20
9672.00   1.7841e-19
9674.00   8.5009e-22
9676.00   6.3870e-20
9678.00   1.9611e-22
9680.00   9.3632e-18
9682.00   3.6209e-20
9684.00   1.9650e-21
9686.00   4.7653e-22
9688.00   3.2814e-27
9690.00   1.8141e-24
9692.00   2.2486e-25
9694.00   1.4440e-26
9696.00   3.6008e-20
9698.00   5.5461e-24
9700.00   2.3693e-21
9702.00   1.1076e-26
9704.00   8.1520e-21
9706.00   5.9715e-23
9708.00   2.9618e-25
9710.00   2.9502e-26
9712.00   4.1404e-22
9714.00   3.4134e-20
9716.00   5.6223e-25
9718.00   4.1735e-20
9720.00   5.3890e-24
9722.00   9.3460e-21
9724.00   2.4788e-21
9726.00   1.6466e-25
9728.00   1.1315e-23
9730.00   1.8659e-20
9732.00   7.7506e-22
9734.00   8.5671e-24
9736.00   4.3779e-20
9738.00   4.0047e-20
9740.00   5.0329e-22
9742.00   1.1388e-19
9744.00   2.1698e-19
9746.00   5.6910e-19
9748.00   2.8718e-20
9750.00   5.5815e-20
9752.00   1.9411e-26
9754.00   6.5781e-23
9756.00   1.3810e-20
9758.00   2.5132e-28
9760.00   3.8999e-23
9762.00   1.2619e-26
9764.00   3.6282e-19
9766.00   4.5005e-19
9768.00   7.7768e-22
9770.00   6.8723e-23
9772.00   1.3387e-23
9774.00   2.5931e-25
9776.00   2.0409e-26
9778.00   7.0939e-25
9780.00   5.8979e-22
9782.00   2.7451e-20
9784.00   7.5971e-29
9786.00   5.2805e-25
9788.00   6.0090e-19
9790.00   1.6716e-23
9792.00   4.0569e-25
9794.00   2.6977e-22
9796.00   2.4419e-19
9798.00   3.5293e-21
9800.00   1.2157e-20
9802.00   2.2700e-23
9804.00   9.3131e-24
9806.00   7.1764e-20
9808.00   8.1930e-20
9810.00   7.9805e-22
9812.00   2.5158e-18
9814.00   2.0773e-26
9816.00   7.5269e-20
9818.00   1.5918e-25
9820.00   2.0033e-23
9822.00   7.8829e-24
9824.00   2.6255e-23
9826.00   7.8072e-20
9828.00   3.2680e-21
9830.00   9.7419e-23
9832.00   3.6464e-30
9834.00   2.0291e-25
9836.00   3.8388e-25
9838.00   5.0904e-21
9840.00   1.2285e-27
9842.00   8.8709e-21
9844.00   5.3018e-18
9846.00   1.5768e-22
9848.00   1.6245e-19
9850.00   3.8942e-20
9852.00   4.5641e-25
9854.00   7.2612e-24
9856.00   2.6204e-26
9858.00   5.1442e-22
9860.00   1.0845e-23
9862.00   6.4083e-21
9864.00   1.0586e-24
9866.00   3.8374e-24
9868.00   5.8447e-19
9870.00   1.3490e-23
9872.00   1.6400e-21
9874.00   2.6644e-21
9876.00   3.1293e-21
9878.00   3.2613e-25
9880.00   4.2690e-20
9882.00   3.7051e-20
9884.00   2.6799e-23
9886.00   1.5570e-25
9888.00   1.0543e-23
9890.00   7.1522e-27
9892.00   2.6945e-23
9894.00   7.5282e-19
9896.00   4.5241e-19
9898.00   6.9949e-24
9900.00   3.5309e-19
9902.00   1.2541e-23
9904.00   3.0974e-19
9906.00   5.3107e-20
9908.00   1.2361e-19
9910.00   4.7538e-20
9912.00   2.7345e-20
9914.00   1.5112e-25
9916.00   5.9358e-23
9918.00   5.5752e-25
9920.00   1.6127e-19
9922.00   2.2173e-21
9924.00   6.3120e-21
9926.00   3.8445e-24
9928.00   1.5398e-27
9930.00   1.3033e-25
9932.00   4.7593e-21
9934.00   2.3826e-22
9936.00   1.7418e-22
9938.00   1.3976e-20
9940.00   1.7261e-22
9942.00   2.1200e-24
9944.00   1.3411e-23
9946.00   2.7608e-19
9948.00   4.9239e-25
9950.00   1.4734e-20
9952.00   3.8352e-26
9954.00   1.7864e-20
9956.00   7.9136e-18
9958.00   1.5782e-21
9960.00   7.7729e-25
9962.00   1.3775e-21
9964.00   1.2674e-26
9966.00   1.7325e-27
9968.00   1.0434e-22
9970.00   8.3284e-21
9972.00   2.9575e-22
9974.00   3.1826e-28
9976.00   3.8377e-20
9978.00   5.2187e-21
9980.00   1.1508e-25
9982.00   2.2303e-20
9984.00   2.5627e-20
9986.00   3.1758e-23
9988.00   9.2185e-29
9990.00   1.5684e-23
9992.00   1.5098e-20
9994.00   9.4187e-21
9996.00   6.2211e-22
9998.00   7.1143e-17
10000.00   2.9860e-24
