1000.00   3.6323e-16
1002.00   3.0323e-16
1004.00   3.4387e-16
1006.00   2.0992e-16
1008.00   5.8330e-17
1010.00   1.2943e-16
1012.00   3.3013e-17
1014.00   1.6834e-16
1016.00   7.4544e-17
1018.00   8.6504e-17
1020.00   1.5102e-16
1022.00   1.0740e-16
1024.00   2.0550e-17
1026.00   1.0378e-17
1028.00   7.2641e-17
1030.00   6.8024e-16
1032.00   1.8167e-16
1034.00   5.1443e-16
1036.00   2.7352e-16
1038.00   5.2622e-17
1040.00   3.2648e-17
1042.00   7.4529e-17
1044.00   1.7220e-16
1046.00   3.1129e-16
1048.00   1.1555e-17
1050.00   1.4624e-16
1052.00   1.1239e-16
1054.00   3.0335e-16
1056.00   7.6574e-16
1058.00   4.0623e-16
1060.00   9.2893e-16
1062.00   5.0614e-16
1064.00   1.8382e-15
1066.00   4.7133e-16
1068.00   2.1280e-15
1070.00   8.8241e-16
1072.00   1.3055e-15
1074.00   2.0041e-15
1076.00   2.5800e-15
1078.00   4.1794e-16
1080.00   3.0802e-16
1082.00   8.5713e-16
1084.00   7.4727e-16
1086.00   3.4210e-16
1088.00   1.1077e-15
1090.00   1.2202e-15
1092.00   6.5230e-16
1094.00   1.7505e-15
1096.00   7.6562e-16
1098.00   1.6476e-15
1100.00   2.2996e-15
1102.00   6.5964e-16
1104.00   4.6105e-16
1106.00   1.4357e-15
1108.00   1.0362e-15
1110.00   1.0745e-15
1112.00   1.1670e-15
1114.00   1.3335e-15
1116.00   8.8598e-16
1118.00   1.4324e-16
1120.00   2.5969e-16
1122.00   1.0621e-15
1124.00   8.4797e-16
1126.00   1.8747e-15
1128.00   1.5794e-15
1130.00   1.6098e-15
1132.00   1.0778e-15
1134.00   2.3097e-15
1136.00   1.4712e-15
1138.00   1.0810e-15
1140.00   9.6803e-16
1142.00   1.6094e-15
1144.00   3.9304e-15
1146.00   2.7059e-15
1148.00   4.6647e-15
1150.00   2.9769e-15
1152.00   2.2318e-15
1154.00   2.4793e-15
1156.00   6.5542e-16
1158.00   1.8218e-15
1160.00   1.9593e-15
1162.00   1.0161e-15
1164.00   9.3446e-16
1166.00   1.7539e-15
1168.00   1.3485e-15
1170.00   2.1755e-15
1172.00   1.5929e-15
1174.00   1.9392e-15
1176.00   4.7009e-16
1178.00   6.4737e-16
1180.00   2.7713e-16
1182.00   8.6607e-16
1184.00   1.3859e-15
1186.00   7.5258e-16
1188.00   1.6464e-15
1190.00   3.3523e-16
1192.00   1.4554e-15
1194.00   1.7594e-16
1196.00   1.0411e-15
1198.00   2.5841e-15
1200.00   2.9093e-15
1202.00   1.4110e-15
1204.00   7.1644e-16
1206.00   3.1815e-16
1208.00   2.4542e-15
1210.00   1.6346e-15
1212.00   2.1280e-15
1214.00   9.8145e-16
1216.00   5.3869e-16
1218.00   2.4444e-15
1220.00   8.2599e-15
1222.00   2.9131e-16
1224.00   9.8419e-16
1226.00   2.8464e-16
1228.00   6.0040e-16
1230.00   1.4456e-16
1232.00   6.1938e-16
1234.00   9.5851e-16
1236.00   5.6136e-16
1238.00   5.5830e-16
1240.00   6.4598e-16
1242.00   8.5695e-16
1244.00   5.9045e-16
1246.00   3.9251e-16
1248.00   7.6419e-16
1250.00   2.3955e-16
1252.00   7.2933e-16
1254.00   4.5547e-16
1256.00   8.9537e-16
1258.00   1.5088e-15
1260.00   1.7618e-16
1262.00   1.4576e-15
1264.00   4.4436e-15
1266.00   9.1464e-15
1268.00   7.9620e-16
1270.00   9.8608e-16
1272.00   1.5293e-15
1274.00   7.9962e-16
1276.00   1.0442e-15
1278.00   8.7185e-16
1280.00   1.2275e-15
1282.00   3.7603e-16
1284.00   5.6201e-16
1286.00   7.6659e-16
1288.00   2.1290e-15
1290.00   2.3295e-15
1292.00   2.1434e-15
1294.00   2.2075e-15
1296.00   1.7275e-15
1298.00   5.5778e-16
1300.00   2.0399e-15
1302.00   5.6194e-16
1304.00   6.9345e-16
1306.00   6.7514e-16
1308.00   5.5857e-16
1310.00   2.4043e-16
1312.00   3.0789e-16
1314.00   8.6869e-16
1316.00   7.8160e-16
1318.00   9.4362e-16
1320.00   1.1768e-15
1322.00   1.0048e-15
1324.00   9.2170e-16
1326.00   5.1096e-16
1328.00   9.6289e-16
1330.00   9.1703e-16
1332.00   9.7324e-16
1334.00   1.3170e-16
1336.00   2.0057e-16
1338.00   4.1971e-16
1340.00   1.7473e-15
1342.00   5.8192e-16
1344.00   3.6121e-16
1346.00   1.0496e-15
1348.00   2.1002e-16
1350.00   6.0451e-16
1352.00   9.2337e-16
1354.00   1.1519e-15
1356.00   7.3124e-16
1358.00   6.6472e-16
1360.00   1.6509e-15
1362.00   1.4681e-15
1364.00   1.0174e-15
1366.00   2.1861e-15
1368.00   8.7729e-16
1370.00   5.8771e-16
1372.00   1.7301e-15
1374.00   2.4115e-15
1376.00   1.3411e-15
1378.00   2.5878e-15
1380.00   1.1592e-15
1382.00   1.5819e-15
1384.00   1.2746e-15
1386.00   1.2242e-15
1388.00   1.2795e-15
1390.00   2.9201e-16
1392.00   9.3275e-16
1394.00   5.4357e-16
1396.00   1.2656e-15
1398.00   1.1907e-15
1400.00   2.2100e-15
1402.00   2.4060e-15
1404.00   1.5454e-15
1406.00   7.7763e-16
1408.00   1.0048e-15
1410.00   1.7790e-15
1412.00   6.5509e-16
1414.00   1.0759e-15
1416.00   3.1841e-15
1418.00   1.8374e-15
1420.00   9.1483e-16
1422.00   2.8403e-15
1424.00   8.1517e-16
1426.00   2.8535e-16
1428.00   1.1434e-15
1430.00   1.8183e-15
1432.00   1.0026e-15
1434.00   3.6532e-16
1436.00   1.3725e-15
1438.00   2.8593e-15
1440.00   1.2634e-15
1442.00   1.6667e-15
1444.00   1.2707e-15
1446.00   8.6177e-16
1448.00   6.4216e-16
1450.00   6.1204e-16
1452.00   1.8198e-15
1454.00   2.7650e-15
1456.00   9.4148e-16
1458.00   5.1298e-16
1460.00   2.0485e-15
1462.00   6.5002e-16
1464.00   1.4856e-15
1466.00   1.2557e-15
1468.00   1.2511e-15
1470.00   3.9298e-16
1472.00   2.2262e-15
1474.00   2.6295e-15
1476.00   1.0568e-15
1478.00   1.5349e-15
1480.00   1.6203e-15
1482.00   2.5207e-16
1484.00   1.9340e-15
1486.00   1.1121e-15
1488.00   1.1223e-15
1490.00   1.7472e-15
1492.00   1.0764e-15
1494.00   5.1620e-16
1496.00   7.1984e-16
1498.00   1.2689e-16
1500.00   2.4556e-16
1502.00   7.7128e-16
1504.00   7.4367e-16
1506.00   1.3186e-15
1508.00   1.4009e-15
1510.00   2.0020e-16
1512.00   1.2688e-15
1514.00   7.3358e-16
1516.00   4.6923e-16
1518.00   1.1971e-16
1520.00   6.8461e-16
1522.00   8.1662e-16
1524.00   4.1724e-16
1526.00   2.8049e-16
1528.00   4.8810e-16
1530.00   7.6677e-17
1532.00   3.3622e-16
1534.00   2.2236e-15
1536.00   9.1597e-16
1538.00   3.3263e-16
1540.00   2.2448e-15
1542.00   4.0021e-16
1544.00   3.6597e-16
1546.00   3.8577e-16
1548.00   2.0436e-15
1550.00   2.9581e-16
1552.00   6.7542e-16
1554.00   6.2461e-16
1556.00   9.3248e-16
1558.00   1.1389e-16
1560.00   6.6904e-16
1562.00   3.4597e-16
1564.00   4.4682e-16
1566.00   3.4230e-16
1568.00   4.4557e-16
1570.00   7.4996e-16
1572.00   1.0931e-15
1574.00   8.3187e-16
1576.00   8.9537e-17
1578.00   1.0818e-15
1580.00   1.0449e-15
1582.00   5.6183e-16
1584.00   3.8307e-16
1586.00   5.5765e-16
1588.00   6.1859e-16
1590.00   1.8926e-16
1592.00   3.3447e-16
1594.00   1.0577e-15
1596.00   2.7785e-16
1598.00   3.3686e-16
1600.00   4.9683e-16
1602.00   4.7768e-16
1604.00   2.9949e-16
1606.00   5.3685e-16
1608.00   7.8874e-16
1610.00   2.7499e-16
1612.00   1.1753e-16
1614.00   3.7970e-16
1616.00   8.3248e-17
1618.00   8.5978e-16
1620.00   3.0913e-16
1622.00   7.9794e-16
1624.00   3.9061e-16
1626.00   9.1945e-16
1628.00   4.8518e-16
1630.00   1.3775e-15
1632.00   1.1960e-15
1634.00   1.1189e-15
1636.00   2.3874e-15
1638.00   4.2199e-16
1640.00   2.4999e-15
1642.00   1.3958e-15
1644.00   5.2195e-16
1646.00   9.8995e-16
1648.00   7.2175e-16
1650.00   1.3261e-15
1652.00   2.2669e-16
1654.00   9.1244e-16
1656.00   5.8228e-16
1658.00   8.2329e-16
1660.00   4.2171e-16
1662.00   3.1306e-16
1664.00   2.7733e-16
1666.00   1.2140e-16
1668.00   4.2487e-16
1670.00   4.7586e-16
1672.00   2.9899e-16
1674.00   9.8278e-16
1676.00   1.0383e-15
1678.00   2.9273e-16
1680.00   7.5935e-16
1682.00   6.8181e-16
1684.00   4.5315e-16
1686.00   4.3525e-16
1688.00   7.2006e-16
1690.00   8.2603e-16
1692.00   2.7345e-16
1694.00   7.6183e-16
1696.00   2.9501e-16
1698.00   1.1488e-15
1700.00   4.8672e-16
1702.00   6.8127e-16
1704.00   3.3023e-16
1706.00   1.8631e-16
1708.00   1.0113e-15
1710.00   1.1355e-15
1712.00   4.6613e-16
1714.00   5.7694e-16
1716.00   1.2935e-15
1718.00   8.4969e-16
1720.00   6.9390e-16
1722.00   7.1696e-16
1724.00   1.2894e-15
1726.00   6.9051e-16
1728.00   3.0258e-16
1730.00   6.2126e-17
1732.00   6.8894e-16
1734.00   3.2381e-16
1736.00   1.6586e-16
1738.00   3.9675e-16
1740.00   3.8498e-17
1742.00   3.4402e-16
1744.00   3.2153e-17
1746.00   5.0345e-16
1748.00   3.8496e-16
1750.00   6.2151e-16
1752.00   4.2662e-17
1754.00   2.7081e-17
1756.00   8.9175e-17
1758.00   2.1640e-16
1760.00   5.1696e-16
1762.00   9.0073e-16
1764.00   3.3112e-16
1766.00   2.0528e-16
1768.00   3.2688e-16
1770.00   4.8144e-16
1772.00   3.3226e-16
1774.00   7.0824e-16
1776.00   4.3053e-16
1778.00   4.0133e-16
1780.00   6.6550e-17
1782.00   8.0581e-16
1784.00   2.3586e-16
1786.00   3.7357e-15
1788.00   2.1610e-15
1790.00   5.8518e-16
1792.00   6.5605e-16
1794.00   7.9107e-16
1796.00   4.0505e-16
1798.00   1.3027e-15
1800.00   2.3047e-17
1802.00   1.4400e-16
1804.00   7.0419e-16
1806.00   6.9434e-16
1808.00   3.0005e-16
1810.00   5.4026e-16
1812.00   2.0515e-16
1814.00   1.8625e-16
1816.00   6.3249e-16
1818.00   3.7453e-16
1820.00   3.5098e-17
1822.00   2.9528e-16
1824.00   5.3655e-16
1826.00   5.0309e-16
1828.00   8.1174e-16
1830.00   3.5426e-16
1832.00   5.0634e-16
1834.00   3.9169e-16
1836.00   5.4814e-16
1838.00   1.3383e-18
1840.00   7.3241e-16
1842.00   2.4304e-16
1844.00   7.0898e-16
1846.00   2.8015e-16
1848.00   5.8886e-16
1850.00   2.0388e-16
1852.00   7.9679e-16
1854.00   1.7413e-16
1856.00   3.3668e-16
1858.00   1.0097e-16
1860.00   2.2345e-16
1862.00   8.2793e-16
1864.00   5.3184e-16
1866.00   2.7562e-16
1868.00   3.6759e-16
1870.00   5.8405e-16
1872.00   4.8869e-16
1874.00   3.2280e-16
1876.00   4.2739e-16
1878.00   5.4401e-16
1880.00   8.7464e-16
1882.00   1.5654e-16
1884.00   8.6336e-16
1886.00   3.4333e-16
1888.00   9.8054e-16
1890.00   2.7039e-16
1892.00   2.8468e-16
1894.00   2.1734e-16
1896.00   3.8243e-16
1898.00   3.5569e-16
1900.00   5.5181e-16
1902.00   6.7600e-16
1904.00   6.9460e-16
1906.00   1.5985e-16
1908.00   6.2808e-17
1910.00   6.1897e-16
1912.00   6.7416e-16
1914.00   6.1713e-17
1916.00   3.7867e-16
1918.00   8.7719e-16
1920.00   3.4674e-16
1922.00   1.7888e-16
1924.00   4.3482e-17
1926.00   7.5291e-16
1928.00   5.2224e-16
1930.00   3.2145e-16
1932.00   5.8916e-16
1934.00   2.0408e-16
1936.00   7.8809e-16
1938.00   5.1563e-17
1940.00   6.8958e-16
1942.00   2.7676e-16
1944.00   7.4079e-16
1946.00   4.8337e-16
1948.00   1.1887e-15
1950.00   1.9502e-16
1952.00   4.2170e-16
1954.00   3.0616e-16
1956.00   9.3975e-16
1958.00   2.6634e-15
1960.00   4.5461e-17
1962.00   9.6862e-16
1964.00   4.4247e-16
1966.00   1.9659e-15
1968.00   9.4226e-16
1970.00   1.5429e-15
1972.00   4.1557e-16
1974.00   9.0566e-16
1976.00   1.9926e-15
1978.00   3.7354e-16
1980.00   1.0384e-16
1982.00   1.7503e-17
1984.00   7.0219e-16
1986.00   7.7729e-16
1988.00   3.3101e-16
1990.00   4.9619e-16
1992.00   1.3628e-16
1994.00   5.1950e-16
1996.00   5.6386e-16
1998.00   6.3370e-17
2000.00   1.1507e-15
2002.00   3.9533e-17
2004.00   7.2238e-16
2006.00   3.2981e-16
2008.00   1.0675e-15
2010.00   6.3667e-16
2012.00   3.7656e-16
2014.00   9.5168e-16
2016.00   1.3141e-15
2018.00   6.5033e-16
2020.00   5.7719e-16
2022.00   7.3730e-17
2024.00   2.1933e-15
2026.00   3.3102e-16
2028.00   5.8346e-16
2030.00   3.2220e-15
2032.00   1.0404e-15
2034.00   6.3621e-16
2036.00   4.0448e-16
2038.00   3.4891e-16
2040.00   7.2996e-16
2042.00   9.0313e-18
2044.00   7.1342e-16
2046.00   2.2040e-17
2048.00   5.6700e-16
2050.00   4.1480e-17
2052.00   5.2651e-16
2054.00   2.1527e-16
2056.00   4.5115e-16
2058.00   5.6229e-16
2060.00   2.9821e-17
2062.00   3.5970e-16
2064.00   5.2354e-16
2066.00   4.4191e-16
2068.00   5.6412e-16
2070.00   1.2596e-15
2072.00   5.5113e-16
2074.00   5.0028e-16
2076.00   2.0055e-16
2078.00   7.9730e-16
2080.00   4.3458e-16
2082.00   1.7330e-16
2084.00   2.3680e-16
2086.00   3.7588e-16
2088.00   6.5655e-16
2090.00   1.2677e-17
2092.00   3.1201e-16
2094.00   6.2840e-16
2096.00   2.2449e-16
2098.00   2.8749e-16
2100.00   3.1082e-16
2102.00   9.5712e-16
2104.00   2.4592e-17
2106.00   6.3990e-16
2108.00   7.6729e-16
2110.00   1.1379e-15
2112.00   7.4846e-17
2114.00   7.2162e-16
2116.00   1.9348e-15
2118.00   4.2131e-16
2120.00   5.4983e-16
2122.00   3.1322e-16
2124.00   2.3723e-17
2126.00   3.7578e-16
2128.00   6.9545e-16
2130.00   5.5051e-16
2132.00   9.3998e-16
2134.00   3.7873e-16
2136.00   4.5834e-16
2138.00   8.4613e-16
2140.00   3.1638e-16
2142.00   1.0373e-15
2144.00   9.3375e-17
2146.00   6.6544e-16
2148.00   5.7091e-16
2150.00   4.5450e-16
2152.00   4.9394e-16
2154.00   2.2935e-16
2156.00   3.5237e-16
2158.00   3.7101e-16
2160.00   5.2220e-16
2162.00   6.3887e-16
2164.00   4.2844e-16
2166.00   6.7686e-16
2168.00   1.1839e-15
2170.00   3.1242e-16
2172.00   1.5155e-16
2174.00   9.4785e-16
2176.00   4.6809e-16
2178.00   5.4330e-16
2180.00   3.7309e-16
2182.00   1.1482e-16
2184.00   9.5623e-16
2186.00   1.2548e-16
2188.00   4.9663e-16
2190.00   2.7678e-16
2192.00   4.5715e-17
2194.00   3.5504e-16
2196.00   2.1167e-16
2198.00   1.1831e-16
2200.00   1.8182e-17
2202.00   4.3560e-16
2204.00   4.1249e-16
2206.00   5.6446e-16
2208.00   1.0393e-16
2210.00   3.8902e-16
2212.00   6.5962e-16
2214.00   6.7451e-16
2216.00   3.8185e-16
2218.00   4.3173e-16
2220.00   4.8985e-16
2222.00   6.8959e-16
2224.00   1.0259e-15
2226.00   5.4988e-16
2228.00   6.5220e-16
2230.00   3.9607e-16
2232.00   6.4205e-16
2234.00   1.1306e-15
2236.00   6.9153e-16
2238.00   6.8570e-16
2240.00   7.0917e-16
2242.00   5.6375e-16
2244.00   1.3522e-15
2246.00   6.8411e-16
2248.00   1.7680e-16
2250.00   1.4824e-15
2252.00   1.0228e-16
2254.00   1.2905e-15
2256.00   1.0896e-15
2258.00   4.7919e-16
2260.00   2.1299e-15
2262.00   4.0122e-16
2264.00   9.4876e-16
2266.00   1.2635e-15
2268.00   1.6423e-15
2270.00   8.2806e-16
2272.00   9.7092e-16
2274.00   1.1498e-15
2276.00   1.1883e-15
2278.00   9.0632e-16
2280.00   2.0913e-15
2282.00   4.6742e-16
2284.00   9.1947e-16
2286.00   6.4150e-16
2288.00   7.9455e-16
2290.00   4.8121e-16
2292.00   1.1793e-16
2294.00   1.8049e-15
2296.00   5.6592e-16
2298.00   4.5905e-16
2300.00   3.9192e-16
2302.00   4.5133e-16
2304.00   1.0626e-15
2306.00   6.4184e-16
2308.00   2.1084e-15
2310.00   5.9141e-16
2312.00   1.3312e-15
2314.00   1.0458e-15
2316.00   7.3238e-17
2318.00   1.0789e-15
2320.00   1.3513e-18
2322.00   9.5877e-16
2324.00   3.0937e-16
2326.00   1.0220e-15
2328.00   1.0029e-15
2330.00   1.2509e-15
2332.00   1.9594e-15
2334.00   1.2723e-17
2336.00   5.0854e-17
2338.00   7.6677e-16
2340.00   1.4127e-15
2342.00   3.1072e-16
2344.00   1.5009e-15
2346.00   1.1758e-15
2348.00   1.2750e-15
2350.00   1.0198e-17
2352.00   1.1100e-15
2354.00   6.6538e-16
2356.00   1.1316e-15
2358.00   6.3977e-16
2360.00   2.6927e-15
2362.00   1.2371e-15
2364.00   1.7088e-15
2366.00   1.2815e-15
2368.00   7.3247e-16
2370.00   8.6734e-16
2372.00   6.3220e-16
2374.00   1.6864e-15
2376.00   6.7938e-16
2378.00   1.0804e-16
2380.00   1.9265e-15
2382.00   4.2084e-15
2384.00   1.6670e-15
2386.00   1.6102e-15
2388.00   1.7173e-15
2390.00   3.5155e-16
2392.00   2.5417e-15
2394.00   3.1115e-16
2396.00   2.6346e-15
2398.00   1.9479e-16
2400.00   1.9817e-15
2402.00   9.4258e-16
2404.00   1.3754e-15
2406.00   1.4589e-15
2408.00   9.9615e-17
2410.00   1.2348e-15
2412.00   8.9331e-16
2414.00   1.8204e-15
2416.00   1.5351e-15
2418.00   1.7568e-15
2420.00   5.3942e-16
2422.00   1.0079e-15
2424.00   2.1452e-15
2426.00   8.2327e-16
2428.00   1.7696e-15
2430.00   2.8757e-15
2432.00   2.1557e-15
2434.00   1.9753e-15
2436.00   1.0427e-15
2438.00   7.7154e-16
2440.00   1.6277e-15
2442.00   9.1599e-16
2444.00   6.0300e-16
2446.00   1.5364e-15
2448.00   2.5802e-15
2450.00   1.0720e-15
2452.00   7.7205e-16
2454.00   1.5134e-15
2456.00   1.0648e-15
2458.00   1.3476e-15
2460.00   1.5740e-15
2462.00   1.5546e-15
2464.00   2.6403e-15
2466.00   2.2793e-15
2468.00   1.0711e-15
2470.00   1.9515e-15
2472.00   1.2484e-15
2474.00   1.7481e-15
2476.00   9.3529e-16
2478.00   1.2448e-15
2480.00   1.1918e-15
2482.00   1.9921e-15
2484.00   1.4471e-15
2486.00   1.6436e-15
2488.00   1.6549e-15
2490.00   1.5150e-15
2492.00   5.8142e-16
2494.00   1.0174e-15
2496.00   5.2264e-16
2498.00   1.4835e-15
2500.00   7.1705e-16
2502.00   7.8931e-16
2504.00   9.9532e-16
2506.00   4.1206e-15
2508.00   9.4221e-16
2510.00   1.5958e-15
2512.00   1.1246e-15
2514.00   1.8044e-15
2516.00   3.4735e-16
2518.00   8.1801e-16
2520.00   1.4058e-15
2522.00   2.1580e-15
2524.00   2.4851e-16
2526.00   1.8071e-15
2528.00   5.9534e-16
2530.00   1.0582e-15
2532.00   4.8526e-16
2534.00   4.9102e-16
2536.00   9.7874e-16
2538.00   1.9334e-15
2540.00   1.3772e-15
2542.00   1.6684e-15
2544.00   1.1117e-15
2546.00   1.2439e-15
2548.00   7.3004e-16
2550.00   1.5864e-15
2552.00   5.8239e-16
2554.00   7.7704e-16
2556.00   6.8141e-16
2558.00   6.6966e-16
2560.00   1.0299e-15
2562.00   1.5731e-15
2564.00   8.8716e-16
2566.00   1.1537e-15
2568.00   8.6017e-16
2570.00   9.8399e-16
2572.00   4.7311e-16
2574.00   1.1862e-15
2576.00   4.6795e-16
2578.00   8.4988e-16
2580.00   1.1677e-16
2582.00   1.7950e-15
2584.00   2.8764e-16
2586.00   1.5529e-15
2588.00   1.3704e-15
2590.00   6.0552e-16
2592.00   1.9663e-15
2594.00   1.8975e-16
2596.00   4.3288e-16
2598.00   2.3004e-15
2600.00   2.0698e-15
2602.00   1.0384e-17
2604.00   4.4766e-16
2606.00   3.0294e-16
2608.00   1.6797e-15
2610.00   1.1088e-15
2612.00   2.3304e-15
2614.00   1.6838e-15
2616.00   6.8619e-18
2618.00   1.7272e-15
2620.00   1.6025e-15
2622.00   1.1003e-15
2624.00   8.3257e-16
2626.00   3.3423e-15
2628.00   1.3274e-15
2630.00   1.0060e-15
2632.00   2.3445e-15
2634.00   6.7251e-16
2636.00   6.2605e-16
2638.00   6.0200e-16
2640.00   6.1279e-16
2642.00   9.2793e-16
2644.00   5.0782e-16
2646.00   5.3873e-16
2648.00   4.1188e-17
2650.00   6.8582e-16
2652.00   9.3200e-16
2654.00   6.1010e-16
2656.00   4.5971e-17
2658.00   4.4002e-16
2660.00   4.1846e-16
2662.00   2.1954e-17
2664.00   6.7287e-16
2666.00   6.9433e-16
2668.00   1.2669e-16
2670.00   7.4401e-16
2672.00   7.3281e-17
2674.00   4.0784e-18
2676.00   2.0081e-16
2678.00   7.6071e-16
2680.00   1.7968e-16
2682.00   5.9014e-16
2684.00   1.0082e-15
2686.00   5.4499e-16
2688.00   2.5491e-17
2690.00   4.4461e-16
2692.00   1.3376e-15
2694.00   3.7333e-16
2696.00   3.0569e-17
2698.00   6.4670e-16
2700.00   5.5257e-16
2702.00   1.1688e-17
2704.00   9.3169e-16
2706.00   1.0435e-15
2708.00   4.8857e-16
2710.00   1.1424e-15
2712.00   7.4936e-16
2714.00   9.0430e-16
2716.00   1.7470e-15
2718.00   1.3033e-15
2720.00   4.8014e-16
2722.00   9.2114e-16
2724.00   1.2929e-15
2726.00   1.2319e-16
2728.00   9.3472e-16
2730.00   1.2483e-15
2732.00   2.2386e-15
2734.00   2.2287e-16
2736.00   7.6377e-16
2738.00   5.6260e-16
2740.00   1.3244e-15
2742.00   2.8885e-16
2744.00   1.4893e-15
2746.00   1.9899e-15
2748.00   4.9979e-16
2750.00   1.8120e-15
2752.00   9.8231e-16
2754.00   1.1014e-15
2756.00   3.1033e-15
2758.00   4.7660e-16
2760.00   9.2890e-16
2762.00   1.2160e-15
2764.00   7.2028e-16
2766.00   1.2051e-18
2768.00   2.5011e-15
2770.00   2.4874e-16
2772.00   1.4378e-15
2774.00   8.4835e-16
2776.00   1.1632e-15
2778.00   6.6416e-16
2780.00   4.8547e-16
2782.00   3.8090e-16
2784.00   5.1778e-16
2786.00   1.0232e-15
2788.00   5.7268e-16
2790.00   1.5411e-16
2792.00   2.4948e-15
2794.00   4.8474e-16
2796.00   1.5378e-16
2798.00   5.4011e-17
2800.00   9.6337e-16
2802.00   1.8968e-18
2804.00   1.7050e-16
2806.00   5.9075e-16
2808.00   4.5240e-17
2810.00   1.0512e-16
2812.00   2.1384e-16
2814.00   4.3631e-16
2816.00   1.2589e-17
2818.00   1.6507e-16
2820.00   3.2272e-15
2822.00   3.2814e-16
2824.00   2.5067e-15
2826.00   4.9873e-16
2828.00   1.0676e-15
2830.00   1.3249e-16
2832.00   2.4381e-15
2834.00   5.8032e-16
2836.00   2.8512e-16
2838.00   8.5850e-16
2840.00   1.2933e-14
2842.00   2.9112e-16
2844.00   1.3720e-15
2846.00   4.1062e-15
2848.00   4.1244e-15
2850.00   6.0676e-16
2852.00   1.5657e-15
2854.00   2.4980e-16
2856.00   5.9819e-15
2858.00   1.6970e-15
2860.00   1.7562e-16
2862.00   2.5089e-16
2864.00   7.6081e-16
2866.00   1.1903e-15
2868.00   1.2118e-15
2870.00   1.8372e-15
2872.00   2.5453e-15
2874.00   7.8750e-17
2876.00   4.7706e-17
2878.00   1.4183e-16
2880.00   8.2137e-16
2882.00   4.4937e-15
2884.00   1.8130e-15
2886.00   6.6227e-16
2888.00   6.7483e-16
2890.00   7.3186e-16
2892.00   3.6665e-16
2894.00   1.1868e-16
2896.00   6.4200e-16
2898.00   7.1243e-16
2900.00   6.4554e-18
2902.00   6.7164e-16
2904.00   5.2939e-18
2906.00   4.7896e-16
2908.00   5.1660e-16
2910.00   6.6571e-16
2912.00   1.8725e-17
2914.00   1.1988e-17
2916.00   4.1768e-16
2918.00   6.4744e-16
2920.00   2.2031e-16
2922.00   6.9000e-17
2924.00   1.2233e-16
2926.00   1.7774e-15
2928.00   1.5055e-18
2930.00   1.5642e-16
2932.00   4.5109e-17
2934.00   3.5129e-16
2936.00   3.8126e-17
2938.00   4.8349e-17
2940.00   6.2577e-16
2942.00   2.6435e-18
2944.00   8.0302e-16
2946.00   3.5148e-16
2948.00   9.8631e-16
2950.00   6.5858e-16
2952.00   1.1234e-16
2954.00   9.0030e-16
2956.00   1.4804e-17
2958.00   1.6706e-17
2960.00   5.4767e-16
2962.00   4.8718e-16
2964.00   3.3218e-16
2966.00   1.1357e-15
2968.00   6.9814e-17
2970.00   1.3900e-15
2972.00   3.8244e-16
2974.00   2.4908e-17
2976.00   6.3353e-16
2978.00   3.1197e-17
2980.00   1.1294e-15
2982.00   2.6757e-16
2984.00   1.5544e-15
2986.00   8.0719e-16
2988.00   1.8267e-17
2990.00   1.2637e-17
2992.00   7.2633e-17
2994.00   1.3989e-16
2996.00   2.5388e-17
2998.00   4.2695e-16
3000.00   1.4939e-16
3002.00   1.7185e-15
3004.00   2.2583e-17
3006.00   4.7583e-18
3008.00   2.6324e-18
3010.00   3.5040e-16
3012.00   5.1735e-18
3014.00   5.2633e-16
3016.00   1.9764e-16
3018.00   3.9118e-16
3020.00   2.0899e-16
3022.00   9.7708e-17
3024.00   1.8658e-16
3026.00   8.6066e-17
3028.00   3.4209e-17
3030.00   3.8046e-16
3032.00   1.2524e-17
3034.00   2.5625e-16
3036.00   8.6415e-16
3038.00   1.4998e-16
3040.00   3.2582e-17
3042.00   1.1758e-17
3044.00   7.2398e-16
3046.00   9.9756e-17
3048.00   9.3382e-16
3050.00   1.9934e-16
3052.00   2.5367e-17
3054.00   2.5667e-18
3056.00   9.2094e-16
3058.00   2.3919e-17
3060.00   9.4174e-19
3062.00   2.2385e-16
3064.00   3.0966e-19
3066.00   6.3137e-16
3068.00   2.8426e-16
3070.00   4.3548e-16
3072.00   6.2440e-16
3074.00   5.3865e-18
3076.00   2.1035e-15
3078.00   5.0666e-15
3080.00   2.5700e-16
3082.00   1.1007e-17
3084.00   2.7013e-16
3086.00   6.5323e-19
3088.00   2.9108e-19
3090.00   2.3244e-16
3092.00   5.7907e-19
3094.00   6.5020e-19
3096.00   5.8536e-16
3098.00   2.2422e-17
3100.00   2.6626e-19
3102.00   1.7311e-16
3104.00   5.4683e-18
3106.00   5.0354e-16
3108.00   1.6375e-17
3110.00   6.7801e-19
3112.00   1.5011e-19
3114.00   1.5938e-16
3116.00   1.9251e-16
3118.00   5.5676e-18
3120.00   3.4364e-17
3122.00   6.3439e-18
3124.00   9.9760e-20
3126.00   7.6164e-18
3128.00   5.2669e-19
3130.00   2.9903e-17
3132.00   1.9299e-16
3134.00   9.1167e-18
3136.00   5.8197e-17
3138.00   6.6517e-18
3140.00   1.8536e-17
3142.00   8.7485e-16
3144.00   4.2454e-17
3146.00   2.6106e-16
3148.00   1.5138e-18
3150.00   1.5470e-18
3152.00   1.4900e-17
3154.00   2.5065e-18
3156.00   1.4404e-16
3158.00   2.3763e-16
3160.00   1.5195e-17
3162.00   1.0111e-15
3164.00   1.5650e-15
3166.00   7.6113e-16
3168.00   3.6472e-18
3170.00   5.7680e-16
3172.00   1.7457e-20
3174.00   8.7620e-19
3176.00   6.6284e-17
3178.00   8.2104e-16
3180.00   8.6179e-18
3182.00   3.4528e-19
3184.00   1.3907e-15
3186.00   1.6416e-15
3188.00   6.2180e-17
3190.00   2.5359e-16
3192.00   1.1469e-15
3194.00   7.4844e-16
3196.00   1.9842e-15
3198.00   7.3127e-18
3200.00   7.6367e-18
3202.00   7.6739e-19
3204.00   2.9142e-16
3206.00   3.0253e-19
3208.00   5.9661e-18
3210.00   9.6739e-16
3212.00   4.8798e-17
3214.00   9.5310e-16
3216.00   6.7464e-18
3218.00   2.6346e-18
3220.00   1.7464e-17
3222.00   8.9800e-18
3224.00   1.5453e-16
3226.00   3.2381e-17
3228.00   1.3393e-15
3230.00   2.5305e-16
3232.00   5.3653e-16
3234.00   1.0423e-16
3236.00   1.8040e-18
3238.00   5.0950e-17
3240.00   8.8560e-18
3242.00   2.4166e-19
3244.00   5.8476e-16
3246.00   9.7593e-18
3248.00   5.5402e-16
3250.00   4.5971e-16
3252.00   3.3655e-16
3254.00   2.5218e-17
3256.00   1.4014e-15
3258.00   6.5853e-16
3260.00   3.6292e-16
3262.00   4.2366e-17
3264.00   3.0423e-16
3266.00   1.3497e-17
3268.00   1.9483e-16
3270.00   6.1672e-17
3272.00   2.6292e-19
3274.00   2.2383e-17
3276.00   4.8184e-17
3278.00   2.6411e-15
3280.00   1.6412e-17
3282.00   9.9946e-16
3284.00   4.0781e-17
3286.00   6.6476e-16
3288.00   1.7680e-17
3290.00   1.9280e-16
3292.00   2.2819e-17
3294.00   1.6369e-19
3296.00   7.9782e-16
3298.00   5.1307e-16
3300.00   2.5843e-17
3302.00   4.0351e-16
3304.00   4.6886e-16
3306.00   6.4524e-16
3308.00   1.5248e-20
3310.00   1.0180e-16
3312.00   5.3862e-16
3314.00   2.0520e-16
3316.00   4.0837e-18
3318.00   9.1593e-17
3320.00   3.0848e-17
3322.00   1.8921e-16
3324.00   1.1339e-16
3326.00   3.1119e-17
3328.00   2.0664e-16
3330.00   2.3885e-17
3332.00   8.3732e-19
3334.00   2.3834e-18
3336.00   1.9341e-16
3338.00   1.7776e-16
3340.00   4.9381e-19
3342.00   1.4266e-17
3344.00   1.1540e-18
3346.00   3.4413e-20
3348.00   3.3421e-19
3350.00   2.1396e-19
3352.00   3.2820e-18
3354.00   7.6511e-19
3356.00   1.5543e-18
3358.00   5.4083e-16
3360.00   1.5625e-16
3362.00   1.6681e-16
3364.00   6.4505e-18
3366.00   1.9070e-16
3368.00   1.6506e-17
3370.00   1.1720e-16
3372.00   3.7628e-16
3374.00   6.8841e-19
3376.00   6.8385e-16
3378.00   3.5057e-19
3380.00   1.3842e-16
3382.00   9.9926e-17
3384.00   7.7399e-19
3386.00   2.7391e-17
3388.00   1.5575e-16
3390.00   4.0639e-17
3392.00   3.9001e-16
3394.00   6.0143e-18
3396.00   5.5417e-17
3398.00   9.9638e-18
3400.00   2.0594e-18
3402.00   5.3096e-18
3404.00   9.3455e-18
3406.00   1.6366e-17
3408.00   3.1036e-18
3410.00   1.0189e-16
3412.00   2.6001e-18
3414.00   1.1504e-16
3416.00   2.9765e-16
3418.00   2.5134e-19
3420.00   4.2770e-17
3422.00   2.6669e-18
3424.00   4.5893e-19
3426.00   7.3129e-17
3428.00   8.5201e-17
3430.00   8.3077e-17
3432.00   1.5519e-18
3434.00   4.1045e-18
3436.00   4.3020e-16
3438.00   5.1892e-18
3440.00   2.4390e-16
3442.00   1.9414e-17
3444.00   5.3165e-17
3446.00   7.6905e-18
3448.00   2.9281e-18
3450.00   2.3879e-17
3452.00   6.8451e-16
3454.00   1.2048e-16
3456.00   6.4291e-16
3458.00   3.3933e-17
3460.00   1.4366e-18
3462.00   1.4234e-19
3464.00   9.7646e-17
3466.00   7.7473e-18
3468.00   4.2485e-19
3470.00   1.0337e-16
3472.00   2.1493e-17
3474.00   2.4736e-18
3476.00   2.1703e-16
3478.00   8.4168e-17
3480.00   9.6793e-17
3482.00   1.6141e-16
3484.00   9.9691e-17
3486.00   1.8245e-16
3488.00   3.5492e-19
3490.00   2.6382e-16
3492.00   9.7597e-19
3494.00   2.4710e-16
3496.00   1.2927e-16
3498.00   1.6015e-17
3500.00   9.8381e-17
3502.00   2.2148e-16
3504.00   2.7737e-16
3506.00   1.2764e-17
3508.00   7.8957e-17
3510.00   2.6109e-18
3512.00   1.7216e-17
3514.00   1.8397e-18
3516.00   6.3524e-17
3518.00   1.8438e-17
3520.00   1.0213e-17
3522.00   2.4084e-16
3524.00   5.5551e-18
3526.00   6.8445e-17
3528.00   3.9329e-17
3530.00   2.1915e-17
3532.00   5.8263e-17
3534.00   8.0280e-19
3536.00   1.5572e-16
3538.00   1.9796e-16
3540.00   1.8330e-16
3542.00   5.3538e-17
3544.00   1.2764e-17
3546.00   7.3793e-19
3548.00   2.4306e-17
3550.00   5.7695e-18
3552.00   8.2130e-18
3554.00   3.8286e-17
3556.00   1.2444e-16
3558.00   9.1297e-17
3560.00   8.6186e-18
3562.00   7.8155e-19
3564.00   2.1352e-17
3566.00   7.6689e-17
3568.00   2.0845e-18
3570.00   7.6047e-19
3572.00   4.8894e-19
3574.00   2.2157e-18
3576.00   9.7746e-18
3578.00   9.0967e-19
3580.00   7.5825e-19
3582.00   2.5278e-20
3584.00   1.9509e-18
3586.00   3.0035e-17
3588.00   1.4906e-17
3590.00   5.7265e-17
3592.00   2.4629e-19
3594.00   1.4198e-18
3596.00   2.2356e-18
3598.00   2.7050e-18
3600.00   1.6428e-18
3602.00   1.3432e-17
3604.00   1.3143e-18
3606.00   8.2302e-18
3608.00   1.0291e-18
3610.00   4.1299e-18
3612.00   7.6152e-19
3614.00   2.1500e-17
3616.00   3.7775e-19
3618.00   3.9912e-18
3620.00   5.9928e-19
3622.00   2.0423e-16
3624.00   2.0164e-16
3626.00   4.2196e-18
3628.00   8.6039e-18
3630.00   7.6964e-19
3632.00   5.2424e-18
3634.00   1.6249e-18
3636.00   3.2156e-17
3638.00   1.4867e-18
3640.00   1.5013e-19
3642.00   2.3552e-16
3644.00   1.2839e-18
3646.00   4.0256e-18
3648.00   1.1476e-18
3650.00   1.5600e-19
3652.00   9.3603e-19
3654.00   5.5751e-20
3656.00   3.3041e-16
3658.00   1.1512e-18
3660.00   5.0975e-19
3662.00   5.4408e-18
3664.00   7.1022e-18
3666.00   1.0956e-18
3668.00   1.6367e-18
3670.00   1.3150e-18
3672.00   1.2645e-19
3674.00   1.8405e-18
3676.00   7.3824e-19
3678.00   1.2782e-19
3680.00   1.8913e-18
3682.00   8.6759e-18
3684.00   7.9896e-19
3686.00   1.5977e-17
3688.00   1.1108e-18
3690.00   9.3335e-19
3692.00   1.3050e-19
3694.00   2.0573e-18
3696.00   3.1461e-18
3698.00   2.9425e-17
3700.00   2.4714e-18
3702.00   5.5354e-22
3704.00   2.3490e-18
3706.00   2.7988e-20
3708.00   2.4938e-19
3710.00   5.4373e-18
3712.00   1.4066e-17
3714.00   8.2514e-19
3716.00   1.5787e-18
3718.00   2.8619e-19
3720.00   1.2213e-17
3722.00   9.8643e-18
3724.00   6.0106e-18
3726.00   1.2886e-17
3728.00   1.0670e-16
3730.00   3.4326e-19
3732.00   1.7688e-19
3734.00   1.6835e-19
3736.00   1.9914e-19
3738.00   1.6260e-18
3740.00   7.0835e-19
3742.00   8.0833e-18
3744.00   4.0226e-18
3746.00   1.4298e-17
3748.00   1.9120e-16
3750.00   1.7252e-18
3752.00   3.3880e-20
3754.00   1.2106e-17
3756.00   3.6469e-17
3758.00   1.7701e-17
3760.00   1.1158e-16
3762.00   1.6514e-16
3764.00   5.4541e-16
3766.00   5.9533e-19
3768.00   1.1240e-18
3770.00   2.0145e-19
3772.00   1.2468e-19
3774.00   1.3749e-19
3776.00   5.4598e-19
3778.00   7.5471e-18
3780.00   1.0195e-16
3782.00   3.0541e-17
3784.00   1.4124e-16
3786.00   1.6761e-17
3788.00   1.0741e-18
3790.00   3.2740e-19
3792.00   2.9369e-18
3794.00   2.5321e-19
3796.00   5.1653e-19
3798.00   1.9396e-17
3800.00   3.8327e-19
3802.00   1.0065e-18
3804.00   1.2712e-18
3806.00   1.9184e-18
3808.00   6.0925e-19
3810.00   4.9966e-19
3812.00   5.5428e-19
3814.00   4.8925e-17
3816.00   4.2431e-21
3818.00   1.2353e-19
3820.00   2.2623e-18
3822.00   5.4597e-17
3824.00   1.0080e-15
3826.00   5.6043e-20
3828.00   5.6745e-17
3830.00   9.0348e-19
3832.00   7.0536e-21
3834.00   1.1987e-17
3836.00   3.3217e-20
3838.00   3.0533e-17
3840.00   6.4015e-20
3842.00   2.2920e-19
3844.00   4.4798e-19
3846.00   4.8360e-17
3848.00   8.0164e-19
3850.00   2.1163e-19
3852.00   1.1912e-19
3854.00   3.8079e-20
3856.00   6.6063e-19
3858.00   5.3230e-19
3860.00   6.2063e-19
3862.00   2.9140e-19
3864.00   2.2116e-18
3866.00   2.6080e-19
3868.00   1.1795e-19
3870.00   3.2809e-19
3872.00   2.9605e-16
3874.00   3.6711e-18
3876.00   9.9986e-19
3878.00   3.3701e-19
3880.00   3.6872e-19
3882.00   8.7493e-18
3884.00   1.8956e-18
3886.00   1.8043e-19
3888.00   6.3949e-21
3890.00   9.5038e-20
3892.00   1.0794e-20
3894.00   6.6906e-19
3896.00   3.6676e-17
3898.00   1.5124e-20
3900.00   3.1452e-19
3902.00   6.2990e-21
3904.00   6.7083e-18
3906.00   8.3688e-17
3908.00   6.9646e-17
3910.00   1.5135e-17
3912.00   2.1240e-19
3914.00   9.4248e-17
3916.00   7.3043e-18
3918.00   9.0323e-18
3920.00   1.8068e-18
3922.00   1.5432e-18
3924.00   1.6967e-18
3926.00   2.3484e-19
3928.00   9.5826e-18
3930.00   1.4622e-16
3932.00   1.0512e-17
3934.00   3.2927e-19
3936.00   1.0516e-16
3938.00   5.0635e-16
3940.00   2.6052e-18
3942.00   8.8183e-20
3944.00   5.7245e-19
3946.00   1.5488e-16
3948.00   4.0139e-20
3950.00   2.3969e-18
3952.00   2.7071e-18
3954.00   2.5688e-19
3956.00   1.4548e-19
3958.00   1.6535e-17
3960.00   1.8609e-17
3962.00   8.6037e-19
3964.00   8.4891e-17
3966.00   1.0160e-17
3968.00   2.3567e-18
3970.00   9.5286e-17
3972.00   1.8991e-18
3974.00   6.9806e-16
3976.00   9.1985e-18
3978.00   7.4032e-19
3980.00   9.5045e-19
3982.00   5.1953e-17
3984.00   3.9286e-18
3986.00   4.3529e-19
3988.00   2.6521e-19
3990.00   4.3145e-17
3992.00   3.8524e-19
3994.00   1.3521e-19
3996.00   1.7897e-17
3998.00   2.4058e-20
4000.00   1.6516e-18
4002.00   3.5615e-16
4004.00   8.7518e-18
4006.00   4.3229e-20
4008.00   2.3656e-17
4010.00   5.6157e-19
4012.00   3.7022e-18
4014.00   1.0683e-18
4016.00   3.0924e-18
4018.00   1.9820e-18
4020.00   1.9342e-18
4022.00   5.3613e-18
4024.00   5.9708e-17
4026.00   1.3648e-19
4028.00   1.8623e-18
4030.00   2.2485e-20
4032.00   2.8622e-19
4034.00   7.6761e-18
4036.00   3.1639e-19
4038.00   1.5680e-19
4040.00   1.1423e-18
4042.00   1.5972e-18
4044.00   2.1661e-19
4046.00   8.4030e-19
4048.00   6.5012e-20
4050.00   1.9162e-18
4052.00   6.6401e-19
4054.00   1.5912e-20
4056.00   1.9709e-19
4058.00   1.9177e-17
4060.00   3.9002e-20
4062.00   9.2659e-17
4064.00   2.7352e-18
4066.00   1.0841e-20
4068.00   6.4444e-17
4070.00   1.0978e-17
4072.00   8.4229e-20
4074.00   5.5667e-18
4076.00   1.9743e-17
4078.00   3.2700e-17
4080.00   1.3497e-17
4082.00   3.1659e-18
4084.00   1.0730e-17
4086.00   2.5921e-19
4088.00   2.5431e-17
4090.00   1.2581e-19
4092.00   5.0262e-18
4094.00   6.8176e-18
4096.00   8.3491e-18
4098.00   6.3011e-17
4100.00   8.6271e-19
4102.00   1.3606e-18
4104.00   5.7416e-18
4106.00   6.7683e-19
4108.00   3.6856e-18
4110.00   1.0799e-18
4112.00   2.5040e-17
4114.00   9.2636e-18
4116.00   4.9684e-20
4118.00   6.3251e-19
4120.00   6.1575e-18
4122.00   1.4311e-16
4124.00   2.3594e-17
4126.00   1.8719e-19
4128.00   9.0913e-17
4130.00   3.1804e-19
4132.00   3.0895e-18
4134.00   2.0184e-18
4136.00   1.6657e-18
4138.00   5.3450e-17
4140.00   9.4655e-19
4142.00   2.6697e-19
4144.00   3.8530e-17
4146.00   2.6519e-17
4148.00   2.9023e-18
4150.00   3.8201e-18
4152.00   4.9504e-18
4154.00   9.7559e-19
4156.00   1.7389e-19
4158.00   1.5959e-17
4160.00   1.6820e-17
4162.00   7.0566e-18
4164.00   8.1868e-19
4166.00   2.1214e-19
4168.00   5.0249e-18
4170.00   1.0591e-18
4172.00   4.1404e-18
4174.00   5.2152e-16
4176.00   3.2185e-18
4178.00   1.0182e-15
4180.00   7.0702e-17
4182.00   3.1373e-18
4184.00   1.3896e-17
4186.00   3.1339e-19
4188.00   1.5789e-18
4190.00   2.0538e-18
4192.00   1.0605e-21
4194.00   4.3009e-20
4196.00   5.8509e-19
4198.00   2.4722e-18
4200.00   5.0781e-19
4202.00   9.6611e-18
4204.00   5.0098e-20
4206.00   3.9105e-18
4208.00   4.8857e-19
4210.00   1.7593e-17
4212.00   1.1256e-17
4214.00   7.6032e-19
4216.00   3.1785e-20
4218.00   1.6268e-19
4220.00   4.8936e-19
4222.00   1.5476e-18
4224.00   8.2432e-18
4226.00   1.1867e-18
4228.00   7.2157e-19
4230.00   2.1809e-21
4232.00   8.1727e-17
4234.00   1.1142e-15
4236.00   5.2802e-19
4238.00   1.6564e-18
4240.00   1.2839e-19
4242.00   1.1513e-18
4244.00   2.8393e-15
4246.00   5.3422e-21
4248.00   5.4139e-17
4250.00   1.7499e-18
4252.00   3.3134e-18
4254.00   3.2266e-19
4256.00   2.6013e-17
4258.00   9.7426e-17
4260.00   6.4885e-20
4262.00   2.3141e-20
4264.00   5.5346e-19
4266.00   2.8866e-18
4268.00   6.9423e-18
4270.00   1.3202e-18
4272.00   1.5468e-20
4274.00   1.3443e-16
4276.00   1.2646e-15
4278.00   6.0702e-17
4280.00   6.8687e-20
4282.00   2.8319e-18
4284.00   1.3155e-19
4286.00   1.6077e-18
4288.00   1.7452e-15
4290.00   1.3517e-19
4292.00   4.3406e-17
4294.00   4.2776e-20
4296.00   2.9378e-16
4298.00   4.0032e-20
4300.00   2.4957e-17
4302.00   1.8619e-17
4304.00   4.3292e-16
4306.00   3.8464e-16
4308.00   2.3508e-20
4310.00   2.6908e-19
4312.00   2.1219e-17
4314.00   2.8479e-16
4316.00   4.9725e-19
4318.00   3.3790e-18
4320.00   7.7581e-16
4322.00   5.0803e-18
4324.00   7.5051e-20
4326.00   3.7196e-17
4328.00   1.1247e-18
4330.00   2.0878e-17
4332.00   4.6591e-16
4334.00   4.2513e-20
4336.00   4.2222e-18
4338.00   3.5058e-16
4340.00   2.3157e-17
4342.00   8.4868e-19
4344.00   2.5540e-17
4346.00   5.5095e-16
4348.00   6.6196e-18
4350.00   3.1300e-19
4352.00   1.2189e-15
4354.00   2.3921e-19
4356.00   4.0065e-18
4358.00   8.3934e-16
4360.00   1.2728e-15
4362.00   3.1366e-17
4364.00   1.6572e-17
4366.00   5.1937e-19
4368.00   1.3819e-19
4370.00   6.8976e-17
4372.00   1.3408e-15
4374.00   2.0082e-19
4376.00   2.7542e-18
4378.00   2.2232e-18
4380.00   1.2690e-18
4382.00   4.1430e-17
4384.00   4.4498e-16
4386.00   3.4243e-16
4388.00   4.5054e-19
4390.00   6.7225e-23
4392.00   8.1067e-19
4394.00   2.2061e-19
4396.00   3.5255e-20
4398.00   3.7860e-16
4400.00   3.0891e-19
4402.00   1.1574e-17
4404.00   5.1175e-20
4406.00   4.6898e-19
4408.00   6.6301e-19
4410.00   3.9872e-18
4412.00   3.8802e-20
4414.00   2.4054e-15
4416.00   6.6960e-16
4418.00   9.2535e-20
4420.00   4.0443e-19
4422.00   2.4937e-18
4424.00   3.6221e-19
4426.00   2.7104e-19
4428.00   1.4559e-18
4430.00   6.2587e-19
4432.00   3.4454e-17
4434.00   2.3993e-19
4436.00   1.5206e-18
4438.00   6.4934e-20
4440.00   2.1142e-16
4442.00   1.8655e-18
4444.00   8.1961e-18
4446.00   1.5136e-18
4448.00   1.8499e-18
4450.00   7.5278e-19
4452.00   6.2098e-16
4454.00   1.4211e-18
4456.00   2.3702e-17
4458.00   1.9720e-16
4460.00   1.7185e-19
4462.00   3.1327e-17
4464.00   3.2168e-19
4466.00   4.6224e-18
4468.00   5.1682e-19
4470.00   1.1366e-17
4472.00   3.8719e-16
4474.00   2.8517e-16
4476.00   6.2689e-20
4478.00   3.3038e-19
4480.00   2.8121e-17
4482.00   2.6725e-21
4484.00   8.9836e-20
4486.00   4.2832e-20
4488.00   9.3817e-17
4490.00   6.5004e-16
4492.00   3.7154e-16
4494.00   8.7315e-19
4496.00   7.8274e-20
4498.00   8.4832e-19
4500.00   1.6199e-19
4502.00   4.6013e-19
4504.00   1.5824e-18
4506.00   3.9824e-19
4508.00   4.2971e-16
4510.00   2.7464e-17
4512.00   3.7011e-20
4514.00   4.5963e-17
4516.00   3.7889e-16
4518.00   6.8993e-20
4520.00   9.1234e-16
4522.00   5.2576e-16
4524.00   2.5591e-18
4526.00   9.7189e-18
4528.00   2.7867e-17
4530.00   3.0948e-18
4532.00   2.6875e-20
4534.00   1.7354e-16
4536.00   1.9528e-19
4538.00   6.5260e-19
4540.00   1.3021e-20
4542.00   3.9160e-16
4544.00   1.9994e-19
4546.00   8.6748e-20
4548.00   1.2392e-19
4550.00   6.6601e-16
4552.00   8.3849e-20
4554.00   1.4555e-19
4556.00   6.5551e-16
4558.00   9.8239e-21
4560.00   4.9151e-20
4562.00   1.9661e-19
4564.00   8.6293e-19
4566.00   6.3691e-20
4568.00   3.1908e-19
4570.00   2.1088e-19
4572.00   1.0229e-19
4574.00   1.6516e-20
4576.00   6.0051e-16
4578.00   3.6829e-18
4580.00   3.1279e-17
4582.00   2.1051e-16
4584.00   9.5363e-16
4586.00   5.2936e-18
4588.00   2.8226e-19
4590.00   7.9276e-19
4592.00   1.6395e-18
4594.00   2.3404e-18
4596.00   1.6727e-16
4598.00   2.0812e-17
4600.00   2.2945e-22
4602.00   7.9175e-19
4604.00   1.0884e-17
4606.00   7.7523e-19
4608.00   5.2938e-20
4610.00   3.7082e-19
4612.00   3.6312e-18
4614.00   6.8827e-20
4616.00   2.4522e-20
4618.00   1.6854e-19
4620.00   6.8295e-16
4622.00   5.2765e-19
4624.00   8.5998e-19
4626.00   8.1408e-19
4628.00   6.0620e-18
4630.00   1.5724e-15
4632.00   2.3865e-16
4634.00   1.0854e-18
4636.00   1.3639e-19
4638.00   7.0381e-19
4640.00   1.1526e-16
4642.00   9.2427e-20
4644.00   1.2234e-18
4646.00   3.8541e-22
4648.00   1.8266e-16
4650.00   8.2830e-20
4652.00   3.4371e-19
4654.00   9.4500e-21
4656.00   7.6902e-18
4658.00   5.3694e-19
4660.00   3.2838e-20
4662.00   8.8719e-19
4664.00   4.3226e-17
4666.00   5.4323e-16
4668.00   1.6132e-18
4670.00   1.3709e-17
4672.00   1.4345e-19
4674.00   2.9338e-21
4676.00   3.8875e-20
4678.00   1.1142e-19
4680.00   6.1028e-21
4682.00   2.0750e-21
4684.00   1.8648e-19
4686.00   2.5981e-19
4688.00   5.1639e-17
4690.00   5.5250e-20
4692.00   5.0577e-20
4694.00   3.3847e-20
4696.00   7.4401e-19
4698.00   2.9114e-19
4700.00   1.3939e-19
4702.00   3.2194e-19
4704.00   4.7702e-18
4706.00   3.4242e-19
4708.00   2.9668e-19
4710.00   5.3572e-19
4712.00   5.3383e-22
4714.00   1.2216e-18
4716.00   3.1107e-17
4718.00   3.4918e-19
4720.00   1.2054e-17
4722.00   2.6364e-19
4724.00   1.7163e-19
4726.00   2.6897e-20
4728.00   2.4441e-16
4730.00   2.0242e-19
4732.00   3.8680e-17
4734.00   4.7765e-20
4736.00   5.4722e-20
4738.00   1.4633e-18
4740.00   3.8614e-20
4742.00   3.6651e-20
4744.00   8.6048e-18
4746.00   2.2537e-17
4748.00   4.8522e-20
4750.00   1.3185e-17
4752.00   4.7997e-20
4754.00   2.5319e-19
4756.00   4.7689e-19
4758.00   9.7022e-20
4760.00   4.0796e-18
4762.00   1.3941e-20
4764.00   4.1051e-20
4766.00   2.4267e-20
4768.00   7.3115e-20
4770.00   5.6531e-21
4772.00   1.1621e-17
4774.00   2.2443e-16
4776.00   7.6474e-20
4778.00   1.6877e-18
4780.00   6.7490e-20
4782.00   8.6452e-21
4784.00   6.7853e-21
4786.00   2.1512e-19
4788.00   3.1510e-22
4790.00   1.0577e-20
4792.00   3.6542e-20
4794.00   4.5614e-22
4796.00   2.4214e-19
4798.00   3.2566e-17
4800.00   6.2277e-19
4802.00   7.5285e-20
4804.00   3.6493e-19
4806.00   6.7974e-20
4808.00   4.2401e-19
4810.00   3.6569e-18
4812.00   4.2874e-20
4814.00   5.0404e-16
4816.00   2.0264e-19
4818.00   4.1764e-19
4820.00   8.3802e-20
4822.00   2.6678e-20
4824.00   1.1354e-18
4826.00   1.6615e-16
4828.00   2.0269e-20
4830.00   4.7649e-19
4832.00   1.7041e-17
4834.00   2.4182e-17
4836.00   1.6680e-19
4838.00   6.4254e-20
4840.00   1.7174e-17
4842.00   2.3717e-19
4844.00   1.2333e-18
4846.00   6.4744e-19
4848.00   8.0428e-18
4850.00   3.7185e-20
4852.00   2.4776e-17
4854.00   3.5530e-20
4856.00   4.1375e-18
4858.00   1.6341e-20
4860.00   5.8775e-20
4862.00   2.1781e-20
4864.00   3.5800e-20
4866.00   4.7844e-19
4868.00   4.8397e-17
4870.00   5.7192e-18
4872.00   8.2924e-18
4874.00   2.9738e-16
4876.00   2.2800e-18
4878.00   1.2607e-19
4880.00   2.7486e-19
4882.00   3.6585e-20
4884.00   2.9703e-19
4886.00   3.7239e-18
4888.00   7.6028e-20
4890.00   3.1189e-16
4892.00   1.5895e-18
4894.00   4.9249e-18
4896.00   9.3275e-19
4898.00   1.7061e-16
4900.00   4.0516e-20
4902.00   6.3395e-18
4904.00   5.1673e-17
4906.00   3.0518e-16
4908.00   1.7216e-21
4910.00   2.8079e-20
4912.00   8.4309e-19
4914.00   8.3762e-22
4916.00   2.0683e-20
4918.00   1.3874e-19
4920.00   1.3272e-19
4922.00   1.6726e-18
4924.00   6.7200e-16
4926.00   5.8332e-20
4928.00   9.2039e-19
4930.00   5.6800e-21
4932.00   1.2784e-18
4934.00   9.4437e-21
4936.00   4.0302e-19
4938.00   3.6513e-20
4940.00   5.0155e-20
4942.00   2.6652e-20
4944.00   1.9098e-19
4946.00   2.6244e-19
4948.00   5.5867e-16
4950.00   1.9968e-16
4952.00   6.8678e-18
4954.00   1.4493e-17
4956.00   1.4427e-19
4958.00   4.3263e-18
4960.00   6.2717e-20
4962.00   5.6292e-19
4964.00   9.9549e-21
4966.00   7.7297e-19
4968.00   5.8625e-19
4970.00   1.7237e-19
4972.00   2.0770e-19
4974.00   2.3148e-16
4976.00   1.2055e-17
4978.00   2.6977e-20
4980.00   9.8821e-20
4982.00   6.2434e-21
4984.00   1.4901e-21
4986.00   7.0742e-19
4988.00   3.2154e-18
4990.00   4.6895e-21
4992.00   3.6057e-18
4994.00   1.6031e-17
4996.00   4.8367e-20
4998.00   3.5362e-18
5000.00   5.8444e-18
5002.00   1.5574e-20
5004.00   1.1080e-19
5006.00   4.1952e-16
5008.00   4.7400e-21
5010.00   3.4044e-21
5012.00   1.5405e-21
5014.00   5.4477e-20
5016.00   2.4263e-18
5018.00   7.4598e-16
5020.00   2.0917e-16
5022.00   1.1188e-18
5024.00   3.0671e-20
5026.00   2.2953e-20
5028.00   1.1658e-17
5030.00   4.0396e-19
5032.00   5.9310e-22
5034.00   7.1782e-21
5036.00   1.4502e-18
5038.00   6.2467e-22
5040.00   8.1499e-17
5042.00   4.8984e-20
5044.00   1.4175e-16
5046.00   1.0185e-17
5048.00   4.6298e-17
5050.00   3.6722e-16
5052.00   1.1625e-19
5054.00   6.7744e-20
5056.00   2.1431e-19
5058.00   2.7134e-20
5060.00   6.7428e-17
5062.00   3.3111e-20
5064.00   1.3046e-20
5066.00   8.6330e-18
5068.00   4.9505e-22
5070.00   7.9402e-20
5072.00   8.2593e-16
5074.00   9.2662e-18
5076.00   9.8766e-17
5078.00   2.2786e-20
5080.00   6.8488e-20
5082.00   5.0186e-22
5084.00   1.8824e-18
5086.00   6.1192e-18
5088.00   1.4046e-20
5090.00   1.5574e-19
5092.00   1.5915e-21
5094.00   3.9534e-18
5096.00   2.1820e-19
5098.00   3.7945e-21
5100.00   5.9203e-17
5102.00   4.5833e-19
5104.00   5.7108e-21
5106.00   4.2633e-20
5108.00   1.4424e-16
5110.00   9.5937e-21
5112.00   5.3023e-16
5114.00   1.2708e-22
5116.00   1.5855e-20
5118.00   8.0078e-22
5120.00   7.8114e-18
5122.00   7.4577e-20
5124.00   6.9498e-19
5126.00   1.5333e-18
5128.00   1.5853e-17
5130.00   1.5805e-19
5132.00   1.8214e-17
5134.00   1.3228e-19
5136.00   9.1064e-18
5138.00   6.1258e-21
5140.00   5.8913e-21
5142.00   2.5783e-20
5144.00   3.9467e-20
5146.00   1.1719e-17
5148.00   4.0498e-20
5150.00   5.8712e-18
5152.00   3.0646e-21
5154.00   1.6213e-17
5156.00   2.3687e-21
5158.00   3.2905e-15
5160.00   2.1010e-17
5162.00   6.6282e-18
5164.00   5.0001e-17
5166.00   4.6893e-20
5168.00   2.7643e-19
5170.00   8.5039e-16
5172.00   9.2431e-17
5174.00   2.5564e-24
5176.00   6.1248e-21
5178.00   1.1658e-18
5180.00   5.3530e-19
5182.00   2.0409e-16
5184.00   2.6939e-16
5186.00   1.3242e-17
5188.00   5.6252e-20
5190.00   3.6224e-21
5192.00   1.5603e-18
5194.00   5.2563e-20
5196.00   3.8214e-22
5198.00   7.7093e-16
5200.00   1.0625e-17
5202.00   2.4254e-22
5204.00   3.2184e-20
5206.00   8.7054e-19
5208.00   3.1118e-20
5210.00   2.1703e-19
5212.00   2.9302e-20
5214.00   1.9872e-20
5216.00   1.6933e-19
5218.00   1.6663e-18
5220.00   8.0047e-17
5222.00   3.9949e-20
5224.00   4.9336e-20
5226.00   2.0754e-19
5228.00   5.4985e-18
5230.00   9.9919e-24
5232.00   9.1753e-19
5234.00   9.3786e-16
5236.00   1.0663e-18
5238.00   3.6018e-18
5240.00   8.2738e-19
5242.00   3.1798e-20
5244.00   4.3009e-19
5246.00   2.4255e-20
5248.00   3.4136e-20
5250.00   3.2078e-19
5252.00   1.2160e-18
5254.00   3.0231e-16
5256.00   5.0864e-17
5258.00   1.2273e-18
5260.00   3.6514e-19
5262.00   1.7256e-15
5264.00   5.7515e-17
5266.00   7.9855e-23
5268.00   2.5724e-16
5270.00   1.8885e-19
5272.00   5.4268e-17
5274.00   8.6208e-16
5276.00   1.3410e-15
5278.00   8.4780e-18
5280.00   1.5839e-18
5282.00   1.0316e-19
5284.00   6.5642e-16
5286.00   1.0144e-19
5288.00   4.9654e-20
5290.00   5.7227e-20
5292.00   6.7622e-19
5294.00   2.6481e-19
5296.00   1.0584e-16
5298.00   1.0237e-18
5300.00   1.6631e-19
5302.00   1.0587e-20
5304.00   2.0656e-18
5306.00   1.2139e-20
5308.00   7.3240e-20
5310.00   1.4245e-19
5312.00   1.6126e-20
5314.00   1.7780e-18
5316.00   2.3008e-15
5318.00   1.9353e-20
5320.00   6.0925e-19
5322.00   4.6028e-19
5324.00   2.4562e-18
5326.00   4.3737e-16
5328.00   2.5371e-20
5330.00   1.1581e-19
5332.00   1.8535e-19
5334.00   7.6101e-16
5336.00   3.1403e-19
5338.00   1.5849e-17
5340.00   3.6450e-19
5342.00   8.7292e-20
5344.00   1.3511e-19
5346.00   1.4464e-17
5348.00   7.9232e-17
5350.00   4.1712e-20
5352.00   1.4492e-19
5354.00   1.8448e-19
5356.00   6.2256e-20
5358.00   2.4217e-18
5360.00   6.8680e-19
5362.00   2.2429e-16
5364.00   1.2140e-18
5366.00   3.4811e-19
5368.00   8.8252e-20
5370.00   2.9960e-19
5372.00   9.7993e-21
5374.00   1.4144e-22
5376.00   8.0265e-16
5378.00   1.0534e-19
5380.00   4.5341e-19
5382.00   1.0712e-18
5384.00   4.4253e-18
5386.00   5.4712e-20
5388.00   1.8535e-18
5390.00   2.1001e-20
5392.00   9.0578e-21
5394.00   2.3369e-18
5396.00   4.6829e-19
5398.00   2.0886e-20
5400.00   1.1907e-20
5402.00   1.3077e-19
5404.00   4.3207e-20
5406.00   5.7445e-20
5408.00   1.5575e-18
5410.00   9.6798e-19
5412.00   9.0374e-17
5414.00   2.2926e-17
5416.00   9.3220e-20
5418.00   4.0864e-20
5420.00   3.3176e-19
5422.00   2.5294e-19
5424.00   1.8957e-19
5426.00   5.1722e-16
5428.00   3.9866e-17
5430.00   2.2229e-21
5432.00   6.6174e-18
5434.00   2.6112e-16
5436.00   4.4133e-19
5438.00   1.8909e-18
5440.00   3.5355e-18
5442.00   8.3888e-20
5444.00   2.2486e-19
5446.00   4.6902e-18
5448.00   4.1457e-21
5450.00   1.0986e-17
5452.00   7.7374e-19
5454.00   1.2915e-19
5456.00   1.8802e-20
5458.00   5.5052e-20
5460.00   3.9478e-20
5462.00   5.1462e-25
5464.00   2.4211e-22
5466.00   7.0047e-18
5468.00   1.2077e-18
5470.00   3.2585e-19
5472.00   1.9277e-20
5474.00   6.1889e-21
5476.00   1.5052e-21
5478.00   3.8354e-17
5480.00   2.1198e-20
5482.00   1.8099e-19
5484.00   1.2702e-19
5486.00   1.8828e-18
5488.00   8.4513e-19
5490.00   1.0541e-20
5492.00   9.2819e-22
5494.00   2.7553e-23
5496.00   4.6742e-17
5498.00   3.0629e-18
5500.00   1.6720e-18
5502.00   9.8534e-19
5504.00   6.1307e-19
5506.00   8.9899e-19
5508.00   5.4841e-19
5510.00   1.4171e-18
5512.00   1.5803e-19
5514.00   1.8607e-19
5516.00   2.0851e-21
5518.00   3.0209e-19
5520.00   9.6375e-19
5522.00   9.0374e-20
5524.00   4.8294e-20
5526.00   2.1786e-18
5528.00   1.7510e-16
5530.00   3.2960e-17
5532.00   4.1020e-18
5534.00   4.8520e-17
5536.00   1.8226e-20
5538.00   1.1462e-18
5540.00   1.8889e-19
5542.00   3.4074e-19
5544.00   6.6471e-18
5546.00   2.9725e-18
5548.00   6.7194e-20
5550.00   4.8458e-20
5552.00   6.1750e-17
5554.00   1.5357e-19
5556.00   5.4714e-17
5558.00   1.0843e-20
5560.00   1.1489e-19
5562.00   4.5854e-20
5564.00   5.8717e-21
5566.00   3.0971e-18
5568.00   2.5389e-17
5570.00   1.4251e-19
5572.00   2.0086e-19
5574.00   4.4990e-19
5576.00   1.0426e-22
5578.00   6.3821e-20
5580.00   4.9594e-17
5582.00   1.9120e-18
5584.00   1.0485e-21
5586.00   2.8309e-18
5588.00   4.7973e-17
5590.00   3.3443e-21
5592.00   1.2546e-18
5594.00   1.6326e-22
5596.00   7.2208e-19
5598.00   1.6941e-20
5600.00   1.1325e-19
5602.00   3.9657e-20
5604.00   3.5921e-21
5606.00   4.5214e-21
5608.00   1.0703e-18
5610.00   4.4694e-20
5612.00   7.8258e-19
5614.00   3.7426e-17
5616.00   1.7691e-19
5618.00   3.8768e-19
5620.00   9.5907e-20
5622.00   8.1955e-20
5624.00   1.0822e-17
5626.00   2.4333e-18
5628.00   4.7862e-17
5630.00   1.3175e-18
5632.00   4.5504e-19
5634.00   6.9922e-20
5636.00   7.0960e-20
5638.00   5.1430e-19
5640.00   4.1666e-20
5642.00   9.6183e-22
5644.00   1.0885e-17
5646.00   6.4455e-22
5648.00   5.9990e-18
5650.00   4.3829e-17
5652.00   3.2971e-18
5654.00   1.8216e-17
5656.00   7.0809e-18
5658.00   2.8470e-17
5660.00   3.2069e-19
5662.00   9.5904e-19
5664.00   1.0563e-18
5666.00   7.1012e-18
5668.00   7.7582e-20
5670.00   2.0547e-17
5672.00   8.1557e-22
5674.00   6.6452e-17
5676.00   4.4779e-19
5678.00   1.5934e-19
5680.00   1.1947e-18
5682.00   1.5055e-19
5684.00   3.6818e-19
5686.00   8.2631e-23
5688.00   6.3877e-22
5690.00   7.0271e-17
5692.00   3.1960e-18
5694.00   2.8898e-22
5696.00   1.8057e-19
5698.00   4.6459e-24
5700.00   1.1379e-18
5702.00   3.8725e-20
5704.00   3.3821e-19
5706.00   7.8602e-20
5708.00   6.6130e-19
5710.00   3.0388e-20
5712.00   5.9641e-18
5714.00   1.1918e-20
5716.00   2.1922e-18
5718.00   2.6846e-17
5720.00   5.0549e-22
5722.00   4.0917e-18
5724.00   1.2781e-19
5726.00   1.7434e-17
5728.00   7.2334e-20
5730.00   4.9540e-19
5732.00   7.8365e-18
5734.00   1.2850e-18
5736.00   9.2732e-23
5738.00   1.8950e-18
5740.00   3.2772e-21
5742.00   8.4702e-19
5744.00   1.9616e-18
5746.00   5.1243e-17
5748.00   9.3582e-19
5750.00   2.0721e-18
5752.00   2.5656e-20
5754.00   4.9752e-18
5756.00   6.2320e-18
5758.00   2.8960e-19
5760.00   4.5940e-19
5762.00   5.4937e-19
5764.00   2.1155e-21
5766.00   1.8701e-18
5768.00   1.8993e-18
5770.00   1.4219e-20
5772.00   6.5815e-21
5774.00   9.5077e-20
5776.00   1.1256e-18
5778.00   2.6399e-19
5780.00   2.8738e-18
5782.00   8.6792e-18
5784.00   4.0775e-19
5786.00   5.0449e-21
5788.00   1.0987e-19
5790.00   1.2336e-19
5792.00   1.1095e-19
5794.00   6.6408e-20
5796.00   3.7562e-18
5798.00   1.7335e-17
5800.00   2.2566e-20
5802.00   1.1051e-18
5804.00   3.2527e-19
5806.00   1.2402e-20
5808.00   5.7274e-19
5810.00   3.0721e-19
5812.00   4.9775e-19
5814.00   2.2732e-17
5816.00   1.6659e-21
5818.00   8.9236e-21
5820.00   3.2813e-25
5822.00   7.3539e-20
5824.00   2.4723e-18
5826.00   2.0356e-18
5828.00   1.2626e-21
5830.00   7.0843e-18
5832.00   5.2883e-19
5834.00   7.3549e-19
5836.00   8.7657e-17
5838.00   8.2368e-22
5840.00   8.1327e-21
5842.00   8.8183e-18
5844.00   1.7497e-18
5846.00   2.2398e-22
5848.00   8.9777e-18
5850.00   7.6935e-20
5852.00   4.4509e-20
5854.00   2.7805e-18
5856.00   1.1147e-19
5858.00   1.0054e-18
5860.00   3.7126e-18
5862.00   1.2543e-18
5864.00   2.0835e-18
5866.00   6.9023e-21
5868.00   2.1291e-19
5870.00   8.0378e-17
5872.00   1.0648e-21
5874.00   4.2017e-20
5876.00   1.6882e-20
5878.00   1.1504e-20
5880.00   1.3694e-17
5882.00   5.1104e-21
5884.00   1.1872e-20
5886.00   1.0240e-19
5888.00   1.1377e-20
5890.00   2.6108e-22
5892.00   4.0254e-18
5894.00   9.8450e-21
5896.00   1.9781e-19
5898.00   7.1168e-19
5900.00   2.8371e-21
5902.00   1.1994e-17
5904.00   1.3338e-19
5906.00   8.1839e-20
5908.00   3.8006e-19
5910.00   1.0850e-18
5912.00   1.6799e-19
5914.00   5.5012e-17
5916.00   1.2835e-21
5918.00   3.2809e-21
5920.00   7.6792e-20
5922.00   5.5660e-18
5924.00   2.1893e-18
5926.00   2.7942e-19
5928.00   5.2540e-22
5930.00   1.2280e-18
5932.00   3.9586e-18
5934.00   1.7572e-21
5936.00   9.4906e-23
5938.00   4.8509e-20
5940.00   6.2015e-20
5942.00   1.2291e-20
5944.00   1.7106e-19
5946.00   6.1216e-19
5948.00   2.7695e-20
5950.00   2.1628e-20
5952.00   1.7004e-17
5954.00   5.8122e-22
5956.00   6.4336e-18
5958.00   1.4823e-21
5960.00   7.1810e-22
5962.00   5.8538e-18
5964.00   5.9938e-21
5966.00   1.0639e-22
5968.00   3.3759e-18
5970.00   8.9778e-20
5972.00   3.7222e-19
5974.00   4.7082e-20
5976.00   7.3416e-21
5978.00   2.0746e-21
5980.00   2.2076e-21
5982.00   1.0866e-17
5984.00   4.7499e-19
5986.00   6.2027e-19
5988.00   1.9822e-20
5990.00   8.8929e-20
5992.00   8.0083e-17
5994.00   6.9902e-19
5996.00   6.4849e-20
5998.00   7.5579e-20
6000.00   1.7370e-20
6002.00   1.1354e-19
6004.00   2.8497e-17
6006.00   3.5433e-19
6008.00   4.8070e-21
6010.00   3.5969e-22
6012.00   1.0098e-21
6014.00   1.4710e-19
6016.00   4.3651e-18
6018.00   7.4917e-18
6020.00   9.8912e-22
6022.00   2.3039e-18
6024.00   6.8421e-20
6026.00   3.3248e-22
6028.00   7.0989e-20
6030.00   5.7283e-21
6032.00   8.6792e-19
6034.00   6.6284e-19
6036.00   1.4101e-19
6038.00   2.5145e-20
6040.00   2.6237e-18
6042.00   8.3418e-21
6044.00   7.5997e-17
6046.00   8.8230e-18
6048.00   5.2163e-19
6050.00   8.2933e-18
6052.00   1.7631e-19
6054.00   9.8365e-21
6056.00   1.0759e-23
6058.00   1.2597e-19
6060.00   4.5388e-17
6062.00   3.9901e-21
6064.00   4.6666e-19
6066.00   7.7393e-25
6068.00   3.7006e-19
6070.00   1.5505e-18
6072.00   7.2467e-20
6074.00   3.0693e-20
6076.00   5.2405e-19
6078.00   3.1608e-17
6080.00   3.2736e-19
6082.00   4.3768e-22
6084.00   1.4856e-17
6086.00   4.4792e-20
6088.00   6.0204e-18
6090.00   3.5127e-23
6092.00   3.5771e-20
6094.00   6.2573e-19
6096.00   6.3342e-20
6098.00   1.5999e-19
6100.00   1.5333e-19
6102.00   4.8883e-24
6104.00   1.1843e-17
6106.00   1.0123e-19
6108.00   1.3011e-19
6110.00   2.3029e-25
6112.00   2.3602e-21
6114.00   1.6178e-17
6116.00   4.4654e-18
6118.00   8.2408e-19
6120.00   1.8166e-18
6122.00   1.1831e-18
6124.00   2.8157e-23
6126.00   1.1959e-20
6128.00   3.7026e-26
6130.00   9.5755e-18
6132.00   3.0348e-21
6134.00   3.7582e-19
6136.00   1.4386e-20
6138.00   4.6238e-21
6140.00   1.0869e-22
6142.00   2.1616e-18
6144.00   6.5809e-22
6146.00   2.7695e-20
6148.00   1.4366e-16
6150.00   1.4212e-16
6152.00   1.7816e-19
6154.00   2.8337e-18
6156.00   1.2037e-18
6158.00   1.5067e-18
6160.00   1.0469e-18
6162.00   2.6762e-22
6164.00   1.2308e-18
6166.00   1.6297e-19
6168.00   1.3867e-19
6170.00   6.6801e-21
6172.00   1.7281e-17
6174.00   7.2152e-21
6176.00   1.7606e-17
6178.00   9.1405e-20
6180.00   1.4537e-17
6182.00   3.5130e-22
6184.00   4.8067e-18
6186.00   2.3292e-17
6188.00   4.8133e-17
6190.00   5.9789e-20
6192.00   9.2508e-21
6194.00   2.1439e-22
6196.00   5.8042e-19
6198.00   5.0537e-19
6200.00   1.1665e-17
6202.00   1.3004e-19
6204.00   3.4577e-19
6206.00   2.7671e-22
6208.00   1.9663e-21
6210.00   2.1522e-21
6212.00   2.0699e-25
6214.00   2.6554e-19
6216.00   5.9093e-21
6218.00   1.8792e-19
6220.00   1.0189e-18
6222.00   3.0694e-19
6224.00   2.1579e-22
6226.00   6.8394e-26
6228.00   4.8398e-20
6230.00   4.4760e-18
6232.00   2.5172e-18
6234.00   1.2791e-17
6236.00   2.4936e-20
6238.00   1.9837e-16
6240.00   4.4660e-17
6242.00   3.3403e-21
6244.00   2.2092e-19
6246.00   6.9562e-21
6248.00   3.2598e-16
6250.00   1.7680e-24
6252.00   8.7686e-22
6254.00   1.5730e-20
6256.00   4.4264e-19
6258.00   2.6858e-20
6260.00   2.1112e-19
6262.00   7.2572e-18
6264.00   6.3774e-18
6266.00   2.9686e-21
6268.00   4.8528e-21
6270.00   2.7985e-19
6272.00   1.1930e-19
6274.00   1.3474e-18
6276.00   3.0646e-18
6278.00   3.5980e-22
6280.00   4.8291e-18
6282.00   6.4600e-21
6284.00   2.5452e-22
6286.00   1.6326e-23
6288.00   1.4285e-20
6290.00   3.6783e-18
6292.00   3.9418e-20
6294.00   6.1739e-20
6296.00   8.5680e-22
6298.00   5.1746e-20
6300.00   1.8415e-20
6302.00   1.4628e-18
6304.00   3.3954e-19
6306.00   1.9069e-17
6308.00   2.9077e-18
6310.00   9.3242e-19
6312.00   4.5844e-23
6314.00   2.8146e-21
6316.00   1.3727e-19
6318.00   1.1371e-16
6320.00   4.2487e-18
6322.00   8.0233e-19
6324.00   1.8073e-23
6326.00   6.5182e-19
6328.00   2.4390e-19
6330.00   3.9867e-19
6332.00   8.5240e-18
6334.00   8.8739e-24
6336.00   1.1674e-20
6338.00   7.0186e-18
6340.00   1.9401e-19
6342.00   1.4122e-20
6344.00   1.8128e-21
6346.00   2.7201e-18
6348.00   1.9885e-17
6350.00   1.4097e-18
6352.00   4.7993e-25
6354.00   2.7778e-17
6356.00   5.2973e-20
6358.00   8.1257e-21
6360.00   3.4791e-19
6362.00   4.0003e-19
6364.00   1.4134e-20
6366.00   1.1535e-20
6368.00   5.3523e-26
6370.00   2.5491e-17
6372.00   1.8610e-17
6374.00   5.1547e-21
6376.00   8.1141e-23
6378.00   2.7251e-19
6380.00   6.1578e-19
6382.00   2.5829e-20
6384.00   6.4261e-17
6386.00   1.6095e-17
6388.00   3.8198e-19
6390.00   6.4674e-21
6392.00   1.6721e-19
6394.00   7.7290e-20
6396.00   4.2344e-18
6398.00   5.9067e-19
6400.00   8.5829e-20
6402.00   2.9542e-18
6404.00   5.1737e-18
6406.00   3.1780e-20
6408.00   3.6140e-17
6410.00   1.2056e-18
6412.00   5.6908e-21
6414.00   7.0358e-25
6416.00   2.5102e-16
6418.00   7.7528e-20
6420.00   1.6617e-20
6422.00   8.1791e-21
6424.00   3.1334e-20
6426.00   1.7953e-22
6428.00   5.4845e-19
6430.00   4.1437e-22
6432.00   9.1359e-17
6434.00   1.3190e-18
6436.00   4.1630e-20
6438.00   4.8086e-22
6440.00   2.3035e-17
6442.00   6.1196e-18
6444.00   5.4288e-20
6446.00   1.2668e-17
6448.00   2.4989e-24
6450.00   5.0978e-21
6452.00   2.0434e-20
6454.00   2.8690e-19
6456.00   6.3213e-16
6458.00   1.8993e-22
6460.00   7.2721e-22
6462.00   2.8933e-21
6464.00   3.7459e-24
6466.00   1.1614e-17
6468.00   4.1613e-19
6470.00   3.0590e-23
6472.00   1.3652e-19
6474.00   3.6475e-17
6476.00   2.8597e-24
6478.00   4.3184e-26
6480.00   2.3114e-19
6482.00   2.0800e-17
6484.00   1.0426e-19
6486.00   1.6222e-17
6488.00   1.0919e-18
6490.00   3.2346e-22
6492.00   2.3549e-17
6494.00   3.1524e-17
6496.00   1.6068e-21
6498.00   2.9479e-22
6500.00   8.7494e-22
6502.00   6.8952e-23
6504.00   3.3029e-21
6506.00   4.2741e-18
6508.00   1.4452e-17
6510.00   1.1898e-19
6512.00   2.2317e-18
6514.00   6.4745e-20
6516.00   1.8199e-16
6518.00   1.1860e-17
6520.00   1.3111e-20
6522.00   7.8644e-21
6524.00   8.5580e-21
6526.00   1.7842e-23
6528.00   3.1283e-18
6530.00   3.8240e-19
6532.00   1.4977e-17
6534.00   3.0823e-19
6536.00   1.8567e-21
6538.00   5.5788e-20
6540.00   1.3599e-20
6542.00   4.7872e-21
6544.00   1.9883e-18
6546.00   3.5629e-26
6548.00   4.2659e-20
6550.00   9.4021e-20
6552.00   2.5415e-20
6554.00   1.1864e-20
6556.00   4.1559e-20
6558.00   1.4011e-17
6560.00   2.9270e-18
6562.00   1.4038e-17
6564.00   1.9893e-22
6566.00   3.6232e-19
6568.00   1.2766e-23
6570.00   2.6210e-19
6572.00   1.8184e-17
6574.00   1.4409e-17
6576.00   1.0120e-24
6578.00   2.9760e-20
6580.00   2.5398e-20
6582.00   2.5947e-18
6584.00   1.1285e-18
6586.00   1.5474e-17
6588.00   1.4059e-18
6590.00   1.2792e-23
6592.00   3.3631e-20
6594.00   4.6457e-19
6596.00   1.2926e-18
6598.00   2.3221e-18
6600.00   5.2495e-20
6602.00   2.0788e-19
6604.00   2.2188e-20
6606.00   1.1970e-19
6608.00   6.5307e-21
6610.00   3.7609e-18
6612.00   5.8944e-18
6614.00   3.7210e-18
6616.00   6.1583e-21
6618.00   9.1348e-18
6620.00   1.1412e-24
6622.00   3.7200e-21
6624.00   1.9296e-17
6626.00   4.4342e-20
6628.00   2.7714e-18
6630.00   2.6732e-26
6632.00   1.2626e-19
6634.00   7.9823e-22
6636.00   1.0719e-24
6638.00   6.9101e-21
6640.00   4.5693e-20
6642.00   4.7383e-20
6644.00   7.5236e-21
6646.00   2.5203e-26
6648.00   1.1580e-23
6650.00   4.7286e-18
6652.00   3.9914e-17
6654.00   2.3882e-20
6656.00   1.5897e-19
6658.00   4.8513e-18
6660.00   5.3274e-20
6662.00   7.5062e-20
6664.00   1.7689e-22
6666.00   6.7640e-18
6668.00   6.3915e-20
6670.00   6.4136e-20
6672.00   1.0998e-18
6674.00   1.9940e-20
6676.00   4.4311e-22
6678.00   3.6402e-18
6680.00   1.3445e-19
6682.00   7.0980e-18
6684.00   6.7523e-22
6686.00   8.2595e-20
6688.00   2.0783e-19
6690.00   1.0246e-17
6692.00   1.1275e-19
6694.00   3.7545e-18
6696.00   1.6003e-24
6698.00   1.5761e-19
6700.00   9.4082e-18
6702.00   3.8635e-20
6704.00   7.6550e-19
6706.00   4.7211e-19
6708.00   9.4374e-24
6710.00   1.0321e-19
6712.00   7.2596e-22
6714.00   2.6557e-20
6716.00   7.8555e-23
6718.00   2.7137e-22
6720.00   1.8006e-20
6722.00   3.4592e-23
6724.00   1.2414e-19
6726.00   1.1524e-22
6728.00   6.0249e-26
6730.00   7.5787e-18
6732.00   4.1979e-19
6734.00   1.6571e-22
6736.00   4.3491e-21
6738.00   1.5757e-25
6740.00   1.8997e-25
6742.00   1.1403e-20
6744.00   6.8092e-20
6746.00   2.4707e-18
6748.00   3.6769e-21
6750.00   5.9643e-19
6752.00   1.1513e-23
6754.00   5.2587e-20
6756.00   2.9481e-22
6758.00   3.6052e-20
6760.00   2.5774e-19
6762.00   4.7220e-21
6764.00   7.1560e-20
6766.00   4.4823e-20
6768.00   4.6514e-18
6770.00   1.2399e-20
6772.00   8.7839e-21
6774.00   4.1952e-22
6776.00   4.6347e-18
6778.00   4.8421e-22
6780.00   1.7016e-20
6782.00   1.4667e-21
6784.00   5.3607e-23
6786.00   1.0809e-20
6788.00   2.6918e-19
6790.00   3.1798e-21
6792.00   3.1459e-19
6794.00   2.6417e-20
6796.00   4.9637e-19
6798.00   4.3222e-21
6800.00   9.3348e-19
6802.00   4.4945e-20
6804.00   9.7438e-20
6806.00   1.1118e-22
6808.00   3.8343e-27
6810.00   5.7800e-18
6812.00   1.5115e-20
6814.00   3.7409e-20
6816.00   5.6470e-19
6818.00   6.9059e-22
6820.00   5.6140e-18
6822.00   4.3863e-18
6824.00   1.5084e-20
6826.00   4.6483e-19
6828.00   9.4829e-20
6830.00   8.6776e-19
6832.00   3.9794e-18
6834.00   3.2802e-21
6836.00   1.5752e-24
6838.00   4.2739e-19
6840.00   1.9462e-20
6842.00   5.1071e-24
6844.00   8.0191e-20
6846.00   2.3219e-21
6848.00   4.7589e-20
6850.00   1.4743e-21
6852.00   2.2336e-21
6854.00   5.9239e-25
6856.00   9.7991e-18
6858.00   5.6168e-20
6860.00   1.9016e-20
6862.00   1.2637e-17
6864.00   2.7848e-19
6866.00   2.0386e-18
6868.00   2.0105e-21
6870.00   2.5996e-18
6872.00   6.4446e-18
6874.00   5.5798e-17
6876.00   2.3405e-20
6878.00   9.6974e-19
6880.00   3.8921e-25
6882.00   1.4858e-19
6884.00   1.0678e-21
6886.00   1.5895e-20
6888.00   2.0006e-21
6890.00   8.2069e-19
6892.00   7.7104e-20
6894.00   4.9842e-23
6896.00   7.5896e-18
6898.00   7.0219e-27
6900.00   2.7437e-26
6902.00   6.6088e-21
6904.00   1.9001e-25
6906.00   1.5707e-18
6908.00   3.6049e-18
6910.00   1.1766e-21
6912.00   4.4192e-18
6914.00   2.3921e-18
6916.00   2.1068e-21
6918.00   3.0607e-20
6920.00   4.9669e-26
6922.00   1.2315e-19
6924.00   4.8514e-18
6926.00   1.2930e-18
6928.00   5.1162e-21
6930.00   1.0053e-18
6932.00   2.5069e-19
6934.00   6.5120e-19
6936.00   4.4022e-21
6938.00   8.4961e-22
6940.00   3.4012e-19
6942.00   2.3161e-17
6944.00   2.3300e-17
6946.00   4.6817e-19
6948.00   9.2505e-19
6950.00   1.2459e-18
6952.00   2.2753e-22
6954.00   5.6541e-24
6956.00   5.7601e-24
6958.00   2.0537e-19
6960.00   1.1172e-19
6962.00   3.0218e-20
6964.00   2.4328e-19
6966.00   3.9633e-18
6968.00   4.7369e-22
6970.00   3.7305e-21
6972.00   2.5997e-21
6974.00   2.7643e-20
6976.00   1.0738e-21
6978.00   1.0701e-18
6980.00   3.3444e-22
6982.00   1.9592e-21
6984.00   1.1509e-20
6986.00   3.6255e-20
6988.00   4.1579e-21
6990.00   3.4540e-21
6992.00   7.3941e-20
6994.00   2.1343e-18
6996.00   1.2801e-18
6998.00   1.1743e-22
7000.00   4.9923e-19
7002.00   1.8833e-21
7004.00   1.1779e-21
7006.00   2.8877e-22
7008.00   5.1433e-20
7010.00   1.1954e-18
7012.00   2.2246e-18
7014.00   9.5047e-21
7016.00   5.5600e-19
7018.00   1.2334e-18
7020.00   1.6618e-22
7022.00   1.4645e-19
7024.00   1.0627e-21
7026.00   4.4697e-22
7028.00   4.4980e-24
7030.00   1.7661e-18
7032.00   2.9290e-19
7034.00   5.4692e-20
7036.00   6.0892e-21
7038.00   1.0905e-19
7040.00   1.8926e-20
7042.00   1.1279e-20
7044.00   4.7335e-23
7046.00   2.0884e-20
7048.00   9.4297e-18
7050.00   1.7140e-26
7052.00   4.0204e-23
7054.00   2.0638e-18
7056.00   8.4068e-24
7058.00   9.3734e-20
7060.00   5.9248e-19
7062.00   3.1284e-24
7064.00   1.0348e-18
7066.00   5.7028e-21
7068.00   9.5916e-19
7070.00   9.9837e-22
7072.00   2.7397e-25
7074.00   2.3148e-21
7076.00   5.3491e-19
7078.00   2.1345e-21
7080.00   3.1353e-21
7082.00   1.2976e-20
7084.00   2.0852e-20
7086.00   5.2238e-25
7088.00   4.0921e-19
7090.00   1.1459e-19
7092.00   4.1149e-20
7094.00   7.3152e-20
7096.00   7.1829e-23
7098.00   3.4912e-19
7100.00   1.9270e-22
7102.00   1.4376e-22
7104.00   4.6917e-19
7106.00   8.2196e-21
7108.00   9.0456e-22
7110.00   1.9781e-17
7112.00   2.4665e-19
7114.00   1.1348e-18
7116.00   5.8860e-20
7118.00   5.3952e-19
7120.00   3.7079e-23
7122.00   6.5169e-25
7124.00   1.1439e-19
7126.00   1.7431e-22
7128.00   2.3090e-19
7130.00   4.8775e-19
7132.00   6.2287e-18
7134.00   1.8073e-20
7136.00   5.4094e-18
7138.00   2.0245e-20
7140.00   2.8034e-19
7142.00   1.6896e-23
7144.00   2.1225e-24
7146.00   7.8216e-20
7148.00   1.2561e-19
7150.00   2.3998e-20
7152.00   7.8167e-20
7154.00   1.0153e-23
7156.00   2.9276e-16
7158.00   3.5094e-20
7160.00   5.2656e-24
7162.00   6.6607e-19
7164.00   9.3880e-19
7166.00   1.0976e-20
7168.00   5.8789e-19
7170.00   4.1600e-19
7172.00   8.0239e-17
7174.00   4.4160e-20
7176.00   3.2268e-25
7178.00   2.6511e-20
7180.00   1.0765e-17
7182.00   1.7357e-18
7184.00   1.0391e-17
7186.00   1.9448e-18
7188.00   3.5701e-25
7190.00   1.0220e-21
7192.00   6.0932e-18
7194.00   5.8358e-18
7196.00   5.6060e-22
7198.00   3.1442e-21
7200.00   7.7793e-20
7202.00   1.9080e-18
7204.00   3.9811e-18
7206.00   4.0780e-19
7208.00   1.0381e-23
7210.00   1.5644e-22
7212.00   1.5320e-18
7214.00   5.1381e-19
7216.00   6.6571e-19
7218.00   3.1676e-20
7220.00   1.0790e-27
7222.00   3.1849e-17
7224.00   3.5249e-17
7226.00   1.4134e-18
7228.00   2.3945e-21
7230.00   2.6056e-20
7232.00   4.4687e-22
7234.00   9.2140e-21
7236.00   1.8304e-22
7238.00   4.4041e-20
7240.00   2.5334e-20
7242.00   2.2422e-21
7244.00   2.0995e-19
7246.00   4.8401e-20
7248.00   3.0846e-19
7250.00   3.3862e-19
7252.00   9.2052e-25
7254.00   3.6511e-18
7256.00   8.1105e-27
7258.00   5.4854e-24
7260.00   5.4080e-21
7262.00   1.7618e-19
7264.00   6.2610e-18
7266.00   1.1160e-18
7268.00   1.2593e-18
7270.00   6.3943e-21
7272.00   9.4316e-27
7274.00   4.5329e-19
7276.00   3.5739e-19
7278.00   2.8860e-18
7280.00   1.9497e-18
7282.00   3.7776e-18
7284.00   6.7825e-23
7286.00   2.1525e-19
7288.00   6.9204e-18
7290.00   4.9989e-18
7292.00   1.6211e-23
7294.00   3.0136e-20
7296.00   4.4403e-21
7298.00   1.0076e-20
7300.00   2.2067e-20
7302.00   3.4964e-17
7304.00   2.6489e-19
7306.00   4.5569e-19
7308.00   5.2266e-17
7310.00   3.4761e-17
7312.00   1.0939e-21
7314.00   2.5886e-21
7316.00   2.8112e-20
7318.00   6.5204e-19
7320.00   4.0119e-17
7322.00   6.7821e-19
7324.00   5.1675e-21
7326.00   4.3085e-23
7328.00   4.9121e-19
7330.00   6.2655e-19
7332.00   8.3402e-20
7334.00   2.9743e-18
7336.00   2.7589e-17
7338.00   4.9922e-24
7340.00   1.0814e-28
7342.00   3.0637e-21
7344.00   3.2248e-23
7346.00   2.6956e-22
7348.00   1.3719e-26
7350.00   2.5331e-19
7352.00   7.5341e-18
7354.00   6.9973e-20
7356.00   5.6092e-22
7358.00   2.3492e-18
7360.00   5.2138e-21
7362.00   4.9319e-20
7364.00   3.8638e-23
7366.00   5.7432e-20
7368.00   1.2845e-21
7370.00   2.5357e-18
7372.00   1.4801e-22
7374.00   2.2234e-22
7376.00   2.9820e-25
7378.00   1.6743e-21
7380.00   1.1567e-20
7382.00   9.3267e-20
7384.00   4.6855e-23
7386.00   2.1204e-20
7388.00   5.9088e-17
7390.00   1.1986e-19
7392.00   5.0981e-24
7394.00   1.0881e-21
7396.00   9.6614e-23
7398.00   1.7161e-20
7400.00   4.7514e-18
7402.00   2.7374e-18
7404.00   3.1619e-26
7406.00   7.5413e-20
7408.00   1.0225e-20
7410.00   1.5112e-17
7412.00   3.6627e-21
7414.00   2.3637e-19
7416.00   7.9669e-21
7418.00   2.2964e-18
7420.00   2.7734e-18
7422.00   4.4307e-20
7424.00   2.0867e-19
7426.00   1.7552e-18
7428.00   2.4386e-20
7430.00   1.9714e-18
7432.00   2.2247e-19
7434.00   1.7252e-20
7436.00   3.4459e-19
7438.00   4.9056e-20
7440.00   6.1246e-21
7442.00   2.9333e-19
7444.00   1.6178e-26
7446.00   1.3277e-17
7448.00   6.1516e-25
7450.00   4.8993e-17
7452.00   9.0515e-17
7454.00   1.5910e-18
7456.00   8.0887e-20
7458.00   1.8559e-23
7460.00   3.2679e-23
7462.00   9.6194e-17
7464.00   1.8571e-21
7466.00   3.3654e-18
7468.00   3.1045e-25
7470.00   6.1343e-22
7472.00   1.3671e-20
7474.00   7.0034e-23
7476.00   1.3903e-21
7478.00   1.8976e-24
7480.00   1.9309e-18
7482.00   1.8064e-18
7484.00   5.8977e-26
7486.00   2.8149e-20
7488.00   4.0421e-19
7490.00   1.6959e-22
7492.00   1.5228e-20
7494.00   4.0061e-23
7496.00   6.9660e-22
7498.00   5.8755e-20
7500.00   4.7093e-19
7502.00   5.1757e-19
7504.00   1.0645e-18
7506.00   1.1211e-19
7508.00   4.4044e-22
7510.00   8.4530e-21
7512.00   2.3707e-25
7514.00   4.9059e-20
7516.00   4.4973e-17
7518.00   4.5545e-20
7520.00   1.8615e-17
7522.00   1.4040e-21
7524.00   8.4509e-20
7526.00   6.2586e-20
7528.00   2.6874e-22
7530.00   4.3762e-22
7532.00   1.3494e-19
7534.00   6.3320e-17
7536.00   2.1415e-23
7538.00   1.4154e-22
7540.00   5.5603e-19
7542.00   1.0626e-20
7544.00   2.1965e-19
7546.00   3.4234e-26
7548.00   4.6959e-20
7550.00   9.1040e-22
7552.00   1.0620e-19
7554.00   2.1674e-19
7556.00   1.3028e-21
7558.00   1.8680e-21
7560.00   3.8772e-20
7562.00   1.7106e-20
7564.00   9.6670e-20
7566.00   3.4911e-20
7568.00   4.1708e-19
7570.00   2.3007e-21
7572.00   5.2081e-22
7574.00   6.1744e-27
7576.00   5.9204e-19
7578.00   5.6315e-25
7580.00   1.3645e-17
7582.00   1.1074e-19
7584.00   2.7244e-18
7586.00   5.2704e-21
7588.00   3.3109e-21
7590.00   5.0234e-26
7592.00   1.2818e-21
7594.00   3.4295e-21
7596.00   1.0079e-19
7598.00   5.9317e-20
7600.00   5.0841e-20
7602.00   1.0744e-20
7604.00   2.4132e-21
7606.00   6.1360e-20
7608.00   1.6214e-23
7610.00   7.2548e-20
7612.00   8.5315e-26
7614.00   2.4019e-18
7616.00   4.6952e-19
7618.00   6.1288e-18
7620.00   3.3738e-19
7622.00   2.4087e-19
7624.00   1.0261e-22
7626.00   4.4587e-23
7628.00   1.7016e-26
7630.00   1.7969e-20
7632.00   1.2155e-21
7634.00   6.1189e-20
7636.00   1.0406e-22
7638.00   8.0889e-18
7640.00   1.7493e-20
7642.00   6.2782e-20
7644.00   6.9964e-21
7646.00   3.6889e-19
7648.00   7.9326e-18
7650.00   2.7094e-21
7652.00   1.8421e-22
7654.00   3.3203e-18
7656.00   4.9665e-17
7658.00   1.1264e-17
7660.00   3.8267e-18
7662.00   1.7201e-24
7664.00   2.0314e-22
7666.00   3.3927e-18
7668.00   6.0364e-22
7670.00   2.6759e-23
7672.00   4.3163e-18
7674.00   7.9888e-20
7676.00   3.1182e-19
7678.00   5.9135e-21
7680.00   3.1588e-25
7682.00   1.2474e-24
7684.00   4.8474e-23
7686.00   2.8545e-17
7688.00   4.7110e-20
7690.00   3.0208e-19
7692.00   1.8271e-20
7694.00   4.0183e-19
7696.00   4.9178e-21
7698.00   3.2485e-18
7700.00   5.4985e-19
7702.00   3.5618e-20
7704.00   1.1756e-24
7706.00   1.6976e-20
7708.00   3.0223e-20
7710.00   1.2539e-18
7712.00   2.0128e-16
7714.00   2.9045e-20
7716.00   3.2484e-20
7718.00   4.1750e-24
7720.00   5.8975e-18
7722.00   3.1322e-25
7724.00   3.0561e-20
7726.00   1.1997e-22
7728.00   1.5551e-22
7730.00   2.3407e-20
7732.00   4.1187e-20
7734.00   1.0776e-18
7736.00   2.0535e-23
7738.00   1.3638e-17
7740.00   1.2078e-18
7742.00   4.5546e-19
7744.00   3.6236e-23
7746.00   4.8917e-21
7748.00   2.2849e-20
7750.00   3.7753e-25
7752.00   2.1737e-22
7754.00   8.5059e-24
7756.00   3.7448e-22
7758.00   6.5499e-19
7760.00   4.2716e-23
7762.00   2.8882e-20
7764.00   8.3022e-18
7766.00   7.3583e-20
7768.00   3.7473e-24
7770.00   1.4125e-27
7772.00   5.0785e-23
7774.00   3.4945e-19
7776.00   8.2366e-24
7778.00   9.5765e-19
7780.00   1.0797e-22
7782.00   1.4955e-22
7784.00   4.4959e-19
7786.00   7.1892e-23
7788.00   2.3565e-20
7790.00   4.6230e-21
7792.00   1.0750e-19
7794.00   2.9545e-20
7796.00   4.2761e-26
7798.00   2.6532e-18
7800.00   1.2300e-25
7802.00   4.5275e-18
7804.00   1.7654e-19
7806.00   9.7111e-18
7808.00   7.2931e-19
7810.00   1.0976e-22
7812.00   1.8620e-21
7814.00   2.2552e-17
7816.00   1.8197e-19
7818.00   2.3439e-19
7820.00   7.9301e-20
7822.00   2.6892e-23
7824.00   2.2620e-20
7826.00   1.7103e-20
7828.00   1.0307e-23
7830.00   2.1617e-18
7832.00   3.3283e-18
7834.00   1.6542e-19
7836.00   3.2251e-18
7838.00   1.0960e-19
7840.00   2.1471e-18
7842.00   9.6029e-18
7844.00   1.1819e-19
7846.00   2.7004e-20
7848.00   5.6395e-19
7850.00   8.0654e-26
7852.00   6.9030e-20
7854.00   7.2927e-22
7856.00   5.9179e-21
7858.00   4.3036e-25
7860.00   4.6701e-20
7862.00   6.1702e-20
7864.00   7.1158e-23
7866.00   3.3361e-17
7868.00   8.1879e-22
7870.00   7.1251e-21
7872.00   6.3521e-19
7874.00   6.9346e-19
7876.00   4.6888e-24
7878.00   4.7647e-23
7880.00   8.6097e-23
7882.00   5.8240e-19
7884.00   7.7290e-23
7886.00   4.3469e-19
7888.00   3.2259e-22
7890.00   6.6783e-23
7892.00   7.7994e-19
7894.00   2.4757e-18
7896.00   9.6739e-19
7898.00   2.0067e-17
7900.00   5.0239e-19
7902.00   1.5183e-23
7904.00   1.4745e-20
7906.00   1.8768e-20
7908.00   5.4454e-24
7910.00   1.1877e-25
7912.00   3.9225e-21
7914.00   5.6706e-18
7916.00   1.6849e-21
7918.00   4.2022e-17
7920.00   2.7945e-27
7922.00   3.8141e-19
7924.00   4.2491e-26
7926.00   3.5586e-19
7928.00   3.9296e-22
7930.00   1.6034e-19
7932.00   6.6037e-21
7934.00   2.4107e-19
7936.00   1.4502e-23
7938.00   7.3567e-19
7940.00   4.2479e-21
7942.00   1.7998e-20
7944.00   6.0645e-27
7946.00   3.6444e-20
7948.00   1.1687e-18
7950.00   4.8273e-22
7952.00   4.3778e-19
7954.00   4.4725e-19
7956.00   1.3864e-19
7958.00   6.9218e-20
7960.00   3.4811e-27
7962.00   2.6161e-24
7964.00   1.9179e-25
7966.00   5.9194e-21
7968.00   2.5575e-19
7970.00   1.0699e-18
7972.00   9.9527e-23
7974.00   1.4866e-19
7976.00   3.9495e-17
7978.00   6.5485e-20
7980.00   2.1525e-20
7982.00   1.5614e-17
7984.00   1.6116e-20
7986.00   2.0060e-20
7988.00   1.3923e-20
7990.00   2.4245e-22
7992.00   4.2210e-23
7994.00   1.3414e-19
7996.00   2.3110e-18
7998.00   3.6191e-19
8000.00   1.2141e-20
8002.00   3.1766e-22
8004.00   1.1931e-21
8006.00   6.7557e-22
8008.00   1.7843e-18
8010.00   5.5759e-21
8012.00   1.8103e-18
8014.00   2.7239e-19
8016.00   6.3244e-20
8018.00   4.8058e-19
8020.00   4.2341e-23
8022.00   1.2366e-19
8024.00   7.4585e-20
8026.00   1.1405e-22
8028.00   6.8304e-21
8030.00   1.1707e-17
8032.00   8.4960e-19
8034.00   3.9716e-23
8036.00   8.3740e-20
8038.00   3.0518e-18
8040.00   2.3760e-22
8042.00   1.0107e-18
8044.00   8.8018e-20
8046.00   9.9810e-27
8048.00   6.1646e-21
8050.00   1.0381e-20
8052.00   1.0353e-20
8054.00   1.5278e-17
8056.00   3.8558e-26
8058.00   3.8793e-23
8060.00   7.7177e-18
8062.00   1.0593e-20
8064.00   3.2813e-18
8066.00   9.1065e-24
8068.00   3.7753e-20
8070.00   1.7147e-19
8072.00   4.6972e-25
8074.00   3.1648e-18
8076.00   6.2790e-18
8078.00   2.1287e-19
8080.00   1.3261e-18
8082.00   1.7333e-25
8084.00   1.0627e-17
8086.00   1.1950e-18
8088.00   2.1826e-23
8090.00   1.8909e-20
8092.00   8.6603e-19
8094.00   2.6457e-20
8096.00   1.7456e-18
8098.00   1.3300e-20
8100.00   2.6133e-27
8102.00   4.5358e-22
8104.00   8.9302e-19
8106.00   2.5863e-20
8108.00   1.1200e-18
8110.00   3.6964e-23
8112.00   2.2103e-21
8114.00   3.7611e-20
8116.00   3.5715e-26
8118.00   1.1577e-19
8120.00   2.7511e-18
8122.00   2.3788e-19
8124.00   2.1932e-19
8126.00   4.3425e-21
8128.00   3.8710e-20
8130.00   9.5041e-20
8132.00   4.8231e-20
8134.00   1.8542e-23
8136.00   1.0904e-17
8138.00   2.7440e-25
8140.00   2.8039e-21
8142.00   3.9127e-20
8144.00   1.7263e-20
8146.00   3.2906e-20
8148.00   1.0005e-18
8150.00   9.7313e-23
8152.00   2.4536e-19
8154.00   8.2938e-22
8156.00   2.0920e-21
8158.00   3.0880e-19
8160.00   1.3362e-18
8162.00   1.2815e-24
8164.00   3.0244e-19
8166.00   3.8159e-25
8168.00   1.3537e-18
8170.00   3.2124e-23
8172.00   1.1230e-19
8174.00   4.6344e-19
8176.00   3.1866e-27
8178.00   6.0302e-21
8180.00   9.6344e-25
8182.00   2.1838e-21
8184.00   2.2925e-21
8186.00   4.9328e-20
8188.00   9.9278e-24
8190.00   6.9950e-19
8192.00   1.3483e-19
8194.00   3.0178e-21
8196.00   3.5441e-23
8198.00   1.9287e-18
8200.00   2.5995e-21
8202.00   2.2240e-19
8204.00   5.3826e-19
8206.00   1.1636e-19
8208.00   2.0427e-17
8210.00   6.4904e-18
8212.00   4.1588e-18
8214.00   8.2127e-22
8216.00   2.2815e-19
8218.00   2.5054e-20
8220.00   2.6630e-21
8222.00   2.9380e-18
8224.00   3.3236e-24
8226.00   2.4932e-23
8228.00   7.6925e-17
8230.00   1.2246e-21
8232.00   4.6510e-22
8234.00   7.3345e-19
8236.00   3.4541e-25
8238.00   1.6413e-18
8240.00   8.7120e-21
8242.00   3.3830e-19
8244.00   2.8159e-25
8246.00   4.9131e-19
8248.00   1.2564e-18
8250.00   8.7554e-18
8252.00   1.6825e-19
8254.00   1.2116e-20
8256.00   3.2848e-20
8258.00   9.9782e-20
8260.00   1.9873e-17
8262.00   1.8101e-20
8264.00   7.1320e-18
8266.00   2.5609e-21
8268.00   9.4182e-24
8270.00   9.3919e-22
8272.00   5.4130e-21
8274.00   7.3053e-19
8276.00   1.6413e-18
8278.00   7.0318e-20
8280.00   4.7573e-22
8282.00   1.5592e-19
8284.00   2.2533e-18
8286.00   3.6358e-22
8288.00   3.7885e-17
8290.00   3.5306e-18
8292.00   3.5025e-23
8294.00   1.0922e-18
8296.00   5.4969e-20
8298.00   2.3309e-20
8300.00   1.5174e-18
8302.00   2.8436e-18
8304.00   5.0951e-20
8306.00   1.0948e-17
8308.00   4.2036e-20
8310.00   4.1413e-18
8312.00   2.7485e-21
8314.00   6.4900e-20
8316.00   1.1034e-20
8318.00   1.9504e-25
8320.00   4.4201e-21
8322.00   1.2490e-18
8324.00   1.9729e-19
8326.00   7.5302e-27
8328.00   2.2251e-22
8330.00   2.4681e-19
8332.00   8.4983e-22
8334.00   4.7449e-20
8336.00   2.7734e-22
8338.00   8.9937e-19
8340.00   1.1013e-19
8342.00   1.1776e-20
8344.00   2.6406e-19
8346.00   1.0020e-20
8348.00   1.3754e-20
8350.00   2.1155e-23
8352.00   2.0907e-19
8354.00   1.4549e-21
8356.00   3.7119e-20
8358.00   1.5345e-17
8360.00   2.2638e-21
8362.00   5.0937e-26
8364.00   1.6440e-23
8366.00   4.8548e-19
8368.00   4.5876e-18
8370.00   3.1417e-24
8372.00   6.0420e-19
8374.00   2.1753e-20
8376.00   4.2948e-19
8378.00   4.5386e-19
8380.00   6.8266e-26
8382.00   1.3253e-18
8384.00   6.7737e-27
8386.00   3.8347e-18
8388.00   9.6474e-19
8390.00   3.1020e-20
8392.00   1.6465e-19
8394.00   1.5723e-25
8396.00   5.9074e-19
8398.00   1.0363e-17
8400.00   1.4445e-22
8402.00   1.2722e-22
8404.00   1.7279e-17
8406.00   5.1147e-20
8408.00   3.1990e-19
8410.00   1.8063e-21
8412.00   8.6724e-19
8414.00   1.9916e-19
8416.00   2.1226e-19
8418.00   6.0031e-24
8420.00   1.9053e-18
8422.00   1.8120e-21
8424.00   1.2721e-17
8426.00   7.0553e-27
8428.00   1.8483e-21
8430.00   1.6827e-21
8432.00   8.2062e-20
8434.00   5.8268e-20
8436.00   1.3737e-19
8438.00   8.0822e-20
8440.00   6.9927e-21
8442.00   4.7606e-25
8444.00   6.9107e-18
8446.00   1.1501e-20
8448.00   1.0923e-22
8450.00   4.4699e-22
8452.00   8.9825e-19
8454.00   7.4361e-19
8456.00   9.0864e-24
8458.00   3.4656e-20
8460.00   3.3794e-23
8462.00   1.2682e-24
8464.00   1.5091e-21
8466.00   2.6548e-19
8468.00   6.4748e-18
8470.00   1.3976e-17
8472.00   2.3797e-19
8474.00   3.4301e-19
8476.00   7.6449e-21
8478.00   7.3128e-21
8480.00   4.4601e-19
8482.00   6.6743e-20
8484.00   1.9072e-19
8486.00   2.1555e-18
8488.00   8.0959e-24
8490.00   2.5956e-17
8492.00   2.2861e-19
8494.00   4.8504e-22
8496.00   1.2754e-19
8498.00   1.2220e-20
8500.00   1.5443e-17
8502.00   3.2975e-24
8504.00   1.1432e-18
8506.00   4.8442e-20
8508.00   6.7024e-18
8510.00   6.9011e-25
8512.00   4.5785e-22
8514.00   1.5220e-19
8516.00   7.7358e-23
8518.00   3.6035e-18
8520.00   1.7942e-25
8522.00   5.4008e-22
8524.00   7.4452e-19
8526.00   2.1663e-21
8528.00   5.1156e-19
8530.00   6.1251e-21
8532.00   1.3646e-20
8534.00   1.9720e-23
8536.00   5.6987e-22
8538.00   5.4843e-23
8540.00   2.1759e-22
8542.00   8.1065e-25
8544.00   1.6804e-20
8546.00   4.6829e-18
8548.00   3.1846e-19
8550.00   1.4997e-18
8552.00   2.0338e-21
8554.00   1.5700e-18
8556.00   2.7783e-19
8558.00   1.6993e-19
8560.00   4.3860e-28
8562.00   5.0146e-25
8564.00   1.5287e-19
8566.00   2.5592e-21
8568.00   8.6195e-21
8570.00   1.8241e-20
8572.00   5.2478e-20
8574.00   4.6059e-18
8576.00   1.1740e-19
8578.00   2.3045e-21
8580.00   3.7986e-20
8582.00   6.0785e-20
8584.00   4.2630e-22
8586.00   1.2370e-22
8588.00   1.5725e-24
8590.00   2.6795e-20
8592.00   8.5929e-22
8594.00   4.7190e-20
8596.00   6.3939e-17
8598.00   3.4709e-21
8600.00   4.2859e-18
8602.00   2.4627e-20
8604.00   1.0072e-19
8606.00   7.6464e-19
8608.00   1.3579e-25
8610.00   1.0404e-24
8612.00   5.4694e-19
8614.00   1.7678e-25
8616.00   2.7337e-17
8618.00   8.1313e-23
8620.00   1.6673e-21
8622.00   1.5294e-21
8624.00   1.0454e-22
8626.00   2.9322e-19
8628.00   3.9545e-19
8630.00   5.2357e-20
8632.00   1.3003e-23
8634.00   2.9974e-20
8636.00   3.8704e-20
8638.00   9.9727e-23
8640.00   4.9198e-22
8642.00   3.3024e-18
8644.00   6.9585e-23
8646.00   1.9426e-24
8648.00   1.9966e-24
8650.00   3.6898e-19
8652.00   2.0344e-24
8654.00   5.7600e-19
8656.00   1.9856e-20
8658.00   7.6071e-26
8660.00   9.6726e-22
8662.00   2.6191e-22
8664.00   1.5786e-19
8666.00   9.0763e-22
8668.00   9.2796e-21
8670.00   5.7421e-21
8672.00   5.4317e-18
8674.00   4.9362e-24
8676.00   3.1027e-19
8678.00   1.0631e-18
8680.00   2.0651e-26
8682.00   3.5348e-25
8684.00   4.7728e-18
8686.00   1.7679e-24
8688.00   1.0808e-22
8690.00   1.8508e-19
8692.00   9.2662e-23
8694.00   5.7486e-22
8696.00   4.3539e-18
8698.00   9.5042e-27
8700.00   8.8661e-22
8702.00   2.9345e-22
8704.00   1.0772e-19
8706.00   1.0086e-18
8708.00   1.3034e-18
8710.00   1.9967e-26
8712.00   4.8667e-26
8714.00   6.8604e-20
8716.00   1.0489e-17
8718.00   1.1686e-21
8720.00   1.4167e-19
8722.00   5.0638e-17
8724.00   4.5042e-23
8726.00   2.7559e-26
8728.00   8.6421e-23
8730.00   3.0732e-24
8732.00   3.6213e-20
8734.00   1.6511e-18
8736.00   1.6252e-20
8738.00   5.5759e-27
8740.00   6.5442e-19
8742.00   3.2628e-24
8744.00   4.4847e-20
8746.00   3.4165e-20
8748.00   2.6680e-20
8750.00   5.9871e-19
8752.00   1.6071e-19
8754.00   5.3649e-21
8756.00   2.4084e-19
8758.00   5.3980e-19
8760.00   1.2719e-21
8762.00   8.4996e-19
8764.00   5.6299e-21
8766.00   4.7781e-23
8768.00   1.1719e-26
8770.00   5.8491e-25
8772.00   5.2839e-23
8774.00   2.6722e-23
8776.00   2.9375e-19
8778.00   3.4831e-25
8780.00   3.1526e-25
8782.00   3.8046e-22
8784.00   5.1581e-23
8786.00   1.8212e-26
8788.00   3.2679e-22
8790.00   8.6315e-23
8792.00   5.3457e-22
8794.00   2.8704e-19
8796.00   5.4169e-21
8798.00   6.8058e-22
8800.00   8.2131e-26
8802.00   3.6076e-28
8804.00   6.4171e-22
8806.00   8.6355e-18
8808.00   1.0505e-22
8810.00   8.0194e-19
8812.00   2.4377e-21
8814.00   8.4307e-21
8816.00   4.1301e-16
8818.00   6.8387e-22
8820.00   7.8992e-20
8822.00   7.5115e-25
8824.00   2.9410e-18
8826.00   8.7201e-19
8828.00   5.8379e-17
8830.00   8.6704e-23
8832.00   1.6331e-25
8834.00   5.0335e-22
8836.00   6.1566e-23
8838.00   6.1837e-20
8840.00   1.8509e-24
8842.00   6.3039e-21
8844.00   6.0309e-21
8846.00   6.8123e-21
8848.00   1.1047e-18
8850.00   6.3110e-21
8852.00   2.9512e-19
8854.00   1.0928e-20
8856.00   1.2337e-22
8858.00   5.3078e-21
8860.00   2.8791e-18
8862.00   6.2824e-20
8864.00   5.5962e-21
8866.00   3.3565e-28
8868.00   1.4163e-17
8870.00   2.0734e-19
8872.00   7.3841e-28
8874.00   2.0276e-17
8876.00   2.3486e-20
8878.00   1.0593e-24
8880.00   3.8218e-25
8882.00   3.4143e-21
8884.00   2.0436e-20
8886.00   4.9502e-18
8888.00   3.2626e-26
8890.00   3.8557e-19
8892.00   1.6073e-17
8894.00   1.4781e-23
8896.00   8.5652e-22
8898.00   9.7891e-19
8900.00   2.3805e-24
8902.00   1.0263e-20
8904.00   6.2603e-24
8906.00   1.2315e-22
8908.00   1.8112e-21
8910.00   2.6053e-23
8912.00   3.2962e-19
8914.00   3.3535e-25
8916.00   3.4275e-24
8918.00   1.7762e-21
8920.00   1.5494e-17
8922.00   1.2692e-19
8924.00   3.4470e-21
8926.00   1.2116e-16
8928.00   5.4610e-22
8930.00   1.9825e-26
8932.00   8.2245e-20
8934.00   3.3360e-20
8936.00   3.3754e-27
8938.00   2.4648e-16
8940.00   5.8421e-22
8942.00   3.7580e-24
8944.00   4.8588e-20
8946.00   1.0023e-18
8948.00   2.3695e-23
8950.00   8.0760e-20
8952.00   8.6763e-24
8954.00   7.5689e-27
8956.00   4.2748e-17
8958.00   5.0147e-24
8960.00   1.1038e-19
8962.00   1.6132e-22
8964.00   1.3927e-24
8966.00   7.5766e-20
8968.00   1.2087e-20
8970.00   1.0286e-20
8972.00   1.3394e-21
8974.00   1.0085e-26
8976.00   4.1680e-21
8978.00   2.5390e-28
8980.00   1.3114e-22
8982.00   1.5054e-18
8984.00   4.1019e-25
8986.00   5.1840e-21
8988.00   4.6181e-21
8990.00   2.7305e-18
8992.00   5.7755e-24
8994.00   4.0110e-21
8996.00   1.7963e-24
8998.00   8.0086e-26
9000.00   8.5467e-20
9002.00   3.3230e-21
9004.00   2.0388e-26
9006.00   6.5688e-18
9008.00   3.3743e-27
9010.00   1.8152e-21
9012.00   3.4241e-24
9014.00   7.7638e-18
9016.00   1.4094e-25
9018.00   3.4190e-26
9020.00   6.4521e-20
9022.00   4.3658e-25
9024.00   2.5507e-20
9026.00   1.0139e-19
9028.00   5.1218e-19
9030.00   7.9980e-20
9032.00   5.1340e-23
9034.00   6.1826e-18
9036.00   8.5902e-19
9038.00   2.5438e-19
9040.00   8.2293e-27
9042.00   2.3555e-21
9044.00   5.4632e-23
9046.00   3.2624e-27
9048.00   1.6726e-19
9050.00   5.0504e-20
9052.00   3.6682e-17
9054.00   1.5081e-25
9056.00   1.1276e-19
9058.00   2.9514e-19
9060.00   1.8432e-20
9062.00   1.9436e-16
9064.00   3.4282e-23
9066.00   4.7382e-20
9068.00   7.5587e-24
9070.00   1.0148e-16
9072.00   6.4812e-22
9074.00   9.4174e-20
9076.00   2.4238e-17
9078.00   1.5653e-16
9080.00   5.4448e-19
9082.00   3.5023e-20
9084.00   2.2491e-18
9086.00   2.6814e-24
9088.00   1.7385e-21
9090.00   8.4162e-19
9092.00   4.4153e-23
9094.00   1.9893e-26
9096.00   9.1886e-18
9098.00   1.5871e-21
9100.00   2.2987e-21
9102.00   2.2217e-22
9104.00   8.3999e-20
9106.00   4.2495e-20
9108.00   1.4142e-27
9110.00   1.5085e-21
9112.00   1.7702e-19
9114.00   2.5545e-20
9116.00   6.2860e-18
9118.00   4.1431e-21
9120.00   8.7390e-27
9122.00   3.1544e-16
9124.00   8.3230e-27
9126.00   3.8353e-19
9128.00   5.3293e-22
9130.00   1.3686e-19
9132.00   4.9656e-19
9134.00   1.7926e-18
9136.00   3.9310e-21
9138.00   6.2162e-20
9140.00   1.6093e-24
9142.00   5.8084e-23
9144.00   6.8324e-24
9146.00   2.4505e-21
9148.00   2.0738e-25
9150.00   3.1378e-23
9152.00   1.9295e-22
9154.00   3.1965e-20
9156.00   1.2411e-17
9158.00   2.4809e-26
9160.00   4.3564e-23
9162.00   4.5616e-27
9164.00   3.5020e-20
9166.00   9.2006e-25
9168.00   4.9408e-19
9170.00   1.1165e-20
9172.00   1.1621e-17
9174.00   8.9525e-26
9176.00   1.8445e-16
9178.00   1.0922e-16
9180.00   6.2116e-18
9182.00   2.9868e-20
9184.00   1.8272e-21
9186.00   1.6559e-26
9188.00   1.2372e-17
9190.00   1.6187e-22
9192.00   1.3634e-19
9194.00   1.0483e-19
9196.00   4.5225e-17
9198.00   7.5386e-23
9200.00   1.2282e-19
9202.00   3.1956e-18
9204.00   1.7057e-16
9206.00   1.2078e-24
9208.00   1.7594e-25
9210.00   7.4801e-17
9212.00   1.0493e-19
9214.00   4.7341e-19
9216.00   9.2438e-21
9218.00   2.6133e-25
9220.00   7.5906e-22
9222.00   3.9870e-20
9224.00   8.9847e-22
9226.00   1.7501e-17
9228.00   3.9132e-20
9230.00   1.8682e-25
9232.00   5.3061e-18
9234.00   1.3478e-20
9236.00   1.8899e-26
9238.00   4.5128e-19
9240.00   7.7255e-22
9242.00   6.8246e-19
9244.00   1.8245e-20
9246.00   1.9116e-21
9248.00   4.5808e-20
9250.00   5.1180e-21
9252.00   1.0588e-17
9254.00   5.9796e-22
9256.00   6.4578e-26
9258.00   2.9566e-18
9260.00   2.8890e-24
9262.00   3.1227e-29
9264.00   3.8127e-20
9266.00   9.5038e-24
9268.00   1.2124e-17
9270.00   1.1712e-22
9272.00   1.0151e-17
9274.00   3.9400e-19
9276.00   3.8134e-27
9278.00   1.3477e-24
9280.00   1.8053e-28
9282.00   6.8537e-20
9284.00   8.0600e-21
9286.00   2.7296e-19
9288.00   1.0430e-24
9290.00   1.4522e-18
9292.00   5.3911e-27
9294.00   9.5910e-23
9296.00   4.5000e-17
9298.00   6.2674e-19
9300.00   2.8420e-22
9302.00   8.5246e-28
9304.00   1.9901e-17
9306.00   1.3916e-20
9308.00   2.0662e-22
9310.00   1.0068e-21
9312.00   2.3553e-23
9314.00   3.2726e-24
9316.00   5.6744e-18
9318.00   7.3359e-24
9320.00   3.5946e-19
9322.00   2.1124e-19
9324.00   5.3395e-18
9326.00   3.2687e-17
9328.00   6.8436e-18
9330.00   5.3594e-20
9332.00   1.9470e-27
9334.00   3.3505e-24
9336.00   7.0961e-21
9338.00   1.1111e-21
9340.00   4.9647e-24
9342.00   1.1875e-17
9344.00   1.2887e-28
9346.00   1.4336e-22
9348.00   1.5088e-19
9350.00   5.6766e-19
9352.00   3.4179e-18
9354.00   2.9855e-27
9356.00   2.2192e-19
9358.00   4.9638e-19
9360.00   8.2920e-25
9362.00   2.2500e-21
9364.00   4.9832e-25
9366.00   3.8031e-21
9368.00   1.4534e-17
9370.00   2.5355e-26
9372.00   3.2600e-20
9374.00   2.9654e-20
9376.00   6.4263e-18
9378.00   2.6300e-22
9380.00   7.6534e-22
9382.00   1.2354e-18
9384.00   1.6581e-18
9386.00   5.2070e-21
9388.00   1.5612e-17
9390.00   2.3077e-22
9392.00   3.6082e-20
9394.00   3.8251e-21
9396.00   2.2696e-28
9398.00   7.9686e-27
9400.00   1.3211e-17
9402.00   2.4662e-24
9404.00   8.2522e-20
9406.00   4.2227e-21
9408.00   6.1825e-18
9410.00   9.9991e-19
9412.00   5.8002e-21
9414.00   2.3512e-20
9416.00   7.8052e-25
9418.00   8.3579e-18
9420.00   5.8991e-22
9422.00   2.4121e-22
9424.00   6.5277e-22
9426.00   1.9758e-20
9428.00   1.8382e-15
9430.00   2.0123e-21
9432.00   5.0461e-19
9434.00   8.2762e-29
9436.00   2.3747e-18
9438.00   4.7522e-20
9440.00   7.3660e-21
9442.00   3.9625e-20
9444.00   3.3313e-25
9446.00   2.7986e-19
9448.00   2.0103e-21
9450.00   1.2971e-26
9452.00   1.1631e-20
9454.00   7.9296e-26
9456.00   1.7310e-20
9458.00   1.3568e-21
9460.00   9.0735e-23
9462.00   1.2885e-22
9464.00   5.1631e-18
9466.00   1.4753e-18
9468.00   1.1283e-19
9470.00   7.7947e-18
9472.00   6.5838e-22
9474.00   1.5506e-16
9476.00   3.2449e-21
9478.00   5.4299e-21
9480.00   5.9908e-26
9482.00   4.7512e-19
9484.00   4.6890e-24
9486.00   6.6513e-21
9488.00   8.3366e-25
9490.00   3.7388e-19
9492.00   2.8183e-20
9494.00   5.3288e-28
9496.00   2.6507e-20
9498.00   1.7515e-17
9500.00   2.1957e-20
9502.00   3.6489e-27
9504.00   1.1039e-21
9506.00   3.1890e-27
9508.00   4.3461e-22
9510.00   4.7189e-16
9512.00   1.5296e-26
9514.00   9.9008e-18
9516.00   1.1794e-24
9518.00   8.9966e-20
9520.00   3.7470e-20
9522.00   1.6926e-23
9524.00   1.2482e-19
9526.00   4.5874e-18
9528.00   1.0232e-17
9530.00   7.3713e-24
9532.00   6.3212e-18
9534.00   8.2175e-18
9536.00   2.0027e-19
9538.00   2.8931e-25
9540.00   3.1207e-21
9542.00   3.4852e-20
9544.00   1.1650e-26
9546.00   3.9684e-20
9548.00   1.1964e-20
9550.00   8.1910e-18
9552.00   2.8702e-19
9554.00   1.6286e-22
9556.00   1.9893e-16
9558.00   8.5290e-20
9560.00   8.0089e-17
9562.00   4.3026e-27
9564.00   1.8550e-20
9566.00   2.1891e-19
9568.00   1.0951e-19
9570.00   1.2087e-18
9572.00   4.9090e-17
9574.00   7.5849e-21
9576.00   3.8282e-27
9578.00   1.3327e-21
9580.00   2.0899e-20
9582.00   2.0447e-21
9584.00   9.3530e-27
9586.00   3.3240e-22
9588.00   4.4496e-25
9590.00   2.7629e-18
9592.00   1.2274e-20
9594.00   2.7590e-23
9596.00   4.5986e-19
9598.00   9.5370e-20
9600.00   4.0148e-23
9602.00   1.8607e-21
9604.00   8.4890e-28
9606.00   7.1579e-19
9608.00   1.2639e-20
9610.00   1.2600e-21
9612.00   1.2314e-22
9614.00   2.0898e-17
9616.00   3.9837e-27
9618.00   1.0542e-17
9620.00   3.5174e-24
9622.00   5.1327e-26
9624.00   8.5604e-27
9626.00   3.9199e-27
9628.00   1.2806e-26
9630.00   2.4096e-20
9632.00   1.2595e-20
9634.00   3.0404e-18
9636.00   7.8877e-25
9638.00   2.7743e-20
9640.00   4.2213e-21
9642.00   2.0287e-21
9644.00   1.3715e-26
9646.00   7.4164e-21
9648.00   1.7448e-24
9650.00   5.5053e-24
9652.00   1.8431e-18
9654.00   9.2454e-29
9656.00   2.8990e-18
9658.00   2.1191e-24
9660.00   1.9195e-23
9662.00   5.6156e-18
9664.00   7.8727e-20
9666.00   9.0088e-27
9668.00   3.4427e-23
9670.00   5.1318e-19
9672.00   8.7657e-19
9674.00   1.6730e-22
9676.00   1.2951e-19
9678.00   5.8661e-22
9680.00   1.3811e-17
9682.00   2.1333e-17
9684.00   2.3067e-21
9686.00   1.6570e-22
9688.00   3.0595e-27
9690.00   1.5582e-24
9692.00   1.8035e-25
9694.00   9.5597e-27
9696.00   4.9136e-20
9698.00   9.2218e-24
9700.00   1.7033e-21
9702.00   1.2711e-26
9704.00   1.1119e-20
9706.00   2.9429e-24
9708.00   3.3703e-25
9710.00   2.7368e-26
9712.00   3.6455e-19
9714.00   4.6214e-20
9716.00   2.4998e-26
9718.00   1.2594e-19
9720.00   1.0647e-24
9722.00   2.0776e-20
9724.00   5.0147e-21
9726.00   1.8444e-25
9728.00   1.9940e-23
9730.00   3.3875e-20
9732.00   4.6541e-19
9734.00   1.5309e-21
9736.00   3.5213e-20
9738.00   5.9865e-20
9740.00   7.3274e-23
9742.00   2.0102e-19
9744.00   2.6555e-19
9746.00   5.0026e-19
9748.00   2.9454e-20
9750.00   6.6428e-20
9752.00   3.2107e-25
9754.00   7.8718e-23
9756.00   4.1180e-19
9758.00   3.0603e-28
9760.00   2.4387e-24
9762.00   2.0163e-26
9764.00   2.3840e-19
9766.00   4.1425e-19
9768.00   7.3473e-22
9770.00   5.9267e-23
9772.00   9.2020e-23
9774.00   4.6717e-25
9776.00   1.5701e-26
9778.00   7.5606e-25
9780.00   1.2057e-21
9782.00   4.8816e-20
9784.00   7.5888e-29
9786.00   3.3252e-25
9788.00   6.4836e-19
9790.00   1.0214e-20
9792.00   4.2285e-25
9794.00   1.5540e-23
9796.00   9.9318e-19
9798.00   4.0131e-21
9800.00   1.5305e-20
9802.00   4.8495e-26
9804.00   5.8167e-21
9806.00   7.9269e-20
9808.00   2.4347e-20
9810.00   4.1711e-22
9812.00   2.9583e-17
9814.00   8.5181e-24
9816.00   1.0305e-19
9818.00   3.4187e-25
9820.00   2.1269e-23
9822.00   8.1119e-24
9824.00   8.6288e-24
9826.00   1.4480e-19
9828.00   6.0254e-21
9830.00   1.0801e-22
9832.00   3.5326e-30
9834.00   5.2037e-28
9836.00   5.1854e-27
9838.00   8.6885e-21
9840.00   9.4498e-28
9842.00   8.2813e-21
9844.00   5.1994e-18
9846.00   3.1047e-23
9848.00   1.7287e-19
9850.00   2.9446e-18
9852.00   1.9136e-25
9854.00   1.8088e-24
9856.00   5.4493e-26
9858.00   3.5259e-22
9860.00   3.3900e-22
9862.00   1.0217e-19
9864.00   3.3073e-23
9866.00   2.1420e-25
9868.00   1.7449e-18
9870.00   1.3957e-23
9872.00   1.5032e-21
9874.00   9.7851e-21
9876.00   5.5520e-21
9878.00   9.2541e-26
9880.00   8.0966e-18
9882.00   1.0684e-17
9884.00   2.7297e-23
9886.00   1.6758e-25
9888.00   1.2921e-24
9890.00   1.4306e-26
9892.00   3.9560e-23
9894.00   1.7973e-17
9896.00   5.9503e-19
9898.00   4.7447e-21
9900.00   1.1770e-19
9902.00   8.0973e-24
9904.00   3.6443e-19
9906.00   6.7788e-20
9908.00   1.6257e-19
9910.00   2.5289e-17
9912.00   1.4923e-17
9914.00   2.0896e-25
9916.00   3.9202e-23
9918.00   4.2718e-22
9920.00   2.0624e-19
9922.00   4.4819e-21
9924.00   1.4068e-20
9926.00   2.6135e-21
9928.00   2.3574e-27
9930.00   5.2453e-27
9932.00   7.9254e-21
9934.00   1.7823e-22
9936.00   7.1102e-22
9938.00   3.0951e-20
9940.00   1.2193e-22
9942.00   1.6092e-21
9944.00   2.4858e-21
9946.00   1.8392e-18
9948.00   5.3494e-25
9950.00   8.7546e-18
9952.00   3.2450e-26
9954.00   2.0065e-20
9956.00   4.9208e-17
9958.00   6.2927e-20
9960.00   3.0477e-25
9962.00   2.0778e-21
9964.00   3.9584e-27
9966.00   1.8500e-27
9968.00   8.5812e-23
9970.00   1.6845e-20
9972.00   3.4960e-22
9974.00   3.2949e-28
9976.00   8.0736e-19
9978.00   9.0847e-21
9980.00   1.0178e-25
9982.00   2.2804e-20
9984.00   1.6132e-20
9986.00   2.0050e-23
9988.00   1.1207e-28
9990.00   1.6347e-23
9992.00   2.0036e-20
9994.00   5.9280e-21
9996.00   2.8022e-21
9998.00   5.2860e-16
10000.00   3.1102e-25
