1000  1.391294e+02  1.371039e+02  2.025539e+00 
1002  5.914183e+01  5.821184e+01  9.299883e-01 
1004  8.473305e+01  8.332159e+01  1.411457e+00 
1006  8.195709e+01  8.038261e+01  1.574490e+00 
1008  8.075063e+01  7.958430e+01  1.166333e+00 
1010  4.114192e+00  4.044415e+00  6.977660e-02 
1012  2.667471e+01  2.640147e+01  2.732315e-01 
1014  5.499745e+01  5.451287e+01  4.845865e-01 
1016  7.087595e+01  7.005305e+01  8.228961e-01 
1018  4.085226e+01  4.056017e+01  2.920934e-01 
1020  6.450433e+01  6.389992e+01  6.044117e-01 
1022  6.399533e+01  6.355520e+01  4.401318e-01 
1024  1.896590e+01  1.882920e+01  1.367001e-01 
1026  1.031819e+01  1.022250e+01  9.568951e-02 
1028  4.610873e+01  4.545287e+01  6.558669e-01 
1030  9.384858e+01  9.006211e+01  3.786471e+00 
1032  2.094648e+02  2.025678e+02  6.897010e+00 
1034  2.589459e+02  2.545269e+02  4.418989e+00 
1036  1.253310e+02  1.194064e+02  5.924601e+00 
1038  3.066192e+01  3.011372e+01  5.481934e-01 
1040  8.267157e+01  8.118771e+01  1.483854e+00 
1042  7.074229e+01  6.929252e+01  1.449770e+00 
1044  7.326637e+01  7.214004e+01  1.126327e+00 
1046  5.792987e+01  5.673739e+01  1.192483e+00 
1048  1.529782e+01  1.461083e+01  6.869874e-01 
1050  7.659887e+01  7.478330e+01  1.815566e+00 
1052  6.140968e+01  5.874887e+01  2.660803e+00 
1054  2.330848e+02  2.300632e+02  3.021556e+00 
1057  1.562833e+02  1.521942e+02  4.089170e+00 
1059  1.906574e+02  1.847979e+02  5.859454e+00 
1061  6.393037e+02  6.291665e+02  1.013721e+01 
1063  5.887346e+02  5.818448e+02  6.889780e+00 
1065  1.930349e+02  1.874728e+02  5.562107e+00 
1067  5.091673e+02  4.971642e+02  1.200308e+01 
1069  3.024955e+02  2.956732e+02  6.822395e+00 
1071  3.867791e+02  3.756855e+02  1.109363e+01 
1073  1.252087e+03  1.219110e+03  3.297720e+01 
1075  7.658853e+02  7.469470e+02  1.893836e+01 
1077  5.895637e+02  5.689473e+02  2.061641e+01 
1079  9.061125e+01  8.599268e+01  4.618574e+00 
1081  1.821047e+02  1.805612e+02  1.543543e+00 
1084  3.197415e+02  3.134232e+02  6.318295e+00 
1086  1.219902e+02  1.165854e+02  5.404778e+00 
1088  3.382433e+02  3.302731e+02  7.970116e+00 
1090  4.938064e+02  4.823315e+02  1.147490e+01 
1092  3.993492e+02  3.876756e+02  1.167359e+01 
1094  4.148897e+02  4.022528e+02  1.263691e+01 
1096  3.977057e+02  3.920829e+02  5.622831e+00 
1098  4.955622e+02  4.881180e+02  7.444179e+00 
1101  3.310804e+02  3.264181e+02  4.662258e+00 
1103  2.136605e+02  2.070719e+02  6.588642e+00 
1105  4.019402e+02  3.898961e+02  1.204408e+01 
1107  6.935986e+02  6.706859e+02  2.291273e+01 
1109  5.201867e+02  5.075349e+02  1.265177e+01 
1111  1.405432e+03  1.389659e+03  1.577382e+01 
1114  2.568868e+03  2.537084e+03  3.178316e+01 
1116  6.502158e+02  6.362230e+02  1.399281e+01 
1118  1.326946e+02  1.264954e+02  6.199228e+00 
1120  1.759678e+02  1.694346e+02  6.533159e+00 
1122  4.059905e+02  3.929586e+02  1.303192e+01 
1124  4.159265e+02  4.022287e+02  1.369781e+01 
1127  9.661295e+02  9.411619e+02  2.496758e+01 
1129  6.247411e+02  6.125805e+02  1.216067e+01 
1131  6.928047e+02  6.757483e+02  1.705644e+01 
1133  1.281445e+03  1.268016e+03  1.342949e+01 
1135  6.155288e+02  5.905541e+02  2.497464e+01 
1138  3.553818e+02  3.474923e+02  7.889537e+00 
1140  5.131494e+02  4.997616e+02  1.338784e+01 
1142  7.910257e+02  7.809157e+02  1.011000e+01 
1144  2.993530e+03  2.932234e+03  6.129625e+01 
1147  1.869681e+03  1.807625e+03  6.205542e+01 
1149  1.687754e+03  1.640908e+03  4.684582e+01 
1151  1.600551e+03  1.548399e+03  5.215272e+01 
1153  1.300314e+03  1.273868e+03  2.644544e+01 
1156  6.947017e+02  6.762627e+02  1.843899e+01 
1158  1.144370e+03  1.112357e+03  3.201383e+01 
1160  1.329351e+03  1.287787e+03  4.156388e+01 
1162  8.835290e+02  8.644239e+02  1.910511e+01 
1165  1.126293e+03  1.101445e+03  2.484829e+01 
1167  1.408821e+03  1.371720e+03  3.710049e+01 
1169  1.426395e+03  1.395559e+03  3.083590e+01 
1171  1.493797e+03  1.462125e+03  3.167249e+01 
1174  1.757765e+03  1.714678e+03  4.308662e+01 
1176  1.102848e+03  1.075905e+03  2.694246e+01 
1178  4.543423e+02  4.479049e+02  6.437450e+00 
1181  8.198282e+02  8.104341e+02  9.394125e+00 
1183  6.565274e+02  6.465675e+02  9.959918e+00 
1185  9.444921e+02  9.218894e+02  2.260269e+01 
1187  1.401672e+03  1.368343e+03  3.332915e+01 
1190  7.341349e+02  7.223648e+02  1.177013e+01 
1192  1.288042e+03  1.263251e+03  2.479082e+01 
1194  5.555548e+02  5.456968e+02  9.857994e+00 
1197  1.286106e+04  1.212199e+04  7.390696e+02 
1199  1.207263e+04  1.005503e+04  2.017606e+03 
1201  6.286834e+03  5.910933e+03  3.759008e+02 
1204  2.158661e+02  2.062388e+02  9.627278e+00 
1206  8.110419e+02  7.422254e+02  6.881644e+01 
1208  4.982739e+03  4.910549e+03  7.218944e+01 
1211  1.539814e+03  1.410142e+03  1.296719e+02 
1213  8.734778e+02  7.706545e+02  1.028233e+02 
1215  1.863145e+03  1.699552e+03  1.635926e+02 
1218  1.266102e+03  1.175950e+03  9.015114e+01 
1220  9.581997e+03  9.531503e+03  5.049371e+01 
1223  3.363273e+02  3.264073e+02  9.920051e+00 
1225  4.391924e+02  4.349880e+02  4.204422e+00 
1227  5.129900e+02  5.087626e+02  4.227386e+00 
1230  2.682576e+02  2.660927e+02  2.164937e+00 
1232  8.400494e+02  8.321665e+02  7.882893e+00 
1235  6.236229e+02  6.174662e+02  6.156665e+00 
1237  5.684630e+02  5.627164e+02  5.746533e+00 
1239  5.733618e+02  5.611765e+02  1.218528e+01 
1242  7.861107e+02  7.681955e+02  1.791524e+01 
1244  5.061033e+02  4.982193e+02  7.883965e+00 
1247  4.018636e+02  3.955471e+02  6.316582e+00 
1249  3.842973e+02  3.751607e+02  9.136587e+00 
1252  4.878619e+02  4.805820e+02  7.279961e+00 
1254  5.438490e+02  5.355999e+02  8.249161e+00 
1256  2.268051e+03  2.197166e+03  7.088445e+01 
1259  2.793460e+03  2.722676e+03  7.078497e+01 
1261  1.503956e+03  1.460798e+03  4.315792e+01 
1264  1.619047e+04  1.530995e+04  8.805230e+02 
1266  2.779530e+04  2.411248e+04  3.682822e+03 
1269  3.035037e+03  2.903867e+03  1.311704e+02 
1271  6.032969e+03  5.716794e+03  3.161746e+02 
1274  6.570371e+02  6.365397e+02  2.049746e+01 
1276  1.695336e+03  1.630352e+03  6.498417e+01 
1279  9.211157e+02  8.856812e+02  3.543452e+01 
1281  5.988924e+02  5.723804e+02  2.651201e+01 
1284  8.975160e+02  8.596791e+02  3.783685e+01 
1286  9.283750e+02  8.583921e+02  6.998290e+01 
1289  8.540308e+03  7.900910e+03  6.393980e+02 
1291  5.846593e+03  5.399151e+03  4.474425e+02 
1294  2.042853e+03  1.870133e+03  1.727195e+02 
1296  3.848889e+03  3.685927e+03  1.629620e+02 
1299  3.543570e+03  3.398446e+03  1.451237e+02 
1301  1.177711e+03  1.126291e+03  5.141916e+01 
1304  2.497475e+03  2.413085e+03  8.438982e+01 
1306  9.237379e+02  8.733875e+02  5.035047e+01 
1309  4.074520e+02  3.872897e+02  2.016227e+01 
1311  4.682931e+02  4.374341e+02  3.085896e+01 
1314  6.318985e+02  6.018418e+02  3.005673e+01 
1316  7.597350e+02  7.001236e+02  5.961138e+01 
1319  8.590012e+02  8.073882e+02  5.161301e+01 
1322  8.809009e+02  8.256606e+02  5.524035e+01 
1324  9.157767e+02  8.429149e+02  7.286174e+01 
1327  8.228003e+02  7.671553e+02  5.564495e+01 
1329  7.166863e+02  6.583659e+02  5.832036e+01 
1332  9.523047e+02  8.531733e+02  9.913136e+01 
1335  5.433083e+02  5.005675e+02  4.274082e+01 
1337  4.399926e+02  3.993940e+02  4.059853e+01 
1340  7.225064e+03  5.364793e+03  1.860271e+03 
1342  4.242025e+02  3.368547e+02  8.734776e+01 
1345  3.065636e+03  2.550506e+03  5.151298e+02 
1348  1.442078e+02  1.241172e+02  2.009065e+01 
1350  1.473022e+03  1.188339e+03  2.846828e+02 
1353  2.538319e+03  2.159204e+03  3.791146e+02 
1355  1.473965e+03  1.324815e+03  1.491499e+02 
1358  6.134825e+02  5.472594e+02  6.622311e+01 
1361  2.482562e+03  2.139910e+03  3.426523e+02 
1363  2.166887e+03  2.046344e+03  1.205431e+02 
1366  2.689242e+03  2.221076e+03  4.681655e+02 
1369  9.162867e+02  8.171967e+02  9.909004e+01 
1371  2.281000e+03  1.877396e+03  4.036045e+02 
1374  1.767541e+03  1.620025e+03  1.475159e+02 
1377  1.173699e+03  1.097238e+03  7.646089e+01 
1379  1.207041e+03  1.050263e+03  1.567782e+02 
1382  1.614545e+03  1.405797e+03  2.087476e+02 
1385  9.222180e+02  7.989653e+02  1.232527e+02 
1388  1.832598e+03  1.495522e+03  3.370759e+02 
1390  9.940037e+02  8.091860e+02  1.848177e+02 
1393  2.366831e+03  1.969537e+03  3.972941e+02 
1396  8.580518e+02  7.389454e+02  1.191065e+02 
1398  2.416438e+03  2.095091e+03  3.213466e+02 
1401  1.097914e+03  9.820842e+02  1.158302e+02 
1404  9.787669e+02  8.473323e+02  1.314346e+02 
1407  5.317279e+02  4.442832e+02  8.744473e+01 
1409  8.944718e+02  7.220574e+02  1.724144e+02 
1412  8.335797e+02  7.162548e+02  1.173249e+02 
1415  1.692474e+03  1.529880e+03  1.625943e+02 
1418  1.415855e+03  1.257095e+03  1.587601e+02 
1420  6.629698e+02  5.489126e+02  1.140572e+02 
1423  1.283516e+03  1.012711e+03  2.708049e+02 
1426  9.434337e+02  7.470035e+02  1.964303e+02 
1429  1.243809e+03  8.148360e+02  4.289730e+02 
1431  2.212601e+03  1.999444e+03  2.131571e+02 
1434  7.247144e+02  5.863710e+02  1.383434e+02 
1437  1.142514e+03  1.013758e+03  1.287557e+02 
1440  2.612419e+03  1.850554e+03  7.618649e+02 
1443  1.887203e+03  1.280098e+03  6.071048e+02 
1445  1.051134e+03  6.486733e+02  4.024608e+02 
1448  2.219154e+03  1.839260e+03  3.798944e+02 
1451  5.273642e+03  4.630335e+03  6.433060e+02 
1454  3.908504e+03  2.669112e+03  1.239392e+03 
1457  5.105514e+02  4.004329e+02  1.101185e+02 
1460  2.238075e+03  1.760985e+03  4.770899e+02 
1462  5.766207e+02  4.877261e+02  8.889466e+01 
1465  4.779340e+03  3.036110e+03  1.743230e+03 
1468  1.594300e+03  9.206918e+02  6.736085e+02 
1471  2.763096e+03  2.296883e+03  4.662132e+02 
1474  5.478089e+03  4.639834e+03  8.382547e+02 
1477  3.297659e+03  2.581967e+03  7.156913e+02 
1480  8.814849e+02  7.162233e+02  1.652615e+02 
1482  1.301417e+03  9.734675e+02  3.279489e+02 
1485  1.653707e+03  1.340188e+03  3.135182e+02 
1488  1.418384e+03  1.166053e+03  2.523306e+02 
1491  1.243504e+03  1.031532e+03  2.119727e+02 
1494  1.235782e+03  9.656725e+02  2.701094e+02 
1497  3.108168e+02  2.544875e+02  5.632929e+01 
1500  2.770596e+02  2.124288e+02  6.463083e+01 
1503  5.987532e+02  4.757052e+02  1.230480e+02 
1506  7.776138e+02  6.545963e+02  1.230175e+02 
1509  7.869869e+02  6.781000e+02  1.088869e+02 
1512  9.798191e+02  7.994573e+02  1.803618e+02 
1515  4.658744e+02  3.999363e+02  6.593803e+01 
1518  1.127623e+02  8.848623e+01  2.427608e+01 
1520  7.165385e+02  5.798336e+02  1.367050e+02 
1523  7.594045e+02  6.292764e+02  1.301282e+02 
1526  8.342249e+02  7.035654e+02  1.306594e+02 
1529  1.813433e+02  1.234337e+02  5.790965e+01 
1532  3.483098e+02  2.787288e+02  6.958104e+01 
1535  6.378216e+03  3.453026e+03  2.925190e+03 
1538  2.732113e+03  1.073325e+03  1.658788e+03 
1541  1.804057e+03  1.042391e+03  7.616656e+02 
1544  2.266688e+02  1.556733e+02  7.099549e+01 
1547  3.746992e+03  1.908890e+03  1.838103e+03 
1550  1.411694e+03  9.943517e+02  4.173428e+02 
1553  3.865631e+02  2.908018e+02  9.576129e+01 
1556  1.158977e+03  7.101922e+02  4.487851e+02 
1559  1.245381e+03  1.171718e+03  7.366245e+01 
1562  9.404832e+02  8.527578e+02  8.772542e+01 
1566  3.376834e+02  2.910673e+02  4.661612e+01 
1569  1.915538e+03  1.775592e+03  1.399459e+02 
1572  1.312262e+03  1.023757e+03  2.885048e+02 
1575  1.943048e+03  1.724200e+03  2.188474e+02 
1578  1.437420e+03  1.114710e+03  3.227095e+02 
1581  1.436969e+03  1.141844e+03  2.951255e+02 
1584  1.118478e+03  9.073496e+02  2.111286e+02 
1587  9.721585e+02  7.821929e+02  1.899656e+02 
1590  2.768134e+02  1.956416e+02  8.117177e+01 
1593  7.537831e+02  5.383122e+02  2.154709e+02 
1596  5.774608e+02  3.593243e+02  2.181365e+02 
1599  5.800142e+02  4.131768e+02  1.668374e+02 
1603  8.555461e+02  7.170049e+02  1.385412e+02 
1606  8.854387e+02  6.735336e+02  2.119051e+02 
1609  1.633733e+03  1.549723e+03  8.400943e+01 
1612  1.344839e+03  1.291822e+03  5.301685e+01 
1615  7.384200e+01  5.768514e+01  1.615686e+01 
1618  1.286436e+03  1.149334e+03  1.371024e+02 
1621  2.107119e+03  1.765767e+03  3.413516e+02 
1624  1.577258e+03  1.286553e+03  2.907048e+02 
1628  3.032132e+03  2.295019e+03  7.371127e+02 
1631  1.360579e+03  1.143535e+03  2.170443e+02 
1634  2.167413e+03  1.851979e+03  3.154340e+02 
1637  7.714929e+03  5.678018e+03  2.036911e+03 
1640  1.445856e+04  8.710220e+03  5.748338e+03 
1644  1.945025e+03  1.481909e+03  4.631151e+02 
1647  9.119800e+02  7.744730e+02  1.375070e+02 
1650  1.539885e+03  1.369035e+03  1.708500e+02 
1653  1.603138e+03  1.480056e+03  1.230820e+02 
1656  1.142772e+03  1.104072e+03  3.869999e+01 
1660  1.356117e+03  1.286439e+03  6.967805e+01 
1663  6.364775e+02  5.073138e+02  1.291637e+02 
1666  3.561616e+02  2.548468e+02  1.013147e+02 
1669  2.210177e+03  1.722550e+03  4.876268e+02 
1673  5.263523e+03  3.399485e+03  1.864038e+03 
1676  7.330436e+03  5.226012e+03  2.104424e+03 
1679  3.462801e+03  2.823744e+03  6.390569e+02 
1682  4.050620e+03  2.772161e+03  1.278460e+03 
1686  5.626227e+03  3.642509e+03  1.983718e+03 
1689  9.860878e+02  7.785406e+02  2.075472e+02 
1692  6.290254e+02  5.288559e+02  1.001695e+02 
1696  3.205666e+02  2.413806e+02  7.918605e+01 
1699  3.955621e+02  3.038831e+02  9.167899e+01 
1702  2.356131e+03  2.096864e+03  2.592669e+02 
1706  5.856459e+02  4.946796e+02  9.096632e+01 
1709  1.469922e+03  1.116127e+03  3.537955e+02 
1712  5.353573e+02  3.723852e+02  1.629721e+02 
1715  1.249816e+03  9.689673e+02  2.808489e+02 
1719  1.092734e+03  9.902733e+02  1.024606e+02 
1722  1.625499e+03  1.180072e+03  4.454270e+02 
1726  1.992112e+03  1.828988e+03  1.631246e+02 
1729  3.725296e+02  2.810027e+02  9.152692e+01 
1732  5.747596e+02  4.182301e+02  1.565296e+02 
1736  2.619522e+02  2.027531e+02  5.919911e+01 
1739  2.977572e+02  1.814207e+02  1.163365e+02 
1742  2.895194e+02  2.134827e+02  7.603674e+01 
1746  7.375251e+02  5.970555e+02  1.404696e+02 
1749  3.484255e+03  2.036742e+03  1.447512e+03 
1753  5.368011e+01  3.218305e+01  2.149706e+01 
1756  1.609926e+02  9.754562e+01  6.344698e+01 
1759  9.695986e+02  8.375486e+02  1.320501e+02 
1763  1.774206e+03  1.098365e+03  6.758412e+02 
1766  2.238743e+03  1.220937e+03  1.017806e+03 
1770  3.763529e+02  2.504131e+02  1.259399e+02 
1773  1.273897e+03  8.731801e+02  4.007172e+02 
1777  3.801276e+02  3.103501e+02  6.977748e+01 
1780  5.171789e+02  3.763587e+02  1.408202e+02 
1784  2.222597e+03  1.719459e+03  5.031376e+02 
1787  4.175400e+03  3.098216e+03  1.077183e+03 
1791  4.013088e+02  3.025238e+02  9.878505e+01 
1794  1.815060e+03  1.228818e+03  5.862422e+02 
1798  1.049102e+03  9.266129e+02  1.224887e+02 
1801  2.470277e+02  1.405287e+02  1.064990e+02 
1805  7.381239e+02  5.551695e+02  1.829544e+02 
1808  6.885620e+02  4.783153e+02  2.102467e+02 
1812  6.050331e+02  3.412736e+02  2.637596e+02 
1815  4.487734e+02  3.291735e+02  1.195999e+02 
1819  6.878461e+02  5.517400e+02  1.361061e+02 
1822  8.937933e+02  7.248769e+02  1.689164e+02 
1826  1.414521e+03  9.419073e+02  4.726140e+02 
1829  5.399788e+02  4.267017e+02  1.132771e+02 
1833  7.532756e+02  5.804601e+02  1.728155e+02 
1836  4.128308e+02  3.743017e+02  3.852909e+01 
1840  1.358346e+03  8.068195e+02  5.515264e+02 
1844  6.442535e+02  4.107430e+02  2.335104e+02 
1847  6.202750e+02  5.717633e+02  4.851173e+01 
1851  5.891572e+02  3.988467e+02  1.903105e+02 
1854  4.118340e+02  2.475487e+02  1.642853e+02 
1858  3.480121e+02  2.631122e+02  8.489991e+01 
1862  1.740954e+03  9.780449e+02  7.629089e+02 
1865  6.947729e+02  5.820330e+02  1.127399e+02 
1869  3.716654e+02  2.736322e+02  9.803314e+01 
1873  1.653086e+02  1.197751e+02  4.553350e+01 
1876  1.179285e+03  9.973102e+02  1.819744e+02 
1880  9.721677e+02  7.719120e+02  2.002556e+02 
1883  1.907841e+03  1.093660e+03  8.141809e+02 
1887  2.177417e+03  2.010333e+03  1.670840e+02 
1891  3.951044e+02  2.995725e+02  9.553196e+01 
1895  3.972634e+02  3.007119e+02  9.655152e+01 
1898  8.053154e+02  5.667026e+02  2.386128e+02 
1902  2.999978e+03  2.768340e+03  2.316376e+02 
1906  7.003677e+02  4.998344e+02  2.005333e+02 
1909  5.608696e+02  4.771136e+02  8.375610e+01 
1913  5.376562e+02  4.274404e+02  1.102158e+02 
1917  9.893876e+02  7.488685e+02  2.405192e+02 
1921  6.058903e+02  3.682138e+02  2.376765e+02 
1924  1.560125e+03  1.447256e+03  1.128684e+02 
1928  9.748466e+02  8.225956e+02  1.522510e+02 
1932  4.752413e+02  3.667186e+02  1.085228e+02 
1936  1.681538e+03  1.561509e+03  1.200289e+02 
1939  4.671158e+02  2.941700e+02  1.729458e+02 
1943  8.378134e+02  6.390071e+02  1.988062e+02 
1947  1.109415e+03  8.162781e+02  2.931367e+02 
1951  7.544717e+02  4.821801e+02  2.722916e+02 
1954  1.302891e+03  7.716292e+02  5.312614e+02 
1958  1.577082e+04  8.341700e+03  7.429118e+03 
1962  6.348875e+02  4.183506e+02  2.165369e+02 
1966  8.027422e+03  4.599171e+03  3.428250e+03 
1970  7.724834e+03  4.405455e+03  3.319379e+03 
1974  2.076127e+04  1.135632e+04  9.404948e+03 
1977  2.686483e+03  1.486790e+03  1.199693e+03 
1981  2.989503e+02  1.820002e+02  1.169502e+02 
1985  7.928073e+02  5.257539e+02  2.670533e+02 
1989  5.293068e+02  4.067466e+02  1.225602e+02 
1993  1.246897e+03  7.382151e+02  5.086823e+02 
1997  7.724186e+02  4.532259e+02  3.191927e+02 
2001  1.317548e+03  1.158111e+03  1.594371e+02 
2005  6.409885e+02  5.327564e+02  1.082321e+02 
2008  1.284382e+03  1.051073e+03  2.333085e+02 
2012  9.076757e+02  6.628863e+02  2.447894e+02 
2016  2.288783e+03  1.387842e+03  9.009412e+02 
2020  5.241686e+02  3.944294e+02  1.297392e+02 
2024  6.187329e+02  3.819410e+02  2.367919e+02 
2028  1.647227e+03  1.053068e+03  5.941588e+02 
2032  9.570857e+02  7.620036e+02  1.950821e+02 
2036  4.483594e+02  3.665066e+02  8.185275e+01 
2040  1.035987e+03  9.050419e+02  1.309452e+02 
2044  7.445904e+02  5.850406e+02  1.595497e+02 
2048  3.348712e+02  2.200788e+02  1.147924e+02 
2052  5.301362e+02  4.620709e+02  6.806532e+01 
2056  8.197856e+02  6.840411e+02  1.357445e+02 
2060  6.009150e+02  3.708918e+02  2.300233e+02 
2064  1.297026e+03  1.093207e+03  2.038183e+02 
2068  1.400504e+03  8.817834e+02  5.187209e+02 
2072  1.621157e+03  1.254141e+03  3.670163e+02 
2076  1.085527e+03  6.726965e+02  4.128305e+02 
2080  8.404087e+02  5.261364e+02  3.142723e+02 
2084  3.209499e+02  2.024245e+02  1.185254e+02 
2088  6.592983e+02  5.508459e+02  1.084525e+02 
2092  7.415566e+02  4.581837e+02  2.833729e+02 
2096  7.687490e+02  5.281955e+02  2.405536e+02 
2100  9.417031e+02  6.323293e+02  3.093737e+02 
2104  1.032048e+03  6.356531e+02  3.963950e+02 
2109  2.354906e+03  2.084954e+03  2.699516e+02 
2113  6.218386e+02  3.979385e+02  2.239001e+02 
2117  2.818867e+03  1.956684e+03  8.621836e+02 
2121  1.724482e+02  1.436388e+02  2.880943e+01 
2125  5.091968e+02  2.936121e+02  2.155847e+02 
2129  1.217382e+03  9.455337e+02  2.718488e+02 
2133  7.240283e+02  5.011871e+02  2.228413e+02 
2138  9.993219e+02  8.858420e+02  1.134799e+02 
2142  9.541182e+02  6.393849e+02  3.147333e+02 
2146  7.014637e+02  6.136108e+02  8.785292e+01 
2150  1.123491e+03  9.639719e+02  1.595195e+02 
2154  5.974355e+02  4.265715e+02  1.708640e+02 
2158  1.224213e+03  7.849018e+02  4.393108e+02 
2163  1.017879e+03  8.803228e+02  1.375558e+02 
2167  1.099553e+03  9.217907e+02  1.777621e+02 
2171  6.025953e+02  4.011225e+02  2.014729e+02 
2175  1.245425e+03  9.361954e+02  3.092299e+02 
2180  2.941859e+02  2.307502e+02  6.343571e+01 
2184  1.212738e+03  7.853184e+02  4.274193e+02 
2188  1.127055e+03  8.202639e+02  3.067907e+02 
2192  3.054565e+02  2.066902e+02  9.876637e+01 
2197  2.585463e+02  1.519736e+02  1.065727e+02 
2201  4.607682e+02  3.157979e+02  1.449702e+02 
2205  6.346136e+02  4.422715e+02  1.923422e+02 
2209  9.330120e+02  6.420247e+02  2.909872e+02 
2214  1.412050e+03  1.146341e+03  2.657089e+02 
2218  8.134682e+02  6.488310e+02  1.646372e+02 
2222  2.638529e+03  2.338186e+03  3.003427e+02 
2227  1.002962e+03  7.161133e+02  2.868483e+02 
2231  1.451060e+03  9.567570e+02  4.943029e+02 
2235  2.089463e+03  1.676290e+03  4.131730e+02 
2240  2.931784e+03  2.474618e+03  4.571660e+02 
2244  3.178909e+03  2.419026e+03  7.598826e+02 
2248  2.936957e+03  2.410354e+03  5.266022e+02 
2253  3.040831e+03  2.705199e+03  3.356319e+02 
2257  2.202404e+03  1.698229e+03  5.041754e+02 
2262  7.179827e+03  6.858210e+03  3.216169e+02 
2266  5.081917e+03  4.601449e+03  4.804673e+02 
2270  3.644580e+03  3.046965e+03  5.976144e+02 
2275  5.023545e+03  4.063186e+03  9.603595e+02 
2279  5.314827e+03  4.735275e+03  5.795524e+02 
2284  2.660094e+03  2.308769e+03  3.513246e+02 
2288  1.198763e+03  7.933304e+02  4.054330e+02 
2293  2.205429e+03  1.731672e+03  4.737575e+02 
2297  1.142772e+03  8.563040e+02  2.864681e+02 
2302  8.252623e+02  6.261584e+02  1.991039e+02 
2306  3.465291e+03  2.139620e+03  1.325671e+03 
2311  2.846225e+03  2.070175e+03  7.760498e+02 
2315  2.252808e+03  1.549778e+03  7.030295e+02 
2320  1.543779e+03  1.243428e+03  3.003510e+02 
2324  1.904047e+03  1.469852e+03  4.341948e+02 
2329  1.544506e+04  1.411900e+04  1.326067e+03 
2333  1.370866e+04  1.262371e+04  1.084945e+03 
2338  1.130176e+04  1.024423e+04  1.057529e+03 
2342  2.433264e+04  2.340712e+04  9.255120e+02 
2347  3.515732e+04  3.263168e+04  2.525638e+03 
2351  1.664229e+03  1.183075e+03  4.811534e+02 
2356  2.878285e+03  2.241047e+03  6.372382e+02 
2361  6.813026e+04  6.377459e+04  4.355664e+03 
2365  4.116729e+04  3.886128e+04  2.306015e+03 
2370  1.947732e+04  1.763023e+04  1.847089e+03 
2374  3.801618e+04  3.684952e+04  1.166659e+03 
2379  2.759435e+04  2.559835e+04  1.995998e+03 
2384  1.075517e+05  1.054279e+05  2.123724e+03 
2388  2.762902e+04  2.543404e+04  2.194979e+03 
2393  8.299280e+04  7.491205e+04  8.080755e+03 
2398  2.460706e+04  2.229291e+04  2.314151e+03 
2402  3.678807e+04  3.358099e+04  3.207083e+03 
2407  2.789746e+04  2.321790e+04  4.679559e+03 
2412  5.151964e+04  4.641153e+04  5.108105e+03 
2416  8.995293e+03  5.710976e+03  3.284316e+03 
2421  2.040791e+03  1.709474e+03  3.313167e+02 
2426  7.610711e+03  6.708414e+03  9.022978e+02 
2431  3.628484e+04  2.179481e+04  1.449003e+04 
2435  1.195929e+04  8.915970e+03  3.043319e+03 
2440  6.323815e+03  4.538009e+03  1.785806e+03 
2445  1.042807e+04  8.881034e+03  1.547036e+03 
2450  2.364030e+04  1.331504e+04  1.032526e+04 
2454  1.560650e+04  9.434895e+03  6.171606e+03 
2459  1.132790e+04  8.860484e+03  2.467420e+03 
2464  1.482537e+04  1.038542e+04  4.439948e+03 
2469  1.045138e+04  7.699953e+03  2.751421e+03 
2473  2.330065e+04  1.400509e+04  9.295562e+03 
2478  4.878685e+03  4.158025e+03  7.206601e+02 
2483  8.868060e+03  7.857604e+03  1.010456e+03 
2488  6.112941e+03  4.826721e+03  1.286220e+03 
2493  2.884037e+04  2.639891e+04  2.441458e+03 
2498  5.396114e+03  4.547748e+03  8.483664e+02 
2503  5.211181e+03  4.333421e+03  8.777599e+02 
2507  7.188615e+03  4.791620e+03  2.396995e+03 
2512  8.982689e+03  7.878869e+03  1.103821e+03 
2517  5.130800e+03  4.025635e+03  1.105165e+03 
2522  3.864971e+03  2.730679e+03  1.134293e+03 
2527  1.593823e+04  1.392894e+04  2.009297e+03 
2532  3.943217e+03  3.523502e+03  4.197149e+02 
2537  1.167147e+04  8.821044e+03  2.850423e+03 
2542  5.781040e+03  4.813263e+03  9.677774e+02 
2547  8.665532e+03  7.736027e+03  9.295054e+02 
2552  5.702463e+03  4.202258e+03  1.500205e+03 
2557  3.163550e+03  2.552293e+03  6.112567e+02 
2562  3.092247e+04  2.732146e+04  3.601010e+03 
2567  8.275358e+03  6.972891e+03  1.302468e+03 
2572  6.281688e+03  5.035192e+03  1.246497e+03 
2577  6.375071e+03  5.468098e+03  9.069725e+02 
2582  1.197700e+04  9.692560e+03  2.284444e+03 
2587  3.924438e+04  3.824196e+04  1.002411e+03 
2592  1.021458e+04  9.220950e+03  9.936255e+02 
2597  1.065229e+05  1.023052e+05  4.217722e+03 
2602  1.784395e+03  1.479255e+03  3.051401e+02 
2607  4.224173e+04  3.822964e+04  4.012084e+03 
2612  9.804809e+04  8.867935e+04  9.368736e+03 
2617  3.856799e+04  3.614275e+04  2.425243e+03 
2622  3.089788e+04  2.872136e+04  2.176521e+03 
2627  1.715774e+05  1.549145e+05  1.666288e+04 
2632  1.064481e+05  9.766487e+04  8.783245e+03 
2638  1.683742e+03  1.191414e+03  4.923279e+02 
2643  1.851613e+03  1.263143e+03  5.884700e+02 
2648  1.344102e+03  7.404697e+02  6.036321e+02 
2653  1.750528e+03  1.180958e+03  5.695704e+02 
2658  9.830305e+02  6.120209e+02  3.710096e+02 
2663  1.464563e+03  1.208256e+03  2.563068e+02 
2669  2.850042e+03  2.428062e+03  4.219795e+02 
2674  2.925329e+02  1.506773e+02  1.418556e+02 
2679  1.654169e+03  1.299185e+03  3.549844e+02 
2684  2.488578e+03  1.754363e+03  7.342150e+02 
2689  1.546004e+03  8.700285e+02  6.759750e+02 
2695  9.236836e+03  7.918992e+03  1.317844e+03 
2700  6.798906e+02  3.893434e+02  2.905472e+02 
2705  6.414778e+03  4.063479e+03  2.351298e+03 
2710  8.009558e+03  6.808584e+03  1.200974e+03 
2716  3.572063e+04  3.061931e+04  5.101316e+03 
2721  2.221743e+03  1.488143e+03  7.335995e+02 
2726  2.596708e+04  2.259480e+04  3.372276e+03 
2732  2.529565e+04  2.209298e+04  3.202678e+03 
2737  3.665481e+04  3.161606e+04  5.038748e+03 
2742  1.443724e+04  1.212197e+04  2.315266e+03 
2748  6.522418e+04  5.727714e+04  7.947044e+03 
2753  5.415086e+04  4.597107e+04  8.179790e+03 
2758  3.741627e+03  3.349784e+03  3.918430e+02 
2764  1.277529e+04  1.079118e+04  1.984111e+03 
2769  2.096388e+04  1.765154e+04  3.312339e+03 
2774  3.287623e+04  2.940528e+04  3.470951e+03 
2780  3.639917e+03  2.181346e+03  1.458571e+03 
2785  4.255606e+03  2.904063e+03  1.351544e+03 
2791  3.999035e+03  2.508635e+03  1.490400e+03 
2796  1.333861e+03  1.152553e+03  1.813071e+02 
2802  1.598027e+03  1.263035e+03  3.349919e+02 
2807  1.502502e+03  9.916693e+02  5.108332e+02 
2813  9.036094e+02  5.943647e+02  3.092447e+02 
2818  9.332262e+03  4.995882e+03  4.336379e+03 
2823  1.867657e+04  1.062203e+04  8.054533e+03 
2829  1.793943e+04  1.218380e+04  5.755633e+03 
2834  7.797158e+03  6.167013e+03  1.630145e+03 
2840  2.836136e+04  1.485125e+04  1.351012e+04 
2846  4.204289e+04  2.192377e+04  2.011912e+04 
2851  1.260431e+04  6.943993e+03  5.660315e+03 
2857  1.877047e+04  9.849896e+03  8.920573e+03 
2862  1.134724e+04  6.136022e+03  5.211219e+03 
2868  6.403517e+03  4.088512e+03  2.315004e+03 
2873  8.585082e+03  4.638503e+03  3.946578e+03 
2879  1.058656e+04  6.310449e+03  4.276114e+03 
2885  6.383829e+03  4.771826e+03  1.612003e+03 
2890  4.803138e+03  3.724073e+03  1.079065e+03 
2896  2.342992e+03  1.499621e+03  8.433710e+02 
2901  1.005951e+03  6.672316e+02  3.387193e+02 
2907  2.574181e+03  1.751350e+03  8.228309e+02 
2913  2.412515e+02  1.375911e+02  1.036604e+02 
2918  3.037347e+03  2.336514e+03  7.008327e+02 
2924  8.950658e+03  8.182451e+03  7.682076e+02 
2930  4.089665e+02  2.163838e+02  1.925827e+02 
2936  7.625020e+02  4.031219e+02  3.593801e+02 
2941  5.916159e+03  4.953683e+03  9.624755e+02 
2947  6.327448e+03  5.213199e+03  1.114249e+03 
2953  4.738537e+03  4.308059e+03  4.304779e+02 
2958  1.563769e+03  1.311118e+03  2.526505e+02 
2964  7.676445e+03  6.402758e+03  1.273687e+03 
2970  5.225697e+03  4.229605e+03  9.960914e+02 
2976  1.853609e+03  1.344306e+03  5.093032e+02 
2982  2.098874e+04  1.756130e+04  3.427434e+03 
2987  7.477054e+03  6.092340e+03  1.384713e+03 
2993  7.194685e+02  3.713601e+02  3.481084e+02 
2999  1.559242e+03  1.174313e+03  3.849294e+02 
3005  1.069957e+04  8.996264e+03  1.703304e+03 
3011  5.514928e+03  2.879822e+03  2.635106e+03 
3017  4.045760e+03  2.141111e+03  1.904649e+03 
3023  1.704782e+03  8.792557e+02  8.255262e+02 
3028  5.314670e+02  2.838074e+02  2.476596e+02 
3034  4.705687e+03  2.399529e+03  2.306157e+03 
3040  5.931803e+02  3.091249e+02  2.840555e+02 
3046  8.111648e+03  4.350717e+03  3.760932e+03 
3052  5.844183e+03  2.981122e+03  2.863061e+03 
3058  4.826679e+02  2.435301e+02  2.391378e+02 
3064  1.167518e+03  7.219564e+02  4.455612e+02 
3070  6.556297e+03  3.347958e+03  3.208339e+03 
3076  1.663190e+04  8.522991e+03  8.108914e+03 
3082  5.548474e+02  2.945249e+02  2.603225e+02 
3088  2.920366e+02  1.576978e+02  1.343389e+02 
3094  6.409142e+02  5.082330e+02  1.326812e+02 
3100  3.938289e+02  2.026977e+02  1.911312e+02 
3106  1.429186e+03  7.274905e+02  7.016951e+02 
3112  6.442672e+02  3.300454e+02  3.142218e+02 
3118  5.564313e+02  2.869587e+02  2.694726e+02 
3124  2.531254e+01  1.290814e+01  1.240440e+01 
3130  4.147358e+02  2.205321e+02  1.942037e+02 
3136  1.957361e+02  1.012491e+02  9.448699e+01 
3142  1.986589e+03  1.689725e+03  2.968647e+02 
3149  4.256006e+02  2.410018e+02  1.845989e+02 
3155  2.065911e+02  1.108491e+02  9.574207e+01 
3161  9.801109e+03  7.957769e+03  1.843341e+03 
3167  4.388651e+03  3.661071e+03  7.275807e+02 
3173  2.966902e+02  1.513543e+02  1.453360e+02 
3179  2.479501e+03  1.525059e+03  9.544424e+02 
3186  1.070082e+04  9.067354e+03  1.633465e+03 
3192  1.041005e+04  8.607942e+03  1.802105e+03 
3198  1.051435e+04  9.253455e+03  1.260896e+03 
3204  3.897672e+02  2.362516e+02  1.535156e+02 
3210  8.330931e+03  6.992312e+03  1.338618e+03 
3217  1.235198e+02  6.282458e+01  6.069522e+01 
3223  2.197757e+02  1.130734e+02  1.067023e+02 
3229  8.237554e+03  6.825478e+03  1.412077e+03 
3236  1.493910e+03  1.074855e+03  4.190551e+02 
3242  9.220333e+02  6.001924e+02  3.218409e+02 
3248  2.179677e+03  1.369127e+03  8.105494e+02 
3255  6.144289e+03  5.498555e+03  6.457333e+02 
3261  1.338863e+03  1.034854e+03  3.040094e+02 
3267  1.820288e+03  1.381076e+03  4.392120e+02 
3274  3.434633e+02  1.740739e+02  1.693894e+02 
3280  1.790438e+04  1.647914e+04  1.425247e+03 
3286  2.309667e+03  1.872933e+03  4.367333e+02 
3293  2.595208e+03  2.243516e+03  3.516918e+02 
3299  2.799670e+03  2.277014e+03  5.226561e+02 
3306  2.248053e+03  1.926087e+03  3.219664e+02 
3312  2.738652e+03  2.029006e+03  7.096456e+02 
3318  3.621738e+02  1.887027e+02  1.734711e+02 
3325  4.530117e+02  2.666106e+02  1.864011e+02 
3331  5.972413e+01  3.039169e+01  2.933244e+01 
3338  7.642030e+02  4.469641e+02  3.172388e+02 
3344  3.214944e+01  1.642200e+01  1.572745e+01 
3351  1.629308e+01  8.271227e+00  8.021856e+00 
3357  1.351717e+03  7.324361e+02  6.192810e+02 
3364  1.076583e+03  6.266818e+02  4.499014e+02 
3371  1.160552e+03  5.985335e+02  5.620186e+02 
3377  2.940003e+03  1.527229e+03  1.412775e+03 
3384  1.245342e+03  6.706040e+02  5.747377e+02 
3390  1.206664e+03  6.053694e+02  6.012941e+02 
3397  2.422261e+02  1.216958e+02  1.205303e+02 
3403  1.111519e+02  5.639460e+01  5.475728e+01 
3410  1.781240e+02  1.103813e+02  6.774275e+01 
3417  1.614966e+03  1.017244e+03  5.977224e+02 
3423  1.587667e+02  8.047678e+01  7.828996e+01 
3430  3.416748e+02  1.818256e+02  1.598492e+02 
3437  5.550960e+02  3.922261e+02  1.628699e+02 
3443  1.387823e+03  7.242272e+02  6.635958e+02 
3450  1.806588e+03  1.005098e+03  8.014898e+02 
3457  2.174702e+03  1.251716e+03  9.229866e+02 
3464  7.334648e+02  4.456230e+02  2.878419e+02 
3470  2.796585e+02  1.556339e+02  1.240245e+02 
3477  2.926897e+03  1.932520e+03  9.943781e+02 
3484  1.318732e+03  7.012023e+02  6.175301e+02 
3491  7.275144e+02  4.172548e+02  3.102596e+02 
3498  2.174952e+03  1.342279e+03  8.326725e+02 
3504  3.420502e+03  1.818137e+03  1.602365e+03 
3511  5.085290e+01  2.590877e+01  2.494412e+01 
3518  1.423822e+03  7.973258e+02  6.264959e+02 
3525  8.049041e+02  4.097224e+02  3.951817e+02 
3532  1.815308e+03  9.215135e+02  8.937944e+02 
3539  5.410584e+03  2.741727e+03  2.668858e+03 
3545  3.075989e+02  1.553357e+02  1.522632e+02 
3552  3.270407e+02  1.863020e+02  1.407386e+02 
3559  1.291588e+02  6.577130e+01  6.338745e+01 
3566  1.949287e+02  1.001003e+02  9.482840e+01 
3573  4.292965e+01  2.186114e+01  2.106851e+01 
3580  1.096033e+01  5.555035e+00  5.405298e+00 
3587  1.421989e+02  7.215512e+01  7.004383e+01 
3594  3.626145e+01  1.830906e+01  1.795238e+01 
3601  8.012070e+01  4.036791e+01  3.975278e+01 
3608  4.353052e+01  2.198513e+01  2.154539e+01 
3615  7.135484e+01  3.644165e+01  3.491319e+01 
3622  6.464969e+02  3.657351e+02  2.807618e+02 
3629  3.970711e+01  2.027740e+01  1.942971e+01 
3636  7.689374e+01  4.004218e+01  3.685156e+01 
3643  3.745393e+02  2.402985e+02  1.342408e+02 
3651  1.254870e+01  6.333378e+00  6.215324e+00 
3658  5.975148e+02  4.579081e+02  1.396067e+02 
3665  4.228897e+01  2.134300e+01  2.094597e+01 
3672  1.197221e+01  6.041434e+00  5.930777e+00 
3679  3.601806e+01  1.713639e+01  1.888167e+01 
3686  3.903943e+01  1.917514e+01  1.986429e+01 
3693  1.746431e+01  8.815854e+00  8.648454e+00 
3701  6.247552e+01  3.168559e+01  3.078993e+01 
3708  2.968520e+01  1.496784e+01  1.471735e+01 
3715  4.156391e+01  2.118403e+01  2.037988e+01 
3722  2.492274e+02  1.283965e+02  1.208310e+02 
3730  1.157725e+02  5.959669e+01  5.617582e+01 
3737  7.319724e+00  3.689483e+00  3.630241e+00 
3744  1.987813e+02  1.017883e+02  9.699296e+01 
3751  3.093965e+02  1.742072e+02  1.351894e+02 
3759  2.528315e+02  1.325704e+02  1.202611e+02 
3766  2.052024e+03  1.432314e+03  6.197103e+02 
3773  5.730892e+00  3.116209e+00  2.614683e+00 
3781  1.861357e+03  1.103524e+03  7.578334e+02 
3788  2.280360e+02  1.175171e+02  1.105189e+02 
3795  2.718519e+02  1.440572e+02  1.277947e+02 
3803  2.889023e+01  1.459590e+01  1.429433e+01 
3810  1.569435e+02  7.866312e+01  7.828040e+01 
3818  1.339332e+01  6.746004e+00  6.647316e+00 
3825  3.677108e+03  2.650978e+03  1.026130e+03 
3833  1.277994e+02  6.548195e+01  6.231743e+01 
3840  6.596622e+01  3.325804e+01  3.270818e+01 
3847  1.095459e+02  5.593875e+01  5.360719e+01 
3855  3.312582e+00  1.668218e+00  1.644364e+00 
3862  9.707708e+00  4.890010e+00  4.817698e+00 
3870  1.394024e+03  9.244637e+02  4.695604e+02 
3878  2.234322e+01  1.124439e+01  1.109883e+01 
3885  1.070818e+01  5.384631e+00  5.323553e+00 
3893  3.897426e+02  2.024008e+02  1.873418e+02 
3900  1.782769e+01  8.975152e+00  8.852537e+00 
3908  8.267365e+02  4.440437e+02  3.826927e+02 
3915  1.116135e+03  6.894509e+02  4.266840e+02 
3923  1.705005e+01  8.581250e+00  8.468801e+00 
3931  1.496685e+03  9.432040e+02  5.534809e+02 
3938  2.915507e+03  2.340630e+03  5.748770e+02 
3946  1.437496e+03  9.756089e+02  4.618870e+02 
3954  2.075715e+01  1.044157e+01  1.031558e+01 
3961  9.442860e+02  5.184395e+02  4.258465e+02 
3969  2.855900e+03  2.047443e+03  8.084564e+02 
3977  2.987197e+03  2.009621e+03  9.775762e+02 
3985  6.326580e+02  3.577851e+02  2.748729e+02 
3992  2.086087e+02  1.043372e+02  1.042715e+02 
4000  1.856720e+03  1.185870e+03  6.708506e+02 
4008  6.651303e+01  3.345423e+01  3.305880e+01 
4016  5.954710e+01  2.992738e+01  2.961972e+01 
4024  1.666197e+02  8.595081e+01  8.066893e+01 
4031  5.031851e+01  2.528769e+01  2.503082e+01 
4039  9.316482e+00  4.683230e+00  4.633252e+00 
4047  8.431662e+00  4.238572e+00  4.193090e+00 
4055  1.304997e+01  6.578932e+00  6.471039e+00 
4063  3.040775e+02  1.530770e+02  1.510006e+02 
4071  2.339592e+02  1.175333e+02  1.164258e+02 
4079  4.345049e+02  2.210900e+02  2.134149e+02 
4087  4.480072e+02  2.286668e+02  2.193404e+02 
4095  1.851845e+02  9.306401e+01  9.212051e+01 
4103  7.513824e+01  3.790549e+01  3.723275e+01 
4111  1.454424e+02  7.314520e+01  7.229720e+01 
4119  1.553298e+03  8.874179e+02  6.658798e+02 
4127  1.243642e+03  7.174612e+02  5.261808e+02 
4135  6.106404e+02  3.165747e+02  2.940657e+02 
4143  3.346639e+02  1.682311e+02  1.664328e+02 
4151  4.024012e+01  2.021084e+01  2.002929e+01 
4159  2.951486e+02  1.496018e+02  1.455468e+02 
4167  1.115881e+02  5.648407e+01  5.510406e+01 
4175  8.527931e+03  5.252768e+03  3.275163e+03 
4183  2.389468e+02  1.208967e+02  1.180502e+02 
4191  9.361645e+00  4.697420e+00  4.664225e+00 
4200  5.292590e+01  2.657234e+01  2.635356e+01 
4208  2.868408e+02  1.442547e+02  1.425862e+02 
4216  5.110017e+00  2.563960e+00  2.546057e+00 
4224  6.706703e+01  3.365307e+01  3.341397e+01 
4232  4.326279e+03  3.504409e+03  8.218696e+02 
4241  2.564125e+04  1.373346e+04  1.190779e+04 
4249  1.774326e+02  9.076446e+01  8.666812e+01 
4257  1.624801e+03  8.762278e+02  7.485731e+02 
4265  5.667005e+01  2.842024e+01  2.824981e+01 
4274  1.371902e+04  7.285587e+03  6.433434e+03 
4282  1.004987e+01  5.039166e+00  5.010704e+00 
4290  1.969470e+04  1.060370e+04  9.091002e+03 
4299  4.401244e+03  2.933105e+03  1.468139e+03 
4307  3.758008e+03  1.914590e+03  1.843418e+03 
4316  9.140171e+03  4.817133e+03  4.323038e+03 
4324  1.009123e+02  5.045300e+01  5.045932e+01 
4332  2.242098e+03  1.606226e+03  6.358716e+02 
4341  2.271271e+03  1.336689e+03  9.345822e+02 
4349  1.414262e+04  7.961666e+03  6.180949e+03 
4358  2.269079e+04  1.189751e+04  1.079328e+04 
4366  1.236659e+03  6.581278e+02  5.785316e+02 
4375  7.096309e+03  4.559839e+03  2.536469e+03 
4383  5.519462e+03  3.377667e+03  2.141795e+03 
4392  5.168686e+00  2.590113e+00  2.578573e+00 
4400  1.932210e+03  1.232146e+03  7.000645e+02 
4409  5.069706e+03  3.749749e+03  1.319957e+03 
4418  1.678902e+04  9.063013e+03  7.726004e+03 
4426  1.012425e+01  5.073346e+00  5.050907e+00 
4435  2.262202e+03  1.205371e+03  1.056831e+03 
4443  4.174849e+01  2.091893e+01  2.082956e+01 
4452  7.464455e+03  3.843833e+03  3.620622e+03 
4461  2.614439e+03  1.324035e+03  1.290404e+03 
4469  3.681426e+03  2.306552e+03  1.374874e+03 
4478  3.742761e+03  1.903799e+03  1.838962e+03 
4487  8.058153e+03  5.117175e+03  2.940978e+03 
4496  6.407354e+02  3.214950e+02  3.192404e+02 
4504  2.069323e+03  1.502867e+03  5.664554e+02 
4513  3.901066e+03  2.329887e+03  1.571179e+03 
4522  5.551923e+03  3.963929e+03  1.587994e+03 
4531  2.368744e+03  1.307023e+03  1.061721e+03 
4540  2.058037e+03  1.442749e+03  6.152881e+02 
4548  2.812365e+03  2.195880e+03  6.164846e+02 
4557  2.954941e+03  1.870763e+03  1.084178e+03 
4566  5.482063e+00  2.743504e+00  2.738559e+00 
4575  2.810552e+03  2.014643e+03  7.959081e+02 
4584  6.135022e+03  4.253627e+03  1.881395e+03 
4593  1.545736e+03  8.685490e+02  6.771870e+02 
4602  1.903047e+02  9.530995e+01  9.499478e+01 
4611  9.633253e+00  4.824973e+00  4.808281e+00 
4620  2.697280e+03  1.944680e+03  7.525997e+02 
4629  9.138832e+03  5.773764e+03  3.365068e+03 
4638  1.556986e+03  7.841694e+02  7.728169e+02 
4647  1.584171e+03  8.828547e+02  7.013160e+02 
4656  1.383981e+02  7.005801e+01  6.834008e+01 
4665  4.265890e+03  2.411242e+03  1.854648e+03 
4674  3.673505e+02  1.889554e+02  1.783950e+02 
4683  7.780294e+02  3.903213e+02  3.877081e+02 
4692  2.518981e+00  1.259982e+00  1.258999e+00 
4701  7.335193e+01  3.669534e+01  3.665660e+01 
4711  3.596346e+01  1.750091e+01  1.846255e+01 
4720  6.518057e+02  3.269104e+02  3.248953e+02 
4729  3.916403e+03  1.987219e+03  1.929184e+03 
4738  2.560059e+02  1.299473e+02  1.260586e+02 
4747  4.880105e+02  2.442110e+02  2.437994e+02 
4757  1.804564e+01  9.019341e+00  9.026295e+00 
4766  1.741342e+00  8.706712e-01  8.706707e-01 
4775  3.223282e+03  1.628637e+03  1.594645e+03 
4784  3.157399e+00  1.578717e+00  1.578683e+00 
4794  4.815744e+02  2.411882e+02  2.403862e+02 
4803  1.247853e+01  6.239443e+00  6.239088e+00 
4813  6.909687e+03  3.528499e+03  3.381188e+03 
4822  4.165417e+03  2.131343e+03  2.034074e+03 
4831  5.929143e+02  3.006879e+02  2.922263e+02 
4841  4.911017e+02  2.528849e+02  2.382168e+02 
4850  4.929499e+02  2.473059e+02  2.456440e+02 
4860  8.368773e+01  4.202067e+01  4.166706e+01 
4869  1.339411e+03  6.795073e+02  6.599042e+02 
4879  4.016103e+03  2.034150e+03  1.981953e+03 
4888  4.983973e+03  2.531030e+03  2.452942e+03 
4898  9.801389e+02  4.912242e+02  4.889147e+02 
4907  5.609149e+03  2.839513e+03  2.769636e+03 
4917  1.820028e+00  9.100043e-01  9.100240e-01 
4926  4.850404e+03  3.699025e+03  1.151380e+03 
4936  1.960899e+01  9.804497e+00  9.804496e+00 
4945  7.837751e+03  4.004662e+03  3.833089e+03 
4955  3.044189e+03  1.534470e+03  1.509719e+03 
4965  1.487135e+01  7.435990e+00  7.435361e+00 
4974  3.320192e+03  1.676510e+03  1.643682e+03 
4984  1.574890e+01  7.874450e+00  7.874446e+00 
4994  5.792088e+02  2.960114e+02  2.831974e+02 
5004  5.980930e+03  3.035034e+03  2.945896e+03 
5013  6.588290e+03  5.197385e+03  1.390905e+03 
5023  2.942939e+03  1.484593e+03  1.458345e+03 
5033  2.143844e+01  1.072350e+01  1.071493e+01 
5043  3.346459e+03  1.682437e+03  1.664023e+03 
5052  5.521561e+03  2.801588e+03  2.719973e+03 
5062  3.499122e+02  1.750939e+02  1.748183e+02 
5072  1.420822e+04  7.304803e+03  6.903416e+03 
5082  1.127730e+02  5.652787e+01  5.624516e+01 
5092  6.871449e+00  3.436707e+00  3.434741e+00 
5102  2.830672e+02  1.433793e+02  1.396879e+02 
5112  1.083823e+04  5.524150e+03  5.314080e+03 
5122  1.704342e+02  8.578410e+01  8.465013e+01 
5132  6.117754e+02  3.087433e+02  3.030321e+02 
5142  3.639408e+02  1.856273e+02  1.783134e+02 
5152  4.443323e+02  2.244861e+02  2.198461e+02 
5162  4.927252e+04  2.645244e+04  2.282008e+04 
5172  1.251370e+04  9.282782e+03  3.230921e+03 
5182  7.492575e+03  3.786333e+03  3.706242e+03 
5192  2.314663e+01  1.160916e+01  1.153747e+01 
5202  5.499738e+03  3.696102e+03  1.803635e+03 
5212  2.212038e+00  1.106019e+00  1.106019e+00 
5222  1.377831e+03  6.915077e+02  6.863237e+02 
5233  5.257197e+03  3.754976e+03  1.502221e+03 
5243  7.090611e+01  3.553506e+01  3.537105e+01 
5253  4.402730e+03  2.457194e+03  1.945536e+03 
5263  2.794527e+04  1.470966e+04  1.323562e+04 
5273  2.378999e+04  1.329530e+04  1.049470e+04 
5284  5.472826e+03  4.089743e+03  1.383083e+03 
5294  1.795067e+03  9.021423e+02  8.929247e+02 
5304  1.309085e+01  6.545412e+00  6.545436e+00 
5315  1.073306e+04  7.863100e+03  2.869958e+03 
5325  3.327037e+03  1.838606e+03  1.488431e+03 
5335  1.276223e+04  6.550141e+03  6.212092e+03 
5346  1.506845e+03  7.561494e+02  7.506958e+02 
5356  1.588109e+01  7.940550e+00  7.940543e+00 
5367  2.151619e+03  1.173077e+03  9.785416e+02 
5377  1.299227e+04  6.672272e+03  6.319995e+03 
5388  7.134625e+01  3.567315e+01  3.567311e+01 
5398  1.875545e+01  9.371544e+00  9.383909e+00 
5409  1.953311e+03  9.817230e+02  9.715884e+02 
5419  1.122711e+01  5.613554e+00  5.613553e+00 
5430  9.407487e+03  4.928082e+03  4.479406e+03 
5440  1.058392e+02  5.293048e+01  5.290870e+01 
5451  5.626455e+01  2.805003e+01  2.821451e+01 
5461  1.258081e+01  6.390720e+00  6.190087e+00 
5472  4.981983e+02  2.496234e+02  2.485748e+02 
5483  3.341938e+01  1.670968e+01  1.670970e+01 
5493  9.007942e+02  4.513914e+02  4.494029e+02 
5504  1.350047e+01  6.750528e+00  6.749948e+00 
5515  2.115994e+01  1.058021e+01  1.057974e+01 
5526  3.332121e+03  1.679059e+03  1.653062e+03 
5536  7.265885e+02  3.668322e+02  3.597563e+02 
5547  5.819372e+02  2.912684e+02  2.906688e+02 
5558  1.020338e+03  5.113688e+02  5.089695e+02 
5569  7.174352e+01  3.586684e+01  3.587667e+01 
5580  3.968897e+02  1.985385e+02  1.983512e+02 
5590  2.997734e+02  1.499023e+02  1.498711e+02 
5601  1.529898e+01  7.656017e+00  7.642968e+00 
5612  3.137933e+02  1.569505e+02  1.568427e+02 
5623  6.337911e+02  3.192042e+02  3.145869e+02 
5634  5.857533e+00  2.928750e+00  2.928783e+00 
5645  5.071134e+02  2.536063e+02  2.535071e+02 
5656  1.164575e+03  5.878510e+02  5.767244e+02 
5667  1.126896e+02  5.634534e+01  5.634424e+01 
5678  4.351487e+02  2.177026e+02  2.174462e+02 
5689  4.194965e+02  2.097484e+02  2.097481e+02 
5700  6.444661e+00  3.222341e+00  3.222320e+00 
5711  1.051660e+02  5.258298e+01  5.258297e+01 
5723  5.294890e+02  2.652234e+02  2.642656e+02 
5734  1.748149e+02  8.758545e+01  8.722943e+01 
5745  7.620268e+02  3.813300e+02  3.806968e+02 
5756  5.257875e+01  2.629015e+01  2.628861e+01 
5767  2.326748e+01  1.163377e+01  1.163370e+01 
5779  1.697112e+02  8.504475e+01  8.466645e+01 
5790  1.341709e+01  6.708945e+00  6.708143e+00 
5801  1.162999e+02  5.815497e+01  5.814492e+01 
5812  1.051037e+02  5.267187e+01  5.243178e+01 
5824  3.018758e+01  1.509587e+01  1.509171e+01 
5835  6.563752e+02  3.281373e+02  3.282380e+02 
5846  9.015340e+01  4.507957e+01  4.507382e+01 
5858  1.006838e+02  5.059876e+01  5.008506e+01 
5869  7.019738e+02  3.514290e+02  3.505448e+02 
5881  4.798137e+00  2.398258e+00  2.399879e+00 
5892  1.132489e+01  5.846518e+00  5.478377e+00 
5904  1.509096e+02  7.547408e+01  7.543555e+01 
5915  4.981133e+02  2.490590e+02  2.490544e+02 
5927  3.615659e+02  1.813098e+02  1.802561e+02 
5938  1.407017e+00  7.035086e-01  7.035086e-01 
5950  1.462431e+02  7.353334e+01  7.270978e+01 
5961  3.953446e+01  1.976723e+01  1.976723e+01 
5973  2.103206e+01  1.051562e+01  1.051644e+01 
5985  1.456492e+02  7.283464e+01  7.281461e+01 
5996  1.714517e+03  8.828840e+02  8.316326e+02 
6008  5.536404e+01  2.768204e+01  2.768200e+01 
6020  1.960544e+02  9.820809e+01  9.784631e+01 
6031  9.500807e+00  4.750403e+00  4.750403e+00 
6043  1.288520e+03  6.456592e+02  6.428608e+02 
6055  2.588586e+02  1.294285e+02  1.294301e+02 
6067  1.573551e+01  7.865866e+00  7.869640e+00 
6078  7.297430e+02  3.692116e+02  3.605313e+02 
6090  4.703303e+01  2.351653e+01  2.351649e+01 
6102  1.096532e+02  5.464531e+01  5.500794e+01 
6114  4.818764e+02  2.424455e+02  2.394309e+02 
6126  2.282580e+02  1.147330e+02  1.135250e+02 
6138  5.388055e+01  2.698162e+01  2.689892e+01 
6150  3.891973e+03  2.129877e+03  1.762096e+03 
6162  3.703062e+01  1.851234e+01  1.851828e+01 
6174  3.608564e+02  1.804390e+02  1.804174e+02 
6186  6.327241e+02  3.164848e+02  3.162393e+02 
6198  1.136648e+02  5.683485e+01  5.682999e+01 
6210  3.414037e+00  1.706648e+00  1.707389e+00 
6222  3.743222e+01  1.874813e+01  1.868410e+01 
6234  3.707262e+03  2.010949e+03  1.696313e+03 
6246  3.540455e+03  2.080350e+03  1.460104e+03 
6259  1.123316e+02  5.617432e+01  5.615725e+01 
6271  9.219865e+01  4.610457e+01  4.609408e+01 
6283  6.476138e+01  3.246967e+01  3.229171e+01 
6295  1.630678e+01  8.189577e+00  8.117207e+00 
6307  3.047808e+02  1.520813e+02  1.526995e+02 
6320  1.427464e+03  7.144705e+02  7.129936e+02 
6332  1.172926e+02  5.862011e+01  5.867248e+01 
6344  2.304000e+02  1.151996e+02  1.152003e+02 
6357  1.915499e+02  9.579369e+01  9.575620e+01 
6369  9.191058e+02  4.707246e+02  4.483812e+02 
6381  9.638021e+02  4.820609e+02  4.817412e+02 
6394  6.344991e+01  3.172854e+01  3.172137e+01 
6406  7.097319e+02  3.591577e+02  3.505743e+02 
6419  3.531041e+03  1.893841e+03  1.637200e+03 
6431  2.163914e+03  1.170705e+03  9.932092e+02 
6444  7.285615e+02  3.645547e+02  3.640068e+02 
6456  6.023085e+03  3.663320e+03  2.359765e+03 
6469  4.108878e+02  2.055041e+02  2.053837e+02 
6482  2.908889e+02  1.450153e+02  1.458736e+02 
6494  6.321987e+02  3.161402e+02  3.160584e+02 
6507  2.367708e+02  1.183976e+02  1.183732e+02 
6520  4.505497e+03  2.541868e+03  1.963628e+03 
6532  1.751459e+02  8.757313e+01  8.757281e+01 
6545  1.070835e+01  5.354206e+00  5.354139e+00 
6558  5.518715e+02  2.715692e+02  2.803024e+02 
6571  2.337807e+02  1.168325e+02  1.169483e+02 
6583  2.848258e+02  1.424223e+02  1.424036e+02 
6596  2.947715e+01  1.473862e+01  1.473853e+01 
6609  9.031583e+01  4.515696e+01  4.515886e+01 
6622  3.041602e+02  1.520819e+02  1.520782e+02 
6635  2.439775e+00  1.219887e+00  1.219887e+00 
6648  2.335008e+02  1.167487e+02  1.167522e+02 
6661  9.362615e+01  4.681321e+01  4.681295e+01 
6674  3.849594e+01  1.924634e+01  1.924959e+01 
6687  1.328058e+02  6.640376e+01  6.640201e+01 
6700  1.102421e+02  5.512676e+01  5.511535e+01 
6713  4.485343e+00  2.242058e+00  2.243285e+00 
6726  9.551218e+01  4.776014e+01  4.775204e+01 
6739  6.991634e-01  3.495817e-01  3.495817e-01 
6752  1.843801e+01  9.219064e+00  9.218947e+00 
6765  3.708613e+01  1.854327e+01  1.854286e+01 
6778  6.420137e+01  3.210073e+01  3.210064e+01 
6792  4.449628e+00  2.224819e+00  2.224809e+00 
6805  1.261980e+02  6.310944e+01  6.308854e+01 
6818  4.615425e+01  2.307713e+01  2.307712e+01 
6831  3.177217e+01  1.588566e+01  1.588651e+01 
6845  2.351253e+00  1.175626e+00  1.175626e+00 
6858  9.230463e+01  4.615233e+01  4.615230e+01 
6871  7.631196e+02  3.818194e+02  3.813002e+02 
6885  4.527129e+00  2.263570e+00  2.263559e+00 
6898  2.438347e+02  1.219643e+02  1.218704e+02 
6912  4.550921e+01  2.274877e+01  2.276044e+01 
6925  2.781890e+01  1.390910e+01  1.390980e+01 
6938  3.429480e+02  1.715130e+02  1.714350e+02 
6952  8.870764e+00  4.435587e+00  4.435177e+00 
6966  7.453281e+01  3.726987e+01  3.726293e+01 
6979  8.456264e+00  4.228142e+00  4.228122e+00 
6993  2.781658e+01  1.390830e+01  1.390828e+01 
