1000.97394    7.9010e-18    1.0377e-17    3.8174e-19
1002.92358    2.8341e-18    3.7153e-18    1.5752e-19
1004.87708    3.9641e-18    5.2036e-18    1.9947e-19
1006.83441    2.5409e-18    3.3131e-18    1.9579e-19
1008.79553    4.5853e-18    6.0239e-18    2.1604e-19
1010.76050    3.0512e-19    3.9928e-19    1.9137e-20
1012.72925    1.7841e-18    2.3488e-18    6.8996e-20
1014.70178    3.4931e-18    4.6049e-18    1.1653e-19
1016.67822    4.4992e-18    5.9125e-18    2.0673e-19
1018.65857    2.6609e-18    3.5099e-18    8.2683e-20
1020.64270    4.0290e-18    5.2988e-18    1.7251e-19
1022.63074    4.1550e-18    5.4776e-18    1.3818e-19
1024.62256    1.3012e-18    1.7123e-18    5.2539e-20
1026.61841    7.9118e-19    1.0376e-18    4.2675e-20
1028.61792    1.9356e-18    2.5420e-18    9.3572e-20
1030.62158    3.8449e-18    5.0581e-18    1.6025e-19
1032.62891    2.7680e-18    3.5768e-18    3.1155e-19
1034.64038    6.2690e-18    8.1955e-18    4.1788e-19
1036.65564    3.8867e-18    5.0782e-18    2.6805e-19
1038.67480    2.3808e-18    3.1211e-18    1.3241e-19
1040.69800    5.3993e-18    7.0887e-18    2.6849e-19
1042.72510    4.7681e-18    6.2531e-18    2.5827e-19
1044.75610    4.5606e-18    6.0038e-18    1.7740e-19
1046.79102    3.7376e-18    4.9115e-18    1.7247e-19
1048.83008    1.1688e-18    1.5169e-18    1.1156e-19
1050.87292    5.3813e-18    7.0485e-18    3.1785e-19
1052.91980    4.4991e-18    5.8698e-18    3.3614e-19
1054.97070    1.2278e-17    1.6180e-17    4.2881e-19
1057.02563    8.2011e-18    1.0765e-17    4.1333e-19
1059.08447    1.0301e-17    1.3436e-17    7.7849e-19
1061.14734    2.6757e-17    3.5073e-17    1.4990e-18
1063.21436    2.4825e-17    3.2657e-17    1.0378e-18
1065.28516    1.1251e-17    1.4698e-17    7.8186e-19
1067.36011    2.6133e-17    3.3728e-17    3.0679e-18
1069.43921    1.6870e-17    2.1911e-17    1.5581e-18
1071.52222    2.1204e-17    2.7315e-17    2.6459e-18
1073.60938    6.1679e-17    7.8839e-17    9.5614e-18
1075.70056    3.8989e-17    5.0436e-17    4.2257e-18
1077.79590    3.1295e-17    4.0515e-17    3.2920e-18
1079.89514    5.7789e-18    7.4984e-18    5.5672e-19
1081.99854    8.7278e-18    1.1520e-17    2.4886e-19
1084.10608    1.5804e-17    2.0764e-17    7.3879e-19
1086.21777    7.4992e-18    9.7877e-18    5.4876e-19
1088.33350    1.8385e-17    2.4116e-17    9.7907e-19
1090.45337    2.5160e-17    3.3078e-17    1.1151e-18
1092.57727    1.5164e-17    1.9771e-17    1.1728e-18
1094.70532    1.9342e-17    2.5318e-17    1.1931e-18
1096.83765    2.0609e-17    2.7133e-17    7.9422e-19
1098.97412    2.5861e-17    3.4006e-17    1.1236e-18
1101.11475    1.6407e-17    2.1582e-17    6.8906e-19
1103.25952    1.1769e-17    1.5392e-17    7.6329e-19
1105.40845    1.8305e-17    2.4025e-17    9.3324e-19
1107.56152    2.7539e-17    3.6081e-17    1.5962e-18
1109.71887    2.0461e-17    2.6629e-17    1.7290e-18
1111.88037    5.1770e-17    6.8280e-17    1.6250e-18
1114.04614    8.3715e-17    1.1038e-16    2.7211e-18
1116.21606    2.8522e-17    3.7522e-17    1.1877e-18
1118.39014    7.4521e-18    9.7092e-18    5.9719e-19
1120.56860    1.0564e-17    1.3840e-17    6.1304e-19
1122.75122    1.6465e-17    2.1411e-17    1.4442e-18
1124.93811    2.1531e-17    2.8170e-17    1.3687e-18
1127.12927    4.0255e-17    5.2473e-17    3.1461e-18
1129.32471    2.8779e-17    3.7827e-17    1.2999e-18
1131.52441    3.1675e-17    4.1705e-17    1.2144e-18
1133.72839    5.9491e-17    7.8758e-17    9.7633e-19
1135.93665    1.4653e-17    1.9206e-17    8.2728e-19
1138.14917    1.4091e-17    1.8487e-17    7.4140e-19
1140.36621    2.5445e-17    3.3433e-17    1.1865e-18
1142.58740    3.4677e-17    4.5739e-17    1.0830e-18
1144.81299    1.3184e-16    1.7292e-16    7.0632e-18
1147.04272    8.3650e-17    1.0856e-16    7.9822e-18
1149.27698    7.7713e-17    1.0127e-16    6.1596e-18
1151.51562    6.6122e-17    8.5415e-17    7.5250e-18
1153.75854    5.7322e-17    7.5059e-17    3.4506e-18
1156.00586    2.8646e-17    3.7578e-17    1.5209e-18
1158.25745    5.1712e-17    6.7679e-17    3.2169e-18
1160.51355    5.8694e-17    7.6590e-17    4.3414e-18
1162.77393    3.9709e-17    5.2108e-17    2.0519e-18
1165.03882    5.2657e-17    6.9101e-17    2.7143e-18
1167.30811    6.5456e-17    8.5597e-17    4.2837e-18
1169.58179    6.3073e-17    8.2418e-17    4.3205e-18
1171.85986    6.3485e-17    8.3176e-17    3.6809e-18
1174.14246    8.2538e-17    1.0777e-16    5.8935e-18
1176.42944    5.0574e-17    6.5662e-17    4.7487e-18
1178.72095    2.4287e-17    3.1864e-17    1.2752e-18
1181.01685    3.9918e-17    5.2508e-17    1.6841e-18
1183.31714    3.6024e-17    4.7253e-17    1.9188e-18
1185.62207    4.9291e-17    6.4322e-17    3.6396e-18
1187.93140    7.1699e-17    9.3372e-17    5.8727e-18
1190.24536    3.9913e-17    5.2331e-17    2.1987e-18
1192.56372    6.1753e-17    8.0632e-17    4.4147e-18
1194.88647    2.7633e-17    3.5986e-17    2.2663e-18
1197.21387    1.1572e-16    1.4474e-16    2.7561e-17
1199.54590    7.7769e-17    8.6962e-17    4.9848e-17
1201.88232    2.4107e-17    2.7620e-17    1.3435e-17
1204.22339    1.1493e-17    1.5123e-17    4.6959e-19
1206.56897    1.7394e-17    2.2798e-17    9.8111e-19
1208.91919    2.0601e-16    2.7280e-16    3.1611e-18
1211.27393    2.9721e-17    3.8894e-17    1.8610e-18
1213.63330    2.7954e-17    3.6619e-17    1.6389e-18
1215.99719    3.5536e-17    4.4663e-17    7.8176e-18
1218.36572    2.2518e-17    2.9341e-17    1.7987e-18
1220.73877    4.5127e-16    5.9893e-16    2.8058e-18
1223.11658    1.6346e-17    2.1300e-17    1.3009e-18
1225.49902    2.2769e-17    2.9921e-17    1.0498e-18
1227.88599    2.6792e-17    3.5271e-17    1.0405e-18
1230.27771    1.6228e-17    2.1344e-17    6.9315e-19
1232.67407    4.3005e-17    5.6517e-17    1.9667e-18
1235.07507    3.4946e-17    4.5980e-17    1.4366e-18
1237.48071    3.1600e-17    4.1593e-17    1.2498e-18
1239.89111    2.6467e-17    3.4722e-17    1.3951e-18
1242.30615    3.9762e-17    5.1752e-17    3.3469e-18
1244.72595    2.6703e-17    3.5067e-17    1.3000e-18
1247.15039    2.2131e-17    2.9119e-17    9.0479e-19
1249.57959    2.0108e-17    2.6158e-17    1.7336e-18
1252.01355    2.6422e-17    3.4683e-17    1.3311e-18
1254.45215    3.0581e-17    4.0141e-17    1.5441e-18
1256.89563    4.2732e-17    5.4651e-17    6.5308e-18
1259.34375    5.2048e-17    6.7323e-17    5.6537e-18
1261.79675    4.8366e-17    6.2455e-17    5.5747e-18
1264.25452    3.4949e-17    3.7737e-17    2.6482e-17
1266.71704    8.8922e-17    8.9680e-17    8.6617e-17
1269.18433    2.2559e-17    2.7107e-17    8.7451e-18
1271.65649    4.9796e-17    6.0337e-17    1.7779e-17
1274.13342    3.4620e-17    4.4786e-17    3.7434e-18
1276.61523    3.5938e-17    4.4934e-17    8.6166e-18
1279.10181    3.9616e-17    5.1800e-17    2.6122e-18
1281.59326    2.5509e-17    3.3177e-17    2.2192e-18
1284.08960    3.2389e-17    4.1949e-17    3.3530e-18
1286.59070    2.9117e-17    3.7343e-17    4.1346e-18
1289.09668    5.9245e-17    7.1428e-17    2.2245e-17
1291.60767    3.7516e-17    4.5668e-17    1.2758e-17
1294.12341    2.5798e-17    3.3488e-17    2.4426e-18
1296.64404    8.2439e-17    1.0736e-16    6.7451e-18
1299.16968    8.3849e-17    1.0907e-16    7.2590e-18
1301.70020    5.3722e-17    6.9624e-17    5.4258e-18
1304.23572    6.4150e-17    8.3323e-17    5.9217e-18
1306.77612    4.5370e-17    5.8599e-17    5.1937e-18
1309.32141    2.1839e-17    2.8220e-17    2.4570e-18
1311.87183    2.5315e-17    3.2564e-17    3.3004e-18
1314.42700    3.3077e-17    4.2622e-17    4.0869e-18
1316.98730    3.5837e-17    4.6219e-17    4.3067e-18
1319.55249    4.3433e-17    5.6049e-17    5.1152e-18
1322.12280    4.0286e-17    5.2017e-17    4.6567e-18
1324.69800    4.5762e-17    5.8968e-17    5.6563e-18
1327.27820    3.7744e-17    4.8947e-17    3.7222e-18
1329.86353    3.1780e-17    4.1057e-17    3.6052e-18
1332.45386    4.4486e-17    5.6629e-17    7.6055e-18
1335.04919    2.4504e-17    3.1311e-17    3.8336e-18
1337.64966    2.2376e-17    2.8662e-17    3.2833e-18
1340.25513    4.7053e-17    5.5893e-17    2.0205e-17
1342.86560    1.5654e-17    1.9634e-17    3.5666e-18
1345.48120    3.0134e-17    3.5063e-17    1.5166e-17
1348.10205    8.8755e-18    1.0942e-17    2.6006e-18
1350.72778    3.3849e-17    4.3037e-17    5.9427e-18
1353.35876    4.0182e-17    4.8927e-17    1.3626e-17
1355.99487    2.9677e-17    3.7901e-17    4.7005e-18
1358.63611    2.9242e-17    3.6035e-17    8.6104e-18
1361.28247    5.5393e-17    7.0214e-17    1.0379e-17
1363.93396    3.0905e-17    3.8649e-17    7.3850e-18
1366.59058    4.1070e-17    4.9211e-17    1.6344e-17
1369.25244    3.7509e-17    4.7653e-17    6.7006e-18
1371.91956    4.6239e-17    5.7316e-17    1.2594e-17
1374.59180    6.9485e-17    8.8981e-17    1.0273e-17
1377.26929    4.9751e-17    6.3351e-17    8.4463e-18
1379.95190    4.5316e-17    5.7464e-17    8.4220e-18
1382.63965    4.7325e-17    6.0003e-17    8.8177e-18
1385.33276    3.7616e-17    4.7721e-17    6.9241e-18
1388.03125    4.7564e-17    5.6849e-17    1.9365e-17
1390.73486    2.4136e-17    2.9688e-17    7.2741e-18
1393.44360    3.2702e-17    4.0084e-17    1.0279e-17
1396.15784    3.9289e-17    4.9063e-17    9.6021e-18
1398.87720    8.2287e-17    1.0332e-16    1.8407e-17
1401.60205    4.5290e-17    5.6486e-17    1.1284e-17
1404.33203    3.8069e-17    4.8257e-17    7.1276e-18
1407.06738    2.6977e-17    3.3191e-17    8.1033e-18
1409.80811    2.7974e-17    3.4139e-17    9.2499e-18
1412.55420    3.2971e-17    4.0227e-17    1.0931e-17
1415.30554    6.3802e-17    7.9504e-17    1.6114e-17
1418.06213    5.5094e-17    6.9786e-17    1.0474e-17
1420.82446    2.8735e-17    3.5423e-17    8.4208e-18
1423.59180    3.9042e-17    4.8156e-17    1.1362e-17
1426.36475    1.6702e-17    1.9862e-17    7.1028e-18
1429.14307    3.1881e-17    4.0175e-17    6.6894e-18
1431.92676    4.9630e-17    6.1483e-17    1.3629e-17
1434.71582    3.1254e-17    3.7434e-17    1.2485e-17
1437.51038    3.8428e-17    4.8982e-17    6.3743e-18
1440.31030    2.9615e-17    3.7191e-17    6.6069e-18
1443.11572    3.4442e-17    4.2054e-17    1.1325e-17
1445.92676    1.8277e-17    2.2150e-17    6.5136e-18
1448.74316    2.0404e-17    2.4533e-17    7.8640e-18
1451.56494    6.4472e-17    8.1600e-17    1.2452e-17
1454.39233    2.0556e-17    2.5365e-17    5.9501e-18
1457.22522    1.9083e-17    2.3648e-17    5.2184e-18
1460.06360    1.6639e-17    1.9399e-17    8.2557e-18
1462.90747    2.6892e-17    3.3383e-17    7.1782e-18
1465.75696    1.4817e-17    1.8197e-17    4.5510e-18
1468.61206    2.0971e-17    2.4414e-17    1.0513e-17
1471.47253    2.5966e-17    3.1514e-17    9.1183e-18
1474.33862    6.8696e-17    8.5764e-17    1.6859e-17
1477.21045    5.9614e-17    7.4390e-17    1.4737e-17
1480.08777    2.1303e-17    2.6010e-17    7.0080e-18
1482.97058    4.3840e-17    5.4749e-17    1.0707e-17
1485.85913    3.8142e-17    4.6589e-17    1.2487e-17
1488.75342    5.1016e-17    6.4388e-17    1.0405e-17
1491.65332    4.8557e-17    6.1278e-17    9.9217e-18
1494.55859    4.6039e-17    5.6165e-17    1.5288e-17
1497.46985    1.4929e-17    1.6971e-17    8.7258e-18
1500.38647    1.4421e-17    1.6347e-17    8.5722e-18
1503.30896    2.5626e-17    3.0424e-17    1.1053e-17
1506.23706    3.4207e-17    4.0127e-17    1.6228e-17
1509.17090    2.7937e-17    3.4608e-17    7.6786e-18
1512.11060    3.7950e-17    4.5200e-17    1.5933e-17
1515.05591    1.9944e-17    2.3760e-17    8.3541e-18
1518.00684    6.6059e-18    6.9985e-18    5.4138e-18
1520.96362    2.9798e-17    3.3538e-17    1.8439e-17
1523.92627    2.7833e-17    3.2043e-17    1.5048e-17
1526.89453    3.6172e-17    4.3255e-17    1.4659e-17
1529.86865    8.8083e-18    9.1063e-18    7.9035e-18
1532.84839    1.7083e-17    1.9843e-17    8.6993e-18
1535.83411    1.1500e-17    1.3423e-17    5.6600e-18
1538.82568    1.3883e-17    1.5223e-17    9.8140e-18
1541.82300    1.5039e-17    1.6638e-17    1.0183e-17
1544.82617    1.0581e-17    1.1840e-17    6.7568e-18
1547.83521    2.9822e-17    3.4272e-17    1.6306e-17
1550.85010    5.8535e-17    6.4807e-17    3.9487e-17
1553.87085    1.8035e-17    2.0427e-17    1.0768e-17
1556.89746    3.3063e-17    3.6007e-17    2.4119e-17
1559.92993    3.2859e-17    3.3563e-17    3.0720e-17
1562.96863    2.9119e-17    3.1060e-17    2.3222e-17
1566.01282    1.2987e-17    1.3398e-17    1.1737e-17
1569.06311    4.6081e-17    4.8629e-17    3.8344e-17
1572.11938    4.9528e-17    5.0035e-17    4.7989e-17
1575.18152    5.1873e-17    5.3670e-17    4.6414e-17
1578.24963    6.3130e-17    6.5138e-17    5.7031e-17
1581.32373    5.3837e-17    5.2420e-17    5.8142e-17
1584.40381    2.0309e-17    2.1683e-17    1.6139e-17
1587.48999    3.2841e-17    3.2406e-17    3.4159e-17
1590.58215    1.5277e-17    1.5492e-17    1.4625e-17
1593.68018    3.8555e-17    3.9595e-17    3.5399e-17
1596.78442    3.1234e-17    3.1074e-17    3.1721e-17
1599.89465    2.5356e-17    2.5752e-17    2.4151e-17
1603.01086    2.5332e-17    2.5118e-17    2.5979e-17
1606.13330    3.4549e-17    3.7095e-17    2.6816e-17
1609.26172    1.9085e-17    2.1860e-17    1.0655e-17
1612.39636    2.6203e-17    2.9608e-17    1.5862e-17
1615.53674    4.1316e-18    3.8096e-18    5.1098e-18
1618.68347    3.9420e-17    3.8600e-17    4.1911e-17
1621.83630    7.7348e-17    7.2708e-17    9.1443e-17
1624.99548    4.2124e-17    4.1273e-17    4.4707e-17
1628.16064    9.3753e-17    8.5858e-17    1.1773e-16
1631.33203    4.8777e-17    4.6066e-17    5.7011e-17
1634.50952    7.5659e-17    7.4308e-17    7.9762e-17
1637.69312    6.6294e-17    6.3403e-17    7.5075e-17
1640.88306    9.2835e-17    1.0137e-16    6.6911e-17
1644.07922    3.0444e-17    3.2361e-17    2.4621e-17
1647.28162    3.3621e-17    3.5221e-17    2.8761e-17
1650.49023    4.9649e-17    4.9505e-17    5.0087e-17
1653.70496    4.9180e-17    5.1447e-17    4.2297e-17
1656.92603    6.0028e-17    7.4338e-17    1.6566e-17
1660.15369    2.2762e-17    2.2902e-17    2.2336e-17
1663.38721    2.1790e-17    2.5397e-17    1.0835e-17
1666.62720    1.0538e-17    1.0573e-17    1.0432e-17
1669.87317    1.0334e-17    1.0920e-17    8.5543e-18
1673.12585    1.6257e-17    1.7002e-17    1.3994e-17
1676.38489    3.3759e-17    3.4493e-17    3.1531e-17
1679.65027    2.7561e-17    2.6926e-17    2.9490e-17
1682.92188    1.8470e-17    1.8684e-17    1.7820e-17
1686.19958    3.7818e-17    4.0635e-17    2.9262e-17
1689.48413    2.9643e-17    3.0655e-17    2.6568e-17
1692.77502    1.8177e-17    1.7579e-17    1.9995e-17
1696.07227    1.2885e-17    1.3597e-17    1.0723e-17
1699.37573    1.2028e-17    1.2377e-17    1.0969e-17
1702.68567    5.1789e-17    4.9652e-17    5.8278e-17
1706.00232    1.7264e-17    1.7574e-17    1.6323e-17
1709.32544    5.6757e-17    5.5351e-17    6.1025e-17
1712.65491    2.3452e-17    2.2816e-17    2.5384e-17
1715.99060    4.5012e-17    4.5569e-17    4.3317e-17
1719.33301    2.9662e-17    3.0568e-17    2.6913e-17
1722.68188    5.3887e-17    5.4036e-17    5.3433e-17
1726.03735    5.0024e-17    5.2343e-17    4.2980e-17
1729.39941    1.4366e-17    1.3676e-17    1.6461e-17
1732.76807    2.4797e-17    2.5994e-17    2.1162e-17
1736.14307    1.1253e-17    1.1629e-17    1.0110e-17
1739.52466    1.5499e-17    1.2964e-17    2.3198e-17
1742.91296    1.6117e-17    1.6522e-17    1.4887e-17
1746.30786    2.8333e-17    2.6727e-17    3.3209e-17
1749.70935    2.4969e-17    2.4129e-17    2.7519e-17
1753.11755    4.1389e-18    3.5585e-18    5.9015e-18
1756.53223    9.0474e-18    8.8008e-18    9.7962e-18
1759.95325    3.0277e-17    3.1295e-17    2.7185e-17
1763.38147    2.1721e-17    2.1948e-17    2.1028e-17
1766.81628    1.0490e-17    1.0341e-17    1.0942e-17
1770.25745    1.1384e-17    1.0296e-17    1.4687e-17
1773.70581    4.6002e-17    4.0682e-17    6.2157e-17
1777.16064    1.4880e-17    1.5716e-17    1.2344e-17
1780.62207    1.6133e-17    1.4841e-17    2.0055e-17
1784.09045    7.8534e-17    7.8881e-17    7.7481e-17
1787.56555    1.4337e-16    1.4379e-16    1.4210e-16
1791.04749    1.6470e-17    1.6077e-17    1.7667e-17
1794.53601    6.2696e-17    5.4822e-17    8.6612e-17
1798.03137    3.8154e-17    4.2247e-17    2.5723e-17
1801.53357    1.2855e-17    1.0549e-17    1.9860e-17
1805.04248    3.4956e-17    3.5112e-17    3.4482e-17
1808.55847    2.9218e-17    2.6654e-17    3.7005e-17
1812.08130    2.2879e-17    1.9296e-17    3.3760e-17
1815.61096    1.8028e-17    1.6695e-17    2.2075e-17
1819.14722    1.6901e-17    1.6179e-17    1.9092e-17
1822.69067    1.9305e-17    2.0084e-17    1.6939e-17
1826.24084    2.5683e-17    2.5510e-17    2.6208e-17
1829.79797    2.2220e-17    2.2483e-17    2.1420e-17
1833.36206    2.9753e-17    2.7731e-17    3.5892e-17
1836.93311    1.0696e-17    1.1533e-17    8.1555e-18
1840.51111    3.9554e-17    3.3705e-17    5.7316e-17
1844.09607    2.5710e-17    2.2854e-17    3.4382e-17
1847.68799    2.0201e-17    2.1296e-17    1.6874e-17
1851.28687    2.5217e-17    2.3303e-17    3.1032e-17
1854.89282    9.3745e-18    8.4461e-18    1.2194e-17
1858.50586    1.6849e-17    1.6644e-17    1.7471e-17
1862.12585    3.1157e-17    2.4778e-17    5.0529e-17
1865.75293    2.0439e-17    2.0057e-17    2.1598e-17
1869.38696    1.9275e-17    1.9992e-17    1.7099e-17
1873.02820    7.5801e-18    7.1269e-18    8.9564e-18
1876.67651    3.4561e-17    3.3034e-17    3.9197e-17
1880.33191    2.8412e-17    2.9811e-17    2.4165e-17
1883.99438    4.8599e-17    4.0021e-17    7.4649e-17
1887.66406    3.5128e-17    3.4086e-17    3.8294e-17
1891.34082    1.5438e-17    1.5036e-17    1.6659e-17
1895.02490    1.4970e-17    1.3999e-17    1.7918e-17
1898.71606    3.2380e-17    3.0999e-17    3.6576e-17
1902.41431    3.8972e-17    3.8665e-17    3.9906e-17
1906.11987    2.6242e-17    2.6006e-17    2.6960e-17
1909.83252    2.1510e-17    2.1445e-17    2.1706e-17
1913.55261    2.2078e-17    2.0165e-17    2.7888e-17
1917.27979    3.7547e-17    3.4865e-17    4.5689e-17
1921.01428    2.6099e-17    2.1774e-17    3.9236e-17
1924.75610    2.4764e-17    2.4567e-17    2.5362e-17
1928.50513    2.9847e-17    3.2179e-17    2.2764e-17
1932.26147    1.9212e-17    1.9186e-17    1.9289e-17
1936.02515    2.6929e-17    2.5865e-17    3.0163e-17
1939.79614    2.0347e-17    1.7834e-17    2.7981e-17
1943.57446    3.1500e-17    3.1680e-17    3.0954e-17
1947.36011    4.1803e-17    4.0261e-17    4.6487e-17
1951.15332    1.6166e-17    1.4450e-17    2.1377e-17
1954.95374    1.6267e-17    1.7343e-17    1.3001e-17
1958.76160    3.8706e-17    3.2829e-17    5.6554e-17
1962.57690    2.9046e-17    2.6414e-17    3.7041e-17
1966.39966    5.3144e-17    5.1854e-17    5.7064e-17
1970.22974    5.5164e-17    4.7591e-17    7.8164e-17
1974.06738    1.1191e-16    8.3106e-17    1.9941e-16
1977.91248    2.5933e-17    2.0694e-17    4.1845e-17
1981.76514    1.1954e-17    1.0811e-17    1.5428e-17
1985.62524    2.7132e-17    2.4942e-17    3.3784e-17
1989.49280    1.8307e-17    1.7690e-17    2.0178e-17
1993.36792    2.4837e-17    2.2655e-17    3.1464e-17
1997.25061    1.9514e-17    1.7097e-17    2.6856e-17
2001.14087    3.4000e-17    3.5346e-17    2.9914e-17
2005.03870    2.1359e-17    2.1875e-17    1.9791e-17
2008.94409    4.4815e-17    4.4085e-17    4.7033e-17
2012.85718    3.8183e-17    3.8366e-17    3.7627e-17
2016.77783    3.4222e-17    3.1662e-17    4.1997e-17
2020.70605    1.9036e-17    1.8871e-17    1.9539e-17
2024.64209    2.4967e-17    2.3259e-17    3.0153e-17
2028.58569    3.9219e-17    3.8271e-17    4.2099e-17
2032.53687    3.0886e-17    3.3184e-17    2.3910e-17
2036.49585    1.3455e-17    1.3032e-17    1.4739e-17
2040.46265    2.0972e-17    2.0411e-17    2.2675e-17
2044.43701    1.9718e-17    1.7540e-17    2.6331e-17
2048.41919    1.3111e-17    1.2550e-17    1.4816e-17
2052.40918    1.3315e-17    1.2871e-17    1.4662e-17
2056.40674    2.6258e-17    2.6450e-17    2.5674e-17
2060.41211    2.7237e-17    2.2351e-17    4.2077e-17
2064.42554    3.4092e-17    3.2597e-17    3.8633e-17
2068.44678    4.9161e-17    4.3567e-17    6.6150e-17
2072.47559    4.1395e-17    3.8808e-17    4.9255e-17
2076.51221    4.4560e-17    4.2544e-17    5.0683e-17
2080.55713    3.3461e-17    2.8431e-17    4.8737e-17
2084.60938    1.4441e-17    1.3838e-17    1.6274e-17
2088.66992    2.0110e-17    1.9038e-17    2.3367e-17
2092.73828    2.0908e-17    1.9681e-17    2.4635e-17
2096.81445    2.1358e-17    2.1566e-17    2.0729e-17
2100.89868    3.2055e-17    3.2927e-17    2.9407e-17
2104.99072    3.1209e-17    3.2189e-17    2.8233e-17
2109.09082    6.3856e-17    6.5857e-17    5.7779e-17
2113.19922    1.7237e-17    1.5725e-17    2.1829e-17
2117.31519    8.1685e-17    7.0102e-17    1.1686e-16
2121.43945    8.2476e-18    8.2731e-18    8.1702e-18
2125.57129    1.9206e-17    1.8382e-17    2.1711e-17
2129.71143    3.2284e-17    3.2821e-17    3.0655e-17
2133.85986    2.7839e-17    2.7026e-17    3.0306e-17
2138.01611    2.8669e-17    3.0292e-17    2.3740e-17
2142.18066    3.7314e-17    3.7734e-17    3.6041e-17
2146.35303    1.7554e-17    1.8519e-17    1.4624e-17
2150.53369    2.6935e-17    2.8849e-17    2.1120e-17
2154.72266    1.8155e-17    1.8008e-17    1.8600e-17
2158.91968    2.6796e-17    2.6075e-17    2.8985e-17
2163.12500    2.6234e-17    2.8801e-17    1.8439e-17
2167.33813    3.2067e-17    3.4999e-17    2.3164e-17
2171.55957    2.0028e-17    2.0929e-17    1.7291e-17
2175.78955    3.5519e-17    3.7821e-17    2.8528e-17
2180.02759    1.0837e-17    1.0941e-17    1.0520e-17
2184.27393    3.9530e-17    3.9948e-17    3.8260e-17
2188.52832    3.7136e-17    3.8228e-17    3.3818e-17
2192.79102    1.3021e-17    1.3168e-17    1.2573e-17
2197.06226    1.4896e-17    1.3193e-17    2.0071e-17
2201.34180    1.8024e-17    1.9579e-17    1.3301e-17
2205.62939    2.4100e-17    2.5348e-17    2.0310e-17
2209.92554    3.3206e-17    3.4235e-17    3.0081e-17
2214.22998    4.1691e-17    4.4898e-17    3.1954e-17
2218.54297    3.0078e-17    3.2365e-17    2.3133e-17
2222.86426    4.9384e-17    4.7620e-17    5.4743e-17
2227.19409    4.2661e-17    4.1728e-17    4.5495e-17
2231.53223    5.1953e-17    4.9863e-17    5.8301e-17
2235.87891    4.3236e-17    4.4488e-17    3.9433e-17
2240.23389    5.8144e-17    5.9529e-17    5.3937e-17
2244.59717    6.4164e-17    6.6080e-17    5.8344e-17
2248.96924    6.4504e-17    6.6529e-17    5.8352e-17
2253.34985    6.4745e-17    6.7842e-17    5.5339e-17
2257.73901    4.7531e-17    5.0655e-17    3.8043e-17
2262.13672    6.5074e-17    6.8303e-17    5.5270e-17
2266.54297    8.7361e-17    8.8002e-17    8.5416e-17
2270.95752    8.4518e-17    8.1082e-17    9.4956e-17
2275.38086    1.0547e-16    9.9235e-17    1.2440e-16
2279.81299    7.9109e-17    7.6397e-17    8.7347e-17
2284.25366    5.3892e-17    5.2379e-17    5.8488e-17
2288.70288    3.9057e-17    3.6619e-17    4.6460e-17
2293.16089    6.5813e-17    6.5445e-17    6.6931e-17
2297.62744    3.2916e-17    3.5006e-17    2.6568e-17
2302.10303    2.6911e-17    2.7250e-17    2.5882e-17
2306.58691    9.3544e-17    9.7729e-17    8.0833e-17
2311.07959    8.0720e-17    8.2681e-17    7.4767e-17
2315.58105    6.2554e-17    6.4093e-17    5.7879e-17
2320.09155    4.7177e-17    4.7747e-17    4.5444e-17
2324.61060    5.5139e-17    5.6653e-17    5.0540e-17
2329.13843    2.3825e-16    2.2344e-16    2.8324e-16
2333.67529    2.5465e-16    2.2465e-16    3.4576e-16
2338.22070    2.0918e-16    1.9330e-16    2.5742e-16
2342.77490    1.9712e-16    1.8513e-16    2.3353e-16
2347.33838    5.6287e-16    5.0190e-16    7.4807e-16
2351.91064    4.6806e-17    5.0014e-17    3.7065e-17
2356.49170    8.1350e-17    8.9345e-17    5.7070e-17
2361.08154    7.8967e-16    7.0779e-16    1.0384e-15
2365.68066    4.1093e-16    3.8522e-16    4.8901e-16
2370.28833    2.3309e-16    2.1264e-16    2.9521e-16
2374.90527    1.6004e-16    1.5940e-16    1.6199e-16
2379.53101    4.8462e-16    4.3195e-16    6.4459e-16
2384.16602    3.6638e-16    3.5391e-16    4.0425e-16
2388.80981    5.1120e-16    4.5819e-16    6.7220e-16
2393.46289    1.3623e-15    1.1948e-15    1.8709e-15
2398.12476    4.3240e-16    3.8865e-16    5.6528e-16
2402.79590    6.7378e-16    6.0375e-16    8.8648e-16
2407.47607    3.7295e-16    3.3539e-16    4.8704e-16
2412.16528    9.1436e-16    8.1186e-16    1.2257e-15
2416.86377    9.9887e-17    9.8781e-17    1.0325e-16
2421.57129    5.2301e-17    5.7257e-17    3.7247e-17
2426.28809    1.3091e-16    1.3577e-16    1.1618e-16
2431.01392    2.4952e-16    2.3749e-16    2.8607e-16
2435.74902    1.8323e-16    1.8332e-16    1.8296e-16
2440.49365    5.9550e-17    5.5707e-17    7.1224e-17
2445.24707    1.3024e-16    1.3289e-16    1.2222e-16
2450.01001    1.0390e-16    1.0666e-16    9.5544e-17
2454.78223    1.1845e-16    1.1302e-16    1.3494e-16
2459.56348    1.5753e-16    1.5335e-16    1.7023e-16
2464.35425    2.5182e-16    2.3160e-16    3.1323e-16
2469.15430    1.8644e-16    1.8131e-16    2.0203e-16
2473.96387    1.5614e-16    1.5209e-16    1.6843e-16
2478.78271    1.0420e-16    1.0978e-16    8.7242e-17
2483.61084    1.4184e-16    1.4098e-16    1.4442e-16
2488.44849    1.4106e-16    1.3587e-16    1.5681e-16
2493.29541    2.0770e-16    1.9659e-16    2.4142e-16
2498.15186    9.3739e-17    9.1245e-17    1.0131e-16
2503.01782    1.0197e-16    1.0189e-16    1.0222e-16
2507.89307    1.2406e-16    1.3080e-16    1.0359e-16
2512.77808    1.4994e-16    1.5339e-16    1.3947e-16
2517.67236    1.2023e-16    1.2044e-16    1.1960e-16
2522.57642    9.7233e-17    1.0008e-16    8.8588e-17
2527.48975    2.1372e-16    2.1451e-16    2.1133e-16
2532.41309    5.4621e-17    5.8692e-17    4.2256e-17
2537.34570    1.9212e-16    2.0260e-16    1.6030e-16
2542.28760    1.1751e-16    1.1771e-16    1.1691e-16
2547.23975    1.4422e-16    1.4205e-16    1.5079e-16
2552.20117    1.2061e-16    1.2538e-16    1.0612e-16
2557.17236    5.8505e-17    6.3243e-17    4.4116e-17
2562.15332    3.1176e-16    2.8499e-16    3.9307e-16
2567.14404    1.0872e-16    1.0610e-16    1.1666e-16
2572.14404    9.2253e-17    9.3575e-17    8.8237e-17
2577.15430    8.2301e-17    7.7583e-17    9.6631e-17
2582.17383    1.3515e-16    1.2905e-16    1.5368e-16
2587.20361    1.1428e-16    1.2483e-16    8.2249e-17
2592.24292    9.6914e-17    8.9781e-17    1.1858e-16
2597.29199    8.9595e-16    7.9605e-16    1.1994e-15
2602.35107    3.6301e-17    3.7856e-17    3.1577e-17
2607.41992    7.2971e-16    6.4523e-16    9.8627e-16
2612.49854    1.7845e-15    1.5298e-15    2.5579e-15
2617.58740    4.9267e-16    4.2577e-16    6.9584e-16
2622.68604    3.7836e-16    3.3914e-16    4.9749e-16
2627.79443    2.0587e-15    1.7253e-15    3.0714e-15
2632.91284    1.6804e-15    1.4394e-15    2.4124e-15
2638.04126    4.3459e-17    3.8617e-17    5.8164e-17
2643.17969    5.4023e-17    4.8204e-17    7.1696e-17
2648.32812    3.9357e-17    3.4606e-17    5.3787e-17
2653.48633    4.1433e-17    4.0389e-17    4.4604e-17
2658.65479    2.7621e-17    2.5732e-17    3.3358e-17
2663.83350    2.1891e-17    2.0766e-17    2.5307e-17
2669.02197    5.0569e-17    5.0111e-17    5.1958e-17
2674.22070    8.5459e-18    6.2350e-18    1.5564e-17
2679.42969    3.6808e-17    3.5016e-17    4.2248e-17
2684.64868    5.9587e-17    6.1978e-17    5.2328e-17
2689.87793    1.2826e-17    1.3213e-17    1.1653e-17
2695.11719    1.1588e-16    1.0984e-16    1.3422e-16
2700.36670    1.8915e-17    1.7677e-17    2.2677e-17
2705.62646    4.5262e-17    4.6711e-17    4.0861e-17
2710.89648    1.0245e-16    9.8859e-17    1.1337e-16
2716.17676    3.8865e-16    3.4645e-16    5.1681e-16
2721.46729    4.4798e-17    4.6091e-17    4.0869e-17
2726.76831    2.7594e-16    2.4693e-16    3.6404e-16
2732.07959    2.4238e-16    2.2556e-16    2.9345e-16
2737.40112    3.9720e-16    3.4982e-16    5.4110e-16
2742.73291    1.4893e-16    1.3309e-16    1.9706e-16
2748.07520    7.3206e-16    6.5786e-16    9.5742e-16
2753.42798    6.9325e-16    6.1896e-16    9.1889e-16
2758.79102    6.1203e-17    6.2311e-17    5.7840e-17
2764.16479    1.6839e-16    1.5681e-16    2.0357e-16
2769.54883    2.7927e-16    2.5763e-16    3.4499e-16
2774.94336    3.9892e-16    3.7027e-16    4.8591e-16
2780.34863    4.6693e-17    4.5036e-17    5.1724e-17
2785.76416    8.4129e-17    8.9304e-17    6.8409e-17
2791.18994    4.1444e-17    4.3339e-17    3.5690e-17
2796.62695    3.9811e-17    4.5806e-17    2.1607e-17
2802.07422    3.4380e-17    3.6337e-17    2.8434e-17
2807.53198    5.2517e-17    5.2028e-17    5.4000e-17
2813.00049    2.2672e-17    2.3380e-17    2.0522e-17
2818.47949    3.8329e-17    3.7503e-17    4.0837e-17
2823.96948    6.7461e-17    6.9311e-17    6.1844e-17
2829.47021    8.3479e-17    7.9298e-17    9.6178e-17
2834.98145    1.0505e-16    1.0432e-16    1.0726e-16
2840.50342    1.4816e-16    1.5861e-16    1.1645e-16
2846.03613    1.3783e-16    1.3282e-16    1.5304e-16
2851.57959    6.4809e-17    6.1696e-17    7.4262e-17
2857.13379    1.3100e-16    1.2911e-16    1.3676e-16
2862.69922    7.7448e-17    7.4671e-17    8.5883e-17
2868.27490    8.0706e-17    8.3130e-17    7.3343e-17
2873.86182    4.7560e-17    4.5027e-17    5.5253e-17
2879.45947    7.8442e-17    7.4890e-17    8.9231e-17
2885.06836    5.8284e-17    5.5324e-17    6.7273e-17
2890.68774    7.1699e-17    6.8145e-17    8.2494e-17
2896.31860    4.5373e-17    4.6450e-17    4.2101e-17
2901.95972    2.6264e-17    2.6535e-17    2.5443e-17
2907.61230    4.3710e-17    4.2138e-17    4.8488e-17
2913.27563    8.5608e-18    7.7611e-18    1.0990e-17
2918.95020    6.3298e-17    6.5708e-17    5.5981e-17
2924.63574    9.5632e-17    8.8170e-17    1.1829e-16
2930.33228    1.0672e-17    1.0207e-17    1.2085e-17
2936.04004    2.0529e-17    1.8348e-17    2.7150e-17
2941.75903    7.1108e-17    6.6378e-17    8.5475e-17
2947.48877    7.8855e-17    7.5248e-17    8.9812e-17
2953.22998    6.1079e-17    5.5932e-17    7.6709e-17
2958.98242    3.4941e-17    3.5864e-17    3.2136e-17
2964.74585    8.5191e-17    8.0985e-17    9.7966e-17
2970.52075    6.9966e-17    6.7910e-17    7.6210e-17
2976.30664    3.1355e-17    3.1820e-17    2.9942e-17
2982.10376    1.8929e-16    1.7193e-16    2.4202e-16
2987.91187    6.5924e-17    5.8692e-17    8.7892e-17
2993.73218    1.2558e-17    1.0230e-17    1.9626e-17
2999.56348    2.2518e-17    2.3327e-17    2.0063e-17
3005.40601    8.0257e-17    7.0264e-17    1.1061e-16
3011.25977    4.2905e-17    3.3374e-17    7.1853e-17
3017.12500    3.9378e-17    3.2496e-17    6.0282e-17
3023.00195    2.2777e-17    1.8358e-17    3.6198e-17
3028.89014    1.9359e-17    1.7250e-17    2.5763e-17
3034.79004    2.0719e-17    1.6477e-17    3.3605e-17
3040.70117    1.7740e-17    1.4044e-17    2.8964e-17
3046.62402    4.8864e-17    4.4392e-17    6.2445e-17
3052.55811    1.0921e-17    8.6156e-18    1.7922e-17
3058.50391    1.0323e-17    9.2266e-18    1.3653e-17
3064.46143    2.0320e-17    2.0463e-17    1.9888e-17
3070.43018    4.6092e-17    4.1520e-17    5.9976e-17
3076.41064    6.8996e-17    6.3276e-17    8.6367e-17
3082.40332    1.1857e-17    1.1221e-17    1.3790e-17
3088.40698    6.7569e-18    6.7551e-18    6.7621e-18
3094.42261    1.1654e-17    1.2123e-17    1.0229e-17
3100.44971    1.0365e-17    9.3923e-18    1.3320e-17
3106.48901    3.1683e-17    2.6644e-17    4.6985e-17
3112.53979    1.9928e-17    1.6618e-17    2.9982e-17
3118.60229    1.3708e-17    1.1849e-17    1.9355e-17
3124.67676    8.4911e-19    5.8262e-19    1.6585e-18
3130.76318    1.4246e-17    1.2897e-17    1.8341e-17
3136.86133    6.6705e-18    5.5341e-18    1.0122e-17
3142.97119    2.4119e-17    2.3646e-17    2.5555e-17
3149.09302    7.3899e-18    7.5533e-18    6.8937e-18
3155.22681    6.3532e-18    5.9724e-18    7.5099e-18
3161.37256    1.0697e-16    1.0365e-16    1.1704e-16
3167.53027    5.9029e-17    5.4958e-17    7.1394e-17
3173.70020    6.5004e-19    4.3962e-19    1.2891e-18
3179.88184    3.9376e-17    4.1281e-17    3.3592e-17
3186.07568    1.1453e-16    1.0784e-16    1.3486e-16
3192.28149    1.2288e-16    1.1279e-16    1.5352e-16
3198.49951    9.4203e-17    8.2589e-17    1.2948e-16
3204.72949    9.1471e-18    8.9005e-18    9.8959e-18
3210.97168    1.0102e-16    9.1813e-17    1.2898e-16
3217.22607    1.0531e-18    7.1789e-19    2.0714e-18
3223.49268    1.1601e-17    8.9680e-18    1.9597e-17
3229.77148    8.7915e-17    8.0524e-17    1.1036e-16
3236.06226    3.4904e-17    3.4189e-17    3.7075e-17
3242.36572    1.3391e-17    1.3309e-17    1.3642e-17
3248.68115    4.0809e-17    4.2196e-17    3.6594e-17
3255.00879    7.6572e-17    7.7860e-17    7.2659e-17
3261.34912    2.3430e-17    2.3920e-17    2.1942e-17
3267.70093    3.8575e-17    3.6667e-17    4.4371e-17
3274.06616    4.7542e-18    3.4519e-18    8.7095e-18
3280.44336    1.5541e-16    1.5466e-16    1.5769e-16
3286.83301    4.0832e-17    4.0145e-17    4.2919e-17
3293.23535    4.3994e-17    4.3722e-17    4.4821e-17
3299.64990    5.3868e-17    5.2011e-17    5.9509e-17
3306.07690    3.9314e-17    4.0913e-17    3.4457e-17
3312.51660    5.2438e-17    4.7741e-17    6.6701e-17
3318.96875    1.1842e-17    9.9857e-18    1.7481e-17
3325.43359    1.5925e-17    1.4180e-17    2.1225e-17
3331.91064    3.0770e-18    2.1377e-18    5.9296e-18
3338.40063    2.0848e-17    1.9810e-17    2.3998e-17
3344.90332    1.9868e-18    1.4748e-18    3.5417e-18
3351.41846    4.1042e-19    2.8007e-19    8.0631e-19
3357.94629    2.3640e-17    2.0600e-17    3.2870e-17
3364.48682    3.4477e-17    3.1604e-17    4.3203e-17
3371.04004    3.2618e-17    2.5060e-17    5.5575e-17
3377.60645    9.0598e-18    7.2019e-18    1.4703e-17
3384.18481    2.1165e-17    1.7893e-17    3.1102e-17
3390.77686    2.1369e-17    1.7604e-17    3.2804e-17
3397.38159    9.4844e-18    7.3323e-18    1.6021e-17
3403.99902    2.8765e-18    1.9714e-18    5.6253e-18
3410.62915    5.2087e-18    5.2849e-18    4.9770e-18
3417.27271    3.1734e-17    2.7243e-17    4.5377e-17
3423.92847    7.8625e-18    5.3644e-18    1.5450e-17
3430.59766    9.6707e-18    8.6740e-18    1.2698e-17
3437.27979    1.0779e-17    1.1166e-17    9.6031e-18
3443.97534    1.1415e-17    8.5802e-18    2.0023e-17
3450.68359    2.9032e-17    2.3811e-17    4.4890e-17
3457.40479    2.8346e-17    2.5728e-17    3.6296e-17
3464.13916    1.6657e-17    1.4481e-17    2.3265e-17
3470.88647    8.7390e-18    7.8239e-18    1.1518e-17
3477.64697    5.3808e-17    5.0006e-17    6.5353e-17
3484.42090    2.8275e-17    2.5415e-17    3.6959e-17
3491.20776    1.3716e-17    1.2528e-17    1.7323e-17
3498.00781    2.9731e-17    2.7501e-17    3.6502e-17
3504.82129    2.8394e-17    2.3218e-17    4.4117e-17
3511.64771    3.2314e-18    2.2972e-18    6.0687e-18
3518.48804    2.4927e-17    2.0773e-17    3.7544e-17
3525.34131    1.5203e-17    1.0629e-17    2.9094e-17
3532.20776    7.2696e-18    5.7369e-18    1.1924e-17
3539.08813    1.2161e-17    9.5528e-18    2.0083e-17
3545.98145    4.3529e-18    3.0263e-18    8.3817e-18
3552.88818    1.1156e-17    9.8785e-18    1.5036e-17
3559.80884    1.0003e-17    7.4553e-18    1.7742e-17
3566.74292    9.6257e-18    7.7783e-18    1.5237e-17
3573.68994    7.8528e-19    5.4292e-19    1.5214e-18
3580.65112    5.7678e-19    4.0099e-19    1.1107e-18
3587.62500    7.5749e-18    5.4020e-18    1.4174e-17
3594.61304    4.7426e-19    3.2276e-19    9.3437e-19
3601.61499    3.2590e-18    2.3052e-18    6.1558e-18
3608.63013    1.1848e-18    8.1625e-19    2.3040e-18
3615.65894    3.2394e-18    2.4877e-18    5.5223e-18
3622.70166    1.3901e-17    1.3829e-17    1.4122e-17
3629.75806    9.6534e-19    7.0241e-19    1.7639e-18
3636.82837    3.6999e-18    3.1120e-18    5.4855e-18
3643.91138    7.2632e-18    7.7770e-18    5.7028e-18
3651.00928    1.1962e-19    8.1319e-20    2.3594e-19
3658.12085    1.0679e-17    1.0682e-17    1.0670e-17
3665.24609    1.4859e-19    1.0068e-19    2.9412e-19
3672.38525    2.1775e-19    1.4754e-19    4.3097e-19
3679.53857    1.2142e-18    7.5418e-19    2.6113e-18
3686.70557    7.8958e-19    5.4979e-19    1.5178e-18
3693.88647    4.3834e-19    2.9833e-19    8.6359e-19
3701.08154    2.7185e-18    1.8692e-18    5.2979e-18
3708.29053    7.2303e-19    4.9014e-19    1.4303e-18
3715.51343    1.0047e-18    6.8382e-19    1.9791e-18
3722.75049    6.4098e-18    4.6592e-18    1.1727e-17
3730.00171    5.1595e-18    4.1874e-18    8.1119e-18
3737.26709    1.6060e-19    1.0836e-19    3.1925e-19
3744.54639    6.9484e-18    4.9221e-18    1.3103e-17
3751.84009    5.9349e-18    6.1168e-18    5.3825e-18
3759.14795    8.6707e-18    7.6560e-18    1.1752e-17
3766.47021    1.6625e-17    1.6080e-17    1.8279e-17
3773.80664    7.8866e-20    5.5780e-20    1.4898e-19
3781.15723    2.2545e-17    2.0093e-17    2.9991e-17
3788.52197    4.3674e-18    3.1513e-18    8.0608e-18
3795.90137    4.0903e-18    3.2264e-18    6.7142e-18
3803.29492    1.2808e-18    8.6747e-19    2.5360e-18
3810.70312    6.3368e-18    4.9407e-18    1.0577e-17
3818.12549    1.1622e-19    7.8817e-20    2.2983e-19
3825.56250    2.6813e-17    2.6139e-17    2.8861e-17
3833.01416    2.7022e-18    1.9286e-18    5.0520e-18
3840.47998    2.3572e-19    1.5932e-19    4.6778e-19
3847.96045    4.0568e-18    3.3515e-18    6.1989e-18
3855.45557    1.4189e-19    9.6053e-20    2.8111e-19
3862.96533    4.6247e-19    3.1437e-19    9.1225e-19
3870.48950    8.2303e-18    8.4006e-18    7.7131e-18
3878.02832    2.4330e-19    1.6481e-19    4.8166e-19
3885.58203    1.9888e-19    1.3458e-19    3.9416e-19
3893.15039    5.4801e-18    4.1480e-18    9.5258e-18
3900.73340    8.1386e-19    5.5458e-19    1.6013e-18
3908.33154    1.3820e-17    1.1254e-17    2.1612e-17
3915.94409    2.2657e-17    1.9087e-17    3.3502e-17
3923.57153    9.4316e-19    6.4330e-19    1.8539e-18
3931.21387    2.2910e-17    2.0177e-17    3.1209e-17
3938.87109    4.4142e-17    4.2152e-17    5.0188e-17
3946.54346    2.4400e-17    2.2062e-17    3.1501e-17
3954.23047    9.1183e-19    6.1932e-19    1.8002e-18
3961.93262    1.0808e-17    8.6737e-18    1.7289e-17
3969.64941    4.7743e-17    4.2676e-17    6.3133e-17
3977.38159    1.4887e-17    1.4913e-17    1.4809e-17
3985.12866    1.7433e-17    1.3462e-17    2.9494e-17
3992.89111    8.0477e-18    6.0570e-18    1.4094e-17
4000.66846    1.5514e-17    1.4126e-17    1.9730e-17
4008.46094    1.7666e-18    1.2377e-18    3.3729e-18
4016.26880    1.3888e-18    9.4797e-19    2.7275e-18
4024.09155    4.8979e-18    4.2263e-18    6.9378e-18
4031.92969    1.4113e-18    9.6554e-19    2.7653e-18
4039.78320    2.2540e-19    1.5274e-19    4.4606e-19
4047.65186    1.6391e-19    1.1105e-19    3.2443e-19
4055.53589    1.2448e-18    8.5776e-19    2.4203e-18
4063.43506    7.5111e-18    5.5625e-18    1.3429e-17
4071.35010    2.0881e-18    1.4159e-18    4.1297e-18
4079.28027    7.5229e-18    5.3962e-18    1.3982e-17
4087.22607    6.1934e-18    4.4956e-18    1.1350e-17
4095.18701    1.4247e-18    9.6271e-19    2.8277e-18
4103.16357    1.7275e-18    1.1912e-18    3.3565e-18
4111.15576    2.2667e-18    1.6093e-18    4.2636e-18
4119.16357    1.4751e-17    1.3053e-17    1.9909e-17
4127.18652    1.5371e-17    1.3320e-17    2.1598e-17
4135.22559    7.1893e-18    5.5363e-18    1.2210e-17
4143.28027    1.4103e-18    9.4597e-19    2.8207e-18
4151.35059    9.2969e-19    6.2789e-19    1.8463e-18
4159.43652    3.8574e-18    2.7367e-18    7.2612e-18
4167.53857    2.3658e-18    1.6335e-18    4.5898e-18
4175.65625    5.5769e-17    5.1686e-17    6.8169e-17
4183.78906    7.1988e-18    5.0463e-18    1.3736e-17
4191.93848    1.5695e-19    1.0591e-19    3.1198e-19
4200.10352    9.1697e-19    6.1846e-19    1.8236e-18
4208.28418    3.2586e-18    2.2270e-18    6.3919e-18
4216.48145    1.1730e-19    7.9215e-20    2.3296e-19
4224.69434    9.5686e-19    6.4592e-19    1.9012e-18
4232.92334    3.7009e-17    3.3688e-17    4.7094e-17
4241.16846    3.1426e-17    2.1331e-17    6.2086e-17
4249.42920    5.5433e-18    4.5288e-18    8.6246e-18
4257.70605    1.6038e-17    1.3293e-17    2.4374e-17
4265.99902    3.0072e-19    2.0259e-19    5.9875e-19
4274.30859    3.2956e-17    2.6453e-17    5.2709e-17
4282.63428    2.5522e-19    1.7221e-19    5.0732e-19
4290.97607    2.2902e-17    1.5541e-17    4.5258e-17
4299.33398    3.0693e-17    3.0189e-17    3.2222e-17
4307.70801    5.6424e-18    3.7929e-18    1.1259e-17
4316.09863    2.5797e-17    2.1948e-17    3.7486e-17
4324.50586    2.9221e-18    1.9978e-18    5.7294e-18
4332.92920    1.5891e-17    1.6183e-17    1.5005e-17
4341.36914    2.0478e-17    1.9408e-17    2.3729e-17
4349.82520    3.4345e-17    2.9349e-17    4.9518e-17
4358.29785    3.1761e-17    2.1537e-17    6.2814e-17
4366.78662    9.9761e-18    8.4108e-18    1.4730e-17
4375.29199    3.3561e-17    3.0583e-17    4.2605e-17
4383.81445    4.1886e-17    3.9774e-17    4.8299e-17
4392.35352    7.9017e-20    5.3269e-20    1.5722e-19
4400.90869    1.8423e-17    1.8231e-17    1.9005e-17
4409.48047    3.2572e-17    3.3683e-17    2.9199e-17
4418.06934    2.9237e-17    2.4275e-17    4.4309e-17
4426.67480    1.8997e-19    1.2797e-19    3.7828e-19
4435.29736    2.1427e-17    1.8675e-17    2.9785e-17
4443.93652    1.3810e-18    9.3242e-19    2.7433e-18
4452.59277    1.4063e-17    9.5730e-18    2.7698e-17
4461.26562    7.3586e-18    5.0343e-18    1.4418e-17
4469.95508    1.6998e-17    1.6824e-17    1.7530e-17
4478.66162    5.1050e-18    3.4328e-18    1.0184e-17
4487.38477    3.3357e-17    3.4127e-17    3.1016e-17
4496.12549    6.6106e-19    4.4377e-19    1.3210e-18
4504.88281    1.4224e-17    1.4197e-17    1.4305e-17
4513.65771    1.6832e-17    1.6599e-17    1.7540e-17
4522.44922    3.9414e-17    3.9637e-17    3.8736e-17
4531.25830    1.3764e-17    1.2592e-17    1.7324e-17
4540.08447    1.3500e-17    1.3735e-17    1.2786e-17
4548.92773    2.1123e-17    2.0482e-17    2.3071e-17
4557.78809    1.9430e-17    1.9921e-17    1.7940e-17
4566.66602    1.7445e-19    1.1729e-19    3.4805e-19
4575.56055    2.0481e-17    1.9587e-17    2.3198e-17
4584.47314    6.1202e-17    5.4838e-17    8.0531e-17
4593.40283    1.7007e-17    1.4597e-17    2.4327e-17
4602.34961    1.7171e-18    1.1745e-18    3.3651e-18
4611.31445    7.1139e-19    4.8441e-19    1.4008e-18
4620.29590    2.1788e-17    2.1763e-17    2.1861e-17
4629.29590    3.7177e-17    3.6547e-17    3.9091e-17
4638.31250    1.9781e-18    1.3286e-18    3.9505e-18
4647.34668    1.8731e-17    1.6744e-17    2.4765e-17
4656.39941    3.4089e-18    2.4325e-18    6.3746e-18
4665.46875    2.9590e-17    2.7512e-17    3.5902e-17
4674.55664    1.0518e-17    7.7521e-18    1.8917e-17
4683.66113    7.4582e-19    5.0005e-19    1.4922e-18
4692.78418    7.5961e-20    5.1061e-20    1.5159e-19
4701.92480    1.3027e-19    8.7356e-20    2.6059e-19
4711.08301    8.3521e-19    1.2153e-19    3.0027e-18
4720.25977    3.0349e-18    2.1150e-18    5.8288e-18
4729.45361    1.3313e-17    1.0070e-17    2.3161e-17
4738.66602    8.6199e-18    6.0830e-18    1.6325e-17
4747.89551    6.6678e-19    4.4696e-19    1.3344e-18
4757.14355    9.5913e-19    6.5069e-19    1.8959e-18
4766.41016    1.8858e-20    1.2646e-20    3.7724e-20
4775.69385    3.1049e-18    2.0809e-18    6.2149e-18
4784.99609    6.1881e-21    4.1445e-21    1.2395e-20
4794.31641    4.5864e-19    3.0723e-19    9.1848e-19
4803.65430    6.5537e-20    4.3941e-20    1.3113e-19
4813.01074    7.1407e-18    4.8013e-18    1.4246e-17
4822.38574    2.8782e-17    1.9919e-17    5.5700e-17
4831.77930    1.3297e-17    9.3885e-18    2.5167e-17
4841.19043    1.2393e-17    9.2640e-18    2.1896e-17
4850.62012    4.6141e-18    3.2012e-18    8.9053e-18
4860.06836    2.3717e-18    1.6273e-18    4.6327e-18
4869.53467    2.7170e-17    1.9244e-17    5.1242e-17
4879.01953    4.0327e-18    2.7020e-18    8.0741e-18
4888.52295    5.5252e-18    3.7200e-18    1.1008e-17
4898.04492    6.0231e-18    4.1554e-18    1.1696e-17
4907.58545    1.4709e-17    9.9423e-18    2.9188e-17
4917.14453    5.0265e-20    3.3663e-20    1.0069e-19
4926.72168    4.3989e-17    3.9503e-17    5.7613e-17
4936.31836    9.1387e-20    6.1221e-20    1.8301e-19
4945.93311    7.3229e-18    4.9130e-18    1.4642e-17
4955.56689    3.8171e-18    2.5728e-18    7.5962e-18
4965.21973    1.1094e-19    7.4301e-20    2.2220e-19
4974.89062    3.4620e-18    2.3187e-18    6.9344e-18
4984.58105    2.9198e-19    1.9557e-19    5.8480e-19
4994.29004    1.5943e-17    1.1602e-17    2.9127e-17
5004.01758    7.1503e-18    4.8105e-18    1.4256e-17
5013.76465    5.9328e-17    5.1809e-17    8.2165e-17
5023.53027    3.9373e-18    2.6693e-18    7.7884e-18
5033.31543    5.4764e-19    3.6778e-19    1.0939e-18
5043.11914    3.6717e-18    2.4574e-18    7.3597e-18
5052.94238    5.0474e-18    3.3809e-18    1.0109e-17
5062.78418    1.2969e-18    8.6821e-19    2.5991e-18
5072.64551    1.2464e-17    8.3690e-18    2.4899e-17
5082.52637    1.4706e-18    1.0101e-18    2.8691e-18
5092.42578    4.1093e-19    2.7643e-19    8.1940e-19
5102.34473    8.2162e-18    6.0771e-18    1.4713e-17
5112.28320    8.7877e-18    5.8901e-18    1.7588e-17
5122.24121    4.2613e-18    2.9572e-18    8.2222e-18
5132.21777    1.6124e-17    1.1328e-17    3.0690e-17
5142.21484    9.6630e-18    7.0454e-18    1.7613e-17
5152.23047    1.0397e-17    7.3848e-18    1.9546e-17
5162.26660    4.3790e-17    2.9899e-17    8.5980e-17
5172.32129    1.1371e-16    9.4446e-17    1.7223e-16
5182.39648    8.0400e-18    5.3914e-18    1.6084e-17
5192.49023    9.5773e-19    6.6232e-19    1.8549e-18
5202.60449    1.9010e-17    1.9418e-17    1.7771e-17
5212.73779    4.9968e-20    3.3408e-20    1.0026e-19
5222.89160    2.1062e-18    1.4137e-18    4.2094e-18
5233.06445    2.2107e-17    2.2325e-17    2.1443e-17
5243.25781    1.9042e-18    1.2987e-18    3.7431e-18
5253.47021    2.8470e-17    2.5158e-17    3.8529e-17
5263.70312    2.8750e-17    2.0971e-17    5.2373e-17
5273.95557    4.6115e-17    4.0109e-17    6.4357e-17
5284.22852    3.8628e-17    3.7803e-17    4.1136e-17
5294.52100    1.5521e-18    1.0378e-18    3.1143e-18
5304.83398    1.0419e-19    6.9614e-20    2.0919e-19
5315.16650    5.6713e-17    5.3406e-17    6.6756e-17
5325.51953    1.7608e-17    1.7247e-17    1.8701e-17
5335.89258    1.4919e-17    1.0399e-17    2.8646e-17
5346.28564    5.3903e-18    3.7876e-18    1.0258e-17
5356.69922    1.7343e-19    1.1588e-19    3.4824e-19
5367.13281    1.5718e-17    1.4929e-17    1.8116e-17
5377.58691    1.0139e-17    6.8038e-18    2.0269e-17
5388.06152    3.1364e-19    2.0947e-19    6.3000e-19
5398.55664    6.3611e-19    4.2808e-19    1.2679e-18
5409.07178    8.8245e-18    6.4652e-18    1.5990e-17
5419.60742    5.0510e-20    3.3720e-20    1.0150e-19
5430.16406    3.3870e-17    2.9698e-17    4.6538e-17
5440.74121    2.0692e-18    1.3972e-18    4.1102e-18
5451.33887    2.1223e-18    1.4704e-18    4.1020e-18
5461.95703    8.8086e-19    5.9468e-19    1.7500e-18
5472.59570    5.2997e-18    3.6798e-18    1.0219e-17
5483.25488    1.5831e-19    1.0574e-19    3.1798e-19
5493.93555    2.6304e-18    1.7739e-18    5.2315e-18
5504.63672    4.0440e-19    2.7049e-19    8.1111e-19
5515.35840    3.0434e-19    2.0334e-19    6.1109e-19
5526.10156    5.3790e-18    3.5765e-18    1.0854e-17
5536.86523    1.1715e-17    8.6977e-18    2.0880e-17
5547.64941    3.4074e-18    2.3018e-18    6.7651e-18
5558.45557    7.4672e-19    4.9850e-19    1.5006e-18
5569.28271    2.6752e-18    1.7699e-18    5.4247e-18
5580.12988    4.8884e-19    3.2617e-19    9.8291e-19
5590.99902    2.9298e-18    1.9430e-18    5.9270e-18
5601.88965    4.7061e-19    3.1495e-19    9.4337e-19
5612.80078    5.2103e-19    3.4752e-19    1.0480e-18
5623.73340    7.2002e-18    5.2044e-18    1.3261e-17
5634.68750    8.2049e-20    5.4742e-20    1.6498e-19
5645.66211    5.6273e-19    3.7524e-19    1.1321e-18
5656.65918    6.9614e-18    5.2715e-18    1.2094e-17
5667.67676    1.1493e-18    7.6656e-19    2.3116e-18
5678.71680    6.3924e-19    4.2638e-19    1.2857e-18
5689.77734    1.5517e-18    1.0348e-18    3.1213e-18
5700.86035    1.3728e-19    9.1537e-20    2.7621e-19
5711.96484    1.2424e-19    8.2828e-20    2.5000e-19
5723.09033    4.2473e-18    2.9382e-18    8.2230e-18
5734.23779    3.5422e-18    2.4443e-18    6.8769e-18
5745.40723    1.0606e-18    7.0824e-19    2.1307e-18
5756.59766    2.5769e-19    1.7179e-19    5.1855e-19
5767.81104    7.8808e-20    5.2531e-20    1.5862e-19
5779.04492    1.9129e-18    1.2972e-18    3.7827e-18
5790.30176    4.7914e-19    3.2015e-19    9.6204e-19
5801.58008    3.6341e-19    2.4253e-19    7.3054e-19
5812.88037    2.5582e-18    1.8727e-18    4.6401e-18
5824.20264    1.0474e-18    7.0741e-19    2.0799e-18
5835.54688    3.4018e-18    2.3482e-18    6.6019e-18
5846.91357    1.3566e-19    9.0380e-20    2.7319e-19
5858.30225    2.7374e-18    1.8469e-18    5.4421e-18
5869.71289    2.8891e-18    1.9379e-18    5.7779e-18
5881.14600    3.5623e-20    2.3655e-20    7.1973e-20
5892.60156    6.3790e-19    4.3130e-19    1.2654e-18
5904.07910    1.1367e-18    7.6038e-19    2.2794e-18
5915.57910    3.8821e-18    2.5931e-18    7.7968e-18
5927.10156    6.4475e-18    4.4085e-18    1.2640e-17
5938.64648    5.9042e-20    3.9326e-20    1.1892e-19
5950.21387    2.0173e-18    1.5022e-18    3.5819e-18
5961.80371    4.9282e-19    3.2822e-19    9.9272e-19
5973.41602    4.5719e-19    3.0606e-19    9.1618e-19
5985.05127    6.8265e-19    4.5672e-19    1.3688e-18
5996.70850    2.3109e-17    1.7700e-17    3.9539e-17
6008.38867    6.0820e-20    4.0503e-20    1.2252e-19
6020.09229    2.0433e-18    1.3806e-18    4.0561e-18
6031.81836    1.8245e-19    1.2147e-19    3.6766e-19
6043.56738    8.0446e-18    5.3810e-18    1.6134e-17
6055.33887    1.3617e-18    9.0906e-19    2.7365e-18
6067.13428    6.1608e-19    4.1053e-19    1.2404e-18
6078.95117    1.3306e-17    9.6899e-18    2.4289e-17
6090.79150    1.0449e-19    6.9644e-20    2.1034e-19
6102.65527    3.0145e-18    1.9958e-18    6.1084e-18
6114.54199    9.6288e-18    6.7972e-18    1.8229e-17
6126.45215    5.1518e-18    3.5349e-18    1.0063e-17
6138.38525    1.2711e-18    8.5973e-19    2.5203e-18
6150.34131    1.5859e-17    1.4152e-17    2.1042e-17
6162.32178    9.0549e-19    6.0555e-19    1.8165e-18
6174.32422    7.5057e-18    5.1308e-18    1.4719e-17
6186.35059    2.6837e-18    1.7874e-18    5.4058e-18
6198.40088    1.7629e-18    1.1740e-18    3.5514e-18
6210.47314    1.1756e-19    7.8446e-20    2.3637e-19
6222.57031    1.0688e-18    7.1644e-19    2.1391e-18
6234.69043    2.1385e-17    1.7239e-17    3.3977e-17
6246.83496    1.1224e-17    1.0274e-17    1.4110e-17
6259.00195    9.2389e-19    6.1581e-19    1.8595e-18
6271.19385    5.3985e-19    3.5937e-19    1.0880e-18
6283.40869    1.3535e-18    9.1100e-19    2.6975e-18
6295.64795    9.0654e-19    6.3218e-19    1.7398e-18
6307.91016    6.7397e-18    4.5001e-18    1.3542e-17
6320.19678    1.2034e-17    8.5907e-18    2.2492e-17
6332.50781    2.0430e-18    1.3661e-18    4.0990e-18
6344.84180    2.7591e-18    1.8353e-18    5.5648e-18
6357.20020    6.2556e-19    4.1662e-19    1.2602e-18
6369.58252    1.4101e-17    1.0255e-17    2.5781e-17
6381.98926    6.8979e-18    4.7768e-18    1.3340e-17
6394.42041    4.1519e-19    2.7631e-19    8.3700e-19
6406.87549    5.6218e-18    4.1581e-18    1.0067e-17
6419.35449    9.9617e-18    9.1810e-18    1.2333e-17
6431.85840    2.2489e-17    1.8365e-17    3.5016e-17
6444.38672    2.8690e-18    1.9147e-18    5.7672e-18
6456.93896    1.3273e-17    1.2732e-17    1.4915e-17
6469.51514    1.2527e-18    8.3283e-19    2.5279e-18
6482.11719    4.8080e-18    3.1935e-18    9.7114e-18
6494.74268    4.4470e-18    3.0149e-18    8.7963e-18
6507.39355    1.9154e-18    1.2886e-18    3.8193e-18
6520.06836    3.5714e-17    3.0196e-17    5.2471e-17
6532.76855    2.5411e-18    1.6893e-18    5.1283e-18
6545.49316    2.6357e-20    1.7518e-20    5.3202e-20
6558.24268    1.5457e-18    8.0838e-19    3.7850e-18
6571.01611    4.0212e-18    2.6734e-18    8.1148e-18
6583.81543    1.8702e-18    1.2566e-18    3.7338e-18
6596.63965    1.8100e-19    1.2038e-19    3.6510e-19
6609.48828    1.5256e-18    1.0131e-18    3.0821e-18
6622.36230    3.6932e-18    2.4588e-18    7.4421e-18
6635.26172    1.2855e-20    8.5439e-21    2.5949e-20
6648.18506    2.9574e-18    1.9657e-18    5.9693e-18
6661.13525    1.3169e-18    8.7540e-19    2.6576e-18
6674.10986    5.6109e-19    3.7388e-19    1.1297e-18
6687.10938    1.1537e-18    7.6569e-19    2.3323e-18
6700.13428    2.1517e-19    1.4304e-19    4.3425e-19
6713.18506    1.5929e-19    1.0620e-19    3.2052e-19
6726.26123    4.9152e-19    3.2668e-19    9.9216e-19
6739.36279    5.4430e-21    3.6176e-21    1.0987e-20
6752.48926    6.0705e-20    4.0345e-20    1.2254e-19
6765.64258    5.9417e-19    3.9496e-19    1.1992e-18
6778.82031    2.5781e-19    1.7142e-19    5.2022e-19
6792.02441    1.0981e-19    7.2973e-20    2.2167e-19
6805.25439    2.6616e-19    1.7687e-19    5.3734e-19
6818.50928    5.8805e-19    3.9085e-19    1.1870e-18
6831.78955    4.8215e-19    3.1973e-19    9.7544e-19
6845.09717    2.1623e-20    1.4371e-20    4.3646e-20
6858.43018    1.2754e-18    8.4785e-19    2.5739e-18
6871.78906    1.5283e-18    1.0148e-18    3.0878e-18
6885.17432    1.0166e-19    6.7672e-20    2.0487e-19
6898.58447    1.0548e-19    7.0113e-20    2.1288e-19
6912.02246    1.3777e-18    9.1350e-19    2.7874e-18
6925.48486    3.8276e-19    2.5443e-19    7.7248e-19
6938.97412    3.9223e-19    2.6073e-19    7.9163e-19
6952.49023    3.5841e-19    2.3881e-19    7.2167e-19
6966.03271    1.5190e-19    1.0098e-19    3.0657e-19
6979.60059    1.2830e-19    8.5273e-20    2.5898e-19
6993.19629    1.8589e-19    1.2358e-19    3.7513e-19
