1000  4.046325e+02  3.996593e+02  4.973258e+00 
1002  1.445916e+02  1.424636e+02  2.127977e+00 
1004  2.003483e+02  1.973931e+02  2.955225e+00 
1006  1.802590e+02  1.770696e+02  3.189399e+00 
1008  2.421223e+02  2.392571e+02  2.865223e+00 
1010  1.346539e+01  1.328978e+01  1.756159e-01 
1012  8.698370e+01  8.628282e+01  7.008754e-01 
1014  1.765954e+02  1.753058e+02  1.289563e+00 
1016  2.272438e+02  2.249777e+02  2.266052e+00 
1018  1.317974e+02  1.310169e+02  7.805350e-01 
1020  2.065703e+02  2.048487e+02  1.721524e+00 
1022  2.060289e+02  2.047558e+02  1.273069e+00 
1024  6.065260e+01  6.024202e+01  4.105776e-01 
1026  3.241920e+01  3.213604e+01  2.831671e-01 
1028  1.017181e+02  1.005121e+02  1.206006e+00 
1030  2.152881e+02  2.111099e+02  4.178264e+00 
1032  2.646819e+02  2.534441e+02  1.123787e+01 
1034  4.084886e+02  3.997517e+02  8.736868e+00 
1036  2.634590e+02  2.544827e+02  8.976285e+00 
1038  1.032017e+02  1.017417e+02  1.459996e+00 
1040  2.704660e+02  2.665988e+02  3.867204e+00 
1042  2.309082e+02  2.272888e+02  3.619388e+00 
1044  2.394295e+02  2.367100e+02  2.719494e+00 
1046  1.895477e+02  1.869075e+02  2.640252e+00 
1048  5.041963e+01  4.888773e+01  1.531897e+00 
1050  2.486550e+02  2.443521e+02  4.302930e+00 
1052  2.011331e+02  1.952537e+02  5.879380e+00 
1054  6.888405e+02  6.820199e+02  6.820591e+00 
1057  4.632811e+02  4.548634e+02  8.417665e+00 
1059  5.743623e+02  5.618599e+02  1.250247e+01 
1061  1.443423e+03  1.420239e+03  2.318367e+01 
1063  1.565236e+03  1.550057e+03  1.517922e+01 
1065  6.096375e+02  5.968892e+02  1.274823e+01 
1067  1.564484e+03  1.534500e+03  2.998366e+01 
1069  9.486877e+02  9.320868e+02  1.660091e+01 
1071  1.194326e+03  1.167571e+03  2.675409e+01 
1073  3.527616e+03  3.447433e+03  8.018312e+01 
1075  2.299326e+03  2.255539e+03  4.378670e+01 
1077  1.768544e+03  1.724432e+03  4.411221e+01 
1079  2.916362e+02  2.816358e+02  1.000044e+01 
1081  5.543954e+02  5.507919e+02  3.603554e+00 
1084  9.780301e+02  9.644325e+02  1.359757e+01 
1086  3.963761e+02  3.848950e+02  1.148105e+01 
1088  1.053688e+03  1.035816e+03  1.787132e+01 
1090  1.468301e+03  1.444242e+03  2.405935e+01 
1092  9.870137e+02  9.618530e+02  2.516066e+01 
1094  1.199031e+03  1.171363e+03  2.766742e+01 
1096  1.254354e+03  1.241277e+03  1.307697e+01 
1098  1.546776e+03  1.529765e+03  1.701089e+01 
1101  1.028481e+03  1.018465e+03  1.001644e+01 
1103  6.769174e+02  6.628706e+02  1.404676e+01 
1105  1.076120e+03  1.055416e+03  2.070445e+01 
1107  1.716347e+03  1.677839e+03  3.850835e+01 
1109  1.277155e+03  1.247679e+03  2.947655e+01 
1111  2.736449e+03  2.703911e+03  3.253823e+01 
1114  4.631002e+03  4.566609e+03  6.439261e+01 
1116  1.777098e+03  1.748044e+03  2.905460e+01 
1118  4.141365e+02  4.013426e+02  1.279385e+01 
1120  5.736046e+02  5.593754e+02  1.422927e+01 
1122  1.159371e+03  1.130063e+03  2.930821e+01 
1124  1.298216e+03  1.268585e+03  2.963089e+01 
1127  2.831269e+03  2.771543e+03  5.972577e+01 
1129  1.864793e+03  1.837236e+03  2.755690e+01 
1131  2.031021e+03  2.005702e+03  2.531829e+01 
1133  3.076296e+03  3.054927e+03  2.136939e+01 
1135  1.031621e+03  9.993056e+02  3.231549e+01 
1138  9.204081e+02  9.061132e+02  1.429498e+01 
1140  1.589494e+03  1.561927e+03  2.756737e+01 
1142  2.277284e+03  2.254450e+03  2.283377e+01 
1144  7.630811e+03  7.482531e+03  1.482794e+02 
1147  5.633315e+03  5.483337e+03  1.499782e+02 
1149  5.072587e+03  4.958033e+03  1.145541e+02 
1151  4.560208e+03  4.428777e+03  1.314313e+02 
1153  3.928972e+03  3.865445e+03  6.352766e+01 
1156  1.806880e+03  1.769408e+03  3.747258e+01 
1158  3.415108e+03  3.345974e+03  6.913386e+01 
1160  3.983989e+03  3.887376e+03  9.661322e+01 
1162  2.546836e+03  2.502105e+03  4.473066e+01 
1165  3.366727e+03  3.310080e+03  5.664727e+01 
1167  4.082163e+03  3.991446e+03  9.071721e+01 
1169  4.005279e+03  3.935742e+03  6.953694e+01 
1171  3.995740e+03  3.924874e+03  7.086648e+01 
1174  5.381519e+03  5.278806e+03  1.027128e+02 
1176  3.317569e+03  3.246690e+03  7.087833e+01 
1178  1.459137e+03  1.442276e+03  1.686081e+01 
1181  2.550720e+03  2.526884e+03  2.383594e+01 
1183  2.104442e+03  2.078996e+03  2.544543e+01 
1185  3.015100e+03  2.952857e+03  6.224259e+01 
1187  4.447065e+03  4.353330e+03  9.373604e+01 
1190  2.360413e+03  2.328534e+03  3.187949e+01 
1192  4.055709e+03  3.986993e+03  6.871649e+01 
1194  1.771161e+03  1.742502e+03  2.865927e+01 
1197  1.638043e+04  1.471854e+04  1.661888e+03 
1199  1.745008e+04  1.305162e+04  4.398462e+03 
1201  7.206768e+03  6.362490e+03  8.442773e+02 
1204  6.430883e+02  6.382192e+02  4.869137e+00 
1206  1.258879e+03  1.226663e+03  3.221516e+01 
1208  8.417012e+03  8.327463e+03  8.954892e+01 
1211  1.956849e+03  1.825757e+03  1.310918e+02 
1213  1.398379e+03  1.322604e+03  7.577582e+01 
1215  3.395927e+03  3.037344e+03  3.585837e+02 
1218  1.667658e+03  1.591137e+03  7.652114e+01 
1220  1.704109e+04  1.693683e+04  1.042537e+02 
1223  9.803508e+02  9.679308e+02  1.241994e+01 
1225  1.213855e+03  1.203326e+03  1.052936e+01 
1227  1.643979e+03  1.631300e+03  1.267865e+01 
1230  8.165993e+02  8.104959e+02  6.103396e+00 
1232  2.556347e+03  2.534069e+03  2.227808e+01 
1235  2.033240e+03  2.016967e+03  1.627310e+01 
1237  1.840135e+03  1.824599e+03  1.553658e+01 
1239  1.718032e+03  1.695208e+03  2.282470e+01 
1242  2.480469e+03  2.433647e+03  4.682164e+01 
1244  1.568968e+03  1.549551e+03  1.941654e+01 
1247  1.275016e+03  1.260579e+03  1.443694e+01 
1249  1.236386e+03  1.211080e+03  2.530689e+01 
1252  1.583855e+03  1.564673e+03  1.918163e+01 
1254  1.783108e+03  1.762640e+03  2.046828e+01 
1256  4.432218e+03  4.278761e+03  1.534573e+02 
1259  4.947603e+03  4.795014e+03  1.525883e+02 
1261  3.575683e+03  3.472255e+03  1.034281e+02 
1264  1.894795e+04  1.700102e+04  1.946935e+03 
1266  3.453207e+04  2.609523e+04  8.436839e+03 
1269  5.168623e+03  4.879420e+03  2.892025e+02 
1271  9.685860e+03  8.976591e+03  7.092696e+02 
1274  2.127651e+03  2.074814e+03  5.283650e+01 
1276  3.228514e+03  3.074279e+03  1.542346e+02 
1279  2.730192e+03  2.658451e+03  7.174061e+01 
1281  1.706673e+03  1.655882e+03  5.079156e+01 
1284  2.120328e+03  2.041660e+03  7.866827e+01 
1286  2.116728e+03  2.003468e+03  1.132603e+02 
1289  1.343359e+04  1.222190e+04  1.211694e+03 
1291  8.604767e+03  7.700143e+03  9.046240e+02 
1294  2.635057e+03  2.417417e+03  2.176399e+02 
1296  5.676327e+03  5.353103e+03  3.232243e+02 
1299  6.145968e+03  5.828429e+03  3.175392e+02 
1301  3.431789e+03  3.322295e+03  1.094940e+02 
1304  4.618354e+03  4.429319e+03  1.890341e+02 
1306  2.807068e+03  2.697106e+03  1.099621e+02 
1309  1.304999e+03  1.259639e+03  4.536013e+01 
1311  1.479851e+03  1.410553e+03  6.929781e+01 
1314  2.018614e+03  1.949332e+03  6.928238e+01 
1316  2.207137e+03  2.091580e+03  1.155575e+02 
1319  2.765956e+03  2.645687e+03  1.202688e+02 
1322  2.792462e+03  2.665827e+03  1.266347e+02 
1324  2.906938e+03  2.746546e+03  1.603920e+02 
1327  2.601462e+03  2.481573e+03  1.198893e+02 
1329  2.220391e+03  2.093452e+03  1.269388e+02 
1332  2.835222e+03  2.631972e+03  2.032502e+02 
1335  1.689306e+03  1.574859e+03  1.144467e+02 
1337  1.404318e+03  1.314130e+03  9.018759e+01 
1340  8.032740e+03  5.933037e+03  2.099703e+03 
1342  9.572017e+02  8.799720e+02  7.722962e+01 
1345  6.201767e+03  5.158197e+03  1.043570e+03 
1348  4.566727e+02  4.102039e+02  4.646879e+01 
1350  2.377670e+03  2.113778e+03  2.638916e+02 
1353  5.103447e+03  4.302859e+03  8.005873e+02 
1355  2.402773e+03  2.158303e+03  2.444704e+02 
1358  1.891342e+03  1.724380e+03  1.669619e+02 
1361  4.442750e+03  3.909355e+03  5.333951e+02 
1363  3.557572e+03  3.270649e+03  2.869229e+02 
1366  6.100210e+03  5.139906e+03  9.603038e+02 
1369  2.689787e+03  2.489317e+03  2.004707e+02 
1371  4.753237e+03  4.062145e+03  6.910923e+02 
1374  5.144079e+03  4.868709e+03  2.753701e+02 
1377  3.667064e+03  3.481334e+03  1.857300e+02 
1379  3.235544e+03  2.951542e+03  2.840016e+02 
1382  3.919380e+03  3.535554e+03  3.838266e+02 
1385  2.678638e+03  2.437581e+03  2.410572e+02 
1388  4.691471e+03  3.974371e+03  7.170999e+02 
1390  1.974230e+03  1.679483e+03  2.947473e+02 
1393  3.667688e+03  2.986919e+03  6.807681e+02 
1396  2.616150e+03  2.346656e+03  2.694939e+02 
1398  6.779834e+03  6.108563e+03  6.712706e+02 
1401  3.375987e+03  3.096014e+03  2.799727e+02 
1404  2.834942e+03  2.574887e+03  2.600552e+02 
1407  1.711523e+03  1.486757e+03  2.247662e+02 
1409  2.228728e+03  1.934997e+03  2.937307e+02 
1412  2.354909e+03  2.095946e+03  2.589634e+02 
1415  5.065217e+03  4.700465e+03  3.647517e+02 
1418  4.106594e+03  3.805987e+03  3.006071e+02 
1420  1.915554e+03  1.687693e+03  2.278610e+02 
1423  2.700196e+03  2.455047e+03  2.451490e+02 
1426  1.977477e+03  1.555895e+03  4.215821e+02 
1429  2.248471e+03  2.036456e+03  2.120159e+02 
1431  4.242574e+03  3.826558e+03  4.160161e+02 
1434  2.032800e+03  1.756552e+03  2.762480e+02 
1437  3.193036e+03  2.965359e+03  2.276773e+02 
1440  3.268094e+03  2.533678e+03  7.344159e+02 
1443  2.981306e+03  2.481844e+03  4.994619e+02 
1445  1.490075e+03  1.205335e+03  2.847398e+02 
1448  3.448235e+03  2.722050e+03  7.261843e+02 
1451  8.362164e+03  6.937206e+03  1.424958e+03 
1454  3.188477e+03  1.855660e+03  1.332817e+03 
1457  1.367961e+03  1.180573e+03  1.873889e+02 
1460  3.360946e+03  2.600220e+03  7.607252e+02 
1462  1.808098e+03  1.601101e+03  2.069972e+02 
1465  2.983082e+03  1.494540e+03  1.488541e+03 
1468  1.809030e+03  1.412557e+03  3.964727e+02 
1471  4.522420e+03  3.541857e+03  9.805632e+02 
1474  9.259949e+03  7.653509e+03  1.606440e+03 
1477  6.683470e+03  5.298826e+03  1.384645e+03 
1480  2.127344e+03  1.791738e+03  3.356061e+02 
1482  3.418623e+03  3.013396e+03  4.052268e+02 
1485  3.753065e+03  3.011795e+03  7.412701e+02 
1488  4.332433e+03  3.781741e+03  5.506921e+02 
1491  3.956000e+03  3.419824e+03  5.361763e+02 
1494  3.658250e+03  3.010170e+03  6.480791e+02 
1497  1.010036e+03  8.493892e+02  1.606469e+02 
1500  8.738031e+02  7.070389e+02  1.667642e+02 
1503  1.940406e+03  1.592118e+03  3.482882e+02 
1506  2.493394e+03  2.143946e+03  3.494478e+02 
1509  2.358862e+03  2.125832e+03  2.330302e+02 
1512  3.030693e+03  2.570573e+03  4.601202e+02 
1515  1.473329e+03  1.299941e+03  1.733885e+02 
1518  3.653456e+02  2.939893e+02  7.135619e+01 
1520  2.169306e+03  1.806993e+03  3.623123e+02 
1523  2.171696e+03  1.861288e+03  3.104085e+02 
1526  2.556824e+03  2.233059e+03  3.237656e+02 
1529  4.777783e+02  3.494343e+02  1.283440e+02 
1532  1.101330e+03  9.215952e+02  1.797350e+02 
1535  2.858610e+03  1.182368e+03  1.676242e+03 
1538  8.813792e+02  6.782764e+02  2.031028e+02 
1541  2.299441e+03  1.548728e+03  7.507129e+02 
1544  6.517043e+02  4.877646e+02  1.639397e+02 
1547  5.175546e+03  3.472291e+03  1.703255e+03 
1550  4.450045e+03  3.258479e+03  1.191566e+03 
1553  1.260412e+03  9.878115e+02  2.726009e+02 
1556  2.432296e+03  1.801093e+03  6.312031e+02 
1559  3.374166e+03  3.118518e+03  2.556485e+02 
1562  2.649812e+03  2.384988e+03  2.648245e+02 
1566  9.421298e+02  8.116188e+02  1.305110e+02 
1569  4.936068e+03  4.553406e+03  3.826628e+02 
1572  3.710412e+03  2.898330e+03  8.120820e+02 
1575  5.104188e+03  4.508596e+03  5.955922e+02 
1578  4.401316e+03  3.456177e+03  9.451394e+02 
1581  4.170496e+03  3.269211e+03  9.012842e+02 
1584  2.479356e+03  2.067651e+03  4.117052e+02 
1587  2.738727e+03  2.197935e+03  5.407919e+02 
1590  8.826131e+02  6.481747e+02  2.344384e+02 
1593  2.485528e+03  1.840966e+03  6.445620e+02 
1596  1.833043e+03  1.202472e+03  6.305706e+02 
1599  1.726353e+03  1.263401e+03  4.629527e+02 
1603  2.332088e+03  1.930215e+03  4.018732e+02 
1606  2.691333e+03  2.068834e+03  6.224989e+02 
1609  4.088174e+03  3.913753e+03  1.744210e+02 
1612  3.460050e+03  3.289540e+03  1.705102e+02 
1615  2.271767e+02  1.759480e+02  5.122877e+01 
1618  3.849309e+03  3.354905e+03  4.944039e+02 
1621  6.814993e+03  5.543677e+03  1.271315e+03 
1624  4.193313e+03  3.470792e+03  7.225211e+02 
1628  8.300385e+03  6.356992e+03  1.943393e+03 
1631  4.286515e+03  3.502228e+03  7.842867e+02 
1634  6.744971e+03  5.631354e+03  1.113618e+03 
1637  9.190797e+03  6.831787e+03  2.359011e+03 
1640  1.606077e+04  1.122125e+04  4.839527e+03 
1644  3.517904e+03  3.052629e+03  4.652752e+02 
1647  2.855461e+03  2.379323e+03  4.761375e+02 
1650  4.566454e+03  3.952410e+03  6.140442e+02 
1653  4.591506e+03  4.163222e+03  4.282838e+02 
1656  3.574853e+03  3.442455e+03  1.323983e+02 
1660  3.423487e+03  3.203864e+03  2.196226e+02 
1663  1.980096e+03  1.642192e+03  3.379048e+02 
1666  8.664388e+02  6.419780e+02  2.244608e+02 
1669  2.120812e+03  1.621031e+03  4.997812e+02 
1673  4.226585e+03  2.729606e+03  1.496979e+03 
1676  8.807281e+03  6.603547e+03  2.203734e+03 
1679  6.957958e+03  5.640575e+03  1.317383e+03 
1682  6.051282e+03  3.817549e+03  2.233733e+03 
1686  1.021338e+04  6.660982e+03  3.552401e+03 
1689  2.700359e+03  2.159438e+03  5.409214e+02 
1692  1.767573e+03  1.467540e+03  3.000331e+02 
1696  9.688455e+02  7.602381e+02  2.086074e+02 
1699  1.114309e+03  8.699443e+02  2.443643e+02 
1702  6.391364e+03  5.597810e+03  7.935535e+02 
1706  1.582168e+03  1.354509e+03  2.276594e+02 
1709  4.468986e+03  3.403234e+03  1.065752e+03 
1712  1.701658e+03  1.202970e+03  4.986878e+02 
1715  3.778628e+03  2.942965e+03  8.356625e+02 
1719  3.074547e+03  2.732610e+03  3.419375e+02 
1722  4.755154e+03  3.546847e+03  1.208307e+03 
1726  5.519065e+03  4.985201e+03  5.338644e+02 
1729  1.045480e+03  8.021493e+02  2.433305e+02 
1732  1.753499e+03  1.318485e+03  4.350135e+02 
1736  8.134734e+02  6.363329e+02  1.771405e+02 
1739  1.001367e+03  6.259208e+02  3.754466e+02 
1742  9.430139e+02  7.125635e+02  2.304504e+02 
1746  2.246740e+03  1.766538e+03  4.802021e+02 
1749  3.890079e+03  2.540101e+03  1.349978e+03 
1753  1.904641e+02  1.181119e+02  7.235226e+01 
1756  5.430506e+02  3.447775e+02  1.982731e+02 
1759  2.810463e+03  2.376554e+03  4.339089e+02 
1763  2.535274e+03  1.805386e+03  7.298884e+02 
1766  2.004256e+03  1.155844e+03  8.484124e+02 
1770  8.136852e+02  5.991963e+02  2.144889e+02 
1773  3.848432e+03  2.595755e+03  1.252678e+03 
1777  1.180728e+03  9.643758e+02  2.163522e+02 
1780  1.480909e+03  1.073025e+03  4.078835e+02 
1784  7.075151e+03  5.465591e+03  1.609560e+03 
1787  1.347599e+04  1.008626e+04  3.389727e+03 
1791  1.313991e+03  9.974385e+02  3.165523e+02 
1794  5.466281e+03  3.684536e+03  1.781746e+03 
1798  3.236747e+03  2.840924e+03  3.958226e+02 
1801  8.554513e+02  5.016775e+02  3.537738e+02 
1805  2.489570e+03  1.889780e+03  5.997906e+02 
1808  1.898663e+03  1.427149e+03  4.715139e+02 
1812  1.743207e+03  1.014064e+03  7.291436e+02 
1815  1.348670e+03  9.911540e+02  3.575156e+02 
1819  1.685751e+03  1.381690e+03  3.040614e+02 
1822  2.080147e+03  1.778110e+03  3.020371e+02 
1826  3.329340e+03  2.368718e+03  9.606221e+02 
1829  1.605456e+03  1.277600e+03  3.278560e+02 
1833  2.327306e+03  1.756346e+03  5.709592e+02 
1836  1.140482e+03  1.016039e+03  1.244427e+02 
1840  3.584229e+03  2.221806e+03  1.362423e+03 
1844  1.985956e+03  1.302557e+03  6.833981e+02 
1847  1.843386e+03  1.667124e+03  1.762623e+02 
1851  1.848023e+03  1.293883e+03  5.541398e+02 
1854  8.485201e+02  5.321658e+02  3.163542e+02 
1858  1.122095e+03  8.718248e+02  2.502705e+02 
1862  3.517796e+03  2.025022e+03  1.492774e+03 
1865  2.026631e+03  1.653017e+03  3.736145e+02 
1869  1.288675e+03  9.710554e+02  3.176196e+02 
1873  4.914402e+02  3.713461e+02  1.200941e+02 
1876  3.457129e+03  2.824283e+03  6.328460e+02 
1880  2.874750e+03  2.302154e+03  5.725966e+02 
1883  4.802400e+03  2.812551e+03  1.989849e+03 
1887  5.035484e+03  4.471656e+03  5.638282e+02 
1891  1.155996e+03  9.001845e+02  2.558116e+02 
1895  1.227615e+03  9.208958e+02  3.067195e+02 
1898  2.590888e+03  1.860380e+03  7.305078e+02 
1902  6.741999e+03  6.002708e+03  7.392914e+02 
1906  2.209251e+03  1.586526e+03  6.227251e+02 
1909  1.742123e+03  1.447504e+03  2.946198e+02 
1913  1.696082e+03  1.294433e+03  4.016484e+02 
1917  3.093462e+03  2.303560e+03  7.899030e+02 
1921  2.003897e+03  1.251893e+03  7.520043e+02 
1924  3.650567e+03  3.269414e+03  3.811530e+02 
1928  2.942486e+03  2.452773e+03  4.897121e+02 
1932  1.478781e+03  1.128715e+03  3.500663e+02 
1936  4.240532e+03  3.825181e+03  4.153512e+02 
1939  1.537906e+03  9.976382e+02  5.402679e+02 
1943  2.663682e+03  2.023347e+03  6.403348e+02 
1947  3.560197e+03  2.620729e+03  9.394680e+02 
1951  1.992122e+03  1.316145e+03  6.759766e+02 
1954  1.391361e+03  1.110017e+03  2.813440e+02 
1958  1.390042e+04  7.370373e+03  6.530044e+03 
1962  2.116434e+03  1.422589e+03  6.938443e+02 
1966  1.188400e+04  6.976862e+03  4.907138e+03 
1970  1.265971e+04  7.450386e+03  5.209327e+03 
1974  4.229116e+04  2.337455e+04  1.891661e+04 
1977  5.294052e+03  3.002717e+03  2.291335e+03 
1981  9.158221e+02  5.795245e+02  3.362976e+02 
1985  2.366688e+03  1.617887e+03  7.488007e+02 
1989  1.657202e+03  1.253783e+03  4.034187e+02 
1993  3.378864e+03  2.084571e+03  1.294293e+03 
1997  2.181662e+03  1.332379e+03  8.492831e+02 
2001  3.793598e+03  3.282434e+03  5.111645e+02 
2005  1.995675e+03  1.645145e+03  3.505298e+02 
2008  4.012000e+03  3.190629e+03  8.213712e+02 
2012  3.085394e+03  2.278855e+03  8.065384e+02 
2016  5.090194e+03  3.281774e+03  1.808420e+03 
2020  1.681953e+03  1.284914e+03  3.970385e+02 
2024  2.049100e+03  1.314607e+03  7.344932e+02 
2028  3.502628e+03  2.523176e+03  9.794516e+02 
2032  3.006760e+03  2.436250e+03  5.705095e+02 
2036  1.351321e+03  1.089126e+03  2.621952e+02 
2040  2.891560e+03  2.451462e+03  4.400982e+02 
2044  2.006846e+03  1.581893e+03  4.249538e+02 
2048  1.109210e+03  7.496638e+02  3.595457e+02 
2052  1.538694e+03  1.298418e+03  2.402758e+02 
2056  2.563156e+03  2.084987e+03  4.781693e+02 
2060  2.180060e+03  1.364245e+03  8.158151e+02 
2064  3.828902e+03  3.122875e+03  7.060263e+02 
2068  4.441411e+03  2.827959e+03  1.613452e+03 
2072  4.773333e+03  3.613976e+03  1.159357e+03 
2076  3.732164e+03  2.444970e+03  1.287193e+03 
2080  2.922167e+03  1.814029e+03  1.108138e+03 
2084  1.119423e+03  7.397932e+02  3.796294e+02 
2088  2.005205e+03  1.628476e+03  3.767287e+02 
2092  1.963744e+03  1.284647e+03  6.790969e+02 
2096  2.103452e+03  1.527432e+03  5.760195e+02 
2100  3.034059e+03  2.091924e+03  9.421342e+02 
2104  3.364722e+03  2.142079e+03  1.222643e+03 
2109  7.049560e+03  6.061416e+03  9.881443e+02 
2113  1.632056e+03  1.087229e+03  5.448276e+02 
2117  8.418162e+03  5.754915e+03  2.663247e+03 
2121  6.138421e+02  5.060958e+02  1.077463e+02 
2125  1.471343e+03  8.931391e+02  5.782037e+02 
2129  3.441187e+03  2.747626e+03  6.935607e+02 
2133  2.488629e+03  1.744512e+03  7.441172e+02 
2138  2.993411e+03  2.611510e+03  3.819007e+02 
2142  3.282335e+03  2.211507e+03  1.070829e+03 
2146  2.013698e+03  1.742097e+03  2.716009e+02 
2150  3.283500e+03  2.775001e+03  5.084987e+02 
2154  1.838257e+03  1.331186e+03  5.070712e+02 
2158  3.481856e+03  2.321518e+03  1.160339e+03 
2163  3.126205e+03  2.699307e+03  4.268983e+02 
2167  3.282833e+03  2.786899e+03  4.959340e+02 
2171  2.034810e+03  1.439481e+03  5.953298e+02 
2175  4.036819e+03  3.061706e+03  9.751126e+02 
2180  8.698979e+02  7.143425e+02  1.555554e+02 
2184  4.095168e+03  2.766523e+03  1.328645e+03 
2188  3.710165e+03  2.747643e+03  9.625220e+02 
2192  1.061204e+03  7.363286e+02  3.248752e+02 
2197  9.614031e+02  5.848473e+02  3.765558e+02 
2201  1.572415e+03  1.145011e+03  4.274037e+02 
2205  2.167438e+03  1.575454e+03  5.919841e+02 
2209  3.178712e+03  2.278738e+03  8.999741e+02 
2214  4.383033e+03  3.571676e+03  8.113575e+02 
2218  2.747374e+03  2.160754e+03  5.866195e+02 
2222  7.514739e+03  6.463220e+03  1.051519e+03 
2227  3.419989e+03  2.454832e+03  9.651578e+02 
2231  4.835723e+03  3.269588e+03  1.566135e+03 
2235  6.107514e+03  4.982384e+03  1.125130e+03 
2240  8.115451e+03  6.624999e+03  1.490453e+03 
2244  8.908669e+03  6.787065e+03  2.121603e+03 
2248  8.573508e+03  7.072625e+03  1.500883e+03 
2253  9.240381e+03  8.249065e+03  9.913154e+02 
2257  6.057297e+03  4.628129e+03  1.429168e+03 
2262  1.960647e+04  1.859651e+04  1.009962e+03 
2266  1.467000e+04  1.310029e+04  1.569707e+03 
2270  1.131330e+04  9.248864e+03  2.064438e+03 
2275  1.509404e+04  1.182150e+04  3.272540e+03 
2279  1.488610e+04  1.324675e+04  1.639350e+03 
2284  8.028728e+03  6.939247e+03  1.089481e+03 
2288  3.819541e+03  2.565243e+03  1.254298e+03 
2293  7.309695e+03  5.618987e+03  1.690708e+03 
2297  3.632640e+03  2.794973e+03  8.376671e+02 
2302  2.727698e+03  2.090215e+03  6.374839e+02 
2306  1.122176e+04  7.132750e+03  4.089014e+03 
2311  9.182565e+03  6.684940e+03  2.497625e+03 
2315  7.245150e+03  5.027756e+03  2.217394e+03 
2320  5.116391e+03  4.017571e+03  1.098820e+03 
2324  6.142516e+03  4.651576e+03  1.490940e+03 
2329  4.566149e+04  4.098302e+04  4.678468e+03 
2333  4.420668e+04  3.954664e+04  4.660031e+03 
2338  3.549362e+04  3.135854e+04  4.135081e+03 
2342  6.914563e+04  6.557427e+04  3.571360e+03 
2347  1.031443e+05  9.423634e+04  8.907973e+03 
2351  5.212214e+03  3.672299e+03  1.539915e+03 
2356  9.104229e+03  7.178894e+03  1.925336e+03 
2361  1.809967e+05  1.686057e+05  1.239096e+04 
2365  1.166620e+05  1.090015e+05  7.660430e+03 
2370  4.889801e+04  4.424080e+04  4.657213e+03 
2374  9.827236e+04  9.534061e+04  2.931752e+03 
2379  8.947381e+04  8.097216e+04  8.501655e+03 
2384  2.676505e+05  2.616113e+05  6.039154e+03 
2388  9.001966e+04  8.043912e+04  9.580529e+03 
2393  2.725776e+05  2.406544e+05  3.192323e+04 
2398  8.023595e+04  7.065064e+04  9.585305e+03 
2402  1.211944e+05  1.075103e+05  1.368408e+04 
2407  7.646238e+04  6.304366e+04  1.341873e+04 
2412  1.707070e+05  1.491188e+05  2.158819e+04 
2416  1.628827e+04  1.152288e+04  4.765385e+03 
2421  6.737257e+03  5.571152e+03  1.166105e+03 
2426  2.245382e+04  1.915597e+04  3.297853e+03 
2431  7.032431e+04  4.408271e+04  2.624161e+04 
2435  2.774046e+04  2.188818e+04  5.852277e+03 
2440  9.812831e+03  8.412225e+03  1.400607e+03 
2445  2.511993e+04  2.213304e+04  2.986888e+03 
2450  3.503881e+04  2.184126e+04  1.319756e+04 
2454  3.473133e+04  2.139278e+04  1.333855e+04 
2459  2.731924e+04  2.210950e+04  5.209740e+03 
2464  3.539467e+04  2.594434e+04  9.450325e+03 
2469  3.013650e+04  2.221691e+04  7.919591e+03 
2473  5.027712e+04  3.097170e+04  1.930543e+04 
2478  1.629328e+04  1.385579e+04  2.437482e+03 
2483  3.003131e+04  2.650800e+04  3.523310e+03 
2488  1.908345e+04  1.457228e+04  4.511175e+03 
2493  8.716220e+04  7.897096e+04  8.191231e+03 
2498  1.576430e+04  1.284820e+04  2.916099e+03 
2503  1.677568e+04  1.380839e+04  2.967286e+03 
2507  1.904209e+04  1.363104e+04  5.411052e+03 
2512  2.735735e+04  2.360938e+04  3.747976e+03 
2517  1.722322e+04  1.339510e+04  3.828115e+03 
2522  1.248207e+04  8.714723e+03  3.767348e+03 
2527  4.615403e+04  3.943929e+04  6.714744e+03 
2532  1.189623e+04  1.059889e+04  1.297335e+03 
2537  3.382888e+04  2.646760e+04  7.361282e+03 
2542  1.868063e+04  1.518057e+04  3.500064e+03 
2547  2.590479e+04  2.239682e+04  3.507974e+03 
2552  1.860916e+04  1.339648e+04  5.212682e+03 
2557  9.761652e+03  7.857309e+03  1.904344e+03 
2562  7.492099e+04  6.685358e+04  8.067416e+03 
2567  2.222223e+04  1.854187e+04  3.680370e+03 
2572  1.872283e+04  1.464493e+04  4.077899e+03 
2577  1.661657e+04  1.411299e+04  2.503581e+03 
2582  3.229543e+04  2.574151e+04  6.553917e+03 
2587  1.088708e+05  1.054834e+05  3.387353e+03 
2592  2.494835e+04  2.262648e+04  2.321870e+03 
2597  3.276728e+05  3.078586e+05  1.981426e+04 
2602  5.600165e+03  4.547529e+03  1.052636e+03 
2607  1.465612e+05  1.288631e+05  1.769810e+04 
2612  3.564444e+05  3.124824e+05  4.396198e+04 
2617  1.284565e+05  1.169471e+05  1.150935e+04 
2622  1.029584e+05  9.357252e+04  9.385923e+03 
2627  5.962766e+05  5.205195e+05  7.575712e+04 
2632  3.759201e+05  3.339440e+05  4.197605e+04 
2638  5.387665e+03  3.725722e+03  1.661943e+03 
2643  6.146265e+03  4.210079e+03  1.936187e+03 
2648  4.110178e+03  2.647919e+03  1.462259e+03 
2653  5.614863e+03  3.788878e+03  1.825985e+03 
2658  3.413236e+03  2.171927e+03  1.241310e+03 
2663  4.044801e+03  3.292116e+03  7.526852e+02 
2669  8.300004e+03  6.916493e+03  1.383510e+03 
2674  8.242974e+02  4.295855e+02  3.947119e+02 
2679  5.125764e+03  3.896751e+03  1.229013e+03 
2684  8.196508e+03  5.899266e+03  2.297242e+03 
2689  2.654882e+03  1.654123e+03  1.000759e+03 
2695  2.482537e+04  2.120603e+04  3.619338e+03 
2700  2.264959e+03  1.379929e+03  8.850304e+02 
2705  9.878447e+03  7.291134e+03  2.587312e+03 
2710  2.124674e+04  1.807480e+04  3.171938e+03 
2716  8.973180e+04  7.945216e+04  1.027964e+04 
2721  6.685058e+03  4.679879e+03  2.005178e+03 
2726  6.635888e+04  5.794064e+04  8.418243e+03 
2732  7.622164e+04  6.704465e+04  9.176991e+03 
2737  9.370308e+04  8.344585e+04  1.025723e+04 
2742  3.427356e+04  2.908933e+04  5.184226e+03 
2748  1.706443e+05  1.507328e+05  1.991150e+04 
2753  1.427655e+05  1.236513e+05  1.911421e+04 
2758  1.464052e+04  1.321083e+04  1.429694e+03 
2764  3.495676e+04  2.947804e+04  5.478712e+03 
2769  5.839808e+04  4.921132e+04  9.186759e+03 
2774  9.903041e+04  8.913678e+04  9.893632e+03 
2780  7.424968e+03  4.797192e+03  2.627776e+03 
2785  1.171285e+04  8.985112e+03  2.727736e+03 
2791  6.311919e+03  4.792335e+03  1.519584e+03 
2796  4.306381e+03  3.978770e+03  3.276111e+02 
2802  4.978567e+03  3.946359e+03  1.032209e+03 
2807  4.077749e+03  2.754376e+03  1.323373e+03 
2813  3.182869e+03  2.153116e+03  1.029753e+03 
2818  1.073375e+04  6.049828e+03  4.683925e+03 
2823  2.730654e+04  1.691730e+04  1.038924e+04 
2829  3.291878e+04  2.434198e+04  8.576794e+03 
2834  2.269466e+04  1.722291e+04  5.471754e+03 
2840  3.414602e+04  1.965517e+04  1.449085e+04 
2846  5.581021e+04  3.002283e+04  2.578738e+04 
2851  1.527720e+04  9.698348e+03  5.578855e+03 
2857  2.639786e+04  1.464398e+04  1.175388e+04 
2862  1.968311e+04  1.131861e+04  8.364494e+03 
2868  1.504155e+04  1.085135e+04  4.190199e+03 
2873  1.188349e+04  7.093000e+03  4.790490e+03 
2879  1.646680e+04  1.212164e+04  4.345158e+03 
2885  1.295316e+04  1.067302e+04  2.280144e+03 
2890  1.366331e+04  1.081734e+04  2.845966e+03 
2896  8.190545e+03  5.152898e+03  3.037647e+03 
2901  3.671134e+03  2.488060e+03  1.183073e+03 
2907  7.046537e+03  5.417595e+03  1.628941e+03 
2913  9.122507e+02  5.459368e+02  3.663139e+02 
2918  1.199526e+04  9.512310e+03  2.482954e+03 
2924  3.165827e+04  2.830884e+04  3.349430e+03 
2930  1.548545e+03  8.473654e+02  7.011797e+02 
2936  2.522661e+03  1.376907e+03  1.145754e+03 
2941  1.640400e+04  1.386865e+04  2.535344e+03 
2947  1.762869e+04  1.460585e+04  3.022838e+03 
2953  1.691083e+04  1.503424e+04  1.876589e+03 
2958  5.978571e+03  5.004450e+03  9.741210e+02 
2964  2.054712e+04  1.733879e+04  3.208322e+03 
2970  1.705414e+04  1.426825e+04  2.785891e+03 
2976  5.898809e+03  4.632333e+03  1.266476e+03 
2982  5.237076e+04  4.499431e+04  7.376453e+03 
2987  1.794532e+04  1.496091e+04  2.984403e+03 
2993  1.884718e+03  9.884568e+02  8.962614e+02 
2999  4.482652e+03  3.456176e+03  1.026476e+03 
3005  2.509820e+04  2.173968e+04  3.358518e+03 
3011  1.235931e+04  6.599280e+03  5.760029e+03 
3017  1.010685e+04  5.508462e+03  4.598383e+03 
3023  4.614819e+03  2.414060e+03  2.200759e+03 
3028  2.148351e+03  1.167507e+03  9.808441e+02 
3034  5.892667e+03  3.029084e+03  2.863583e+03 
3040  2.248292e+03  1.184855e+03  1.063438e+03 
3046  1.324595e+04  7.477844e+03  5.768102e+03 
3052  7.676349e+03  3.924869e+03  3.751480e+03 
3058  1.808301e+03  9.278152e+02  8.804855e+02 
3064  4.034722e+03  2.493198e+03  1.541525e+03 
3070  1.270127e+04  6.616100e+03  6.085168e+03 
3076  1.762320e+04  9.475121e+03  8.148078e+03 
3082  2.009510e+03  1.104142e+03  9.053679e+02 
3088  9.479490e+02  5.322996e+02  4.156494e+02 
3094  2.089815e+03  1.631188e+03  4.586266e+02 
3100  1.549314e+03  8.120461e+02  7.372679e+02 
3106  4.929643e+03  2.509373e+03  2.420270e+03 
3112  2.590427e+03  1.329876e+03  1.260551e+03 
3118  2.159860e+03  1.110826e+03  1.049035e+03 
3124  8.400777e+01  4.323458e+01  4.077319e+01 
3130  1.699546e+03  9.301674e+02  7.693786e+02 
3136  8.150537e+02  4.249153e+02  3.901383e+02 
3142  5.101851e+03  4.318005e+03  7.838463e+02 
3149  1.464653e+03  8.789200e+02  5.857329e+02 
3155  8.020833e+02  4.471892e+02  3.548941e+02 
3161  2.681532e+04  2.184832e+04  4.967003e+03 
3167  1.291493e+04  1.082534e+04  2.089590e+03 
3173  4.434467e+02  2.276760e+02  2.157707e+02 
3179  8.545638e+03  5.279840e+03  3.265797e+03 
3186  2.888529e+04  2.471294e+04  4.172348e+03 
3192  3.006551e+04  2.492805e+04  5.137458e+03 
3198  2.843255e+04  2.547101e+04  2.961547e+03 
3204  1.449885e+03  8.838767e+02  5.660086e+02 
3210  2.438448e+04  2.045926e+04  3.925218e+03 
3217  2.291692e+02  1.173541e+02  1.118151e+02 
3223  8.424247e+02  4.375115e+02  4.049132e+02 
3229  2.508071e+04  2.066089e+04  4.419820e+03 
3236  6.077626e+03  4.488937e+03  1.588690e+03 
3242  2.407986e+03  1.669486e+03  7.385005e+02 
3248  7.336700e+03  4.725815e+03  2.610885e+03 
3255  2.473520e+04  2.218686e+04  2.548341e+03 
3261  4.448037e+03  3.365820e+03  1.082217e+03 
3267  7.214428e+03  5.661645e+03  1.552783e+03 
3274  6.433617e+02  3.278431e+02  3.155186e+02 
3280  7.067309e+04  6.458514e+04  6.087944e+03 
3286  8.316445e+03  6.800291e+03  1.516155e+03 
3293  1.055030e+04  9.180321e+03  1.369982e+03 
3299  1.172080e+04  9.796135e+03  1.924670e+03 
3306  8.788769e+03  7.546429e+03  1.242340e+03 
3312  9.977217e+03  7.622962e+03  2.354254e+03 
3318  1.386587e+03  7.295594e+02  6.570280e+02 
3325  1.788861e+03  1.085806e+03  7.030552e+02 
3331  2.256680e+02  1.157620e+02  1.099060e+02 
3338  3.098983e+03  1.836422e+03  1.262560e+03 
3344  1.354338e+02  6.989544e+01  6.553839e+01 
3351  4.165903e+01  2.130223e+01  2.035681e+01 
3357  4.545545e+03  2.514744e+03  2.030800e+03 
3364  4.381491e+03  2.604031e+03  1.777460e+03 
3371  4.031170e+03  2.099487e+03  1.931684e+03 
3377  4.692509e+03  2.473731e+03  2.218779e+03 
3384  3.318617e+03  1.872013e+03  1.446604e+03 
3390  3.758154e+03  1.900389e+03  1.857765e+03 
3397  9.885590e+02  4.999012e+02  4.886578e+02 
3403  2.835240e+02  1.450154e+02  1.385086e+02 
3410  7.439764e+02  4.705762e+02  2.734003e+02 
3417  4.624523e+03  2.801247e+03  1.823276e+03 
3423  6.181632e+02  3.158817e+02  3.022815e+02 
3430  1.193902e+03  6.606461e+02  5.332557e+02 
3437  1.918987e+03  1.378627e+03  5.403599e+02 
3443  2.538225e+03  1.348953e+03  1.189272e+03 
3450  4.395315e+03  2.623562e+03  1.771753e+03 
3457  6.430952e+03  3.935424e+03  2.495528e+03 
3464  3.009081e+03  1.920183e+03  1.088898e+03 
3470  1.082120e+03  6.273246e+02  4.547951e+02 
3477  1.098808e+04  7.669818e+03  3.318262e+03 
3484  4.106977e+03  2.271193e+03  1.835783e+03 
3491  2.190687e+03  1.343080e+03  8.476071e+02 
3498  5.238722e+03  3.492407e+03  1.746314e+03 
3504  7.638529e+03  4.249556e+03  3.388973e+03 
3511  2.168624e+02  1.116491e+02  1.052133e+02 
3518  3.383808e+03  2.115869e+03  1.267938e+03 
3525  1.937222e+03  1.000927e+03  9.362953e+02 
3532  1.976585e+03  1.017610e+03  9.589754e+02 
3539  5.616865e+03  2.866212e+03  2.750653e+03 
3545  3.430256e+02  1.745675e+02  1.684581e+02 
3552  1.329084e+03  7.805722e+02  5.485115e+02 
3559  5.957781e+02  3.051913e+02  2.905868e+02 
3566  8.904399e+02  4.622595e+02  4.281804e+02 
3573  1.064865e+02  5.492588e+01  5.156061e+01 
3580  3.530648e+01  1.804413e+01  1.726235e+01 
3587  5.506661e+02  2.817118e+02  2.689543e+02 
3594  7.372365e+01  3.752203e+01  3.620163e+01 
3601  3.190926e+02  1.619319e+02  1.571607e+02 
3608  1.107475e+02  5.639829e+01  5.434925e+01 
3615  2.942846e+02  1.520768e+02  1.422078e+02 
3622  2.298458e+03  1.345728e+03  9.527308e+02 
3629  1.129333e+02  5.832884e+01  5.460445e+01 
3636  3.320833e+02  1.764936e+02  1.555897e+02 
3643  1.408415e+03  9.460917e+02  4.623230e+02 
3651  2.650313e+01  1.349120e+01  1.301193e+01 
3658  2.078759e+03  1.589396e+03  4.893631e+02 
3665  6.366949e+01  3.238102e+01  3.128847e+01 
3672  2.857190e+01  1.455552e+01  1.401637e+01 
3679  1.381897e+02  6.854565e+01  6.964403e+01 
3686  1.069188e+02  5.761852e+01  4.930028e+01 
3693  5.099022e+01  2.597098e+01  2.501924e+01 
3701  2.473618e+02  1.264391e+02  1.209227e+02 
3708  1.010761e+02  5.145318e+01  4.962292e+01 
3715  1.001479e+02  5.326345e+01  4.688448e+01 
3722  6.818137e+02  3.545146e+02  3.272991e+02 
3730  5.045415e+02  2.613560e+02  2.431855e+02 
3737  2.093472e+01  1.112665e+01  9.808062e+00 
3744  6.337870e+02  3.272612e+02  3.065258e+02 
3751  1.130897e+03  6.630436e+02  4.678538e+02 
3759  1.029696e+03  5.490793e+02  4.806170e+02 
3766  4.342375e+03  3.041820e+03  1.300556e+03 
3773  1.267602e+01  7.106575e+00  5.569448e+00 
3781  4.404351e+03  2.785855e+03  1.618496e+03 
3788  5.640147e+02  2.935270e+02  2.704877e+02 
3795  6.243698e+02  3.328622e+02  2.915075e+02 
3803  1.345731e+02  6.851119e+01  6.606188e+01 
3810  7.031177e+02  3.539939e+02  3.491238e+02 
3818  2.599704e+01  1.320932e+01  1.278773e+01 
3825  7.551832e+03  5.594523e+03  1.957309e+03 
3833  3.180263e+02  1.643590e+02  1.536673e+02 
3840  1.042888e+02  5.301903e+01  5.126980e+01 
3847  4.700771e+02  2.425389e+02  2.275382e+02 
3855  1.186281e+01  6.025201e+00  5.837605e+00 
3862  3.955582e+01  2.008463e+01  1.947119e+01 
3870  2.652295e+03  1.754904e+03  8.973907e+02 
3878  4.970539e+01  2.524786e+01  2.445753e+01 
3885  3.171469e+01  1.610581e+01  1.560888e+01 
3893  8.469111e+02  4.499427e+02  3.969684e+02 
3900  6.777570e+01  3.441339e+01  3.336230e+01 
3908  2.171725e+03  1.179513e+03  9.922125e+02 
3915  4.704801e+03  3.052788e+03  1.652013e+03 
3923  5.395812e+01  2.739338e+01  2.656474e+01 
3931  5.813102e+03  3.874839e+03  1.938263e+03 
3938  1.242116e+04  1.011522e+04  2.305932e+03 
3946  6.136965e+03  4.343857e+03  1.793107e+03 
3954  8.164387e+01  4.136794e+01  4.027593e+01 
3961  2.050373e+03  1.130002e+03  9.203701e+02 
3969  1.276614e+04  9.555671e+03  3.210470e+03 
3977  5.370313e+03  3.895203e+03  1.475110e+03 
3985  2.963402e+03  1.724897e+03  1.238505e+03 
3992  9.161934e+02  4.600316e+02  4.561618e+02 
4000  3.828614e+03  2.498881e+03  1.329733e+03 
4008  2.015601e+02  1.020408e+02  9.951930e+01 
4016  1.780097e+02  9.006464e+01  8.794508e+01 
4024  6.392330e+02  3.356428e+02  3.035902e+02 
4031  1.481913e+02  7.491551e+01  7.327580e+01 
4039  2.709470e+01  1.373671e+01  1.335799e+01 
4047  1.959480e+01  9.932946e+00  9.661848e+00 
4055  5.519821e+01  2.802203e+01  2.717618e+01 
4063  9.515287e+02  4.819470e+02  4.695818e+02 
4071  4.482337e+02  2.272274e+02  2.210062e+02 
4079  1.188309e+03  6.116757e+02  5.766334e+02 
4087  9.959214e+02  5.137335e+02  4.821879e+02 
4095  3.369189e+02  1.707416e+02  1.661772e+02 
4103  1.919025e+02  9.814326e+01  9.375924e+01 
4111  3.627582e+02  1.838261e+02  1.789321e+02 
4119  3.551306e+03  2.148006e+03  1.403299e+03 
4127  3.164457e+03  1.900473e+03  1.263984e+03 
4135  1.330197e+03  7.060853e+02  6.241117e+02 
4143  5.909926e+02  2.993312e+02  2.916614e+02 
4151  1.162261e+02  5.883314e+01  5.739299e+01 
4159  6.265577e+02  3.213282e+02  3.052295e+02 
4167  3.034681e+02  1.545304e+02  1.489377e+02 
4175  1.907929e+04  1.296379e+04  6.115503e+03 
4183  7.219202e+02  3.697138e+02  3.522063e+02 
4191  2.419902e+01  1.224434e+01  1.195468e+01 
4200  1.261266e+02  6.385338e+01  6.227318e+01 
4208  6.067775e+02  3.078789e+02  2.988985e+02 
4216  1.580696e+01  7.999690e+00  7.807266e+00 
4224  1.436559e+02  7.266675e+01  7.098911e+01 
4232  1.270837e+04  1.075517e+04  1.953197e+03 
4241  4.177681e+04  2.257932e+04  1.919749e+04 
4249  6.932336e+02  3.569293e+02  3.363044e+02 
4257  3.539382e+03  1.953990e+03  1.585392e+03 
4265  1.040735e+02  5.258606e+01  5.148746e+01 
4274  2.405517e+04  1.301068e+04  1.104450e+04 
4282  3.467741e+01  1.751439e+01  1.716302e+01 
4290  3.268010e+04  1.773441e+04  1.494569e+04 
4299  1.024777e+04  7.236995e+03  3.010775e+03 
4307  6.267443e+03  3.212250e+03  3.055194e+03 
4316  1.640662e+04  9.141800e+03  7.264817e+03 
4324  3.433606e+02  1.740880e+02  1.692726e+02 
4332  5.638017e+03  4.304054e+03  1.333964e+03 
4341  5.498851e+03  3.795472e+03  1.703378e+03 
4349  2.623385e+04  1.563845e+04  1.059540e+04 
4358  3.805402e+04  2.009190e+04  1.796212e+04 
4366  2.494817e+03  1.361698e+03  1.133119e+03 
4375  1.612855e+04  1.153154e+04  4.597012e+03 
4383  1.306510e+04  8.931586e+03  4.133513e+03 
4392  1.193083e+01  6.015645e+00  5.915186e+00 
4400  5.407466e+03  4.014119e+03  1.393347e+03 
4409  1.275315e+04  1.082923e+04  1.923918e+03 
4418  2.966886e+04  1.647540e+04  1.319346e+04 
4426  2.278769e+01  1.148590e+01  1.130179e+01 
4435  5.339273e+03  3.180534e+03  2.158739e+03 
4443  1.455588e+02  7.337431e+01  7.218449e+01 
4452  1.304313e+04  6.752698e+03  6.290432e+03 
4461  4.666811e+03  2.377713e+03  2.289097e+03 
4469  6.705115e+03  4.374514e+03  2.330601e+03 
4478  6.427181e+03  3.287366e+03  3.139815e+03 
4487  1.547269e+04  1.046070e+04  5.011994e+03 
4496  9.736522e+02  4.920319e+02  4.816203e+02 
4504  5.269023e+03  3.863821e+03  1.405203e+03 
4513  7.748749e+03  4.984402e+03  2.764347e+03 
4522  1.413459e+04  1.107146e+04  3.063132e+03 
4531  5.027547e+03  2.935933e+03  2.091613e+03 
4540  5.135594e+03  3.713693e+03  1.421901e+03 
4548  7.677662e+03  6.176011e+03  1.501651e+03 
4557  6.990120e+03  5.249541e+03  1.740580e+03 
4566  2.127837e+01  1.071084e+01  1.056753e+01 
4575  7.253795e+03  5.467476e+03  1.786319e+03 
4584  1.794724e+04  1.344831e+04  4.498927e+03 
4593  4.189408e+03  2.484106e+03  1.705302e+03 
4602  3.892404e+02  1.960895e+02  1.931510e+02 
4611  4.386237e+01  2.211410e+01  2.174827e+01 
4620  7.856367e+03  6.326495e+03  1.529872e+03 
4629  1.950904e+04  1.431201e+04  5.197026e+03 
4638  2.573668e+03  1.304155e+03  1.269513e+03 
4647  4.706740e+03  2.947891e+03  1.758850e+03 
4656  4.311057e+02  2.211903e+02  2.099154e+02 
4665  9.715895e+03  6.511699e+03  3.204195e+03 
4674  1.800375e+03  9.423787e+02  8.579963e+02 
4683  1.280565e+03  6.468566e+02  6.337083e+02 
4692  7.946387e+00  3.995970e+00  3.950417e+00 
4701  1.296386e+02  6.518678e+01  6.445187e+01 
4711  1.564034e+02  7.151832e+01  8.488505e+01 
4720  1.183982e+03  5.984958e+02  5.854867e+02 
4729  7.162343e+03  3.698453e+03  3.463889e+03 
4738  1.281159e+03  6.590042e+02  6.221548e+02 
4747  8.184017e+02  4.117431e+02  4.066586e+02 
4757  7.995115e+01  4.018496e+01  3.976619e+01 
4766  4.443941e+00  2.233565e+00  2.210377e+00 
4775  5.302177e+03  2.693909e+03  2.608268e+03 
4784  5.592363e+00  2.810143e+00  2.782220e+00 
4794  7.921227e+02  3.988382e+02  3.932845e+02 
4803  2.503210e+01  1.257895e+01  1.245315e+01 
4813  1.138090e+04  5.843620e+03  5.537284e+03 
4822  1.445399e+04  7.478472e+03  6.975521e+03 
4831  2.461771e+03  1.263797e+03  1.197975e+03 
4841  2.345293e+03  1.230816e+03  1.114477e+03 
4850  1.291366e+03  6.535034e+02  6.378632e+02 
4860  3.981367e+02  2.012000e+02  1.969367e+02 
4869  5.948690e+03  3.056231e+03  2.892459e+03 
4879  6.591098e+03  3.355338e+03  3.235759e+03 
4888  8.172888e+03  4.170506e+03  4.002381e+03 
4898  2.047924e+03  1.033829e+03  1.014095e+03 
4907  1.186383e+04  6.036583e+03  5.827250e+03 
4917  6.643722e+00  3.336111e+00  3.307611e+00 
4926  1.755716e+04  1.329472e+04  4.262439e+03 
4936  3.361862e+01  1.688063e+01  1.673800e+01 
4945  1.288483e+04  6.617441e+03  6.267388e+03 
4955  5.023205e+03  2.544043e+03  2.479162e+03 
4965  2.869851e+01  1.440964e+01  1.428887e+01 
4974  5.412911e+03  2.745873e+03  2.667038e+03 
4984  5.173522e+01  2.596957e+01  2.576565e+01 
4994  2.848500e+03  1.480492e+03  1.368008e+03 
5004  9.988658e+03  5.091167e+03  4.897492e+03 
5013  2.471530e+04  1.915266e+04  5.562641e+03 
5023  4.878746e+03  2.472099e+03  2.406647e+03 
5033  8.624841e+01  4.333324e+01  4.291517e+01 
5043  5.571863e+03  2.815144e+03  2.756719e+03 
5052  9.096215e+03  4.636542e+03  4.459674e+03 
5062  5.987322e+02  3.013329e+02  2.973992e+02 
5072  2.309151e+04  1.193082e+04  1.116068e+04 
5082  2.505631e+02  1.263059e+02  1.242571e+02 
5092  2.897776e+01  1.455209e+01  1.442568e+01 
5102  1.328189e+03  6.761015e+02  6.520875e+02 
5112  1.768617e+04  9.053996e+03  8.632171e+03 
5122  7.616324e+02  3.860412e+02  3.755912e+02 
5132  2.933745e+03  1.492183e+03  1.441561e+03 
5142  1.804298e+03  9.322892e+02  8.720085e+02 
5152  2.080071e+03  1.059550e+03  1.020521e+03 
5162  7.871220e+04  4.254551e+04  3.616669e+04 
5172  4.836220e+04  3.544752e+04  1.291467e+04 
5182  1.241482e+04  6.293627e+03  6.121192e+03 
5192  9.160741e+01  4.611960e+01  4.548781e+01 
5202  1.072099e+04  7.469538e+03  3.251456e+03 
5212  7.601085e+00  3.810870e+00  3.790214e+00 
5222  2.310792e+03  1.164843e+03  1.145949e+03 
5233  1.175333e+04  8.825755e+03  2.927576e+03 
5243  3.349214e+02  1.686266e+02  1.662948e+02 
5253  1.130268e+04  6.565125e+03  4.737550e+03 
5263  4.581860e+04  2.427745e+04  2.154116e+04 
5273  4.378475e+04  2.642129e+04  1.736346e+04 
5284  2.031937e+04  1.559571e+04  4.723657e+03 
5294  2.959830e+03  1.492644e+03  1.467187e+03 
5304  1.917074e+01  9.607271e+00  9.563468e+00 
5315  2.756394e+04  2.209347e+04  5.470473e+03 
5325  7.635517e+03  4.988336e+03  2.647181e+03 
5335  2.115267e+04  1.090146e+04  1.025122e+04 
5346  2.728668e+03  1.378247e+03  1.350421e+03 
5356  3.945034e+01  1.976483e+01  1.968551e+01 
5367  5.935994e+03  3.718920e+03  2.217074e+03 
5377  2.108102e+04  1.086921e+04  1.021181e+04 
5388  1.513139e+02  7.580953e+01  7.550441e+01 
5398  7.337559e+01  3.671710e+01  3.665849e+01 
5409  3.791918e+03  1.928485e+03  1.863433e+03 
5419  2.149924e+01  1.076691e+01  1.073233e+01 
5430  1.883800e+04  1.104482e+04  7.793177e+03 
5440  3.102428e+02  1.554019e+02  1.548409e+02 
5451  2.552373e+02  1.272931e+02  1.279442e+02 
5461  5.899368e+01  2.995697e+01  2.903671e+01 
5472  1.112335e+03  5.626055e+02  5.497297e+02 
5483  5.261884e+01  2.635148e+01  2.626736e+01 
5493  1.694364e+03  8.513330e+02  8.430313e+02 
5504  3.484178e+01  1.744230e+01  1.739948e+01 
5515  6.003514e+01  3.005374e+01  2.998140e+01 
5526  5.599181e+03  2.826163e+03  2.773017e+03 
5536  2.029794e+03  1.060721e+03  9.690728e+02 
5547  1.169873e+03  5.870240e+02  5.828490e+02 
5558  1.674329e+03  8.404519e+02  8.338774e+02 
5569  2.977156e+02  1.489379e+02  1.487777e+02 
5580  6.091874e+02  3.050583e+02  3.041291e+02 
5590  6.492705e+02  3.249697e+02  3.243008e+02 
5601  8.218684e+01  4.118369e+01  4.100315e+01 
5612  4.826729e+02  2.416623e+02  2.410106e+02 
5623  1.561692e+03  7.924220e+02  7.692700e+02 
5634  1.307422e+01  6.541112e+00  6.533109e+00 
5645  7.770989e+02  3.888970e+02  3.882019e+02 
5656  2.274729e+03  1.155524e+03  1.119205e+03 
5667  3.113470e+02  1.557722e+02  1.555748e+02 
5678  7.373719e+02  3.691263e+02  3.682457e+02 
5689  5.673666e+02  2.838012e+02  2.835654e+02 
5700  2.305553e+01  1.153251e+01  1.152302e+01 
5711  1.802435e+02  9.015882e+01  9.008472e+01 
5723  1.100051e+03  5.527391e+02  5.473118e+02 
5734  4.884021e+02  2.463383e+02  2.420638e+02 
5745  1.280254e+03  6.408925e+02  6.393616e+02 
5756  9.786111e+01  4.894209e+01  4.891902e+01 
5767  3.866245e+01  1.933518e+01  1.932727e+01 
5779  3.800323e+02  1.913289e+02  1.887035e+02 
5790  4.874386e+01  2.437611e+01  2.436775e+01 
5801  2.035711e+02  1.017965e+02  1.017746e+02 
5812  3.932631e+02  1.972154e+02  1.960478e+02 
5824  1.232971e+02  6.165442e+01  6.164273e+01 
5835  1.337096e+03  6.684463e+02  6.686501e+02 
5846  1.481965e+02  7.410451e+01  7.409200e+01 
5858  5.225453e+02  2.632177e+02  2.593277e+02 
5869  1.501716e+03  7.525612e+02  7.491551e+02 
5881  1.167641e+01  5.831525e+00  5.844884e+00 
5892  5.392621e+01  2.808820e+01  2.583801e+01 
5904  3.200579e+02  1.601768e+02  1.598811e+02 
5915  1.270089e+03  6.350501e+02  6.350385e+02 
5927  1.484354e+03  7.469744e+02  7.373800e+02 
5938  4.175961e+00  2.087981e+00  2.087980e+00 
5950  3.477292e+02  1.758344e+02  1.718948e+02 
5961  1.194327e+02  5.971637e+01  5.971634e+01 
5973  6.487856e+01  3.243592e+01  3.244263e+01 
5985  2.615370e+02  1.308436e+02  1.306935e+02 
5996  7.949513e+03  4.169981e+03  3.779531e+03 
6008  1.619584e+01  8.097928e+00  8.097916e+00 
6020  4.980132e+02  2.502901e+02  2.477231e+02 
6031  3.245815e+01  1.622908e+01  1.622907e+01 
6043  3.875219e+03  1.944735e+03  1.930484e+03 
6055  3.779924e+02  1.889993e+02  1.889931e+02 
6067  6.680455e+01  3.337957e+01  3.342498e+01 
6078  3.253203e+03  1.662727e+03  1.590475e+03 
6090  5.046860e+01  2.523444e+01  2.523416e+01 
6102  4.779434e+02  2.372541e+02  2.406893e+02 
6114  2.260928e+03  1.142752e+03  1.118177e+03 
6126  1.129918e+03  5.699836e+02  5.599343e+02 
6138  2.558889e+02  1.283090e+02  1.275799e+02 
6150  8.528448e+03  4.472615e+03  4.055833e+03 
6162  1.386527e+02  6.965633e+01  6.899640e+01 
6174  1.330896e+03  6.632776e+02  6.676187e+02 
6186  1.412193e+03  7.064261e+02  7.057665e+02 
6198  3.609900e+02  1.805178e+02  1.804722e+02 
6210  1.484356e+01  7.419358e+00  7.424201e+00 
6222  1.903498e+02  9.545708e+01  9.489271e+01 
6234  8.864377e+03  4.733276e+03  4.131101e+03 
6246  7.413951e+03  4.226825e+03  3.187126e+03 
6259  2.928113e+02  1.464602e+02  1.463511e+02 
6271  1.948348e+02  9.741775e+01  9.741703e+01 
6283  2.879915e+02  1.446845e+02  1.433069e+02 
6295  8.183311e+01  4.111477e+01  4.071834e+01 
6307  1.365741e+03  6.794358e+02  6.863049e+02 
6320  4.046365e+03  2.028821e+03  2.017544e+03 
6332  3.499221e+02  1.744182e+02  1.755039e+02 
6344  6.016349e+02  3.007946e+02  3.008402e+02 
6357  3.681824e+02  1.841531e+02  1.840293e+02 
6369  3.985144e+03  2.071333e+03  1.913810e+03 
6381  2.368547e+03  1.185312e+03  1.183235e+03 
6394  1.806368e+02  9.034154e+01  9.029528e+01 
6406  1.583813e+03  8.052846e+02  7.785289e+02 
6419  7.002146e+03  3.823354e+03  3.178793e+03 
6431  1.002053e+04  5.593767e+03  4.426765e+03 
6444  1.411524e+03  7.049419e+02  7.065821e+02 
6456  1.145873e+04  6.970799e+03  4.487933e+03 
6469  7.450815e+02  3.726723e+02  3.724093e+02 
6482  1.001254e+03  4.962318e+02  5.050222e+02 
6494  1.484292e+03  7.424111e+02  7.418811e+02 
6507  5.841674e+02  2.921181e+02  2.920493e+02 
6520  2.020781e+04  1.191582e+04  8.291983e+03 
6532  5.156599e+02  2.578312e+02  2.578287e+02 
6545  1.839126e+01  9.195715e+00  9.195549e+00 
6558  1.021305e+03  5.248414e+02  4.964633e+02 
6571  7.705798e+02  3.844683e+02  3.861116e+02 
6583  6.414202e+02  3.207682e+02  3.206520e+02 
6596  5.666784e+01  2.833423e+01  2.833360e+01 
6609  3.174859e+02  1.587374e+02  1.587485e+02 
6622  8.269647e+02  4.134870e+02  4.134777e+02 
6635  5.755373e+00  2.877687e+00  2.877686e+00 
6648  6.898149e+02  3.448964e+02  3.449185e+02 
6661  2.670618e+02  1.335322e+02  1.335296e+02 
6674  9.762450e+01  4.880495e+01  4.881955e+01 
6687  3.488900e+02  1.744423e+02  1.744476e+02 
6700  1.987973e+02  9.941122e+01  9.938609e+01 
6713  1.945722e+01  9.724556e+00  9.732661e+00 
6726  2.006426e+02  1.003294e+02  1.003132e+02 
6739  1.491271e+00  7.456357e-01  7.456356e-01 
6752  3.507532e+01  1.753779e+01  1.753753e+01 
6765  1.296588e+02  6.482981e+01  6.482903e+01 
6778  1.437882e+02  7.189442e+01  7.189379e+01 
6792  1.777255e+01  8.886334e+00  8.886212e+00 
6805  2.267769e+02  1.134095e+02  1.133675e+02 
6818  1.447952e+02  7.239763e+01  7.239752e+01 
6831  9.157114e+01  4.578254e+01  4.578860e+01 
6845  5.966699e+00  2.983350e+00  2.983349e+00 
6858  2.941739e+02  1.470870e+02  1.470869e+02 
6871  1.373644e+03  6.873820e+02  6.862617e+02 
6885  1.616045e+01  8.080482e+00  8.079972e+00 
6898  3.852307e+02  1.927014e+02  1.925293e+02 
6912  1.927000e+02  9.632053e+01  9.637943e+01 
6925  8.046585e+01  4.023067e+01  4.023519e+01 
6938  5.719206e+02  2.860448e+02  2.858758e+02 
6952  3.622948e+01  1.811705e+01  1.811242e+01 
6966  1.308693e+02  6.544180e+01  6.542750e+01 
6979  2.878862e+01  1.439433e+01  1.439428e+01 
6993  6.544481e+01  3.272249e+01  3.272232e+01 
