1000  4.081672e+02  4.025230e+02  5.644262e+00 
1002  2.092880e+02  2.069165e+02  2.371557e+00 
1004  3.533087e+02  3.492860e+02  4.022666e+00 
1006  2.947908e+02  2.908236e+02  3.967243e+00 
1008  2.386349e+02  2.361825e+02  2.452374e+00 
1010  1.365136e+01  1.349098e+01  1.603822e-01 
1012  7.146080e+01  7.091146e+01  5.493406e-01 
1014  1.498762e+02  1.487824e+02  1.093817e+00 
1016  1.984669e+02  1.964684e+02  1.998516e+00 
1018  1.129168e+02  1.122119e+02  7.049813e-01 
1020  1.737973e+02  1.721626e+02  1.634756e+00 
1022  1.758245e+02  1.745584e+02  1.266102e+00 
1024  4.904752e+01  4.863978e+01  4.077358e-01 
1026  3.195950e+01  3.159037e+01  3.691230e-01 
1028  1.616811e+02  1.597071e+02  1.973952e+00 
1030  4.669450e+02  4.508352e+02  1.610976e+01 
1032  3.542823e+02  3.378220e+02  1.646034e+01 
1034  9.687953e+02  9.543445e+02  1.445079e+01 
1036  3.991216e+02  3.819919e+02  1.712963e+01 
1038  8.483368e+01  8.367551e+01  1.158168e+00 
1040  2.050410e+02  2.025395e+02  2.501531e+00 
1042  1.848181e+02  1.825116e+02  2.306474e+00 
1044  1.731517e+02  1.714439e+02  1.707818e+00 
1046  1.548785e+02  1.525790e+02  2.299535e+00 
1048  5.307396e+01  5.162315e+01  1.450803e+00 
1050  2.361528e+02  2.329384e+02  3.214452e+00 
1052  1.705945e+02  1.664527e+02  4.141737e+00 
1054  5.935334e+02  5.878958e+02  5.637555e+00 
1057  4.053658e+02  3.991698e+02  6.195969e+00 
1059  5.280917e+02  5.182759e+02  9.815777e+00 
1061  1.536451e+03  1.519006e+03  1.744522e+01 
1063  1.616055e+03  1.603019e+03  1.303599e+01 
1065  4.497866e+02  4.423273e+02  7.459331e+00 
1067  1.086522e+03  1.048574e+03  3.794846e+01 
1069  7.130624e+02  6.922990e+02  2.076351e+01 
1071  9.215600e+02  8.865722e+02  3.498777e+01 
1073  3.005826e+03  2.864882e+03  1.409447e+02 
1075  1.865116e+03  1.806343e+03  5.877290e+01 
1077  1.478997e+03  1.431648e+03  4.734877e+01 
1079  2.352515e+02  2.288303e+02  6.421194e+00 
1081  3.902996e+02  3.872652e+02  3.034383e+00 
1084  7.540876e+02  7.438016e+02  1.028601e+01 
1086  3.174850e+02  3.097086e+02  7.776386e+00 
1088  7.771802e+02  7.652834e+02  1.189681e+01 
1090  1.209531e+03  1.192100e+03  1.743078e+01 
1092  1.199019e+03  1.179866e+03  1.915254e+01 
1094  1.078025e+03  1.059695e+03  1.832907e+01 
1096  8.461061e+02  8.370772e+02  9.028871e+00 
1098  1.087291e+03  1.073538e+03  1.375248e+01 
1101  8.843596e+02  8.744093e+02  9.950332e+00 
1103  6.476860e+02  6.370381e+02  1.064797e+01 
1105  1.964631e+03  1.935673e+03  2.895865e+01 
1107  3.324164e+03  3.267461e+03  5.670262e+01 
1109  1.427985e+03  1.395517e+03  3.246746e+01 
1111  3.155080e+03  3.121342e+03  3.373816e+01 
1114  6.499526e+03  6.442545e+03  5.698045e+01 
1116  1.537651e+03  1.512561e+03  2.508915e+01 
1118  3.479817e+02  3.401674e+02  7.814269e+00 
1120  3.976155e+02  3.906847e+02  6.930847e+00 
1122  1.040095e+03  1.013341e+03  2.675457e+01 
1124  1.188673e+03  1.168861e+03  1.981228e+01 
1127  1.977298e+03  1.936298e+03  4.099975e+01 
1129  1.335116e+03  1.307105e+03  2.801024e+01 
1131  2.290546e+03  2.246833e+03  4.371347e+01 
1133  2.524009e+03  2.486317e+03  3.769223e+01 
1135  3.092760e+03  3.020218e+03  7.254233e+01 
1138  1.170832e+03  1.151505e+03  1.932691e+01 
1140  1.204686e+03  1.171545e+03  3.314102e+01 
1142  1.753811e+03  1.733764e+03  2.004626e+01 
1144  6.177675e+03  6.042398e+03  1.352773e+02 
1147  4.057972e+03  3.941614e+03  1.163590e+02 
1149  3.714263e+03  3.641095e+03  7.316773e+01 
1151  3.781644e+03  3.693502e+03  8.814171e+01 
1153  2.755491e+03  2.697359e+03  5.813198e+01 
1156  1.833816e+03  1.796464e+03  3.735215e+01 
1158  2.263246e+03  2.220550e+03  4.269685e+01 
1160  2.706419e+03  2.639683e+03  6.673539e+01 
1162  2.036566e+03  2.005479e+03  3.108674e+01 
1165  2.474808e+03  2.434393e+03  4.041469e+01 
1167  3.343679e+03  3.265587e+03  7.809198e+01 
1169  3.248906e+03  3.160726e+03  8.818018e+01 
1171  3.660340e+03  3.579667e+03  8.067249e+01 
1174  3.773515e+03  3.691903e+03  8.161233e+01 
1176  2.423235e+03  2.362354e+03  6.088027e+01 
1178  1.078632e+03  1.064273e+03  1.435873e+01 
1181  1.980203e+03  1.960187e+03  2.001636e+01 
1183  1.672753e+03  1.647952e+03  2.480067e+01 
1185  2.092980e+03  2.047902e+03  4.507784e+01 
1187  3.183479e+03  3.107585e+03  7.589425e+01 
1190  1.782320e+03  1.753732e+03  2.858819e+01 
1192  2.612021e+03  2.553635e+03  5.838591e+01 
1194  1.220748e+03  1.190038e+03  3.071033e+01 
1197  3.765746e+04  3.546890e+04  2.188563e+03 
1199  3.311805e+04  2.835718e+04  4.760876e+03 
1201  2.109460e+04  1.995485e+04  1.139746e+03 
1204  8.769548e+02  8.366005e+02  4.035425e+01 
1206  3.551344e+03  3.328021e+03  2.233233e+02 
1208  9.680135e+03  9.465016e+03  2.151187e+02 
1211  8.650924e+03  8.328024e+03  3.228993e+02 
1213  3.809178e+03  3.422555e+03  3.866226e+02 
1215  6.034483e+03  5.482474e+03  5.520093e+02 
1218  5.578048e+03  4.919388e+03  6.586595e+02 
1220  1.865373e+04  1.539588e+04  3.257851e+03 
1223  1.051747e+03  1.016790e+03  3.495657e+01 
1225  1.561223e+03  1.543730e+03  1.749243e+01 
1227  1.209858e+03  1.198385e+03  1.147317e+01 
1230  8.325826e+02  8.258356e+02  6.747087e+00 
1232  2.088089e+03  2.065665e+03  2.242426e+01 
1235  1.675467e+03  1.645806e+03  2.966107e+01 
1237  1.455738e+03  1.441252e+03  1.448575e+01 
1239  1.892398e+03  1.855339e+03  3.705992e+01 
1242  2.159886e+03  2.108693e+03  5.119305e+01 
1244  1.624672e+03  1.602552e+03  2.211973e+01 
1247  1.201248e+03  1.184611e+03  1.663697e+01 
1249  9.334696e+02  9.100278e+02  2.344184e+01 
1252  1.186151e+03  1.170650e+03  1.550110e+01 
1254  1.370851e+03  1.353191e+03  1.766042e+01 
1256  1.016072e+04  9.967072e+03  1.936500e+02 
1259  8.285711e+03  8.124746e+03  1.609649e+02 
1261  5.164727e+03  5.045883e+03  1.188443e+02 
1264  4.639626e+04  4.438898e+04  2.007274e+03 
1266  5.893398e+04  5.022813e+04  8.705848e+03 
1269  1.273285e+04  1.243454e+04  2.983082e+02 
1271  2.044378e+04  1.979838e+04  6.454009e+02 
1274  1.615996e+03  1.576443e+03  3.955344e+01 
1276  4.793057e+03  4.656737e+03  1.363192e+02 
1279  2.334764e+03  2.261057e+03  7.370706e+01 
1281  2.019683e+03  1.955731e+03  6.395202e+01 
1284  2.726437e+03  2.658050e+03  6.838680e+01 
1286  4.318551e+03  4.174569e+03  1.439821e+02 
1289  3.309344e+04  3.199094e+04  1.102500e+03 
1291  1.884902e+04  1.816259e+04  6.864357e+02 
1294  8.138462e+03  7.849678e+03  2.887839e+02 
1296  9.340776e+03  9.088939e+03  2.518373e+02 
1299  7.413901e+03  7.158541e+03  2.553602e+02 
1301  3.578350e+03  3.475030e+03  1.033197e+02 
1304  5.448695e+03  5.317697e+03  1.309977e+02 
1306  2.552803e+03  2.461610e+03  9.119293e+01 
1309  1.020680e+03  9.834629e+02  3.721760e+01 
1311  1.340699e+03  1.286230e+03  5.446835e+01 
1314  1.686545e+03  1.613091e+03  7.345413e+01 
1316  2.364446e+03  2.272060e+03  9.238574e+01 
1319  2.171760e+03  2.089593e+03  8.216788e+01 
1322  1.865745e+03  1.796160e+03  6.958566e+01 
1324  2.103631e+03  2.017137e+03  8.649313e+01 
1327  1.744882e+03  1.679975e+03  6.490723e+01 
1329  1.408043e+03  1.351721e+03  5.632150e+01 
1332  2.200707e+03  2.077552e+03  1.231550e+02 
1335  1.289930e+03  1.251961e+03  3.796898e+01 
1337  1.168439e+03  1.108234e+03  6.020517e+01 
1340  2.248605e+04  2.057817e+04  1.907883e+03 
1342  1.505691e+03  1.331658e+03  1.740334e+02 
1345  1.079441e+04  9.988780e+03  8.056282e+02 
1348  5.425665e+02  4.860920e+02  5.647443e+01 
1350  4.940118e+03  4.526874e+03  4.132448e+02 
1353  6.952612e+03  6.559417e+03  3.931955e+02 
1355  3.506264e+03  3.348893e+03  1.573709e+02 
1358  1.678983e+03  1.536252e+03  1.427308e+02 
1361  8.450692e+03  8.041238e+03  4.094541e+02 
1363  3.746532e+03  3.537382e+03  2.091498e+02 
1366  9.192548e+03  8.326068e+03  8.664794e+02 
1369  2.247615e+03  2.058490e+03  1.891245e+02 
1371  5.808184e+03  5.310915e+03  4.972685e+02 
1374  4.121690e+03  3.874156e+03  2.475347e+02 
1377  2.236332e+03  2.104759e+03  1.315726e+02 
1379  3.571456e+03  3.357344e+03  2.141121e+02 
1382  3.556224e+03  3.267347e+03  2.888771e+02 
1385  1.940043e+03  1.742840e+03  1.972021e+02 
1388  5.861644e+03  5.054082e+03  8.075621e+02 
1390  3.515921e+03  3.229706e+03  2.862148e+02 
1393  6.165276e+03  5.750541e+03  4.147357e+02 
1396  2.244463e+03  2.012665e+03  2.317982e+02 
1398  6.232978e+03  5.529811e+03  7.031671e+02 
1401  2.142287e+03  1.953321e+03  1.889660e+02 
1404  2.280892e+03  2.098904e+03  1.819886e+02 
1407  1.372163e+03  1.198947e+03  1.732154e+02 
1409  2.802156e+03  2.486858e+03  3.152974e+02 
1412  2.211389e+03  1.953239e+03  2.581500e+02 
1415  3.183125e+03  2.779743e+03  4.033818e+02 
1418  2.935064e+03  2.619131e+03  3.159323e+02 
1420  4.429282e+03  2.866831e+03  1.562451e+03 
1423  4.303931e+03  3.865344e+03  4.385868e+02 
1426  1.973959e+03  1.656573e+03  3.173862e+02 
1429  6.447252e+03  5.876671e+03  5.705809e+02 
1431  5.100523e+03  4.565433e+03  5.350906e+02 
1434  2.223949e+03  1.913552e+03  3.103970e+02 
1437  2.921716e+03  2.390842e+03  5.308739e+02 
1440  7.030524e+03  6.125908e+03  9.046168e+02 
1443  6.785665e+03  5.942580e+03  8.430854e+02 
1445  5.309198e+03  4.604732e+03  7.044658e+02 
1448  4.171942e+03  3.465242e+03  7.067000e+02 
1451  7.118681e+03  6.600398e+03  5.182833e+02 
1454  1.147520e+04  9.912767e+03  1.562434e+03 
1457  1.989505e+03  1.471077e+03  5.184276e+02 
1460  5.468162e+03  4.144840e+03  1.323322e+03 
1462  1.428609e+03  1.239081e+03  1.895286e+02 
1465  1.467999e+04  1.303684e+04  1.643153e+03 
1468  6.600838e+03  5.712833e+03  8.880056e+02 
1471  4.796166e+03  4.034459e+03  7.617061e+02 
1474  8.498396e+03  7.466583e+03  1.031814e+03 
1477  6.228470e+03  5.118085e+03  1.110385e+03 
1480  2.337781e+03  1.675982e+03  6.617993e+02 
1482  3.324562e+03  2.564536e+03  7.600257e+02 
1485  3.265378e+03  2.931938e+03  3.334403e+02 
1488  3.342635e+03  2.821912e+03  5.207227e+02 
1491  2.457605e+03  2.208491e+03  2.491141e+02 
1494  2.978791e+03  2.530593e+03  4.481980e+02 
1497  7.133350e+02  5.969656e+02  1.163694e+02 
1500  7.154111e+02  5.791683e+02  1.362428e+02 
1503  1.409763e+03  1.169249e+03  2.405142e+02 
1506  1.739339e+03  1.476559e+03  2.627795e+02 
1509  1.345693e+03  1.225102e+03  1.205909e+02 
1512  1.864152e+03  1.581828e+03  2.823246e+02 
1515  1.049574e+03  9.390514e+02  1.105225e+02 
1518  3.559816e+02  2.866609e+02  6.932066e+01 
1520  1.792782e+03  1.495431e+03  2.973503e+02 
1523  1.952414e+03  1.662399e+03  2.900155e+02 
1526  2.243764e+03  1.968129e+03  2.756347e+02 
1529  6.209912e+02  4.662827e+02  1.547085e+02 
1532  1.035149e+03  8.716901e+02  1.634588e+02 
1535  2.153707e+04  1.928103e+04  2.256046e+03 
1538  1.216445e+04  1.047345e+04  1.690996e+03 
1541  5.780824e+03  4.419829e+03  1.360996e+03 
1544  7.160377e+02  5.538088e+02  1.622290e+02 
1547  8.420940e+03  5.151418e+03  3.269522e+03 
1550  3.539493e+03  2.703008e+03  8.364853e+02 
1553  1.510182e+03  1.057877e+03  4.523054e+02 
1556  5.919465e+03  3.863437e+03  2.056028e+03 
1559  2.391703e+03  1.934864e+03  4.568392e+02 
1562  1.764802e+03  1.488306e+03  2.764959e+02 
1566  1.019865e+03  7.704093e+02  2.494562e+02 
1569  3.950902e+03  3.314511e+03  6.363903e+02 
1572  3.519785e+03  2.731012e+03  7.887728e+02 
1575  3.737652e+03  2.983113e+03  7.545388e+02 
1578  3.904656e+03  2.980439e+03  9.242162e+02 
1581  3.341426e+03  2.438034e+03  9.033918e+02 
1584  2.842724e+03  2.186478e+03  6.562457e+02 
1587  2.603781e+03  1.914275e+03  6.895059e+02 
1590  9.138248e+02  6.830837e+02  2.307410e+02 
1593  2.145500e+03  1.604792e+03  5.407084e+02 
1596  1.937955e+03  1.325103e+03  6.128514e+02 
1599  1.674898e+03  1.189530e+03  4.853677e+02 
1603  1.639316e+03  1.205941e+03  4.333749e+02 
1606  2.033233e+03  1.623377e+03  4.098562e+02 
1609  1.425802e+03  1.239429e+03  1.863735e+02 
1612  1.519992e+03  1.326786e+03  1.932062e+02 
1615  2.156350e+02  1.576650e+02  5.797002e+01 
1618  2.173852e+03  1.675783e+03  4.980690e+02 
1621  4.594432e+03  3.386312e+03  1.208120e+03 
1624  4.626677e+03  3.447114e+03  1.179563e+03 
1628  9.057732e+03  6.357144e+03  2.700588e+03 
1631  2.804238e+03  2.098925e+03  7.053126e+02 
1634  4.541947e+03  3.487583e+03  1.054364e+03 
1637  1.746019e+04  1.479122e+04  2.668967e+03 
1640  2.386450e+04  1.554429e+04  8.320216e+03 
1644  4.214511e+03  3.041861e+03  1.172650e+03 
1647  1.965671e+03  1.572545e+03  3.931261e+02 
1650  3.059101e+03  2.422573e+03  6.365280e+02 
1653  3.184100e+03  2.641380e+03  5.427192e+02 
1656  4.108604e+03  3.045254e+03  1.063349e+03 
1660  1.581899e+03  1.283169e+03  2.987305e+02 
1663  1.232359e+03  1.042739e+03  1.896192e+02 
1666  1.526281e+03  1.100565e+03  4.257152e+02 
1669  7.735705e+03  6.969917e+03  7.657870e+02 
1673  1.048491e+04  8.302863e+03  2.182051e+03 
1676  1.719945e+04  1.406453e+04  3.134920e+03 
1679  7.315881e+03  5.303429e+03  2.012452e+03 
1682  7.609013e+03  6.039394e+03  1.569619e+03 
1686  8.913684e+03  6.656228e+03  2.257455e+03 
1689  2.349448e+03  1.797522e+03  5.519254e+02 
1692  1.337239e+03  1.005097e+03  3.321415e+02 
1696  3.474282e+03  1.891181e+03  1.583101e+03 
1699  1.005953e+03  7.634367e+02  2.425167e+02 
1702  3.674780e+03  2.765162e+03  9.096180e+02 
1706  1.852863e+03  1.322457e+03  5.304061e+02 
1709  4.289102e+03  3.055198e+03  1.233903e+03 
1712  2.001470e+03  1.341056e+03  6.604140e+02 
1715  3.321038e+03  2.479607e+03  8.414301e+02 
1719  2.009079e+03  1.648003e+03  3.610760e+02 
1722  5.573096e+03  3.808623e+03  1.764473e+03 
1726  3.159082e+03  2.606355e+03  5.527274e+02 
1729  1.385590e+03  9.667677e+02  4.188224e+02 
1732  1.986809e+03  1.520096e+03  4.667125e+02 
1736  8.324236e+02  6.743708e+02  1.580527e+02 
1739  1.035382e+03  6.556127e+02  3.797692e+02 
1742  1.251085e+03  9.121091e+02  3.389760e+02 
1746  1.876551e+03  1.379775e+03  4.967758e+02 
1749  6.945310e+03  4.304278e+03  2.641031e+03 
1753  2.490340e+02  1.610878e+02  8.794621e+01 
1756  5.869398e+02  3.972090e+02  1.897307e+02 
1759  2.073865e+03  1.647706e+03  4.261587e+02 
1763  3.996259e+03  2.624704e+03  1.371555e+03 
1766  4.562406e+03  2.736165e+03  1.826241e+03 
1770  1.334554e+03  8.500781e+02  4.844760e+02 
1773  3.093208e+03  1.965320e+03  1.127889e+03 
1777  1.025410e+03  8.288302e+02  1.965802e+02 
1780  1.467428e+03  9.913962e+02  4.760322e+02 
1784  4.822240e+03  3.553306e+03  1.268934e+03 
1787  8.988811e+03  6.481073e+03  2.507738e+03 
1791  1.101045e+03  8.010341e+02  3.000113e+02 
1794  5.431219e+03  3.540066e+03  1.891153e+03 
1798  2.543102e+03  2.134154e+03  4.089486e+02 
1801  8.497012e+02  5.133021e+02  3.363991e+02 
1805  2.104586e+03  1.537727e+03  5.668593e+02 
1808  3.472436e+03  2.206440e+03  1.265995e+03 
1812  2.374783e+03  1.414750e+03  9.600327e+02 
1815  1.427866e+03  9.947355e+02  4.331301e+02 
1819  1.685895e+03  1.186601e+03  4.992943e+02 
1822  3.137933e+03  2.172010e+03  9.659227e+02 
1826  4.688126e+03  3.112943e+03  1.575183e+03 
1829  1.631670e+03  1.232127e+03  3.995430e+02 
1833  1.985660e+03  1.403486e+03  5.821746e+02 
1836  7.045844e+02  6.004988e+02  1.040856e+02 
1840  5.390739e+03  3.250822e+03  2.139917e+03 
1844  1.973533e+03  1.268462e+03  7.050706e+02 
1847  1.281787e+03  1.099708e+03  1.820800e+02 
1851  2.842627e+03  1.808453e+03  1.034175e+03 
1854  1.976367e+03  1.236341e+03  7.400260e+02 
1858  1.341630e+03  9.649516e+02  3.766787e+02 
1862  9.444788e+03  5.471689e+03  3.973098e+03 
1865  1.461354e+03  1.122357e+03  3.389976e+02 
1869  1.527253e+03  1.131984e+03  3.952694e+02 
1873  1.331998e+03  8.345096e+02  4.974881e+02 
1876  2.445731e+03  1.818215e+03  6.275160e+02 
1880  2.118233e+03  1.643569e+03  4.746641e+02 
1883  7.895499e+03  4.741110e+03  3.154389e+03 
1887  3.162476e+03  2.507130e+03  6.553459e+02 
1891  1.333608e+03  9.508552e+02  3.827526e+02 
1895  1.128656e+03  8.033031e+02  3.253533e+02 
1898  2.317399e+03  1.646864e+03  6.705353e+02 
1902  3.399662e+03  2.731338e+03  6.683237e+02 
1906  1.883226e+03  1.340898e+03  5.423278e+02 
1909  1.487519e+03  1.154902e+03  3.326174e+02 
1913  1.498916e+03  1.041697e+03  4.572185e+02 
1917  2.550193e+03  1.750571e+03  7.996226e+02 
1921  1.895323e+03  1.185071e+03  7.102521e+02 
1924  1.914580e+03  1.517628e+03  3.969518e+02 
1928  2.272476e+03  1.777348e+03  4.951279e+02 
1932  1.409575e+03  1.018224e+03  3.913513e+02 
1936  2.031440e+03  1.565780e+03  4.656599e+02 
1939  1.464676e+03  9.589348e+02  5.057415e+02 
1943  2.216810e+03  1.639630e+03  5.771802e+02 
1947  3.013626e+03  2.103284e+03  9.103417e+02 
1951  2.717970e+03  1.682894e+03  1.035076e+03 
1954  5.545632e+03  3.304053e+03  2.241578e+03 
1958  4.263821e+04  2.261941e+04  2.001880e+04 
1962  2.134828e+03  1.388984e+03  7.458436e+02 
1966  3.394588e+04  2.075517e+04  1.319071e+04 
1970  4.484716e+04  2.774206e+04  1.710510e+04 
1974  7.623753e+04  4.334427e+04  3.289326e+04 
1977  9.555283e+03  5.473284e+03  4.082000e+03 
1981  1.222580e+03  7.704301e+02  4.521504e+02 
1985  2.800669e+03  1.823829e+03  9.768395e+02 
1989  1.332076e+03  9.562705e+02  3.758058e+02 
1993  5.348440e+03  3.202719e+03  2.145721e+03 
1997  3.089159e+03  1.851575e+03  1.237584e+03 
2001  2.623224e+03  2.096058e+03  5.271658e+02 
2005  1.584296e+03  1.238041e+03  3.462549e+02 
2008  3.190781e+03  2.368803e+03  8.219781e+02 
2012  2.837677e+03  2.102103e+03  7.355737e+02 
2016  1.019265e+04  6.053170e+03  4.139479e+03 
2020  1.518283e+03  1.110422e+03  4.078613e+02 
2024  7.340015e+03  4.205358e+03  3.134657e+03 
2028  2.596207e+04  1.505396e+04  1.090811e+04 
2032  2.324279e+03  1.863943e+03  4.603361e+02 
2036  1.080665e+03  7.821768e+02  2.984883e+02 
2040  1.656241e+03  1.224040e+03  4.322008e+02 
2044  2.433432e+03  1.537649e+03  8.957825e+02 
2048  9.966169e+02  6.427385e+02  3.538784e+02 
2052  1.023603e+03  7.678599e+02  2.557432e+02 
2056  1.783796e+03  1.373902e+03  4.098936e+02 
2060  1.998926e+03  1.210062e+03  7.888639e+02 
2064  2.626892e+03  1.892991e+03  7.339010e+02 
2068  5.025020e+03  3.156300e+03  1.868720e+03 
2072  3.664773e+03  2.436935e+03  1.227839e+03 
2076  3.196530e+03  2.004637e+03  1.191892e+03 
2080  2.552417e+03  1.569614e+03  9.828036e+02 
2084  1.192740e+03  8.051891e+02  3.875504e+02 
2088  1.550970e+03  1.121821e+03  4.291497e+02 
2092  3.045015e+03  1.893203e+03  1.151812e+03 
2096  2.702859e+03  1.802834e+03  9.000254e+02 
2100  3.035009e+03  2.055469e+03  9.795407e+02 
2104  2.895694e+03  1.856594e+03  1.039100e+03 
2109  4.517202e+03  3.597109e+03  9.200929e+02 
2113  2.349551e+03  1.441927e+03  9.076245e+02 
2117  7.044081e+03  4.398804e+03  2.645276e+03 
2121  6.173826e+02  4.760240e+02  1.413586e+02 
2125  1.773203e+03  1.158782e+03  6.144211e+02 
2129  3.428735e+03  2.412435e+03  1.016301e+03 
2133  2.135700e+03  1.490208e+03  6.454918e+02 
2138  3.621972e+03  3.129786e+03  4.921858e+02 
2142  3.305745e+03  2.530330e+03  7.754158e+02 
2146  2.773582e+03  2.368039e+03  4.055432e+02 
2150  2.532374e+03  2.089863e+03  4.425110e+02 
2154  2.608394e+03  1.979484e+03  6.289103e+02 
2158  4.615989e+03  2.930069e+03  1.685920e+03 
2163  1.981244e+03  1.634775e+03  3.464689e+02 
2167  3.895804e+03  3.288090e+03  6.077142e+02 
2171  1.526467e+03  1.157110e+03  3.693562e+02 
2175  2.919379e+03  2.184699e+03  7.346804e+02 
2180  1.040292e+03  7.425742e+02  2.977181e+02 
2184  3.274858e+03  2.306032e+03  9.688264e+02 
2188  2.866906e+03  2.093213e+03  7.736927e+02 
2192  9.506942e+02  6.581718e+02  2.925224e+02 
2197  1.078349e+03  6.500742e+02  4.282750e+02 
2201  1.286919e+03  9.103161e+02  3.766031e+02 
2205  1.753675e+03  1.324998e+03  4.286775e+02 
2209  2.528995e+03  1.785708e+03  7.432866e+02 
2214  3.217958e+03  2.475438e+03  7.425204e+02 
2218  1.892885e+03  1.499899e+03  3.929861e+02 
2222  3.873217e+03  2.869205e+03  1.004012e+03 
2227  3.633656e+03  2.474271e+03  1.159384e+03 
2231  4.396236e+03  2.865804e+03  1.530432e+03 
2235  6.690154e+03  5.297623e+03  1.392531e+03 
2240  6.654327e+03  5.578784e+03  1.075543e+03 
2244  9.196993e+03  7.208659e+03  1.988334e+03 
2248  8.865719e+03  7.193658e+03  1.672062e+03 
2253  7.676397e+03  6.312448e+03  1.363950e+03 
2257  5.796333e+03  4.802748e+03  9.935847e+02 
2262  9.649372e+03  8.485680e+03  1.163692e+03 
2266  1.139424e+04  9.435150e+03  1.959087e+03 
2270  7.602454e+03  5.356907e+03  2.245547e+03 
2275  9.309289e+03  6.453514e+03  2.855775e+03 
2279  1.105789e+04  8.372073e+03  2.685817e+03 
2284  5.616390e+03  4.141362e+03  1.475028e+03 
2288  3.682259e+03  2.371389e+03  1.310870e+03 
2293  5.380912e+03  3.861454e+03  1.519458e+03 
2297  2.631301e+03  1.940633e+03  6.906685e+02 
2302  2.243468e+03  1.616745e+03  6.267227e+02 
2306  8.908529e+03  5.511780e+03  3.396750e+03 
2311  6.621225e+03  4.433080e+03  2.188144e+03 
2315  5.456254e+03  3.618853e+03  1.837401e+03 
2320  3.700937e+03  2.757611e+03  9.433265e+02 
2324  4.539883e+03  3.190198e+03  1.349685e+03 
2329  2.103839e+04  1.599848e+04  5.039912e+03 
2333  1.428508e+04  1.092114e+04  3.363941e+03 
2338  1.417678e+04  1.090696e+04  3.269820e+03 
2342  1.643892e+04  1.341115e+04  3.027768e+03 
2347  5.977677e+04  4.563529e+04  1.414148e+04 
2351  4.135978e+03  2.604469e+03  1.531508e+03 
2356  8.930547e+03  6.915980e+03  2.014567e+03 
2361  1.291864e+05  1.002372e+05  2.894923e+04 
2365  4.537975e+04  3.655490e+04  8.824847e+03 
2370  3.943288e+04  3.139390e+04  8.038979e+03 
2374  2.301712e+04  1.876807e+04  4.249042e+03 
2379  3.187132e+04  2.482255e+04  7.048766e+03 
2384  6.534321e+04  5.575661e+04  9.586605e+03 
2388  2.912034e+04  2.249759e+04  6.622752e+03 
2393  9.938400e+04  7.584225e+04  2.354175e+04 
2398  2.656125e+04  2.013318e+04  6.428071e+03 
2402  3.905186e+04  2.991387e+04  9.137991e+03 
2407  4.253152e+04  3.386168e+04  8.669838e+03 
2412  5.461830e+04  4.087501e+04  1.374329e+04 
2416  2.498335e+04  1.448332e+04  1.050002e+04 
2421  3.958368e+03  3.238837e+03  7.195309e+02 
2426  1.134384e+04  8.732224e+03  2.611614e+03 
2431  7.529287e+04  4.357771e+04  3.171516e+04 
2435  2.812669e+04  1.754606e+04  1.058063e+04 
2440  2.380191e+04  1.326442e+04  1.053748e+04 
2445  1.956472e+04  1.265373e+04  6.910993e+03 
2450  5.964706e+04  3.315897e+04  2.648809e+04 
2454  2.751529e+04  1.590045e+04  1.161483e+04 
2459  2.874109e+04  1.735148e+04  1.138961e+04 
2464  4.633942e+04  2.679721e+04  1.954221e+04 
2469  1.873115e+04  1.251534e+04  6.215812e+03 
2473  4.021252e+04  2.481381e+04  1.539870e+04 
2478  8.476192e+03  6.630721e+03  1.845471e+03 
2483  1.373051e+04  1.031979e+04  3.410717e+03 
2488  2.372493e+04  1.380892e+04  9.916007e+03 
2493  3.165553e+04  2.520499e+04  6.450547e+03 
2498  8.915073e+03  6.167204e+03  2.747869e+03 
2503  8.711854e+03  6.194265e+03  2.517590e+03 
2507  2.852370e+04  1.702809e+04  1.149560e+04 
2512  1.247810e+04  9.207037e+03  3.271065e+03 
2517  1.017663e+04  7.134801e+03  3.041832e+03 
2522  8.774293e+03  5.599468e+03  3.174825e+03 
2527  1.999656e+04  1.406762e+04  5.928939e+03 
2532  4.487907e+03  3.693898e+03  7.940086e+02 
2537  2.121490e+04  1.443293e+04  6.781971e+03 
2542  9.452003e+03  6.926294e+03  2.525708e+03 
2547  1.188670e+04  8.807958e+03  3.078741e+03 
2552  1.029536e+04  6.787257e+03  3.508106e+03 
2557  5.043466e+03  3.955692e+03  1.087773e+03 
2562  7.960902e+04  6.014753e+04  1.946149e+04 
2567  1.577476e+04  1.193669e+04  3.838071e+03 
2572  7.637354e+03  5.421537e+03  2.215817e+03 
2577  1.339773e+04  1.015728e+04  3.240443e+03 
2582  2.167134e+04  1.584017e+04  5.831171e+03 
2587  1.244763e+04  1.026885e+04  2.178783e+03 
2592  2.258701e+04  1.692002e+04  5.666994e+03 
2597  5.427518e+04  4.444902e+04  9.826157e+03 
2602  3.141707e+03  2.356744e+03  7.849626e+02 
2607  4.280822e+04  3.347436e+04  9.333858e+03 
2612  1.056367e+05  8.183685e+04  2.379988e+04 
2617  2.706879e+04  2.142004e+04  5.648745e+03 
2622  2.446796e+04  1.913776e+04  5.330204e+03 
2627  1.621371e+05  1.248096e+05  3.732756e+04 
2632  9.148866e+04  7.117659e+04  2.031206e+04 
2638  5.169426e+03  3.128726e+03  2.040700e+03 
2643  5.501940e+03  3.366913e+03  2.135028e+03 
2648  4.252445e+03  2.409677e+03  1.842768e+03 
2653  4.363216e+03  2.864077e+03  1.499139e+03 
2658  2.711925e+03  1.749982e+03  9.619431e+02 
2663  2.543919e+03  1.678557e+03  8.653618e+02 
2669  4.505648e+03  3.143091e+03  1.362558e+03 
2674  1.577361e+03  8.144974e+02  7.628636e+02 
2679  4.021718e+03  2.472505e+03  1.549213e+03 
2684  6.159981e+03  3.995068e+03  2.164913e+03 
2689  4.781437e+03  2.730417e+03  2.051020e+03 
2695  1.905537e+04  1.435498e+04  4.700390e+03 
2700  2.233052e+03  1.269774e+03  9.632787e+02 
2705  2.034056e+04  1.143935e+04  8.901208e+03 
2710  1.709475e+04  1.296669e+04  4.128059e+03 
2716  9.061622e+04  6.591678e+04  2.469944e+04 
2721  4.855034e+03  3.119890e+03  1.735144e+03 
2726  5.678612e+04  4.356770e+04  1.321843e+04 
2732  4.409705e+04  3.418707e+04  9.909978e+03 
2737  8.433233e+04  5.869565e+04  2.563668e+04 
2742  3.467056e+04  2.639423e+04  8.276323e+03 
2748  1.442450e+05  1.086433e+05  3.560170e+04 
2753  1.650722e+05  1.182499e+05  4.682236e+04 
2758  5.882870e+03  4.683406e+03  1.199464e+03 
2764  2.494776e+04  1.828921e+04  6.658552e+03 
2769  4.330677e+04  3.169968e+04  1.160709e+04 
2774  6.522641e+04  4.796968e+04  1.725673e+04 
2780  1.169134e+04  7.005937e+03  4.685404e+03 
2785  9.421961e+03  6.670395e+03  2.751566e+03 
2791  4.378224e+04  2.979486e+04  1.398739e+04 
2796  5.842455e+03  4.672344e+03  1.170111e+03 
2802  4.324355e+03  3.389011e+03  9.353443e+02 
2807  4.786410e+03  3.368762e+03  1.417648e+03 
2813  2.107673e+03  1.479843e+03  6.278295e+02 
2818  5.098380e+04  2.797168e+04  2.301212e+04 
2823  5.697466e+04  3.195451e+04  2.502015e+04 
2829  4.590616e+04  2.599129e+04  1.991487e+04 
2834  9.619002e+03  6.547365e+03  3.071637e+03 
2840  2.087517e+05  1.111726e+05  9.757910e+04 
2846  1.711643e+05  9.092033e+04  8.024398e+04 
2851  4.557171e+04  2.451198e+04  2.105973e+04 
2857  1.340351e+05  7.021021e+04  6.382491e+04 
2862  3.464909e+04  1.897872e+04  1.567037e+04 
2868  2.561208e+04  1.495436e+04  1.065772e+04 
2873  4.585299e+04  2.437951e+04  2.147348e+04 
2879  9.019388e+04  4.775719e+04  4.243668e+04 
2885  3.391246e+04  1.846257e+04  1.544988e+04 
2890  1.212112e+04  7.507659e+03  4.613456e+03 
2896  4.159629e+03  2.930483e+03  1.229146e+03 
2901  2.552007e+03  1.805676e+03  7.463309e+02 
2907  1.461440e+04  8.313842e+03  6.300556e+03 
2913  8.205469e+02  5.209592e+02  2.995877e+02 
2918  5.565447e+03  4.296854e+03  1.268593e+03 
2924  7.062119e+03  5.438297e+03  1.623821e+03 
2930  1.027501e+03  6.442822e+02  3.832189e+02 
2936  3.806948e+03  2.160398e+03  1.646551e+03 
2941  1.279721e+04  9.421423e+03  3.375788e+03 
2947  1.312339e+04  9.697172e+03  3.426222e+03 
2953  4.533816e+03  3.411595e+03  1.122221e+03 
2958  2.932054e+03  2.267117e+03  6.649370e+02 
2964  1.703150e+04  1.275763e+04  4.273871e+03 
2970  8.147622e+03  5.558339e+03  2.589283e+03 
2976  4.870542e+03  3.186823e+03  1.683719e+03 
2982  5.669914e+04  4.051541e+04  1.618373e+04 
2987  1.694463e+04  1.209279e+04  4.851841e+03 
2993  2.621850e+03  1.378665e+03  1.243184e+03 
2999  3.376018e+03  2.194475e+03  1.181542e+03 
3005  2.910342e+04  2.044959e+04  8.653824e+03 
3011  1.317066e+04  7.037774e+03  6.132889e+03 
3017  8.913769e+03  4.905188e+03  4.008581e+03 
3023  4.229138e+03  2.313352e+03  1.915786e+03 
3028  2.656208e+03  1.532021e+03  1.124186e+03 
3034  2.482603e+04  1.290514e+04  1.192089e+04 
3040  2.198955e+03  1.195163e+03  1.003792e+03 
3046  2.603885e+04  1.394442e+04  1.209443e+04 
3052  2.137746e+04  1.109991e+04  1.027756e+04 
3058  1.171184e+03  6.574283e+02  5.137558e+02 
3064  1.978684e+03  1.350867e+03  6.278166e+02 
3070  1.977942e+04  1.054925e+04  9.230174e+03 
3076  1.401202e+05  7.230912e+04  6.781105e+04 
3082  1.293593e+03  7.935604e+02  5.000323e+02 
3088  8.094572e+02  4.987987e+02  3.106584e+02 
3094  1.038681e+03  7.682529e+02  2.704278e+02 
3100  1.109027e+03  6.430944e+02  4.659328e+02 
3106  6.050306e+03  3.281824e+03  2.768482e+03 
3112  2.224014e+03  1.255168e+03  9.688455e+02 
3118  1.540162e+03  9.015560e+02  6.386062e+02 
3124  9.270749e+01  4.795658e+01  4.475091e+01 
3130  1.493992e+03  8.961505e+02  5.978419e+02 
3136  7.707483e+02  4.392477e+02  3.315006e+02 
3142  7.123376e+03  6.024828e+03  1.098548e+03 
3149  8.862822e+02  5.863729e+02  2.999094e+02 
3155  8.678849e+02  5.140461e+02  3.538388e+02 
3161  2.331429e+04  1.779784e+04  5.516450e+03 
3167  9.705604e+03  7.263404e+03  2.442199e+03 
3173  2.101427e+03  1.078720e+03  1.022707e+03 
3179  4.189781e+03  2.942251e+03  1.247530e+03 
3186  2.540071e+04  1.972821e+04  5.672495e+03 
3192  2.113949e+04  1.481800e+04  6.321488e+03 
3198  2.335996e+04  1.634411e+04  7.015844e+03 
3204  8.304465e+02  5.766752e+02  2.537713e+02 
3210  1.636038e+04  1.176174e+04  4.598635e+03 
3217  9.034268e+02  4.633572e+02  4.400696e+02 
3223  1.341755e+03  7.261418e+02  6.156136e+02 
3229  1.463608e+04  9.942537e+03  4.693542e+03 
3236  2.494739e+03  1.934472e+03  5.602671e+02 
3242  2.351292e+03  1.443786e+03  9.075054e+02 
3248  4.650162e+03  3.154216e+03  1.495946e+03 
3255  7.892735e+03  6.310176e+03  1.582559e+03 
3261  2.545928e+03  1.775268e+03  7.706606e+02 
3267  4.017535e+03  2.891242e+03  1.126293e+03 
3274  1.995908e+03  1.026292e+03  9.696161e+02 
3280  2.012556e+04  1.688159e+04  3.243965e+03 
3286  4.655614e+03  3.368875e+03  1.286739e+03 
3293  4.625811e+03  3.672997e+03  9.528139e+02 
3299  4.968750e+03  3.860520e+03  1.108230e+03 
3306  4.154171e+03  3.384156e+03  7.700142e+02 
3312  5.755389e+03  3.876244e+03  1.879145e+03 
3318  2.250061e+03  1.229029e+03  1.021032e+03 
3325  1.977497e+03  1.218456e+03  7.590402e+02 
3331  3.176429e+02  1.651448e+02  1.524981e+02 
3338  1.821031e+03  1.238173e+03  5.828582e+02 
3344  1.863335e+02  9.925850e+01  8.707504e+01 
3351  8.277257e+01  4.256528e+01  4.020729e+01 
3357  2.782274e+03  1.648476e+03  1.133799e+03 
3364  3.135068e+03  2.034095e+03  1.100973e+03 
3371  4.227972e+03  2.268438e+03  1.959534e+03 
3377  2.026187e+04  1.060567e+04  9.656196e+03 
3384  6.812654e+03  3.681360e+03  3.131294e+03 
3390  5.959809e+03  3.136166e+03  2.823643e+03 
3397  1.324623e+03  6.931670e+02  6.314556e+02 
3403  4.765353e+02  2.449573e+02  2.315780e+02 
3410  5.656553e+02  4.221037e+02  1.435516e+02 
3417  4.722882e+03  3.546646e+03  1.176237e+03 
3423  6.729514e+02  3.454163e+02  3.275352e+02 
3430  1.639993e+03  9.404790e+02  6.995137e+02 
3437  1.052918e+03  7.664717e+02  2.864466e+02 
3443  8.847059e+03  4.780108e+03  4.066950e+03 
3450  7.819654e+03  4.471104e+03  3.348551e+03 
3457  9.008242e+03  5.064943e+03  3.943299e+03 
3464  1.311159e+03  8.829423e+02  4.282162e+02 
3470  9.648666e+02  6.272946e+02  3.375720e+02 
3477  6.048616e+03  4.327433e+03  1.721183e+03 
3484  5.092047e+03  3.004087e+03  2.087960e+03 
3491  3.554021e+03  2.332010e+03  1.222010e+03 
3498  9.443277e+03  7.064230e+03  2.379047e+03 
3504  1.929652e+04  1.042079e+04  8.875727e+03 
3511  2.706368e+02  1.414458e+02  1.291909e+02 
3518  7.774316e+03  5.177107e+03  2.597209e+03 
3525  3.601736e+03  1.911656e+03  1.690079e+03 
3532  4.099421e+03  2.142812e+03  1.956609e+03 
3539  1.908616e+04  9.811230e+03  9.274932e+03 
3545  1.565044e+03  7.981090e+02  7.669351e+02 
3552  1.264585e+03  8.461017e+02  4.184833e+02 
3559  1.015020e+03  5.286823e+02  4.863376e+02 
3566  9.860382e+02  5.327321e+02  4.533061e+02 
3573  1.822264e+02  9.420819e+01  8.801817e+01 
3580  8.830440e+01  4.541013e+01  4.289427e+01 
3587  9.381832e+02  4.813680e+02  4.568151e+02 
3594  1.239146e+02  6.332729e+01  6.058729e+01 
3601  3.550311e+02  1.814984e+02  1.735326e+02 
3608  1.979492e+02  1.010937e+02  9.685544e+01 
3615  3.308461e+02  1.787786e+02  1.520675e+02 
3622  1.777579e+03  1.132591e+03  6.449883e+02 
3629  2.079022e+02  1.093090e+02  9.859315e+01 
3636  3.896554e+02  2.232310e+02  1.664245e+02 
3643  7.920927e+02  5.777542e+02  2.143385e+02 
3651  4.706698e+01  2.408290e+01  2.298407e+01 
3658  1.163427e+03  8.578757e+02  3.055518e+02 
3665  2.492186e+02  1.272608e+02  1.219578e+02 
3672  7.424063e+01  3.789391e+01  3.634672e+01 
3679  2.424109e+02  1.080480e+02  1.343629e+02 
3686  1.800058e+02  8.257396e+01  9.743182e+01 
3693  7.905220e+01  4.039391e+01  3.865829e+01 
3701  3.108026e+02  1.591041e+02  1.516985e+02 
3708  1.015694e+02  5.201480e+01  4.955456e+01 
3715  2.411776e+02  1.162815e+02  1.248962e+02 
3722  1.461742e+03  8.019878e+02  6.597538e+02 
3730  5.443131e+02  3.065743e+02  2.377388e+02 
3737  4.264153e+01  2.179259e+01  2.084894e+01 
3744  1.175834e+03  6.293446e+02  5.464893e+02 
3751  8.513440e+02  5.402385e+02  3.111055e+02 
3759  9.400123e+02  5.500037e+02  3.900086e+02 
3766  7.571839e+03  5.668663e+03  1.903177e+03 
3773  1.861438e+01  9.442931e+00  9.171446e+00 
3781  8.028874e+03  5.559050e+03  2.469824e+03 
3788  1.106594e+03  6.174865e+02  4.891076e+02 
3795  1.222163e+03  7.519838e+02  4.701794e+02 
3803  1.054463e+02  5.385524e+01  5.159108e+01 
3810  8.450921e+02  4.328034e+02  4.122887e+02 
3818  8.597953e+01  4.389906e+01  4.208047e+01 
3825  1.206493e+04  9.485295e+03  2.579631e+03 
3833  7.362662e+02  4.021238e+02  3.341424e+02 
3840  7.749120e+02  3.948384e+02  3.800736e+02 
3847  5.272884e+02  2.838829e+02  2.434055e+02 
3855  1.480873e+01  7.555453e+00  7.253279e+00 
3862  5.315393e+01  2.709009e+01  2.606385e+01 
3870  4.065918e+03  3.287720e+03  7.781984e+02 
3878  1.706991e+02  8.710543e+01  8.359371e+01 
3885  4.087930e+01  2.077089e+01  2.010841e+01 
3893  2.601262e+03  1.493208e+03  1.108054e+03 
3900  8.887463e+01  4.532383e+01  4.355080e+01 
3908  3.525479e+03  2.176484e+03  1.348995e+03 
3915  2.183969e+03  1.429764e+03  7.542050e+02 
3923  1.000415e+02  5.098480e+01  4.905668e+01 
3931  2.885134e+03  1.887946e+03  9.971873e+02 
3938  4.324049e+03  3.343310e+03  9.807393e+02 
3946  1.991326e+03  1.519823e+03  4.715037e+02 
3954  1.127212e+02  5.721285e+01  5.550834e+01 
3961  4.119156e+03  2.582725e+03  1.536431e+03 
3969  4.057304e+03  3.085706e+03  9.715983e+02 
3977  9.765766e+03  7.575325e+03  2.190440e+03 
3985  1.258992e+03  7.719926e+02  4.869995e+02 
3992  1.112023e+03  5.670765e+02  5.449462e+02 
4000  5.719607e+03  4.356640e+03  1.362967e+03 
4008  3.473749e+02  1.772909e+02  1.700840e+02 
4016  2.703649e+02  1.370391e+02  1.333258e+02 
4024  6.471132e+02  3.593829e+02  2.877302e+02 
4031  3.575305e+02  1.808707e+02  1.766599e+02 
4039  4.674477e+01  2.377476e+01  2.297001e+01 
4047  6.856329e+01  3.484792e+01  3.371537e+01 
4055  1.321833e+02  6.680302e+01  6.538030e+01 
4063  1.274625e+03  6.621512e+02  6.124737e+02 
4071  1.781979e+03  9.065460e+02  8.754334e+02 
4079  2.099751e+03  1.119997e+03  9.797545e+02 
4087  2.487654e+03  1.344795e+03  1.142859e+03 
4095  1.995552e+03  1.014078e+03  9.814744e+02 
4103  4.615522e+02  2.388684e+02  2.226838e+02 
4111  8.129221e+02  4.158745e+02  3.970476e+02 
4119  5.676398e+03  4.071899e+03  1.604499e+03 
4127  4.689129e+03  3.136030e+03  1.553099e+03 
4135  3.904640e+03  2.231897e+03  1.672743e+03 
4143  2.277189e+03  1.156553e+03  1.120636e+03 
4151  2.049631e+02  1.041120e+02  1.008511e+02 
4159  2.266624e+03  1.193367e+03  1.073257e+03 
4167  5.472723e+02  2.886193e+02  2.586530e+02 
4175  3.565300e+04  2.247705e+04  1.317595e+04 
4183  1.746895e+03  9.173616e+02  8.295329e+02 
4191  5.792751e+01  2.941195e+01  2.851556e+01 
4200  2.982045e+02  1.510513e+02  1.471531e+02 
4208  1.411083e+03  7.234925e+02  6.875906e+02 
4216  1.992075e+01  1.012133e+01  9.799421e+00 
4224  2.568955e+02  1.304964e+02  1.263991e+02 
4232  1.245189e+04  7.909746e+03  4.542144e+03 
4241  1.246117e+05  6.677958e+04  5.783211e+04 
4249  8.423873e+02  4.599542e+02  3.824331e+02 
4257  6.148651e+03  3.954367e+03  2.194284e+03 
4265  4.200963e+02  2.127088e+02  2.073874e+02 
4274  6.510438e+04  3.530177e+04  2.980261e+04 
4282  4.512653e+01  2.289701e+01  2.222952e+01 
4290  7.880410e+04  4.227723e+04  3.652687e+04 
4299  1.236481e+04  9.684062e+03  2.680750e+03 
4307  1.954435e+04  1.002342e+04  9.520932e+03 
4316  4.531560e+04  2.499097e+04  2.032463e+04 
4324  6.103310e+02  3.023639e+02  3.079671e+02 
4332  6.280969e+03  4.793506e+03  1.487463e+03 
4341  8.952867e+03  6.447561e+03  2.505307e+03 
4349  6.438812e+04  3.473724e+04  2.965088e+04 
4358  9.961661e+04  5.225651e+04  4.736010e+04 
4366  4.563074e+03  2.893094e+03  1.669980e+03 
4375  2.868935e+04  1.631710e+04  1.237225e+04 
4383  2.032421e+04  1.425354e+04  6.070675e+03 
4392  4.372214e+01  2.218748e+01  2.153466e+01 
4400  6.341812e+03  4.647521e+03  1.694290e+03 
4409  1.612836e+04  1.243854e+04  3.689825e+03 
4418  6.641488e+04  3.572842e+04  3.068646e+04 
4426  6.969955e+01  3.532969e+01  3.436987e+01 
4435  1.248504e+04  7.718851e+03  4.766184e+03 
4443  2.384918e+02  1.207139e+02  1.177778e+02 
4452  3.041930e+04  1.567993e+04  1.473938e+04 
4461  1.243348e+04  6.319781e+03  6.113701e+03 
4469  9.631367e+03  7.668390e+03  1.962978e+03 
4478  1.553659e+04  7.939634e+03  7.596958e+03 
4487  2.397229e+04  1.808517e+04  5.887114e+03 
4496  3.068859e+03  1.552965e+03  1.515894e+03 
4504  4.494528e+03  3.619599e+03  8.749286e+02 
4513  1.271986e+04  9.003317e+03  3.716539e+03 
4522  1.594370e+04  1.259978e+04  3.343918e+03 
4531  8.372623e+03  5.668821e+03  2.703802e+03 
4540  4.651472e+03  3.777050e+03  8.744219e+02 
4548  6.560326e+03  5.073680e+03  1.486647e+03 
4557  9.793461e+03  7.605593e+03  2.187869e+03 
4566  2.629375e+01  1.330942e+01  1.298433e+01 
4575  8.173229e+03  5.817285e+03  2.355944e+03 
4584  1.872256e+04  1.324106e+04  5.481503e+03 
4593  4.931797e+03  3.345650e+03  1.586148e+03 
4602  9.252807e+02  4.682337e+02  4.570470e+02 
4611  7.370673e+01  3.736256e+01  3.634417e+01 
4620  7.198842e+03  5.362099e+03  1.836743e+03 
4629  3.355017e+04  2.174608e+04  1.180408e+04 
4638  7.214553e+03  3.656681e+03  3.557871e+03 
4647  5.848727e+03  3.949477e+03  1.899250e+03 
4656  8.296552e+02  4.356430e+02  3.940122e+02 
4665  1.780488e+04  1.205947e+04  5.745407e+03 
4674  9.884497e+02  5.328300e+02  4.556197e+02 
4683  3.495328e+03  1.767564e+03  1.727764e+03 
4692  1.107240e+01  5.601361e+00  5.471038e+00 
4701  3.099041e+02  1.564926e+02  1.534115e+02 
4711  1.206477e+02  5.069870e+01  6.994898e+01 
4720  3.493784e+03  1.790893e+03  1.702891e+03 
4729  1.892652e+04  9.763398e+03  9.163124e+03 
4738  8.124329e+02  4.255432e+02  3.868896e+02 
4747  2.312631e+03  1.168327e+03  1.144304e+03 
4757  1.205251e+02  6.067507e+01  5.985005e+01 
4766  5.247977e+00  2.654001e+00  2.593976e+00 
4775  1.525909e+04  7.754813e+03  7.504272e+03 
4784  1.291483e+01  6.521578e+00  6.393253e+00 
4794  2.185578e+03  1.104632e+03  1.080946e+03 
4803  5.197687e+01  2.624338e+01  2.573349e+01 
4813  3.176966e+04  1.627553e+04  1.549413e+04 
4822  1.017012e+04  5.434721e+03  4.735397e+03 
4831  1.916692e+03  1.005394e+03  9.112975e+02 
4841  1.269979e+03  6.870993e+02  5.828802e+02 
4850  2.065470e+03  1.046336e+03  1.019134e+03 
4860  2.366244e+02  1.204387e+02  1.161857e+02 
4869  3.342973e+03  1.740638e+03  1.602335e+03 
4879  1.956050e+04  9.950796e+03  9.609706e+03 
4888  2.187789e+04  1.114394e+04  1.073395e+04 
4898  7.087661e+03  3.594050e+03  3.493612e+03 
4907  2.369025e+04  1.208659e+04  1.160365e+04 
4917  8.491673e+00  4.280221e+00  4.211452e+00 
4926  6.304586e+03  4.122714e+03  2.181872e+03 
4936  8.738902e+01  4.406926e+01  4.331976e+01 
4945  3.592859e+04  1.841366e+04  1.751493e+04 
4955  1.470462e+04  7.456490e+03  7.248129e+03 
4965  7.689879e+01  3.873019e+01  3.816860e+01 
4974  1.615772e+04  8.203104e+03  7.954621e+03 
4984  7.221955e+01  3.641539e+01  3.580416e+01 
4994  1.642107e+03  8.807076e+02  7.613992e+02 
5004  2.811499e+04  1.432302e+04  1.379197e+04 
5013  7.438773e+03  4.724672e+03  2.714101e+03 
5023  1.470715e+04  7.454627e+03  7.252527e+03 
5033  9.750992e+01  4.918357e+01  4.832635e+01 
5043  1.578069e+04  7.982493e+03  7.798192e+03 
5052  2.625039e+04  1.336435e+04  1.288605e+04 
5062  2.857942e+03  1.442665e+03  1.415277e+03 
5072  6.241802e+04  3.213476e+04  3.028326e+04 
5082  9.153037e+02  4.689968e+02  4.463069e+02 
5092  5.334902e+01  2.670089e+01  2.664813e+01 
5102  9.229102e+02  4.877172e+02  4.351930e+02 
5112  4.729186e+04  2.416944e+04  2.312242e+04 
5122  4.723044e+02  2.420822e+02  2.302223e+02 
5132  1.798601e+03  9.199441e+02  8.786569e+02 
5142  9.924464e+02  5.279316e+02  4.645148e+02 
5152  1.090958e+03  5.661074e+02  5.248510e+02 
5162  2.040751e+05  1.089846e+05  9.509051e+04 
5172  1.801241e+04  1.074798e+04  7.264438e+03 
5182  3.404260e+04  1.726620e+04  1.677640e+04 
5192  1.345535e+02  6.861369e+01  6.593984e+01 
5202  1.126754e+04  8.726811e+03  2.540729e+03 
5212  7.987060e+00  4.019141e+00  3.967919e+00 
5222  6.145998e+03  3.103342e+03  3.042656e+03 
5233  1.099754e+04  8.604580e+03  2.392962e+03 
5243  2.096452e+02  1.059042e+02  1.037410e+02 
5253  1.060113e+04  7.531118e+03  3.070015e+03 
5263  1.156590e+05  6.111770e+04  5.454131e+04 
5273  9.368169e+04  5.053573e+04  4.314596e+04 
5284  6.318821e+03  4.230580e+03  2.088242e+03 
5294  8.088539e+03  4.085865e+03  4.002675e+03 
5304  9.544740e+01  4.799023e+01  4.745717e+01 
5315  2.669087e+04  1.812066e+04  8.570205e+03 
5325  1.027814e+04  7.090059e+03  3.188086e+03 
5335  5.567912e+04  2.867858e+04  2.700054e+04 
5346  7.672713e+03  3.902792e+03  3.769921e+03 
5356  5.867664e+01  2.950226e+01  2.917438e+01 
5367  6.943056e+03  4.499184e+03  2.443872e+03 
5377  5.734055e+04  2.950649e+04  2.783405e+04 
5388  2.119585e+02  1.065670e+02  1.053915e+02 
5398  1.254629e+02  6.276604e+01  6.269687e+01 
5409  1.032020e+04  5.277894e+03  5.042307e+03 
5419  4.047429e+01  2.033620e+01  2.013809e+01 
5430  3.820963e+04  2.190473e+04  1.630490e+04 
5440  5.757882e+02  2.901313e+02  2.856569e+02 
5451  4.078787e+02  2.020734e+02  2.058053e+02 
5461  1.172495e+02  5.682328e+01  6.042624e+01 
5472  3.857023e+03  1.963708e+03  1.893316e+03 
5483  1.292603e+02  6.493742e+01  6.432291e+01 
5493  4.258029e+03  2.144852e+03  2.113177e+03 
5504  7.537526e+01  3.785593e+01  3.751933e+01 
5515  7.662309e+01  3.851656e+01  3.810653e+01 
5526  1.598172e+04  8.074475e+03  7.907249e+03 
5536  5.815587e+03  3.153484e+03  2.662103e+03 
5547  3.850797e+03  1.936396e+03  1.914401e+03 
5558  4.464085e+03  2.247827e+03  2.216259e+03 
5569  4.577790e+02  2.296015e+02  2.281775e+02 
5580  2.941282e+03  1.478200e+03  1.463082e+03 
5590  2.309548e+03  1.160155e+03  1.149393e+03 
5601  4.195461e+01  2.113353e+01  2.082108e+01 
5612  2.176995e+03  1.093825e+03  1.083170e+03 
5623  3.801506e+03  2.014912e+03  1.786594e+03 
5634  3.128172e+01  1.569967e+01  1.558205e+01 
5645  3.547895e+03  1.780932e+03  1.766963e+03 
5656  5.191785e+03  2.832719e+03  2.359066e+03 
5667  5.857487e+02  2.939688e+02  2.917798e+02 
5678  3.399305e+03  1.708160e+03  1.691145e+03 
5689  3.220234e+03  1.616173e+03  1.604061e+03 
5700  2.569054e+01  1.289187e+01  1.279867e+01 
5711  3.618571e+02  1.815846e+02  1.802725e+02 
5723  3.611796e+03  1.838482e+03  1.773314e+03 
5734  1.367079e+03  7.030350e+02  6.640442e+02 
5745  4.282125e+03  2.150251e+03  2.131875e+03 
5756  4.390804e+02  2.202683e+02  2.188122e+02 
5767  1.802467e+02  9.042085e+01  8.982587e+01 
5779  8.651611e+02  4.351457e+02  4.300154e+02 
5790  1.047511e+02  5.231225e+01  5.243886e+01 
5801  8.547744e+02  4.289025e+02  4.258719e+02 
5812  5.518367e+02  2.786455e+02  2.731912e+02 
5824  1.793474e+02  9.021665e+01  8.913069e+01 
5835  4.232738e+03  2.091503e+03  2.141235e+03 
5846  7.993942e+02  4.008904e+02  3.985038e+02 
5858  3.448756e+02  1.743140e+02  1.705616e+02 
5869  4.788882e+03  2.407699e+03  2.381183e+03 
5881  2.778470e+02  1.392916e+02  1.385554e+02 
5892  9.856211e+01  4.933485e+01  4.922726e+01 
5904  8.884622e+02  4.457253e+02  4.427369e+02 
5915  1.557819e+03  7.809550e+02  7.768644e+02 
5927  1.143747e+03  5.788743e+02  5.648732e+02 
5938  6.825651e+00  3.421702e+00  3.403949e+00 
5950  6.089010e+02  3.156433e+02  2.932577e+02 
5961  1.465004e+02  7.344097e+01  7.305945e+01 
5973  1.602931e+02  8.026414e+01  8.002897e+01 
5985  6.324899e+02  3.170767e+02  3.154133e+02 
5996  3.133247e+03  1.696115e+03  1.437131e+03 
6008  1.009692e+03  5.059732e+02  5.037184e+02 
6020  7.651718e+02  3.845237e+02  3.806481e+02 
6031  3.948433e+01  1.978341e+01  1.970092e+01 
6043  5.826672e+03  2.927566e+03  2.899106e+03 
6055  2.208297e+03  1.106414e+03  1.101883e+03 
6067  1.032547e+02  5.151815e+01  5.173653e+01 
6078  1.876309e+03  9.745604e+02  9.017481e+02 
6090  3.013888e+02  1.509693e+02  1.504195e+02 
6102  7.185759e+02  3.492774e+02  3.692986e+02 
6114  1.269994e+03  6.480722e+02  6.219220e+02 
6126  5.834116e+02  2.965687e+02  2.868430e+02 
6138  1.492346e+02  7.513481e+01  7.409976e+01 
6150  7.671515e+03  5.627556e+03  2.043959e+03 
6162  2.026131e+02  1.012460e+02  1.013671e+02 
6174  1.623683e+03  8.073632e+02  8.163198e+02 
6186  3.825073e+03  1.917606e+03  1.907467e+03 
6198  4.662179e+02  2.334664e+02  2.327514e+02 
6210  1.876111e+01  9.379180e+00  9.381930e+00 
6222  9.858741e+01  4.965421e+01  4.893320e+01 
6234  8.910678e+03  5.946759e+03  2.963918e+03 
6246  5.969756e+03  4.549789e+03  1.419967e+03 
6259  5.796309e+02  2.902724e+02  2.893585e+02 
6271  4.125840e+02  2.063664e+02  2.062177e+02 
6283  2.637086e+02  1.326343e+02  1.310744e+02 
6295  1.353812e+02  6.901852e+01  6.636270e+01 
6307  1.449168e+03  7.171792e+02  7.319886e+02 
6320  3.331229e+03  1.675141e+03  1.656087e+03 
6332  6.314860e+02  3.109615e+02  3.205245e+02 
6344  9.723737e+02  4.865561e+02  4.858176e+02 
6357  1.454604e+03  7.285036e+02  7.261003e+02 
6369  1.938919e+03  1.014120e+03  9.247985e+02 
6381  2.216552e+03  1.110641e+03  1.105911e+03 
6394  3.536429e+02  1.770064e+02  1.766364e+02 
6406  4.370706e+03  2.397426e+03  1.973280e+03 
6419  8.751971e+03  6.092800e+03  2.659171e+03 
6431  3.364196e+03  1.922227e+03  1.441970e+03 
6444  3.158432e+03  1.576881e+03  1.581551e+03 
6456  1.025366e+04  7.581088e+03  2.672575e+03 
6469  2.936053e+03  1.469788e+03  1.466265e+03 
6482  1.486288e+03  7.366929e+02  7.495950e+02 
6494  1.768124e+03  8.848012e+02  8.833226e+02 
6507  6.742408e+02  3.372663e+02  3.369745e+02 
6520  6.155864e+03  3.682285e+03  2.473579e+03 
6532  8.640640e+02  4.321442e+02  4.319197e+02 
6545  9.515457e+01  4.759122e+01  4.756335e+01 
6558  2.087528e+03  8.806058e+02  1.206922e+03 
6571  1.063570e+03  5.307280e+02  5.328420e+02 
6583  7.680646e+02  3.841412e+02  3.839234e+02 
6596  1.745473e+02  8.728234e+01  8.726496e+01 
6609  3.664631e+02  1.831485e+02  1.833146e+02 
6622  1.183253e+03  5.910834e+02  5.921695e+02 
6635  6.678461e+00  3.339231e+00  3.339231e+00 
6648  9.398160e+02  4.698683e+02  4.699477e+02 
6661  5.369323e+02  2.684695e+02  2.684628e+02 
6674  2.503932e+02  1.246373e+02  1.257558e+02 
6687  7.926222e+02  3.963507e+02  3.962715e+02 
6700  7.122035e+02  3.561923e+02  3.560112e+02 
6713  3.515294e+01  1.754194e+01  1.761100e+01 
6726  4.287115e+02  2.143831e+02  2.143284e+02 
6739  1.847312e+00  9.236557e-01  9.236559e-01 
6752  1.420266e+02  7.101498e+01  7.101165e+01 
6765  1.190454e+02  5.952745e+01  5.951798e+01 
6778  1.766583e+02  8.832958e+01  8.832875e+01 
6792  2.109887e+01  1.054943e+01  1.054944e+01 
6805  5.820271e+02  2.910815e+02  2.909456e+02 
6818  1.697878e+02  8.489395e+01  8.489381e+01 
6831  1.734712e+02  8.670898e+01  8.676217e+01 
6845  9.877856e+00  4.938928e+00  4.938928e+00 
6858  3.255566e+02  1.627785e+02  1.627781e+02 
6871  4.953361e+03  2.480652e+03  2.472709e+03 
6885  2.785642e+01  1.391770e+01  1.393873e+01 
6898  9.591106e+02  4.797041e+02  4.794065e+02 
6912  2.884946e+02  1.435578e+02  1.449368e+02 
6925  1.284480e+02  6.410326e+01  6.434476e+01 
6938  2.555115e+03  1.278208e+03  1.276907e+03 
6952  6.543398e+01  3.252494e+01  3.290903e+01 
6966  3.779379e+02  1.889823e+02  1.889556e+02 
6979  2.789461e+01  1.394741e+01  1.394720e+01 
6993  7.894276e+01  3.947153e+01  3.947123e+01 
