1000  5.477761e+02  5.193808e+02  2.839529e+01 
1002  1.977364e+02  1.820908e+02  1.564562e+01 
1004  2.694159e+02  2.421353e+02  2.728054e+01 
1006  2.499681e+02  2.133760e+02  3.659212e+01 
1008  3.264823e+02  3.011989e+02  2.528340e+01 
1010  1.831430e+01  1.558491e+01  2.729388e+00 
1012  1.161624e+02  1.068819e+02  9.280492e+00 
1014  2.380280e+02  2.236267e+02  1.440125e+01 
1016  3.118612e+02  2.939796e+02  1.788163e+01 
1018  1.742998e+02  1.642957e+02  1.000415e+01 
1020  2.818809e+02  2.705772e+02  1.130372e+01 
1022  2.720799e+02  2.627266e+02  9.353256e+00 
1024  8.342171e+01  8.202260e+01  1.399114e+00 
1026  4.226037e+01  4.142668e+01  8.336900e-01 
1028  1.329752e+02  1.306456e+02  2.329600e+00 
1030  2.830414e+02  2.756014e+02  7.440021e+00 
1032  2.778059e+02  2.650871e+02  1.271881e+01 
1034  2.476729e+02  2.357167e+02  1.195616e+01 
1036  3.239245e+02  3.163065e+02  7.618012e+00 
1038  1.322077e+02  1.185432e+02  1.366457e+01 
1040  3.706392e+02  3.324547e+02  3.818450e+01 
1042  3.194590e+02  2.765603e+02  4.289876e+01 
1044  3.330429e+02  2.992159e+02  3.382700e+01 
1046  2.651923e+02  2.322011e+02  3.299118e+01 
1048  6.725986e+01  4.873876e+01  1.852110e+01 
1050  3.307144e+02  2.840687e+02  4.664562e+01 
1052  2.902900e+02  2.143810e+02  7.590908e+01 
1054  9.959817e+02  9.235257e+02  7.245602e+01 
1057  6.736600e+02  5.778998e+02  9.576012e+01 
1059  8.802378e+02  7.576570e+02  1.225808e+02 
1061  1.578524e+03  1.404860e+03  1.736637e+02 
1063  2.350512e+03  2.228228e+03  1.222845e+02 
1065  9.160664e+02  7.828146e+02  1.332518e+02 
1067  2.465588e+03  2.325017e+03  1.405706e+02 
1069  1.433541e+03  1.308590e+03  1.249506e+02 
1071  1.831331e+03  1.641141e+03  1.901900e+02 
1073  5.040804e+03  4.739310e+03  3.014948e+02 
1075  3.439434e+03  3.161741e+03  2.776935e+02 
1077  2.618450e+03  2.235525e+03  3.829257e+02 
1079  4.223935e+02  3.238875e+02  9.850603e+01 
1081  8.685331e+02  8.265867e+02  4.194642e+01 
1084  1.463253e+03  1.338049e+03  1.252036e+02 
1086  5.755043e+02  4.403944e+02  1.351099e+02 
1088  1.578392e+03  1.418779e+03  1.596134e+02 
1090  2.208938e+03  1.966776e+03  2.421618e+02 
1092  1.238466e+03  1.110234e+03  1.282319e+02 
1094  1.728323e+03  1.531111e+03  1.972118e+02 
1096  1.974586e+03  1.824373e+03  1.502129e+02 
1098  2.423143e+03  2.246596e+03  1.765464e+02 
1101  1.664919e+03  1.558278e+03  1.066409e+02 
1103  1.012032e+03  8.477118e+02  1.643204e+02 
1105  1.604324e+03  1.367244e+03  2.370805e+02 
1107  2.582816e+03  2.266048e+03  3.167683e+02 
1109  1.740895e+03  1.535921e+03  2.049740e+02 
1111  2.462947e+03  2.233491e+03  2.294555e+02 
1114  3.912162e+03  3.417244e+03  4.949178e+02 
1116  2.655153e+03  2.310323e+03  3.448301e+02 
1118  6.001269e+02  4.324624e+02  1.676645e+02 
1120  8.927650e+02  6.728176e+02  2.199474e+02 
1122  1.679128e+03  1.584806e+03  9.432246e+01 
1124  2.068802e+03  1.732318e+03  3.364848e+02 
1127  4.787949e+03  4.390016e+03  3.979331e+02 
1129  2.890363e+03  2.579443e+03  3.109202e+02 
1131  3.166457e+03  2.884370e+03  2.820871e+02 
1133  3.371107e+03  3.184116e+03  1.869904e+02 
1135  1.322928e+03  1.074455e+03  2.484729e+02 
1138  1.347238e+03  1.213384e+03  1.338540e+02 
1140  2.641922e+03  2.175383e+03  4.665392e+02 
1142  3.480168e+03  3.155266e+03  3.249020e+02 
1144  1.025764e+04  9.427814e+03  8.298300e+02 
1147  9.467499e+03  8.511246e+03  9.562529e+02 
1149  8.148251e+03  7.053408e+03  1.094843e+03 
1151  7.250191e+03  6.318532e+03  9.316585e+02 
1153  6.486006e+03  5.873822e+03  6.121843e+02 
1156  2.778639e+03  2.237554e+03  5.410845e+02 
1158  6.244106e+03  5.012628e+03  1.231478e+03 
1160  6.977301e+03  5.932832e+03  1.044469e+03 
1162  3.931360e+03  3.340208e+03  5.911520e+02 
1165  5.463744e+03  4.559458e+03  9.042855e+02 
1167  6.364085e+03  5.374689e+03  9.893965e+02 
1169  6.123230e+03  5.463802e+03  6.594285e+02 
1171  6.004088e+03  5.113302e+03  8.907858e+02 
1174  8.777030e+03  7.363316e+03  1.413715e+03 
1176  5.138439e+03  4.574626e+03  5.638123e+02 
1178  2.134202e+03  1.939970e+03  1.942323e+02 
1181  3.830063e+03  3.526440e+03  3.036234e+02 
1183  3.049305e+03  2.736143e+03  3.131620e+02 
1185  4.567060e+03  4.149753e+03  4.173064e+02 
1187  6.786587e+03  6.202762e+03  5.838248e+02 
1190  3.436456e+03  3.175516e+03  2.609400e+02 
1192  6.376270e+03  5.968897e+03  4.073719e+02 
1194  2.608915e+03  2.501749e+03  1.071665e+02 
1197  6.269324e+03  5.856583e+03  4.127403e+02 
1199  5.875350e+03  5.321834e+03  5.535155e+02 
1201  1.720595e+03  1.594914e+03  1.256813e+02 
1204  9.360933e+02  9.082134e+02  2.787994e+01 
1206  1.331069e+03  1.304503e+03  2.656654e+01 
1208  4.318341e+03  4.213149e+03  1.051914e+02 
1211  1.887572e+03  1.845408e+03  4.216379e+01 
1213  1.360616e+03  1.336384e+03  2.423238e+01 
1215  4.886063e+02  4.548708e+02  3.373547e+01 
1218  1.919655e+03  1.893489e+03  2.616572e+01 
1220  4.523477e+03  4.467484e+03  5.599258e+01 
1223  1.368373e+03  1.343251e+03  2.512248e+01 
1225  1.541611e+03  1.497342e+03  4.426946e+01 
1227  2.363839e+03  2.295612e+03  6.822675e+01 
1230  1.029047e+03  9.807520e+02  4.829506e+01 
1232  3.327587e+03  3.169828e+03  1.577588e+02 
1235  2.773393e+03  2.624769e+03  1.486237e+02 
1237  2.477007e+03  2.316945e+03  1.600623e+02 
1239  2.554217e+03  2.352152e+03  2.020648e+02 
1242  3.570157e+03  3.223995e+03  3.461620e+02 
1244  2.128090e+03  1.924264e+03  2.038259e+02 
1247  1.745415e+03  1.510202e+03  2.352136e+02 
1249  1.871489e+03  1.687153e+03  1.843354e+02 
1252  2.265067e+03  2.007024e+03  2.580439e+02 
1254  2.520198e+03  2.185643e+03  3.345552e+02 
1256  3.807014e+03  3.116022e+03  6.909918e+02 
1259  3.804273e+03  3.230199e+03  5.740735e+02 
1261  4.003625e+03  3.485373e+03  5.182521e+02 
1264  3.390248e+03  2.634353e+03  7.558950e+02 
1266  7.325738e+03  5.626305e+03  1.699434e+03 
1269  2.045071e+03  1.656741e+03  3.883299e+02 
1271  4.997445e+03  4.114811e+03  8.826347e+02 
1274  3.089798e+03  2.438042e+03  6.517556e+02 
1276  2.919670e+03  2.247336e+03  6.723345e+02 
1279  4.281496e+03  3.096810e+03  1.184686e+03 
1281  2.415560e+03  1.717226e+03  6.983339e+02 
1284  2.219107e+03  1.526559e+03  6.925475e+02 
1286  2.429872e+03  1.818787e+03  6.110846e+02 
1289  5.731634e+03  4.338264e+03  1.393370e+03 
1291  3.288198e+03  2.217300e+03  1.070898e+03 
1294  3.142875e+03  2.196801e+03  9.460746e+02 
1296  3.084167e+03  2.343780e+03  7.403870e+02 
1299  4.878039e+03  3.611327e+03  1.266712e+03 
1301  4.535978e+03  3.334593e+03  1.201386e+03 
1304  4.118401e+03  3.241443e+03  8.769577e+02 
1306  4.175152e+03  2.951447e+03  1.223705e+03 
1309  1.977726e+03  1.400275e+03  5.774503e+02 
1311  2.221623e+03  1.502700e+03  7.189234e+02 
1314  2.962855e+03  2.209218e+03  7.536373e+02 
1316  3.272222e+03  2.242807e+03  1.029415e+03 
1319  3.991862e+03  2.913819e+03  1.078044e+03 
1322  4.251464e+03  3.148583e+03  1.102882e+03 
1324  4.694085e+03  3.011626e+03  1.682460e+03 
1327  4.321446e+03  3.045529e+03  1.275917e+03 
1329  3.654635e+03  2.294129e+03  1.360506e+03 
1332  5.099559e+03  3.065451e+03  2.034108e+03 
1335  2.495665e+03  1.729560e+03  7.661042e+02 
1337  2.154603e+03  1.384708e+03  7.698946e+02 
1340  3.376326e+03  2.303887e+03  1.072438e+03 
1342  1.501695e+03  9.409971e+02  5.606975e+02 
1345  2.678073e+03  1.826925e+03  8.511486e+02 
1348  5.363810e+02  3.364683e+02  1.999127e+02 
1350  3.469509e+03  2.155771e+03  1.313738e+03 
1353  2.884203e+03  1.714675e+03  1.169528e+03 
1355  2.989329e+03  1.882699e+03  1.106630e+03 
1358  2.552568e+03  2.000694e+03  5.518743e+02 
1361  6.354178e+03  4.362692e+03  1.991485e+03 
1363  3.550831e+03  2.554845e+03  9.959861e+02 
1366  4.326353e+03  3.455717e+03  8.706361e+02 
1369  3.902380e+03  2.634651e+03  1.267729e+03 
1371  5.196228e+03  3.969161e+03  1.227067e+03 
1374  8.441725e+03  6.749478e+03  1.692247e+03 
1377  6.051206e+03  4.909354e+03  1.141851e+03 
1379  4.872473e+03  3.469094e+03  1.403379e+03 
1382  5.333070e+03  3.756713e+03  1.576357e+03 
1385  4.346590e+03  2.681156e+03  1.665434e+03 
1388  4.649870e+03  3.344452e+03  1.305418e+03 
1390  2.332798e+03  1.652353e+03  6.804445e+02 
1393  3.716161e+03  2.382577e+03  1.333584e+03 
1396  3.681538e+03  2.539889e+03  1.141649e+03 
1398  1.082277e+04  8.124208e+03  2.698562e+03 
1401  5.867413e+03  4.786248e+03  1.081166e+03 
1404  4.646916e+03  3.284221e+03  1.362695e+03 
1407  2.274019e+03  1.532771e+03  7.412477e+02 
1409  2.823251e+03  2.051100e+03  7.721517e+02 
1412  3.282861e+03  2.479740e+03  8.031210e+02 
1415  9.629938e+03  7.643354e+03  1.986583e+03 
1418  7.062904e+03  4.765160e+03  2.297745e+03 
1420  2.621314e+03  1.704333e+03  9.169811e+02 
1423  4.209353e+03  2.939224e+03  1.270129e+03 
1426  1.416190e+03  9.376119e+02  4.785782e+02 
1429  3.490643e+03  2.250263e+03  1.240380e+03 
1431  3.967102e+03  3.029343e+03  9.377595e+02 
1434  2.638509e+03  1.728864e+03  9.096443e+02 
1437  5.471679e+03  4.410391e+03  1.061288e+03 
1440  3.536500e+03  2.824437e+03  7.120635e+02 
1443  3.474145e+03  2.556364e+03  9.177805e+02 
1445  1.620813e+03  1.026171e+03  5.946413e+02 
1448  2.151599e+03  1.264774e+03  8.868248e+02 
1451  4.987977e+03  3.001697e+03  1.986280e+03 
1454  2.589522e+03  1.798404e+03  7.911181e+02 
1457  2.100081e+03  1.269262e+03  8.308194e+02 
1460  2.071627e+03  1.240779e+03  8.308478e+02 
1462  2.615220e+03  1.775563e+03  8.396573e+02 
1465  1.610701e+03  9.728075e+02  6.378937e+02 
1468  1.778375e+03  1.232944e+03  5.454319e+02 
1471  3.151239e+03  1.919526e+03  1.231713e+03 
1474  6.949981e+03  4.758240e+03  2.191741e+03 
1477  5.623474e+03  3.309623e+03  2.313852e+03 
1480  2.687508e+03  2.039626e+03  6.478818e+02 
1482  4.858509e+03  2.943667e+03  1.914842e+03 
1485  3.411371e+03  2.002710e+03  1.408661e+03 
1488  6.130618e+03  3.780033e+03  2.350585e+03 
1491  5.518214e+03  3.446991e+03  2.071222e+03 
1494  5.153898e+03  3.208836e+03  1.945062e+03 
1497  1.391238e+03  1.020576e+03  3.706617e+02 
1500  1.157328e+03  7.010758e+02  4.562523e+02 
1503  2.548187e+03  1.740017e+03  8.081695e+02 
1506  3.724925e+03  2.773695e+03  9.512305e+02 
1509  4.779962e+03  3.009930e+03  1.770032e+03 
1512  5.659217e+03  3.587403e+03  2.071814e+03 
1515  2.179414e+03  1.513305e+03  6.661086e+02 
1518  4.615107e+02  2.985890e+02  1.629217e+02 
1520  3.805976e+03  2.408214e+03  1.397762e+03 
1523  2.858145e+03  2.003633e+03  8.545115e+02 
1526  3.596527e+03  2.318242e+03  1.278286e+03 
1529  5.128285e+02  2.781862e+02  2.346423e+02 
1532  1.410909e+03  8.515861e+02  5.593234e+02 
1535  1.409531e+03  8.293669e+02  5.801635e+02 
1538  1.173667e+03  6.751653e+02  4.985019e+02 
1541  1.575073e+03  8.567218e+02  7.183514e+02 
1544  7.664617e+02  4.342828e+02  3.321788e+02 
1547  2.639042e+03  1.476379e+03  1.162663e+03 
1550  5.121941e+03  3.058129e+03  2.063812e+03 
1553  1.562993e+03  9.123463e+02  6.506472e+02 
1556  3.256034e+03  1.955766e+03  1.300268e+03 
1559  5.880790e+03  5.688175e+03  1.926143e+02 
1562  4.386524e+03  3.924973e+03  4.615511e+02 
1566  1.366577e+03  1.202521e+03  1.640552e+02 
1569  8.419555e+03  7.859489e+03  5.600651e+02 
1572  4.766377e+03  3.619925e+03  1.146452e+03 
1575  8.728593e+03  7.895985e+03  8.326076e+02 
1578  5.688379e+03  4.099862e+03  1.588517e+03 
1581  6.051814e+03  4.784736e+03  1.267078e+03 
1584  3.776407e+03  3.320584e+03  4.558236e+02 
1587  4.038431e+03  3.223044e+03  8.153871e+02 
1590  8.105086e+02  4.797150e+02  3.307936e+02 
1593  2.940780e+03  1.682505e+03  1.258275e+03 
1596  1.759006e+03  9.100508e+02  8.489552e+02 
1599  2.049666e+03  1.363312e+03  6.863542e+02 
1603  3.832329e+03  3.205692e+03  6.266371e+02 
1606  3.347129e+03  2.300771e+03  1.046358e+03 
1609  1.005733e+04  9.811704e+03  2.456286e+02 
1612  7.383983e+03  6.952337e+03  4.316461e+02 
1615  3.017155e+02  2.328829e+02  6.883254e+01 
1618  6.918432e+03  6.540454e+03  3.779786e+02 
1621  8.973615e+03  8.154182e+03  8.194330e+02 
1624  6.110188e+03  5.322640e+03  7.875485e+02 
1628  9.057759e+03  7.892033e+03  1.165725e+03 
1631  5.975441e+03  5.389333e+03  5.861089e+02 
1634  9.721654e+03  8.628942e+03  1.092712e+03 
1637  1.059710e+04  1.013657e+04  4.605368e+02 
1640  1.408165e+04  1.134154e+04  2.740117e+03 
1644  5.713538e+03  5.116656e+03  5.968816e+02 
1647  3.838991e+03  3.373633e+03  4.653586e+02 
1650  7.071164e+03  6.543443e+03  5.277203e+02 
1653  7.706683e+03  7.170822e+03  5.358602e+02 
1656  4.394537e+03  3.283224e+03  1.111313e+03 
1660  7.340477e+03  7.001920e+03  3.385560e+02 
1663  2.516116e+03  1.662481e+03  8.536349e+02 
1666  6.172637e+02  4.712560e+02  1.460077e+02 
1669  2.796904e+03  2.629470e+03  1.674341e+02 
1673  2.913828e+03  2.808078e+03  1.057495e+02 
1676  9.070449e+03  8.560391e+03  5.100590e+02 
1679  6.608970e+03  6.152381e+03  4.565890e+02 
1682  2.380465e+03  1.437064e+03  9.434011e+02 
1686  6.019341e+03  4.840779e+03  1.178562e+03 
1689  3.088717e+03  2.641673e+03  4.470446e+02 
1692  2.931869e+03  2.518398e+03  4.134707e+02 
1696  1.163862e+03  8.101683e+02  3.536935e+02 
1699  1.093851e+03  9.496986e+02  1.441521e+02 
1702  1.193589e+04  1.101788e+04  9.180040e+02 
1706  2.295517e+03  2.066316e+03  2.292003e+02 
1709  5.581239e+03  4.174323e+03  1.406916e+03 
1712  1.893932e+03  1.259010e+03  6.349219e+02 
1715  4.905812e+03  3.670072e+03  1.235740e+03 
1719  5.173053e+03  4.795601e+03  3.774523e+02 
1722  6.069487e+03  4.015526e+03  2.053961e+03 
1726  1.019077e+04  9.317775e+03  8.729955e+02 
1729  1.033366e+03  8.446178e+02  1.887481e+02 
1732  1.848921e+03  1.273322e+03  5.755984e+02 
1736  8.996608e+02  6.561918e+02  2.434691e+02 
1739  9.717661e+02  5.351754e+02  4.365907e+02 
1742  1.110842e+03  7.079573e+02  4.028845e+02 
1746  2.749925e+03  2.330088e+03  4.198367e+02 
1749  2.929514e+03  2.350359e+03  5.791547e+02 
1753  1.375491e+02  7.135370e+01  6.619541e+01 
1756  5.166210e+02  2.745655e+02  2.420556e+02 
1759  4.043157e+03  3.553010e+03  4.901471e+02 
1763  2.257829e+03  1.746760e+03  5.110691e+02 
1766  7.581526e+02  4.974180e+02  2.607346e+02 
1770  9.149180e+02  6.968438e+02  2.180742e+02 
1773  4.886094e+03  3.353618e+03  1.532476e+03 
1777  1.470384e+03  1.159816e+03  3.105679e+02 
1780  1.685093e+03  1.288818e+03  3.962751e+02 
1784  9.643379e+03  7.267974e+03  2.375404e+03 
1787  1.734988e+04  1.249609e+04  4.853789e+03 
1791  1.734090e+03  1.219723e+03  5.143665e+02 
1794  6.480542e+03  4.279838e+03  2.200703e+03 
1798  4.577877e+03  3.960123e+03  6.177544e+02 
1801  6.729529e+02  3.400712e+02  3.328817e+02 
1805  3.111261e+03  2.135572e+03  9.756888e+02 
1808  1.956814e+03  1.423191e+03  5.336229e+02 
1812  1.323821e+03  6.691335e+02  6.546872e+02 
1815  1.597775e+03  1.184567e+03  4.132072e+02 
1819  2.564284e+03  2.345014e+03  2.192704e+02 
1822  2.721344e+03  2.548793e+03  1.725512e+02 
1826  2.218816e+03  1.754442e+03  4.643743e+02 
1829  1.790121e+03  1.482999e+03  3.071216e+02 
1833  3.114047e+03  2.501146e+03  6.129009e+02 
1836  2.026158e+03  1.702300e+03  3.238582e+02 
1840  2.602642e+03  1.521843e+03  1.080799e+03 
1844  2.214080e+03  1.297936e+03  9.161434e+02 
1847  2.496009e+03  2.301225e+03  1.947843e+02 
1851  1.806232e+03  1.212428e+03  5.938037e+02 
1854  4.350579e+02  2.659917e+02  1.690661e+02 
1858  1.089566e+03  7.972395e+02  2.923264e+02 
1862  2.028025e+03  1.086854e+03  9.411710e+02 
1865  2.487774e+03  2.187066e+03  3.007075e+02 
1869  1.126170e+03  7.343751e+02  3.917952e+02 
1873  4.904083e+02  3.616752e+02  1.287331e+02 
1876  4.811309e+03  4.316867e+03  4.944417e+02 
1880  3.806904e+03  2.871191e+03  9.357137e+02 
1883  4.267300e+03  2.221876e+03  2.045423e+03 
1887  5.514333e+03  4.918968e+03  5.953652e+02 
1891  1.159436e+03  9.341964e+02  2.252395e+02 
1895  1.247359e+03  9.971655e+02  2.501940e+02 
1898  2.810909e+03  1.750730e+03  1.060179e+03 
1902  6.621778e+03  5.679194e+03  9.425839e+02 
1906  2.010741e+03  1.509733e+03  5.010086e+02 
1909  2.180542e+03  1.904091e+03  2.764510e+02 
1913  1.994772e+03  1.670416e+03  3.243566e+02 
1917  3.726007e+03  2.760962e+03  9.650453e+02 
1921  2.000333e+03  1.140183e+03  8.601494e+02 
1924  4.417508e+03  3.926292e+03  4.912152e+02 
1928  3.944552e+03  3.363382e+03  5.811704e+02 
1932  1.834081e+03  1.383496e+03  4.505849e+02 
1936  7.170742e+03  6.759731e+03  4.110106e+02 
1939  1.606387e+03  8.830139e+02  7.233737e+02 
1943  2.837286e+03  2.072023e+03  7.652623e+02 
1947  3.978816e+03  2.730586e+03  1.248231e+03 
1951  1.140659e+03  8.845500e+02  2.561091e+02 
1954  1.355979e+03  1.004349e+03  3.516298e+02 
1958  3.598062e+03  1.925394e+03  1.672668e+03 
1962  2.462065e+03  1.483755e+03  9.783096e+02 
1966  4.680217e+03  2.818554e+03  1.861662e+03 
1970  3.676673e+03  2.552554e+03  1.124119e+03 
1974  5.336191e+03  3.094034e+03  2.242157e+03 
1977  1.343354e+03  7.981268e+02  5.452273e+02 
1981  6.232540e+02  3.457783e+02  2.774757e+02 
1985  1.984924e+03  1.275336e+03  7.095877e+02 
1989  1.868649e+03  1.492975e+03  3.756746e+02 
1993  1.516806e+03  8.708756e+02  6.459300e+02 
1997  1.351267e+03  7.388141e+02  6.124529e+02 
2001  5.653729e+03  4.983177e+03  6.705522e+02 
2005  2.485206e+03  2.070656e+03  4.145499e+02 
2008  5.110179e+03  4.332158e+03  7.780211e+02 
2012  2.832705e+03  1.997532e+03  8.351732e+02 
2016  2.916360e+03  2.018107e+03  8.982530e+02 
2020  1.706045e+03  1.321158e+03  3.848867e+02 
2024  1.861892e+03  1.004766e+03  8.571265e+02 
2028  4.274214e+03  2.963066e+03  1.311149e+03 
2032  3.515972e+03  2.672698e+03  8.432748e+02 
2036  1.851161e+03  1.555834e+03  2.953264e+02 
2040  4.743464e+03  4.458788e+03  2.846756e+02 
2044  2.828666e+03  2.495225e+03  3.334413e+02 
2048  1.129500e+03  6.792764e+02  4.502232e+02 
2052  2.293565e+03  2.079072e+03  2.144935e+02 
2056  3.335695e+03  2.941817e+03  3.938782e+02 
2060  1.282077e+03  7.628013e+02  5.192753e+02 
2064  5.758621e+03  5.137636e+03  6.209855e+02 
2068  2.962676e+03  1.938379e+03  1.024297e+03 
2072  6.599854e+03  5.638354e+03  9.615007e+02 
2076  3.704254e+03  1.979356e+03  1.724898e+03 
2080  2.465528e+03  1.634708e+03  8.308206e+02 
2084  7.264113e+02  3.981318e+02  3.282795e+02 
2088  2.658576e+03  2.383106e+03  2.754699e+02 
2092  1.173158e+03  7.228564e+02  4.503014e+02 
2096  1.903087e+03  1.418959e+03  4.841282e+02 
2100  2.592558e+03  1.691842e+03  9.007155e+02 
2104  3.690867e+03  2.033331e+03  1.657536e+03 
2109  1.062617e+04  9.717382e+03  9.087871e+02 
2113  1.266755e+03  8.894540e+02  3.773012e+02 
2117  1.054335e+04  7.601211e+03  2.942139e+03 
2121  6.814368e+02  5.157834e+02  1.656534e+02 
2125  9.416741e+02  4.936296e+02  4.480444e+02 
2129  3.995052e+03  3.417239e+03  5.778129e+02 
2133  2.142135e+03  1.361141e+03  7.809932e+02 
2138  3.585164e+03  3.114680e+03  4.704844e+02 
2142  2.359835e+03  1.477453e+03  8.823819e+02 
2146  2.244500e+03  1.903729e+03  3.407710e+02 
2150  4.692321e+03  4.152413e+03  5.399076e+02 
2154  1.269346e+03  8.495887e+02  4.197568e+02 
2158  1.919825e+03  1.485239e+03  4.345862e+02 
2163  4.504552e+03  3.882512e+03  6.220406e+02 
2167  3.490174e+03  2.686493e+03  8.036806e+02 
2171  1.945962e+03  1.072200e+03  8.737615e+02 
2175  4.162011e+03  3.184241e+03  9.777690e+02 
2180  9.238587e+02  7.530143e+02  1.708444e+02 
2184  3.210121e+03  1.858095e+03  1.352026e+03 
2188  3.856243e+03  2.818736e+03  1.037507e+03 
2192  8.795228e+02  5.323088e+02  3.472140e+02 
2197  4.935108e+02  2.622618e+02  2.312489e+02 
2201  1.708078e+03  9.555934e+02  7.524846e+02 
2205  1.997721e+03  1.195965e+03  8.017556e+02 
2209  3.042598e+03  1.937313e+03  1.105285e+03 
2214  5.547029e+03  4.383671e+03  1.163358e+03 
2218  3.018132e+03  2.391733e+03  6.263990e+02 
2222  1.352094e+04  1.245191e+04  1.069025e+03 
2227  2.931492e+03  2.064363e+03  8.671288e+02 
2231  4.184848e+03  2.667625e+03  1.517222e+03 
2235  7.321574e+03  6.309243e+03  1.012331e+03 
2240  1.123412e+04  9.719583e+03  1.514538e+03 
2244  1.149515e+04  8.564963e+03  2.930190e+03 
2248  1.107950e+04  9.613020e+03  1.466482e+03 
2253  1.406891e+04  1.270220e+04  1.366712e+03 
2257  6.434391e+03  5.369530e+03  1.064861e+03 
2262  3.944236e+04  3.840623e+04  1.036129e+03 
2266  2.327531e+04  2.212881e+04  1.146506e+03 
2270  1.725402e+04  1.530749e+04  1.946528e+03 
2275  2.246276e+04  1.990260e+04  2.560161e+03 
2279  2.593421e+04  2.389851e+04  2.035703e+03 
2284  1.299934e+04  1.176049e+04  1.238849e+03 
2288  3.954613e+03  2.383833e+03  1.570780e+03 
2293  8.558531e+03  6.734173e+03  1.824358e+03 
2297  4.524356e+03  3.157762e+03  1.366595e+03 
2302  3.072633e+03  2.181006e+03  8.916270e+02 
2306  1.267128e+04  7.626825e+03  5.044455e+03 
2311  1.159562e+04  8.061887e+03  3.533734e+03 
2315  8.395031e+03  5.745785e+03  2.649247e+03 
2320  6.349146e+03  5.169753e+03  1.179394e+03 
2324  7.432503e+03  5.805735e+03  1.626768e+03 
2329  9.452715e+04  9.067077e+04  3.856376e+03 
2333  9.452730e+04  9.159745e+04  2.929860e+03 
2338  7.154599e+04  6.852916e+04  3.016831e+03 
2342  1.938656e+05  1.915924e+05  2.273167e+03 
2347  2.270707e+05  2.210285e+05  6.042274e+03 
2351  6.941328e+03  5.190820e+03  1.750508e+03 
2356  1.092486e+04  8.232411e+03  2.692453e+03 
2361  4.176108e+05  4.093188e+05  8.292033e+03 
2365  2.833787e+05  2.770542e+05  6.324495e+03 
2370  1.078055e+05  1.049476e+05  2.857862e+03 
2374  2.785308e+05  2.757064e+05  2.824392e+03 
2379  1.896287e+05  1.828799e+05  6.748764e+03 
2384  6.168243e+05  6.121133e+05  4.711027e+03 
2388  1.821136e+05  1.749469e+05  7.166660e+03 
2393  4.791635e+05  4.505042e+05  2.865932e+04 
2398  1.584091e+05  1.500489e+05  8.360196e+03 
2402  2.420646e+05  2.312993e+05  1.076528e+04 
2407  1.161254e+05  1.078282e+05  8.297185e+03 
2412  3.363061e+05  3.192281e+05  1.707798e+04 
2416  1.603650e+04  1.338442e+04  2.652078e+03 
2421  9.575552e+03  7.173983e+03  2.401568e+03 
2426  3.698958e+04  3.268158e+04  4.308001e+03 
2431  4.261886e+04  3.277067e+04  9.848192e+03 
2435  3.987066e+04  3.469858e+04  5.172076e+03 
2440  1.810395e+04  1.664256e+04  1.461391e+03 
2445  4.938441e+04  4.526210e+04  4.122306e+03 
2450  1.931766e+04  1.582238e+04  3.495273e+03 
2454  1.791378e+04  1.391598e+04  3.997805e+03 
2459  4.409467e+04  3.970495e+04  4.389720e+03 
2464  4.395215e+04  3.831102e+04  5.641133e+03 
2469  3.480421e+04  2.880723e+04  5.996974e+03 
2473  2.440130e+04  1.716859e+04  7.232714e+03 
2478  2.389211e+04  2.067557e+04  3.216542e+03 
2483  4.785648e+04  4.403183e+04  3.824647e+03 
2488  2.697723e+04  2.248623e+04  4.491005e+03 
2493  1.190087e+05  1.136731e+05  5.335630e+03 
2498  2.531674e+04  2.310296e+04  2.213779e+03 
2503  2.524460e+04  2.206187e+04  3.182726e+03 
2507  2.499181e+04  1.927952e+04  5.712289e+03 
2512  4.815858e+04  4.317266e+04  4.985918e+03 
2517  2.113071e+04  1.742815e+04  3.702559e+03 
2522  1.425053e+04  1.021891e+04  4.031616e+03 
2527  8.874067e+04  8.204577e+04  6.694907e+03 
2532  2.278819e+04  2.025675e+04  2.531445e+03 
2537  4.965170e+04  3.953768e+04  1.011402e+04 
2542  2.736960e+04  2.361922e+04  3.750378e+03 
2547  4.550644e+04  4.208468e+04  3.421758e+03 
2552  2.390833e+04  1.898249e+04  4.925836e+03 
2557  1.348902e+04  1.143528e+04  2.053740e+03 
2562  1.599551e+05  1.551069e+05  4.848171e+03 
2567  4.143698e+04  3.751621e+04  3.920768e+03 
2572  3.166599e+04  2.616973e+04  5.496256e+03 
2577  3.154384e+04  2.985083e+04  1.693009e+03 
2582  5.528442e+04  4.973545e+04  5.548967e+03 
2587  3.144051e+05  3.096054e+05  4.799704e+03 
2592  5.064039e+04  4.917975e+04  1.460642e+03 
2597  7.599935e+05  7.408858e+05  1.910768e+04 
2602  8.423291e+03  7.157394e+03  1.265897e+03 
2607  2.747236e+05  2.566845e+05  1.803913e+04 
2612  6.102699e+05  5.709097e+05  3.936018e+04 
2617  2.737630e+05  2.631695e+05  1.059347e+04 
2622  2.165874e+05  2.079181e+05  8.669337e+03 
2627  9.430695e+05  8.854215e+05  5.764800e+04 
2632  7.057808e+05  6.667259e+05  3.905488e+04 
2638  5.785451e+03  4.536963e+03  1.248488e+03 
2643  6.022006e+03  4.272733e+03  1.749273e+03 
2648  2.501783e+03  1.562588e+03  9.391949e+02 
2653  5.783157e+03  3.843872e+03  1.939285e+03 
2658  2.387109e+03  1.423979e+03  9.631295e+02 
2663  6.547130e+03  5.836821e+03  7.103090e+02 
2669  1.355557e+04  1.185737e+04  1.698201e+03 
2674  3.921816e+02  1.962520e+02  1.959296e+02 
2679  7.021516e+03  5.944590e+03  1.076926e+03 
2684  9.862238e+03  6.617615e+03  3.244623e+03 
2689  1.492119e+03  9.473318e+02  5.447875e+02 
2695  4.405829e+04  4.085409e+04  3.204199e+03 
2700  1.765876e+03  9.209469e+02  8.449291e+02 
2705  1.223084e+04  9.620468e+03  2.610369e+03 
2710  3.500268e+04  3.271571e+04  2.286978e+03 
2716  1.917268e+05  1.842872e+05  7.439599e+03 
2721  7.228328e+03  4.980423e+03  2.247904e+03 
2726  1.371585e+05  1.322230e+05  4.935444e+03 
2732  1.193656e+05  1.143222e+05  5.043391e+03 
2737  2.124974e+05  2.052297e+05  7.267659e+03 
2742  6.471735e+04  6.214877e+04  2.568575e+03 
2748  3.609680e+05  3.479597e+05  1.300826e+04 
2753  2.749249e+05  2.606870e+05  1.423795e+04 
2758  1.892315e+04  1.753572e+04  1.387434e+03 
2764  6.969331e+04  6.536916e+04  4.324157e+03 
2769  1.144078e+05  1.063983e+05  8.009517e+03 
2774  1.956546e+05  1.860681e+05  9.586468e+03 
2780  5.578022e+03  3.668214e+03  1.909808e+03 
2785  1.501304e+04  8.483062e+03  6.529973e+03 
2791  5.651052e+03  3.562410e+03  2.088641e+03 
2796  5.505354e+03  4.292510e+03  1.212844e+03 
2802  5.540786e+03  4.015318e+03  1.525468e+03 
2807  3.898855e+03  2.217473e+03  1.681382e+03 
2813  2.773730e+03  1.625721e+03  1.148009e+03 
2818  4.812138e+03  2.681292e+03  2.130845e+03 
2823  1.455470e+04  1.146197e+04  3.092725e+03 
2829  4.202641e+04  3.957326e+04  2.453157e+03 
2834  3.464443e+04  3.007366e+04  4.570770e+03 
2840  2.280969e+04  1.393853e+04  8.871161e+03 
2846  1.815876e+04  1.051564e+04  7.643118e+03 
2851  8.264173e+03  5.278352e+03  2.985821e+03 
2857  1.416283e+04  7.692887e+03  6.469944e+03 
2862  8.006464e+03  4.768237e+03  3.238227e+03 
2868  1.348698e+04  9.625030e+03  3.861947e+03 
2873  5.165668e+03  3.295463e+03  1.870205e+03 
2879  1.513334e+04  1.347541e+04  1.657927e+03 
2885  2.226896e+04  2.041848e+04  1.850481e+03 
2890  1.817731e+04  1.590011e+04  2.277208e+03 
2896  8.038450e+03  4.665180e+03  3.373270e+03 
2901  2.886103e+03  1.824372e+03  1.061731e+03 
2907  6.423904e+03  4.635560e+03  1.788344e+03 
2913  5.657554e+02  2.947699e+02  2.709855e+02 
2918  1.136408e+04  8.407789e+03  2.956291e+03 
2924  5.557935e+04  5.331677e+04  2.262579e+03 
2930  6.533591e+02  3.332585e+02  3.201007e+02 
2936  7.982103e+02  4.104266e+02  3.877837e+02 
2941  2.689850e+04  2.516952e+04  1.728984e+03 
2947  2.716192e+04  2.435358e+04  2.808335e+03 
2953  3.023556e+04  2.926690e+04  9.686550e+02 
2958  7.499622e+03  5.977099e+03  1.522523e+03 
2964  3.200990e+04  2.966697e+04  2.342927e+03 
2970  2.526595e+04  2.290155e+04  2.364399e+03 
2976  6.054277e+03  4.767907e+03  1.286370e+03 
2982  9.928692e+04  9.516021e+04  4.126708e+03 
2987  3.167870e+04  3.039770e+04  1.281004e+03 
2993  8.244031e+02  4.143748e+02  4.100283e+02 
2999  5.683966e+03  4.469374e+03  1.214592e+03 
3005  4.791388e+04  4.665714e+04  1.256746e+03 
3011  3.027200e+03  1.590976e+03  1.436224e+03 
3017  2.806477e+03  1.495228e+03  1.311249e+03 
3023  9.555899e+02  4.833763e+02  4.722136e+02 
3028  8.466952e+02  4.334683e+02  4.132269e+02 
3034  1.008987e+03  5.067803e+02  5.022066e+02 
3040  8.542742e+02  4.323803e+02  4.218938e+02 
3046  5.441308e+03  3.521214e+03  1.920094e+03 
3052  7.693678e+02  3.864641e+02  3.829037e+02 
3058  6.339487e+02  3.196927e+02  3.142560e+02 
3064  3.569242e+03  2.184707e+03  1.384535e+03 
3070  4.111779e+03  2.120232e+03  1.991547e+03 
3076  6.302889e+03  3.442335e+03  2.860554e+03 
3082  8.913396e+02  4.677509e+02  4.235887e+02 
3088  4.293427e+02  2.217999e+02  2.075428e+02 
3094  3.067977e+03  2.290935e+03  7.770423e+02 
3100  5.651891e+02  2.860807e+02  2.791084e+02 
3106  1.473600e+03  7.392455e+02  7.343543e+02 
3112  6.739377e+02  3.387952e+02  3.351425e+02 
3118  6.561683e+02  3.305865e+02  3.255818e+02 
3124  4.898217e+01  2.449104e+01  2.449113e+01 
3130  6.522789e+02  3.346548e+02  3.176242e+02 
3136  2.045529e+02  1.032437e+02  1.013092e+02 
3142  5.435155e+03  4.968420e+03  4.667350e+02 
3149  8.788485e+02  4.756619e+02  4.031866e+02 
3155  3.200618e+02  1.657189e+02  1.543429e+02 
3161  3.629447e+04  3.337283e+04  2.921641e+03 
3167  1.863068e+04  1.750789e+04  1.122790e+03 
3173  5.555525e+01  2.778842e+01  2.776683e+01 
3179  7.374897e+03  4.236811e+03  3.138086e+03 
3186  4.378807e+04  4.138518e+04  2.402888e+03 
3192  4.898715e+04  4.625507e+04  2.732073e+03 
3198  5.675943e+04  5.534178e+04  1.417650e+03 
3204  1.019716e+03  5.423142e+02  4.774013e+02 
3210  3.924140e+04  3.740734e+04  1.834062e+03 
3217  5.287956e+01  2.644061e+01  2.643895e+01 
3223  2.640954e+02  1.324978e+02  1.315976e+02 
3229  4.142621e+04  3.890364e+04  2.522578e+03 
3236  4.905075e+03  2.815595e+03  2.089480e+03 
3242  2.674208e+03  1.761964e+03  9.122432e+02 
3248  6.044280e+03  3.536594e+03  2.507687e+03 
3255  3.281641e+04  2.969129e+04  3.125113e+03 
3261  6.243373e+03  4.329907e+03  1.913466e+03 
3267  5.886284e+03  3.758943e+03  2.127341e+03 
3274  1.243655e+02  6.224130e+01  6.212416e+01 
3280  8.799573e+04  8.053540e+04  7.460333e+03 
3286  9.292293e+03  6.893833e+03  2.398460e+03 
3293  1.168628e+04  9.472859e+03  2.213416e+03 
3299  1.166069e+04  7.458531e+03  4.202157e+03 
3306  1.040842e+04  7.410789e+03  2.997627e+03 
3312  9.166445e+03  6.286440e+03  2.880006e+03 
3318  6.297020e+02  3.166862e+02  3.130159e+02 
3325  9.798187e+02  5.358983e+02  4.439205e+02 
3331  1.341885e+02  6.710115e+01  6.708739e+01 
3338  1.701129e+03  8.935572e+02  8.075715e+02 
3344  5.820449e+01  2.918172e+01  2.902276e+01 
3351  1.709918e+01  8.549628e+00  8.549549e+00 
3357  3.154021e+03  1.727321e+03  1.426700e+03 
3364  2.117531e+03  1.115286e+03  1.002245e+03 
3371  3.055877e+03  1.530756e+03  1.525121e+03 
3377  6.868510e+02  3.472251e+02  3.396259e+02 
3384  1.186306e+03  6.231675e+02  5.631386e+02 
3390  1.595388e+03  8.016218e+02  7.937658e+02 
3397  2.638580e+02  1.322683e+02  1.315898e+02 
3403  1.787551e+02  8.938617e+01  8.936896e+01 
3410  4.066914e+02  2.189294e+02  1.877620e+02 
3417  2.600989e+03  1.400655e+03  1.200334e+03 
3423  3.360049e+02  1.679832e+02  1.680217e+02 
3430  6.234014e+02  3.186697e+02  3.047318e+02 
3437  2.300705e+03  1.398160e+03  9.025449e+02 
3443  4.551466e+02  2.309870e+02  2.241596e+02 
3450  3.271121e+03  1.860991e+03  1.410130e+03 
3457  3.266799e+03  1.737237e+03  1.529562e+03 
3464  1.559825e+03  8.216909e+02  7.381341e+02 
3470  6.787804e+02  3.523125e+02  3.264679e+02 
3477  6.539280e+03  3.754199e+03  2.785081e+03 
3484  1.951280e+03  1.001754e+03  9.495267e+02 
3491  1.126433e+03  5.990740e+02  5.273589e+02 
3498  2.235753e+03  1.230141e+03  1.005612e+03 
3504  1.947499e+03  1.005010e+03  9.424881e+02 
3511  8.125606e+01  4.073466e+01  4.052139e+01 
3518  1.193313e+03  6.298441e+02  5.634694e+02 
3525  1.162325e+03  5.816968e+02  5.806284e+02 
3532  4.619870e+02  2.322512e+02  2.297357e+02 
3539  5.251486e+02  2.642324e+02  2.609161e+02 
3545  9.353381e+01  4.678085e+01  4.675297e+01 
3552  6.869171e+02  3.585791e+02  3.283380e+02 
3559  1.672721e+02  8.389980e+01  8.337228e+01 
3566  2.754870e+02  1.392847e+02  1.362023e+02 
3573  8.153893e+01  4.077840e+01  4.076052e+01 
3580  1.068936e+01  5.348742e+00  5.340613e+00 
3587  2.448228e+02  1.225085e+02  1.223142e+02 
3594  1.695544e+01  8.477852e+00  8.477592e+00 
3601  1.210490e+02  6.055058e+01  6.049841e+01 
3608  2.584957e+01  1.292613e+01  1.292344e+01 
3615  1.310473e+02  6.583112e+01  6.521616e+01 
3622  1.581571e+03  8.280986e+02  7.534722e+02 
3629  8.212521e+01  4.150341e+01  4.062181e+01 
3636  1.278154e+02  6.473222e+01  6.308314e+01 
3643  1.114380e+03  6.247339e+02  4.896459e+02 
3651  1.341010e+01  6.705050e+00  6.705047e+00 
3658  2.663460e+03  1.784369e+03  8.790909e+02 
3665  1.554743e+01  7.773735e+00  7.773699e+00 
3672  1.366874e+01  6.836275e+00  6.832467e+00 
3679  3.751556e+01  1.900057e+01  1.851499e+01 
3686  4.879319e+01  2.514247e+01  2.365072e+01 
3693  2.727826e+01  1.364178e+01  1.363648e+01 
3701  1.105946e+02  5.535428e+01  5.524033e+01 
3708  8.947720e+01  4.473738e+01  4.473983e+01 
3715  3.429819e+01  1.879590e+01  1.550229e+01 
3722  1.395870e+02  7.030624e+01  6.928075e+01 
3730  1.656306e+02  8.317117e+01  8.245943e+01 
3737  7.352366e+00  3.689571e+00  3.662795e+00 
3744  1.249730e+02  6.282056e+01  6.215241e+01 
3751  7.944592e+02  4.140119e+02  3.804474e+02 
3759  5.444233e+02  2.760798e+02  2.683436e+02 
3766  2.743943e+03  1.665897e+03  1.078046e+03 
3773  7.958984e+00  4.261333e+00  3.697652e+00 
3781  1.638714e+03  9.006481e+02  7.380656e+02 
3788  1.353127e+02  6.802432e+01  6.728835e+01 
3795  1.432667e+02  7.337439e+01  6.989230e+01 
3803  4.682561e+01  2.341911e+01  2.340650e+01 
3810  1.525657e+02  7.658581e+01  7.597987e+01 
3818  1.431813e+01  7.159063e+00  7.159067e+00 
3825  4.929786e+03  3.274770e+03  1.655016e+03 
3833  6.077148e+01  3.057248e+01  3.019899e+01 
3840  1.598948e+01  8.016153e+00  7.973330e+00 
3847  1.488910e+02  7.505163e+01  7.383938e+01 
3855  8.649856e+00  4.324946e+00  4.324909e+00 
3862  1.662458e+01  8.312599e+00  8.311985e+00 
3870  1.572325e+03  8.994872e+02  6.728376e+02 
3878  2.772970e+01  1.386504e+01  1.386466e+01 
3885  2.963141e+01  1.480681e+01  1.482460e+01 
3893  1.524797e+02  7.738134e+01  7.509832e+01 
3900  4.732272e+01  2.366196e+01  2.366076e+01 
3908  8.293168e+02  4.213892e+02  4.079277e+02 
3915  2.400181e+03  1.271086e+03  1.129094e+03 
3923  3.683776e+01  1.841971e+01  1.841805e+01 
3931  3.179931e+03  1.717410e+03  1.462521e+03 
3938  1.237105e+04  7.677490e+03  4.693558e+03 
3946  3.938427e+03  2.149498e+03  1.788930e+03 
3954  3.790550e+01  1.895267e+01  1.895283e+01 
3961  5.759277e+02  2.983144e+02  2.776133e+02 
3969  8.894006e+03  5.083643e+03  3.810363e+03 
3977  3.105746e+03  1.876581e+03  1.229166e+03 
3985  1.150693e+03  5.922991e+02  5.583943e+02 
3992  2.036733e+02  1.020718e+02  1.016015e+02 
4000  1.928373e+03  1.080176e+03  8.481977e+02 
4008  4.763457e+01  2.382009e+01  2.381448e+01 
4016  6.535707e+01  3.267919e+01  3.267788e+01 
4024  2.727411e+02  1.378468e+02  1.348942e+02 
4031  2.934960e+01  1.468133e+01  1.466827e+01 
4039  1.283482e+01  6.417501e+00  6.417314e+00 
4047  6.720761e+00  3.360530e+00  3.360231e+00 
4055  1.746405e+01  8.738909e+00  8.725137e+00 
4063  3.122468e+02  1.562792e+02  1.559676e+02 
4071  1.689862e+02  8.449389e+01  8.449228e+01 
4079  5.603033e+02  2.808220e+02  2.794814e+02 
4087  1.751184e+02  8.815588e+01  8.696255e+01 
4095  7.502032e+01  3.751214e+01  3.750818e+01 
4103  4.980879e+01  2.519512e+01  2.461368e+01 
4111  1.130337e+02  5.652989e+01  5.650381e+01 
4119  1.076395e+03  5.695272e+02  5.068679e+02 
4127  1.168266e+03  6.255574e+02  5.427083e+02 
4135  2.591936e+02  1.315948e+02  1.275988e+02 
4143  1.131076e+02  5.655421e+01  5.655338e+01 
4151  5.678484e+01  2.839266e+01  2.839218e+01 
4159  1.109629e+02  5.572957e+01  5.523331e+01 
4167  6.129831e+01  3.069403e+01  3.060428e+01 
4175  1.095173e+04  7.129586e+03  3.822142e+03 
4183  1.693558e+02  8.491960e+01  8.443620e+01 
4191  1.152633e+01  5.763165e+00  5.763163e+00 
4200  3.657166e+01  1.828691e+01  1.828476e+01 
4208  1.734267e+02  8.674949e+01  8.667718e+01 
4216  1.347346e+01  6.736732e+00  6.736730e+00 
4224  7.512602e+01  3.756326e+01  3.756276e+01 
4232  1.837441e+04  1.643035e+04  1.944067e+03 
4241  5.033604e+03  2.546241e+03  2.487364e+03 
4249  2.189031e+02  1.101985e+02  1.087046e+02 
4257  8.820043e+02  4.532575e+02  4.287468e+02 
4265  1.898562e+01  9.492902e+00  9.492722e+00 
4274  3.972125e+03  2.061208e+03  1.910918e+03 
4282  2.246999e+01  1.123501e+01  1.123498e+01 
4290  4.112092e+03  2.080428e+03  2.031664e+03 
4299  7.405312e+03  4.674396e+03  2.730916e+03 
4307  7.580250e+02  3.796041e+02  3.784209e+02 
4316  3.267183e+03  1.726180e+03  1.541003e+03 
4324  8.764554e+01  4.386297e+01  4.378257e+01 
4332  5.092846e+03  3.375423e+03  1.717423e+03 
4341  2.895673e+03  1.620662e+03  1.275011e+03 
4349  1.034043e+04  7.434521e+03  2.905909e+03 
4358  4.437101e+03  2.234775e+03  2.202326e+03 
4366  5.297012e+02  2.719983e+02  2.577029e+02 
4375  1.384406e+04  1.117829e+04  2.665772e+03 
4383  7.595623e+03  4.513011e+03  3.082612e+03 
4392  8.953706e+00  4.476853e+00  4.476853e+00 
4400  4.065989e+03  2.427037e+03  1.638953e+03 
4409  1.270986e+04  9.190403e+03  3.519452e+03 
4418  7.048215e+03  4.120279e+03  2.927937e+03 
4426  1.000727e+01  5.003637e+00  5.003633e+00 
4435  1.562000e+03  8.228308e+02  7.391689e+02 
4443  5.698525e+01  2.849414e+01  2.849111e+01 
4452  1.537226e+03  7.712429e+02  7.659834e+02 
4461  5.446486e+02  2.726612e+02  2.719873e+02 
4469  3.332928e+03  1.885291e+03  1.447637e+03 
4478  6.901846e+02  3.456545e+02  3.445302e+02 
4487  8.484241e+03  5.067469e+03  3.416772e+03 
4496  9.741705e+01  4.871910e+01  4.869795e+01 
4504  5.542101e+03  3.745010e+03  1.797092e+03 
4513  3.286478e+03  1.841519e+03  1.444959e+03 
4522  1.417390e+04  9.749541e+03  4.424360e+03 
4531  1.411268e+03  7.436978e+02  6.675703e+02 
4540  4.707737e+03  3.000065e+03  1.707672e+03 
4548  9.233479e+03  7.094163e+03  2.139315e+03 
4557  5.081262e+03  3.056674e+03  2.024588e+03 
4566  8.792747e+00  4.396414e+00  4.396333e+00 
4575  7.087855e+03  4.911999e+03  2.175857e+03 
4584  1.737595e+04  1.329556e+04  4.080388e+03 
4593  1.530016e+03  8.146782e+02  7.153373e+02 
4602  5.777473e+01  2.889308e+01  2.888165e+01 
4611  1.305783e+01  6.529927e+00  6.527908e+00 
4620  8.858293e+03  6.148061e+03  2.710232e+03 
4629  1.385873e+04  9.595505e+03  4.263227e+03 
4638  2.782874e+02  1.392206e+02  1.390668e+02 
4647  2.103958e+03  1.135280e+03  9.686779e+02 
4656  8.308948e+01  4.180756e+01  4.128192e+01 
4665  4.365770e+03  2.440868e+03  1.924902e+03 
4674  4.288471e+02  2.164773e+02  2.123698e+02 
4683  1.341500e+02  6.709355e+01  6.705643e+01 
4692  6.188749e+00  3.094373e+00  3.094375e+00 
4701  1.778680e+01  8.893477e+00  8.893324e+00 
4711  2.731213e+01  1.298497e+01  1.432716e+01 
4720  1.463861e+02  7.329622e+01  7.308986e+01 
4729  9.914180e+02  5.005742e+02  4.908438e+02 
4738  2.930351e+02  1.470507e+02  1.459843e+02 
4747  9.019563e+01  4.510120e+01  4.509444e+01 
4757  1.931303e+01  9.656523e+00  9.656504e+00 
4766  2.343050e+00  1.171525e+00  1.171525e+00 
4775  5.804664e+02  2.905122e+02  2.899542e+02 
4784  7.406448e-01  3.703227e-01  3.703220e-01 
4794  8.151915e+01  4.076608e+01  4.075307e+01 
4803  7.842210e+00  3.921108e+00  3.921102e+00 
4813  1.206294e+03  6.046467e+02  6.016474e+02 
4822  3.006320e+03  1.509059e+03  1.497262e+03 
4831  7.675386e+02  3.852112e+02  3.823273e+02 
4841  5.956899e+02  3.008892e+02  2.948008e+02 
4850  2.569614e+02  1.286757e+02  1.282856e+02 
4860  9.340372e+01  4.676233e+01  4.664138e+01 
4869  1.615387e+03  8.111835e+02  8.042034e+02 
4879  7.010336e+02  3.509684e+02  3.500652e+02 
4888  8.760125e+02  4.387081e+02  4.373044e+02 
4898  3.279959e+02  1.641410e+02  1.638549e+02 
4907  1.668744e+03  8.353837e+02  8.333602e+02 
4917  4.148459e+00  2.074230e+00  2.074230e+00 
4926  2.389501e+04  1.915601e+04  4.738995e+03 
4936  1.260311e+01  6.301555e+00  6.301555e+00 
4945  1.367842e+03  6.857071e+02  6.821349e+02 
4955  5.436474e+02  2.720211e+02  2.716263e+02 
4965  5.483900e+00  2.741991e+00  2.741909e+00 
4974  5.832240e+02  2.918790e+02  2.913450e+02 
4984  4.079549e+01  2.039775e+01  2.039774e+01 
4994  6.891810e+02  3.465803e+02  3.426007e+02 
5004  1.088700e+03  5.452033e+02  5.434968e+02 
5013  3.739160e+04  3.148174e+04  5.909865e+03 
5023  5.153594e+02  2.578957e+02  2.574637e+02 
5033  2.802663e+01  1.401409e+01  1.401254e+01 
5043  6.557358e+02  3.280091e+02  3.277268e+02 
5052  9.446090e+02  4.730624e+02  4.715466e+02 
5062  9.500869e+01  4.752058e+01  4.748811e+01 
5072  2.469551e+03  1.239489e+03  1.230062e+03 
5082  3.740211e+01  1.872400e+01  1.867810e+01 
5092  1.170233e+01  5.851789e+00  5.850543e+00 
5102  3.713200e+02  1.863112e+02  1.850087e+02 
5112  1.832410e+03  9.183186e+02  9.140916e+02 
5122  2.211786e+02  1.107594e+02  1.104191e+02 
5132  8.092362e+02  4.056788e+02  4.035574e+02 
5142  4.151690e+02  2.091137e+02  2.060554e+02 
5152  5.601537e+02  2.810006e+02  2.791531e+02 
5162  9.555402e+03  4.837392e+03  4.718011e+03 
5172  6.289483e+04  5.236892e+04  1.052591e+04 
5182  1.298992e+03  6.501975e+02  6.487941e+02 
5192  3.151080e+01  1.576444e+01  1.574636e+01 
5202  9.831768e+03  6.423081e+03  3.408688e+03 
5212  6.923176e+00  3.461588e+00  3.461588e+00 
5222  2.555749e+02  1.278326e+02  1.277423e+02 
5233  1.214651e+04  8.400137e+03  3.746370e+03 
5243  8.368623e+01  4.186948e+01  4.181676e+01 
5253  4.319856e+03  2.287868e+03  2.031988e+03 
5263  5.601995e+03  2.832971e+03  2.769024e+03 
5273  1.973441e+04  1.397790e+04  5.756513e+03 
5284  2.783616e+04  1.913764e+04  8.698521e+03 
5294  3.067756e+02  1.534568e+02  1.533188e+02 
5304  5.414531e+00  2.707265e+00  2.707266e+00 
5315  3.277678e+04  2.661187e+04  6.164915e+03 
5325  4.057179e+03  2.246377e+03  1.810802e+03 
5335  2.332333e+03  1.170797e+03  1.161536e+03 
5346  3.327911e+02  1.667590e+02  1.660321e+02 
5356  3.197855e+01  1.598928e+01  1.598927e+01 
5367  3.003417e+03  1.632605e+03  1.370812e+03 
5377  2.240368e+03  1.124166e+03  1.116201e+03 
5388  4.348479e+01  2.174240e+01  2.174238e+01 
5398  1.517927e+01  7.589239e+00  7.590026e+00 
5409  5.489271e+02  2.760724e+02  2.728548e+02 
5419  7.671172e+00  3.835586e+00  3.835585e+00 
5430  5.791790e+03  3.137196e+03  2.654593e+03 
5440  6.513623e+01  3.257183e+01  3.256440e+01 
5451  4.393379e+01  2.197382e+01  2.195998e+01 
5461  1.772263e+01  8.871455e+00  8.851174e+00 
5472  1.758570e+02  8.814735e+01  8.770961e+01 
5483  1.439869e+01  7.199346e+00  7.199344e+00 
5493  2.343361e+02  1.172218e+02  1.171142e+02 
5504  2.099536e+01  1.049771e+01  1.049765e+01 
5515  3.322437e+01  1.661228e+01  1.661210e+01 
5526  6.214511e+02  3.109128e+02  3.105383e+02 
5536  4.483630e+02  2.268340e+02  2.215290e+02 
5547  1.980636e+02  9.906899e+01  9.899461e+01 
5558  1.679590e+02  8.399915e+01  8.395982e+01 
5569  7.868677e+01  3.933678e+01  3.934999e+01 
5580  7.275974e+01  3.638180e+01  3.637793e+01 
5590  9.478562e+01  4.739194e+01  4.739368e+01 
5601  2.260567e+01  1.130427e+01  1.130140e+01 
5612  5.925748e+01  2.962992e+01  2.962756e+01 
5623  3.100466e+02  1.556763e+02  1.543703e+02 
5634  5.157541e+00  2.578774e+00  2.578767e+00 
5645  7.936687e+01  3.968439e+01  3.968248e+01 
5656  3.478022e+02  1.751606e+02  1.726417e+02 
5667  2.771178e+02  1.385589e+02  1.385589e+02 
5678  9.173756e+01  4.587171e+01  4.586586e+01 
5689  3.296139e+02  1.648069e+02  1.648070e+02 
5700  1.773659e+01  8.868305e+00  8.868283e+00 
5711  1.656415e+01  8.282072e+00  8.282077e+00 
5723  1.629309e+02  8.157036e+01  8.136059e+01 
5734  1.039418e+02  5.205553e+01  5.188628e+01 
5745  1.468647e+02  7.343806e+01  7.342661e+01 
5756  2.745480e+01  1.372743e+01  1.372738e+01 
5767  1.320078e+01  6.600389e+00  6.600387e+00 
5779  9.849802e+01  4.929359e+01  4.920443e+01 
5790  1.568006e+01  7.840514e+00  7.839548e+00 
5801  4.208263e+01  2.104147e+01  2.104116e+01 
5812  1.135712e+02  5.689562e+01  5.667555e+01 
5824  2.912301e+01  1.456271e+01  1.456030e+01 
5835  2.217066e+02  1.108934e+02  1.108132e+02 
5846  2.535191e+01  1.267602e+01  1.267589e+01 
5858  1.452540e+02  7.267934e+01  7.257468e+01 
5869  2.276484e+02  1.138581e+02  1.137903e+02 
5881  8.142476e+00  4.068774e+00  4.073702e+00 
5892  1.148764e+01  6.254645e+00  5.232992e+00 
5904  6.035664e+01  3.018221e+01  3.017443e+01 
5915  1.449459e+03  7.247357e+02  7.247236e+02 
5927  3.047649e+02  1.524896e+02  1.522753e+02 
5938  2.631831e+00  1.315915e+00  1.315916e+00 
5950  1.126802e+02  5.648758e+01  5.619261e+01 
5961  1.022955e+02  5.114776e+01  5.114777e+01 
5973  1.736313e+01  8.681726e+00  8.681408e+00 
5985  4.770999e+01  2.385742e+01  2.385258e+01 
5996  2.843576e+03  1.433581e+03  1.409995e+03 
6008  1.180850e+01  5.904249e+00  5.904251e+00 
6020  1.181748e+02  5.912832e+01  5.904646e+01 
6031  2.152087e+01  1.076044e+01  1.076044e+01 
6043  6.799535e+02  3.400539e+02  3.398996e+02 
6055  3.648370e+02  1.824190e+02  1.824179e+02 
6067  1.895773e+01  9.478584e+00  9.479141e+00 
6078  1.278882e+03  6.417372e+02  6.371444e+02 
6090  9.749120e+00  4.874568e+00  4.874551e+00 
6102  8.878526e+01  4.436507e+01  4.442019e+01 
6114  6.131365e+02  3.072947e+02  3.058418e+02 
6126  3.322461e+02  1.662905e+02  1.659556e+02 
6138  7.232696e+01  3.617471e+01  3.615225e+01 
6150  2.947311e+03  1.526215e+03  1.421096e+03 
6162  6.549930e+01  3.293843e+01  3.256086e+01 
6174  7.563169e+02  3.782405e+02  3.780764e+02 
6186  5.856465e+02  2.928276e+02  2.928188e+02 
6198  2.608198e+02  1.304108e+02  1.304090e+02 
6210  3.162333e+00  1.581151e+00  1.581181e+00 
6222  5.428186e+01  2.714872e+01  2.713313e+01 
6234  3.049017e+03  1.574300e+03  1.474716e+03 
6246  3.912262e+03  2.104684e+03  1.807579e+03 
6259  1.750409e+02  8.752209e+01  8.751876e+01 
6271  2.881337e+01  1.440703e+01  1.440633e+01 
6283  7.607375e+01  3.805680e+01  3.801694e+01 
6295  2.292966e+01  1.148037e+01  1.144929e+01 
6307  2.970037e+02  1.484837e+02  1.485200e+02 
6320  3.053036e+03  1.527083e+03  1.525953e+03 
6332  1.141915e+02  5.710189e+01  5.708960e+01 
6344  4.317236e+02  2.158627e+02  2.158609e+02 
6357  5.836796e+01  2.918509e+01  2.918287e+01 
6369  1.537979e+03  7.742562e+02  7.637230e+02 
6381  1.893196e+03  9.467168e+02  9.464789e+02 
6394  3.774580e+01  1.887332e+01  1.887249e+01 
6406  2.770837e+02  1.394890e+02  1.375947e+02 
6419  1.995403e+03  1.043579e+03  9.518235e+02 
6431  4.153612e+03  2.130260e+03  2.023353e+03 
6444  3.161278e+02  1.580737e+02  1.580540e+02 
6456  7.077385e+03  4.040134e+03  3.037251e+03 
6469  2.141268e+02  1.070649e+02  1.070619e+02 
6482  4.598677e+02  2.298820e+02  2.299857e+02 
6494  1.153741e+03  5.769003e+02  5.768409e+02 
6507  4.222110e+02  2.111133e+02  2.110977e+02 
6520  1.013320e+04  5.246475e+03  4.886728e+03 
6532  3.806215e+02  1.903114e+02  1.903101e+02 
6545  3.500305e+00  1.750153e+00  1.750152e+00 
6558  3.727162e+02  1.931553e+02  1.795610e+02 
6571  5.198160e+02  2.599042e+02  2.599118e+02 
6583  4.774185e+02  2.387160e+02  2.387026e+02 
6596  3.687012e+01  1.843509e+01  1.843503e+01 
6609  2.533186e+02  1.266594e+02  1.266593e+02 
6622  6.625764e+02  3.312913e+02  3.312852e+02 
6635  2.504199e+00  1.252100e+00  1.252099e+00 
6648  6.116255e+02  3.058146e+02  3.058109e+02 
6661  1.756953e+02  8.784786e+01  8.784744e+01 
6674  1.762684e+01  8.814572e+00  8.812269e+00 
6687  1.939011e+02  9.695056e+01  9.695052e+01 
6700  3.701288e+01  1.850658e+01  1.850630e+01 
6713  5.079935e+00  2.539948e+00  2.539988e+00 
6726  8.014116e+01  4.007066e+01  4.007050e+01 
6739  8.821564e-01  4.410782e-01  4.410782e-01 
6752  1.276110e+01  6.380550e+00  6.380546e+00 
6765  1.107726e+02  5.538634e+01  5.538622e+01 
6778  4.731433e+01  2.365719e+01  2.365715e+01 
6792  9.682053e+00  4.841029e+00  4.841023e+00 
6805  4.300881e+01  2.150460e+01  2.150421e+01 
6818  1.288352e+02  6.441768e+01  6.441756e+01 
6831  1.836463e+01  9.182471e+00  9.182155e+00 
6845  6.063958e+00  3.031979e+00  3.031979e+00 
6858  2.642360e+02  1.321181e+02  1.321179e+02 
6871  2.086667e+02  1.043389e+02  1.043278e+02 
6885  8.289766e+00  4.144901e+00  4.144865e+00 
6898  3.628907e+01  1.814527e+01  1.814380e+01 
6912  5.487112e+01  2.743599e+01  2.743514e+01 
6925  6.071315e+01  3.035670e+01  3.035645e+01 
6938  6.467381e+01  3.233776e+01  3.233605e+01 
6952  1.705222e+01  8.526520e+00  8.525702e+00 
6966  1.639441e+01  8.197288e+00  8.197126e+00 
6979  2.576545e+01  1.288273e+01  1.288272e+01 
6993  5.611409e+01  2.805705e+01  2.805703e+01 
