1000  4.141321e+04  3.991387e+04  1.499344e+03 
1002  1.726174e+04  1.644937e+04  8.123640e+02 
1004  2.653581e+04  2.513831e+04  1.397497e+03 
1006  1.952300e+04  1.791362e+04  1.609376e+03 
1008  2.888444e+04  2.778120e+04  1.103242e+03 
1010  2.889599e+03  2.792685e+03  9.691353e+01 
1012  1.097011e+04  1.065354e+04  3.165746e+02 
1014  2.062739e+04  2.018805e+04  4.393312e+02 
1016  2.790172e+04  2.720796e+04  6.937643e+02 
1018  1.734755e+04  1.697102e+04  3.765359e+02 
1020  2.476436e+04  2.418960e+04  5.747615e+02 
1022  2.786823e+04  2.731840e+04  5.498325e+02 
1024  1.165181e+04  1.134649e+04  3.053185e+02 
1026  9.210263e+03  8.912722e+03  2.975410e+02 
1028  1.401791e+04  1.331955e+04  6.983555e+02 
1030  3.551027e+04  3.269337e+04  2.816900e+03 
1032  2.668756e+04  2.236699e+04  4.320569e+03 
1034  5.267977e+04  4.758852e+04  5.091255e+03 
1036  2.936568e+04  2.551760e+04  3.848074e+03 
1038  1.379564e+04  1.320303e+04  5.926141e+02 
1040  2.849206e+04  2.769233e+04  7.997288e+02 
1042  2.766932e+04  2.680432e+04  8.650042e+02 
1044  2.175978e+04  2.114529e+04  6.144829e+02 
1046  1.966940e+04  1.905671e+04  6.126877e+02 
1048  9.604239e+03  9.016514e+03  5.877255e+02 
1050  3.122686e+04  3.007906e+04  1.147799e+03 
1052  2.846586e+04  2.703904e+04  1.426820e+03 
1054  6.554923e+04  6.365711e+04  1.892123e+03 
1057  4.403751e+04  4.176726e+04  2.270247e+03 
1059  6.464057e+04  6.140271e+04  3.237859e+03 
1061  1.003251e+05  9.527866e+04  5.046429e+03 
1063  1.203918e+05  1.157953e+05  4.596517e+03 
1065  6.358406e+04  6.109748e+04  2.486582e+03 
1067  1.071657e+05  1.003045e+05  6.861224e+03 
1069  7.964521e+04  7.608902e+04  3.556189e+03 
1071  1.045560e+05  9.854452e+04  6.011516e+03 
1073  2.489165e+05  2.275637e+05  2.135279e+04 
1075  1.859716e+05  1.756643e+05  1.030724e+04 
1077  1.596122e+05  1.503180e+05  9.294242e+03 
1079  3.977156e+04  3.716126e+04  2.610300e+03 
1081  4.244962e+04  4.152461e+04  9.250092e+02 
1084  7.671830e+04  7.376493e+04  2.953374e+03 
1086  3.685405e+04  3.522698e+04  1.627076e+03 
1088  9.169067e+04  8.875772e+04  2.932950e+03 
1090  1.201938e+05  1.161451e+05  4.048726e+03 
1092  1.090700e+05  1.008484e+05  8.221620e+03 
1094  1.114155e+05  1.043389e+05  7.076665e+03 
1096  8.762790e+04  8.552879e+04  2.099112e+03 
1098  1.174341e+05  1.139014e+05  3.532745e+03 
1101  6.987516e+04  6.813878e+04  1.736373e+03 
1103  6.166693e+04  5.952241e+04  2.144528e+03 
1105  1.041069e+05  1.007577e+05  3.349170e+03 
1107  1.379509e+05  1.324491e+05  5.501739e+03 
1109  1.277188e+05  1.221770e+05  5.541778e+03 
1111  1.680041e+05  1.603418e+05  7.662229e+03 
1114  2.427820e+05  2.292372e+05  1.354483e+04 
1116  1.501285e+05  1.427819e+05  7.346594e+03 
1118  4.513328e+04  4.252366e+04  2.609623e+03 
1120  5.919206e+04  5.668679e+04  2.505269e+03 
1122  1.477812e+05  1.230152e+05  2.476598e+04 
1124  1.135116e+05  1.097569e+05  3.754714e+03 
1127  2.164869e+05  1.984666e+05  1.802025e+04 
1129  1.281244e+05  1.233691e+05  4.755303e+03 
1131  1.395310e+05  1.354444e+05  4.086617e+03 
1133  1.444298e+05  1.398789e+05  4.550916e+03 
1135  9.782840e+04  9.213495e+04  5.693446e+03 
1138  7.981409e+04  7.535803e+04  4.456057e+03 
1140  1.297272e+05  1.248941e+05  4.833046e+03 
1142  1.699244e+05  1.638916e+05  6.032797e+03 
1144  3.668227e+05  3.433868e+05  2.343590e+04 
1147  3.551100e+05  3.334492e+05  2.166081e+04 
1149  3.775710e+05  3.609238e+05  1.664719e+04 
1151  3.414352e+05  3.171754e+05  2.425978e+04 
1153  2.575740e+05  2.462924e+05  1.128158e+04 
1156  1.520461e+05  1.444922e+05  7.553880e+03 
1158  2.788918e+05  2.583137e+05  2.057804e+04 
1160  2.635002e+05  2.457294e+05  1.777074e+04 
1162  1.953209e+05  1.878569e+05  7.464063e+03 
1165  2.672893e+05  2.555555e+05  1.173381e+04 
1167  3.307601e+05  3.149228e+05  1.583728e+04 
1169  2.950289e+05  2.795566e+05  1.547233e+04 
1171  3.353549e+05  3.178863e+05  1.746856e+04 
1174  4.074007e+05  3.816929e+05  2.570776e+04 
1176  2.216286e+05  1.939585e+05  2.767012e+04 
1178  1.541880e+05  1.473488e+05  6.839252e+03 
1181  3.280896e+05  3.010183e+05  2.707134e+04 
1183  2.397873e+05  2.308912e+05  8.896096e+03 
1185  2.506636e+05  2.386699e+05  1.199368e+04 
1187  4.335896e+05  4.010939e+05  3.249567e+04 
1190  2.636031e+05  2.504099e+05  1.319319e+04 
1192  3.024962e+05  2.872157e+05  1.528054e+04 
1194  1.653498e+05  1.556836e+05  9.666229e+03 
1197  1.963806e+06  1.412053e+06  5.517531e+05 
1199  3.159043e+06  2.202609e+06  9.564342e+05 
1201  1.153572e+06  8.341699e+05  3.194017e+05 
1204  9.017945e+04  8.794879e+04  2.230665e+03 
1206  1.440476e+05  1.288951e+05  1.515253e+04 
1208  3.104711e+05  2.920486e+05  1.842249e+04 
1211  3.047628e+05  2.864731e+05  1.828970e+04 
1213  3.913745e+05  3.356121e+05  5.576238e+04 
1215  1.343333e+06  1.014709e+06  3.286241e+05 
1218  5.345763e+05  4.241501e+05  1.104262e+05 
1220  2.890592e+05  2.692026e+05  1.985656e+04 
1223  1.505255e+05  1.449992e+05  5.526285e+03 
1225  2.190160e+05  2.123894e+05  6.626595e+03 
1227  1.781195e+05  1.734666e+05  4.652865e+03 
1230  1.979418e+05  1.915400e+05  6.401833e+03 
1232  3.147434e+05  3.033577e+05  1.138573e+04 
1235  2.467982e+05  2.392518e+05  7.546371e+03 
1237  2.407308e+05  2.334390e+05  7.291803e+03 
1239  1.707832e+05  1.620633e+05  8.719933e+03 
1242  3.156306e+05  2.980810e+05  1.754959e+04 
1244  2.040735e+05  1.955612e+05  8.512352e+03 
1247  1.617044e+05  1.544799e+05  7.224498e+03 
1249  1.367101e+05  1.307243e+05  5.985760e+03 
1252  1.886356e+05  1.825070e+05  6.128620e+03 
1254  2.173377e+05  2.094979e+05  7.839721e+03 
1256  1.038962e+06  8.843467e+05  1.546151e+05 
1259  5.243161e+05  4.688553e+05  5.546079e+04 
1261  5.723362e+05  5.001768e+05  7.215952e+04 
1264  2.008778e+06  1.441730e+06  5.670481e+05 
1266  4.226621e+06  2.671990e+06  1.554632e+06 
1269  1.231259e+06  1.012504e+06  2.187552e+05 
1271  1.662598e+06  1.354954e+06  3.076438e+05 
1274  2.342410e+05  2.209524e+05  1.328854e+04 
1276  4.230452e+05  3.691387e+05  5.390651e+04 
1279  2.312177e+05  2.185722e+05  1.264558e+04 
1281  1.897232e+05  1.790767e+05  1.064657e+04 
1284  2.534742e+05  2.323360e+05  2.113817e+04 
1286  4.675765e+05  3.928378e+05  7.473868e+04 
1289  1.919362e+06  1.555924e+06  3.634378e+05 
1291  9.259654e+05  7.538578e+05  1.721077e+05 
1294  2.017137e+05  1.797669e+05  2.194678e+04 
1296  4.576625e+05  3.732370e+05  8.442549e+04 
1299  4.746221e+05  4.029031e+05  7.171900e+04 
1301  4.473203e+05  4.128288e+05  3.449149e+04 
1304  5.239876e+05  4.544102e+05  6.957738e+04 
1306  3.514481e+05  3.185096e+05  3.293844e+04 
1309  2.079641e+05  1.863011e+05  2.166293e+04 
1311  2.306267e+05  2.082722e+05  2.235446e+04 
1314  2.394869e+05  2.200994e+05  1.938751e+04 
1316  2.532712e+05  2.328884e+05  2.038283e+04 
1319  2.940920e+05  2.771491e+05  1.694287e+04 
1322  2.268472e+05  2.099935e+05  1.685362e+04 
1324  3.023837e+05  2.786303e+05  2.375338e+04 
1327  2.178503e+05  2.039769e+05  1.387341e+04 
1329  1.971510e+05  1.773719e+05  1.977912e+04 
1332  3.942940e+05  3.436666e+05  5.062744e+04 
1335  1.866748e+05  1.675327e+05  1.914207e+04 
1337  1.691352e+05  1.530666e+05  1.606866e+04 
1340  1.809934e+06  1.324871e+06  4.850630e+05 
1342  1.610225e+05  1.329471e+05  2.807533e+04 
1345  1.021494e+06  7.950673e+05  2.264270e+05 
1348  9.424034e+04  7.841273e+04  1.582761e+04 
1350  2.346768e+05  2.081592e+05  2.651761e+04 
1353  4.997873e+05  4.017607e+05  9.802668e+04 
1355  2.414548e+05  2.118087e+05  2.964610e+04 
1358  2.310188e+05  1.946099e+05  3.640887e+04 
1361  4.083239e+05  3.531192e+05  5.520466e+04 
1363  2.551958e+05  2.228115e+05  3.238423e+04 
1366  1.078563e+06  8.124475e+05  2.661153e+05 
1369  3.610623e+05  2.945217e+05  6.654059e+04 
1371  9.386909e+05  7.135318e+05  2.251591e+05 
1374  3.671791e+05  3.374870e+05  2.969205e+04 
1377  2.850279e+05  2.555717e+05  2.945618e+04 
1379  2.896592e+05  2.632600e+05  2.639918e+04 
1382  3.672134e+05  3.238814e+05  4.333204e+04 
1385  2.398073e+05  2.113063e+05  2.850099e+04 
1388  1.251107e+06  8.445493e+05  4.065577e+05 
1390  2.882479e+05  2.320518e+05  5.619603e+04 
1393  2.937738e+05  2.030227e+05  9.075114e+04 
1396  3.425586e+05  2.826026e+05  5.995603e+04 
1398  1.004418e+06  7.390163e+05  2.654014e+05 
1401  2.566875e+05  2.149899e+05  4.169766e+04 
1404  1.970862e+05  1.732602e+05  2.382602e+04 
1407  1.817763e+05  1.578140e+05  2.396229e+04 
1409  2.391154e+05  1.989287e+05  4.018671e+04 
1412  3.179687e+05  2.623784e+05  5.559030e+04 
1415  3.063457e+05  2.671932e+05  3.915254e+04 
1418  3.542078e+05  3.155453e+05  3.866250e+04 
1420  2.298917e+05  1.999528e+05  2.993889e+04 
1423  3.024711e+05  2.614794e+05  4.099171e+04 
1426  2.491538e+05  2.036289e+05  4.552498e+04 
1429  2.274625e+05  2.028380e+05  2.462451e+04 
1431  3.879757e+05  3.192864e+05  6.868927e+04 
1434  2.457652e+05  2.082636e+05  3.750154e+04 
1437  2.139934e+05  1.910603e+05  2.293312e+04 
1440  1.920965e+05  1.687748e+05  2.332174e+04 
1443  3.359461e+05  2.790428e+05  5.690327e+04 
1445  2.435021e+05  1.927487e+05  5.075339e+04 
1448  2.477185e+05  2.122241e+05  3.549444e+04 
1451  3.487660e+05  2.915703e+05  5.719570e+04 
1454  1.757391e+05  1.405251e+05  3.521402e+04 
1457  1.492856e+05  1.297474e+05  1.953816e+04 
1460  1.942826e+05  1.599821e+05  3.430047e+04 
1462  1.758281e+05  1.598087e+05  1.601947e+04 
1465  1.368180e+05  1.086902e+05  2.812783e+04 
1468  3.055180e+05  2.247280e+05  8.079002e+04 
1471  2.966632e+05  2.522634e+05  4.439980e+04 
1474  4.463639e+05  3.752669e+05  7.109702e+04 
1477  4.699509e+05  3.951178e+05  7.483316e+04 
1480  2.504308e+05  1.911743e+05  5.925645e+04 
1482  2.698983e+05  2.352381e+05  3.466019e+04 
1485  3.843876e+05  3.265760e+05  5.781167e+04 
1488  2.429879e+05  2.168461e+05  2.614188e+04 
1491  2.784167e+05  2.511151e+05  2.730155e+04 
1494  2.848758e+05  2.494534e+05  3.542247e+04 
1497  1.071304e+05  8.619784e+04  2.093256e+04 
1500  1.247385e+05  1.058821e+05  1.885636e+04 
1503  1.570144e+05  1.317747e+05  2.523972e+04 
1506  2.193659e+05  1.828473e+05  3.651854e+04 
1509  1.859225e+05  1.631058e+05  2.281674e+04 
1512  2.279600e+05  1.942193e+05  3.374074e+04 
1515  1.505387e+05  1.287959e+05  2.174278e+04 
1518  6.801845e+04  5.272028e+04  1.529817e+04 
1520  2.484378e+05  1.916801e+05  5.675762e+04 
1523  2.492315e+05  1.926211e+05  5.661042e+04 
1526  2.968603e+05  2.447520e+05  5.210824e+04 
1529  9.226493e+04  6.879602e+04  2.346891e+04 
1532  1.478046e+05  1.195970e+05  2.820759e+04 
1535  1.110188e+05  7.948166e+04  3.153718e+04 
1538  1.163249e+05  9.213091e+04  2.419403e+04 
1541  2.969909e+05  2.102938e+05  8.669712e+04 
1544  9.954220e+04  8.057568e+04  1.896652e+04 
1547  2.867814e+05  1.580958e+05  1.286856e+05 
1550  2.502843e+05  1.616379e+05  8.864643e+04 
1553  1.410953e+05  1.118524e+05  2.924292e+04 
1556  2.525968e+05  2.064359e+05  4.616091e+04 
1559  2.306638e+05  1.919931e+05  3.867067e+04 
1562  1.989422e+05  1.674921e+05  3.145013e+04 
1566  1.296748e+05  1.005712e+05  2.910366e+04 
1569  3.772798e+05  2.986316e+05  7.864823e+04 
1572  4.701231e+05  3.453999e+05  1.247232e+05 
1575  4.026140e+05  3.245353e+05  7.807868e+04 
1578  6.042460e+05  4.544478e+05  1.497981e+05 
1581  5.664772e+05  4.073623e+05  1.591149e+05 
1584  2.588070e+05  1.908675e+05  6.793951e+04 
1587  3.107180e+05  2.273909e+05  8.332709e+04 
1590  1.499279e+05  1.085772e+05  4.135069e+04 
1593  3.458675e+05  2.392125e+05  1.066550e+05 
1596  2.863483e+05  2.040740e+05  8.227436e+04 
1599  2.157614e+05  1.536231e+05  6.213828e+04 
1603  2.275474e+05  1.599611e+05  6.758624e+04 
1606  3.076292e+05  2.383016e+05  6.932760e+04 
1609  1.497631e+05  1.262654e+05  2.349771e+04 
1612  2.269262e+05  1.956059e+05  3.132034e+04 
1615  5.396304e+04  3.507154e+04  1.889149e+04 
1618  2.520603e+05  1.897683e+05  6.229200e+04 
1621  4.533756e+05  3.282958e+05  1.250798e+05 
1624  6.044510e+05  3.908656e+05  2.135855e+05 
1628  8.837220e+05  5.670556e+05  3.166664e+05 
1631  3.208427e+05  2.306500e+05  9.019268e+04 
1634  4.988315e+05  3.681996e+05  1.306319e+05 
1637  3.487260e+05  2.615332e+05  8.719276e+04 
1640  4.167308e+05  3.351488e+05  8.158204e+04 
1644  2.655212e+05  2.056982e+05  5.982296e+04 
1647  1.932542e+05  1.574648e+05  3.578937e+04 
1650  2.660478e+05  2.061119e+05  5.993586e+04 
1653  3.267963e+05  2.663417e+05  6.045455e+04 
1656  6.897422e+05  4.720499e+05  2.176922e+05 
1660  2.178044e+05  1.539790e+05  6.382539e+04 
1663  1.745767e+05  1.395637e+05  3.501295e+04 
1666  2.105514e+05  1.353599e+05  7.519154e+04 
1669  8.907933e+04  6.745477e+04  2.162455e+04 
1673  1.348331e+05  1.086220e+05  2.621110e+04 
1676  4.804019e+05  3.574658e+05  1.229361e+05 
1679  6.215451e+05  4.343061e+05  1.872390e+05 
1682  3.090251e+05  2.381871e+05  7.083794e+04 
1686  6.008437e+05  4.204601e+05  1.803836e+05 
1689  4.135504e+05  2.980642e+05  1.154863e+05 
1692  2.099837e+05  1.476351e+05  6.234857e+04 
1696  1.176638e+05  9.230123e+04  2.536258e+04 
1699  1.592929e+05  1.130889e+05  4.620400e+04 
1702  4.262372e+05  3.055624e+05  1.206747e+05 
1706  1.647324e+05  1.257849e+05  3.894751e+04 
1709  5.583548e+05  4.062740e+05  1.520809e+05 
1712  2.512277e+05  1.744550e+05  7.677262e+04 
1715  3.939884e+05  3.016474e+05  9.234101e+04 
1719  2.602779e+05  2.050468e+05  5.523111e+04 
1722  5.826451e+05  3.721485e+05  2.104965e+05 
1726  4.183902e+05  3.344520e+05  8.393812e+04 
1729  1.944419e+05  1.268413e+05  6.760063e+04 
1732  2.851915e+05  2.137371e+05  7.145448e+04 
1736  1.343107e+05  1.020130e+05  3.229776e+04 
1739  1.813003e+05  1.040520e+05  7.724830e+04 
1742  1.834408e+05  1.366884e+05  4.675242e+04 
1746  2.543265e+05  1.823474e+05  7.197905e+04 
1749  2.458374e+05  1.704378e+05  7.539960e+04 
1753  4.876602e+04  2.967551e+04  1.909051e+04 
1756  1.092871e+05  7.752781e+04  3.175930e+04 
1759  2.692669e+05  2.130028e+05  5.626412e+04 
1763  2.107330e+05  1.563665e+05  5.436650e+04 
1766  1.269641e+05  9.182759e+04  3.513652e+04 
1770  1.541786e+05  9.150956e+04  6.266908e+04 
1773  4.525864e+05  3.157462e+05  1.368403e+05 
1777  1.591919e+05  1.254618e+05  3.373009e+04 
1780  2.527818e+05  1.575098e+05  9.527202e+04 
1784  5.815594e+05  4.242076e+05  1.573518e+05 
1787  9.353494e+05  6.757202e+05  2.596292e+05 
1791  1.598756e+05  1.057231e+05  5.415250e+04 
1794  7.779540e+05  4.993742e+05  2.785798e+05 
1798  3.248118e+05  2.723165e+05  5.249525e+04 
1801  1.480950e+05  8.690999e+04  6.118498e+04 
1805  3.502707e+05  2.466325e+05  1.036382e+05 
1808  3.523173e+05  2.320016e+05  1.203157e+05 
1812  4.219619e+05  2.415306e+05  1.804313e+05 
1815  1.878021e+05  1.276103e+05  6.019183e+04 
1819  2.033791e+05  1.439189e+05  5.946018e+04 
1822  2.279050e+05  1.735820e+05  5.432303e+04 
1826  6.273424e+05  3.668924e+05  2.604500e+05 
1829  2.553915e+05  1.857562e+05  6.963534e+04 
1833  2.768842e+05  1.940358e+05  8.284841e+04 
1836  9.250390e+04  7.580554e+04  1.669836e+04 
1840  8.490690e+05  4.878663e+05  3.612026e+05 
1844  2.806230e+05  1.732889e+05  1.073341e+05 
1847  1.567337e+05  1.317329e+05  2.500080e+04 
1851  3.097038e+05  2.025718e+05  1.071320e+05 
1854  2.062035e+05  1.162540e+05  8.994950e+04 
1858  1.617078e+05  1.150223e+05  4.668550e+04 
1862  8.341426e+05  4.503936e+05  3.837490e+05 
1865  1.917197e+05  1.420642e+05  4.965547e+04 
1869  2.060241e+05  1.601348e+05  4.588925e+04 
1873  8.809445e+04  6.032822e+04  2.776624e+04 
1876  3.082765e+05  2.278281e+05  8.044842e+04 
1880  2.405753e+05  1.850003e+05  5.557502e+04 
1883  6.903710e+05  4.045731e+05  2.857979e+05 
1887  2.758015e+05  2.055064e+05  7.029513e+04 
1891  1.539780e+05  1.150807e+05  3.889722e+04 
1895  1.634792e+05  1.099823e+05  5.349681e+04 
1898  3.217054e+05  2.193055e+05  1.023999e+05 
1902  3.314906e+05  2.240622e+05  1.074284e+05 
1906  2.895749e+05  2.036269e+05  8.594795e+04 
1909  2.024375e+05  1.521532e+05  5.028432e+04 
1913  1.878147e+05  1.415263e+05  4.628844e+04 
1917  3.509595e+05  2.478312e+05  1.031283e+05 
1921  3.172338e+05  1.876800e+05  1.295538e+05 
1924  2.291604e+05  1.587738e+05  7.038666e+04 
1928  2.549060e+05  2.214111e+05  3.349494e+04 
1932  1.972386e+05  1.434688e+05  5.376976e+04 
1936  2.079364e+05  1.501465e+05  5.778988e+04 
1939  2.598720e+05  1.595082e+05  1.003638e+05 
1943  2.924313e+05  2.163935e+05  7.603779e+04 
1947  4.102892e+05  2.904896e+05  1.197996e+05 
1951  5.064910e+05  2.774877e+05  2.290033e+05 
1954  1.562325e+05  1.218071e+05  3.442537e+04 
1958  1.174440e+06  5.752479e+05  5.991919e+05 
1962  2.875580e+05  1.986096e+05  8.894845e+04 
1966  2.134145e+06  1.166742e+06  9.674025e+05 
1970  3.141729e+06  1.977154e+06  1.164575e+06 
1974  1.143944e+07  5.765262e+06  5.674174e+06 
1977  1.739550e+06  8.768898e+05  8.626604e+05 
1981  1.964823e+05  1.195717e+05  7.691056e+04 
1985  4.786200e+05  2.898273e+05  1.887927e+05 
1989  1.816944e+05  1.302515e+05  5.144289e+04 
1993  9.511671e+05  5.243458e+05  4.268213e+05 
1997  5.159366e+05  2.978223e+05  2.181143e+05 
2001  2.833762e+05  2.276804e+05  5.569588e+04 
2005  1.864881e+05  1.419745e+05  4.451366e+04 
2008  3.561189e+05  2.742724e+05  8.184652e+04 
2012  3.253140e+05  2.526001e+05  7.271395e+04 
2016  9.454842e+05  5.306498e+05  4.148345e+05 
2020  1.892589e+05  1.362868e+05  5.297213e+04 
2024  2.515731e+05  1.750120e+05  7.656112e+04 
2028  3.860915e+05  2.826967e+05  1.033949e+05 
2032  2.929463e+05  2.328526e+05  6.009372e+04 
2036  1.458564e+05  1.018104e+05  4.404595e+04 
2040  1.711859e+05  1.326300e+05  3.855599e+04 
2044  2.196498e+05  1.351949e+05  8.445495e+04 
2048  1.034555e+05  7.658198e+04  2.687355e+04 
2052  1.261101e+05  9.335815e+04  3.275190e+04 
2056  2.360036e+05  1.832541e+05  5.274955e+04 
2060  2.705271e+05  1.730211e+05  9.750597e+04 
2064  3.258623e+05  2.368162e+05  8.904619e+04 
2068  4.157558e+05  2.839093e+05  1.318464e+05 
2072  3.609828e+05  2.546131e+05  1.063696e+05 
2076  3.467777e+05  2.412163e+05  1.055613e+05 
2080  3.087346e+05  2.009241e+05  1.078105e+05 
2084  1.336234e+05  9.611179e+04  3.751160e+04 
2088  1.499909e+05  1.101066e+05  3.988431e+04 
2092  2.774855e+05  1.825589e+05  9.492655e+04 
2096  2.457743e+05  1.751968e+05  7.057754e+04 
2100  3.627458e+05  2.600640e+05  1.026818e+05 
2104  2.165649e+05  1.556368e+05  6.092812e+04 
2109  5.207454e+05  4.188267e+05  1.019187e+05 
2113  1.666099e+05  1.136583e+05  5.295158e+04 
2117  7.710136e+05  5.044424e+05  2.665712e+05 
2121  6.876265e+04  5.305938e+04  1.570326e+04 
2125  1.804029e+05  1.293491e+05  5.105384e+04 
2129  2.766497e+05  2.199924e+05  5.665733e+04 
2133  2.456855e+05  1.761303e+05  6.955512e+04 
2138  2.500260e+05  2.024190e+05  4.760700e+04 
2142  2.799058e+05  2.194457e+05  6.046011e+04 
2146  1.577659e+05  1.252089e+05  3.255700e+04 
2150  2.241551e+05  1.863100e+05  3.784508e+04 
2154  2.203424e+05  1.543686e+05  6.597380e+04 
2158  6.982560e+05  4.115386e+05  2.867173e+05 
2163  2.241727e+05  1.875002e+05  3.667250e+04 
2167  2.806070e+05  2.294735e+05  5.113351e+04 
2171  1.524628e+05  1.156858e+05  3.677699e+04 
2175  2.976338e+05  2.399906e+05  5.764320e+04 
2180  8.963908e+04  6.938215e+04  2.025693e+04 
2184  3.080531e+05  2.418432e+05  6.620992e+04 
2188  2.985446e+05  2.386789e+05  5.986564e+04 
2192  9.885194e+04  7.801549e+04  2.083645e+04 
2197  1.409310e+05  9.328606e+04  4.764490e+04 
2201  1.270926e+05  1.050571e+05  2.203550e+04 
2205  2.141846e+05  1.698111e+05  4.437353e+04 
2209  2.501293e+05  1.995561e+05  5.057321e+04 
2214  3.662312e+05  2.944398e+05  7.179146e+04 
2218  2.313760e+05  1.944768e+05  3.689917e+04 
2222  4.098054e+05  3.062304e+05  1.035750e+05 
2227  3.805778e+05  2.754561e+05  1.051216e+05 
2231  4.017016e+05  2.956415e+05  1.060600e+05 
2235  4.611354e+05  3.450606e+05  1.160748e+05 
2240  7.597076e+05  5.686238e+05  1.910838e+05 
2244  5.334526e+05  3.993119e+05  1.341408e+05 
2248  5.461674e+05  4.248732e+05  1.212942e+05 
2253  5.246911e+05  4.221251e+05  1.025660e+05 
2257  4.180428e+05  3.424548e+05  7.558790e+04 
2262  5.780621e+05  4.611362e+05  1.169258e+05 
2266  6.688079e+05  5.242033e+05  1.446045e+05 
2270  6.171199e+05  4.468841e+05  1.702358e+05 
2275  7.481634e+05  5.358179e+05  2.123455e+05 
2279  6.281774e+05  4.441256e+05  1.840519e+05 
2284  4.414084e+05  3.196758e+05  1.217326e+05 
2288  3.001188e+05  2.019120e+05  9.820681e+04 
2293  4.240869e+05  3.277282e+05  9.635873e+04 
2297  2.471914e+05  1.988892e+05  4.830223e+04 
2302  2.293957e+05  1.802760e+05  4.911968e+04 
2306  5.989732e+05  4.351739e+05  1.637993e+05 
2311  5.567202e+05  4.262167e+05  1.305035e+05 
2315  4.713370e+05  3.498308e+05  1.215062e+05 
2320  3.468326e+05  2.715329e+05  7.529977e+04 
2324  3.895631e+05  2.971171e+05  9.244599e+04 
2329  1.282159e+06  9.204302e+05  3.617292e+05 
2333  1.018364e+06  6.767491e+05  3.416153e+05 
2338  1.022176e+06  7.345283e+05  2.876479e+05 
2342  9.927024e+05  7.228892e+05  2.698132e+05 
2347  3.011020e+06  2.036492e+06  9.745276e+05 
2351  4.546702e+05  3.474885e+05  1.071816e+05 
2356  8.075249e+05  6.540780e+05  1.534469e+05 
2361  5.135268e+06  3.482868e+06  1.652400e+06 
2365  2.611015e+06  1.832152e+06  7.788632e+05 
2370  1.913664e+06  1.312827e+06  6.008369e+05 
2374  1.073441e+06  7.805028e+05  2.929384e+05 
2379  2.209981e+06  1.491447e+06  7.185339e+05 
2384  2.512302e+06  1.780770e+06  7.315318e+05 
2388  2.160063e+06  1.480736e+06  6.793266e+05 
2393  5.527318e+06  3.561974e+06  1.965344e+06 
2398  1.801724e+06  1.240830e+06  5.608944e+05 
2402  2.670730e+06  1.805148e+06  8.655812e+05 
2407  2.322919e+06  1.483306e+06  8.396134e+05 
2412  3.515188e+06  2.369081e+06  1.146107e+06 
2416  8.096982e+05  5.928912e+05  2.168070e+05 
2421  3.755739e+05  3.038831e+05  7.169075e+04 
2426  8.707394e+05  6.835844e+05  1.871550e+05 
2431  2.591883e+06  1.575881e+06  1.016002e+06 
2435  1.148250e+06  8.549169e+05  2.933326e+05 
2440  4.524464e+05  3.152557e+05  1.371907e+05 
2445  8.338512e+05  6.225398e+05  2.113114e+05 
2450  1.315482e+06  8.129119e+05  5.025705e+05 
2454  1.324193e+06  8.509551e+05  4.732378e+05 
2459  9.281244e+05  6.975778e+05  2.305466e+05 
2464  1.496014e+06  1.052919e+06  4.430953e+05 
2469  1.617353e+06  1.071070e+06  5.462826e+05 
2473  2.152840e+06  1.293089e+06  8.597501e+05 
2478  6.719628e+05  5.400631e+05  1.318998e+05 
2483  9.330629e+05  6.885025e+05  2.445604e+05 
2488  8.916692e+05  6.606191e+05  2.310501e+05 
2493  1.265517e+06  8.794985e+05  3.860187e+05 
2498  6.423089e+05  4.725351e+05  1.697738e+05 
2503  6.450748e+05  4.757787e+05  1.692961e+05 
2507  1.174264e+06  8.707724e+05  3.034915e+05 
2512  9.490046e+05  7.258855e+05  2.231192e+05 
2517  7.984494e+05  5.872682e+05  2.111811e+05 
2522  7.912003e+05  5.756726e+05  2.155277e+05 
2527  1.436859e+06  1.104144e+06  3.327149e+05 
2532  3.813747e+05  3.083965e+05  7.297817e+04 
2537  1.525739e+06  1.220276e+06  3.054629e+05 
2542  7.046948e+05  5.377457e+05  1.669491e+05 
2547  8.970026e+05  6.816500e+05  2.153526e+05 
2552  1.072160e+06  8.260321e+05  2.461276e+05 
2557  4.156871e+05  3.449815e+05  7.070560e+04 
2562  2.710153e+06  1.859403e+06  8.507500e+05 
2567  8.582923e+05  6.012438e+05  2.570486e+05 
2572  5.874254e+05  4.389184e+05  1.485070e+05 
2577  6.882770e+05  4.839710e+05  2.043060e+05 
2582  1.018317e+06  7.280089e+05  2.903081e+05 
2587  6.908088e+05  5.468194e+05  1.439894e+05 
2592  8.351312e+05  5.710025e+05  2.641288e+05 
2597  3.032039e+06  1.980458e+06  1.051581e+06 
2602  2.656125e+05  2.133336e+05  5.227889e+04 
2607  2.561211e+06  1.680978e+06  8.802333e+05 
2612  6.081607e+06  3.814714e+06  2.266892e+06 
2617  1.644542e+06  1.037629e+06  6.069127e+05 
2622  1.440910e+06  9.685466e+05  4.723630e+05 
2627  8.245151e+06  4.991430e+06  3.253721e+06 
2632  5.600137e+06  3.481551e+06  2.118586e+06 
2638  3.773241e+05  2.443554e+05  1.329687e+05 
2643  5.436516e+05  3.440806e+05  1.995710e+05 
2648  3.935454e+05  2.452258e+05  1.483196e+05 
2653  3.833475e+05  2.643529e+05  1.189946e+05 
2658  2.367524e+05  1.685282e+05  6.822422e+04 
2663  2.292508e+05  1.435520e+05  8.569874e+04 
2669  3.806240e+05  2.790829e+05  1.015411e+05 
2674  1.595388e+05  8.266270e+04  7.687614e+04 
2679  2.888807e+05  2.014229e+05  8.745780e+04 
2684  4.123054e+05  3.123917e+05  9.991376e+04 
2689  1.385313e+05  9.987630e+04  3.865498e+04 
2695  1.176970e+06  7.924078e+05  3.845621e+05 
2700  2.792029e+05  1.684647e+05  1.107382e+05 
2705  3.211063e+05  2.360211e+05  8.508523e+04 
2710  9.001402e+05  6.466773e+05  2.534629e+05 
2716  2.969740e+06  1.986158e+06  9.835824e+05 
2721  3.244193e+05  2.412034e+05  8.321592e+04 
2726  2.664448e+06  1.780325e+06  8.841228e+05 
2732  1.897934e+06  1.264685e+06  6.332486e+05 
2737  2.597319e+06  1.732371e+06  8.649480e+05 
2742  1.569943e+06  1.047666e+06  5.222772e+05 
2748  6.492564e+06  4.356396e+06  2.136168e+06 
2753  5.533712e+06  3.689737e+06  1.843976e+06 
2758  3.824048e+05  2.698430e+05  1.125618e+05 
2764  1.427904e+06  9.839974e+05  4.439069e+05 
2769  2.349576e+06  1.626359e+06  7.232167e+05 
2774  2.691495e+06  1.832889e+06  8.586067e+05 
2780  4.428798e+05  3.008554e+05  1.420243e+05 
2785  8.294859e+05  5.975590e+05  2.319268e+05 
2791  6.781647e+05  5.101628e+05  1.680019e+05 
2796  6.215008e+05  5.038659e+05  1.176349e+05 
2802  2.829169e+05  2.246828e+05  5.823409e+04 
2807  6.710458e+05  4.371886e+05  2.338571e+05 
2813  1.828359e+05  1.458327e+05  3.700322e+04 
2818  1.173130e+06  6.874671e+05  4.856633e+05 
2823  1.718628e+06  1.023033e+06  6.955949e+05 
2829  1.308656e+06  8.130881e+05  4.955676e+05 
2834  8.368534e+05  6.007411e+05  2.361122e+05 
2840  2.051362e+06  1.404700e+06  6.466621e+05 
2846  4.057892e+06  2.308629e+06  1.749263e+06 
2851  1.070375e+06  6.569821e+05  4.133931e+05 
2857  2.820502e+06  1.694567e+06  1.125934e+06 
2862  1.377341e+06  8.140804e+05  5.632603e+05 
2868  1.091228e+06  7.005039e+05  3.907245e+05 
2873  8.626091e+05  5.335526e+05  3.290566e+05 
2879  1.247388e+06  7.669152e+05  4.804723e+05 
2885  9.561518e+05  5.802140e+05  3.759378e+05 
2890  7.152632e+05  4.701708e+05  2.450923e+05 
2896  3.211252e+05  2.442311e+05  7.689405e+04 
2901  2.170028e+05  1.675215e+05  4.948127e+04 
2907  5.559393e+05  3.485274e+05  2.074119e+05 
2913  1.085068e+05  6.761791e+04  4.088887e+04 
2918  3.941655e+05  2.980281e+05  9.613745e+04 
2924  4.142538e+05  2.831294e+05  1.311244e+05 
2930  7.914805e+04  6.001142e+04  1.913664e+04 
2936  1.840382e+05  1.280022e+05  5.603603e+04 
2941  5.942429e+05  4.028707e+05  1.913721e+05 
2947  6.615352e+05  4.501279e+05  2.114073e+05 
2953  3.189409e+05  2.189946e+05  9.994634e+04 
2958  2.291161e+05  1.710584e+05  5.805773e+04 
2964  7.526092e+05  5.158682e+05  2.367411e+05 
2970  5.089472e+05  3.464020e+05  1.625452e+05 
2976  1.977964e+05  1.483721e+05  4.942429e+04 
2982  1.681594e+06  1.136518e+06  5.450756e+05 
2987  8.526792e+05  5.420871e+05  3.105922e+05 
2993  1.689878e+05  9.733679e+04  7.165098e+04 
2999  2.316191e+05  1.594521e+05  7.216694e+04 
3005  7.818629e+05  5.062620e+05  2.756010e+05 
3011  2.894013e+06  1.431776e+06  1.462237e+06 
3017  2.204535e+06  1.110547e+06  1.093988e+06 
3023  1.153470e+06  5.897635e+05  5.637061e+05 
3028  1.527198e+05  1.068297e+05  4.589007e+04 
3034  7.725498e+05  4.204631e+05  3.520867e+05 
3040  2.568064e+05  1.455128e+05  1.112936e+05 
3046  1.212095e+06  6.863312e+05  5.257639e+05 
3052  5.671748e+05  2.980465e+05  2.691282e+05 
3058  7.116653e+04  5.257379e+04  1.859274e+04 
3064  1.380111e+05  1.033280e+05  3.468309e+04 
3070  9.907621e+05  5.692424e+05  4.215197e+05 
3076  2.193268e+06  1.269248e+06  9.240207e+05 
3082  9.213486e+04  6.822506e+04  2.390980e+04 
3088  4.646722e+04  3.592739e+04  1.053983e+04 
3094  8.179022e+04  6.192823e+04  1.986199e+04 
3100  7.333944e+04  5.435052e+04  1.898892e+04 
3106  2.351874e+05  1.613963e+05  7.379106e+04 
3112  1.326819e+05  9.351177e+04  3.917014e+04 
3118  9.906549e+04  6.926752e+04  2.979797e+04 
3124  2.003362e+04  1.010048e+04  9.933141e+03 
3130  1.185482e+05  8.682775e+04  3.172040e+04 
3136  6.785047e+04  4.315957e+04  2.469090e+04 
3142  2.770519e+05  2.043882e+05  7.266371e+04 
3149  6.191177e+04  4.626842e+04  1.564336e+04 
3155  5.311630e+04  4.056154e+04  1.255476e+04 
3161  1.088562e+06  7.649559e+05  3.236066e+05 
3167  4.896806e+05  3.368697e+05  1.528109e+05 
3173  9.894424e+03  4.970233e+03  4.924190e+03 
3179  2.859692e+05  2.184867e+05  6.748255e+04 
3186  1.137921e+06  7.872546e+05  3.506661e+05 
3192  9.741563e+05  6.675317e+05  3.066246e+05 
3198  7.597930e+05  5.013566e+05  2.584365e+05 
3204  8.026326e+04  5.764479e+04  2.261846e+04 
3210  8.223416e+05  5.595049e+05  2.628368e+05 
3217  1.653942e+04  8.351265e+03  8.188153e+03 
3223  9.080614e+04  5.608649e+04  3.471966e+04 
3229  6.185969e+05  4.236020e+05  1.949948e+05 
3236  1.925976e+05  1.390344e+05  5.356321e+04 
3242  9.820851e+04  7.315576e+04  2.505275e+04 
3248  3.021978e+05  2.339131e+05  6.828473e+04 
3255  3.719210e+05  2.723552e+05  9.956576e+04 
3261  1.542703e+05  1.119564e+05  4.231395e+04 
3267  2.516448e+05  1.714533e+05  8.019147e+04 
3274  5.174762e+04  2.928616e+04  2.246146e+04 
3280  8.379355e+05  5.565641e+05  2.813714e+05 
3286  2.748939e+05  1.938385e+05  8.105541e+04 
3293  2.438045e+05  1.727470e+05  7.105741e+04 
3299  3.800220e+05  2.513259e+05  1.286961e+05 
3306  2.455576e+05  1.833880e+05  6.216965e+04 
3312  4.482570e+05  2.694998e+05  1.787572e+05 
3318  1.190594e+05  6.877386e+04  5.028556e+04 
3325  1.264246e+05  8.836553e+04  3.805911e+04 
3331  4.804333e+04  2.500897e+04  2.303436e+04 
3338  1.433992e+05  1.082516e+05  3.514757e+04 
3344  1.982639e+04  1.159801e+04  8.228378e+03 
3351  8.659253e+03  4.376041e+03  4.283212e+03 
3357  2.120940e+05  1.309458e+05  8.114816e+04 
3364  2.554655e+05  1.865310e+05  6.893452e+04 
3371  4.680383e+05  2.714673e+05  1.965710e+05 
3377  9.840584e+04  5.886842e+04  3.953743e+04 
3384  1.904215e+05  1.249739e+05  6.544755e+04 
3390  3.599694e+05  2.093673e+05  1.506021e+05 
3397  8.448498e+04  5.309273e+04  3.139225e+04 
3403  6.651048e+04  3.490166e+04  3.160882e+04 
3410  4.276197e+04  3.262014e+04  1.014183e+04 
3417  3.006700e+05  2.052921e+05  9.537791e+04 
3423  1.049491e+05  5.521310e+04  4.973603e+04 
3430  9.673691e+04  6.582481e+04  3.091210e+04 
3437  9.088511e+04  6.978681e+04  2.109830e+04 
3443  1.525494e+05  9.028968e+04  6.225975e+04 
3450  3.104588e+05  1.848303e+05  1.256286e+05 
3457  2.011245e+05  1.320213e+05  6.910314e+04 
3464  1.044148e+05  6.668397e+04  3.773082e+04 
3470  1.174120e+05  7.453934e+04  4.287268e+04 
3477  3.792867e+05  2.592429e+05  1.200437e+05 
3484  3.269676e+05  2.215295e+05  1.054380e+05 
3491  1.420005e+05  1.038840e+05  3.811655e+04 
3498  3.255502e+05  2.314948e+05  9.405531e+04 
3504  2.398338e+05  1.494160e+05  9.041777e+04 
3511  2.549979e+04  1.397334e+04  1.152645e+04 
3518  3.034185e+05  1.919447e+05  1.114739e+05 
3525  2.292595e+05  1.230079e+05  1.062516e+05 
3532  9.613550e+04  5.119975e+04  4.493574e+04 
3539  1.200442e+05  7.428781e+04  4.575640e+04 
3545  5.279558e+04  2.808070e+04  2.471488e+04 
3552  1.007231e+05  6.604422e+04  3.467888e+04 
3559  8.393744e+04  5.033848e+04  3.359895e+04 
3566  7.663790e+04  5.124539e+04  2.539251e+04 
3573  2.468353e+04  1.244923e+04  1.223430e+04 
3580  6.085036e+03  3.222376e+03  2.862660e+03 
3587  8.494142e+04  5.173208e+04  3.320934e+04 
3594  8.168052e+03  4.152645e+03  4.015407e+03 
3601  3.544902e+04  1.926350e+04  1.618552e+04 
3608  1.467559e+04  7.700319e+03  6.975273e+03 
3615  3.737915e+04  2.213457e+04  1.524458e+04 
3622  1.097349e+05  8.454307e+04  2.519185e+04 
3629  2.489014e+04  1.455657e+04  1.033357e+04 
3636  3.240105e+04  2.240262e+04  9.998423e+03 
3643  5.427719e+04  4.362295e+04  1.065424e+04 
3651  2.957818e+03  1.486991e+03  1.470827e+03 
3658  8.014923e+04  5.777611e+04  2.237311e+04 
3665  4.369490e+03  2.195163e+03  2.174328e+03 
3672  3.363701e+03  1.691933e+03  1.671769e+03 
3679  1.557092e+04  9.133768e+03  6.437152e+03 
3686  1.127042e+04  7.793305e+03  3.477118e+03 
3693  9.122156e+03  4.633149e+03  4.489006e+03 
3701  3.686541e+04  1.951616e+04  1.734926e+04 
3708  1.673970e+04  8.409293e+03  8.330405e+03 
3715  1.911470e+04  1.009130e+04  9.023396e+03 
3722  8.065728e+04  4.542701e+04  3.523028e+04 
3730  3.551319e+04  2.368172e+04  1.183147e+04 
3737  6.217102e+03  3.123205e+03  3.093897e+03 
3744  7.848764e+04  4.279736e+04  3.569029e+04 
3751  5.361872e+04  4.085443e+04  1.276428e+04 
3759  7.918036e+04  5.658546e+04  2.259490e+04 
3766  1.956266e+05  1.446897e+05  5.093693e+04 
3773  2.250871e+03  1.239169e+03  1.011702e+03 
3781  2.836867e+05  1.977426e+05  8.594412e+04 
3788  6.637567e+04  3.660373e+04  2.977195e+04 
3795  6.514125e+04  4.029320e+04  2.484805e+04 
3803  1.108181e+04  5.611888e+03  5.469924e+03 
3810  5.079943e+04  3.296029e+04  1.783914e+04 
3818  4.315892e+03  2.103669e+03  2.212223e+03 
3825  3.140967e+05  2.345710e+05  7.952574e+04 
3833  4.000377e+04  2.194458e+04  1.805919e+04 
3840  5.440187e+03  2.734837e+03  2.705350e+03 
3847  3.635980e+04  2.545352e+04  1.090629e+04 
3855  2.976558e+03  1.495882e+03  1.480676e+03 
3862  6.068053e+03  3.092906e+03  2.975147e+03 
3870  1.124283e+05  8.555716e+04  2.687114e+04 
3878  7.185155e+03  3.607075e+03  3.578081e+03 
3885  5.041649e+03  2.524472e+03  2.517178e+03 
3893  8.162180e+04  4.819538e+04  3.342642e+04 
3900  1.475891e+04  7.547630e+03  7.211278e+03 
3908  1.806493e+05  1.143825e+05  6.626687e+04 
3915  1.315508e+05  8.009499e+04  5.145581e+04 
3923  1.437947e+04  7.297750e+03  7.081723e+03 
3931  1.944898e+05  1.151344e+05  7.935538e+04 
3938  2.385894e+05  1.643742e+05  7.421524e+04 
3946  1.219141e+05  8.022820e+04  4.168593e+04 
3954  1.196702e+04  6.106672e+03  5.860353e+03 
3961  1.462467e+05  8.557940e+04  6.066733e+04 
3969  2.736906e+05  1.765574e+05  9.713327e+04 
3977  2.059559e+05  1.529585e+05  5.299739e+04 
3985  1.011059e+05  5.726002e+04  4.384593e+04 
3992  7.950692e+04  4.792998e+04  3.157694e+04 
4000  1.925623e+05  1.383859e+05  5.417638e+04 
4008  3.596929e+04  1.896962e+04  1.699968e+04 
4016  2.057766e+04  1.056544e+04  1.001222e+04 
4024  5.588807e+04  3.744241e+04  1.844566e+04 
4031  1.505489e+04  7.897951e+03  7.156942e+03 
4039  4.353287e+03  2.199976e+03  2.153311e+03 
4047  2.302754e+03  1.165592e+03  1.137161e+03 
4055  1.779822e+04  1.010556e+04  7.692656e+03 
4063  9.910176e+04  5.471159e+04  4.439017e+04 
4071  6.023157e+04  3.040543e+04  2.982613e+04 
4079  1.272325e+05  6.834530e+04  5.888723e+04 
4087  1.004656e+05  5.641320e+04  4.405245e+04 
4095  3.574218e+04  1.833884e+04  1.740334e+04 
4103  2.875105e+04  1.521972e+04  1.353133e+04 
4111  3.080363e+04  1.689247e+04  1.391116e+04 
4119  2.455074e+05  1.711142e+05  7.439315e+04 
4127  1.853817e+05  1.247972e+05  6.058445e+04 
4135  1.136850e+05  6.895428e+04  4.473068e+04 
4143  3.983572e+04  1.997307e+04  1.986264e+04 
4151  1.663489e+04  8.394371e+03  8.240524e+03 
4159  6.796224e+04  3.662707e+04  3.133517e+04 
4167  3.321188e+04  1.739321e+04  1.581866e+04 
4175  6.065389e+05  4.273414e+05  1.791975e+05 
4183  8.955038e+04  4.796513e+04  4.158525e+04 
4191  3.596927e+03  1.804008e+03  1.792919e+03 
4200  2.631105e+04  1.340300e+04  1.290804e+04 
4208  7.032137e+04  3.591520e+04  3.440617e+04 
4216  3.606008e+03  1.808713e+03  1.797295e+03 
4224  2.722304e+04  1.367051e+04  1.355253e+04 
4232  3.071639e+05  1.994092e+05  1.077547e+05 
4241  4.188168e+05  2.094528e+05  2.093639e+05 
4249  3.725648e+04  2.464676e+04  1.260972e+04 
4257  2.730908e+05  1.750177e+05  9.807315e+04 
4265  6.153155e+03  3.091583e+03  3.061573e+03 
4274  4.643959e+05  2.854034e+05  1.789925e+05 
4282  5.699555e+03  2.862383e+03  2.837173e+03 
4290  3.351638e+05  1.679091e+05  1.672546e+05 
4299  4.659248e+05  3.317968e+05  1.341280e+05 
4307  1.050097e+05  5.262559e+04  5.238407e+04 
4316  3.312744e+05  2.162188e+05  1.150556e+05 
4324  3.576152e+04  1.930137e+04  1.646015e+04 
4332  1.856269e+05  1.380499e+05  4.757697e+04 
4341  2.776093e+05  2.008276e+05  7.678171e+04 
4349  3.897020e+05  2.359551e+05  1.537469e+05 
4358  3.840848e+05  1.953437e+05  1.887412e+05 
4366  1.727373e+05  1.142476e+05  5.848969e+04 
4375  3.168302e+05  2.056044e+05  1.112258e+05 
4383  4.709345e+05  3.429521e+05  1.279824e+05 
4392  2.304677e+03  1.155293e+03  1.149384e+03 
4400  1.801929e+05  1.339749e+05  4.621800e+04 
4409  3.906035e+05  2.969126e+05  9.369095e+04 
4418  3.339880e+05  2.018113e+05  1.321767e+05 
4426  6.454342e+03  3.235433e+03  3.218909e+03 
4435  2.659388e+05  1.827342e+05  8.320466e+04 
4443  2.388417e+04  1.206988e+04  1.181428e+04 
4452  1.506098e+05  7.808075e+04  7.252904e+04 
4461  6.945059e+04  3.624234e+04  3.320826e+04 
4469  2.697950e+05  2.006722e+05  6.912284e+04 
4478  6.196935e+04  3.131579e+04  3.065356e+04 
4487  5.475974e+05  4.198939e+05  1.277035e+05 
4496  1.077782e+04  5.399814e+03  5.378001e+03 
4504  1.501481e+05  1.074320e+05  4.271608e+04 
4513  2.846407e+05  2.144074e+05  7.023329e+04 
4522  4.739621e+05  3.555648e+05  1.183973e+05 
4531  2.489238e+05  1.799742e+05  6.894961e+04 
4540  1.527304e+05  1.136583e+05  3.907206e+04 
4548  2.368946e+05  1.641933e+05  7.270129e+04 
4557  2.467415e+05  1.942292e+05  5.251232e+04 
4566  2.643517e+03  1.326275e+03  1.317242e+03 
4575  2.401139e+05  1.645375e+05  7.557648e+04 
4584  5.971552e+05  4.127355e+05  1.844198e+05 
4593  2.072282e+05  1.418290e+05  6.539910e+04 
4602  2.345448e+04  1.223893e+04  1.121555e+04 
4611  8.493033e+03  4.424505e+03  4.068528e+03 
4620  2.084896e+05  1.514658e+05  5.702385e+04 
4629  4.823652e+05  3.552008e+05  1.271644e+05 
4638  2.624652e+04  1.315752e+04  1.308900e+04 
4647  1.800739e+05  1.267534e+05  5.332057e+04 
4656  4.643120e+04  2.565044e+04  2.078076e+04 
4665  3.723629e+05  2.696558e+05  1.027071e+05 
4674  7.305446e+04  4.154310e+04  3.151136e+04 
4683  9.475758e+03  4.744860e+03  4.730898e+03 
4692  3.819460e+03  1.913204e+03  1.906256e+03 
4701  8.801801e+03  4.408790e+03  4.393012e+03 
4711  9.297537e+03  1.420166e+03  7.877371e+03 
4720  4.970706e+04  2.666437e+04  2.304269e+04 
4729  1.458830e+05  8.620755e+04  5.967550e+04 
4738  6.523891e+04  3.517918e+04  3.005973e+04 
4747  9.788335e+03  4.905999e+03  4.882336e+03 
4757  1.240257e+04  6.396751e+03  6.005814e+03 
4766  1.317016e+03  6.596239e+02  6.573921e+02 
4775  3.966643e+04  1.985272e+04  1.981371e+04 
4784  1.048502e+02  5.250666e+01  5.234351e+01 
4794  6.225003e+03  3.116933e+03  3.108070e+03 
4803  1.555076e+03  7.787775e+02  7.762985e+02 
4813  8.431337e+04  4.235096e+04  4.196241e+04 
4822  3.452303e+05  1.824744e+05  1.627559e+05 
4831  1.283632e+05  6.905790e+04  5.930528e+04 
4841  9.257130e+04  5.351780e+04  3.905350e+04 
4850  3.280306e+04  1.725404e+04  1.554902e+04 
4860  1.563446e+04  8.137039e+03  7.497424e+03 
4869  2.020330e+05  1.089538e+05  9.307915e+04 
4879  5.966572e+04  2.985621e+04  2.980951e+04 
4888  8.212395e+04  4.161217e+04  4.051178e+04 
4898  7.243355e+04  3.732317e+04  3.511037e+04 
4907  1.716258e+05  8.734496e+04  8.428084e+04 
4917  1.262680e+03  6.321875e+02  6.304924e+02 
4926  2.908152e+05  1.871344e+05  1.036808e+05 
4936  1.081445e+04  5.413881e+03  5.400568e+03 
4945  8.972484e+04  4.484274e+04  4.488210e+04 
4955  1.914310e+05  9.616324e+04  9.526778e+04 
4965  1.879643e+03  9.414990e+02  9.381444e+02 
4974  1.146515e+05  5.737770e+04  5.727379e+04 
4984  7.509666e+03  3.759252e+03  3.750414e+03 
4994  1.329568e+05  7.481634e+04  5.814051e+04 
5004  9.027203e+04  4.531368e+04  4.495835e+04 
5013  3.743687e+05  2.317643e+05  1.426044e+05 
5023  5.157890e+04  2.653877e+04  2.504012e+04 
5033  5.431276e+03  2.730087e+03  2.701189e+03 
5043  5.712837e+04  2.858596e+04  2.854241e+04 
5052  6.606305e+04  3.302392e+04  3.303912e+04 
5062  3.876900e+04  1.940830e+04  1.936069e+04 
5072  1.671867e+05  8.369350e+04  8.349321e+04 
5082  2.664524e+04  1.397839e+04  1.266685e+04 
5092  8.717568e+03  4.544900e+03  4.172667e+03 
5102  6.278625e+04  3.671451e+04  2.607174e+04 
5112  1.133586e+05  5.666857e+04  5.669001e+04 
5122  3.662387e+04  1.922967e+04  1.739420e+04 
5132  1.248030e+05  6.781222e+04  5.699082e+04 
5142  7.301573e+04  4.132444e+04  3.169130e+04 
5152  7.389486e+04  4.047058e+04  3.342428e+04 
5162  6.001436e+05  3.033354e+05  2.968082e+05 
5172  8.185489e+05  4.837988e+05  3.347502e+05 
5182  1.032203e+05  5.186064e+04  5.135966e+04 
5192  1.901703e+04  1.012266e+04  8.894375e+03 
5202  2.803265e+05  1.967507e+05  8.357578e+04 
5212  2.175363e+03  1.088297e+03  1.087066e+03 
5222  2.948787e+04  1.546635e+04  1.402151e+04 
5233  3.475886e+05  2.390247e+05  1.085639e+05 
5243  1.546235e+04  7.974168e+03  7.488185e+03 
5253  3.636555e+05  2.592521e+05  1.044034e+05 
5263  4.067768e+05  2.253093e+05  1.814676e+05 
5273  5.516661e+05  3.428732e+05  2.087928e+05 
5284  2.371917e+05  1.606108e+05  7.658084e+04 
5294  2.259915e+04  1.130507e+04  1.129408e+04 
5304  2.948580e+03  1.475322e+03  1.473258e+03 
5315  6.834705e+05  4.670368e+05  2.164336e+05 
5325  2.288143e+05  1.730622e+05  5.575210e+04 
5335  2.128375e+05  1.138508e+05  9.898671e+04 
5346  7.661506e+04  4.187786e+04  3.473720e+04 
5356  6.922966e+03  3.462022e+03  3.460944e+03 
5367  1.700007e+05  1.235357e+05  4.646507e+04 
5377  1.423377e+05  7.111956e+04  7.121810e+04 
5388  3.280373e+04  1.640318e+04  1.640055e+04 
5398  8.573349e+03  4.377209e+03  4.196140e+03 
5409  1.142472e+05  6.518420e+04  4.906305e+04 
5419  6.963080e+03  3.481627e+03  3.481453e+03 
5430  4.551436e+05  3.061013e+05  1.490422e+05 
5440  4.021266e+04  2.051342e+04  1.969924e+04 
5451  2.475921e+04  1.343740e+04  1.132181e+04 
5461  1.069529e+04  5.974055e+03  4.721240e+03 
5472  7.810789e+04  4.169002e+04  3.641787e+04 
5483  6.992339e+03  3.497125e+03  3.495215e+03 
5493  2.802207e+04  1.412588e+04  1.389619e+04 
5504  1.165707e+04  5.842487e+03  5.814583e+03 
5515  7.606926e+03  3.808825e+03  3.798101e+03 
5526  8.229260e+04  4.120212e+04  4.109048e+04 
5536  1.758246e+05  1.034884e+05  7.233617e+04 
5547  3.774911e+04  1.931104e+04  1.843806e+04 
5558  1.045856e+04  5.228935e+03  5.229627e+03 
5569  4.374498e+04  2.258643e+04  2.115855e+04 
5580  1.200032e+04  6.001388e+03  5.998937e+03 
5590  4.764009e+04  2.410159e+04  2.353851e+04 
5601  3.391918e+03  1.701378e+03  1.690540e+03 
5612  1.173643e+04  5.868721e+03  5.867711e+03 
5623  1.515651e+05  8.667066e+04  6.489445e+04 
5634  2.571231e+03  1.286910e+03  1.284321e+03 
5645  1.457990e+04  7.290961e+03  7.288941e+03 
5656  1.421591e+05  8.631727e+04  5.584179e+04 
5667  3.925109e+04  1.962889e+04  1.962219e+04 
5678  1.427558e+04  7.138483e+03  7.137102e+03 
5689  8.712102e+04  4.356532e+04  4.355571e+04 
5700  4.223077e+03  2.112264e+03  2.110812e+03 
5711  2.284348e+04  1.142188e+04  1.142161e+04 
5723  8.651608e+04  4.609466e+04  4.042142e+04 
5734  5.657314e+04  3.005350e+04  2.651964e+04 
5745  2.254112e+04  1.130209e+04  1.123903e+04 
5756  1.033684e+04  5.168747e+03  5.168093e+03 
5767  4.823022e+03  2.411519e+03  2.411503e+03 
5779  1.349251e+04  6.881339e+03  6.611175e+03 
5790  9.480305e+03  4.821479e+03  4.658826e+03 
5801  1.068221e+04  5.349495e+03  5.332711e+03 
5812  3.218604e+04  1.863436e+04  1.355168e+04 
5824  1.549991e+04  8.046528e+03  7.453383e+03 
5835  6.941180e+04  3.581429e+04  3.359750e+04 
5846  3.393804e+03  1.696946e+03  1.696858e+03 
5858  2.118142e+04  1.074347e+04  1.043795e+04 
5869  3.081902e+04  1.547632e+04  1.534270e+04 
5881  1.537691e+03  7.678054e+02  7.698856e+02 
5892  9.807427e+03  5.203102e+03  4.604325e+03 
5904  2.362066e+04  1.183820e+04  1.178246e+04 
5915  1.766208e+05  8.850967e+04  8.811118e+04 
5927  6.536370e+04  3.386919e+04  3.149451e+04 
5938  1.909604e+03  9.548134e+02  9.547907e+02 
5950  3.309954e+04  1.899189e+04  1.410765e+04 
5961  2.248763e+04  1.124390e+04  1.124373e+04 
5973  9.020162e+03  4.549712e+03  4.470449e+03 
5985  2.491562e+04  1.246642e+04  1.244921e+04 
5996  1.812276e+05  1.103381e+05  7.088949e+04 
6008  2.783854e+03  1.392007e+03  1.391846e+03 
6020  3.963096e+04  1.992504e+04  1.970592e+04 
6031  8.353598e+03  4.176971e+03  4.176627e+03 
6043  1.116986e+05  5.615864e+04  5.554000e+04 
6055  9.884598e+04  4.940979e+04  4.943619e+04 
6067  9.608254e+03  4.795741e+03  4.812512e+03 
6078  1.971848e+05  1.065545e+05  9.063027e+04 
6090  1.157288e+04  5.785749e+03  5.787127e+03 
6102  3.408454e+04  1.644404e+04  1.764050e+04 
6114  8.460705e+04  4.613942e+04  3.846762e+04 
6126  4.427310e+04  2.313924e+04  2.113386e+04 
6138  1.209143e+04  6.178623e+03  5.912803e+03 
6150  2.182782e+05  1.476007e+05  7.067745e+04 
6162  1.758811e+04  8.773271e+03  8.814839e+03 
6174  1.441524e+05  7.323604e+04  7.091636e+04 
6186  9.531628e+04  4.770127e+04  4.761500e+04 
6198  4.571462e+04  2.286647e+04  2.284814e+04 
6210  2.186093e+03  1.099254e+03  1.086839e+03 
6222  8.255189e+03  4.158147e+03  4.097042e+03 
6234  3.086962e+05  1.943766e+05  1.143197e+05 
6246  1.828954e+05  1.172408e+05  6.565466e+04 
6259  2.804423e+04  1.403021e+04  1.401403e+04 
6271  6.716814e+03  3.363075e+03  3.353739e+03 
6283  9.888938e+03  5.009953e+03  4.878984e+03 
6295  1.152130e+04  6.309487e+03  5.211810e+03 
6307  7.124414e+04  3.427322e+04  3.697092e+04 
6320  3.754662e+05  2.018470e+05  1.736193e+05 
6332  3.739236e+04  1.867700e+04  1.871536e+04 
6344  8.735927e+04  4.368707e+04  4.367220e+04 
6357  1.221229e+04  6.110633e+03  6.101658e+03 
6369  1.590764e+05  8.569482e+04  7.338154e+04 
6381  2.779919e+05  1.447071e+05  1.332848e+05 
6394  7.565611e+03  3.784733e+03  3.780877e+03 
6406  1.122812e+05  6.624159e+04  4.603957e+04 
6419  1.536406e+05  1.079314e+05  4.570917e+04 
6431  1.572328e+05  9.870073e+04  5.853203e+04 
6444  4.774140e+04  2.354229e+04  2.419911e+04 
6456  2.139622e+05  1.388309e+05  7.513122e+04 
6469  4.401600e+04  2.201050e+04  2.200550e+04 
6482  9.294088e+04  4.565865e+04  4.728222e+04 
6494  1.848391e+05  9.416768e+04  9.067142e+04 
6507  6.886301e+04  3.502750e+04  3.383550e+04 
6520  2.852628e+05  1.803240e+05  1.049388e+05 
6532  8.847885e+04  4.426979e+04  4.420906e+04 
6545  1.093309e+03  5.467142e+02  5.465944e+02 
6558  6.140073e+04  1.981184e+04  4.158889e+04 
6571  1.046833e+05  5.283757e+04  5.184577e+04 
6583  7.578372e+04  3.829750e+04  3.748621e+04 
6596  1.092645e+04  5.465183e+03  5.461268e+03 
6609  5.320433e+04  2.666239e+04  2.654193e+04 
6622  1.227832e+05  6.159834e+04  6.118482e+04 
6635  1.145998e+03  5.730012e+02  5.729967e+02 
6648  9.236630e+04  4.628718e+04  4.607912e+04 
6661  4.999925e+04  2.500797e+04  2.499128e+04 
6674  1.002878e+04  5.075357e+03  4.953420e+03 
6687  3.591852e+04  1.802459e+04  1.789393e+04 
6700  6.447678e+03  3.222632e+03  3.225045e+03 
6713  2.766381e+03  1.393627e+03  1.372754e+03 
6726  2.277962e+04  1.140369e+04  1.137593e+04 
6739  2.742900e+02  1.371481e+02  1.371420e+02 
6752  2.683946e+03  1.341926e+03  1.342020e+03 
6765  2.181930e+04  1.093179e+04  1.088751e+04 
6778  2.959102e+04  1.479662e+04  1.479439e+04 
6792  3.363950e+03  1.683072e+03  1.680879e+03 
6805  1.121952e+04  5.607807e+03  5.611709e+03 
6818  2.263401e+04  1.131777e+04  1.131624e+04 
6831  1.044361e+04  5.284103e+03  5.159504e+03 
6845  1.149706e+03  5.748549e+02  5.748509e+02 
6858  5.362316e+04  2.681788e+04  2.680528e+04 
6871  4.632497e+04  2.323754e+04  2.308743e+04 
6885  3.691820e+03  1.865203e+03  1.826618e+03 
6898  1.708109e+03  8.541409e+02  8.539686e+02 
6912  3.208108e+04  1.623930e+04  1.584178e+04 
6925  1.080171e+04  5.411013e+03  5.390700e+03 
6938  1.754086e+04  8.771178e+03  8.769681e+03 
6952  8.922548e+03  4.542110e+03  4.380438e+03 
6966  3.349885e+03  1.678993e+03  1.670893e+03 
6979  5.102853e+03  2.552464e+03  2.550389e+03 
6993  8.917799e+03  4.459795e+03  4.458004e+03 
