1000.97394    6.7453e-18    8.9350e-18    3.0206e-19
1002.92358    2.6562e-18    3.5089e-18    1.4691e-19
1004.87708    3.8002e-18    5.0260e-18    1.9318e-19
1006.83441    2.2382e-18    2.9404e-18    1.7182e-19
1008.79553    4.3302e-18    5.7351e-18    1.9604e-19
1010.76050    3.5055e-19    4.6111e-19    2.5237e-20
1012.72925    1.7618e-18    2.3327e-18    8.1728e-20
1014.70178    3.3678e-18    4.4756e-18    1.0778e-19
1016.67822    4.4970e-18    5.9594e-18    1.9347e-19
1018.65857    2.6730e-18    3.5523e-18    8.5513e-20
1020.64270    3.8298e-18    5.0761e-18    1.6253e-19
1022.63074    3.9699e-18    5.2735e-18    1.3382e-19
1024.62256    1.3106e-18    1.7361e-18    5.8363e-20
1026.61841    9.8380e-19    1.2995e-18    5.4800e-20
1028.61792    2.1427e-18    2.8259e-18    1.3230e-19
1030.62158    3.9823e-18    5.2714e-18    1.8921e-19
1032.62891    3.0697e-18    4.0192e-18    2.7591e-19
1034.64038    3.9038e-18    5.1587e-18    2.1108e-19
1036.65564    4.7446e-18    6.1540e-18    5.9708e-19
1038.67480    3.1427e-18    4.1326e-18    2.2990e-19
1040.69800    6.0540e-18    7.9520e-18    4.6887e-19
1042.72510    5.7353e-18    7.5011e-18    5.3918e-19
1044.75610    4.6873e-18    6.2098e-18    2.0731e-19
1046.79102    3.9585e-18    5.2358e-18    1.9992e-19
1048.83008    1.3275e-18    1.7349e-18    1.2895e-19
1050.87292    6.2721e-18    8.2622e-18    4.1592e-19
1052.91980    5.4736e-18    7.1777e-18    4.5906e-19
1054.97070    1.1108e-17    1.4713e-17    4.9958e-19
1057.02563    7.5528e-18    9.9713e-18    4.3610e-19
1059.08447    9.6043e-18    1.2630e-17    7.0071e-19
1061.14734    1.7272e-17    2.2671e-17    1.3828e-18
1063.21436    2.0880e-17    2.7657e-17    9.3851e-19
1065.28516    1.0820e-17    1.4226e-17    7.9896e-19
1067.36011    1.9785e-17    2.5891e-17    1.8161e-18
1069.43921    1.4450e-17    1.9022e-17    9.9533e-19
1071.52222    1.8255e-17    2.3867e-17    1.7423e-18
1073.60938    4.4046e-17    5.7342e-17    4.9205e-18
1075.70056    3.2862e-17    4.3138e-17    2.6235e-18
1077.79590    2.6214e-17    3.4371e-17    2.2105e-18
1079.89514    5.6244e-18    7.3542e-18    5.3448e-19
1081.99854    7.8015e-18    1.0365e-17    2.5751e-19
1084.10608    1.3539e-17    1.7882e-17    7.5880e-19
1086.21777    7.3850e-18    9.6863e-18    6.1311e-19
1088.33350    1.7006e-17    2.2431e-17    1.0433e-18
1090.45337    2.1869e-17    2.8934e-17    1.0795e-18
1092.57727    1.2706e-17    1.6732e-17    8.6042e-19
1094.70532    1.7090e-17    2.2607e-17    8.5637e-19
1096.83765    1.7797e-17    2.3546e-17    8.8071e-19
1098.97412    2.0923e-17    2.7675e-17    1.0556e-18
1101.11475    1.3886e-17    1.8394e-17    6.2064e-19
1103.25952    1.1017e-17    1.4495e-17    7.8255e-19
1105.40845    1.7340e-17    2.2915e-17    9.3464e-19
1107.56152    2.5781e-17    3.3959e-17    1.7179e-18
1109.71887    2.0626e-17    2.7040e-17    1.7536e-18
1111.88037    2.6164e-17    3.4535e-17    1.5326e-18
1114.04614    3.7417e-17    4.9372e-17    2.2359e-18
1116.21606    2.3812e-17    3.1518e-17    1.1337e-18
1118.39014    7.0943e-18    9.2990e-18    6.0663e-19
1120.56860    1.0111e-17    1.3318e-17    6.7376e-19
1122.75122    1.4105e-17    1.8516e-17    1.1262e-18
1124.93811    1.9137e-17    2.5171e-17    1.3798e-18
1127.12927    3.2421e-17    4.2549e-17    2.6171e-18
1129.32471    2.3523e-17    3.1070e-17    1.3153e-18
1131.52441    2.6000e-17    3.4356e-17    1.4134e-18
1133.72839    2.5434e-17    3.3703e-17    1.0998e-18
1135.93665    1.3622e-17    1.7919e-17    9.7883e-19
1138.14917    1.0654e-17    1.4053e-17    6.5417e-19
1140.36621    2.0223e-17    2.6750e-17    1.0161e-18
1142.58740    2.5713e-17    3.4120e-17    9.7335e-19
1144.81299    6.7170e-17    8.8429e-17    4.6159e-18
1147.04272    6.2039e-17    8.1117e-17    5.8997e-18
1149.27698    5.9501e-17    7.8151e-17    4.6228e-18
1151.51562    4.4556e-17    5.8098e-17    4.7064e-18
1153.75854    3.7492e-17    4.9374e-17    2.5284e-18
1156.00586    2.3496e-17    3.1006e-17    1.3971e-18
1158.25745    3.6664e-17    4.8419e-17    2.0751e-18
1160.51355    4.4150e-17    5.8094e-17    3.1174e-18
1162.77393    3.1778e-17    4.2010e-17    1.6692e-18
1165.03882    4.2031e-17    5.5584e-17    2.1494e-18
1167.30811    5.1383e-17    6.7610e-17    3.6344e-18
1169.58179    4.5089e-17    5.9213e-17    3.5273e-18
1171.85986    4.4428e-17    5.8589e-17    2.7595e-18
1174.14246    6.3979e-17    8.4155e-17    4.6079e-18
1176.42944    3.9613e-17    5.1643e-17    4.2140e-18
1178.72095    2.2379e-17    2.9528e-17    1.3429e-18
1181.01685    3.4279e-17    4.5385e-17    1.6006e-18
1183.31714    3.3063e-17    4.3603e-17    2.0498e-18
1185.62207    4.2147e-17    5.5301e-17    3.4393e-18
1187.93140    6.2232e-17    8.1424e-17    5.7584e-18
1190.24536    3.7360e-17    4.9189e-17    2.5500e-18
1192.56372    4.7642e-17    6.2576e-17    3.6984e-18
1194.88647    2.4352e-17    3.1832e-17    2.3401e-18
1197.21387    4.8179e-17    6.3609e-17    2.7750e-18
1199.54590    5.0075e-17    6.5123e-17    5.7963e-18
1201.88232    1.7894e-17    2.3524e-17    1.3285e-18
1204.22339    1.0899e-17    1.4419e-17    5.4062e-19
1206.56897    1.1889e-17    1.5644e-17    8.3898e-19
1208.91919    4.2751e-17    5.6482e-17    2.3459e-18
1211.27393    2.7734e-17    3.6564e-17    1.7518e-18
1213.63330    2.0476e-17    2.7092e-17    1.0088e-18
1215.99719    1.2013e-17    1.5800e-17    8.7044e-19
1218.36572    1.9013e-17    2.5070e-17    1.1875e-18
1220.73877    4.3845e-17    5.8291e-17    1.3359e-18
1223.11658    1.4669e-17    1.9305e-17    1.0286e-18
1225.49902    2.3237e-17    3.0752e-17    1.1253e-18
1227.88599    2.3481e-17    3.1071e-17    1.1472e-18
1230.27771    1.5343e-17    2.0317e-17    7.0461e-19
1232.67407    3.7698e-17    4.9838e-17    1.9736e-18
1235.07507    3.2502e-17    4.3009e-17    1.5862e-18
1237.48071    2.6798e-17    3.5486e-17    1.2317e-18
1239.89111    2.1978e-17    2.8975e-17    1.3869e-18
1242.30615    3.5973e-17    4.7150e-17    3.0835e-18
1244.72595    2.4512e-17    3.2388e-17    1.3370e-18
1247.15039    2.0198e-17    2.6725e-17    9.9242e-19
1249.57959    1.8816e-17    2.4633e-17    1.6985e-18
1252.01355    2.4687e-17    3.2503e-17    1.6869e-18
1254.45215    2.7289e-17    3.5991e-17    1.6835e-18
1256.89563    3.4078e-17    4.4527e-17    3.3281e-18
1259.34375    3.6714e-17    4.8378e-17    2.3915e-18
1261.79675    4.3204e-17    5.6211e-17    4.9314e-18
1264.25452    2.2815e-17    2.9995e-17    1.6856e-18
1266.71704    4.5871e-17    5.8753e-17    7.9652e-18
1269.18433    1.7516e-17    2.2913e-17    1.6367e-18
1271.65649    3.9080e-17    5.0576e-17    5.2512e-18
1274.13342    3.1364e-17    4.0911e-17    3.2722e-18
1276.61523    2.6107e-17    3.3708e-17    3.7426e-18
1279.10181    3.2730e-17    4.3103e-17    2.2059e-18
1281.59326    2.3183e-17    3.0357e-17    2.0738e-18
1284.08960    2.6398e-17    3.4494e-17    2.5765e-18
1286.59070    2.6223e-17    3.4151e-17    2.8942e-18
1289.09668    4.4078e-17    5.7533e-17    4.4877e-18
1291.60767    2.9521e-17    3.8553e-17    2.9426e-18
1294.12341    2.1752e-17    2.8387e-17    2.2289e-18
1296.64404    3.0541e-17    3.9667e-17    3.6857e-18
1299.16968    3.9946e-17    5.2180e-17    3.9438e-18
1301.70020    4.5514e-17    5.9471e-17    4.4473e-18
1304.23572    3.6085e-17    4.7162e-17    3.4917e-18
1306.77612    3.9203e-17    5.1002e-17    4.4852e-18
1309.32141    1.9156e-17    2.4914e-17    2.2112e-18
1311.87183    2.2256e-17    2.8907e-17    2.6820e-18
1314.42700    3.0070e-17    3.8994e-17    3.8123e-18
1316.98730    3.1484e-17    4.0994e-17    3.5013e-18
1319.55249    3.9221e-17    5.1043e-17    4.4354e-18
1322.12280    3.4593e-17    4.4923e-17    4.1971e-18
1324.69800    3.7512e-17    4.8836e-17    4.1876e-18
1327.27820    3.1505e-17    4.1134e-17    3.1687e-18
1329.86353    2.5039e-17    3.2600e-17    2.7884e-18
1332.45386    3.2212e-17    4.1552e-17    4.7269e-18
1335.04919    1.9081e-17    2.4467e-17    3.2319e-18
1337.64966    2.0278e-17    2.6172e-17    2.9368e-18
1340.25513    3.6138e-17    4.6348e-17    6.0937e-18
1342.86560    1.6374e-17    2.0433e-17    4.4296e-18
1345.48120    2.3056e-17    2.9606e-17    3.7798e-18
1348.10205    1.0335e-17    1.2788e-17    3.1161e-18
1350.72778    3.1022e-17    3.9775e-17    5.2652e-18
1353.35876    2.3402e-17    2.9790e-17    4.6041e-18
1355.99487    2.5141e-17    3.2656e-17    3.0291e-18
1358.63611    2.5471e-17    3.1594e-17    7.4539e-18
1361.28247    4.7939e-17    6.1317e-17    8.5741e-18
1363.93396    2.8873e-17    3.6562e-17    6.2487e-18
1366.59058    2.8595e-17    3.6666e-17    4.8451e-18
1369.25244    2.8806e-17    3.7086e-17    4.4418e-18
1371.91956    3.9440e-17    4.9837e-17    8.8483e-18
1374.59180    5.5668e-17    7.1268e-17    9.7631e-18
1377.26929    4.0420e-17    5.1365e-17    8.2154e-18
1379.95190    3.7240e-17    4.7407e-17    7.3243e-18
1382.63965    3.7632e-17    4.8209e-17    6.5103e-18
1385.33276    2.6157e-17    3.3595e-17    4.2696e-18
1388.03125    3.5136e-17    4.4065e-17    8.8633e-18
1390.73486    2.0928e-17    2.6139e-17    5.5943e-18
1393.44360    2.7131e-17    3.3726e-17    7.7251e-18
1396.15784    3.2145e-17    4.0782e-17    6.7306e-18
1398.87720    5.9442e-17    7.6060e-17    1.0543e-17
1401.60205    3.3548e-17    4.2183e-17    8.1362e-18
1404.33203    3.0134e-17    3.8524e-17    5.4463e-18
1407.06738    2.4160e-17    3.0250e-17    6.2412e-18
1409.80811    2.3049e-17    2.8624e-17    6.6452e-18
1412.55420    3.0368e-17    3.7603e-17    9.0786e-18
1415.30554    4.4543e-17    5.6498e-17    9.3622e-18
1418.06213    4.0033e-17    5.1125e-17    7.3938e-18
1420.82446    2.7354e-17    3.4280e-17    6.9732e-18
1423.59180    3.6537e-17    4.5334e-17    1.0650e-17
1426.36475    1.5727e-17    1.9467e-17    4.7223e-18
1429.14307    2.8384e-17    3.6138e-17    5.5673e-18
1431.92676    3.1986e-17    3.9280e-17    1.0522e-17
1434.71582    3.2209e-17    3.9082e-17    1.1983e-17
1437.51038    3.0603e-17    3.9320e-17    4.9515e-18
1440.31030    2.6204e-17    3.2935e-17    6.3955e-18
1443.11572    3.2341e-17    4.0230e-17    9.1275e-18
1445.92676    1.6259e-17    2.0349e-17    4.2250e-18
1448.74316    1.8683e-17    2.3233e-17    5.2953e-18
1451.56494    1.6736e-17    2.0479e-17    5.7226e-18
1454.39233    1.7341e-17    2.1583e-17    4.8582e-18
1457.22522    1.8850e-17    2.3611e-17    4.8396e-18
1460.06360    1.3726e-17    1.6675e-17    5.0488e-18
1462.90747    2.3558e-17    2.9611e-17    5.7466e-18
1465.75696    1.2882e-17    1.5985e-17    3.7527e-18
1468.61206    1.9409e-17    2.3306e-17    7.9412e-18
1471.47253    2.3665e-17    2.9595e-17    6.2170e-18
1474.33862    3.1273e-17    3.8889e-17    8.8648e-18
1477.21045    4.0002e-17    5.0233e-17    9.8982e-18
1480.08777    1.5775e-17    1.9756e-17    4.0617e-18
1482.97058    3.9157e-17    4.8500e-17    1.1664e-17
1485.85913    3.1222e-17    3.9044e-17    8.2051e-18
1488.75342    3.9989e-17    5.1012e-17    7.5538e-18
1491.65332    3.8919e-17    4.9749e-17    7.0521e-18
1494.55859    3.9583e-17    4.9450e-17    1.0546e-17
1497.46985    1.5262e-17    1.7509e-17    8.6509e-18
1500.38647    1.4333e-17    1.6805e-17    7.0603e-18
1503.30896    2.4382e-17    2.9812e-17    8.4038e-18
1506.23706    3.4126e-17    4.0689e-17    1.4815e-17
1509.17090    2.3108e-17    2.8618e-17    6.8934e-18
1512.11060    3.4769e-17    4.2143e-17    1.3069e-17
1515.05591    2.0215e-17    2.4040e-17    8.9591e-18
1518.00684    7.0190e-18    7.6281e-18    5.2268e-18
1520.96362    2.8164e-17    3.2421e-17    1.5638e-17
1523.92627    2.6528e-17    3.0929e-17    1.3577e-17
1526.89453    3.5532e-17    4.3326e-17    1.2595e-17
1529.86865    9.7859e-18    1.0567e-17    7.4867e-18
1532.84839    1.9089e-17    2.2957e-17    7.7076e-18
1535.83411    1.1210e-17    1.3088e-17    5.6863e-18
1538.82568    1.4160e-17    1.6228e-17    8.0768e-18
1541.82300    1.2568e-17    1.4582e-17    6.6419e-18
1544.82617    1.1305e-17    1.3005e-17    6.3032e-18
1547.83521    1.6026e-17    1.9092e-17    7.0026e-18
1550.85010    5.6235e-17    6.5795e-17    2.8103e-17
1553.87085    1.7527e-17    2.0283e-17    9.4192e-18
1556.89746    3.3469e-17    3.8787e-17    1.7819e-17
1559.92993    3.7710e-17    4.0427e-17    2.9715e-17
1562.96863    3.2002e-17    3.5272e-17    2.2379e-17
1566.01282    1.6462e-17    1.8112e-17    1.1606e-17
1569.06311    4.8040e-17    5.2267e-17    3.5600e-17
1572.11938    4.9644e-17    5.7981e-17    2.5110e-17
1575.18152    5.7411e-17    6.4017e-17    3.7970e-17
1578.24963    6.0231e-17    6.8854e-17    3.4857e-17
1581.32373    5.4077e-17    6.0947e-17    3.3863e-17
1584.40381    2.3779e-17    2.6462e-17    1.5887e-17
1587.48999    3.2472e-17    3.6732e-17    1.9937e-17
1590.58215    1.5815e-17    1.6786e-17    1.2960e-17
1593.68018    3.8393e-17    4.1460e-17    2.9369e-17
1596.78442    2.7681e-17    2.9426e-17    2.2547e-17
1599.89465    2.1176e-17    2.3279e-17    1.4988e-17
1603.01086    2.6448e-17    2.9767e-17    1.6682e-17
1606.13330    3.4896e-17    3.9603e-17    2.1044e-17
1609.26172    2.0946e-17    2.4361e-17    1.0897e-17
1612.39636    3.2480e-17    3.6971e-17    1.9266e-17
1615.53674    5.5707e-18    5.5796e-18    5.5443e-18
1618.68347    2.8810e-17    3.0560e-17    2.3661e-17
1621.83630    4.4695e-17    4.7723e-17    3.5787e-17
1624.99548    3.4365e-17    3.7890e-17    2.3993e-17
1628.16064    4.9497e-17    5.4022e-17    3.6182e-17
1631.33203    3.5975e-17    3.8716e-17    2.7911e-17
1634.50952    5.4483e-17    5.8644e-17    4.2241e-17
1637.69312    5.0363e-17    5.2297e-17    4.4672e-17
1640.88306    6.2959e-17    7.2856e-17    3.3835e-17
1644.07922    3.3674e-17    3.6432e-17    2.5558e-17
1647.28162    2.7484e-17    2.9662e-17    2.1075e-17
1650.49023    4.5492e-17    4.6527e-17    4.2445e-17
1653.70496    5.3577e-17    5.7357e-17    4.2453e-17
1656.92603    5.5574e-17    6.8908e-17    1.6337e-17
1660.15369    2.8351e-17    3.0747e-17    2.1299e-17
1663.38721    2.1328e-17    2.4969e-17    1.0613e-17
1666.62720    1.1670e-17    1.2189e-17    1.0143e-17
1669.87317    1.2706e-17    1.3867e-17    9.2897e-18
1673.12585    1.9889e-17    2.1519e-17    1.5090e-17
1676.38489    3.6888e-17    3.9183e-17    3.0136e-17
1679.65027    2.9393e-17    3.0667e-17    2.5646e-17
1682.92188    1.8205e-17    1.9937e-17    1.3105e-17
1686.19958    1.9086e-17    2.1116e-17    1.3111e-17
1689.48413    3.0403e-17    3.2826e-17    2.3271e-17
1692.77502    2.0953e-17    2.2696e-17    1.5825e-17
1696.07227    1.3552e-17    1.4920e-17    9.5262e-18
1699.37573    1.3065e-17    1.4288e-17    9.4671e-18
1702.68567    5.3015e-17    5.6152e-17    4.3783e-17
1706.00232    2.1151e-17    2.2622e-17    1.6823e-17
1709.32544    5.6350e-17    6.2474e-17    3.8329e-17
1712.65491    2.3416e-17    2.4749e-17    1.9494e-17
1715.99060    4.6353e-17    5.0953e-17    3.2819e-17
1719.33301    3.7754e-17    4.0624e-17    2.9311e-17
1722.68188    4.7668e-17    5.1130e-17    3.7481e-17
1726.03735    5.6718e-17    6.0811e-17    4.4674e-17
1729.39941    1.5329e-17    1.5019e-17    1.6243e-17
1732.76807    2.3893e-17    2.5967e-17    1.7790e-17
1736.14307    1.2481e-17    1.3104e-17    1.0648e-17
1739.52466    1.5318e-17    1.4777e-17    1.6911e-17
1742.91296    1.8077e-17    1.9485e-17    1.3933e-17
1746.30786    3.0355e-17    3.1300e-17    2.7573e-17
1749.70935    2.7510e-17    2.9398e-17    2.1953e-17
1753.11755    4.7538e-18    4.3043e-18    6.0764e-18
1756.53223    9.7998e-18    1.0123e-17    8.8495e-18
1759.95325    3.2476e-17    3.4783e-17    2.5688e-17
1763.38147    2.3123e-17    2.4606e-17    1.8757e-17
1766.81628    1.1174e-17    1.1601e-17    9.9170e-18
1770.25745    1.2977e-17    1.2378e-17    1.4739e-17
1773.70581    4.7009e-17    5.0406e-17    3.7014e-17
1777.16064    1.7252e-17    1.8896e-17    1.2415e-17
1780.62207    2.0082e-17    2.0157e-17    1.9862e-17
1784.09045    4.7507e-17    4.9175e-17    4.2598e-17
1787.56555    7.3706e-17    8.0753e-17    5.2972e-17
1791.04749    1.6400e-17    1.6259e-17    1.6815e-17
1794.53601    5.6496e-17    5.8659e-17    5.0131e-17
1798.03137    3.5952e-17    3.9815e-17    2.4587e-17
1801.53357    1.2763e-17    1.2133e-17    1.4616e-17
1805.04248    3.1788e-17    3.3444e-17    2.6913e-17
1808.55847    3.0893e-17    3.1324e-17    2.9624e-17
1812.08130    2.2682e-17    2.2321e-17    2.3744e-17
1815.61096    2.0490e-17    2.0187e-17    2.1384e-17
1819.14722    1.9092e-17    1.9518e-17    1.7839e-17
1822.69067    2.5245e-17    2.7208e-17    1.9469e-17
1826.24084    2.5676e-17    2.7291e-17    2.0923e-17
1829.79797    2.6227e-17    2.8721e-17    1.8888e-17
1833.36206    3.1335e-17    3.3860e-17    2.3908e-17
1836.93311    1.2859e-17    1.3879e-17    9.8590e-18
1840.51111    3.2084e-17    3.4386e-17    2.5309e-17
1844.09607    2.4932e-17    2.5845e-17    2.2245e-17
1847.68799    2.4573e-17    2.7031e-17    1.7339e-17
1851.28687    2.6340e-17    2.7299e-17    2.3519e-17
1854.89282    1.2818e-17    1.2780e-17    1.2931e-17
1858.50586    1.8817e-17    2.0200e-17    1.4748e-17
1862.12585    2.7570e-17    2.6570e-17    3.0514e-17
1865.75293    2.0629e-17    2.1187e-17    1.8989e-17
1869.38696    1.9992e-17    2.1823e-17    1.4605e-17
1873.02820    9.2156e-18    8.9846e-18    9.8954e-18
1876.67651    3.7372e-17    3.8212e-17    3.4903e-17
1880.33191    2.9441e-17    3.1611e-17    2.3054e-17
1883.99438    4.2315e-17    4.2030e-17    4.3154e-17
1887.66406    3.1907e-17    3.2147e-17    3.1201e-17
1891.34082    1.7959e-17    1.7967e-17    1.7934e-17
1895.02490    1.6466e-17    1.6013e-17    1.7799e-17
1898.71606    3.4544e-17    3.5502e-17    3.1722e-17
1902.41431    3.0197e-17    3.0307e-17    2.9873e-17
1906.11987    2.8847e-17    3.0051e-17    2.5305e-17
1909.83252    2.5490e-17    2.6408e-17    2.2789e-17
1913.55261    2.4500e-17    2.3860e-17    2.6381e-17
1917.27979    3.6159e-17    3.6445e-17    3.5319e-17
1921.01428    2.3320e-17    2.2891e-17    2.4583e-17
1924.75610    2.2353e-17    2.2296e-17    2.2519e-17
1928.50513    3.4190e-17    3.9115e-17    1.9697e-17
1932.26147    1.9984e-17    2.2168e-17    1.3560e-17
1936.02515    2.8894e-17    2.8408e-17    3.0323e-17
1939.79614    1.7698e-17    1.8812e-17    1.4417e-17
1943.57446    3.0064e-17    3.1554e-17    2.5681e-17
1947.36011    4.3814e-17    4.4457e-17    4.1922e-17
1951.15332    1.0905e-17    1.1155e-17    1.0167e-17
1954.95374    1.7061e-17    1.8645e-17    1.2401e-17
1958.76160    3.2190e-17    3.6456e-17    1.9636e-17
1962.57690    3.8922e-17    4.2649e-17    2.7955e-17
1966.39966    5.7117e-17    6.6874e-17    2.8406e-17
1970.22974    4.1320e-17    4.4454e-17    3.2098e-17
1974.06738    3.4878e-17    3.8964e-17    2.2854e-17
1977.91248    1.8162e-17    1.7433e-17    2.0306e-17
1981.76514    1.1826e-17    1.1363e-17    1.3188e-17
1985.62524    2.2441e-17    2.3359e-17    1.9739e-17
1989.49280    2.0466e-17    2.0554e-17    2.0207e-17
1993.36792    2.1144e-17    2.0919e-17    2.1804e-17
1997.25061    1.8362e-17    1.7501e-17    2.0895e-17
2001.14087    3.8873e-17    4.1162e-17    3.2137e-17
2005.03870    2.3675e-17    2.4793e-17    2.0384e-17
2008.94409    5.0357e-17    5.2330e-17    4.4549e-17
2012.85718    3.8485e-17    4.0726e-17    3.1891e-17
2016.77783    2.7862e-17    3.0546e-17    1.9963e-17
2020.70605    1.9567e-17    2.0275e-17    1.7485e-17
2024.64209    2.3764e-17    2.5441e-17    1.8827e-17
2028.58569    4.0071e-17    4.3724e-17    2.9320e-17
2032.53687    3.3688e-17    3.6810e-17    2.4501e-17
2036.49585    1.4723e-17    1.4778e-17    1.4562e-17
2040.46265    2.4515e-17    2.5081e-17    2.2849e-17
2044.43701    2.2500e-17    2.1091e-17    2.6647e-17
2048.41919    1.3311e-17    1.3816e-17    1.1825e-17
2052.40918    1.5278e-17    1.5809e-17    1.3716e-17
2056.40674    2.9720e-17    3.1450e-17    2.4631e-17
2060.41211    2.0863e-17    1.8449e-17    2.7963e-17
2064.42554    4.1313e-17    4.1987e-17    3.9332e-17
2068.44678    4.0210e-17    3.9645e-17    4.1873e-17
2072.47559    4.3165e-17    4.2664e-17    4.4639e-17
2076.51221    4.1191e-17    4.2159e-17    3.8340e-17
2080.55713    2.8702e-17    2.8405e-17    2.9575e-17
2084.60938    1.4361e-17    1.4343e-17    1.4413e-17
2088.66992    2.2185e-17    2.1402e-17    2.4492e-17
2092.73828    1.8475e-17    1.8944e-17    1.7094e-17
2096.81445    2.2448e-17    2.4276e-17    1.7068e-17
2100.89868    2.9591e-17    3.2387e-17    2.1365e-17
2104.99072    2.8495e-17    3.0261e-17    2.3296e-17
2109.09082    7.1814e-17    7.6918e-17    5.6796e-17
2113.19922    1.7420e-17    1.6856e-17    1.9082e-17
2117.31519    6.7622e-17    7.5605e-17    4.4130e-17
2121.43945    9.2036e-18    9.4165e-18    8.5770e-18
2125.57129    1.9272e-17    1.9794e-17    1.7734e-17
2129.71143    3.4349e-17    3.6875e-17    2.6914e-17
2133.85986    2.5544e-17    2.6665e-17    2.2245e-17
2138.01611    2.9756e-17    3.2111e-17    2.2827e-17
2142.18066    3.7281e-17    3.9345e-17    3.1208e-17
2146.35303    1.7165e-17    1.8571e-17    1.3030e-17
2150.53369    3.1966e-17    3.4832e-17    2.3531e-17
2154.72266    1.7835e-17    1.8594e-17    1.5601e-17
2158.91968    2.5236e-17    2.6704e-17    2.0917e-17
2163.12500    2.9745e-17    3.3215e-17    1.9535e-17
2167.33813    3.3434e-17    3.6833e-17    2.3435e-17
2171.55957    1.9409e-17    2.0604e-17    1.5894e-17
2175.78955    3.5009e-17    3.8031e-17    2.6117e-17
2180.02759    1.4977e-17    1.5480e-17    1.3495e-17
2184.27393    3.3459e-17    3.5477e-17    2.7521e-17
2188.52832    3.8487e-17    4.1307e-17    3.0189e-17
2192.79102    1.4515e-17    1.5628e-17    1.1242e-17
2197.06226    1.7752e-17    1.7051e-17    1.9814e-17
2201.34180    1.9573e-17    2.2445e-17    1.1121e-17
2205.62939    2.5936e-17    2.8533e-17    1.8293e-17
2209.92554    3.8732e-17    4.1401e-17    3.0877e-17
2214.22998    5.1699e-17    5.7588e-17    3.4369e-17
2218.54297    3.7514e-17    4.2461e-17    2.2954e-17
2222.86426    5.5042e-17    5.7752e-17    4.7066e-17
2227.19409    4.8909e-17    5.2282e-17    3.8981e-17
2231.53223    4.6786e-17    4.8647e-17    4.1309e-17
2235.87891    4.1862e-17    4.5716e-17    3.0523e-17
2240.23389    6.2629e-17    6.8122e-17    4.6467e-17
2244.59717    6.0569e-17    6.6502e-17    4.3111e-17
2248.96924    6.6237e-17    7.0978e-17    5.2288e-17
2253.34985    6.5225e-17    7.0689e-17    4.9148e-17
2257.73901    5.7633e-17    6.2557e-17    4.3143e-17
2262.13672    6.0389e-17    6.4649e-17    4.7854e-17
2266.54297    8.1563e-17    8.4532e-17    7.2827e-17
2270.95752    7.6788e-17    8.0178e-17    6.6811e-17
2275.38086    9.9228e-17    9.9947e-17    9.7113e-17
2279.81299    5.8161e-17    6.0584e-17    5.1032e-17
2284.25366    4.5154e-17    4.6827e-17    4.0230e-17
2288.70288    2.9651e-17    3.0142e-17    2.8209e-17
2293.16089    5.7226e-17    5.8812e-17    5.2560e-17
2297.62744    3.5871e-17    3.8792e-17    2.7278e-17
2302.10303    2.9558e-17    3.1158e-17    2.4848e-17
2306.58691    7.9414e-17    8.9063e-17    5.1021e-17
2311.07959    7.9912e-17    8.7239e-17    5.8352e-17
2315.58105    6.1946e-17    6.5525e-17    5.1416e-17
2320.09155    4.9535e-17    5.1140e-17    4.4812e-17
2324.61060    5.8761e-17    6.1560e-17    5.0525e-17
2329.13843    1.5121e-16    1.5116e-16    1.5136e-16
2333.67529    9.4949e-17    8.6514e-17    1.1977e-16
2338.22070    1.2207e-16    1.1917e-16    1.3061e-16
2342.77490    1.0404e-16    1.0496e-16    1.0135e-16
2347.33838    2.8527e-16    2.6461e-16    3.4606e-16
2351.91064    5.3659e-17    5.9959e-17    3.5122e-17
2356.49170    7.9492e-17    8.7266e-17    5.6616e-17
2361.08154    3.7505e-16    3.4940e-16    4.5055e-16
2365.68066    2.1986e-16    2.2412e-16    2.0732e-16
2370.28833    1.8032e-16    1.6870e-16    2.1452e-16
2374.90527    1.4321e-16    1.4523e-16    1.3729e-16
2379.53101    1.5864e-16    1.5320e-16    1.7465e-16
2384.16602    2.1087e-16    2.1454e-16    2.0008e-16
2388.80981    2.0489e-16    1.9698e-16    2.2816e-16
2393.46289    3.3565e-16    3.0813e-16    4.1664e-16
2398.12476    1.9366e-16    1.8324e-16    2.2433e-16
2402.79590    2.6448e-16    2.5287e-16    2.9863e-16
2407.47607    1.6587e-16    1.5921e-16    1.8545e-16
2412.16528    3.7537e-16    3.4741e-16    4.5764e-16
2416.86377    9.4445e-17    9.6202e-17    8.9274e-17
2421.57129    5.3883e-17    5.8379e-17    4.0654e-17
2426.28809    1.3126e-16    1.3770e-16    1.1230e-16
2431.01392    1.8810e-16    1.9431e-16    1.6981e-16
2435.74902    1.9023e-16    1.9813e-16    1.6697e-16
2440.49365    7.1223e-17    6.9718e-17    7.5651e-17
2445.24707    1.3915e-16    1.4477e-16    1.2260e-16
2450.01001    9.1738e-17    9.8704e-17    7.1237e-17
2454.78223    1.1055e-16    1.1846e-16    8.7293e-17
2459.56348    1.5460e-16    1.5393e-16    1.5658e-16
2464.35425    2.0754e-16    1.9983e-16    2.3024e-16
2469.15430    1.6243e-16    1.6712e-16    1.4860e-16
2473.96387    1.0620e-16    1.1479e-16    8.0921e-17
2478.78271    9.0951e-17    9.9217e-17    6.6629e-17
2483.61084    8.4044e-17    8.8856e-17    6.9885e-17
2488.44849    1.3364e-16    1.3463e-16    1.3073e-16
2493.29541    1.0027e-16    1.0145e-16    9.6806e-17
2498.15186    9.2250e-17    9.3569e-17    8.8370e-17
2503.01782    9.2281e-17    9.5006e-17    8.4264e-17
2507.89307    1.2056e-16    1.3040e-16    9.1605e-17
2512.77808    1.3690e-16    1.4188e-16    1.2226e-16
2517.67236    1.0802e-16    1.1163e-16    9.7415e-17
2522.57642    8.9552e-17    9.4398e-17    7.5294e-17
2527.48975    1.9667e-16    1.9973e-16    1.8767e-16
2532.41309    4.9588e-17    5.1562e-17    4.3779e-17
2537.34570    1.6095e-16    1.6908e-16    1.3702e-16
2542.28760    1.0440e-16    1.0415e-16    1.0515e-16
2547.23975    1.4415e-16    1.4386e-16    1.4502e-16
2552.20117    9.5606e-17    9.8901e-17    8.5910e-17
2557.17236    6.0088e-17    6.4902e-17    4.5921e-17
2562.15332    2.3364e-16    2.1903e-16    2.7663e-16
2567.14404    1.0330e-16    1.0289e-16    1.0450e-16
2572.14404    7.5527e-17    7.5858e-17    7.4552e-17
2577.15430    7.6456e-17    7.4403e-17    8.2500e-17
2582.17383    9.5761e-17    9.3411e-17    1.0268e-16
2587.20361    8.1457e-17    9.0101e-17    5.6021e-17
2592.24292    8.0372e-17    7.8430e-17    8.6085e-17
2597.29199    2.3770e-16    2.2614e-16    2.7169e-16
2602.35107    3.9483e-17    4.1290e-17    3.4165e-17
2607.41992    2.4894e-16    2.3473e-16    2.9077e-16
2612.49854    3.7874e-16    3.4070e-16    4.9066e-16
2617.58740    1.1969e-16    1.0870e-16    1.5203e-16
2622.68604    1.5248e-16    1.4905e-16    1.6256e-16
2627.79443    3.3895e-16    3.1109e-16    4.2094e-16
2632.91284    3.4645e-16    3.1110e-16    4.5045e-16
2638.04126    4.2413e-17    4.1123e-17    4.6209e-17
2643.17969    5.7938e-17    5.6346e-17    6.2624e-17
2648.32812    4.0892e-17    3.8627e-17    4.7556e-17
2653.48633    4.8524e-17    4.8606e-17    4.8283e-17
2658.65479    2.7575e-17    2.6107e-17    3.1896e-17
2663.83350    3.6427e-17    3.5645e-17    3.8728e-17
2669.02197    5.8055e-17    5.9656e-17    5.3344e-17
2674.22070    1.5576e-17    1.4177e-17    1.9692e-17
2679.42969    4.2005e-17    4.2614e-17    4.0214e-17
2684.64868    5.8428e-17    6.1583e-17    4.9145e-17
2689.87793    1.3314e-17    1.3535e-17    1.2664e-17
2695.11719    9.6610e-17    9.5969e-17    9.8496e-17
2700.36670    2.8405e-17    2.9152e-17    2.6207e-17
2705.62646    4.5230e-17    4.6030e-17    4.2877e-17
2710.89648    8.1398e-17    8.1339e-17    8.1573e-17
2716.17676    2.1008e-16    1.9288e-16    2.6069e-16
2721.46729    4.3458e-17    4.6425e-17    3.4726e-17
2726.76831    1.7051e-16    1.5356e-16    2.2037e-16
2732.07959    1.0191e-16    9.7115e-17    1.1601e-16
2737.40112    2.1974e-16    1.9845e-16    2.8238e-16
2742.73291    9.8576e-17    9.0230e-17    1.2314e-16
2748.07520    4.1377e-16    3.7860e-16    5.1726e-16
2753.42798    2.6344e-16    2.4855e-16    3.0727e-16
2758.79102    3.4407e-17    3.3569e-17    3.6873e-17
2764.16479    1.2875e-16    1.2197e-16    1.4870e-16
2769.54883    1.7991e-16    1.6936e-16    2.1096e-16
2774.94336    1.6960e-16    1.5718e-16    2.0615e-16
2780.34863    4.6059e-17    4.6952e-17    4.3433e-17
2785.76416    6.6953e-17    7.1051e-17    5.4892e-17
2791.18994    3.9561e-17    4.3328e-17    2.8475e-17
2796.62695    3.1757e-17    3.6569e-17    1.7600e-17
2802.07422    3.3108e-17    3.5651e-17    2.5626e-17
2807.53198    4.0976e-17    4.4700e-17    3.0018e-17
2813.00049    2.2183e-17    2.3536e-17    1.8202e-17
2818.47949    3.2009e-17    3.5361e-17    2.2147e-17
2823.96948    4.7575e-17    5.2713e-17    3.2455e-17
2829.47021    7.8362e-17    7.8947e-17    7.6642e-17
2834.98145    7.9087e-17    8.0782e-17    7.4098e-17
2840.50342    8.1543e-17    8.8052e-17    6.2388e-17
2846.03613    8.9712e-17    1.0069e-16    5.7423e-17
2851.57959    5.6485e-17    5.8579e-17    5.0324e-17
2857.13379    8.1930e-17    8.8479e-17    6.2659e-17
2862.69922    4.5708e-17    5.0688e-17    3.1056e-17
2868.27490    6.4994e-17    6.9666e-17    5.1246e-17
2873.86182    3.3551e-17    3.4172e-17    3.1721e-17
2879.45947    3.6615e-17    3.7541e-17    3.3889e-17
2885.06836    6.0208e-17    6.0129e-17    6.0440e-17
2890.68774    5.7853e-17    5.7570e-17    5.8686e-17
2896.31860    3.8211e-17    3.9378e-17    3.4775e-17
2901.95972    2.5960e-17    2.6650e-17    2.3931e-17
2907.61230    3.1675e-17    3.1234e-17    3.2973e-17
2913.27563    1.0693e-17    9.6331e-18    1.3810e-17
2918.95020    3.6445e-17    3.7070e-17    3.4609e-17
2924.63574    2.8330e-17    2.8031e-17    2.9211e-17
2930.33228    9.4999e-18    9.3233e-18    1.0020e-17
2936.04004    2.0114e-17    1.8891e-17    2.3713e-17
2941.75903    5.3992e-17    4.9215e-17    6.8051e-17
2947.48877    5.9889e-17    5.6876e-17    6.8756e-17
2953.22998    2.7293e-17    2.5774e-17    3.1765e-17
2958.98242    2.8877e-17    2.8703e-17    2.9389e-17
2964.74585    6.4542e-17    6.0761e-17    7.5669e-17
2970.52075    4.6598e-17    4.5310e-17    5.0390e-17
2976.30664    2.0402e-17    2.0499e-17    2.0117e-17
2982.10376    1.1544e-16    1.0730e-16    1.3937e-16
2987.91187    5.6206e-17    5.0373e-17    7.3369e-17
2993.73218    1.2610e-17    1.1351e-17    1.6314e-17
2999.56348    2.5175e-17    2.5560e-17    2.4044e-17
3005.40601    4.7419e-17    4.2666e-17    6.1404e-17
3011.25977    2.3409e-17    2.1785e-17    2.8190e-17
3017.12500    2.1621e-17    2.0622e-17    2.4562e-17
3023.00195    1.5180e-17    1.3592e-17    1.9854e-17
3028.89014    1.8369e-17    1.7152e-17    2.1952e-17
3034.79004    2.3158e-17    2.3156e-17    2.3162e-17
3040.70117    1.6032e-17    1.4220e-17    2.1364e-17
3046.62402    3.7279e-17    3.8847e-17    3.2666e-17
3052.55811    1.4837e-17    1.4627e-17    1.5454e-17
3058.50391    7.8891e-18    7.2611e-18    9.7373e-18
3064.46143    1.7586e-17    1.7709e-17    1.7224e-17
3070.43018    2.9786e-17    3.0729e-17    2.7012e-17
3076.41064    4.5086e-17    4.8152e-17    3.6066e-17
3082.40332    1.2238e-17    1.1758e-17    1.3652e-17
3088.40698    6.4337e-18    6.6262e-18    5.8670e-18
3094.42261    1.1771e-17    1.2050e-17    1.0952e-17
3100.44971    8.0989e-18    7.7773e-18    9.0453e-18
3106.48901    2.1610e-17    1.9419e-17    2.8059e-17
3112.53979    1.4455e-17    1.3056e-17    1.8569e-17
3118.60229    1.0651e-17    9.6042e-18    1.3732e-17
3124.67676    1.4630e-18    1.0172e-18    2.7750e-18
3130.76318    1.3521e-17    1.2709e-17    1.5912e-17
3136.86133    7.2215e-18    6.0740e-18    1.0598e-17
3142.97119    1.4915e-17    1.4535e-17    1.6034e-17
3149.09302    7.8123e-18    7.6362e-18    8.3306e-18
3155.22681    6.0731e-18    5.9592e-18    6.4084e-18
3161.37256    6.5764e-17    6.6221e-17    6.4418e-17
3167.53027    4.5018e-17    4.2954e-17    5.1093e-17
3173.70020    2.7050e-19    1.8684e-19    5.1667e-19
3179.88184    3.1877e-17    3.3826e-17    2.6142e-17
3186.07568    7.1886e-17    6.8985e-17    8.0423e-17
3192.28149    8.4993e-17    8.0885e-17    9.7078e-17
3198.49951    4.2698e-17    3.8503e-17    5.5043e-17
3204.72949    9.2356e-18    8.8705e-18    1.0310e-17
3210.97168    6.8808e-17    6.4819e-17    8.0544e-17
3217.22607    1.2970e-18    8.9929e-19    2.4672e-18
3223.49268    1.3101e-17    1.1027e-17    1.9204e-17
3229.77148    5.0750e-17    4.8727e-17    5.6703e-17
3236.06226    1.8424e-17    1.8806e-17    1.7301e-17
3242.36572    1.3476e-17    1.3496e-17    1.3414e-17
3248.68115    3.7646e-17    3.9357e-17    3.2610e-17
3255.00879    2.4847e-17    2.5374e-17    2.3294e-17
3261.34912    2.3241e-17    2.3455e-17    2.2611e-17
3267.70093    2.0847e-17    1.9068e-17    2.6083e-17
3274.06616    4.3964e-18    3.3834e-18    7.3773e-18
3280.44336    2.2741e-17    2.1825e-17    2.5436e-17
3286.83301    2.8426e-17    2.7032e-17    3.2526e-17
3293.23535    1.8579e-17    1.7717e-17    2.1116e-17
3299.64990    2.4331e-17    2.3528e-17    2.6696e-17
3306.07690    1.8371e-17    1.8438e-17    1.8172e-17
3312.51660    2.4952e-17    2.3830e-17    2.8252e-17
3318.96875    1.0252e-17    9.4133e-18    1.2719e-17
3325.43359    1.6113e-17    1.5036e-17    1.9283e-17
3331.91064    3.4119e-18    2.4668e-18    6.1930e-18
3338.40063    1.6989e-17    1.6889e-17    1.7285e-17
3344.90332    2.3148e-18    1.8178e-18    3.7774e-18
3351.41846    1.1446e-18    8.1404e-19    2.1171e-18
3357.94629    1.8726e-17    1.7704e-17    2.1733e-17
3364.48682    3.0872e-17    2.9784e-17    3.4074e-17
3371.04004    2.9450e-17    3.0554e-17    2.6203e-17
3377.60645    4.1169e-18    4.0168e-18    4.4113e-18
3384.18481    1.5587e-17    1.4370e-17    1.9168e-17
3390.77686    1.8178e-17    1.7754e-17    1.9426e-17
3397.38159    7.5224e-18    6.1351e-18    1.1605e-17
3403.99902    3.4973e-18    2.4921e-18    6.4553e-18
3410.62915    4.8938e-18    4.9879e-18    4.6170e-18
3417.27271    1.8823e-17    1.6943e-17    2.4355e-17
3423.92847    9.7597e-18    7.4557e-18    1.6540e-17
3430.59766    1.0753e-17    9.9716e-18    1.3051e-17
3437.27979    1.0646e-17    1.0945e-17    9.7677e-18
3443.97534    8.8148e-18    6.6863e-18    1.5078e-17
3450.68359    2.3751e-17    2.1107e-17    3.1532e-17
3457.40479    1.3876e-17    1.2397e-17    1.8227e-17
3464.13916    6.0685e-18    4.7193e-18    1.0039e-17
3470.88647    8.6042e-18    7.8407e-18    1.0851e-17
3477.64697    1.7740e-17    1.5333e-17    2.4821e-17
3484.42090    2.2540e-17    2.1454e-17    2.5734e-17
3491.20776    1.1045e-17    9.9204e-18    1.4355e-17
3498.00781    1.8133e-17    1.5996e-17    2.4423e-17
3504.82129    9.8600e-18    8.0000e-18    1.5333e-17
3511.64771    2.6640e-18    1.9382e-18    4.7994e-18
3518.48804    1.1993e-17    9.4345e-18    1.9524e-17
3525.34131    1.7008e-17    1.4949e-17    2.3065e-17
3532.20776    7.3175e-18    5.8579e-18    1.1613e-17
3539.08813    9.7660e-18    8.4133e-18    1.3746e-17
3545.98145    4.5673e-18    3.3044e-18    8.2834e-18
3552.88818    9.7833e-18    8.4642e-18    1.3665e-17
3559.80884    1.0645e-17    8.6616e-18    1.6482e-17
3566.74292    9.2492e-18    7.9568e-18    1.3052e-17
3573.68994    1.1559e-18    8.2855e-19    2.1191e-18
3580.65112    8.1602e-19    5.7992e-19    1.5108e-18
3587.62500    9.0569e-18    6.8704e-18    1.5491e-17
3594.61304    5.9684e-19    4.1183e-19    1.1413e-18
3601.61499    3.1221e-18    2.2705e-18    5.6277e-18
3608.63013    1.7937e-18    1.2714e-18    3.3305e-18
3615.65894    3.7329e-18    3.0289e-18    5.8046e-18
3622.70166    1.3795e-17    1.4178e-17    1.2667e-17
3629.75806    8.8658e-19    6.5260e-19    1.5751e-18
3636.82837    4.1650e-18    3.6366e-18    5.7197e-18
3643.91138    6.5858e-18    6.9985e-18    5.3714e-18
3651.00928    3.9537e-19    2.7811e-19    7.4042e-19
3658.12085    1.0663e-17    1.0386e-17    1.1480e-17
3665.24609    2.7857e-19    1.9294e-19    5.3053e-19
3672.38525    2.8065e-19    1.9187e-19    5.4190e-19
3679.53857    1.0648e-18    6.9269e-19    2.1599e-18
3686.70557    6.6223e-19    4.7655e-19    1.2086e-18
3693.88647    1.0624e-18    7.3482e-19    2.0262e-18
3701.08154    3.6443e-18    2.6079e-18    6.6941e-18
3708.29053    1.2076e-18    8.2222e-19    2.3415e-18
3715.51343    1.3099e-18    8.9409e-19    2.5333e-18
3722.75049    5.1427e-18    3.8338e-18    8.9942e-18
3730.00171    5.0030e-18    4.6080e-18    6.1651e-18
3737.26709    3.0455e-19    2.1461e-19    5.6921e-19
3744.54639    5.5128e-18    3.9780e-18    1.0029e-17
3751.84009    5.5999e-18    5.8733e-18    4.7954e-18
3759.14795    9.3542e-18    8.7512e-18    1.1128e-17
3766.47021    1.1707e-17    1.1441e-17    1.2491e-17
3773.80664    9.5259e-20    6.5473e-20    1.8291e-19
3781.15723    1.2653e-17    1.0895e-17    1.7827e-17
3788.52197    3.1841e-18    2.3937e-18    5.5099e-18
3795.90137    3.0569e-18    2.4255e-18    4.9148e-18
3803.29492    8.1270e-19    5.5609e-19    1.5678e-18
3810.70312    6.4095e-18    5.4061e-18    9.3618e-18
3818.12549    3.8144e-19    2.6766e-19    7.1627e-19
3825.56250    1.5017e-17    1.4335e-17    1.7025e-17
3833.01416    2.1747e-18    1.5280e-18    4.0775e-18
3840.47998    3.8818e-19    2.6769e-19    7.4275e-19
3847.96045    3.7498e-18    3.3929e-18    4.8002e-18
3855.45557    3.4628e-19    2.3698e-19    6.6789e-19
3862.96533    7.7286e-19    5.3284e-19    1.4791e-18
3870.48950    5.6533e-18    5.5631e-18    5.9186e-18
3878.02832    2.7862e-19    1.9046e-19    5.3802e-19
3885.58203    2.4149e-19    1.6505e-19    4.6641e-19
3893.15039    4.1421e-18    3.2180e-18    6.8615e-18
3900.73340    1.1861e-18    8.2664e-19    2.2439e-18
3908.33154    1.0991e-17    9.3249e-18    1.5895e-17
3915.94409    6.5122e-18    5.0770e-18    1.0735e-17
3923.57153    3.7967e-18    3.1317e-18    5.7536e-18
3931.21387    6.3780e-18    5.3995e-18    9.2573e-18
3938.87109    1.4398e-17    1.2888e-17    1.8841e-17
3946.54346    4.6991e-18    3.9439e-18    6.9215e-18
3954.23047    1.5159e-18    1.0492e-18    2.8895e-18
3961.93262    7.8682e-18    6.0816e-18    1.3125e-17
3969.64941    6.6672e-18    5.6801e-18    9.5720e-18
3977.38159    7.8115e-18    7.2393e-18    9.4950e-18
3985.12866    5.0755e-18    3.7518e-18    8.9705e-18
3992.89111    7.4710e-18    5.9937e-18    1.1818e-17
4000.66846    1.1632e-17    1.0376e-17    1.5330e-17
4008.46094    2.0135e-18    1.4840e-18    3.5716e-18
4016.26880    1.6169e-18    1.1252e-18    3.0638e-18
4024.09155    4.2420e-18    3.9561e-18    5.0831e-18
4031.92969    1.3489e-18    9.4800e-19    2.5286e-18
4039.78320    4.7858e-19    3.2952e-19    9.1719e-19
4047.65186    6.3106e-19    4.3515e-19    1.2076e-18
4055.53589    2.5366e-18    1.8242e-18    4.6328e-18
4063.43506    6.2583e-18    5.1368e-18    9.5584e-18
4071.35010    2.4209e-18    1.6992e-18    4.5443e-18
4079.28027    6.4649e-18    4.6600e-18    1.1776e-17
4087.22607    3.7964e-18    2.7702e-18    6.8160e-18
4095.18701    1.5791e-18    1.0943e-18    3.0055e-18
4103.16357    1.5049e-18    1.0431e-18    2.8640e-18
4111.15576    4.0721e-18    3.2425e-18    6.5133e-18
4119.16357    7.5245e-18    6.2257e-18    1.1346e-17
4127.18652    8.1697e-18    6.8419e-18    1.2077e-17
4135.22559    3.4581e-18    2.6460e-18    5.8478e-18
4143.28027    1.4627e-18    9.7289e-19    2.9039e-18
4151.35059    1.6840e-18    1.1689e-18    3.1995e-18
4159.43652    3.2863e-18    2.3373e-18    6.0788e-18
4167.53857    1.5719e-18    1.0798e-18    3.0200e-18
4175.65625    2.3672e-17    2.1472e-17    3.0147e-17
4183.78906    4.6779e-18    3.3755e-18    8.5104e-18
4191.93848    2.3323e-19    1.5878e-19    4.5231e-19
4200.10352    1.3131e-18    9.0432e-19    2.5161e-18
4208.28418    1.7641e-18    1.2146e-18    3.3812e-18
4216.48145    6.9509e-19    4.7955e-19    1.3293e-18
4224.69434    5.8028e-19    3.9525e-19    1.1247e-18
4232.92334    1.5223e-17    1.4111e-17    1.8497e-17
4241.16846    1.6361e-18    1.1237e-18    3.1437e-18
4249.42920    5.1792e-18    4.7687e-18    6.3871e-18
4257.70605    8.9435e-18    7.2930e-18    1.3800e-17
4265.99902    6.0602e-19    4.1600e-19    1.1652e-18
4274.30859    9.4972e-18    8.1896e-18    1.3345e-17
4282.63428    6.2350e-19    4.2659e-19    1.2029e-18
4290.97607    3.6195e-18    3.1826e-18    4.9049e-18
4299.33398    1.7497e-17    1.6094e-17    2.1626e-17
4307.70801    3.4148e-19    2.3207e-19    6.6342e-19
4316.09863    6.9628e-18    5.9114e-18    1.0057e-17
4324.50586    4.0136e-18    2.8748e-18    7.3648e-18
4332.92920    7.3605e-18    7.1607e-18    7.9484e-18
4341.36914    7.9458e-18    6.7947e-18    1.1333e-17
4349.82520    1.0490e-17    9.9125e-18    1.2188e-17
4358.29785    7.8814e-18    5.7676e-18    1.4101e-17
4366.78662    4.4878e-18    3.5957e-18    7.1132e-18
4375.29199    1.2521e-17    1.1534e-17    1.5426e-17
4383.81445    1.4541e-17    1.3158e-17    1.8610e-17
4392.35352    3.3980e-19    2.3209e-19    6.5676e-19
4400.90869    7.4473e-18    6.6830e-18    9.6965e-18
4409.48047    8.0254e-18    7.7654e-18    8.7906e-18
4418.06934    7.9022e-18    7.4618e-18    9.1980e-18
4426.67480    6.1732e-19    4.2472e-19    1.1841e-18
4435.29736    5.2993e-18    4.2912e-18    8.2655e-18
4443.93652    2.0732e-18    1.4347e-18    3.9520e-18
4452.59277    7.0432e-18    5.2016e-18    1.2463e-17
4461.26562    2.9234e-18    2.1229e-18    5.2789e-18
4469.95508    8.5738e-18    7.4669e-18    1.1831e-17
4478.66162    1.3021e-18    9.1240e-19    2.4488e-18
4487.38477    1.2178e-17    1.1634e-17    1.3778e-17
4496.12549    7.1782e-19    5.1008e-19    1.3291e-18
4504.88281    9.0584e-18    8.5352e-18    1.0598e-17
4513.65771    6.7280e-18    6.0158e-18    8.8238e-18
4522.44922    1.9061e-17    1.7685e-17    2.3109e-17
4531.25830    5.4715e-18    4.6343e-18    7.9350e-18
4540.08447    7.4279e-18    7.1039e-18    8.3814e-18
4548.92773    1.0489e-17    9.8625e-18    1.2333e-17
4557.78809    6.2942e-18    5.9541e-18    7.2948e-18
4566.66602    3.6114e-19    2.4581e-19    7.0053e-19
4575.56055    1.1104e-17    9.9563e-18    1.4481e-17
4584.47314    2.0212e-17    1.7918e-17    2.6959e-17
4593.40283    1.0174e-17    8.2049e-18    1.5970e-17
4602.34961    2.8433e-18    2.0288e-18    5.2404e-18
4611.31445    1.3675e-18    9.6037e-19    2.5655e-18
4620.29590    8.1993e-18    7.7863e-18    9.4144e-18
4629.29590    9.7648e-18    8.8409e-18    1.2483e-17
4638.31250    1.6666e-18    1.2067e-18    3.0199e-18
4647.34668    5.9774e-18    5.0786e-18    8.6222e-18
4656.39941    1.9737e-18    1.4080e-18    3.6383e-18
4665.46875    6.8703e-18    5.8421e-18    9.8960e-18
4674.55664    2.5613e-18    1.8550e-18    4.6397e-18
4683.66113    9.7184e-20    6.5747e-20    1.8969e-19
4692.78418    1.3663e-19    9.2529e-20    2.6640e-19
4701.92480    7.9721e-20    5.3915e-20    1.5566e-19
4711.08301    4.0042e-19    1.4004e-19    1.1666e-18
4720.25977    1.4112e-18    9.9615e-19    2.6327e-18
4729.45361    4.1021e-18    3.1234e-18    6.9820e-18
4738.66602    1.8223e-18    1.2744e-18    3.4346e-18
4747.89551    2.9226e-19    1.9785e-19    5.7009e-19
4757.14355    1.1724e-18    8.1348e-19    2.2286e-18
4766.41016    5.0982e-20    3.4512e-20    9.9447e-20
4775.69385    4.7986e-19    3.3282e-19    9.1254e-19
4784.99609    1.5687e-20    1.0617e-20    3.0605e-20
4794.31641    2.2516e-19    1.5353e-19    4.3593e-19
4803.65430    8.2057e-20    5.5453e-20    1.6034e-19
4813.01074    1.4482e-18    1.0122e-18    2.7309e-18
4822.38574    3.4612e-18    2.4871e-18    6.3276e-18
4831.77930    4.7340e-18    3.4147e-18    8.6162e-18
4841.19043    4.0804e-18    2.9617e-18    7.3721e-18
4850.62012    1.2791e-18    8.8802e-19    2.4297e-18
4860.06836    7.8829e-19    5.4185e-19    1.5134e-18
4869.53467    5.5965e-18    3.9883e-18    1.0329e-17
4879.01953    6.8258e-19    4.6283e-19    1.3292e-18
4888.52295    1.7423e-18    1.1955e-18    3.3513e-18
4898.04492    2.7231e-18    1.9151e-18    5.1006e-18
4907.58545    8.2974e-19    5.6831e-19    1.5990e-18
4917.14453    7.8959e-20    5.3292e-20    1.5449e-19
4926.72168    1.4391e-17    1.3146e-17    1.8058e-17
4936.31836    1.6379e-19    1.1074e-19    3.1990e-19
4945.93311    6.5507e-19    4.4531e-19    1.2723e-18
4955.56689    1.8475e-18    1.2944e-18    3.4751e-18
4965.21973    1.6112e-19    1.0930e-19    3.1361e-19
4974.89062    1.9172e-18    1.3401e-18    3.6154e-18
4984.58105    5.9805e-19    4.1575e-19    1.1345e-18
4994.29004    3.3104e-18    2.3541e-18    6.1243e-18
5004.01758    1.6357e-18    1.1187e-18    3.1568e-18
5013.76465    1.6872e-17    1.5073e-17    2.2165e-17
5023.53027    1.7245e-18    1.2458e-18    3.1330e-18
5033.31543    2.0352e-19    1.3749e-19    3.9781e-19
5043.11914    1.4671e-18    1.0010e-18    2.8386e-18
5052.94238    2.6215e-19    1.7726e-19    5.1192e-19
5062.78418    1.8937e-18    1.3298e-18    3.5530e-18
5072.64551    1.6379e-18    1.1301e-18    3.1321e-18
5082.52637    8.5108e-19    5.8882e-19    1.6228e-18
5092.42578    8.2618e-19    5.6735e-19    1.5878e-18
5102.34473    4.5867e-18    3.8542e-18    6.7421e-18
5112.28320    2.9104e-19    1.9693e-19    5.6798e-19
5122.24121    1.5959e-18    1.1024e-18    3.0482e-18
5132.21777    5.4858e-18    4.0163e-18    9.8100e-18
5142.21484    2.0955e-18    1.5134e-18    3.8084e-18
5152.23047    2.8126e-18    1.9891e-18    5.2360e-18
5162.26660    4.7936e-18    3.6359e-18    8.2003e-18
5172.32129    2.0168e-17    1.7519e-17    2.7966e-17
5182.39648    9.4780e-19    6.4408e-19    1.8415e-18
5192.49023    1.2941e-18    9.3405e-19    2.3536e-18
5202.60449    7.4304e-18    7.1281e-18    8.3198e-18
5212.73779    1.7670e-19    1.1943e-19    3.4524e-19
5222.89160    1.5942e-18    1.1106e-18    3.0171e-18
5233.06445    8.4509e-18    7.9449e-18    9.9400e-18
5243.25781    9.7426e-19    6.6849e-19    1.8740e-18
5253.47021    8.0458e-18    6.8132e-18    1.1673e-17
5263.70312    4.6574e-18    3.7868e-18    7.2191e-18
5273.95557    1.3740e-17    1.2470e-17    1.7477e-17
5284.22852    8.7102e-18    8.0575e-18    1.0631e-17
5294.52100    8.4794e-19    5.9804e-19    1.5833e-18
5304.83398    3.5152e-19    2.4066e-19    6.7773e-19
5315.16650    1.5787e-17    1.4284e-17    2.0209e-17
5325.51953    5.3737e-18    4.7981e-18    7.0676e-18
5335.89258    3.0185e-18    2.2138e-18    5.3866e-18
5346.28564    1.7449e-18    1.2418e-18    3.2252e-18
5356.69922    5.3590e-19    3.6808e-19    1.0297e-18
5367.13281    4.9075e-18    4.3283e-18    6.6117e-18
5377.58691    5.2814e-19    3.5771e-19    1.0297e-18
5388.06152    9.0073e-20    6.0964e-20    1.7573e-19
5398.55664    7.7872e-19    5.3483e-19    1.4964e-18
5409.07178    3.1021e-18    2.2754e-18    5.5346e-18
5419.60742    1.3991e-19    9.4749e-20    2.7279e-19
5430.16406    8.8265e-18    7.2994e-18    1.3320e-17
5440.74121    1.8292e-18    1.2666e-18    3.4847e-18
5451.33887    2.0225e-18    1.4767e-18    3.6285e-18
5461.95703    1.2719e-18    9.1374e-19    2.3259e-18
5472.59570    1.6658e-18    1.1584e-18    3.1589e-18
5483.25488    6.9346e-19    4.7842e-19    1.3262e-18
5493.93555    7.6960e-19    5.2241e-19    1.4970e-18
5504.63672    1.4267e-18    1.0416e-18    2.5597e-18
5515.35840    5.4557e-19    3.7681e-19    1.0422e-18
5526.10156    2.9807e-18    2.2483e-18    5.1359e-18
5536.86523    3.1876e-18    2.3216e-18    5.7359e-18
5547.64941    1.7880e-18    1.2426e-18    3.3928e-18
5558.45557    6.1745e-20    4.1572e-20    1.2111e-19
5569.28271    2.6517e-18    1.9639e-18    4.6759e-18
5580.12988    2.6897e-19    1.8706e-19    5.1001e-19
5590.99902    2.1937e-18    1.5917e-18    3.9651e-18
5601.88965    1.3436e-19    9.0714e-20    2.6277e-19
5612.80078    2.5913e-19    1.7488e-19    5.0702e-19
5623.73340    4.5493e-18    3.3317e-18    8.1319e-18
5634.68750    1.5156e-19    1.0223e-19    2.9671e-19
5645.66211    3.0705e-19    2.0884e-19    5.9606e-19
5656.65918    3.0880e-18    2.3032e-18    5.3972e-18
5667.67676    1.3171e-18    9.0557e-19    2.5281e-18
5678.71680    1.5565e-19    1.0504e-19    3.0457e-19
5689.77734    2.1092e-18    1.4773e-18    3.9684e-18
5700.86035    1.9216e-19    1.2927e-19    3.7720e-19
5711.96484    3.7721e-19    2.5696e-19    7.3106e-19
5723.09033    2.1213e-18    1.4810e-18    4.0053e-18
5734.23779    1.7313e-18    1.1994e-18    3.2965e-18
5745.40723    7.2930e-19    5.0354e-19    1.3936e-18
5756.59766    3.4953e-19    2.3545e-19    6.8524e-19
5767.81104    1.3432e-19    9.0577e-20    2.6304e-19
5779.04492    5.2371e-19    3.5613e-19    1.0168e-18
5790.30176    7.7668e-19    5.3302e-19    1.4937e-18
5801.58008    4.0413e-19    2.7361e-19    7.8819e-19
5812.88037    2.6880e-18    2.1171e-18    4.3680e-18
5824.20264    1.1948e-18    8.2752e-19    2.2757e-18
5835.54688    2.3735e-18    1.8060e-18    4.0432e-18
5846.91357    7.3177e-20    4.9161e-20    1.4384e-19
5858.30225    6.1871e-19    4.1983e-19    1.2039e-18
5869.71289    4.0978e-19    2.7484e-19    8.0687e-19
5881.14600    4.0065e-20    2.6874e-20    7.8880e-20
5892.60156    8.1179e-19    5.7237e-19    1.5163e-18
5904.07910    9.8746e-19    6.9592e-19    1.8453e-18
5915.57910    2.7504e-18    2.1368e-18    4.5559e-18
5927.10156    1.8420e-18    1.2811e-18    3.4927e-18
5938.64648    9.9856e-20    6.7158e-20    1.9607e-19
5950.21387    2.7944e-18    2.2201e-18    4.4845e-18
5961.80371    7.8929e-19    5.3530e-19    1.5367e-18
5973.41602    9.9183e-19    6.8815e-19    1.8855e-18
5985.05127    7.8189e-19    5.5430e-19    1.4516e-18
5996.70850    3.1848e-18    2.3713e-18    5.5788e-18
6008.38867    1.1371e-19    7.6678e-20    2.2268e-19
6020.09229    1.6179e-18    1.1358e-18    3.0366e-18
6031.81836    2.3854e-19    1.6021e-19    4.6902e-19
6043.56738    2.5945e-18    1.8115e-18    4.8984e-18
6055.33887    2.4243e-18    1.8519e-18    4.1087e-18
6067.13428    1.1681e-18    8.1435e-19    2.2089e-18
6078.95117    4.1265e-18    3.0078e-18    7.4187e-18
6090.79150    6.4300e-19    4.5640e-19    1.1921e-18
6102.65527    2.1736e-18    1.5431e-18    4.0286e-18
6114.54199    3.0097e-18    2.1052e-18    5.6712e-18
6126.45215    1.0212e-18    7.0133e-19    1.9624e-18
6138.38525    4.0850e-19    2.7731e-19    7.9454e-19
6150.34131    8.4181e-18    7.3821e-18    1.1467e-17
6162.32178    8.4232e-19    5.8186e-19    1.6087e-18
6174.32422    6.0487e-18    4.5154e-18    1.0561e-17
6186.35059    1.6184e-18    1.1480e-18    3.0024e-18
6198.40088    8.8797e-19    6.1274e-19    1.6979e-18
6210.47314    1.4064e-19    9.4837e-20    2.7542e-19
6222.57031    7.5138e-19    5.2287e-19    1.4238e-18
6234.69043    9.9460e-18    8.0508e-18    1.5523e-17
6246.83496    6.7987e-18    5.7912e-18    9.7634e-18
6259.00195    5.5179e-19    3.7793e-19    1.0634e-18
6271.19385    4.1387e-19    2.8244e-19    8.0060e-19
6283.40869    2.5704e-19    1.7393e-19    5.0160e-19
6295.64795    1.1106e-18    8.0547e-19    2.0086e-18
6307.91016    3.0337e-18    2.2045e-18    5.4737e-18
6320.19678    4.4253e-18    3.8785e-18    6.0342e-18
6332.50781    1.7707e-18    1.2772e-18    3.2230e-18
6344.84180    2.0328e-18    1.4210e-18    3.8333e-18
6357.20020    1.6432e-19    1.1023e-19    3.2348e-19
6369.58252    5.0364e-18    3.7642e-18    8.7800e-18
6381.98926    4.7677e-18    3.8787e-18    7.3836e-18
6394.42041    1.5259e-19    1.0254e-19    2.9985e-19
6406.87549    2.6644e-18    1.9636e-18    4.7266e-18
6419.35449    3.6610e-18    3.1707e-18    5.1040e-18
6431.85840    3.6406e-18    2.7719e-18    6.1967e-18
6444.38672    2.6391e-18    1.9291e-18    4.7282e-18
6456.93896    6.0843e-18    5.3464e-18    8.2555e-18
6469.51514    9.7787e-19    6.7610e-19    1.8658e-18
6482.11719    3.2086e-18    2.3335e-18    5.7839e-18
6494.74268    4.1365e-18    3.1632e-18    7.0002e-18
6507.39355    2.1313e-18    1.5413e-18    3.8675e-18
6520.06836    4.5463e-18    3.5455e-18    7.4912e-18
6532.76855    1.3841e-18    9.4858e-19    2.6655e-18
6545.49316    2.0454e-20    1.3705e-20    4.0314e-20
6558.24268    6.3436e-19    3.8649e-19    1.3638e-18
6571.01611    3.0314e-18    2.1445e-18    5.6412e-18
6583.81543    1.6499e-18    1.2220e-18    2.9090e-18
6596.63965    5.7585e-19    3.9249e-19    1.1154e-18
6609.48828    1.7753e-18    1.2051e-18    3.4531e-18
6622.36230    2.6764e-18    1.8730e-18    5.0403e-18
6635.26172    1.2354e-20    8.2770e-21    2.4350e-20
6648.18506    1.8786e-18    1.3798e-18    3.3467e-18
6661.13525    1.0048e-18    6.8007e-19    1.9603e-18
6674.10986    6.2062e-19    4.2263e-19    1.2032e-18
6687.10938    1.3501e-18    9.2332e-19    2.6058e-18
6700.13428    1.6067e-19    1.0865e-19    3.1374e-19
6713.18506    1.6502e-19    1.1150e-19    3.2253e-19
6726.26123    5.3542e-19    3.6919e-19    1.0246e-18
6739.36279    6.2478e-21    4.1864e-21    1.2314e-20
6752.48926    5.8586e-20    3.9271e-20    1.1542e-19
6765.64258    6.7784e-19    4.7101e-19    1.2865e-18
6778.82031    3.0597e-20    2.0552e-20    6.0156e-20
6792.02441    1.4314e-19    9.6065e-20    2.8167e-19
6805.25439    2.4711e-19    1.6782e-19    4.8044e-19
6818.50928    5.6603e-19    3.8286e-19    1.1050e-18
6831.78955    6.2941e-19    4.2565e-19    1.2290e-18
6845.09717    1.8074e-20    1.2112e-20    3.5619e-20
6858.43018    1.3326e-18    9.1859e-19    2.5507e-18
6871.78906    1.1219e-18    7.6328e-19    2.1772e-18
6885.17432    1.3465e-19    9.0757e-20    2.6379e-19
6898.58447    1.0983e-20    7.3641e-21    2.1632e-20
6912.02246    1.6532e-18    1.1212e-18    3.2189e-18
6925.48486    3.5960e-19    2.4349e-19    7.0129e-19
6938.97412    5.1261e-20    3.4358e-20    1.0100e-19
6952.49023    5.3623e-19    3.6419e-19    1.0425e-18
6966.03271    2.0892e-19    1.4096e-19    4.0889e-19
6979.60059    1.6347e-19    1.1094e-19    3.1804e-19
6993.19629    2.3282e-19    1.5819e-19    4.5245e-19
