1000.00   2.2344e-15
1002.00   1.1191e-15
1004.00   1.1118e-15
1006.00   7.4981e-16
1008.00   4.0026e-16
1010.00   6.6487e-16
1012.00   2.5424e-16
1014.00   8.4836e-16
1016.00   5.7713e-16
1018.00   2.9183e-16
1020.00   7.1180e-16
1022.00   5.5154e-16
1024.00   2.5916e-17
1026.00   4.4472e-18
1028.00   1.8250e-16
1030.00   5.1482e-15
1032.00   6.0886e-15
1034.00   2.7673e-15
1036.00   1.7426e-15
1038.00   4.6096e-17
1040.00   1.2920e-17
1042.00   9.5626e-17
1044.00   6.1040e-16
1046.00   9.4206e-16
1048.00   1.0246e-17
1050.00   6.1136e-16
1052.00   2.8053e-16
1054.00   4.3774e-16
1056.00   5.8654e-15
1058.00   1.8927e-15
1060.00   7.6133e-15
1062.00   1.5225e-15
1064.00   1.5764e-14
1066.00   3.0861e-15
1068.00   1.9484e-14
1070.00   8.0812e-15
1072.00   1.0057e-14
1074.00   1.8297e-14
1076.00   1.8901e-14
1078.00   1.0089e-15
1080.00   8.6316e-16
1082.00   8.5763e-15
1084.00   6.8637e-15
1086.00   1.1562e-15
1088.00   9.7500e-15
1090.00   8.9570e-15
1092.00   3.1967e-15
1094.00   1.7293e-14
1096.00   3.3655e-15
1098.00   1.3585e-14
1100.00   2.0278e-14
1102.00   4.8024e-15
1104.00   1.8416e-15
1106.00   7.8060e-15
1108.00   4.6654e-15
1110.00   3.6853e-15
1112.00   9.1907e-15
1114.00   5.0217e-15
1116.00   4.8768e-15
1118.00   5.3357e-16
1120.00   1.4586e-15
1122.00   1.4659e-14
1124.00   7.1518e-15
1126.00   1.3620e-14
1128.00   1.4745e-14
1130.00   1.1126e-14
1132.00   8.9605e-15
1134.00   1.2391e-14
1136.00   4.7010e-15
1138.00   8.8297e-15
1140.00   6.4418e-15
1142.00   1.1011e-14
1144.00   2.8067e-14
1146.00   1.1819e-14
1148.00   3.2205e-14
1150.00   2.3007e-14
1152.00   1.4503e-14
1154.00   1.6513e-14
1156.00   1.8954e-15
1158.00   6.1132e-15
1160.00   1.2474e-14
1162.00   3.4725e-15
1164.00   2.3749e-15
1166.00   3.5790e-15
1168.00   3.2399e-15
1170.00   7.8062e-15
1172.00   6.2846e-15
1174.00   7.2203e-15
1176.00   6.2598e-15
1178.00   1.6926e-15
1180.00   1.4406e-16
1182.00   3.3599e-15
1184.00   5.8613e-15
1186.00   2.1799e-15
1188.00   6.2465e-15
1190.00   4.5374e-16
1192.00   3.5310e-15
1194.00   2.6905e-16
1196.00   9.3259e-16
1198.00   7.3102e-15
1200.00   1.4921e-14
1202.00   4.0026e-15
1204.00   5.4302e-15
1206.00   1.4948e-15
1208.00   3.5902e-14
1210.00   2.1815e-14
1212.00   2.7214e-14
1214.00   2.7940e-14
1216.00   4.3945e-16
1218.00   8.9795e-14
1220.00   3.6326e-14
1222.00   2.2453e-15
1224.00   6.3833e-15
1226.00   7.5119e-16
1228.00   1.7579e-15
1230.00   3.1254e-16
1232.00   1.6387e-15
1234.00   3.4563e-15
1236.00   1.9114e-15
1238.00   3.0763e-15
1240.00   2.3545e-15
1242.00   2.4654e-15
1244.00   1.5201e-15
1246.00   7.7594e-16
1248.00   2.4955e-15
1250.00   4.8750e-16
1252.00   1.6725e-15
1254.00   4.9363e-16
1256.00   4.0360e-15
1258.00   5.6748e-15
1260.00   3.5788e-16
1262.00   3.1664e-15
1264.00   7.1408e-15
1266.00   3.5201e-14
1268.00   2.5925e-15
1270.00   3.4174e-15
1272.00   4.4719e-15
1274.00   2.5674e-15
1276.00   3.2381e-15
1278.00   2.0482e-15
1280.00   4.2313e-15
1282.00   1.2918e-15
1284.00   1.6071e-15
1286.00   2.4544e-15
1288.00   1.0013e-14
1290.00   1.4807e-14
1292.00   1.0325e-14
1294.00   1.3766e-14
1296.00   1.3538e-14
1298.00   2.6474e-15
1300.00   1.3360e-14
1302.00   3.4090e-16
1304.00   2.4245e-15
1306.00   6.3488e-16
1308.00   1.6652e-15
1310.00   3.2378e-16
1312.00   9.1780e-16
1314.00   3.6683e-15
1316.00   1.4999e-15
1318.00   3.5004e-15
1320.00   3.6368e-15
1322.00   5.6028e-15
1324.00   1.1838e-15
1326.00   1.1559e-15
1328.00   2.4794e-15
1330.00   4.4331e-15
1332.00   6.6552e-15
1334.00   2.7461e-16
1336.00   2.0923e-16
1338.00   1.0574e-15
1340.00   9.9777e-15
1342.00   1.6803e-15
1344.00   1.6406e-15
1346.00   3.0476e-15
1348.00   3.5183e-16
1350.00   3.6913e-15
1352.00   3.1118e-15
1354.00   4.1486e-15
1356.00   2.6507e-15
1358.00   1.5731e-15
1360.00   5.7716e-15
1362.00   9.5582e-15
1364.00   5.0885e-15
1366.00   1.0128e-14
1368.00   4.9954e-15
1370.00   2.5295e-15
1372.00   9.6826e-15
1374.00   1.1397e-14
1376.00   5.5687e-15
1378.00   9.6092e-15
1380.00   5.5531e-15
1382.00   6.0259e-15
1384.00   5.9824e-15
1386.00   3.2040e-15
1388.00   7.3146e-15
1390.00   1.2555e-15
1392.00   5.4393e-15
1394.00   4.3576e-15
1396.00   5.7840e-15
1398.00   4.8077e-15
1400.00   1.4359e-14
1402.00   1.7734e-14
1404.00   7.4915e-15
1406.00   2.4358e-15
1408.00   4.9149e-15
1410.00   7.6464e-15
1412.00   3.4613e-15
1414.00   3.5240e-15
1416.00   3.2257e-14
1418.00   1.0611e-14
1420.00   3.1969e-15
1422.00   4.3047e-15
1424.00   2.6135e-15
1426.00   7.4567e-16
1428.00   4.1092e-15
1430.00   6.2684e-15
1432.00   4.2621e-15
1434.00   8.9876e-16
1436.00   4.6178e-15
1438.00   2.6104e-14
1440.00   7.6206e-15
1442.00   4.8827e-15
1444.00   4.6824e-15
1446.00   2.3058e-15
1448.00   2.7035e-15
1450.00   2.8697e-15
1452.00   1.2313e-14
1454.00   1.0624e-14
1456.00   2.7972e-15
1458.00   1.6217e-15
1460.00   9.7503e-15
1462.00   1.6488e-15
1464.00   6.5179e-15
1466.00   7.1531e-15
1468.00   6.5746e-15
1470.00   7.4032e-16
1472.00   6.3532e-15
1474.00   1.7906e-14
1476.00   1.1405e-14
1478.00   6.7717e-15
1480.00   1.1726e-14
1482.00   8.4286e-16
1484.00   5.6629e-15
1486.00   1.8721e-15
1488.00   4.1158e-15
1490.00   5.4564e-15
1492.00   2.8553e-15
1494.00   4.2976e-16
1496.00   4.2265e-15
1498.00   3.2988e-16
1500.00   4.0696e-16
1502.00   3.1865e-15
1504.00   3.8040e-15
1506.00   7.8863e-15
1508.00   1.0828e-14
1510.00   7.2668e-16
1512.00   1.0060e-14
1514.00   1.8135e-15
1516.00   2.9231e-15
1518.00   2.4337e-16
1520.00   4.7235e-15
1522.00   7.9766e-16
1524.00   5.2765e-16
1526.00   5.5240e-16
1528.00   3.8738e-16
1530.00   1.0915e-16
1532.00   3.7385e-16
1534.00   4.8358e-15
1536.00   6.0422e-15
1538.00   2.0764e-15
1540.00   1.7931e-14
1542.00   1.9867e-15
1544.00   1.6477e-15
1546.00   2.2148e-15
1548.00   3.5317e-14
1550.00   1.4513e-15
1552.00   1.5985e-15
1554.00   1.4576e-15
1556.00   1.9809e-15
1558.00   2.8928e-16
1560.00   5.1547e-15
1562.00   7.2552e-16
1564.00   3.7438e-15
1566.00   9.3351e-16
1568.00   1.6861e-15
1570.00   5.0228e-15
1572.00   2.8178e-15
1574.00   5.0709e-15
1576.00   5.9851e-16
1578.00   5.0633e-15
1580.00   3.3352e-15
1582.00   8.5874e-16
1584.00   1.8773e-15
1586.00   1.2018e-15
1588.00   2.4189e-15
1590.00   1.8561e-16
1592.00   1.4284e-15
1594.00   2.8495e-15
1596.00   3.7071e-16
1598.00   8.7876e-16
1600.00   2.8217e-15
1602.00   1.1779e-15
1604.00   1.0112e-15
1606.00   1.6062e-15
1608.00   8.0952e-15
1610.00   1.0174e-15
1612.00   5.1611e-16
1614.00   2.1844e-15
1616.00   2.0668e-16
1618.00   7.1333e-15
1620.00   7.3458e-16
1622.00   8.4874e-15
1624.00   1.5558e-15
1626.00   4.1856e-15
1628.00   8.3551e-16
1630.00   9.1771e-15
1632.00   1.0029e-14
1634.00   7.2252e-15
1636.00   1.9574e-14
1638.00   4.2978e-15
1640.00   1.5385e-14
1642.00   8.1799e-15
1644.00   3.5560e-15
1646.00   8.7601e-15
1648.00   6.5425e-15
1650.00   1.1670e-14
1652.00   1.0455e-15
1654.00   3.8802e-15
1656.00   7.3306e-16
1658.00   1.8753e-15
1660.00   2.2424e-15
1662.00   6.8992e-16
1664.00   8.1341e-16
1666.00   2.0480e-16
1668.00   2.9033e-15
1670.00   2.4112e-15
1672.00   1.0823e-15
1674.00   5.3033e-15
1676.00   5.7694e-15
1678.00   6.1557e-16
1680.00   3.8177e-15
1682.00   3.9483e-15
1684.00   1.5823e-15
1686.00   1.7641e-15
1688.00   1.9660e-15
1690.00   4.0007e-15
1692.00   8.2361e-16
1694.00   2.9014e-15
1696.00   1.6458e-15
1698.00   3.2908e-15
1700.00   3.4855e-15
1702.00   4.6063e-15
1704.00   6.9894e-16
1706.00   7.3539e-16
1708.00   6.7458e-15
1710.00   4.2589e-15
1712.00   1.6682e-15
1714.00   2.8394e-15
1716.00   4.8252e-15
1718.00   2.2787e-15
1720.00   4.8540e-15
1722.00   2.1243e-15
1724.00   3.3464e-15
1726.00   3.8854e-15
1728.00   1.0574e-15
1730.00   1.5618e-16
1732.00   2.3015e-15
1734.00   9.3421e-16
1736.00   3.3649e-16
1738.00   9.0428e-16
1740.00   7.2469e-17
1742.00   7.5838e-16
1744.00   7.5803e-17
1746.00   2.2628e-15
1748.00   8.1769e-16
1750.00   2.6677e-15
1752.00   3.5272e-17
1754.00   2.1009e-17
1756.00   1.8734e-16
1758.00   3.6983e-16
1760.00   2.1665e-15
1762.00   4.0331e-15
1764.00   2.3583e-15
1766.00   7.4070e-16
1768.00   1.2870e-15
1770.00   2.4392e-15
1772.00   3.0449e-15
1774.00   1.3249e-15
1776.00   2.0691e-15
1778.00   2.2606e-15
1780.00   3.4595e-16
1782.00   4.3889e-15
1784.00   7.5469e-16
1786.00   3.3643e-14
1788.00   2.0655e-14
1790.00   1.2551e-15
1792.00   4.3680e-15
1794.00   2.9430e-15
1796.00   9.1103e-16
1798.00   7.7872e-15
1800.00   1.5025e-16
1802.00   1.8421e-16
1804.00   5.4770e-15
1806.00   3.6107e-15
1808.00   7.5749e-16
1810.00   3.5087e-15
1812.00   5.5718e-16
1814.00   4.5069e-16
1816.00   2.3888e-15
1818.00   2.4291e-15
1820.00   1.3570e-16
1822.00   1.5696e-15
1824.00   1.9106e-15
1826.00   1.8619e-15
1828.00   2.7526e-15
1830.00   1.6258e-15
1832.00   1.6022e-15
1834.00   1.9830e-15
1836.00   2.2544e-15
1838.00   4.0338e-18
1840.00   1.4859e-15
1842.00   6.5173e-16
1844.00   1.4981e-15
1846.00   1.4176e-15
1848.00   3.2112e-15
1850.00   2.7898e-16
1852.00   2.2427e-15
1854.00   3.1978e-16
1856.00   1.6926e-15
1858.00   1.8566e-16
1860.00   5.0632e-16
1862.00   1.5328e-15
1864.00   3.3518e-15
1866.00   6.9804e-16
1868.00   8.4430e-16
1870.00   7.3602e-16
1872.00   9.9552e-16
1874.00   1.1161e-15
1876.00   1.3889e-15
1878.00   3.2646e-15
1880.00   4.6877e-15
1882.00   6.7482e-16
1884.00   1.9007e-15
1886.00   8.1388e-16
1888.00   4.5911e-15
1890.00   1.1167e-15
1892.00   1.1894e-15
1894.00   4.5675e-16
1896.00   2.2646e-15
1898.00   9.1850e-16
1900.00   2.6457e-15
1902.00   4.7426e-15
1904.00   1.3707e-15
1906.00   2.0709e-16
1908.00   1.0688e-16
1910.00   2.3378e-15
1912.00   2.9403e-15
1914.00   1.0140e-16
1916.00   1.9113e-15
1918.00   4.8069e-15
1920.00   6.9621e-16
1922.00   8.5815e-16
1924.00   1.7403e-16
1926.00   6.5101e-15
1928.00   1.5144e-15
1930.00   9.9281e-16
1932.00   2.6983e-15
1934.00   3.5037e-16
1936.00   5.4416e-15
1938.00   1.2531e-16
1940.00   1.9041e-15
1942.00   5.0360e-16
1944.00   5.8443e-15
1946.00   1.0398e-15
1948.00   4.0733e-15
1950.00   2.1184e-16
1952.00   1.9164e-15
1954.00   1.5468e-15
1956.00   4.6032e-15
1958.00   1.0003e-14
1960.00   2.3971e-16
1962.00   2.8633e-15
1964.00   9.8123e-16
1966.00   5.0150e-15
1968.00   2.1346e-15
1970.00   4.3011e-15
1972.00   8.4066e-16
1974.00   1.4224e-15
1976.00   6.6902e-15
1978.00   1.3126e-15
1980.00   1.5487e-16
1982.00   6.6427e-17
1984.00   1.7517e-15
1986.00   3.5811e-15
1988.00   1.7180e-15
1990.00   1.5997e-15
1992.00   2.9248e-16
1994.00   8.0412e-16
1996.00   1.4149e-15
1998.00   1.0077e-16
2000.00   6.1139e-15
2002.00   1.3216e-16
2004.00   3.5895e-15
2006.00   1.2031e-15
2008.00   4.0215e-15
2010.00   3.3548e-15
2012.00   7.1998e-16
2014.00   3.5520e-15
2016.00   3.5605e-15
2018.00   1.7377e-15
2020.00   2.2166e-15
2022.00   1.3903e-16
2024.00   5.6398e-15
2026.00   4.5209e-16
2028.00   2.5803e-15
2030.00   8.3951e-15
2032.00   3.9561e-15
2034.00   1.5453e-15
2036.00   1.5947e-15
2038.00   1.9327e-15
2040.00   3.9717e-15
2042.00   1.1670e-17
2044.00   2.5129e-15
2046.00   5.1052e-17
2048.00   1.7071e-15
2050.00   6.6739e-17
2052.00   1.5318e-15
2054.00   3.3156e-16
2056.00   2.1278e-15
2058.00   1.1627e-15
2060.00   1.3963e-16
2062.00   4.9046e-16
2064.00   2.0915e-15
2066.00   1.7625e-15
2068.00   9.4774e-16
2070.00   5.3102e-15
2072.00   2.4765e-15
2074.00   1.0393e-15
2076.00   2.1873e-16
2078.00   2.7006e-15
2080.00   2.3017e-15
2082.00   2.9890e-16
2084.00   2.9995e-16
2086.00   4.3014e-16
2088.00   4.0090e-15
2090.00   2.0393e-17
2092.00   5.5079e-16
2094.00   1.4992e-15
2096.00   5.4952e-16
2098.00   1.3722e-15
2100.00   1.2358e-15
2102.00   2.4189e-15
2104.00   5.5470e-17
2106.00   3.0551e-15
2108.00   2.9163e-15
2110.00   5.7796e-15
2112.00   2.1115e-16
2114.00   3.7167e-15
2116.00   3.4642e-15
2118.00   2.6637e-15
2120.00   3.4161e-15
2122.00   9.5588e-16
2124.00   5.4442e-17
2126.00   5.2918e-16
2128.00   1.3278e-15
2130.00   3.1055e-15
2132.00   5.0283e-15
2134.00   4.2701e-16
2136.00   1.5090e-15
2138.00   1.9370e-15
2140.00   6.1802e-16
2142.00   2.0468e-15
2144.00   1.1745e-16
2146.00   1.5373e-15
2148.00   2.1544e-15
2150.00   2.5021e-15
2152.00   1.3964e-15
2154.00   6.0687e-16
2156.00   6.0406e-16
2158.00   1.1715e-15
2160.00   8.9907e-16
2162.00   2.2854e-15
2164.00   2.2464e-15
2166.00   1.6447e-15
2168.00   3.6080e-15
2170.00   4.0121e-16
2172.00   2.0814e-16
2174.00   3.6172e-15
2176.00   1.1987e-15
2178.00   1.3873e-15
2180.00   1.2742e-15
2182.00   1.4408e-16
2184.00   2.6826e-15
2186.00   1.4075e-16
2188.00   2.1392e-15
2190.00   1.0301e-15
2192.00   8.0544e-17
2194.00   7.6494e-16
2196.00   1.9454e-16
2198.00   1.2017e-16
2200.00   2.2564e-17
2202.00   6.8206e-16
2204.00   9.8569e-16
2206.00   1.1009e-15
2208.00   2.0747e-16
2210.00   1.0617e-15
2212.00   1.8292e-15
2214.00   3.0926e-15
2216.00   7.7182e-16
2218.00   6.8517e-16
2220.00   3.3664e-15
2222.00   1.2831e-15
2224.00   3.9650e-15
2226.00   2.4884e-15
2228.00   1.1861e-15
2230.00   7.0717e-16
2232.00   1.5645e-15
2234.00   2.4101e-15
2236.00   1.5084e-15
2238.00   2.9411e-15
2240.00   2.0061e-15
2242.00   2.6864e-15
2244.00   4.0819e-15
2246.00   2.2620e-15
2248.00   2.2446e-16
2250.00   4.5304e-15
2252.00   2.7635e-16
2254.00   3.8992e-15
2256.00   4.5597e-15
2258.00   1.6081e-15
2260.00   7.0995e-15
2262.00   1.2752e-15
2264.00   2.3969e-15
2266.00   6.5581e-15
2268.00   4.2411e-15
2270.00   1.9813e-15
2272.00   4.5998e-15
2274.00   6.0983e-15
2276.00   7.1101e-15
2278.00   2.4864e-15
2280.00   6.5024e-15
2282.00   5.4902e-16
2284.00   3.1891e-15
2286.00   2.2363e-15
2288.00   2.2308e-15
2290.00   1.7640e-15
2292.00   2.6732e-16
2294.00   1.2983e-14
2296.00   1.8862e-15
2298.00   2.0784e-15
2300.00   9.6168e-16
2302.00   1.0326e-15
2304.00   6.3721e-15
2306.00   3.0303e-15
2308.00   8.9299e-15
2310.00   1.3029e-15
2312.00   6.0503e-15
2314.00   8.7457e-15
2316.00   1.7815e-16
2318.00   5.9073e-15
2320.00   5.0565e-18
2322.00   5.4804e-15
2324.00   1.4215e-15
2326.00   4.0792e-15
2328.00   8.1578e-15
2330.00   6.3855e-15
2332.00   1.6708e-14
2334.00   3.6786e-17
2336.00   4.8367e-17
2338.00   9.0700e-15
2340.00   5.1029e-15
2342.00   2.8689e-17
2344.00   2.3055e-14
2346.00   3.2068e-15
2348.00   2.4901e-14
2350.00   2.5942e-17
2352.00   7.6901e-15
2354.00   2.3058e-15
2356.00   4.3995e-15
2358.00   1.6128e-15
2360.00   3.2781e-14
2362.00   1.3589e-14
2364.00   1.0424e-14
2366.00   1.2279e-14
2368.00   1.0710e-14
2370.00   8.3998e-15
2372.00   4.5442e-16
2374.00   1.7854e-14
2376.00   7.3247e-15
2378.00   4.6972e-17
2380.00   1.3765e-14
2382.00   6.2440e-14
2384.00   6.2277e-15
2386.00   5.7451e-15
2388.00   1.8906e-14
2390.00   2.7310e-16
2392.00   1.3350e-14
2394.00   1.6447e-16
2396.00   3.4975e-14
2398.00   2.3230e-16
2400.00   1.8084e-14
2402.00   4.0210e-15
2404.00   2.1176e-14
2406.00   1.6223e-14
2408.00   3.1819e-16
2410.00   1.5086e-14
2412.00   8.5932e-15
2414.00   1.2877e-14
2416.00   9.2772e-15
2418.00   1.1086e-14
2420.00   2.3956e-15
2422.00   5.2914e-15
2424.00   1.6530e-14
2426.00   3.5483e-15
2428.00   1.4532e-14
2430.00   2.0506e-14
2432.00   1.2461e-14
2434.00   1.8206e-14
2436.00   7.1558e-15
2438.00   4.4340e-15
2440.00   1.3004e-14
2442.00   4.4758e-15
2444.00   5.2923e-15
2446.00   1.0846e-14
2448.00   1.0499e-14
2450.00   4.6074e-15
2452.00   3.2734e-15
2454.00   9.0498e-15
2456.00   8.7658e-15
2458.00   8.5932e-15
2460.00   1.0145e-14
2462.00   1.1361e-14
2464.00   2.5450e-14
2466.00   2.2003e-14
2468.00   7.9962e-15
2470.00   1.6237e-14
2472.00   7.7198e-15
2474.00   1.0308e-14
2476.00   4.1160e-15
2478.00   4.2926e-15
2480.00   6.3567e-15
2482.00   8.4823e-15
2484.00   7.0496e-15
2486.00   6.6372e-15
2488.00   6.3454e-15
2490.00   1.0592e-14
2492.00   1.3061e-15
2494.00   1.0974e-14
2496.00   1.4764e-15
2498.00   1.3648e-14
2500.00   3.1258e-15
2502.00   6.6604e-15
2504.00   8.1427e-15
2506.00   2.4415e-14
2508.00   4.9502e-15
2510.00   5.6630e-15
2512.00   8.3791e-15
2514.00   1.4118e-14
2516.00   1.0412e-15
2518.00   5.3473e-15
2520.00   9.9438e-15
2522.00   1.5331e-14
2524.00   1.5086e-15
2526.00   1.5618e-14
2528.00   1.1544e-15
2530.00   9.2461e-15
2532.00   1.7491e-15
2534.00   4.7897e-15
2536.00   3.3015e-15
2538.00   1.0988e-14
2540.00   9.9889e-15
2542.00   1.4206e-14
2544.00   7.3384e-15
2546.00   1.0725e-14
2548.00   3.5705e-15
2550.00   1.2560e-14
2552.00   2.4107e-15
2554.00   2.1398e-15
2556.00   2.9480e-15
2558.00   6.3288e-15
2560.00   6.6769e-15
2562.00   1.4725e-14
2564.00   8.5659e-15
2566.00   7.7957e-15
2568.00   4.9044e-15
2570.00   2.3457e-15
2572.00   5.6270e-15
2574.00   7.7926e-15
2576.00   6.8215e-16
2578.00   6.5870e-15
2580.00   7.9447e-17
2582.00   1.2128e-14
2584.00   8.9387e-16
2586.00   2.6482e-14
2588.00   4.4730e-15
2590.00   1.7436e-15
2592.00   1.0260e-14
2594.00   8.7200e-16
2596.00   5.5705e-16
2598.00   2.1548e-14
2600.00   5.6406e-14
2602.00   9.9528e-18
2604.00   3.9397e-16
2606.00   6.0384e-16
2608.00   2.3084e-14
2610.00   1.4752e-15
2612.00   3.2052e-14
2614.00   1.6767e-14
2616.00   8.7932e-18
2618.00   2.0132e-14
2620.00   5.9095e-15
2622.00   1.0970e-14
2624.00   1.2542e-15
2626.00   3.0284e-14
2628.00   1.7668e-14
2630.00   1.3325e-15
2632.00   3.4125e-14
2634.00   3.3318e-16
2636.00   1.0898e-15
2638.00   2.4899e-15
2640.00   3.0013e-15
2642.00   4.4664e-15
2644.00   5.8223e-16
2646.00   5.3495e-16
2648.00   5.7356e-17
2650.00   1.9249e-15
2652.00   6.5179e-15
2654.00   2.2637e-15
2656.00   1.4017e-16
2658.00   7.9020e-16
2660.00   1.5136e-15
2662.00   8.0629e-17
2664.00   5.1160e-15
2666.00   5.9679e-15
2668.00   2.7459e-16
2670.00   7.7307e-15
2672.00   1.4843e-16
2674.00   1.5056e-17
2676.00   1.5059e-16
2678.00   7.3286e-15
2680.00   2.4286e-16
2682.00   2.8696e-15
2684.00   3.5296e-15
2686.00   2.4949e-15
2688.00   8.4114e-17
2690.00   1.5082e-15
2692.00   8.9136e-15
2694.00   4.1313e-16
2696.00   8.5085e-17
2698.00   1.8148e-15
2700.00   1.6766e-15
2702.00   3.1238e-17
2704.00   9.4324e-15
2706.00   3.9613e-15
2708.00   2.1232e-15
2710.00   8.1249e-15
2712.00   1.6271e-15
2714.00   7.9626e-15
2716.00   1.8429e-14
2718.00   4.7025e-15
2720.00   1.1215e-15
2722.00   5.8119e-15
2724.00   1.3912e-14
2726.00   3.5690e-16
2728.00   7.5792e-15
2730.00   1.1453e-14
2732.00   6.3522e-15
2734.00   7.5310e-16
2736.00   7.2906e-15
2738.00   2.5068e-15
2740.00   1.6944e-14
2742.00   3.6350e-16
2744.00   1.2722e-14
2746.00   1.7594e-14
2748.00   2.6110e-15
2750.00   2.0329e-14
2752.00   2.9004e-15
2754.00   4.5936e-15
2756.00   4.0856e-14
2758.00   2.8727e-16
2760.00   3.9623e-15
2762.00   1.1109e-14
2764.00   1.9079e-15
2766.00   5.9409e-18
2768.00   1.8978e-14
2770.00   2.0735e-16
2772.00   1.6178e-14
2774.00   1.3077e-15
2776.00   4.8915e-15
2778.00   2.6856e-15
2780.00   1.0118e-15
2782.00   1.5499e-15
2784.00   9.8288e-16
2786.00   6.6107e-15
2788.00   2.3250e-15
2790.00   9.8820e-16
2792.00   8.7150e-15
2794.00   1.0234e-15
2796.00   7.9076e-16
2798.00   9.7561e-17
2800.00   2.6550e-15
2802.00   1.7205e-18
2804.00   1.1769e-16
2806.00   1.2894e-15
2808.00   8.5137e-17
2810.00   6.3924e-16
2812.00   2.5150e-16
2814.00   1.4044e-15
2816.00   3.3744e-17
2818.00   9.5485e-16
2820.00   1.2464e-14
2822.00   8.6327e-16
2824.00   1.1700e-14
2826.00   1.5558e-15
2828.00   7.8690e-15
2830.00   2.6349e-16
2832.00   1.3001e-14
2834.00   2.4086e-15
2836.00   4.3379e-16
2838.00   7.9254e-15
2840.00   5.6264e-14
2842.00   3.1273e-16
2844.00   4.5682e-15
2846.00   1.7593e-14
2848.00   2.0779e-14
2850.00   1.8102e-15
2852.00   5.9894e-15
2854.00   1.1789e-16
2856.00   2.4529e-14
2858.00   6.5658e-15
2860.00   1.4522e-16
2862.00   2.6580e-16
2864.00   2.2568e-15
2866.00   5.1368e-15
2868.00   3.5405e-15
2870.00   5.5570e-15
2872.00   1.0571e-14
2874.00   7.2357e-17
2876.00   3.5306e-17
2878.00   1.1319e-16
2880.00   1.7134e-15
2882.00   1.6055e-14
2884.00   5.6873e-15
2886.00   6.6608e-15
2888.00   5.2990e-15
2890.00   1.8608e-15
2892.00   5.3385e-16
2894.00   2.0233e-16
2896.00   2.2951e-15
2898.00   2.2015e-15
2900.00   1.3304e-17
2902.00   1.1366e-15
2904.00   1.6353e-17
2906.00   9.7039e-16
2908.00   1.5819e-15
2910.00   1.8895e-15
2912.00   5.4917e-17
2914.00   4.7282e-17
2916.00   1.5098e-15
2918.00   1.3346e-15
2920.00   2.0236e-16
2922.00   6.0637e-17
2924.00   1.2893e-16
2926.00   1.2668e-14
2928.00   3.1157e-18
2930.00   1.2661e-16
2932.00   3.7972e-17
2934.00   4.1524e-16
2936.00   1.1311e-16
2938.00   5.0660e-17
2940.00   2.2931e-15
2942.00   5.0625e-18
2944.00   9.2698e-15
2946.00   2.3170e-16
2948.00   9.7271e-15
2950.00   2.6180e-15
2952.00   9.1122e-17
2954.00   6.0134e-15
2956.00   2.5956e-17
2958.00   7.5485e-17
2960.00   1.8887e-15
2962.00   2.0122e-15
2964.00   2.3918e-15
2966.00   8.3816e-15
2968.00   7.3477e-17
2970.00   9.5295e-15
2972.00   6.2247e-16
2974.00   9.3675e-17
2976.00   2.2655e-15
2978.00   1.2924e-16
2980.00   6.0073e-15
2982.00   3.2034e-16
2984.00   1.5808e-14
2986.00   4.2846e-15
2988.00   3.2366e-17
2990.00   1.4629e-17
2992.00   1.6855e-16
2994.00   3.7587e-16
2996.00   1.2220e-16
2998.00   1.5810e-15
3000.00   3.2008e-16
3002.00   1.6273e-14
3004.00   2.4944e-17
3006.00   1.9213e-17
3008.00   1.4029e-17
3010.00   1.1820e-15
3012.00   1.0930e-17
3014.00   8.8333e-16
3016.00   7.9086e-16
3018.00   6.0802e-16
3020.00   1.6059e-16
3022.00   8.1701e-17
3024.00   3.8484e-16
3026.00   1.0272e-16
3028.00   3.7279e-17
3030.00   5.8863e-16
3032.00   2.1473e-17
3034.00   7.8026e-16
3036.00   3.5611e-15
3038.00   1.8269e-16
3040.00   6.6108e-17
3042.00   4.4192e-17
3044.00   2.4162e-15
3046.00   1.2693e-16
3048.00   3.7119e-15
3050.00   2.0037e-16
3052.00   3.8488e-17
3054.00   1.8966e-18
3056.00   2.9911e-15
3058.00   2.8906e-17
3060.00   6.7723e-19
3062.00   3.2762e-16
3064.00   6.2205e-19
3066.00   3.2788e-15
3068.00   3.6626e-16
3070.00   9.7980e-16
3072.00   2.4330e-15
3074.00   6.5847e-18
3076.00   8.4562e-15
3078.00   1.9046e-14
3080.00   3.0396e-16
3082.00   8.2233e-18
3084.00   4.3609e-16
3086.00   3.2637e-18
3088.00   2.0361e-18
3090.00   2.9319e-16
3092.00   2.5751e-18
3094.00   3.7267e-18
3096.00   3.3326e-15
3098.00   2.7910e-17
3100.00   3.0614e-19
3102.00   1.8070e-16
3104.00   2.3476e-17
3106.00   6.4250e-16
3108.00   3.4945e-17
3110.00   3.0062e-18
3112.00   8.3378e-19
3114.00   2.5422e-16
3116.00   2.9041e-16
3118.00   1.3973e-17
3120.00   3.9360e-17
3122.00   2.7932e-17
3124.00   1.4283e-19
3126.00   2.8401e-17
3128.00   1.4043e-18
3130.00   2.6546e-17
3132.00   2.0723e-16
3134.00   1.7458e-17
3136.00   6.6291e-17
3138.00   1.8537e-17
3140.00   3.5291e-17
3142.00   4.7009e-15
3144.00   4.6541e-17
3146.00   2.7250e-16
3148.00   5.9425e-18
3150.00   3.3069e-18
3152.00   5.8527e-17
3154.00   2.5725e-18
3156.00   1.2496e-16
3158.00   4.2539e-16
3160.00   8.7723e-18
3162.00   3.6675e-15
3164.00   1.0428e-14
3166.00   5.3828e-15
3168.00   4.9181e-18
3170.00   4.1301e-15
3172.00   2.3694e-20
3174.00   2.3842e-18
3176.00   1.9623e-16
3178.00   4.7593e-15
3180.00   1.1268e-17
3182.00   9.1878e-19
3184.00   9.8504e-15
3186.00   9.2760e-15
3188.00   1.5446e-16
3190.00   2.7236e-16
3192.00   6.5392e-15
3194.00   3.9698e-15
3196.00   1.7396e-14
3198.00   2.4071e-17
3200.00   1.0421e-17
3202.00   1.6366e-18
3204.00   6.0418e-16
3206.00   5.9378e-19
3208.00   1.1901e-17
3210.00   5.8139e-15
3212.00   2.9443e-17
3214.00   7.2210e-15
3216.00   8.3530e-18
3218.00   2.2985e-18
3220.00   2.0887e-17
3222.00   1.3232e-17
3224.00   1.3894e-16
3226.00   2.1191e-17
3228.00   8.7979e-15
3230.00   4.3531e-16
3232.00   1.7483e-15
3234.00   5.2951e-17
3236.00   3.4638e-18
3238.00   6.5571e-17
3240.00   4.2612e-18
3242.00   5.6248e-19
3244.00   2.2152e-15
3246.00   3.0443e-17
3248.00   2.1819e-15
3250.00   7.4021e-16
3252.00   3.4766e-16
3254.00   7.1483e-17
3256.00   7.9147e-15
3258.00   2.4245e-15
3260.00   2.0317e-15
3262.00   3.4476e-17
3264.00   8.9799e-16
3266.00   5.6559e-17
3268.00   2.1819e-16
3270.00   6.7951e-17
3272.00   3.2959e-19
3274.00   2.5037e-17
3276.00   1.7365e-16
3278.00   1.2705e-14
3280.00   1.4885e-17
3282.00   5.1822e-15
3284.00   2.8191e-17
3286.00   2.8362e-15
3288.00   2.5197e-17
3290.00   2.3311e-16
3292.00   4.0530e-17
3294.00   4.9318e-19
3296.00   3.2641e-15
3298.00   1.2118e-15
3300.00   2.6244e-17
3302.00   9.0750e-16
3304.00   1.7083e-15
3306.00   2.9874e-15
3308.00   4.1852e-20
3310.00   1.8277e-16
3312.00   2.3532e-15
3314.00   4.9596e-16
3316.00   3.3737e-18
3318.00   3.2548e-16
3320.00   1.2370e-16
3322.00   1.3246e-16
3324.00   9.3684e-17
3326.00   4.8280e-17
3328.00   2.3973e-16
3330.00   2.7660e-17
3332.00   1.1957e-18
3334.00   1.2854e-17
3336.00   3.0873e-16
3338.00   2.8622e-16
3340.00   1.4507e-18
3342.00   1.6456e-17
3344.00   6.3870e-18
3346.00   8.8795e-20
3348.00   9.9085e-19
3350.00   6.3016e-19
3352.00   5.0253e-18
3354.00   1.3391e-18
3356.00   1.4968e-18
3358.00   1.7223e-15
3360.00   5.5375e-16
3362.00   6.2696e-17
3364.00   1.1038e-17
3366.00   8.1943e-17
3368.00   1.8018e-17
3370.00   7.8905e-17
3372.00   1.1144e-15
3374.00   2.5415e-18
3376.00   1.9214e-15
3378.00   2.5856e-19
3380.00   1.3078e-16
3382.00   1.3821e-16
3384.00   1.7572e-18
3386.00   2.2647e-16
3388.00   4.4118e-16
3390.00   4.0963e-17
3392.00   6.3616e-16
3394.00   5.7548e-18
3396.00   6.9071e-17
3398.00   1.6469e-17
3400.00   6.8760e-18
3402.00   1.8598e-17
3404.00   2.6837e-17
3406.00   6.2560e-17
3408.00   9.3991e-18
3410.00   7.9166e-17
3412.00   1.6140e-18
3414.00   1.8755e-16
3416.00   9.1533e-16
3418.00   2.1790e-19
3420.00   6.8557e-17
3422.00   1.3845e-18
3424.00   4.1036e-19
3426.00   1.6302e-16
3428.00   1.9844e-16
3430.00   5.8434e-17
3432.00   4.6113e-18
3434.00   9.8955e-18
3436.00   1.0314e-15
3438.00   9.9556e-18
3440.00   6.2178e-16
3442.00   5.2646e-17
3444.00   7.1927e-17
3446.00   1.1210e-17
3448.00   6.8966e-18
3450.00   1.2709e-16
3452.00   1.3698e-15
3454.00   4.5492e-16
3456.00   1.6149e-15
3458.00   3.5316e-17
3460.00   6.0582e-18
3462.00   4.0102e-19
3464.00   1.6102e-16
3466.00   7.6860e-18
3468.00   1.2771e-18
3470.00   9.4042e-17
3472.00   1.9590e-17
3474.00   6.1583e-18
3476.00   4.3273e-16
3478.00   2.0623e-16
3480.00   1.5785e-16
3482.00   3.6042e-16
3484.00   9.0687e-17
3486.00   1.5753e-16
3488.00   5.1173e-19
3490.00   2.6774e-16
3492.00   3.9184e-18
3494.00   3.9895e-16
3496.00   1.7083e-16
3498.00   1.6334e-17
3500.00   1.0275e-16
3502.00   6.2960e-16
3504.00   6.9954e-16
3506.00   3.0376e-17
3508.00   1.1895e-16
3510.00   1.1442e-17
3512.00   7.3816e-18
3514.00   2.0007e-18
3516.00   1.7139e-16
3518.00   2.0581e-17
3520.00   2.7742e-17
3522.00   3.0870e-16
3524.00   1.7313e-17
3526.00   2.6758e-16
3528.00   5.5633e-17
3530.00   8.4674e-17
3532.00   2.6338e-16
3534.00   7.0397e-19
3536.00   4.0055e-16
3538.00   6.7674e-16
3540.00   5.0036e-16
3542.00   1.9507e-16
3544.00   7.8515e-17
3546.00   8.7436e-18
3548.00   9.9167e-17
3550.00   6.4214e-18
3552.00   8.7775e-18
3554.00   4.2568e-17
3556.00   9.0002e-17
3558.00   7.5554e-17
3560.00   7.1753e-18
3562.00   2.5472e-18
3564.00   2.1134e-17
3566.00   6.9250e-17
3568.00   2.9569e-18
3570.00   2.0372e-18
3572.00   1.0934e-18
3574.00   5.5313e-18
3576.00   5.8760e-17
3578.00   1.4675e-18
3580.00   1.9527e-18
3582.00   2.6499e-20
3584.00   1.1958e-18
3586.00   1.2299e-17
3588.00   1.6587e-17
3590.00   1.3750e-16
3592.00   3.0251e-19
3594.00   3.2332e-18
3596.00   9.6412e-18
3598.00   3.6504e-18
3600.00   1.3544e-18
3602.00   2.6338e-17
3604.00   3.1582e-18
3606.00   9.4281e-18
3608.00   1.5606e-18
3610.00   1.2742e-17
3612.00   5.9202e-19
3614.00   1.7095e-17
3616.00   1.6578e-18
3618.00   2.4151e-17
3620.00   1.5822e-18
3622.00   2.5090e-16
3624.00   1.5997e-16
3626.00   1.1431e-17
3628.00   2.8231e-17
3630.00   1.0825e-18
3632.00   9.3778e-18
3634.00   5.7615e-18
3636.00   1.9271e-17
3638.00   4.3828e-18
3640.00   3.1221e-19
3642.00   2.4960e-16
3644.00   1.4996e-18
3646.00   3.2667e-18
3648.00   3.9672e-18
3650.00   4.1966e-19
3652.00   3.3042e-18
3654.00   8.3335e-20
3656.00   7.6020e-16
3658.00   2.6827e-18
3660.00   7.1445e-19
3662.00   4.2102e-18
3664.00   1.7915e-17
3666.00   3.7319e-18
3668.00   4.7981e-18
3670.00   1.5773e-18
3672.00   3.2093e-19
3674.00   3.5933e-18
3676.00   4.1872e-18
3678.00   4.4921e-19
3680.00   1.4522e-18
3682.00   1.0289e-17
3684.00   2.7458e-18
3686.00   6.4749e-17
3688.00   3.1581e-18
3690.00   3.3783e-18
3692.00   9.2626e-19
3694.00   2.8338e-18
3696.00   5.2304e-18
3698.00   8.5416e-17
3700.00   9.1610e-18
3702.00   9.5392e-22
3704.00   2.6726e-18
3706.00   7.4721e-20
3708.00   6.8164e-19
3710.00   9.1807e-18
3712.00   1.6306e-17
3714.00   2.0798e-18
3716.00   1.8829e-18
3718.00   8.6579e-19
3720.00   1.7247e-17
3722.00   1.2633e-17
3724.00   7.3327e-18
3726.00   1.4304e-17
3728.00   1.1182e-16
3730.00   5.9482e-19
3732.00   1.9528e-19
3734.00   2.7684e-19
3736.00   3.4572e-19
3738.00   1.3593e-18
3740.00   1.0486e-18
3742.00   8.5432e-18
3744.00   5.3153e-18
3746.00   1.7374e-17
3748.00   1.9008e-16
3750.00   5.7845e-18
3752.00   1.0013e-19
3754.00   1.9777e-17
3756.00   2.5408e-17
3758.00   6.1910e-17
3760.00   8.4638e-17
3762.00   1.7265e-16
3764.00   1.3152e-15
3766.00   2.0436e-18
3768.00   3.6588e-18
3770.00   7.3715e-19
3772.00   4.7101e-19
3774.00   6.7016e-19
3776.00   1.2926e-18
3778.00   8.0490e-18
3780.00   1.4924e-16
3782.00   3.8995e-17
3784.00   1.8802e-16
3786.00   2.2373e-17
3788.00   1.8116e-18
3790.00   4.6478e-19
3792.00   3.5555e-18
3794.00   4.3641e-19
3796.00   7.5798e-19
3798.00   4.3328e-17
3800.00   6.5234e-19
3802.00   1.1544e-18
3804.00   8.5648e-19
3806.00   2.3311e-18
3808.00   1.8047e-18
3810.00   6.6942e-19
3812.00   1.1327e-18
3814.00   5.5321e-17
3816.00   1.5010e-20
3818.00   3.8464e-19
3820.00   3.8287e-18
3822.00   7.1852e-17
3824.00   2.9747e-15
3826.00   1.8885e-19
3828.00   5.0999e-17
3830.00   2.6122e-18
3832.00   1.5003e-20
3834.00   1.8494e-17
3836.00   1.4161e-19
3838.00   4.6184e-17
3840.00   1.8126e-19
3842.00   2.3950e-19
3844.00   1.8729e-18
3846.00   3.6334e-17
3848.00   3.0358e-18
3850.00   3.2991e-19
3852.00   5.4116e-19
3854.00   1.6168e-19
3856.00   1.5235e-18
3858.00   4.6286e-19
3860.00   6.9746e-19
3862.00   8.1935e-19
3864.00   2.3897e-18
3866.00   5.5142e-19
3868.00   1.4145e-19
3870.00   7.3666e-19
3872.00   7.1720e-16
3874.00   1.4634e-17
3876.00   2.4841e-18
3878.00   1.2376e-18
3880.00   1.2173e-18
3882.00   1.3643e-17
3884.00   6.5804e-18
3886.00   3.6526e-19
3888.00   1.6134e-20
3890.00   2.4108e-19
3892.00   3.8667e-20
3894.00   2.4442e-18
3896.00   4.9311e-17
3898.00   4.6143e-20
3900.00   6.3833e-19
3902.00   2.3011e-20
3904.00   1.0930e-17
3906.00   8.5960e-17
3908.00   1.0627e-16
3910.00   4.1017e-17
3912.00   6.8950e-19
3914.00   2.0999e-16
3916.00   2.0397e-17
3918.00   4.1660e-18
3920.00   5.4135e-18
3922.00   3.4032e-18
3924.00   1.8527e-18
3926.00   8.1248e-19
3928.00   1.2453e-17
3930.00   3.5139e-16
3932.00   2.8116e-17
3934.00   2.3294e-19
3936.00   5.2405e-17
3938.00   1.4469e-15
3940.00   5.2457e-18
3942.00   3.6265e-19
3944.00   1.4593e-18
3946.00   3.6390e-16
3948.00   9.0885e-20
3950.00   1.2037e-17
3952.00   3.8027e-18
3954.00   9.0995e-19
3956.00   2.5773e-19
3958.00   2.2981e-17
3960.00   1.1932e-17
3962.00   2.2312e-18
3964.00   1.6282e-16
3966.00   2.1697e-17
3968.00   8.2925e-18
3970.00   1.5093e-16
3972.00   3.4317e-18
3974.00   1.5501e-15
3976.00   6.4169e-18
3978.00   1.4275e-18
3980.00   5.0895e-18
3982.00   9.6594e-17
3984.00   2.0381e-18
3986.00   1.0288e-18
3988.00   9.0921e-19
3990.00   4.6541e-17
3992.00   1.8438e-18
3994.00   4.1984e-19
3996.00   2.3758e-17
3998.00   4.3127e-20
4000.00   9.1767e-18
4002.00   7.1693e-16
4004.00   1.1330e-17
4006.00   4.4753e-20
4008.00   2.6871e-17
4010.00   1.2382e-18
4012.00   5.8023e-18
4014.00   2.2626e-18
4016.00   8.8755e-18
4018.00   6.9876e-18
4020.00   6.2810e-18
4022.00   1.3196e-17
4024.00   5.1446e-17
4026.00   4.0698e-19
4028.00   5.4961e-18
4030.00   7.7486e-20
4032.00   3.6240e-19
4034.00   1.6296e-17
4036.00   6.0663e-19
4038.00   3.9874e-19
4040.00   1.7612e-18
4042.00   4.7425e-18
4044.00   4.9361e-19
4046.00   1.3751e-18
4048.00   1.7080e-19
4050.00   3.8362e-18
4052.00   1.3011e-18
4054.00   2.5509e-20
4056.00   5.3396e-19
4058.00   2.5857e-17
4060.00   1.5622e-19
4062.00   1.5516e-16
4064.00   4.2611e-18
4066.00   1.7552e-20
4068.00   1.1088e-16
4070.00   1.0545e-17
4072.00   2.7709e-19
4074.00   9.7309e-18
4076.00   2.5882e-17
4078.00   8.5903e-17
4080.00   4.6168e-17
4082.00   6.0447e-18
4084.00   3.9767e-17
4086.00   4.3454e-19
4088.00   3.3986e-17
4090.00   6.0906e-19
4092.00   8.0546e-18
4094.00   4.3080e-18
4096.00   1.2628e-17
4098.00   8.3812e-17
4100.00   3.0288e-18
4102.00   2.2299e-18
4104.00   8.5492e-18
4106.00   2.4000e-18
4108.00   6.3574e-18
4110.00   5.9877e-18
4112.00   2.6327e-17
4114.00   3.5520e-17
4116.00   1.3152e-19
4118.00   2.1822e-18
4120.00   6.4690e-18
4122.00   1.8857e-16
4124.00   3.2619e-17
4126.00   3.1577e-19
4128.00   1.3997e-16
4130.00   1.1410e-18
4132.00   8.7098e-18
4134.00   5.1769e-18
4136.00   4.2911e-18
4138.00   7.3757e-17
4140.00   4.5843e-18
4142.00   8.2222e-19
4144.00   6.8028e-17
4146.00   9.9261e-17
4148.00   4.3798e-18
4150.00   8.8690e-18
4152.00   1.6633e-17
4154.00   1.4688e-18
4156.00   4.6321e-19
4158.00   4.4917e-17
4160.00   2.1937e-17
4162.00   5.1213e-18
4164.00   1.8415e-18
4166.00   4.2162e-19
4168.00   5.9640e-18
4170.00   1.5807e-18
4172.00   3.7666e-18
4174.00   1.4497e-15
4176.00   5.5784e-18
4178.00   2.7826e-15
4180.00   1.0467e-16
4182.00   6.9224e-18
4184.00   1.5193e-17
4186.00   7.5302e-19
4188.00   4.6791e-18
4190.00   4.1287e-18
4192.00   2.0304e-21
4194.00   1.2017e-19
4196.00   3.8422e-19
4198.00   9.1096e-18
4200.00   1.1033e-18
4202.00   1.2304e-17
4204.00   1.5818e-19
4206.00   4.6586e-18
4208.00   1.2415e-18
4210.00   5.4344e-17
4212.00   4.1132e-17
4214.00   1.2606e-18
4216.00   5.9524e-20
4218.00   9.8918e-19
4220.00   1.4517e-18
4222.00   3.0946e-18
4224.00   2.4971e-17
4226.00   7.1400e-19
4228.00   1.3228e-18
4230.00   5.0726e-21
4232.00   2.1266e-16
4234.00   6.5020e-15
4236.00   6.6536e-19
4238.00   8.5921e-19
4240.00   4.3235e-19
4242.00   1.0050e-18
4244.00   1.1687e-14
4246.00   1.2178e-20
4248.00   5.7778e-17
4250.00   4.1736e-18
4252.00   1.1530e-17
4254.00   1.7874e-18
4256.00   4.3958e-17
4258.00   1.2463e-16
4260.00   1.9583e-19
4262.00   3.4055e-20
4264.00   1.2459e-18
4266.00   8.1105e-18
4268.00   1.7817e-17
4270.00   1.3043e-18
4272.00   5.8159e-20
4274.00   2.1650e-16
4276.00   5.1512e-15
4278.00   7.2157e-17
4280.00   1.6076e-19
4282.00   6.4498e-18
4284.00   2.7311e-19
4286.00   2.9891e-18
4288.00   8.6267e-15
4290.00   2.1573e-19
4292.00   7.3380e-17
4294.00   2.2082e-19
4296.00   4.4572e-16
4298.00   1.2323e-19
4300.00   6.2661e-17
4302.00   2.9871e-17
4304.00   1.3455e-15
4306.00   1.5100e-15
4308.00   3.5746e-20
4310.00   5.5632e-19
4312.00   4.8849e-17
4314.00   4.1988e-16
4316.00   8.3245e-19
4318.00   7.6652e-18
4320.00   3.1239e-15
4322.00   1.3572e-17
4324.00   1.1789e-19
4326.00   5.3875e-17
4328.00   2.5397e-18
4330.00   5.9936e-17
4332.00   1.0973e-15
4334.00   2.2126e-20
4336.00   7.5406e-18
4338.00   4.1761e-16
4340.00   3.8181e-17
4342.00   2.8865e-18
4344.00   3.2222e-17
4346.00   2.3386e-15
4348.00   1.8858e-17
4350.00   3.0897e-19
4352.00   4.9541e-15
4354.00   5.6173e-19
4356.00   1.4480e-17
4358.00   3.2042e-15
4360.00   6.2775e-15
4362.00   3.9832e-17
4364.00   4.0414e-17
4366.00   1.6104e-18
4368.00   2.5075e-19
4370.00   8.4871e-17
4372.00   5.4758e-15
4374.00   2.8533e-19
4376.00   1.8067e-18
4378.00   2.5877e-18
4380.00   1.9030e-18
4382.00   1.8984e-16
4384.00   6.3270e-16
4386.00   9.3707e-16
4388.00   1.0642e-18
4390.00   2.0790e-22
4392.00   2.1534e-18
4394.00   8.1542e-19
4396.00   1.1063e-19
4398.00   5.8221e-16
4400.00   7.4866e-19
4402.00   2.1531e-17
4404.00   1.0065e-19
4406.00   1.1345e-18
4408.00   1.7741e-18
4410.00   1.3507e-17
4412.00   8.5168e-20
4414.00   8.1998e-15
4416.00   2.4009e-15
4418.00   3.4856e-19
4420.00   4.1858e-19
4422.00   2.6936e-18
4424.00   8.9667e-19
4426.00   6.9342e-19
4428.00   3.3379e-18
4430.00   2.0222e-18
4432.00   1.5821e-16
4434.00   4.6999e-19
4436.00   3.3068e-18
4438.00   1.8454e-19
4440.00   2.4923e-16
4442.00   2.9826e-18
4444.00   6.2285e-18
4446.00   3.9158e-18
4448.00   2.0458e-18
4450.00   1.2504e-18
4452.00   2.8449e-15
4454.00   2.0336e-18
4456.00   2.5768e-17
4458.00   9.1813e-16
4460.00   4.1783e-19
4462.00   3.2988e-17
4464.00   9.5068e-19
4466.00   6.2925e-18
4468.00   1.4190e-18
4470.00   5.1953e-17
4472.00   7.0659e-16
4474.00   1.3538e-15
4476.00   1.1052e-19
4478.00   1.0167e-18
4480.00   4.7729e-17
4482.00   3.5915e-21
4484.00   1.4374e-19
4486.00   1.2884e-19
4488.00   4.3273e-16
4490.00   1.4689e-15
4492.00   7.4803e-16
4494.00   3.2456e-18
4496.00   1.2333e-19
4498.00   1.9569e-18
4500.00   5.2355e-19
4502.00   4.9848e-19
4504.00   1.5134e-18
4506.00   6.7825e-19
4508.00   1.6487e-15
4510.00   1.1235e-16
4512.00   1.4654e-19
4514.00   2.1450e-16
4516.00   6.2644e-16
4518.00   1.3605e-19
4520.00   2.2550e-15
4522.00   2.3264e-15
4524.00   2.8031e-18
4526.00   7.2930e-18
4528.00   1.2826e-16
4530.00   2.4803e-18
4532.00   8.0348e-20
4534.00   2.5360e-16
4536.00   4.3846e-19
4538.00   4.0952e-19
4540.00   1.1256e-19
4542.00   1.0836e-15
4544.00   5.1064e-19
4546.00   2.3898e-19
4548.00   4.4584e-19
4550.00   2.8661e-15
4552.00   2.7209e-19
4554.00   7.5444e-19
4556.00   1.3263e-15
4558.00   7.2128e-21
4560.00   1.2148e-19
4562.00   3.7576e-19
4564.00   1.6622e-18
4566.00   9.6413e-20
4568.00   4.5782e-19
4570.00   3.9423e-19
4572.00   3.1422e-19
4574.00   3.3021e-20
4576.00   1.7696e-15
4578.00   5.7816e-18
4580.00   4.4001e-17
4582.00   4.4124e-16
4584.00   4.0661e-15
4586.00   8.2053e-18
4588.00   9.0017e-19
4590.00   8.4357e-19
4592.00   2.0230e-18
4594.00   2.2643e-18
4596.00   2.0830e-16
4598.00   2.1181e-17
4600.00   6.8113e-22
4602.00   9.0094e-19
4604.00   5.3051e-17
4606.00   6.5885e-19
4608.00   1.8945e-19
4610.00   5.2244e-19
4612.00   2.2727e-18
4614.00   1.4874e-19
4616.00   2.8756e-20
4618.00   2.7139e-19
4620.00   1.7435e-15
4622.00   8.8151e-19
4624.00   3.7055e-19
4626.00   2.0418e-18
4628.00   8.5584e-18
4630.00   3.9132e-15
4632.00   1.2094e-15
4634.00   2.2206e-18
4636.00   5.2553e-19
4638.00   1.0586e-18
4640.00   5.4668e-16
4642.00   4.5345e-19
4644.00   7.9065e-19
4646.00   1.4787e-21
4648.00   2.2372e-16
4650.00   2.0352e-19
4652.00   7.7787e-19
4654.00   4.0927e-20
4656.00   7.9091e-18
4658.00   4.9878e-19
4660.00   3.1746e-20
4662.00   4.0855e-18
4664.00   1.7886e-16
4666.00   7.6030e-16
4668.00   8.2889e-18
4670.00   2.0377e-17
4672.00   4.3917e-19
4674.00   5.2085e-21
4676.00   9.0712e-20
4678.00   4.1754e-19
4680.00   9.2153e-21
4682.00   1.0473e-20
4684.00   8.5615e-19
4686.00   8.8196e-19
4688.00   2.5780e-16
4690.00   1.1994e-19
4692.00   9.9325e-20
4694.00   1.2578e-19
4696.00   1.1984e-18
4698.00   6.7727e-19
4700.00   5.9690e-19
4702.00   6.5424e-19
4704.00   2.2782e-17
4706.00   9.5070e-19
4708.00   1.7797e-19
4710.00   4.2081e-19
4712.00   1.2616e-21
4714.00   7.8279e-19
4716.00   1.5758e-16
4718.00   1.3662e-18
4720.00   1.5745e-17
4722.00   7.7499e-19
4724.00   2.1518e-19
4726.00   1.1188e-19
4728.00   1.1860e-15
4730.00   2.0184e-19
4732.00   3.9952e-17
4734.00   7.2211e-20
4736.00   7.2012e-20
4738.00   1.6619e-18
4740.00   1.3561e-19
4742.00   5.3553e-20
4744.00   3.9141e-18
4746.00   1.0114e-16
4748.00   4.3031e-20
4750.00   6.3986e-17
4752.00   6.7238e-20
4754.00   7.2167e-19
4756.00   3.0008e-19
4758.00   7.7081e-20
4760.00   2.5813e-18
4762.00   1.5905e-20
4764.00   1.5475e-19
4766.00   8.1586e-20
4768.00   2.9292e-19
4770.00   1.0531e-20
4772.00   5.6711e-17
4774.00   1.0449e-15
4776.00   2.8405e-19
4778.00   6.7356e-18
4780.00   2.0882e-19
4782.00   4.8488e-21
4784.00   3.0254e-20
4786.00   1.0315e-18
4788.00   8.8444e-22
4790.00   3.2355e-20
4792.00   8.8304e-20
4794.00   3.6451e-21
4796.00   5.5599e-19
4798.00   1.5941e-16
4800.00   3.2659e-18
4802.00   2.1042e-19
4804.00   4.8049e-19
4806.00   1.6890e-19
4808.00   4.6627e-19
4810.00   2.7301e-18
4812.00   6.6334e-20
4814.00   2.3959e-15
4816.00   4.9748e-19
4818.00   1.0958e-18
4820.00   9.7504e-20
4822.00   4.6981e-20
4824.00   2.0081e-18
4826.00   2.0277e-16
4828.00   5.6177e-20
4830.00   3.6163e-19
4832.00   2.7708e-17
4834.00   3.4677e-17
4836.00   5.6303e-19
4838.00   4.9405e-19
4840.00   2.4346e-17
4842.00   3.4335e-19
4844.00   5.1084e-18
4846.00   1.1874e-18
4848.00   1.2254e-17
4850.00   6.4163e-20
4852.00   1.1325e-16
4854.00   1.0034e-19
4856.00   5.9263e-18
4858.00   3.3074e-20
4860.00   1.5749e-19
4862.00   6.5867e-20
4864.00   6.5724e-20
4866.00   1.5163e-18
4868.00   6.2094e-17
4870.00   8.0291e-18
4872.00   1.2572e-17
4874.00   1.3716e-15
4876.00   1.4375e-18
4878.00   3.1868e-19
4880.00   7.6935e-19
4882.00   1.7989e-19
4884.00   5.3095e-19
4886.00   5.1523e-18
4888.00   1.2963e-19
4890.00   1.6258e-15
4892.00   1.9717e-18
4894.00   2.8205e-18
4896.00   1.7827e-18
4898.00   3.8993e-16
4900.00   1.2327e-19
4902.00   8.7796e-18
4904.00   6.1922e-17
4906.00   1.4203e-15
4908.00   4.5112e-21
4910.00   3.3912e-20
4912.00   1.7485e-18
4914.00   4.0560e-21
4916.00   4.6201e-20
4918.00   3.3167e-19
4920.00   8.9230e-20
4922.00   4.6978e-18
4924.00   3.8975e-15
4926.00   1.4015e-19
4928.00   2.5476e-18
4930.00   8.7535e-21
4932.00   3.2231e-18
4934.00   3.0273e-20
4936.00   5.5844e-19
4938.00   8.3939e-20
4940.00   5.0151e-20
4942.00   4.9517e-20
4944.00   4.8341e-19
4946.00   4.0412e-19
4948.00   2.6536e-15
4950.00   9.1097e-16
4952.00   1.9636e-17
4954.00   3.2848e-17
4956.00   2.4950e-19
4958.00   2.2563e-17
4960.00   9.0225e-20
4962.00   1.0436e-18
4964.00   1.4237e-20
4966.00   4.0720e-18
4968.00   3.5836e-19
4970.00   5.2573e-19
4972.00   5.4864e-19
4974.00   1.0654e-15
4976.00   3.0852e-17
4978.00   4.7970e-20
4980.00   2.5472e-19
4982.00   1.3569e-20
4984.00   1.0288e-20
4986.00   7.2726e-19
4988.00   3.7591e-18
4990.00   1.3553e-20
4992.00   4.3073e-18
4994.00   7.7055e-18
4996.00   1.3749e-19
4998.00   8.9989e-18
5000.00   1.2496e-17
5002.00   5.0092e-20
5004.00   3.7424e-19
5006.00   1.9649e-15
5008.00   6.1968e-21
5010.00   5.2053e-21
5012.00   2.5757e-21
5014.00   1.6217e-19
5016.00   5.4273e-18
5018.00   4.6298e-15
5020.00   9.0300e-16
5022.00   2.4819e-18
5024.00   7.6021e-20
5026.00   7.0391e-20
5028.00   2.6646e-17
5030.00   9.8316e-19
5032.00   8.3543e-22
5034.00   8.2166e-21
5036.00   2.4122e-18
5038.00   1.1556e-21
5040.00   4.0542e-16
5042.00   1.0717e-19
5044.00   6.5378e-16
5046.00   9.1167e-18
5048.00   9.4225e-17
5050.00   1.7412e-15
5052.00   3.2356e-19
5054.00   2.8129e-19
5056.00   6.2005e-19
5058.00   8.6669e-20
5060.00   1.5814e-16
5062.00   7.8726e-20
5064.00   3.6460e-20
5066.00   3.4379e-17
5068.00   9.1859e-22
5070.00   8.8740e-20
5072.00   4.2057e-15
5074.00   7.5588e-18
5076.00   4.5702e-16
5078.00   4.3193e-20
5080.00   1.0247e-19
5082.00   2.0292e-21
5084.00   6.0884e-18
5086.00   8.0515e-18
5088.00   3.2381e-20
5090.00   6.5818e-19
5092.00   4.0713e-21
5094.00   3.5490e-18
5096.00   2.5519e-19
5098.00   5.4066e-21
5100.00   4.5071e-17
5102.00   8.4958e-19
5104.00   9.2667e-21
5106.00   1.7481e-19
5108.00   6.8393e-16
5110.00   3.1162e-20
5112.00   2.7508e-15
5114.00   1.9269e-22
5116.00   2.0565e-20
5118.00   1.2353e-21
5120.00   1.1823e-17
5122.00   1.2679e-19
5124.00   2.7497e-18
5126.00   1.0315e-18
5128.00   1.6487e-17
5130.00   5.8870e-19
5132.00   2.5028e-17
5134.00   1.0582e-19
5136.00   1.3316e-17
5138.00   7.6491e-21
5140.00   2.4396e-20
5142.00   3.8889e-20
5144.00   9.2140e-20
5146.00   1.6626e-17
5148.00   7.9856e-20
5150.00   8.2912e-18
5152.00   2.3518e-21
5154.00   2.4825e-17
5156.00   1.1592e-20
5158.00   1.7306e-14
5160.00   1.8008e-17
5162.00   9.8747e-18
5164.00   1.8050e-16
5166.00   4.5429e-20
5168.00   6.2273e-19
5170.00   5.4779e-15
5172.00   1.0928e-16
5174.00   9.0733e-24
5176.00   2.1945e-20
5178.00   1.7782e-18
5180.00   7.4285e-19
5182.00   9.5786e-16
5184.00   1.3407e-15
5186.00   2.6431e-17
5188.00   6.0660e-20
5190.00   9.8167e-21
5192.00   6.0129e-18
5194.00   2.2053e-19
5196.00   5.8395e-22
5198.00   3.0740e-15
5200.00   3.7267e-17
5202.00   5.5374e-22
5204.00   5.7301e-20
5206.00   8.4506e-19
5208.00   3.3419e-20
5210.00   1.9447e-19
5212.00   8.0831e-20
5214.00   4.4187e-20
5216.00   9.3352e-19
5218.00   5.8390e-18
5220.00   4.0583e-16
5222.00   6.1374e-20
5224.00   2.0070e-19
5226.00   3.2392e-19
5228.00   2.4456e-18
5230.00   4.2846e-23
5232.00   1.2036e-18
5234.00   4.0939e-15
5236.00   3.2562e-18
5238.00   5.4894e-18
5240.00   5.2096e-19
5242.00   4.1849e-20
5244.00   1.7408e-18
5246.00   9.0222e-20
5248.00   5.0491e-20
5250.00   1.0068e-18
5252.00   3.4610e-18
5254.00   4.7148e-16
5256.00   7.9879e-17
5258.00   5.4482e-18
5260.00   1.1021e-18
5262.00   8.9724e-15
5264.00   7.4642e-17
5266.00   7.1465e-23
5268.00   1.2599e-15
5270.00   6.3985e-19
5272.00   5.4451e-17
5274.00   4.5002e-15
5276.00   7.0306e-15
5278.00   2.5382e-17
5280.00   7.0539e-18
5282.00   4.2264e-19
5284.00   3.1274e-15
5286.00   2.3108e-19
5288.00   2.7305e-19
5290.00   8.4428e-20
5292.00   1.7374e-18
5294.00   6.6195e-19
5296.00   5.2920e-16
5298.00   2.3607e-18
5300.00   1.0883e-19
5302.00   2.9298e-20
5304.00   5.7885e-18
5306.00   4.8717e-20
5308.00   7.9343e-20
5310.00   5.4782e-19
5312.00   3.0221e-20
5314.00   1.0067e-17
5316.00   1.2450e-14
5318.00   5.8480e-20
5320.00   1.2312e-18
5322.00   1.2874e-18
5324.00   5.6011e-18
5326.00   7.5818e-16
5328.00   1.0363e-19
5330.00   4.3651e-19
5332.00   6.0463e-19
5334.00   3.8648e-15
5336.00   2.1925e-19
5338.00   1.7227e-17
5340.00   1.2796e-18
5342.00   3.4580e-19
5344.00   4.4498e-19
5346.00   1.7275e-17
5348.00   3.8804e-16
5350.00   1.5168e-19
5352.00   6.7017e-19
5354.00   6.0144e-19
5356.00   1.2830e-19
5358.00   5.2464e-18
5360.00   1.7222e-18
5362.00   2.9262e-16
5364.00   3.8568e-18
5366.00   7.7443e-19
5368.00   3.0882e-19
5370.00   4.7216e-19
5372.00   2.4711e-20
5374.00   5.8742e-22
5376.00   4.0228e-15
5378.00   1.9981e-19
5380.00   2.3731e-19
5382.00   7.9663e-19
5384.00   1.3898e-17
5386.00   1.5737e-19
5388.00   6.1639e-18
5390.00   1.4841e-20
5392.00   2.3821e-20
5394.00   3.1353e-18
5396.00   1.7877e-18
5398.00   3.6066e-20
5400.00   1.9838e-20
5402.00   2.1462e-19
5404.00   8.1767e-20
5406.00   1.8519e-19
5408.00   2.5337e-18
5410.00   3.0680e-18
5412.00   4.5308e-16
5414.00   2.6577e-17
5416.00   3.2321e-19
5418.00   1.1038e-19
5420.00   1.0209e-18
5422.00   6.1853e-19
5424.00   4.8055e-19
5426.00   7.3063e-16
5428.00   1.9732e-17
5430.00   7.0730e-21
5432.00   7.6518e-18
5434.00   1.3693e-15
5436.00   4.2147e-19
5438.00   5.9833e-18
5440.00   4.8342e-18
5442.00   4.8590e-20
5444.00   5.0069e-19
5446.00   4.8653e-18
5448.00   9.5892e-21
5450.00   1.4004e-17
5452.00   1.2099e-18
5454.00   1.6112e-19
5456.00   5.1941e-20
5458.00   8.1080e-20
5460.00   6.5892e-20
5462.00   1.7875e-24
5464.00   1.2404e-21
5466.00   2.8432e-18
5468.00   5.5265e-19
5470.00   1.0156e-18
5472.00   6.0835e-20
5474.00   1.9643e-20
5476.00   4.2942e-21
5478.00   1.0464e-16
5480.00   2.3380e-20
5482.00   9.9811e-20
5484.00   2.8850e-19
5486.00   7.5992e-18
5488.00   1.4049e-18
5490.00   8.9084e-20
5492.00   1.4391e-21
5494.00   7.4728e-23
5496.00   2.3451e-16
5498.00   5.3011e-18
5500.00   5.6128e-18
5502.00   2.1123e-18
5504.00   1.7241e-18
5506.00   3.6185e-18
5508.00   8.4541e-19
5510.00   2.2814e-18
5512.00   5.1416e-19
5514.00   5.1442e-19
5516.00   1.0502e-20
5518.00   7.4796e-19
5520.00   2.0495e-18
5522.00   1.9284e-19
5524.00   1.8637e-19
5526.00   3.1669e-18
5528.00   9.1692e-16
5530.00   3.0217e-17
5532.00   3.7132e-18
5534.00   5.1752e-17
5536.00   2.0875e-20
5538.00   5.1915e-18
5540.00   5.6161e-19
5542.00   1.0543e-18
5544.00   9.5068e-18
5546.00   7.5674e-18
5548.00   5.1680e-20
5550.00   3.3075e-20
5552.00   1.8307e-16
5554.00   5.1848e-19
5556.00   2.8670e-16
5558.00   1.9256e-20
5560.00   3.3521e-19
5562.00   1.3898e-19
5564.00   3.0287e-20
5566.00   3.2515e-18
5568.00   2.6622e-17
5570.00   1.7583e-19
5572.00   7.9870e-19
5574.00   1.0343e-18
5576.00   1.4241e-22
5578.00   1.5525e-19
5580.00   1.4108e-16
5582.00   2.8639e-18
5584.00   1.7222e-21
5586.00   7.9315e-18
5588.00   8.5102e-17
5590.00   1.1050e-20
5592.00   1.3017e-18
5594.00   4.2976e-22
5596.00   1.5546e-18
5598.00   1.5885e-20
5600.00   3.5466e-19
5602.00   8.6037e-20
5604.00   2.9265e-21
5606.00   1.1860e-20
5608.00   1.0853e-18
5610.00   1.8356e-19
5612.00   1.9545e-18
5614.00   1.1050e-16
5616.00   5.6018e-19
5618.00   1.5866e-18
5620.00   3.0828e-19
5622.00   3.7172e-20
5624.00   1.3379e-17
5626.00   7.5515e-18
5628.00   8.6985e-17
5630.00   5.4031e-18
5632.00   4.9950e-19
5634.00   5.4500e-20
5636.00   2.7543e-19
5638.00   1.9963e-18
5640.00   7.2574e-20
5642.00   1.0523e-21
5644.00   4.6615e-17
5646.00   1.2905e-21
5648.00   1.1144e-17
5650.00   1.2310e-16
5652.00   3.7175e-18
5654.00   9.5578e-17
5656.00   3.4916e-17
5658.00   3.3836e-17
5660.00   1.2302e-18
5662.00   2.4970e-18
5664.00   2.3924e-18
5666.00   1.4050e-17
5668.00   2.9884e-19
5670.00   4.4431e-17
5672.00   2.7617e-21
5674.00   1.7599e-16
5676.00   1.3387e-18
5678.00   2.6136e-19
5680.00   1.6276e-18
5682.00   5.6821e-20
5684.00   1.4736e-18
5686.00   2.3586e-22
5688.00   2.1474e-21
5690.00   1.8294e-16
5692.00   1.2444e-17
5694.00   1.0315e-21
5696.00   1.0488e-19
5698.00   1.6969e-23
5700.00   2.4049e-18
5702.00   1.0889e-19
5704.00   4.0592e-19
5706.00   1.1770e-19
5708.00   2.6518e-18
5710.00   7.7582e-20
5712.00   2.3406e-17
5714.00   2.7112e-20
5716.00   9.8830e-18
5718.00   7.5468e-17
5720.00   7.8160e-22
5722.00   5.8285e-18
5724.00   3.5851e-19
5726.00   3.8365e-17
5728.00   1.3920e-19
5730.00   1.4106e-18
5732.00   1.0383e-17
5734.00   6.6170e-18
5736.00   2.4032e-22
5738.00   2.1611e-18
5740.00   3.1441e-21
5742.00   3.4217e-18
5744.00   4.5141e-18
5746.00   2.0559e-16
5748.00   6.2541e-19
5750.00   9.2050e-18
5752.00   8.1502e-20
5754.00   1.0521e-17
5756.00   1.4160e-17
5758.00   4.8733e-19
5760.00   8.7185e-19
5762.00   2.4737e-18
5764.00   5.7996e-21
5766.00   4.2926e-18
5768.00   3.7164e-18
5770.00   3.0822e-20
5772.00   1.3691e-20
5774.00   5.7414e-20
5776.00   1.7027e-18
5778.00   1.0473e-18
5780.00   5.6134e-18
5782.00   4.1479e-17
5784.00   1.2554e-18
5786.00   3.0820e-20
5788.00   1.3386e-19
5790.00   2.0428e-19
5792.00   9.5212e-20
5794.00   3.8688e-20
5796.00   4.0024e-18
5798.00   4.0552e-17
5800.00   2.0718e-20
5802.00   3.5595e-18
5804.00   2.4286e-19
5806.00   1.8571e-20
5808.00   2.4682e-18
5810.00   1.0274e-18
5812.00   1.0812e-18
5814.00   2.7263e-17
5816.00   3.9652e-21
5818.00   6.6242e-21
5820.00   1.9343e-24
5822.00   1.9666e-19
5824.00   1.7103e-18
5826.00   1.2811e-18
5828.00   3.3067e-21
5830.00   3.2429e-17
5832.00   9.9372e-19
5834.00   5.4521e-19
5836.00   2.1168e-16
5838.00   1.0182e-21
5840.00   3.0132e-20
5842.00   2.3828e-17
5844.00   6.8311e-18
5846.00   4.8889e-22
5848.00   2.3740e-17
5850.00   2.4259e-19
5852.00   1.5242e-19
5854.00   4.4374e-18
5856.00   5.5990e-20
5858.00   2.7136e-18
5860.00   1.0101e-17
5862.00   1.4153e-18
5864.00   3.9975e-18
5866.00   1.2963e-20
5868.00   3.6089e-19
5870.00   2.1558e-16
5872.00   1.1228e-21
5874.00   5.5962e-20
5876.00   1.6823e-20
5878.00   1.4285e-20
5880.00   5.1876e-17
5882.00   1.9300e-20
5884.00   7.9692e-20
5886.00   2.6526e-19
5888.00   4.5741e-20
5890.00   4.0078e-22
5892.00   2.3759e-18
5894.00   6.8080e-20
5896.00   2.3876e-19
5898.00   1.1231e-18
5900.00   7.3182e-21
5902.00   4.8260e-17
5904.00   9.6787e-20
5906.00   5.5987e-20
5908.00   1.5385e-18
5910.00   1.9912e-18
5912.00   1.7310e-19
5914.00   2.3364e-16
5916.00   3.5847e-21
5918.00   1.2360e-20
5920.00   9.5066e-20
5922.00   2.2467e-17
5924.00   2.1117e-18
5926.00   1.5040e-18
5928.00   8.6212e-22
5930.00   2.1124e-18
5932.00   2.0964e-18
5934.00   2.5369e-21
5936.00   6.9036e-23
5938.00   8.9226e-20
5940.00   1.2773e-19
5942.00   3.2097e-20
5944.00   3.3416e-19
5946.00   5.3248e-19
5948.00   7.3878e-20
5950.00   3.8061e-20
5952.00   1.1828e-17
5954.00   9.0022e-22
5956.00   2.5178e-17
5958.00   3.4976e-21
5960.00   2.6719e-21
5962.00   1.1581e-17
5964.00   2.2898e-20
5966.00   8.3738e-23
5968.00   1.0255e-17
5970.00   8.7232e-20
5972.00   5.2248e-19
5974.00   5.9102e-20
5976.00   4.5042e-20
5978.00   7.4818e-21
5980.00   2.2141e-21
5982.00   3.8100e-17
5984.00   1.0347e-18
5986.00   1.2904e-18
5988.00   2.7374e-20
5990.00   2.2207e-19
5992.00   1.0907e-16
5994.00   1.1440e-18
5996.00   9.4967e-20
5998.00   1.2616e-19
6000.00   3.0082e-20
6002.00   2.0213e-19
6004.00   1.0202e-16
6006.00   1.4501e-18
6008.00   1.2817e-20
6010.00   2.6978e-21
6012.00   4.1178e-21
6014.00   1.4951e-19
6016.00   1.9409e-17
6018.00   3.0731e-17
6020.00   1.4291e-21
6022.00   4.5862e-18
6024.00   6.4298e-20
6026.00   2.0343e-22
6028.00   7.8779e-20
6030.00   8.7831e-21
6032.00   1.3694e-18
6034.00   9.9405e-19
6036.00   4.8446e-19
6038.00   3.0082e-20
6040.00   9.8030e-18
6042.00   1.2573e-20
6044.00   1.7226e-16
6046.00   8.6023e-18
6048.00   6.3864e-19
6050.00   4.3504e-17
6052.00   3.0499e-19
6054.00   1.6892e-20
6056.00   2.7814e-23
6058.00   9.5911e-20
6060.00   1.6301e-16
6062.00   1.2511e-20
6064.00   3.0931e-19
6066.00   2.3729e-24
6068.00   2.2120e-18
6070.00   1.5048e-18
6072.00   2.8919e-20
6074.00   8.3507e-20
6076.00   1.0384e-18
6078.00   1.2012e-16
6080.00   7.0774e-19
6082.00   2.5120e-22
6084.00   2.1275e-17
6086.00   5.9963e-20
6088.00   2.4660e-17
6090.00   6.4456e-23
6092.00   3.5194e-20
6094.00   1.1521e-18
6096.00   4.8357e-20
6098.00   2.7315e-19
6100.00   1.5227e-19
6102.00   9.0315e-24
6104.00   1.0801e-17
6106.00   1.9113e-19
6108.00   1.3657e-19
6110.00   3.3579e-25
6112.00   2.9237e-21
6114.00   2.5080e-17
6116.00   6.5477e-18
6118.00   5.5038e-19
6120.00   1.6491e-18
6122.00   3.4158e-19
6124.00   6.8077e-23
6126.00   9.4150e-21
6128.00   1.2756e-25
6130.00   1.2193e-17
6132.00   3.1897e-21
6134.00   8.2051e-19
6136.00   5.8932e-20
6138.00   4.7640e-21
6140.00   6.5470e-22
6142.00   3.2568e-18
6144.00   6.4340e-22
6146.00   2.0289e-20
6148.00   3.3218e-16
6150.00   3.2161e-16
6152.00   1.2031e-19
6154.00   2.7838e-18
6156.00   6.0815e-18
6158.00   1.3991e-18
6160.00   1.1478e-18
6162.00   5.1346e-22
6164.00   1.1303e-18
6166.00   7.7098e-19
6168.00   2.4773e-19
6170.00   8.9900e-21
6172.00   1.3569e-16
6174.00   1.6589e-20
6176.00   1.8984e-17
6178.00   1.2809e-19
6180.00   1.1723e-17
6182.00   6.7449e-22
6184.00   1.5792e-17
6186.00   8.3663e-17
6188.00   1.3165e-16
6190.00   5.1647e-20
6192.00   2.0131e-20
6194.00   4.0582e-22
6196.00   7.6051e-19
6198.00   4.7239e-19
6200.00   3.2642e-17
6202.00   4.1751e-19
6204.00   4.9021e-19
6206.00   8.3947e-22
6208.00   4.9282e-21
6210.00   3.2277e-21
6212.00   7.2713e-25
6214.00   2.3152e-19
6216.00   3.6023e-21
6218.00   3.8705e-19
6220.00   1.9977e-18
6222.00   1.8752e-18
6224.00   3.4689e-22
6226.00   2.0521e-25
6228.00   1.0167e-19
6230.00   1.3437e-17
6232.00   3.3965e-18
6234.00   4.5292e-17
6236.00   8.0239e-20
6238.00   4.2148e-16
6240.00   7.0630e-17
6242.00   5.6081e-21
6244.00   9.9874e-19
6246.00   1.0605e-20
6248.00   9.0047e-16
6250.00   1.7355e-24
6252.00   7.4141e-21
6254.00   1.0788e-19
6256.00   8.8763e-19
6258.00   6.2210e-20
6260.00   3.0950e-19
6262.00   1.9803e-17
6264.00   2.4987e-17
6266.00   4.4580e-21
6268.00   5.4094e-21
6270.00   3.6374e-19
6272.00   9.4985e-20
6274.00   1.0175e-18
6276.00   1.8509e-17
6278.00   1.9142e-22
6280.00   1.0568e-17
6282.00   8.4981e-21
6284.00   1.4500e-22
6286.00   3.0467e-23
6288.00   2.8021e-20
6290.00   2.5257e-18
6292.00   6.4845e-20
6294.00   7.9071e-20
6296.00   1.6534e-21
6298.00   7.5852e-20
6300.00   2.9097e-20
6302.00   1.5101e-18
6304.00   6.0340e-19
6306.00   1.5043e-17
6308.00   4.6517e-18
6310.00   3.6170e-18
6312.00   8.0511e-23
6314.00   9.2531e-21
6316.00   2.6337e-19
6318.00   3.9243e-16
6320.00   3.2655e-17
6322.00   2.3734e-18
6324.00   5.7498e-23
6326.00   1.5434e-18
6328.00   2.4561e-19
6330.00   9.9451e-19
6332.00   5.0827e-18
6334.00   1.1998e-23
6336.00   4.6287e-21
6338.00   2.1434e-17
6340.00   5.0506e-19
6342.00   2.1389e-20
6344.00   7.7232e-21
6346.00   1.2289e-17
6348.00   5.5658e-17
6350.00   8.4053e-19
6352.00   1.0132e-24
6354.00   6.3575e-17
6356.00   8.1141e-20
6358.00   3.3008e-20
6360.00   5.3129e-19
6362.00   5.9938e-19
6364.00   5.9192e-20
6366.00   3.4671e-20
6368.00   2.5697e-25
6370.00   5.2610e-17
6372.00   6.1797e-17
6374.00   9.3241e-21
6376.00   1.4933e-22
6378.00   2.8066e-19
6380.00   1.4510e-18
6382.00   6.0022e-20
6384.00   2.0891e-16
6386.00   5.3665e-17
6388.00   3.6737e-19
6390.00   6.2185e-21
6392.00   2.5089e-19
6394.00   2.9087e-19
6396.00   1.1616e-17
6398.00   1.7016e-18
6400.00   4.6521e-19
6402.00   8.7774e-18
6404.00   1.1937e-17
6406.00   3.6978e-20
6408.00   5.1383e-17
6410.00   1.1973e-18
6412.00   2.8252e-20
6414.00   2.8448e-24
6416.00   4.5892e-16
6418.00   1.0705e-19
6420.00   6.8317e-20
6422.00   1.9634e-20
6424.00   7.5845e-20
6426.00   3.0684e-22
6428.00   1.4062e-18
6430.00   1.7791e-21
6432.00   1.9177e-16
6434.00   1.0024e-18
6436.00   3.1726e-20
6438.00   8.1237e-22
6440.00   1.3848e-16
6442.00   2.1647e-17
6444.00   7.2526e-20
6446.00   9.4344e-18
6448.00   1.7136e-23
6450.00   4.7746e-21
6452.00   5.1898e-20
6454.00   8.8549e-19
6456.00   2.1338e-15
6458.00   1.4887e-21
6460.00   6.2952e-22
6462.00   3.7500e-21
6464.00   6.1991e-24
6466.00   3.8459e-17
6468.00   1.7472e-19
6470.00   1.7753e-22
6472.00   3.1198e-19
6474.00   1.0231e-16
6476.00   6.9899e-24
6478.00   1.9852e-25
6480.00   3.0695e-19
6482.00   1.4817e-17
6484.00   3.0348e-19
6486.00   4.0386e-17
6488.00   7.6855e-19
6490.00   6.0092e-22
6492.00   7.8705e-17
6494.00   1.0722e-16
6496.00   9.6533e-21
6498.00   6.9409e-22
6500.00   1.8966e-21
6502.00   2.0771e-22
6504.00   1.4889e-20
6506.00   8.9979e-18
6508.00   4.9262e-17
6510.00   1.8305e-19
6512.00   4.3683e-18
6514.00   9.3580e-20
6516.00   3.3654e-16
6518.00   4.3452e-17
6520.00   4.6425e-20
6522.00   5.4933e-21
6524.00   1.6118e-20
6526.00   2.8368e-23
6528.00   1.3687e-17
6530.00   2.8392e-19
6532.00   6.9156e-17
6534.00   7.4518e-19
6536.00   4.3426e-21
6538.00   1.0977e-19
6540.00   3.1673e-20
6542.00   3.2448e-21
6544.00   3.6669e-18
6546.00   7.4665e-26
6548.00   1.8028e-19
6550.00   2.7850e-19
6552.00   1.1872e-20
6554.00   1.8540e-20
6556.00   1.1254e-19
6558.00   8.2718e-17
6560.00   3.2085e-18
6562.00   4.7760e-17
6564.00   5.7419e-22
6566.00   7.1837e-19
6568.00   2.2925e-23
6570.00   9.9865e-19
6572.00   4.6204e-17
6574.00   1.4489e-17
6576.00   1.0418e-24
6578.00   6.0726e-20
6580.00   6.7265e-20
6582.00   9.4239e-18
6584.00   2.0967e-18
6586.00   5.7620e-17
6588.00   4.6277e-18
6590.00   1.1285e-23
6592.00   4.2090e-20
6594.00   1.0964e-18
6596.00   3.9280e-18
6598.00   8.3668e-18
6600.00   2.0886e-19
6602.00   5.7355e-19
6604.00   7.1013e-20
6606.00   2.3719e-19
6608.00   1.4620e-20
6610.00   5.0277e-18
6612.00   9.6707e-18
6614.00   8.5583e-18
6616.00   1.0579e-20
6618.00   4.6938e-17
6620.00   4.2683e-24
6622.00   3.9726e-21
6624.00   5.6840e-17
6626.00   6.8515e-20
6628.00   1.1008e-18
6630.00   1.2642e-25
6632.00   4.1372e-19
6634.00   6.7406e-21
6636.00   1.2817e-24
6638.00   2.9810e-20
6640.00   7.1097e-20
6642.00   1.3582e-19
6644.00   5.9322e-21
6646.00   1.0884e-25
6648.00   6.8238e-24
6650.00   6.0518e-18
6652.00   9.5748e-17
6654.00   1.5489e-20
6656.00   2.9120e-19
6658.00   1.0719e-17
6660.00   1.7845e-19
6662.00   2.0056e-19
6664.00   7.3315e-22
6666.00   2.9496e-17
6668.00   2.4322e-19
6670.00   1.1971e-19
6672.00   5.0569e-18
6674.00   4.7721e-20
6676.00   1.2720e-21
6678.00   2.0978e-18
6680.00   2.1832e-19
6682.00   1.5995e-17
6684.00   1.2829e-21
6686.00   1.5803e-19
6688.00   2.6466e-19
6690.00   2.3396e-17
6692.00   1.1756e-19
6694.00   4.6808e-18
6696.00   4.6285e-24
6698.00   7.2290e-19
6700.00   2.9034e-17
6702.00   5.0013e-20
6704.00   2.4620e-18
6706.00   5.7402e-19
6708.00   9.6538e-24
6710.00   1.0034e-19
6712.00   5.6461e-22
6714.00   7.6163e-20
6716.00   1.0272e-22
6718.00   4.1645e-22
6720.00   8.3205e-20
6722.00   6.9900e-23
6724.00   3.1485e-19
6726.00   3.3122e-22
6728.00   1.0410e-25
6730.00   3.5577e-17
6732.00   6.0748e-19
6734.00   3.2762e-22
6736.00   6.9937e-21
6738.00   3.4282e-25
6740.00   3.3285e-25
6742.00   1.3499e-20
6744.00   1.8243e-19
6746.00   5.7643e-18
6748.00   2.9224e-21
6750.00   1.3243e-18
6752.00   1.5825e-23
6754.00   1.8082e-19
6756.00   1.1983e-21
6758.00   9.6498e-20
6760.00   1.4849e-19
6762.00   6.8770e-21
6764.00   1.1232e-19
6766.00   6.0613e-20
6768.00   1.2234e-17
6770.00   1.3471e-20
6772.00   1.8049e-20
6774.00   2.8009e-22
6776.00   1.5525e-17
6778.00   1.4589e-21
6780.00   1.7820e-20
6782.00   1.8858e-21
6784.00   3.9870e-23
6786.00   1.1614e-20
6788.00   5.5058e-19
6790.00   4.2018e-21
6792.00   5.0840e-19
6794.00   3.9801e-20
6796.00   4.7206e-19
6798.00   5.3679e-21
6800.00   1.7786e-18
6802.00   4.0293e-20
6804.00   1.6289e-19
6806.00   2.1683e-22
6808.00   2.7872e-26
6810.00   2.7411e-17
6812.00   1.1939e-20
6814.00   8.8163e-20
6816.00   4.3155e-19
6818.00   1.5366e-21
6820.00   5.4485e-18
6822.00   1.0528e-17
6824.00   1.7620e-20
6826.00   2.1568e-19
6828.00   7.1307e-20
6830.00   3.9685e-18
6832.00   6.8645e-18
6834.00   9.4124e-21
6836.00   8.3365e-25
6838.00   1.3431e-18
6840.00   4.8266e-20
6842.00   7.7705e-24
6844.00   2.8779e-19
6846.00   6.9356e-21
6848.00   2.3796e-20
6850.00   1.3481e-21
6852.00   1.0520e-21
6854.00   2.2608e-24
6856.00   2.2146e-17
6858.00   6.4567e-20
6860.00   2.0245e-20
6862.00   1.0366e-16
6864.00   3.0078e-19
6866.00   9.6458e-18
6868.00   6.9396e-21
6870.00   2.7691e-18
6872.00   2.4124e-17
6874.00   1.7218e-16
6876.00   4.6120e-20
6878.00   1.8619e-18
6880.00   1.5038e-24
6882.00   2.0293e-19
6884.00   4.1026e-22
6886.00   3.4066e-20
6888.00   1.9543e-21
6890.00   6.5646e-19
6892.00   2.8729e-19
6894.00   8.2434e-23
6896.00   5.1863e-17
6898.00   1.2780e-26
6900.00   1.5948e-25
6902.00   1.5062e-20
6904.00   4.2592e-25
6906.00   8.5348e-19
6908.00   3.6941e-18
6910.00   1.0803e-21
6912.00   7.4667e-18
6914.00   1.4537e-18
6916.00   8.0457e-21
6918.00   3.3133e-20
6920.00   1.0859e-25
6922.00   2.8113e-19
6924.00   3.7906e-17
6926.00   2.2726e-18
6928.00   8.2343e-21
6930.00   5.5771e-19
6932.00   4.7768e-19
6934.00   3.0289e-18
6936.00   1.3023e-20
6938.00   1.7912e-21
6940.00   2.3639e-19
6942.00   4.0152e-17
6944.00   7.1180e-17
6946.00   2.2736e-18
6948.00   8.6530e-19
6950.00   8.9016e-19
6952.00   6.8546e-22
6954.00   1.5625e-23
6956.00   1.0717e-23
6958.00   5.0830e-19
6960.00   1.4815e-19
6962.00   6.6673e-20
6964.00   5.1140e-19
6966.00   1.6894e-17
6968.00   9.3137e-22
6970.00   6.2773e-21
6972.00   2.4090e-21
6974.00   2.2009e-20
6976.00   2.5487e-21
6978.00   2.8161e-18
6980.00   7.6327e-22
6982.00   3.0485e-21
6984.00   2.4634e-20
6986.00   3.1770e-20
6988.00   4.1707e-21
6990.00   1.9415e-20
6992.00   6.5231e-20
6994.00   1.4800e-17
6996.00   4.0391e-18
6998.00   3.7813e-22
7000.00   1.2214e-18
7002.00   1.4820e-20
7004.00   3.2859e-21
7006.00   3.8067e-22
7008.00   3.2315e-20
7010.00   1.8396e-18
7012.00   3.2398e-18
7014.00   2.9457e-20
7016.00   4.5669e-19
7018.00   5.8418e-18
7020.00   7.2810e-22
7022.00   1.4554e-19
7024.00   2.3410e-21
7026.00   2.2140e-21
7028.00   1.0173e-23
7030.00   2.2752e-18
7032.00   3.8057e-19
7034.00   5.2070e-20
7036.00   1.3827e-20
7038.00   6.9731e-20
7040.00   4.1807e-20
7042.00   2.7238e-20
7044.00   9.7776e-23
7046.00   2.7149e-20
7048.00   2.2645e-17
7050.00   3.3660e-26
7052.00   2.2395e-22
7054.00   6.8573e-18
7056.00   2.4604e-24
7058.00   1.4198e-19
7060.00   2.9064e-19
7062.00   1.2136e-24
7064.00   1.1494e-18
7066.00   8.0623e-21
7068.00   3.0106e-18
7070.00   8.6430e-22
7072.00   1.4296e-24
7074.00   8.8047e-21
7076.00   1.3375e-18
7078.00   1.7642e-20
7080.00   1.3998e-20
7082.00   3.4950e-20
7084.00   1.1849e-20
7086.00   1.2299e-24
7088.00   1.0804e-18
7090.00   2.8896e-19
7092.00   1.2932e-19
7094.00   3.3726e-19
7096.00   5.7445e-23
7098.00   5.0155e-19
7100.00   1.3414e-21
7102.00   5.2647e-22
7104.00   6.0310e-19
7106.00   3.2945e-20
7108.00   1.4571e-21
7110.00   1.5460e-16
7112.00   2.3555e-19
7114.00   2.5545e-18
7116.00   1.6211e-19
7118.00   1.3216e-18
7120.00   5.4246e-23
7122.00   3.4388e-24
7124.00   3.0055e-19
7126.00   1.0175e-22
7128.00   4.3647e-19
7130.00   5.2818e-19
7132.00   2.0025e-17
7134.00   3.4141e-20
7136.00   5.3542e-18
7138.00   1.4250e-20
7140.00   4.1930e-19
7142.00   6.6278e-23
7144.00   6.5126e-24
7146.00   9.0553e-20
7148.00   1.4567e-19
7150.00   2.7020e-20
7152.00   1.8205e-19
7154.00   2.4479e-23
7156.00   2.0914e-15
7158.00   1.0575e-19
7160.00   1.6230e-23
7162.00   1.6680e-18
7164.00   2.7022e-18
7166.00   3.9341e-20
7168.00   2.6980e-18
7170.00   4.1104e-19
7172.00   5.5130e-16
7174.00   9.1032e-20
7176.00   7.4141e-25
7178.00   9.9871e-20
7180.00   1.2649e-17
7182.00   1.9878e-18
7184.00   7.2056e-17
7186.00   2.5128e-18
7188.00   1.8568e-24
7190.00   3.2780e-21
7192.00   7.4383e-18
7194.00   6.1250e-18
7196.00   8.7590e-22
7198.00   1.1376e-20
7200.00   9.3065e-20
7202.00   2.4580e-18
7204.00   6.8827e-18
7206.00   1.2922e-18
7208.00   7.8111e-24
7210.00   1.5194e-22
7212.00   1.5623e-18
7214.00   2.5166e-18
7216.00   1.3734e-18
7218.00   4.4147e-20
7220.00   3.9843e-27
7222.00   4.4777e-17
7224.00   5.1722e-17
7226.00   2.0128e-18
7228.00   9.0396e-21
7230.00   2.7222e-20
7232.00   1.5087e-21
7234.00   1.1091e-20
7236.00   4.8584e-22
7238.00   2.4966e-20
7240.00   7.5317e-20
7242.00   9.5910e-21
7244.00   1.4912e-19
7246.00   1.9786e-19
7248.00   3.4674e-19
7250.00   1.1343e-18
7252.00   2.0099e-24
7254.00   2.3357e-17
7256.00   1.5772e-26
7258.00   1.6637e-23
7260.00   4.0091e-21
7262.00   1.7965e-19
7264.00   5.7846e-18
7266.00   3.2627e-18
7268.00   6.2902e-18
7270.00   8.3426e-21
7272.00   1.0593e-26
7274.00   1.4378e-18
7276.00   6.4142e-19
7278.00   7.9774e-18
7280.00   7.8490e-18
7282.00   3.9913e-18
7284.00   2.0088e-22
7286.00   2.1388e-19
7288.00   5.7568e-18
7290.00   5.5965e-18
7292.00   1.1498e-22
7294.00   5.0604e-20
7296.00   7.3681e-21
7298.00   1.1405e-20
7300.00   7.1079e-20
7302.00   4.2329e-17
7304.00   2.3750e-19
7306.00   1.6655e-18
7308.00   7.7130e-17
7310.00   4.7108e-17
7312.00   1.7417e-21
7314.00   2.5143e-21
7316.00   3.7236e-20
7318.00   2.8386e-18
7320.00   6.2211e-17
7322.00   1.6083e-18
7324.00   4.7128e-21
7326.00   3.9397e-23
7328.00   1.7785e-18
7330.00   1.7177e-18
7332.00   1.5762e-19
7334.00   3.6345e-18
7336.00   1.8216e-16
7338.00   1.0552e-23
7340.00   2.0290e-28
7342.00   6.5380e-21
7344.00   1.2948e-22
7346.00   1.5209e-21
7348.00   5.8962e-26
7350.00   6.8905e-19
7352.00   8.5002e-18
7354.00   1.7786e-19
7356.00   1.6556e-21
7358.00   3.1645e-18
7360.00   1.3788e-20
7362.00   1.0186e-19
7364.00   2.4439e-22
7366.00   6.0487e-20
7368.00   1.0519e-21
7370.00   1.1563e-17
7372.00   2.6790e-22
7374.00   2.9772e-22
7376.00   4.2155e-25
7378.00   2.2584e-21
7380.00   3.0905e-20
7382.00   1.3753e-19
7384.00   5.1533e-23
7386.00   5.7058e-20
7388.00   4.0597e-16
7390.00   1.6181e-19
7392.00   1.8572e-23
7394.00   1.8997e-21
7396.00   3.9703e-22
7398.00   4.5540e-20
7400.00   1.8723e-17
7402.00   9.9309e-18
7404.00   1.0183e-25
7406.00   7.0709e-20
7408.00   4.5175e-20
7410.00   9.6664e-17
7412.00   1.0839e-20
7414.00   4.1184e-19
7416.00   2.4146e-20
7418.00   7.1679e-18
7420.00   3.9290e-18
7422.00   4.5972e-20
7424.00   6.5233e-19
7426.00   1.6570e-18
7428.00   9.0185e-20
7430.00   1.9901e-18
7432.00   5.9033e-19
7434.00   2.1537e-20
7436.00   5.8010e-19
7438.00   1.1144e-19
7440.00   1.5938e-20
7442.00   3.9565e-19
7444.00   3.2577e-26
7446.00   4.7986e-17
7448.00   4.6433e-25
7450.00   6.2456e-17
7452.00   6.4672e-16
7454.00   6.0621e-18
7456.00   2.7846e-19
7458.00   7.5277e-23
7460.00   8.1910e-23
7462.00   1.4694e-16
7464.00   2.5620e-21
7466.00   2.4687e-17
7468.00   1.1306e-24
7470.00   1.7489e-21
7472.00   4.6534e-20
7474.00   1.5867e-22
7476.00   6.5438e-21
7478.00   2.8743e-24
7480.00   2.2705e-18
7482.00   7.2632e-18
7484.00   1.5772e-25
7486.00   9.2319e-20
7488.00   6.6414e-19
7490.00   5.4441e-22
7492.00   1.3848e-20
7494.00   7.6352e-23
7496.00   1.8637e-21
7498.00   2.8777e-20
7500.00   4.7565e-19
7502.00   5.8337e-19
7504.00   7.5342e-19
7506.00   5.6059e-19
7508.00   1.0307e-21
7510.00   1.7433e-20
7512.00   2.5571e-25
7514.00   6.6301e-20
7516.00   9.4757e-17
7518.00   2.7971e-20
7520.00   1.1816e-16
7522.00   1.4712e-21
7524.00   6.6846e-19
7526.00   3.4473e-20
7528.00   6.4256e-22
7530.00   1.9761e-21
7532.00   5.5481e-19
7534.00   8.5028e-17
7536.00   2.1783e-23
7538.00   1.3801e-22
7540.00   2.0603e-18
7542.00   1.0257e-20
7544.00   1.0281e-18
7546.00   1.6367e-25
7548.00   1.2274e-19
7550.00   7.0897e-22
7552.00   8.3129e-19
7554.00   3.5404e-19
7556.00   1.4762e-21
7558.00   3.8320e-21
7560.00   8.0634e-20
7562.00   3.4953e-20
7564.00   2.4620e-19
7566.00   1.3280e-19
7568.00   2.4335e-19
7570.00   3.8576e-21
7572.00   1.7979e-21
7574.00   2.0354e-26
7576.00   5.9125e-19
7578.00   2.4128e-24
7580.00   9.8822e-17
7582.00   2.5900e-19
7584.00   3.2825e-18
7586.00   2.2917e-20
7588.00   8.2017e-21
7590.00   4.5490e-26
7592.00   7.8868e-22
7594.00   5.2825e-21
7596.00   2.7443e-19
7598.00   2.2372e-19
7600.00   2.8590e-19
7602.00   1.7875e-20
7604.00   3.8485e-21
7606.00   3.5834e-20
7608.00   3.5156e-23
7610.00   2.4353e-19
7612.00   1.5436e-25
7614.00   1.1318e-17
7616.00   1.1990e-18
7618.00   4.1037e-17
7620.00   4.6678e-19
7622.00   3.6109e-19
7624.00   8.2166e-23
7626.00   1.8326e-22
7628.00   2.5973e-26
7630.00   2.4184e-20
7632.00   3.5081e-21
7634.00   1.3260e-19
7636.00   6.5390e-23
7638.00   6.4500e-17
7640.00   1.7422e-20
7642.00   9.6959e-20
7644.00   5.7309e-21
7646.00   1.1905e-18
7648.00   5.8470e-17
7650.00   6.7939e-21
7652.00   1.0147e-22
7654.00   1.1167e-17
7656.00   5.6371e-17
7658.00   3.6437e-17
7660.00   1.3026e-17
7662.00   2.6917e-24
7664.00   6.3900e-22
7666.00   2.7385e-17
7668.00   4.4012e-22
7670.00   5.0932e-23
7672.00   4.3226e-18
7674.00   2.3031e-19
7676.00   2.1111e-19
7678.00   1.8656e-20
7680.00   2.3554e-25
7682.00   2.3653e-24
7684.00   5.3789e-23
7686.00   2.0240e-16
7688.00   1.4020e-19
7690.00   2.1701e-19
7692.00   1.8918e-20
7694.00   1.4999e-18
7696.00   1.0110e-20
7698.00   7.1071e-18
7700.00   1.2909e-18
7702.00   9.7340e-20
7704.00   5.8746e-25
7706.00   2.7904e-20
7708.00   5.1104e-20
7710.00   5.3942e-18
7712.00   3.9424e-16
7714.00   9.3679e-20
7716.00   6.5114e-20
7718.00   1.2698e-23
7720.00   1.5622e-17
7722.00   1.5401e-24
7724.00   3.5905e-20
7726.00   1.4051e-22
7728.00   3.5557e-22
7730.00   7.8992e-20
7732.00   6.2052e-20
7734.00   7.0154e-18
7736.00   5.6253e-23
7738.00   4.2912e-17
7740.00   4.0554e-18
7742.00   1.0141e-18
7744.00   1.0526e-22
7746.00   1.4398e-20
7748.00   1.0301e-19
7750.00   6.9164e-25
7752.00   3.6435e-22
7754.00   2.1569e-23
7756.00   6.7208e-22
7758.00   9.4774e-19
7760.00   3.7953e-22
7762.00   9.3493e-20
7764.00   4.2702e-17
7766.00   1.9938e-19
7768.00   1.0107e-23
7770.00   6.8154e-28
7772.00   1.2902e-22
7774.00   2.7035e-18
7776.00   1.0395e-23
7778.00   1.5283e-18
7780.00   4.1084e-22
7782.00   1.5963e-22
7784.00   8.5669e-19
7786.00   6.4697e-22
7788.00   6.7682e-20
7790.00   2.2899e-20
7792.00   2.6756e-19
7794.00   8.6306e-20
7796.00   1.8597e-25
7798.00   3.2934e-18
7800.00   7.5470e-26
7802.00   1.5412e-17
7804.00   1.2862e-18
7806.00   1.8577e-17
7808.00   8.7276e-19
7810.00   2.5088e-22
7812.00   3.0539e-21
7814.00   2.4388e-17
7816.00   3.8019e-19
7818.00   2.7921e-19
7820.00   8.2398e-20
7822.00   3.9671e-23
7824.00   8.2099e-20
7826.00   6.3078e-20
7828.00   4.4743e-23
7830.00   7.6043e-18
7832.00   4.3574e-18
7834.00   7.3845e-19
7836.00   1.2028e-17
7838.00   1.2847e-19
7840.00   1.3836e-18
7842.00   1.0019e-17
7844.00   1.5794e-19
7846.00   8.5393e-20
7848.00   3.2602e-19
7850.00   5.1199e-25
7852.00   1.1767e-19
7854.00   1.0349e-21
7856.00   1.7941e-20
7858.00   1.1612e-24
7860.00   1.5174e-19
7862.00   3.9378e-19
7864.00   7.4553e-23
7866.00   1.0550e-16
7868.00   1.1646e-21
7870.00   1.1550e-20
7872.00   8.2019e-19
7874.00   5.3754e-18
7876.00   6.9680e-24
7878.00   1.1514e-22
7880.00   1.0257e-22
7882.00   2.5562e-18
7884.00   8.9267e-23
7886.00   5.8970e-19
7888.00   2.5942e-22
7890.00   1.8192e-22
7892.00   1.6296e-18
7894.00   6.1578e-18
7896.00   2.5621e-18
7898.00   6.7219e-17
7900.00   4.7924e-19
7902.00   8.9890e-24
7904.00   4.6597e-20
7906.00   2.4222e-20
7908.00   8.9723e-24
7910.00   6.3443e-25
7912.00   1.0257e-20
7914.00   1.7801e-17
7916.00   2.7424e-21
7918.00   1.4076e-16
7920.00   4.2996e-27
7922.00   2.6396e-19
7924.00   2.8581e-26
7926.00   1.0099e-18
7928.00   3.7602e-22
7930.00   3.1411e-19
7932.00   1.0567e-20
7934.00   2.1571e-19
7936.00   1.6089e-23
7938.00   3.1230e-18
7940.00   5.8909e-21
7942.00   6.7936e-20
7944.00   3.1239e-26
7946.00   1.4276e-19
7948.00   7.2815e-18
7950.00   8.2356e-22
7952.00   8.0394e-19
7954.00   1.1909e-18
7956.00   1.9767e-19
7958.00   3.6662e-19
7960.00   6.0873e-27
7962.00   8.4405e-24
7964.00   8.6671e-25
7966.00   5.7453e-21
7968.00   3.0608e-19
7970.00   1.9059e-18
7972.00   5.8758e-22
7974.00   4.7485e-19
7976.00   1.1317e-16
7978.00   2.2036e-19
7980.00   2.2441e-20
7982.00   1.0548e-16
7984.00   6.8876e-20
7986.00   5.8162e-20
7988.00   4.1634e-20
7990.00   6.2734e-22
7992.00   5.2178e-23
7994.00   4.9086e-19
7996.00   2.8203e-18
7998.00   8.2970e-19
8000.00   1.0119e-19
8002.00   7.2449e-22
8004.00   2.9810e-21
8006.00   5.5174e-22
8008.00   7.9701e-18
8010.00   1.4669e-20
8012.00   2.2784e-18
8014.00   1.0645e-18
8016.00   1.9008e-19
8018.00   1.3692e-18
8020.00   4.1513e-23
8022.00   3.1030e-19
8024.00   7.2552e-20
8026.00   1.0860e-22
8028.00   3.4312e-20
8030.00   3.7105e-17
8032.00   8.0694e-19
8034.00   4.4181e-23
8036.00   3.2729e-19
8038.00   1.5761e-17
8040.00   2.5602e-22
8042.00   3.1601e-18
8044.00   1.8104e-19
8046.00   1.9144e-26
8048.00   1.6710e-20
8050.00   2.1942e-20
8052.00   1.2825e-20
8054.00   4.8423e-17
8056.00   2.0413e-26
8058.00   8.9756e-23
8060.00   7.0696e-18
8062.00   2.7562e-20
8064.00   6.2352e-18
8066.00   1.8957e-23
8068.00   3.5823e-20
8070.00   1.1355e-19
8072.00   2.5032e-24
8074.00   3.7671e-18
8076.00   1.2532e-17
8078.00   4.1678e-19
8080.00   4.7005e-18
8082.00   3.0480e-25
8084.00   3.5678e-17
8086.00   5.3375e-18
8088.00   4.9456e-23
8090.00   1.2186e-20
8092.00   3.2789e-18
8094.00   5.0978e-20
8096.00   1.9096e-18
8098.00   6.8397e-20
8100.00   2.5927e-27
8102.00   4.8816e-22
8104.00   8.8114e-19
8106.00   5.1532e-20
8108.00   3.9352e-18
8110.00   1.1700e-22
8112.00   3.2759e-21
8114.00   1.6001e-19
8116.00   4.9146e-26
8118.00   7.0728e-20
8120.00   1.0753e-17
8122.00   9.5577e-19
8124.00   5.5113e-19
8126.00   1.6988e-20
8128.00   8.0607e-20
8130.00   2.5679e-19
8132.00   1.0083e-19
8134.00   3.0808e-23
8136.00   3.4359e-17
8138.00   1.6176e-25
8140.00   4.0686e-21
8142.00   1.3316e-19
8144.00   9.7205e-20
8146.00   3.4314e-20
8148.00   6.9338e-18
8150.00   1.5366e-22
8152.00   7.4953e-19
8154.00   1.8521e-21
8156.00   1.3857e-21
8158.00   1.4524e-18
8160.00   1.1825e-17
8162.00   2.3392e-24
8164.00   6.0006e-19
8166.00   3.3206e-25
8168.00   1.2442e-18
8170.00   1.2129e-22
8172.00   9.6603e-20
8174.00   3.2913e-19
8176.00   1.8207e-26
8178.00   2.0570e-20
8180.00   2.4489e-24
8182.00   6.4002e-21
8184.00   4.1221e-21
8186.00   8.3785e-20
8188.00   1.0985e-23
8190.00   7.6915e-19
8192.00   5.7720e-19
8194.00   6.8115e-21
8196.00   1.0877e-22
8198.00   5.2513e-18
8200.00   6.0399e-21
8202.00   1.5002e-19
8204.00   3.9173e-19
8206.00   2.1764e-19
8208.00   3.3406e-17
8210.00   1.3614e-17
8212.00   1.0167e-17
8214.00   1.5812e-21
8216.00   3.3372e-19
8218.00   1.6731e-20
8220.00   3.5317e-21
8222.00   9.9002e-18
8224.00   1.0993e-23
8226.00   2.7150e-23
8228.00   5.1751e-16
8230.00   7.3944e-21
8232.00   4.8147e-22
8234.00   9.3620e-19
8236.00   5.5468e-25
8238.00   1.0870e-18
8240.00   5.5734e-20
8242.00   2.7548e-19
8244.00   7.1587e-25
8246.00   2.5734e-18
8248.00   4.2098e-18
8250.00   2.6666e-17
8252.00   6.5661e-19
8254.00   6.1089e-20
8256.00   5.8786e-20
8258.00   4.1648e-19
8260.00   5.0817e-17
8262.00   2.1715e-20
8264.00   5.6363e-18
8266.00   2.4008e-21
8268.00   5.4869e-24
8270.00   1.0834e-21
8272.00   1.0604e-20
8274.00   9.1918e-19
8276.00   2.0950e-18
8278.00   4.7980e-20
8280.00   8.9310e-22
8282.00   4.1967e-19
8284.00   1.5374e-17
8286.00   4.4482e-22
8288.00   3.3226e-16
8290.00   7.4241e-18
8292.00   1.4806e-22
8294.00   4.2786e-18
8296.00   3.7164e-20
8298.00   1.0195e-19
8300.00   4.0664e-18
8302.00   1.0420e-17
8304.00   1.4425e-19
8306.00   3.1226e-17
8308.00   1.3629e-19
8310.00   2.0135e-17
8312.00   2.9933e-21
8314.00   5.5090e-20
8316.00   6.3021e-21
8318.00   1.4954e-25
8320.00   4.5360e-21
8322.00   4.7415e-18
8324.00   1.2790e-19
8326.00   9.9132e-27
8328.00   1.2290e-21
8330.00   1.5682e-19
8332.00   3.7870e-21
8334.00   6.2682e-20
8336.00   8.5366e-22
8338.00   1.1192e-18
8340.00   3.4666e-19
8342.00   5.3238e-20
8344.00   1.7853e-19
8346.00   4.2254e-20
8348.00   2.2880e-20
8350.00   8.1121e-23
8352.00   1.3356e-19
8354.00   3.0089e-21
8356.00   6.6126e-20
8358.00   1.3676e-16
8360.00   2.5872e-21
8362.00   8.3787e-26
8364.00   1.2033e-23
8366.00   5.8052e-19
8368.00   1.3684e-17
8370.00   4.7623e-24
8372.00   1.7586e-18
8374.00   1.6359e-20
8376.00   3.0616e-19
8378.00   1.1218e-18
8380.00   2.2729e-25
8382.00   8.5983e-19
8384.00   2.9123e-26
8386.00   1.5625e-17
8388.00   2.6327e-18
8390.00   4.1044e-20
8392.00   7.3220e-19
8394.00   1.8413e-25
8396.00   5.4059e-19
8398.00   8.3672e-18
8400.00   2.8845e-22
8402.00   4.7247e-22
8404.00   1.1285e-17
8406.00   4.1220e-20
8408.00   5.1864e-19
8410.00   9.9404e-21
8412.00   2.3022e-18
8414.00   5.1104e-19
8416.00   1.5307e-19
8418.00   2.8643e-23
8420.00   5.9356e-18
8422.00   2.8473e-21
8424.00   8.6998e-17
8426.00   1.7474e-26
8428.00   9.7660e-21
8430.00   6.0933e-21
8432.00   6.6094e-20
8434.00   4.2359e-20
8436.00   7.2942e-20
8438.00   2.0022e-19
8440.00   1.3803e-20
8442.00   3.5708e-24
8444.00   4.4210e-17
8446.00   6.7317e-20
8448.00   1.6008e-22
8450.00   1.9202e-21
8452.00   1.4581e-18
8454.00   7.8309e-19
8456.00   3.7347e-24
8458.00   1.3176e-19
8460.00   9.9089e-23
8462.00   7.0610e-25
8464.00   2.9783e-21
8466.00   4.2736e-19
8468.00   2.3186e-17
8470.00   5.7276e-17
8472.00   3.5647e-19
8474.00   3.5931e-19
8476.00   5.9208e-21
8478.00   7.8649e-21
8480.00   1.2038e-18
8482.00   2.2563e-19
8484.00   9.6575e-20
8486.00   1.6847e-18
8488.00   1.0081e-23
8490.00   2.1157e-16
8492.00   3.4727e-19
8494.00   2.0916e-22
8496.00   1.2664e-19
8498.00   1.3304e-20
8500.00   1.3762e-16
8502.00   6.4531e-24
8504.00   2.4611e-18
8506.00   9.9078e-20
8508.00   4.5729e-17
8510.00   2.6869e-24
8512.00   3.2902e-21
8514.00   1.4746e-19
8516.00   8.2345e-23
8518.00   2.6590e-17
8520.00   1.1708e-24
8522.00   1.1154e-21
8524.00   2.5840e-18
8526.00   2.9123e-21
8528.00   8.1936e-19
8530.00   3.4286e-20
8532.00   4.2756e-20
8534.00   6.7832e-23
8536.00   1.4065e-21
8538.00   4.9810e-23
8540.00   1.8028e-22
8542.00   1.4691e-24
8544.00   3.8319e-20
8546.00   1.5288e-17
8548.00   3.2609e-19
8550.00   3.3038e-18
8552.00   5.8001e-21
8554.00   1.7656e-18
8556.00   1.7013e-19
8558.00   1.6592e-19
8560.00   6.4902e-28
8562.00   1.8196e-24
8564.00   1.0264e-18
8566.00   9.4914e-21
8568.00   3.2527e-20
8570.00   3.8111e-20
8572.00   1.2830e-19
8574.00   1.2247e-17
8576.00   1.9645e-19
8578.00   1.6766e-21
8580.00   8.7458e-20
8582.00   3.6047e-20
8584.00   1.9455e-22
8586.00   9.8945e-23
8588.00   5.6375e-24
8590.00   4.5809e-20
8592.00   1.7713e-21
8594.00   8.3253e-20
8596.00   3.2867e-16
8598.00   3.8153e-21
8600.00   1.1550e-17
8602.00   4.8698e-21
8604.00   1.5567e-19
8606.00   2.2770e-18
8608.00   8.0042e-25
8610.00   4.3374e-24
8612.00   1.2049e-18
8614.00   7.3397e-25
8616.00   2.2178e-16
8618.00   2.0328e-22
8620.00   3.6612e-21
8622.00   3.4454e-21
8624.00   2.0131e-22
8626.00   9.8899e-19
8628.00   2.9723e-19
8630.00   4.6449e-20
8632.00   3.5642e-23
8634.00   3.4099e-20
8636.00   1.3024e-19
8638.00   2.0175e-22
8640.00   1.1677e-21
8642.00   5.4739e-18
8644.00   4.2500e-22
8646.00   1.2177e-24
8648.00   1.6403e-24
8650.00   3.1842e-19
8652.00   1.1480e-24
8654.00   2.5645e-18
8656.00   2.2794e-20
8658.00   8.4289e-26
8660.00   1.8558e-21
8662.00   3.8622e-22
8664.00   1.4005e-19
8666.00   1.6862e-21
8668.00   2.1715e-20
8670.00   1.0890e-20
8672.00   1.6995e-17
8674.00   2.9486e-23
8676.00   3.1749e-19
8678.00   1.0879e-18
8680.00   5.0921e-26
8682.00   7.5901e-25
8684.00   4.6102e-18
8686.00   7.2484e-24
8688.00   1.0229e-22
8690.00   5.8920e-19
8692.00   5.2712e-23
8694.00   8.8714e-22
8696.00   1.4221e-17
8698.00   2.0430e-26
8700.00   1.6560e-21
8702.00   2.3570e-22
8704.00   4.4412e-19
8706.00   3.3996e-18
8708.00   3.5733e-18
8710.00   4.7024e-26
8712.00   9.8590e-26
8714.00   6.2565e-20
8716.00   3.8082e-17
8718.00   1.4511e-21
8720.00   2.4968e-19
8722.00   1.9855e-16
8724.00   1.3673e-22
8726.00   1.5393e-26
8728.00   4.5094e-22
8730.00   1.7296e-23
8732.00   4.8037e-20
8734.00   4.4440e-18
8736.00   2.6214e-20
8738.00   2.6652e-26
8740.00   1.4061e-18
8742.00   3.5654e-24
8744.00   2.7649e-20
8746.00   3.1137e-20
8748.00   4.0195e-20
8750.00   2.2494e-18
8752.00   1.1994e-19
8754.00   2.2405e-20
8756.00   2.6167e-19
8758.00   3.8534e-18
8760.00   9.6025e-22
8762.00   3.2092e-18
8764.00   1.0634e-20
8766.00   4.1246e-23
8768.00   4.8281e-26
8770.00   2.1921e-24
8772.00   5.7538e-23
8774.00   1.1239e-22
8776.00   1.2528e-18
8778.00   4.6756e-25
8780.00   8.5286e-25
8782.00   2.1164e-21
8784.00   6.7696e-23
8786.00   5.8541e-26
8788.00   1.2807e-21
8790.00   2.1050e-22
8792.00   5.7441e-22
8794.00   1.1747e-18
8796.00   4.4851e-21
8798.00   1.6900e-21
8800.00   3.1714e-25
8802.00   1.0570e-27
8804.00   6.0303e-22
8806.00   3.8485e-17
8808.00   1.4147e-22
8810.00   5.5979e-19
8812.00   3.8904e-21
8814.00   2.8699e-20
8816.00   2.0041e-15
8818.00   7.8109e-22
8820.00   2.9891e-19
8822.00   8.6633e-25
8824.00   1.0607e-17
8826.00   2.4823e-18
8828.00   2.6011e-16
8830.00   9.4664e-23
8832.00   6.2618e-25
8834.00   1.0712e-22
8836.00   5.0935e-23
8838.00   2.3326e-19
8840.00   1.5122e-24
8842.00   3.6310e-21
8844.00   1.1126e-20
8846.00   1.0454e-20
8848.00   9.6656e-18
8850.00   1.1222e-20
8852.00   8.2976e-19
8854.00   3.2422e-20
8856.00   2.4957e-22
8858.00   6.2364e-21
8860.00   1.0170e-17
8862.00   1.3501e-19
8864.00   8.3950e-21
8866.00   5.3174e-28
8868.00   1.0582e-17
8870.00   3.4979e-19
8872.00   2.4106e-27
8874.00   1.1507e-16
8876.00   3.2345e-20
8878.00   2.8599e-24
8880.00   3.6655e-25
8882.00   3.6614e-21
8884.00   2.4011e-20
8886.00   1.7357e-17
8888.00   7.0593e-26
8890.00   1.5103e-18
8892.00   1.3133e-16
8894.00   2.0523e-23
8896.00   1.8538e-21
8898.00   3.6961e-18
8900.00   1.1662e-24
8902.00   1.9978e-20
8904.00   1.0511e-23
8906.00   4.8213e-22
8908.00   3.0841e-21
8910.00   6.3526e-23
8912.00   1.1588e-18
8914.00   9.1683e-25
8916.00   1.9322e-24
8918.00   7.3741e-21
8920.00   9.2752e-17
8922.00   9.9659e-19
8924.00   8.2521e-21
8926.00   6.0579e-16
8928.00   1.1933e-21
8930.00   2.2270e-26
8932.00   2.2496e-19
8934.00   3.4268e-20
8936.00   1.4914e-26
8938.00   1.2699e-15
8940.00   8.5816e-22
8942.00   9.3157e-24
8944.00   7.4738e-20
8946.00   4.7160e-19
8948.00   2.7919e-23
8950.00   3.0492e-19
8952.00   2.3838e-23
8954.00   2.0464e-26
8956.00   1.8277e-16
8958.00   1.5267e-23
8960.00   2.7606e-19
8962.00   1.4646e-22
8964.00   2.6142e-24
8966.00   2.9680e-19
8968.00   3.9475e-21
8970.00   9.8037e-21
8972.00   1.6268e-21
8974.00   2.2233e-26
8976.00   5.7400e-21
8978.00   3.8221e-28
8980.00   1.4788e-22
8982.00   4.7381e-18
8984.00   2.5048e-25
8986.00   6.5765e-21
8988.00   1.0179e-20
8990.00   2.8526e-18
8992.00   3.1865e-24
8994.00   1.6794e-20
8996.00   4.9295e-24
8998.00   3.4434e-25
9000.00   6.6804e-20
9002.00   1.1358e-20
9004.00   6.4104e-26
9006.00   3.7887e-17
9008.00   4.9054e-27
9010.00   2.8723e-21
9012.00   5.4984e-24
9014.00   7.2623e-18
9016.00   5.6284e-26
9018.00   6.5086e-26
9020.00   6.6953e-20
9022.00   1.7579e-24
9024.00   2.0028e-19
9026.00   1.8524e-19
9028.00   2.0064e-18
9030.00   1.1474e-19
9032.00   1.3602e-22
9034.00   4.9908e-17
9036.00   3.0200e-18
9038.00   5.8709e-19
9040.00   1.1749e-26
9042.00   3.5108e-21
9044.00   4.5126e-23
9046.00   3.6537e-27
9048.00   8.8693e-19
9050.00   2.8664e-20
9052.00   3.0381e-16
9054.00   2.9917e-25
9056.00   2.0051e-19
9058.00   1.1267e-18
9060.00   4.7768e-20
9062.00   8.6521e-16
9064.00   4.7069e-23
9066.00   2.7900e-20
9068.00   6.5515e-24
9070.00   3.9664e-16
9072.00   2.1652e-21
9074.00   1.9470e-19
9076.00   9.4558e-17
9078.00   6.1017e-16
9080.00   1.5170e-18
9082.00   9.8492e-20
9084.00   6.3216e-18
9086.00   8.9805e-24
9088.00   1.3609e-21
9090.00   1.1060e-18
9092.00   2.5561e-23
9094.00   4.9233e-26
9096.00   6.0759e-17
9098.00   1.4212e-21
9100.00   1.1376e-21
9102.00   1.1931e-22
9104.00   8.1579e-20
9106.00   1.3060e-19
9108.00   2.4891e-27
9110.00   7.1375e-21
9112.00   3.0044e-19
9114.00   1.6267e-20
9116.00   9.7720e-18
9118.00   6.1859e-21
9120.00   1.6205e-26
9122.00   1.1992e-15
9124.00   1.3757e-26
9126.00   9.5015e-19
9128.00   8.4462e-22
9130.00   4.0225e-19
9132.00   2.3808e-18
9134.00   6.4813e-18
9136.00   6.3613e-21
9138.00   4.1649e-20
9140.00   4.9607e-24
9142.00   2.0985e-22
9144.00   1.7771e-23
9146.00   3.1690e-21
9148.00   4.4480e-25
9150.00   1.4596e-22
9152.00   3.0627e-22
9154.00   1.3556e-19
9156.00   7.4701e-17
9158.00   2.8916e-26
9160.00   3.0065e-23
9162.00   1.3114e-26
9164.00   1.8706e-20
9166.00   1.9672e-24
9168.00   3.7050e-19
9170.00   1.3398e-20
9172.00   6.3362e-17
9174.00   2.4533e-25
9176.00   8.8653e-16
9178.00   5.6271e-16
9180.00   3.5254e-17
9182.00   1.2249e-19
9184.00   7.0755e-21
9186.00   3.4827e-26
9188.00   9.1454e-17
9190.00   1.2167e-22
9192.00   6.1462e-19
9194.00   4.1161e-19
9196.00   1.9337e-16
9198.00   1.2685e-22
9200.00   3.8749e-19
9202.00   7.8476e-18
9204.00   8.0260e-16
9206.00   2.0454e-24
9208.00   4.4545e-25
9210.00   2.9227e-16
9212.00   1.6960e-19
9214.00   8.6755e-19
9216.00   2.5969e-20
9218.00   1.2894e-25
9220.00   2.1344e-21
9222.00   6.1580e-20
9224.00   1.7602e-21
9226.00   1.4387e-16
9228.00   2.1303e-20
9230.00   5.0553e-25
9232.00   1.4053e-17
9234.00   6.7551e-21
9236.00   4.8447e-26
9238.00   1.5186e-18
9240.00   1.4878e-21
9242.00   1.2029e-18
9244.00   9.3370e-21
9246.00   1.7917e-21
9248.00   9.9703e-20
9250.00   2.1827e-20
9252.00   7.1912e-17
9254.00   2.2577e-21
9256.00   9.8257e-26
9258.00   7.8227e-18
9260.00   1.1186e-23
9262.00   5.0723e-29
9264.00   2.8134e-20
9266.00   1.2188e-23
9268.00   9.8004e-17
9270.00   2.2251e-22
9272.00   5.8329e-17
9274.00   1.4622e-18
9276.00   7.4639e-27
9278.00   5.5406e-24
9280.00   3.3462e-28
9282.00   4.5137e-20
9284.00   4.1242e-21
9286.00   2.4989e-19
9288.00   3.1608e-24
9290.00   5.9434e-18
9292.00   1.7211e-26
9294.00   1.5271e-22
9296.00   2.2525e-16
9298.00   1.5623e-18
9300.00   1.3414e-21
9302.00   1.1424e-27
9304.00   1.1662e-16
9306.00   7.1899e-21
9308.00   6.1256e-22
9310.00   2.4797e-21
9312.00   5.8345e-23
9314.00   9.2083e-24
9316.00   8.8706e-18
9318.00   6.5650e-24
9320.00   1.2096e-18
9322.00   4.6060e-19
9324.00   2.0965e-17
9326.00   1.2834e-16
9328.00   4.1332e-17
9330.00   6.9204e-20
9332.00   2.9329e-26
9334.00   1.9409e-24
9336.00   4.8405e-20
9338.00   4.3428e-21
9340.00   1.2584e-23
9342.00   5.0771e-17
9344.00   1.5677e-28
9346.00   2.6572e-22
9348.00   6.3471e-19
9350.00   4.9333e-18
9352.00   9.3082e-18
9354.00   2.1281e-26
9356.00   6.0826e-19
9358.00   8.7663e-19
9360.00   7.4610e-25
9362.00   6.3062e-21
9364.00   2.2104e-25
9366.00   1.6215e-20
9368.00   3.0295e-17
9370.00   8.7319e-26
9372.00   1.7998e-20
9374.00   5.9031e-20
9376.00   2.4208e-17
9378.00   1.3242e-22
9380.00   7.7081e-22
9382.00   3.2720e-18
9384.00   4.9046e-18
9386.00   4.3313e-21
9388.00   5.3140e-17
9390.00   3.6309e-22
9392.00   1.3375e-19
9394.00   5.6602e-21
9396.00   9.0220e-28
9398.00   3.3858e-26
9400.00   1.1014e-16
9402.00   1.3077e-23
9404.00   1.0700e-19
9406.00   6.7389e-21
9408.00   3.6393e-17
9410.00   5.4938e-18
9412.00   3.2918e-21
9414.00   1.2311e-20
9416.00   7.5062e-25
9418.00   5.5475e-17
9420.00   1.0784e-21
9422.00   2.0667e-22
9424.00   3.0815e-21
9426.00   1.2473e-19
9428.00   6.5893e-15
9430.00   1.2230e-20
9432.00   8.6616e-19
9434.00   1.3632e-28
9436.00   1.7191e-17
9438.00   9.7722e-20
9440.00   1.8090e-20
9442.00   6.9981e-20
9444.00   2.8607e-25
9446.00   1.1450e-18
9448.00   5.5746e-21
9450.00   1.0355e-25
9452.00   2.5867e-20
9454.00   4.4680e-25
9456.00   6.4163e-20
9458.00   1.0522e-21
9460.00   2.4720e-22
9462.00   8.8373e-22
9464.00   3.5720e-18
9466.00   4.0261e-18
9468.00   5.0081e-20
9470.00   5.9469e-17
9472.00   8.5736e-22
9474.00   6.0745e-16
9476.00   9.2555e-21
9478.00   3.5617e-21
9480.00   2.6456e-25
9482.00   9.3894e-19
9484.00   1.6984e-23
9486.00   1.8660e-20
9488.00   9.1940e-25
9490.00   1.0489e-18
9492.00   1.2286e-19
9494.00   2.2979e-27
9496.00   9.4647e-20
9498.00   5.5386e-17
9500.00   1.1256e-19
9502.00   1.4708e-26
9504.00   1.2050e-21
9506.00   9.5073e-27
9508.00   1.0778e-21
9510.00   1.7982e-15
9512.00   3.4938e-26
9514.00   3.7469e-17
9516.00   3.0876e-24
9518.00   2.5069e-19
9520.00   5.7894e-20
9522.00   2.2360e-23
9524.00   2.4638e-19
9526.00   1.5628e-17
9528.00   3.8603e-17
9530.00   1.2897e-23
9532.00   4.2934e-17
9534.00   7.2068e-17
9536.00   3.2331e-19
9538.00   3.7827e-25
9540.00   3.8517e-21
9542.00   1.9009e-19
9544.00   1.4808e-26
9546.00   1.9651e-19
9548.00   4.9954e-20
9550.00   5.6715e-18
9552.00   6.4793e-19
9554.00   1.6897e-22
9556.00   1.0016e-15
9558.00   1.6922e-19
9560.00   1.6694e-16
9562.00   8.3415e-27
9564.00   1.9877e-20
9566.00   7.5670e-19
9568.00   4.1339e-19
9570.00   6.1684e-18
9572.00   1.6444e-16
9574.00   1.4687e-20
9576.00   2.7394e-26
9578.00   5.2810e-21
9580.00   1.0300e-19
9582.00   7.9741e-21
9584.00   1.6284e-26
9586.00   1.3886e-21
9588.00   2.3499e-25
9590.00   5.1173e-18
9592.00   2.6419e-20
9594.00   1.5883e-22
9596.00   1.5244e-18
9598.00   7.7628e-19
9600.00   1.1701e-22
9602.00   8.8041e-21
9604.00   4.8986e-27
9606.00   1.7729e-18
9608.00   6.1540e-20
9610.00   2.3845e-21
9612.00   1.8419e-21
9614.00   7.1136e-17
9616.00   1.4808e-26
9618.00   8.0151e-17
9620.00   5.1982e-24
9622.00   4.6127e-26
9624.00   1.3821e-26
9626.00   2.5076e-26
9628.00   2.1384e-26
9630.00   1.0532e-19
9632.00   3.9309e-20
9634.00   6.5357e-18
9636.00   1.1144e-24
9638.00   3.4698e-20
9640.00   2.1605e-20
9642.00   2.0230e-21
9644.00   3.2912e-26
9646.00   3.1098e-20
9648.00   2.1764e-24
9650.00   5.8991e-24
9652.00   1.5253e-17
9654.00   1.8107e-28
9656.00   4.5524e-18
9658.00   5.1520e-24
9660.00   3.1426e-23
9662.00   3.3816e-17
9664.00   6.1792e-19
9666.00   2.0917e-26
9668.00   5.8586e-23
9670.00   1.1811e-18
9672.00   3.1669e-18
9674.00   5.1342e-22
9676.00   1.0170e-18
9678.00   8.4128e-22
9680.00   9.1659e-17
9682.00   8.2047e-17
9684.00   3.7067e-21
9686.00   3.8759e-22
9688.00   3.2265e-27
9690.00   1.9763e-24
9692.00   3.8270e-25
9694.00   1.7373e-26
9696.00   4.3893e-19
9698.00   2.2012e-23
9700.00   2.1101e-21
9702.00   1.6643e-26
9704.00   4.6567e-20
9706.00   6.1531e-24
9708.00   4.0504e-25
9710.00   2.4232e-26
9712.00   8.4674e-19
9714.00   2.6935e-20
9716.00   5.2486e-26
9718.00   3.0397e-19
9720.00   3.2683e-24
9722.00   7.2243e-20
9724.00   2.1939e-20
9726.00   2.5178e-25
9728.00   1.4590e-22
9730.00   9.4815e-20
9732.00   1.2759e-18
9734.00   3.4896e-21
9736.00   5.4415e-20
9738.00   2.2152e-19
9740.00   9.5029e-23
9742.00   5.6247e-19
9744.00   6.3555e-19
9746.00   1.0769e-18
9748.00   1.4459e-20
9750.00   8.0336e-20
9752.00   2.7518e-24
9754.00   8.2248e-23
9756.00   1.3344e-18
9758.00   8.3382e-28
9760.00   7.8400e-24
9762.00   7.4187e-26
9764.00   1.2183e-19
9766.00   5.9878e-19
9768.00   5.2121e-22
9770.00   3.4955e-23
9772.00   2.3461e-22
9774.00   9.1157e-25
9776.00   9.5376e-27
9778.00   6.2144e-25
9780.00   2.6119e-21
9782.00   1.8432e-19
9784.00   1.1062e-28
9786.00   1.2060e-24
9788.00   1.9975e-18
9790.00   4.0105e-20
9792.00   3.1491e-25
9794.00   2.3349e-23
9796.00   4.7806e-18
9798.00   1.2853e-20
9800.00   6.9001e-21
9802.00   1.5106e-25
9804.00   1.3325e-20
9806.00   7.7012e-20
9808.00   3.0161e-20
9810.00   1.1752e-21
9812.00   9.0536e-17
9814.00   2.8882e-23
9816.00   3.2090e-19
9818.00   2.4973e-25
9820.00   3.2545e-23
9822.00   1.5082e-23
9824.00   8.4174e-24
9826.00   3.6883e-19
9828.00   2.5682e-20
9830.00   3.7038e-22
9832.00   4.8199e-30
9834.00   7.2998e-27
9836.00   1.3893e-26
9838.00   1.2136e-20
9840.00   2.0329e-27
9842.00   3.1318e-20
9844.00   3.5902e-18
9846.00   9.5466e-23
9848.00   3.2712e-19
9850.00   6.1347e-18
9852.00   2.1751e-25
9854.00   1.0497e-23
9856.00   4.0492e-26
9858.00   3.4941e-22
9860.00   1.5109e-21
9862.00   4.0445e-19
9864.00   1.4732e-22
9866.00   8.2581e-25
9868.00   4.3229e-18
9870.00   2.5775e-23
9872.00   1.5000e-21
9874.00   2.2624e-20
9876.00   2.1699e-20
9878.00   1.2715e-25
9880.00   1.6916e-17
9882.00   2.1976e-17
9884.00   2.2705e-23
9886.00   4.1176e-25
9888.00   3.0764e-24
9890.00   1.0379e-25
9892.00   8.5993e-23
9894.00   5.6835e-17
9896.00   2.2107e-18
9898.00   1.3340e-20
9900.00   1.5407e-19
9902.00   2.0528e-23
9904.00   5.8712e-19
9906.00   1.6755e-19
9908.00   6.0401e-19
9910.00   9.8161e-17
9912.00   2.6598e-17
9914.00   6.3970e-25
9916.00   4.2823e-23
9918.00   1.2179e-21
9920.00   5.4266e-19
9922.00   1.9609e-20
9924.00   3.8503e-20
9926.00   6.1125e-21
9928.00   5.6267e-27
9930.00   1.1077e-26
9932.00   3.8542e-20
9934.00   4.3668e-22
9936.00   1.6706e-21
9938.00   7.4526e-20
9940.00   2.3996e-22
9942.00   4.5145e-21
9944.00   7.3535e-21
9946.00   5.3531e-18
9948.00   1.9112e-24
9950.00   2.6992e-17
9952.00   2.4409e-26
9954.00   3.8545e-20
9956.00   1.4658e-16
9958.00   3.5690e-19
9960.00   1.0663e-24
9962.00   3.7085e-21
9964.00   4.2577e-27
9966.00   2.5033e-27
9968.00   1.1434e-22
9970.00   7.3698e-20
9972.00   8.1257e-22
9974.00   7.3687e-28
9976.00   2.7044e-18
9978.00   4.6678e-20
9980.00   5.4634e-26
9982.00   7.1422e-20
9984.00   1.2844e-20
9986.00   1.6008e-23
9988.00   2.2168e-28
9990.00   1.2147e-23
9992.00   1.0275e-19
9994.00   4.7381e-21
9996.00   8.2278e-21
9998.00   1.6148e-15
10000.00   3.8596e-25
