1000  6.719824e+06  6.649485e+06  7.033940e+04 
1002  1.538167e+06  1.498777e+06  3.939016e+04 
1004  2.030734e+06  1.983333e+06  4.740102e+04 
1006  1.707456e+06  1.675332e+06  3.212449e+04 
1008  1.491109e+06  1.459632e+06  3.147651e+04 
1010  5.792785e+04  5.058150e+04  7.346348e+03 
1012  5.637681e+05  5.334055e+05  3.036258e+04 
1014  1.856024e+06  1.824894e+06  3.113090e+04 
1016  1.176141e+06  1.082753e+06  9.338806e+04 
1018  1.309221e+06  1.286640e+06  2.258058e+04 
1020  1.522703e+06  1.466617e+06  5.608580e+04 
1022  1.719592e+06  1.702154e+06  1.743812e+04 
1024  5.323134e+05  5.140536e+05  1.825983e+04 
1026  3.554706e+05  3.281762e+05  2.729440e+04 
1028  1.427427e+06  1.420547e+06  6.880421e+03 
1030  6.935201e+06  6.908900e+06  2.630130e+04 
1032  4.129824e+06  4.095648e+06  3.417711e+04 
1034  4.392266e+06  4.349268e+06  4.299749e+04 
1036  2.229078e+06  2.140012e+06  8.906665e+04 
1038  7.679520e+05  7.536864e+05  1.426559e+04 
1040  8.399905e+05  8.244546e+05  1.553597e+04 
1042  4.477626e+06  4.427852e+06  4.977522e+04 
1044  5.797462e+06  5.698326e+06  9.913634e+04 
1046  4.106222e+06  4.032355e+06  7.386677e+04 
1048  2.600601e+05  2.493169e+05  1.074313e+04 
1050  4.533939e+06  4.471266e+06  6.267343e+04 
1052  2.058822e+06  1.999347e+06  5.947562e+04 
1054  1.765976e+07  1.762274e+07  3.701899e+04 
1057  7.571300e+06  7.413652e+06  1.576480e+05 
1059  1.294672e+07  1.286906e+07  7.765778e+04 
1061  2.125558e+07  2.110319e+07  1.523865e+05 
1063  2.224432e+07  2.218583e+07  5.848849e+04 
1065  8.951447e+06  8.919824e+06  3.162327e+04 
1067  5.023739e+07  5.015198e+07  8.540974e+04 
1069  2.239968e+07  2.234704e+07  5.263198e+04 
1071  2.793987e+07  2.787010e+07  6.977451e+04 
1073  2.281136e+07  2.268076e+07  1.306013e+05 
1075  3.655488e+07  3.645997e+07  9.490878e+04 
1077  8.827346e+06  8.732902e+06  9.444381e+04 
1079  3.171382e+06  3.068314e+06  1.030678e+05 
1081  2.324895e+07  2.321357e+07  3.537593e+04 
1084  3.035992e+06  2.801490e+06  2.345018e+05 
1086  1.108292e+06  9.517201e+05  1.565720e+05 
1088  2.417510e+07  2.412032e+07  5.478206e+04 
1090  3.450110e+07  3.445639e+07  4.471301e+04 
1092  2.820207e+07  2.816415e+07  3.791408e+04 
1094  2.604385e+07  2.597611e+07  6.774118e+04 
1096  3.331040e+07  3.325127e+07  5.912520e+04 
1098  4.773816e+07  4.758343e+07  1.547298e+05 
1101  3.903553e+07  3.889074e+07  1.447918e+05 
1103  8.473299e+06  8.437717e+06  3.558196e+04 
1105  1.822740e+07  1.819153e+07  3.587696e+04 
1107  2.073746e+07  2.065741e+07  8.005390e+04 
1109  1.586144e+07  1.583902e+07  2.242723e+04 
1111  2.698230e+07  2.694248e+07  3.981468e+04 
1114  2.034844e+07  2.033218e+07  1.625726e+04 
1116  1.469634e+07  1.462009e+07  7.624420e+04 
1118  3.096183e+06  2.719987e+06  3.761958e+05 
1120  3.949526e+06  3.891417e+06  5.810961e+04 
1122  2.396069e+06  2.333223e+06  6.284624e+04 
1124  1.572732e+07  1.558888e+07  1.384419e+05 
1127  9.064520e+06  8.958086e+06  1.064338e+05 
1129  4.769178e+06  4.718347e+06  5.083162e+04 
1131  1.722565e+07  1.720859e+07  1.705532e+04 
1133  4.686812e+07  4.681042e+07  5.769992e+04 
1135  1.132320e+07  1.122814e+07  9.505864e+04 
1138  2.195911e+07  2.186329e+07  9.582058e+04 
1140  2.069172e+07  2.056553e+07  1.261890e+05 
1142  4.719681e+07  4.709545e+07  1.013647e+05 
1144  7.296099e+07  7.277534e+07  1.856485e+05 
1147  7.336662e+07  7.315027e+07  2.163548e+05 
1149  7.567788e+07  7.544510e+07  2.327758e+05 
1151  7.256030e+07  7.228047e+07  2.798243e+05 
1153  5.191575e+07  5.167941e+07  2.363366e+05 
1156  1.165770e+07  1.154951e+07  1.081918e+05 
1158  2.195287e+07  2.174525e+07  2.076203e+05 
1160  3.974602e+07  3.937920e+07  3.668167e+05 
1162  1.973513e+07  1.970499e+07  3.013110e+04 
1165  1.989578e+07  1.984035e+07  5.542396e+04 
1167  3.033623e+07  3.026931e+07  6.691487e+04 
1169  3.483990e+07  3.462013e+07  2.197699e+05 
1171  3.592350e+07  3.558649e+07  3.370070e+05 
1174  3.597664e+07  3.500014e+07  9.764939e+05 
1176  1.001316e+07  9.042240e+06  9.709235e+05 
1178  1.202817e+07  1.166574e+07  3.624278e+05 
1181  1.413299e+07  1.388619e+07  2.468024e+05 
1183  1.965615e+07  1.946708e+07  1.890745e+05 
1185  2.836331e+07  2.811738e+07  2.459228e+05 
1187  3.936080e+07  3.900622e+07  3.545809e+05 
1190  9.443467e+06  9.106474e+06  3.369931e+05 
1192  1.808795e+07  1.770781e+07  3.801422e+05 
1194  7.368798e+06  6.937448e+06  4.313500e+05 
1197  2.149991e+07  2.118532e+07  3.145954e+05 
1199  5.457212e+07  5.433035e+07  2.417676e+05 
1201  1.065796e+07  1.050720e+07  1.507547e+05 
1204  9.779361e+06  9.695511e+06  8.384979e+04 
1206  1.515150e+07  1.291550e+07  2.235994e+06 
1208  4.603739e+07  4.587650e+07  1.608886e+05 
1211  4.656316e+07  4.629550e+07  2.676677e+05 
1213  9.904333e+07  9.866366e+07  3.796730e+05 
1215  3.490614e+07  3.407068e+07  8.354631e+05 
1218  1.578686e+08  1.575934e+08  2.751991e+05 
1220  2.762582e+07  2.752581e+07  1.000133e+05 
1223  1.314795e+07  1.305603e+07  9.192010e+04 
1225  1.060349e+07  1.045227e+07  1.512252e+05 
1227  1.833400e+07  1.819420e+07  1.397914e+05 
1230  7.409536e+06  7.289757e+06  1.197796e+05 
1232  1.973477e+07  1.967317e+07  6.160357e+04 
1235  1.973832e+07  1.957200e+07  1.663185e+05 
1237  1.343386e+07  1.320018e+07  2.336800e+05 
1239  1.228301e+07  1.188968e+07  3.933283e+05 
1242  2.030245e+07  1.990522e+07  3.972275e+05 
1244  1.707908e+07  1.684908e+07  2.299977e+05 
1247  9.464905e+06  9.415414e+06  4.949116e+04 
1249  2.330592e+07  2.313469e+07  1.712297e+05 
1252  1.534503e+07  1.518396e+07  1.610720e+05 
1254  1.644499e+07  1.619725e+07  2.477377e+05 
1256  2.176138e+07  2.136637e+07  3.950032e+05 
1259  1.511018e+07  1.466009e+07  4.500908e+05 
1261  2.820586e+07  2.759451e+07  6.113498e+05 
1264  2.429882e+07  2.369950e+07  5.993142e+05 
1266  7.078711e+07  7.025094e+07  5.361679e+05 
1269  2.126569e+07  2.076377e+07  5.019196e+05 
1271  3.522207e+07  3.470629e+07  5.157783e+05 
1274  2.393197e+07  2.350967e+07  4.222984e+05 
1276  2.362553e+07  2.330347e+07  3.220604e+05 
1279  2.061660e+07  2.014329e+07  4.733128e+05 
1281  1.617614e+07  1.575449e+07  4.216446e+05 
1284  1.077960e+07  1.028382e+07  4.957764e+05 
1286  1.950333e+07  1.870965e+07  7.936780e+05 
1289  4.137371e+07  4.022045e+07  1.153261e+06 
1291  1.715389e+07  1.664180e+07  5.120820e+05 
1294  1.365154e+07  1.282635e+07  8.251911e+05 
1296  2.333837e+07  2.290489e+07  4.334757e+05 
1299  1.596094e+07  1.459253e+07  1.368414e+06 
1301  1.166904e+07  1.047142e+07  1.197624e+06 
1304  1.199873e+07  1.114528e+07  8.534519e+05 
1306  1.843571e+07  1.761883e+07  8.168792e+05 
1309  6.863988e+06  6.380262e+06  4.837267e+05 
1311  1.358228e+07  1.314957e+07  4.327147e+05 
1314  2.075488e+07  2.045743e+07  2.974493e+05 
1316  2.146122e+07  2.057682e+07  8.844011e+05 
1319  3.164139e+07  3.067907e+07  9.623181e+05 
1322  2.954011e+07  2.864550e+07  8.946079e+05 
1324  1.282643e+07  1.235088e+07  4.755458e+05 
1327  2.219754e+07  2.111453e+07  1.083008e+06 
1329  2.244933e+07  2.107322e+07  1.376106e+06 
1332  2.544229e+07  2.413631e+07  1.305982e+06 
1335  6.134916e+06  5.096118e+06  1.038798e+06 
1337  9.936871e+06  9.229040e+06  7.078314e+05 
1340  3.010849e+07  2.852082e+07  1.587671e+06 
1342  1.046595e+07  9.497745e+06  9.682076e+05 
1345  1.885953e+07  1.724213e+07  1.617403e+06 
1348  7.783532e+06  6.867086e+06  9.164462e+05 
1350  2.460424e+07  2.248385e+07  2.120390e+06 
1353  1.522419e+07  1.386022e+07  1.363969e+06 
1355  2.428426e+07  2.281799e+07  1.466272e+06 
1358  2.020920e+07  1.946377e+07  7.454363e+05 
1361  4.624928e+07  4.486068e+07  1.388609e+06 
1363  3.364624e+07  3.257240e+07  1.073830e+06 
1366  5.210623e+07  4.986527e+07  2.240956e+06 
1369  2.944119e+07  2.849907e+07  9.421206e+05 
1371  4.365152e+07  4.233594e+07  1.315573e+06 
1374  5.353123e+07  5.141772e+07  2.113507e+06 
1377  5.843089e+07  5.626941e+07  2.161478e+06 
1379  4.418178e+07  4.184577e+07  2.336014e+06 
1382  5.315605e+07  5.014102e+07  3.015031e+06 
1385  2.593311e+07  2.358813e+07  2.344986e+06 
1388  3.912624e+07  3.662744e+07  2.498794e+06 
1390  1.305227e+07  1.223265e+07  8.196218e+05 
1393  2.116956e+07  1.147346e+07  9.696104e+06 
1396  3.191571e+07  2.940706e+07  2.508651e+06 
1398  8.659058e+07  8.414452e+07  2.446058e+06 
1401  5.867989e+07  5.555726e+07  3.122635e+06 
1404  2.247019e+07  1.832908e+07  4.141109e+06 
1407  2.940325e+07  2.666667e+07  2.736580e+06 
1409  5.306081e+07  4.972197e+07  3.338842e+06 
1412  4.127250e+07  4.003779e+07  1.234712e+06 
1415  1.182048e+08  1.150698e+08  3.135026e+06 
1418  5.104005e+07  4.837672e+07  2.663334e+06 
1420  2.738183e+07  2.529912e+07  2.082709e+06 
1423  2.046572e+07  1.928308e+07  1.182648e+06 
1426  9.297656e+06  8.857960e+06  4.396963e+05 
1429  2.915175e+07  2.715106e+07  2.000698e+06 
1431  4.640386e+07  4.459110e+07  1.812758e+06 
1434  1.872027e+07  1.783640e+07  8.838751e+05 
1437  6.747617e+07  6.486756e+07  2.608610e+06 
1440  4.802747e+07  4.575952e+07  2.267950e+06 
1443  3.105744e+07  2.967880e+07  1.378640e+06 
1445  2.163558e+07  2.068036e+07  9.552199e+05 
1448  1.840441e+07  1.621748e+07  2.186924e+06 
1451  2.540542e+07  2.223046e+07  3.174954e+06 
1454  3.385686e+07  3.193463e+07  1.922229e+06 
1457  2.417684e+07  2.044434e+07  3.732502e+06 
1460  1.040150e+07  9.123322e+06  1.278174e+06 
1462  3.211035e+07  2.950857e+07  2.601780e+06 
1465  1.716417e+07  1.431328e+07  2.850886e+06 
1468  2.413169e+07  2.173762e+07  2.394074e+06 
1471  1.356461e+07  1.249492e+07  1.069691e+06 
1474  6.111096e+07  5.800788e+07  3.103076e+06 
1477  3.586178e+07  3.222726e+07  3.634520e+06 
1480  3.883490e+07  3.541998e+07  3.414923e+06 
1482  3.036424e+07  2.878522e+07  1.579023e+06 
1485  1.874137e+07  1.726538e+07  1.475996e+06 
1488  6.027161e+07  5.016178e+07  1.010983e+07 
1491  3.619816e+07  3.337169e+07  2.826466e+06 
1494  1.958293e+07  1.887146e+07  7.114748e+05 
1497  3.017529e+07  2.724700e+07  2.928293e+06 
1500  1.343132e+07  1.173567e+07  1.695647e+06 
1503  3.195150e+07  2.786978e+07  4.081726e+06 
1506  5.421873e+07  5.007810e+07  4.140628e+06 
1509  3.532514e+07  3.198986e+07  3.335285e+06 
1512  4.104631e+07  3.708884e+07  3.957468e+06 
1515  3.117196e+07  2.888965e+07  2.282309e+06 
1518  5.329531e+06  4.881445e+06  4.480861e+05 
1520  1.740904e+07  1.607124e+07  1.337806e+06 
1523  2.213075e+07  2.110644e+07  1.024306e+06 
1526  9.498698e+06  8.603051e+06  8.956474e+05 
1529  3.762200e+06  2.944157e+06  8.180437e+05 
1532  6.400092e+06  5.357883e+06  1.042209e+06 
1535  9.354649e+06  8.945399e+06  4.092500e+05 
1538  1.498150e+07  1.196232e+07  3.019182e+06 
1541  1.178659e+07  9.600010e+06  2.186576e+06 
1544  8.150504e+06  6.953381e+06  1.197122e+06 
1547  1.518412e+07  3.144476e+06  1.203964e+07 
1550  9.542894e+06  3.039998e+06  6.502896e+06 
1553  2.069291e+07  1.731956e+07  3.373350e+06 
1556  1.794058e+07  1.705172e+07  8.888609e+05 
1559  2.854966e+07  2.782542e+07  7.242466e+05 
1562  2.679998e+07  2.625468e+07  5.452986e+05 
1566  1.086785e+07  1.040940e+07  4.584491e+05 
1569  3.662656e+07  3.579981e+07  8.267491e+05 
1572  2.411728e+07  2.328937e+07  8.279089e+05 
1575  3.073986e+07  3.007362e+07  6.662384e+05 
1578  3.802706e+07  3.665829e+07  1.368764e+06 
1581  2.761290e+07  2.620230e+07  1.410604e+06 
1584  1.649512e+07  1.589302e+07  6.020996e+05 
1587  2.376870e+07  2.312790e+07  6.407983e+05 
1590  9.340936e+06  7.655684e+06  1.685252e+06 
1593  2.992763e+07  2.446457e+07  5.463058e+06 
1596  1.380048e+07  9.640898e+06  4.159586e+06 
1599  1.838045e+07  1.710260e+07  1.277853e+06 
1603  1.164993e+07  1.124869e+07  4.012350e+05 
1606  2.874702e+07  2.703454e+07  1.712478e+06 
1609  3.571741e+07  3.510051e+07  6.169047e+05 
1612  2.941274e+07  2.824858e+07  1.164166e+06 
1615  3.974942e+06  3.701554e+06  2.733879e+05 
1618  3.563942e+07  3.498726e+07  6.521634e+05 
1621  4.894942e+07  4.785235e+07  1.097071e+06 
1624  2.876854e+07  2.800855e+07  7.599889e+05 
1628  4.756352e+07  4.655821e+07  1.005314e+06 
1631  4.343672e+07  4.250154e+07  9.351800e+05 
1634  6.673807e+07  6.491823e+07  1.819838e+06 
1637  5.322862e+07  5.198827e+07  1.240344e+06 
1640  7.772389e+07  7.513733e+07  2.586563e+06 
1644  2.848455e+07  2.760337e+07  8.811800e+05 
1647  6.434914e+07  6.217122e+07  2.177920e+06 
1650  5.538426e+07  5.380901e+07  1.575245e+06 
1653  3.842323e+07  3.705779e+07  1.365442e+06 
1656  1.767083e+07  1.755328e+07  1.175548e+05 
1660  2.654156e+07  2.613721e+07  4.043550e+05 
1663  1.902688e+07  1.791988e+07  1.107004e+06 
1666  1.905852e+07  1.723099e+07  1.827527e+06 
1669  3.553840e+06  3.117216e+06  4.366232e+05 
1673  2.459986e+07  2.377250e+07  8.273588e+05 
1676  2.988438e+07  2.878297e+07  1.101410e+06 
1679  3.171009e+07  3.072668e+07  9.834072e+05 
1682  1.774673e+07  1.667697e+07  1.069764e+06 
1686  1.684164e+07  1.614738e+07  6.942594e+05 
1689  3.916184e+07  3.751102e+07  1.650810e+06 
1692  3.158547e+07  3.042232e+07  1.163151e+06 
1696  1.939965e+07  1.776200e+07  1.637647e+06 
1699  2.697369e+07  2.560183e+07  1.371865e+06 
1702  2.315814e+07  2.233152e+07  8.266262e+05 
1706  3.741549e+07  3.551247e+07  1.903023e+06 
1709  4.875818e+07  4.646923e+07  2.288950e+06 
1712  2.751628e+07  2.546764e+07  2.048636e+06 
1715  4.503626e+07  4.297603e+07  2.060233e+06 
1719  4.100000e+07  3.898986e+07  2.010136e+06 
1722  3.080046e+07  2.925195e+07  1.548510e+06 
1726  3.273391e+07  3.090317e+07  1.830743e+06 
1729  1.913614e+07  1.801558e+07  1.120561e+06 
1732  2.385929e+07  2.098714e+07  2.872147e+06 
1736  9.430693e+06  8.224320e+06  1.206373e+06 
1739  3.947451e+06  3.296213e+06  6.512384e+05 
1742  1.032353e+07  9.509843e+06  8.136869e+05 
1746  2.335774e+07  2.225492e+07  1.102814e+06 
1749  2.105801e+07  2.014018e+07  9.178306e+05 
1753  9.429676e+05  7.916467e+05  1.513210e+05 
1756  8.283597e+06  5.343537e+06  2.940060e+06 
1759  2.911918e+07  2.733661e+07  1.782568e+06 
1763  1.579956e+07  1.428042e+07  1.519144e+06 
1766  8.324873e+06  7.124247e+06  1.200626e+06 
1770  1.887359e+07  1.710727e+07  1.766312e+06 
1773  4.050438e+07  3.827022e+07  2.234154e+06 
1777  3.005747e+07  2.766259e+07  2.394873e+06 
1780  2.653117e+07  2.448146e+07  2.049712e+06 
1784  7.387168e+07  7.107042e+07  2.801265e+06 
1787  1.886109e+08  1.815789e+08  7.032002e+06 
1791  2.494153e+07  2.115155e+07  3.789976e+06 
1794  3.116439e+07  2.831046e+07  2.853924e+06 
1798  4.388310e+07  4.090676e+07  2.976346e+06 
1801  3.425186e+06  2.016397e+06  1.408789e+06 
1805  4.532599e+07  3.712864e+07  8.197352e+06 
1808  3.388680e+07  3.154147e+07  2.345323e+06 
1812  8.304890e+06  5.140077e+06  3.164814e+06 
1815  2.081989e+07  1.973819e+07  1.081702e+06 
1819  2.161106e+07  2.080222e+07  8.088420e+05 
1822  3.453850e+07  3.248047e+07  2.058034e+06 
1826  4.030825e+07  3.779624e+07  2.512013e+06 
1829  3.255818e+07  3.031895e+07  2.239228e+06 
1833  2.910994e+07  2.749900e+07  1.610944e+06 
1836  2.049085e+07  1.956152e+07  9.293290e+05 
1840  1.687361e+07  1.559637e+07  1.277239e+06 
1844  2.451757e+07  1.911648e+07  5.401090e+06 
1847  3.989320e+07  3.694680e+07  2.946394e+06 
1851  2.172832e+07  1.993484e+07  1.793485e+06 
1854  4.335678e+06  1.534850e+06  2.800827e+06 
1858  2.318912e+07  1.907997e+07  4.109145e+06 
1862  1.123253e+07  7.658504e+06  3.574026e+06 
1865  3.114054e+07  2.807763e+07  3.062913e+06 
1869  2.197836e+07  1.684614e+07  5.132220e+06 
1873  1.357921e+07  1.162589e+07  1.953321e+06 
1876  5.003890e+07  4.647524e+07  3.563653e+06 
1880  3.947545e+07  3.679093e+07  2.684522e+06 
1883  2.474792e+07  1.739080e+07  7.357126e+06 
1887  3.071781e+07  2.783299e+07  2.884822e+06 
1891  2.219958e+07  1.902326e+07  3.176315e+06 
1895  1.539822e+07  1.139292e+07  4.005302e+06 
1898  3.266507e+07  2.745629e+07  5.208784e+06 
1902  2.245888e+07  1.964776e+07  2.811123e+06 
1906  1.759025e+07  1.635614e+07  1.234109e+06 
1909  3.072740e+07  2.818730e+07  2.540102e+06 
1913  3.558712e+07  3.206130e+07  3.525813e+06 
1917  3.733260e+07  3.442620e+07  2.906409e+06 
1921  1.320251e+07  8.792634e+06  4.409874e+06 
1924  1.542658e+07  1.285996e+07  2.566620e+06 
1928  4.101629e+07  3.817259e+07  2.843703e+06 
1932  2.373340e+07  2.283539e+07  8.980136e+05 
1936  4.426429e+07  4.185968e+07  2.404612e+06 
1939  2.312333e+07  1.651587e+07  6.607464e+06 
1943  4.253196e+07  3.686068e+07  5.671284e+06 
1947  5.685734e+07  4.864968e+07  8.207655e+06 
1951  1.855989e+07  1.307659e+07  5.483296e+06 
1954  3.307344e+07  2.806029e+07  5.013151e+06 
1958  3.156857e+07  2.565843e+07  5.910144e+06 
1962  3.448023e+07  2.682164e+07  7.658590e+06 
1966  6.254934e+07  5.274332e+07  9.806022e+06 
1970  4.244291e+07  3.760434e+07  4.838578e+06 
1974  4.937617e+07  4.219040e+07  7.185774e+06 
1977  1.936773e+07  1.546617e+07  3.901557e+06 
1981  1.270749e+07  8.564024e+06  4.143464e+06 
1985  4.546771e+07  3.620192e+07  9.265798e+06 
1989  3.350181e+07  2.538132e+07  8.120488e+06 
1993  1.687248e+07  1.317445e+07  3.698034e+06 
1997  1.562285e+07  1.015839e+07  5.464464e+06 
2001  5.227884e+07  4.845481e+07  3.824026e+06 
2005  4.581715e+07  4.085717e+07  4.959982e+06 
2008  6.569253e+07  5.987883e+07  5.813698e+06 
2012  4.812322e+07  4.139726e+07  6.725965e+06 
2016  5.231896e+07  4.559032e+07  6.728640e+06 
2020  2.860434e+07  2.551270e+07  3.091641e+06 
2024  2.439163e+07  1.904220e+07  5.349432e+06 
2028  4.814446e+07  4.389937e+07  4.245087e+06 
2032  6.441586e+07  5.653936e+07  7.876508e+06 
2036  3.600874e+07  2.898526e+07  7.023482e+06 
2040  4.637191e+07  4.321729e+07  3.154621e+06 
2044  2.914589e+07  2.692492e+07  2.220966e+06 
2048  2.297920e+07  1.796810e+07  5.011100e+06 
2052  2.908368e+07  2.492845e+07  4.155238e+06 
2056  4.617770e+07  4.161823e+07  4.559467e+06 
2060  8.031349e+06  6.908216e+06  1.123133e+06 
2064  5.371397e+07  4.920022e+07  4.513750e+06 
2068  4.829229e+07  3.784397e+07  1.044832e+07 
2072  5.055669e+07  4.562745e+07  4.929240e+06 
2076  3.616712e+07  2.381147e+07  1.235564e+07 
2080  2.810083e+07  2.386649e+07  4.234344e+06 
2084  1.649390e+07  1.156096e+07  4.932940e+06 
2088  3.628104e+07  3.343639e+07  2.844647e+06 
2092  3.436161e+07  2.460738e+07  9.754231e+06 
2096  2.293072e+07  1.820665e+07  4.724066e+06 
2100  5.265320e+07  4.257265e+07  1.008055e+07 
2104  2.817156e+07  2.329067e+07  4.880886e+06 
2109  1.031783e+08  9.415994e+07  9.018382e+06 
2113  3.212284e+07  2.663963e+07  5.483212e+06 
2117  1.085242e+08  9.302194e+07  1.550225e+07 
2121  1.746589e+07  1.283858e+07  4.627311e+06 
2125  2.152765e+07  1.344955e+07  8.078102e+06 
2129  6.186420e+07  5.297513e+07  8.889073e+06 
2133  4.130884e+07  3.246685e+07  8.841981e+06 
2138  6.100160e+07  5.374744e+07  7.254161e+06 
2142  4.570725e+07  3.609332e+07  9.613932e+06 
2146  4.023773e+07  3.221188e+07  8.025852e+06 
2150  5.309031e+07  4.735353e+07  5.736780e+06 
2154  2.370026e+07  1.653906e+07  7.161201e+06 
2158  3.659024e+07  3.135170e+07  5.238534e+06 
2163  5.494785e+07  4.772732e+07  7.220538e+06 
2167  7.373172e+07  6.137197e+07  1.235975e+07 
2171  1.973432e+07  1.511318e+07  4.621142e+06 
2175  7.544993e+07  6.319873e+07  1.225120e+07 
2180  2.087284e+07  1.763396e+07  3.238877e+06 
2184  4.675809e+07  3.402631e+07  1.273178e+07 
2188  4.541228e+07  3.788233e+07  7.529947e+06 
2192  2.910902e+07  1.917589e+07  9.933134e+06 
2197  1.858034e+07  1.115118e+07  7.429164e+06 
2201  2.916960e+07  2.051347e+07  8.656132e+06 
2205  4.334231e+07  3.070145e+07  1.264086e+07 
2209  6.114179e+07  4.909630e+07  1.204550e+07 
2214  7.525730e+07  6.447135e+07  1.078595e+07 
2218  6.401031e+07  5.280124e+07  1.120907e+07 
2222  7.064835e+07  6.322832e+07  7.420032e+06 
2227  6.716048e+07  5.318514e+07  1.397535e+07 
2231  4.858946e+07  3.968004e+07  8.909422e+06 
2235  4.429832e+07  3.836291e+07  5.935410e+06 
2240  8.847686e+07  7.533306e+07  1.314381e+07 
2244  5.161787e+07  4.728618e+07  4.331688e+06 
2248  8.857162e+07  7.892195e+07  9.649662e+06 
2253  8.215166e+07  7.485339e+07  7.298264e+06 
2257  6.519393e+07  5.756365e+07  7.630284e+06 
2262  7.349152e+07  6.762612e+07  5.865402e+06 
2266  1.033446e+08  9.649011e+07  6.854523e+06 
2270  9.937873e+07  8.854434e+07  1.083439e+07 
2275  1.195762e+08  1.095977e+08  9.978474e+06 
2279  7.089126e+07  5.911665e+07  1.177460e+07 
2284  7.160875e+07  6.252123e+07  9.087518e+06 
2288  5.778434e+07  4.383486e+07  1.394948e+07 
2293  9.835475e+07  8.758579e+07  1.076896e+07 
2297  5.186699e+07  4.340508e+07  8.461908e+06 
2302  5.493872e+07  4.334852e+07  1.159020e+07 
2306  1.421563e+08  1.130215e+08  2.913482e+07 
2311  1.079439e+08  9.298717e+07  1.495673e+07 
2315  7.600992e+07  6.733983e+07  8.670088e+06 
2320  8.846868e+07  7.833399e+07  1.013469e+07 
2324  6.445777e+07  5.856946e+07  5.888309e+06 
2329  1.514592e+08  1.446080e+08  6.851194e+06 
2333  5.730990e+07  5.505956e+07  2.250337e+06 
2338  1.030757e+08  9.631806e+07  6.757600e+06 
2342  9.811020e+07  9.246306e+07  5.647144e+06 
2347  1.053126e+08  9.679626e+07  8.516297e+06 
2351  6.939955e+07  6.365705e+07  5.742502e+06 
2356  1.000517e+08  8.913076e+07  1.092095e+07 
2361  1.547930e+08  1.448482e+08  9.944767e+06 
2365  1.650352e+08  1.553559e+08  9.679311e+06 
2370  9.859530e+07  9.327839e+07  5.316907e+06 
2374  1.378060e+08  1.292320e+08  8.573989e+06 
2379  8.387941e+07  7.780970e+07  6.069700e+06 
2384  1.663456e+08  1.563087e+08  1.003694e+07 
2388  9.508691e+07  8.644901e+07  8.637906e+06 
2393  1.482062e+08  1.317371e+08  1.646910e+07 
2398  9.380028e+07  8.547255e+07  8.327728e+06 
2402  1.411816e+08  1.246751e+08  1.650648e+07 
2407  8.529911e+07  7.773847e+07  7.560643e+06 
2412  1.758121e+08  1.618874e+08  1.392470e+07 
2416  1.374963e+08  1.242564e+08  1.323997e+07 
2421  1.108333e+08  9.552274e+07  1.531052e+07 
2426  1.994632e+08  1.797268e+08  1.973635e+07 
2431  2.164632e+08  1.951236e+08  2.133962e+07 
2435  2.157211e+08  1.904164e+08  2.530465e+07 
2440  9.558961e+07  8.470194e+07  1.088766e+07 
2445  1.415597e+08  1.282980e+08  1.326177e+07 
2450  1.250568e+08  1.089465e+08  1.611034e+07 
2454  1.510742e+08  1.336981e+08  1.737608e+07 
2459  1.757509e+08  1.584066e+08  1.734431e+07 
2464  2.454803e+08  2.250148e+08  2.046545e+07 
2469  2.162549e+08  1.945070e+08  2.174792e+07 
2473  1.752014e+08  1.546791e+08  2.052235e+07 
2478  1.485238e+08  1.374826e+08  1.104124e+07 
2483  1.271115e+08  1.097088e+08  1.740274e+07 
2488  1.956440e+08  1.690051e+08  2.663885e+07 
2493  8.541558e+07  7.745521e+07  7.960380e+06 
2498  1.371796e+08  1.204407e+08  1.673891e+07 
2503  1.727223e+08  1.517722e+08  2.095014e+07 
2507  1.863824e+08  1.669248e+08  1.945755e+07 
2512  1.801931e+08  1.612036e+08  1.898946e+07 
2517  1.366705e+08  1.221656e+08  1.450483e+07 
2522  1.471797e+08  1.277719e+08  1.940776e+07 
2527  1.879195e+08  1.693824e+08  1.853716e+07 
2532  6.639332e+07  5.912275e+07  7.270562e+06 
2537  1.836080e+08  1.669228e+08  1.668524e+07 
2542  1.809146e+08  1.628921e+08  1.802248e+07 
2547  1.963833e+08  1.768361e+08  1.954720e+07 
2552  1.244082e+08  1.071725e+08  1.723571e+07 
2557  1.134310e+08  1.006669e+08  1.276410e+07 
2562  1.624010e+08  1.505874e+08  1.181352e+07 
2567  1.168797e+08  1.076515e+08  9.228220e+06 
2572  1.450607e+08  1.256848e+08  1.937589e+07 
2577  7.083820e+07  6.639013e+07  4.448068e+06 
2582  8.971606e+07  8.290641e+07  6.809646e+06 
2587  1.612150e+08  1.458590e+08  1.535601e+07 
2592  9.665374e+07  9.122279e+07  5.430947e+06 
2597  1.762400e+08  1.586363e+08  1.760364e+07 
2602  2.090697e+07  1.756913e+07  3.337841e+06 
2607  1.409239e+08  1.263189e+08  1.460499e+07 
2612  1.900500e+08  1.713788e+08  1.867123e+07 
2617  9.206838e+07  8.481536e+07  7.253024e+06 
2622  1.410890e+08  1.298561e+08  1.123283e+07 
2627  2.176006e+08  1.958166e+08  2.178405e+07 
2632  1.453601e+08  1.221583e+08  2.320180e+07 
2638  9.132322e+07  7.591593e+07  1.540729e+07 
2643  1.051955e+08  7.691551e+07  2.827995e+07 
2648  2.753753e+07  1.792166e+07  9.615868e+06 
2653  1.031665e+08  7.892571e+07  2.424074e+07 
2658  4.611803e+07  2.903279e+07  1.708524e+07 
2663  5.871456e+07  5.176212e+07  6.952435e+06 
2669  1.262074e+08  1.093492e+08  1.685819e+07 
2674  4.225539e+06  2.804482e+06  1.421057e+06 
2679  8.385360e+07  6.872729e+07  1.512632e+07 
2684  1.198702e+08  1.014232e+08  1.844694e+07 
2689  3.144624e+07  2.286629e+07  8.579945e+06 
2695  1.138899e+08  9.773052e+07  1.615936e+07 
2700  3.341623e+07  2.042686e+07  1.298938e+07 
2705  1.274248e+08  1.078193e+08  1.960544e+07 
2710  1.076829e+08  9.806154e+07  9.621402e+06 
2716  1.552650e+08  1.464490e+08  8.815973e+06 
2721  8.914186e+07  7.368678e+07  1.545509e+07 
2726  1.322400e+08  1.248174e+08  7.422643e+06 
2732  1.055937e+08  9.526075e+07  1.033293e+07 
2737  1.506022e+08  1.401023e+08  1.049994e+07 
2742  8.701634e+07  8.086189e+07  6.154458e+06 
2748  1.895588e+08  1.760484e+08  1.351040e+07 
2753  1.738788e+08  1.568843e+08  1.699455e+07 
2758  4.066817e+07  2.883585e+07  1.183231e+07 
2764  1.125364e+08  1.027595e+08  9.776934e+06 
2769  1.193342e+08  1.094691e+08  9.865035e+06 
2774  1.475359e+08  1.310407e+08  1.649518e+07 
2780  8.703259e+07  6.602335e+07  2.100924e+07 
2785  1.489560e+08  1.168534e+08  3.210262e+07 
2791  3.166326e+07  2.448520e+07  7.178058e+06 
2796  2.064101e+07  1.530883e+07  5.332178e+06 
2802  2.100080e+07  1.673498e+07  4.265826e+06 
2807  4.240807e+07  3.285879e+07  9.549284e+06 
2813  3.938206e+07  2.692651e+07  1.245555e+07 
2818  7.250234e+07  4.972652e+07  2.277583e+07 
2823  9.348956e+07  8.004008e+07  1.344948e+07 
2829  1.417941e+08  1.258570e+08  1.593705e+07 
2834  1.213016e+08  1.032977e+08  1.800390e+07 
2840  1.373478e+08  1.193193e+08  1.802846e+07 
2846  1.504931e+08  1.144902e+08  3.600298e+07 
2851  8.847018e+07  7.276850e+07  1.570167e+07 
2857  1.550552e+08  1.184242e+08  3.663100e+07 
2862  8.141602e+07  5.845395e+07  2.296207e+07 
2868  1.359133e+08  1.061869e+08  2.972647e+07 
2873  5.872256e+07  4.401298e+07  1.470957e+07 
2879  7.822125e+07  5.875712e+07  1.946412e+07 
2885  1.053858e+08  8.786158e+07  1.752417e+07 
2890  9.691483e+07  7.833359e+07  1.858124e+07 
2896  1.094703e+08  8.029366e+07  2.917661e+07 
2901  4.929225e+07  3.530644e+07  1.398581e+07 
2907  6.088265e+07  3.789414e+07  2.298850e+07 
2913  1.258375e+07  7.156490e+06  5.427257e+06 
2918  8.268039e+07  5.572241e+07  2.695798e+07 
2924  8.002749e+07  6.114989e+07  1.887760e+07 
2930  6.407711e+06  4.241962e+06  2.165748e+06 
2936  1.307299e+07  8.606929e+06  4.466064e+06 
2941  8.240438e+07  6.663545e+07  1.576893e+07 
2947  1.099660e+08  9.857606e+07  1.138997e+07 
2953  6.700761e+07  5.462086e+07  1.238676e+07 
2958  7.341883e+07  5.274894e+07  2.066989e+07 
2964  8.061335e+07  7.301823e+07  7.595121e+06 
2970  9.130181e+07  7.353610e+07  1.776571e+07 
2976  4.248950e+07  2.933956e+07  1.314994e+07 
2982  1.442799e+08  1.196123e+08  2.466757e+07 
2987  2.956067e+07  2.670168e+07  2.858994e+06 
2993  1.064573e+07  5.616224e+06  5.029508e+06 
2999  5.569134e+07  4.362373e+07  1.206760e+07 
3005  7.003262e+07  6.481336e+07  5.219263e+06 
3011  4.576719e+07  2.743654e+07  1.833065e+07 
3017  4.479992e+07  2.728656e+07  1.751336e+07 
3023  1.565914e+07  8.378962e+06  7.280180e+06 
3028  2.748135e+07  1.505844e+07  1.242291e+07 
3034  1.525269e+07  8.232857e+06  7.019836e+06 
3040  1.418442e+07  7.852300e+06  6.332120e+06 
3046  9.541606e+07  6.667636e+07  2.873970e+07 
3052  9.693761e+06  5.242280e+06  4.451481e+06 
3058  9.278283e+06  5.001902e+06  4.276381e+06 
3064  6.819242e+07  4.781284e+07  2.037957e+07 
3070  5.932495e+07  3.537787e+07  2.394708e+07 
3076  1.111929e+08  7.273350e+07  3.845940e+07 
3082  2.050585e+07  1.181153e+07  8.694318e+06 
3088  1.554321e+07  8.600505e+06  6.942702e+06 
3094  6.278586e+07  4.856562e+07  1.422025e+07 
3100  1.207715e+07  6.542192e+06  5.534960e+06 
3106  2.186100e+07  1.203139e+07  9.829612e+06 
3112  1.210891e+07  6.507107e+06  5.601807e+06 
3118  1.169706e+07  6.243606e+06  5.453456e+06 
3124  6.175117e+05  3.187514e+05  2.987602e+05 
3130  1.591832e+07  9.356875e+06  6.561450e+06 
3136  4.593580e+06  2.401438e+06  2.192142e+06 
3142  4.228930e+07  3.342447e+07  8.864823e+06 
3149  2.133056e+07  1.233668e+07  8.993876e+06 
3155  9.153444e+06  4.931836e+06  4.221608e+06 
3161  1.094222e+08  9.573750e+07  1.368466e+07 
3167  1.024494e+08  8.979993e+07  1.264948e+07 
3173  8.885780e+04  5.354312e+04  3.531468e+04 
3179  8.074013e+07  6.175493e+07  1.898520e+07 
3186  1.277703e+08  1.114243e+08  1.634605e+07 
3192  1.184508e+08  1.018237e+08  1.662704e+07 
3198  8.066557e+07  7.386874e+07  6.796822e+06 
3204  2.248182e+07  1.289894e+07  9.582884e+06 
3210  1.261338e+08  1.120269e+08  1.410690e+07 
3217  4.132293e+05  2.417635e+05  1.714658e+05 
3223  9.310055e+06  5.277563e+06  4.032492e+06 
3229  1.271759e+08  9.578038e+07  3.139552e+07 
3236  1.360584e+07  1.067725e+07  2.928594e+06 
3242  5.904664e+07  4.212958e+07  1.691707e+07 
3248  1.069813e+08  7.204282e+07  3.493853e+07 
3255  9.094685e+07  5.901730e+07  3.192955e+07 
3261  7.283782e+07  5.674473e+07  1.609310e+07 
3267  3.338780e+07  1.808527e+07  1.530252e+07 
3274  1.797586e+06  1.109675e+06  6.879102e+05 
3280  1.251075e+08  7.993780e+07  4.516972e+07 
3286  7.500849e+07  5.557363e+07  1.943485e+07 
3293  4.398977e+07  2.637922e+07  1.761055e+07 
3299  5.681905e+07  3.786691e+07  1.895214e+07 
3306  7.388120e+07  5.270963e+07  2.117157e+07 
3312  7.108730e+07  5.251726e+07  1.857004e+07 
3318  1.585685e+07  8.478620e+06  7.378230e+06 
3325  2.560662e+07  1.429622e+07  1.131040e+07 
3331  8.091167e+05  4.271372e+05  3.819794e+05 
3338  3.071471e+07  1.689772e+07  1.381699e+07 
3344  1.040308e+06  5.325428e+05  5.077647e+05 
3351  1.826427e+05  9.336734e+04  8.927537e+04 
3357  5.888340e+07  3.728357e+07  2.159983e+07 
3364  1.945025e+07  1.545302e+07  3.997236e+06 
3371  3.861742e+07  2.282514e+07  1.579228e+07 
3377  5.718215e+06  3.011593e+06  2.706622e+06 
3384  2.680056e+07  1.489593e+07  1.190463e+07 
3390  2.186602e+07  1.201588e+07  9.850135e+06 
3397  4.351412e+06  2.251255e+06  2.100157e+06 
3403  1.625099e+06  8.342751e+05  7.908240e+05 
3410  1.036758e+07  5.660010e+06  4.707568e+06 
3417  2.580271e+07  1.423452e+07  1.156819e+07 
3423  4.485473e+06  2.293229e+06  2.192244e+06 
3430  1.252922e+07  6.637466e+06  5.891754e+06 
3437  4.584852e+07  2.988183e+07  1.596669e+07 
3443  3.755024e+06  1.886545e+06  1.868479e+06 
3450  4.790336e+07  2.978343e+07  1.811992e+07 
3457  3.098321e+07  1.698203e+07  1.400118e+07 
3464  4.618794e+06  2.357039e+06  2.261755e+06 
3470  1.163486e+07  6.189208e+06  5.445652e+06 
3477  2.297078e+07  1.225274e+07  1.071804e+07 
3484  3.124019e+07  1.682739e+07  1.441280e+07 
3491  1.832936e+07  1.000856e+07  8.320806e+06 
3498  1.925634e+07  1.013580e+07  9.120544e+06 
3504  6.288422e+06  3.254034e+06  3.034389e+06 
3511  8.124872e+05  3.904303e+05  4.220570e+05 
3518  6.538923e+06  3.366904e+06  3.172019e+06 
3525  8.515750e+06  4.430013e+06  4.085738e+06 
3532  6.126199e+06  3.088202e+06  3.037997e+06 
3539  8.126145e+06  4.212236e+06  3.913910e+06 
3545  1.556997e+06  7.980729e+05  7.589244e+05 
3552  1.257017e+07  5.607397e+06  6.962773e+06 
3559  7.277895e+06  3.762316e+06  3.515579e+06 
3566  8.203760e+06  4.378244e+06  3.825516e+06 
3573  5.797120e+05  5.347497e+05  4.496229e+04 
3580  1.976529e+05  1.040215e+05  9.363137e+04 
3587  4.708945e+06  3.184866e+06  1.524080e+06 
3594  2.027582e+05  1.043035e+05  9.845473e+04 
3601  1.013410e+06  5.188802e+05  4.945299e+05 
3608  5.686226e+05  2.904224e+05  2.782002e+05 
3615  2.102480e+06  1.017335e+06  1.085145e+06 
3622  3.605465e+07  2.143626e+07  1.461839e+07 
3629  4.560007e+05  3.797188e+05  7.628186e+04 
3636  3.345659e+06  1.703991e+06  1.641668e+06 
3643  2.864446e+07  1.640223e+07  1.224223e+07 
3651  5.097103e+04  2.626822e+04  2.470280e+04 
3658  4.377769e+07  2.970041e+07  1.407728e+07 
3665  4.418416e+04  2.290462e+04  2.127954e+04 
3672  9.484566e+04  5.199625e+04  4.284941e+04 
3679  7.010628e+05  3.330200e+05  3.680428e+05 
3686  8.089785e+05  4.818714e+05  3.271071e+05 
3693  2.642695e+05  1.503265e+05  1.139431e+05 
3701  1.750996e+06  9.607710e+05  7.902247e+05 
3708  2.632930e+05  1.682625e+05  9.503049e+04 
3715  1.108507e+06  5.409439e+05  5.675628e+05 
3722  1.570607e+06  7.684751e+05  8.021321e+05 
3730  6.778269e+06  3.521925e+06  3.256344e+06 
3737  8.148923e+04  5.533021e+04  2.615902e+04 
3744  1.539829e+06  7.953248e+05  7.445046e+05 
3751  9.062072e+06  4.521938e+06  4.540134e+06 
3759  1.521653e+07  7.974119e+06  7.242411e+06 
3766  3.023723e+07  1.773548e+07  1.250175e+07 
3773  4.565916e+04  2.440225e+04  2.125691e+04 
3781  1.214822e+07  6.422198e+06  5.726018e+06 
3788  7.731732e+05  3.930739e+05  3.800993e+05 
3795  1.093300e+06  5.082164e+05  5.850836e+05 
3803  2.394562e+05  1.213612e+05  1.180950e+05 
3810  4.073516e+06  2.096811e+06  1.976706e+06 
3818  1.074384e+05  2.179696e+04  8.564148e+04 
3825  3.823754e+07  2.302035e+07  1.521719e+07 
3833  4.853959e+05  2.881198e+05  1.972760e+05 
3840  4.918233e+04  3.213322e+04  1.704911e+04 
3847  4.028011e+06  2.080448e+06  1.947563e+06 
3855  8.334400e+04  4.807857e+04  3.526543e+04 
3862  2.087888e+05  1.088943e+05  9.989445e+04 
3870  1.554891e+07  8.632993e+06  6.915920e+06 
3878  8.486178e+04  4.385908e+04  4.100270e+04 
3885  7.393167e+04  3.770830e+04  3.622337e+04 
3893  1.029924e+06  5.269962e+05  5.029281e+05 
3900  3.581061e+05  1.831174e+05  1.749887e+05 
3908  9.979700e+06  5.176430e+06  4.803270e+06 
3915  5.415375e+06  2.765834e+06  2.649541e+06 
3923  6.311888e+05  3.192928e+05  3.118960e+05 
3931  4.619037e+06  3.155848e+06  1.463188e+06 
3938  2.989632e+07  1.704154e+07  1.285479e+07 
3946  7.743250e+06  3.983194e+06  3.760056e+06 
3954  3.980641e+05  2.026617e+05  1.954024e+05 
3961  5.175149e+06  2.337947e+06  2.837202e+06 
3969  5.307913e+06  3.607327e+06  1.700586e+06 
3977  2.130825e+07  1.226075e+07  9.047505e+06 
3985  2.886352e+06  1.468823e+06  1.417528e+06 
3992  4.705871e+06  2.419037e+06  2.286834e+06 
4000  1.875669e+07  1.049502e+07  8.261668e+06 
4008  1.534444e+06  7.359260e+05  7.985174e+05 
4016  4.592008e+05  2.335724e+05  2.256283e+05 
4024  4.848573e+06  1.268497e+06  3.580076e+06 
4031  3.894649e+05  2.139493e+05  1.755156e+05 
4039  9.993617e+04  5.092722e+04  4.900895e+04 
4047  8.130450e+04  4.145040e+04  3.985410e+04 
4055  1.022584e+06  5.190361e+05  5.035475e+05 
4063  5.505903e+06  2.829670e+06  2.676232e+06 
4071  8.586765e+05  4.369813e+05  4.216952e+05 
4079  1.837313e+06  9.381679e+05  8.991454e+05 
4087  1.046927e+06  5.335777e+05  5.133491e+05 
4095  6.038724e+05  3.064841e+05  2.973882e+05 
4103  3.546339e+05  1.670827e+05  1.875512e+05 
4111  1.936467e+06  9.854201e+05  9.510472e+05 
4119  5.604480e+06  2.748585e+06  2.855895e+06 
4127  7.422363e+06  4.122025e+06  3.300338e+06 
4135  1.584402e+06  8.099155e+05  7.744870e+05 
4143  6.236931e+05  2.696228e+05  3.540704e+05 
4151  4.650779e+05  2.362463e+05  2.288316e+05 
4159  8.955709e+05  4.559006e+05  4.396703e+05 
4167  3.406886e+05  1.701328e+05  1.705558e+05 
4175  6.084920e+07  3.724016e+07  2.360903e+07 
4183  1.516248e+06  7.834289e+05  7.328188e+05 
4191  4.996495e+04  2.535510e+04  2.460985e+04 
4200  4.476182e+05  2.272525e+05  2.203657e+05 
4208  5.377215e+05  2.745710e+05  2.631505e+05 
4216  9.481145e+04  4.811207e+04  4.669937e+04 
4224  2.299300e+05  1.221587e+05  1.077713e+05 
4232  6.080114e+07  4.623848e+07  1.456266e+07 
4241  7.477925e+05  3.822860e+05  3.655065e+05 
4249  5.925861e+06  4.556238e+06  1.369624e+06 
4257  5.607932e+06  2.921668e+06  2.686264e+06 
4265  1.017059e+05  6.010932e+04  4.159654e+04 
4274  1.266312e+07  6.817408e+06  5.845714e+06 
4282  1.313382e+05  6.665030e+04  6.468789e+04 
4290  2.319297e+06  1.183181e+06  1.136116e+06 
4299  4.864220e+07  3.033796e+07  1.830423e+07 
4307  2.040572e+05  1.137365e+05  9.032064e+04 
4316  1.028688e+07  5.478228e+06  4.808651e+06 
4324  2.636466e+06  1.335029e+06  1.301437e+06 
4332  2.919782e+07  1.801775e+07  1.118006e+07 
4341  6.349532e+06  3.315519e+06  3.034013e+06 
4349  4.385972e+07  3.065201e+07  1.320772e+07 
4358  6.337013e+06  3.208828e+06  3.128186e+06 
4366  2.982596e+06  1.657761e+06  1.324834e+06 
4375  5.308004e+07  3.736690e+07  1.571314e+07 
4383  3.786216e+07  2.308196e+07  1.478021e+07 
4392  5.135577e+04  2.372119e+04  2.763458e+04 
4400  2.031859e+07  1.131829e+07  9.000299e+06 
4409  4.585309e+07  2.822965e+07  1.762344e+07 
4418  3.068326e+07  1.905926e+07  1.162400e+07 
4426  1.196302e+05  6.053988e+04  5.909034e+04 
4435  5.550133e+06  2.826665e+06  2.723468e+06 
4443  9.288751e+05  4.709477e+05  4.579274e+05 
4452  5.386718e+06  2.729846e+06  2.656873e+06 
4461  2.133738e+06  1.080408e+06  1.053330e+06 
4469  1.289550e+07  1.218910e+06  1.167659e+07 
4478  8.280094e+05  4.084740e+05  4.195354e+05 
4487  4.432895e+07  2.617910e+07  1.814985e+07 
4496  8.455679e+04  4.471148e+04  3.984531e+04 
4504  3.963410e+07  2.654196e+07  1.309214e+07 
4513  1.694613e+07  9.403818e+06  7.542310e+06 
4522  7.867003e+07  5.252394e+07  2.614609e+07 
4531  7.283185e+06  3.829577e+06  3.453608e+06 
4540  3.266755e+07  2.047479e+07  1.219276e+07 
4548  4.652518e+07  3.276753e+07  1.375765e+07 
4557  2.486606e+07  1.421747e+07  1.064859e+07 
4566  1.011477e+05  5.115030e+04  4.999744e+04 
4575  3.923722e+07  2.525907e+07  1.397815e+07 
4584  6.165340e+07  4.323965e+07  1.841376e+07 
4593  1.160564e+07  6.167786e+06  5.437850e+06 
4602  7.719654e+05  3.932523e+05  3.787130e+05 
4611  4.338394e+05  2.190177e+05  2.148217e+05 
4620  3.956879e+07  2.468961e+07  1.487918e+07 
4629  4.676579e+07  2.846808e+07  1.829771e+07 
4638  3.191891e+05  1.613238e+05  1.578654e+05 
4647  9.701972e+06  5.125348e+06  4.576624e+06 
4656  4.831389e+05  2.448078e+05  2.383311e+05 
4665  1.590215e+07  8.488513e+06  7.413634e+06 
4674  1.249683e+06  6.330502e+05  6.166328e+05 
4683  4.233727e+04  1.973043e+04  2.260684e+04 
4692  5.855176e+04  2.953612e+04  2.901564e+04 
4701  4.554073e+04  2.297105e+04  2.256968e+04 
4711  1.583917e+05  4.987886e+04  1.085128e+05 
4720  4.217398e+05  2.132360e+05  2.085038e+05 
4729  2.198580e+06  1.120038e+06  1.078541e+06 
4738  7.303048e+05  3.689354e+05  3.613694e+05 
4747  1.602093e+05  8.092157e+04  7.928777e+04 
4757  4.353101e+05  2.197930e+05  2.155170e+05 
4766  9.339201e+03  4.706795e+03  4.632406e+03 
4775  1.814024e+05  9.140042e+04  9.000202e+04 
4784  2.041891e+03  1.028868e+03  1.013023e+03 
4794  2.679175e+04  1.349600e+04  1.329575e+04 
4803  5.262119e+04  2.651602e+04  2.610517e+04 
4813  4.969028e+05  2.507490e+05  2.461539e+05 
4822  1.466496e+06  7.401109e+05  7.263851e+05 
4831  2.031973e+06  1.029356e+06  1.002617e+06 
4841  1.801901e+06  9.124764e+05  8.894246e+05 
4850  4.802910e+05  2.424076e+05  2.378834e+05 
4860  2.485152e+05  1.264801e+05  1.220351e+05 
4869  2.612242e+06  1.323486e+06  1.288756e+06 
4879  1.692273e+05  8.521287e+04  8.401444e+04 
4888  5.585656e+05  2.817258e+05  2.768398e+05 
4898  1.025692e+06  5.172017e+05  5.084901e+05 
4907  4.342206e+05  2.185470e+05  2.156736e+05 
4917  4.253936e+04  2.041341e+04  2.212595e+04 
4926  6.723832e+07  4.845851e+07  1.877981e+07 
4936  8.139194e+04  4.097216e+04  4.041977e+04 
4945  2.261807e+05  1.137925e+05  1.123883e+05 
4955  1.204618e+06  6.097771e+05  5.948414e+05 
4965  5.784623e+04  2.911910e+04  2.872713e+04 
4974  8.695038e+05  4.379126e+05  4.315911e+05 
4984  2.267307e+05  1.142977e+05  1.124329e+05 
4994  1.789182e+06  9.017864e+05  8.873961e+05 
5004  6.230835e+05  3.137327e+05  3.093508e+05 
5013  8.912130e+07  6.748502e+07  2.163627e+07 
5023  8.419080e+05  5.900081e+05  2.518998e+05 
5033  5.239148e+04  2.634811e+04  2.604337e+04 
5043  7.915609e+05  3.699766e+05  4.215842e+05 
5052  1.090102e+05  5.169901e+04  5.731118e+04 
5062  8.174413e+05  4.117669e+05  4.056744e+05 
5072  1.011989e+06  2.520958e+05  7.598930e+05 
5082  2.195442e+05  1.105240e+05  1.090202e+05 
5092  3.732223e+05  1.880434e+05  1.851789e+05 
5102  6.252887e+06  3.207917e+06  3.044970e+06 
5112  1.513464e+05  7.605444e+04  7.529200e+04 
5122  6.345334e+05  3.197303e+05  3.148031e+05 
5132  2.995991e+06  1.513550e+06  1.482441e+06 
5142  1.193253e+06  6.024102e+05  5.908428e+05 
5152  1.351061e+06  6.802404e+05  6.708204e+05 
5162  3.969780e+06  2.013523e+06  1.956257e+06 
5172  1.037521e+08  7.743277e+07  2.631931e+07 
5182  3.080748e+05  1.622398e+05  1.458351e+05 
5192  6.854900e+05  4.420663e+05  2.434237e+05 
5202  5.029582e+07  3.377580e+07  1.652002e+07 
5212  4.888600e+04  2.457200e+04  2.431401e+04 
5222  6.679418e+05  3.361700e+05  3.317718e+05 
5233  5.345649e+07  3.674048e+07  1.671601e+07 
5243  3.016009e+05  1.521251e+05  1.494758e+05 
5253  1.809000e+07  9.754531e+06  8.335466e+06 
5263  5.304411e+06  2.741848e+06  2.562564e+06 
5273  6.968956e+07  4.757566e+07  2.211391e+07 
5284  7.719709e+07  4.853372e+07  2.866337e+07 
5294  1.740604e+05  8.761052e+04  8.644989e+04 
5304  9.246816e+04  4.646307e+04  4.600509e+04 
5315  7.875686e+07  5.538880e+07  2.336805e+07 
5325  1.904113e+07  1.041586e+07  8.625267e+06 
5335  1.262450e+06  6.381910e+05  6.242594e+05 
5346  5.922939e+05  2.988741e+05  2.934198e+05 
5356  3.020135e+05  1.519089e+05  1.501046e+05 
5367  1.368831e+07  7.312944e+06  6.375364e+06 
5377  3.073748e+05  1.542750e+05  1.530998e+05 
5388  3.721168e+04  1.868050e+04  1.853118e+04 
5398  2.598046e+05  1.305340e+05  1.292706e+05 
5409  1.407054e+06  7.114605e+05  6.955932e+05 
5419  4.991754e+04  2.599988e+04  2.391766e+04 
5430  2.105096e+07  1.111202e+07  9.938939e+06 
5440  7.829979e+05  3.935885e+05  3.894094e+05 
5451  1.160291e+06  5.850268e+05  5.752638e+05 
5461  6.662764e+05  3.350403e+05  3.312361e+05 
5472  5.928545e+05  2.982914e+05  2.945631e+05 
5483  1.390907e+05  6.984185e+04  6.924888e+04 
5493  3.919664e+05  1.969178e+05  1.950486e+05 
5504  3.356965e+05  1.687526e+05  1.669439e+05 
5515  1.639361e+05  8.230552e+04  8.163055e+04 
5526  3.142087e+06  1.571207e+06  1.570880e+06 
5536  1.936226e+06  9.776262e+05  9.585997e+05 
5547  7.761999e+05  3.906711e+05  3.855289e+05 
5558  3.515231e+04  1.762834e+04  1.752397e+04 
5569  1.920706e+06  9.621599e+05  9.585466e+05 
5580  1.344844e+05  6.749249e+04  6.699194e+04 
5590  1.574948e+06  7.886718e+05  7.862763e+05 
5601  4.449378e+04  2.230888e+04  2.218490e+04 
5612  1.228262e+05  6.101073e+04  6.181550e+04 
5623  2.486074e+06  1.256328e+06  1.229747e+06 
5634  6.801389e+04  3.410286e+04  3.391104e+04 
5645  9.654890e+04  4.841229e+04  4.813661e+04 
5656  1.996826e+06  1.011334e+06  9.854912e+05 
5667  6.288620e+05  3.153166e+05  3.135454e+05 
5678  7.126864e+04  3.597668e+04  3.529196e+04 
5689  2.453814e+06  1.335354e+06  1.118460e+06 
5700  1.806035e+05  9.055378e+04  9.004973e+04 
5711  6.702684e+04  3.360287e+04  3.342397e+04 
5723  6.106114e+05  3.068920e+05  3.037194e+05 
5734  5.678334e+05  2.852897e+05  2.825437e+05 
5745  2.961244e+05  1.485250e+05  1.475994e+05 
5756  1.237032e+05  6.199155e+04  6.171165e+04 
5767  8.670945e+04  4.345252e+04  4.325693e+04 
5779  2.815603e+05  1.412109e+05  1.403494e+05 
5790  3.302686e+05  1.657434e+05  1.645252e+05 
5801  1.667593e+05  8.356978e+04  8.318948e+04 
5812  2.528159e+06  1.277888e+06  1.250270e+06 
5824  4.910156e+05  2.464657e+05  2.445499e+05 
5835  2.060086e+06  1.039779e+06  1.020307e+06 
5846  1.345777e+05  6.742170e+04  6.715596e+04 
5858  3.511693e+05  1.759668e+05  1.752025e+05 
5869  1.869113e+05  8.933562e+04  9.757573e+04 
5881  4.386520e+04  7.787199e+03  3.607800e+04 
5892  3.734384e+05  2.952575e+05  7.818088e+04 
5904  2.067368e+05  1.121750e+05  9.456178e+04 
5915  4.033847e+06  2.024406e+06  2.009441e+06 
5927  6.158895e+05  3.087407e+05  3.071488e+05 
5938  6.045529e+04  3.027602e+04  3.017927e+04 
5950  2.643908e+06  1.339225e+06  1.304683e+06 
5961  4.114359e+05  2.059944e+05  2.054416e+05 
5973  2.782748e+05  1.395482e+05  1.387265e+05 
5985  1.621453e+05  8.122755e+04  8.091775e+04 
5996  4.294210e+06  2.164304e+06  2.129907e+06 
6008  1.271662e+05  6.366672e+04  6.349950e+04 
6020  3.767389e+05  1.887348e+05  1.880041e+05 
6031  1.181067e+05  5.911646e+04  5.899020e+04 
6043  1.238574e+06  6.205988e+05  6.179751e+05 
6055  1.581485e+06  7.932014e+05  7.882836e+05 
6067  3.410169e+05  1.708155e+05  1.702013e+05 
6078  4.614333e+06  2.318868e+06  2.295464e+06 
6090  1.117323e+05  5.323927e+04  5.849306e+04 
6102  1.333291e+06  6.685486e+05  6.647427e+05 
6114  1.718430e+06  8.624451e+05  8.559844e+05 
6126  6.465082e+05  3.237451e+05  3.227631e+05 
6138  1.750362e+05  8.760670e+04  8.742948e+04 
6150  2.379798e+07  1.304321e+07  1.075477e+07 
6162  4.772254e+05  2.404772e+05  2.367482e+05 
6174  6.020971e+06  3.033110e+06  2.987861e+06 
6186  1.995039e+06  9.994261e+05  9.956133e+05 
6198  1.200371e+06  6.005932e+05  5.997782e+05 
6210  6.387417e+04  3.195849e+04  3.191568e+04 
6222  2.210548e+05  1.106432e+05  1.104117e+05 
6234  1.841408e+07  9.894982e+06  8.519098e+06 
6246  2.500712e+07  1.417856e+07  1.082856e+07 
6259  6.453164e+05  3.227876e+05  3.225288e+05 
6271  1.770200e+05  8.855635e+04  8.846368e+04 
6283  1.259825e+05  6.312586e+04  6.285663e+04 
6295  5.911744e+05  2.969053e+05  2.942691e+05 
6307  2.287671e+06  1.146785e+06  1.140886e+06 
6320  8.737294e+06  4.442594e+06  4.294700e+06 
6332  1.270979e+06  6.362413e+05  6.347373e+05 
6344  2.205819e+06  1.653024e+06  5.527956e+05 
6357  6.484855e+04  3.242835e+04  3.242020e+04 
6369  3.362469e+06  1.900044e+06  1.462425e+06 
6381  5.606185e+06  2.826488e+06  2.779697e+06 
6394  6.943277e+04  3.471890e+04  3.471386e+04 
6406  1.751423e+06  8.842596e+05  8.671631e+05 
6419  1.202189e+07  6.370546e+06  5.651343e+06 
6431  6.861200e+06  3.464166e+06  3.397034e+06 
6444  2.083063e+06  1.043712e+06  1.039352e+06 
6456  3.523041e+07  2.091446e+07  1.431595e+07 
6469  8.401477e+05  4.205549e+05  4.195928e+05 
6482  3.515040e+06  1.762775e+06  1.752265e+06 
6494  3.445126e+06  1.733884e+06  1.711242e+06 
6507  1.379296e+06  6.911111e+05  6.881853e+05 
6520  1.300904e+07  6.621638e+06  6.387402e+06 
6532  1.568309e+06  7.842081e+05  7.841009e+05 
6545  1.111153e+04  5.555800e+03  5.555726e+03 
6558  1.252918e+06  7.078428e+05  5.450751e+05 
6571  3.368015e+06  1.696337e+06  1.671678e+06 
6583  1.358611e+06  6.775811e+05  6.810302e+05 
6596  1.930708e+05  9.662987e+04  9.644098e+04 
6609  1.210022e+06  6.059050e+05  6.041173e+05 
6622  3.157043e+06  1.580013e+06  1.577030e+06 
6635  9.855377e+03  4.927727e+03  4.927651e+03 
6648  4.401458e+06  2.204586e+06  2.196872e+06 
6661  5.261201e+05  2.630992e+05  2.630209e+05 
6674  4.207499e+05  1.319981e+04  4.075501e+05 
6687  1.018980e+06  4.011299e+05  6.178500e+05 
6700  9.762891e+04  4.886400e+04  4.876492e+04 
6713  7.334011e+04  3.704763e+04  3.629248e+04 
6726  5.483486e+05  2.742138e+05  2.741348e+05 
6739  4.335506e+03  2.166719e+03  2.168787e+03 
6752  5.208475e+04  2.604079e+04  2.604396e+04 
6765  4.498153e+05  2.215734e+05  2.282419e+05 
6778  3.722651e+04  1.861354e+04  1.861296e+04 
6792  9.270280e+04  4.635036e+04  4.635244e+04 
6805  1.560077e+05  7.799585e+04  7.801186e+04 
6818  8.955911e+05  4.478144e+05  4.477768e+05 
6831  5.570755e+05  2.784649e+05  2.786106e+05 
6845  2.417308e+04  1.209051e+04  1.208257e+04 
6858  2.328654e+06  1.164412e+06  1.164242e+06 
6871  8.863464e+05  4.432166e+05  4.431298e+05 
6885  9.570378e+04  4.780095e+04  4.790283e+04 
6898  6.215913e+03  3.108136e+03  3.107777e+03 
6912  1.296434e+06  6.487884e+05  6.476461e+05 
6925  5.455616e+05  2.726356e+05  2.729261e+05 
6938  6.556495e+04  3.277600e+04  3.278894e+04 
6952  3.373856e+05  1.688449e+05  1.685407e+05 
6966  8.244888e+04  4.114468e+04  4.130419e+04 
6979  1.043334e+05  5.216423e+04  5.216915e+04 
6993  3.423156e+05  1.712348e+05  1.710808e+05 
