1000  2.105333e+07  2.083678e+07  2.165568e+05 
1002  4.900896e+06  4.767571e+06  1.333246e+05 
1004  5.918532e+06  5.754296e+06  1.642366e+05 
1006  4.839759e+06  4.736549e+06  1.032100e+05 
1008  4.690916e+06  4.580091e+06  1.108248e+05 
1010  2.074418e+05  1.698359e+05  3.760580e+04 
1012  1.798274e+06  1.681568e+06  1.167062e+05 
1014  6.218043e+06  6.117441e+06  1.006019e+05 
1016  3.925056e+06  3.522155e+06  4.029008e+05 
1018  4.097424e+06  4.012019e+06  8.540536e+04 
1020  4.804469e+06  4.546308e+06  2.581603e+05 
1022  5.813882e+06  5.744053e+06  6.982870e+04 
1024  1.819343e+06  1.751173e+06  6.816924e+04 
1026  1.431727e+06  1.329259e+06  1.024682e+05 
1028  4.886050e+06  4.860197e+06  2.585300e+04 
1030  1.962717e+07  1.954579e+07  8.137991e+04 
1032  1.192185e+07  1.178168e+07  1.401759e+05 
1034  1.278869e+07  1.263437e+07  1.543176e+05 
1036  6.644022e+06  6.280230e+06  3.637915e+05 
1038  2.761629e+06  2.709041e+06  5.258855e+04 
1040  3.376024e+06  3.321644e+06  5.437923e+04 
1042  1.587117e+07  1.570746e+07  1.637151e+05 
1044  2.052407e+07  2.020154e+07  3.225242e+05 
1046  1.457641e+07  1.433255e+07  2.438583e+05 
1048  9.570179e+05  9.172491e+05  3.976878e+04 
1050  1.603808e+07  1.581877e+07  2.193104e+05 
1052  7.564316e+06  7.357669e+06  2.066469e+05 
1054  5.761564e+07  5.748800e+07  1.276458e+05 
1057  2.543575e+07  2.496691e+07  4.688350e+05 
1059  4.212470e+07  4.187792e+07  2.467766e+05 
1061  6.612308e+07  6.562526e+07  4.978210e+05 
1063  6.361949e+07  6.343386e+07  1.856310e+05 
1065  2.602822e+07  2.592031e+07  1.079173e+05 
1067  1.439790e+08  1.437232e+08  2.558232e+05 
1069  6.797922e+07  6.781194e+07  1.672781e+05 
1071  8.367931e+07  8.345357e+07  2.257447e+05 
1073  6.996526e+07  6.955508e+07  4.101741e+05 
1075  1.115769e+08  1.112771e+08  2.998349e+05 
1077  2.552806e+07  2.519649e+07  3.315738e+05 
1079  1.105511e+07  1.072053e+07  3.345800e+05 
1081  6.889742e+07  6.878372e+07  1.136971e+05 
1084  9.849599e+06  8.986200e+06  8.633994e+05 
1086  4.015486e+06  3.463726e+06  5.517600e+05 
1088  7.063111e+07  7.045002e+07  1.810911e+05 
1090  1.020596e+08  1.019261e+08  1.334977e+05 
1092  8.273933e+07  8.260945e+07  1.298833e+05 
1094  7.755183e+07  7.735032e+07  2.015129e+05 
1096  9.627996e+07  9.610362e+07  1.763444e+05 
1098  1.366819e+08  1.362537e+08  4.282035e+05 
1101  1.168797e+08  1.164650e+08  4.147221e+05 
1103  2.808697e+07  2.796916e+07  1.178059e+05 
1105  5.684813e+07  5.672650e+07  1.216328e+05 
1107  6.710820e+07  6.684597e+07  2.622257e+05 
1109  5.327946e+07  5.319309e+07  8.637461e+04 
1111  8.059599e+07  8.045367e+07  1.423212e+05 
1114  6.586039e+07  6.579129e+07  6.910117e+04 
1116  4.577061e+07  4.548078e+07  2.898334e+05 
1118  8.804529e+06  7.122076e+06  1.682454e+06 
1120  1.328658e+07  1.306766e+07  2.189239e+05 
1122  6.449910e+06  6.237759e+06  2.121504e+05 
1124  4.051637e+07  3.999903e+07  5.173456e+05 
1127  2.365713e+07  2.331566e+07  3.414743e+05 
1129  1.219546e+07  1.201716e+07  1.783062e+05 
1131  4.332384e+07  4.326086e+07  6.297659e+04 
1133  1.282691e+08  1.280789e+08  1.902826e+05 
1135  3.417264e+07  3.385377e+07  3.188676e+05 
1138  5.653314e+07  5.624603e+07  2.871075e+05 
1140  5.725023e+07  5.688556e+07  3.646695e+05 
1142  1.233118e+08  1.229883e+08  3.234757e+05 
1144  2.137855e+08  2.132106e+08  5.749403e+05 
1147  2.118501e+08  2.112007e+08  6.493234e+05 
1149  2.160765e+08  2.153749e+08  7.016031e+05 
1151  2.064753e+08  2.057198e+08  7.554669e+05 
1153  1.464713e+08  1.457755e+08  6.957704e+05 
1156  3.976482e+07  3.939066e+07  3.741527e+05 
1158  6.747171e+07  6.680776e+07  6.639563e+05 
1160  1.274553e+08  1.263054e+08  1.149924e+06 
1162  6.413864e+07  6.402659e+07  1.120532e+05 
1165  6.364412e+07  6.345180e+07  1.923170e+05 
1167  9.696304e+07  9.672068e+07  2.423639e+05 
1169  1.149304e+08  1.142231e+08  7.072872e+05 
1171  1.154915e+08  1.144344e+08  1.057108e+06 
1174  1.166655e+08  1.122195e+08  4.446004e+06 
1176  3.178987e+07  2.684085e+07  4.949016e+06 
1178  3.914060e+07  3.787126e+07  1.269340e+06 
1181  4.672071e+07  4.590216e+07  8.185518e+05 
1183  6.545061e+07  6.480529e+07  6.453249e+05 
1185  9.613162e+07  9.530615e+07  8.254701e+05 
1187  1.343172e+08  1.330995e+08  1.217752e+06 
1190  3.164575e+07  3.046909e+07  1.176659e+06 
1192  5.853543e+07  5.729322e+07  1.242213e+06 
1194  2.452558e+07  2.305661e+07  1.468964e+06 
1197  6.417770e+07  6.324755e+07  9.301454e+05 
1199  1.650726e+08  1.643134e+08  7.591902e+05 
1201  3.304839e+07  3.257327e+07  4.751272e+05 
1204  2.696531e+07  2.670824e+07  2.570707e+05 
1206  3.966460e+07  3.221132e+07  7.453286e+06 
1208  1.261702e+08  1.256524e+08  5.177624e+05 
1211  1.247622e+08  1.239387e+08  8.235444e+05 
1213  2.340866e+08  2.329163e+08  1.170309e+06 
1215  9.954661e+07  9.711879e+07  2.427819e+06 
1218  3.258702e+08  3.251020e+08  7.681609e+05 
1220  7.992295e+07  7.962166e+07  3.012867e+05 
1223  4.869883e+07  4.839244e+07  3.063932e+05 
1225  3.779965e+07  3.730336e+07  4.962908e+05 
1227  6.915726e+07  6.866636e+07  4.909013e+05 
1230  2.677289e+07  2.637446e+07  3.984214e+05 
1232  6.719174e+07  6.695977e+07  2.319636e+05 
1235  6.367540e+07  6.312522e+07  5.501784e+05 
1237  4.499176e+07  4.420682e+07  7.849336e+05 
1239  3.838185e+07  3.727544e+07  1.106406e+06 
1242  6.939650e+07  6.805734e+07  1.339169e+06 
1244  6.343865e+07  6.262470e+07  8.139449e+05 
1247  3.211920e+07  3.190992e+07  2.092786e+05 
1249  8.038242e+07  7.977178e+07  6.106380e+05 
1252  5.343458e+07  5.284612e+07  5.884597e+05 
1254  5.271929e+07  5.189541e+07  8.238842e+05 
1256  7.263797e+07  7.140150e+07  1.236475e+06 
1259  4.601069e+07  4.450293e+07  1.507759e+06 
1261  9.385007e+07  9.182482e+07  2.025254e+06 
1264  7.177182e+07  6.998502e+07  1.786792e+06 
1266  2.173990e+08  2.159967e+08  1.402303e+06 
1269  6.956523e+07  6.802822e+07  1.537008e+06 
1271  1.139239e+08  1.124088e+08  1.515066e+06 
1274  8.145118e+07  8.010550e+07  1.345669e+06 
1276  7.654565e+07  7.558856e+07  9.570854e+05 
1279  6.991237e+07  6.831702e+07  1.595341e+06 
1281  5.362056e+07  5.225691e+07  1.363649e+06 
1284  3.790410e+07  3.621316e+07  1.690944e+06 
1286  6.526613e+07  6.269620e+07  2.569928e+06 
1289  1.263172e+08  1.230053e+08  3.311898e+06 
1291  5.302181e+07  5.150223e+07  1.519584e+06 
1294  3.643446e+07  3.315648e+07  3.277985e+06 
1296  5.711677e+07  5.553414e+07  1.582633e+06 
1299  4.586036e+07  4.016718e+07  5.693184e+06 
1301  3.841547e+07  3.445347e+07  3.961997e+06 
1304  3.756100e+07  3.487568e+07  2.685318e+06 
1306  6.177413e+07  5.923266e+07  2.541472e+06 
1309  2.295725e+07  2.136858e+07  1.588676e+06 
1311  4.615632e+07  4.477302e+07  1.383301e+06 
1314  6.535131e+07  6.435137e+07  9.999446e+05 
1316  7.175797e+07  6.902856e+07  2.729408e+06 
1319  1.051147e+08  1.021694e+08  2.945284e+06 
1322  9.640891e+07  9.358399e+07  2.824917e+06 
1324  4.252935e+07  4.094948e+07  1.579872e+06 
1327  7.699430e+07  7.361039e+07  3.383912e+06 
1329  7.337510e+07  6.906321e+07  4.311896e+06 
1332  7.433461e+07  7.046112e+07  3.873484e+06 
1335  2.011849e+07  1.613692e+07  3.981570e+06 
1337  3.451769e+07  3.196468e+07  2.553002e+06 
1340  9.717959e+07  9.243368e+07  4.745910e+06 
1342  4.235758e+07  3.881914e+07  3.538435e+06 
1345  6.218564e+07  5.710571e+07  5.079938e+06 
1348  3.391322e+07  3.032388e+07  3.589343e+06 
1350  8.511849e+07  7.810938e+07  7.009106e+06 
1353  5.242701e+07  4.794934e+07  4.477670e+06 
1355  8.143118e+07  7.690790e+07  4.523278e+06 
1358  6.987425e+07  6.737245e+07  2.501796e+06 
1361  1.437759e+08  1.399546e+08  3.821214e+06 
1363  1.081104e+08  1.047998e+08  3.310606e+06 
1366  1.646724e+08  1.583006e+08  6.371755e+06 
1369  9.351448e+07  9.069871e+07  2.815764e+06 
1371  1.407965e+08  1.369844e+08  3.812092e+06 
1374  1.683706e+08  1.621386e+08  6.232011e+06 
1377  1.845236e+08  1.783391e+08  6.184510e+06 
1379  1.446592e+08  1.377575e+08  6.901614e+06 
1382  1.711080e+08  1.625908e+08  8.517177e+06 
1385  8.492355e+07  7.813137e+07  6.792184e+06 
1388  1.253425e+08  1.182333e+08  7.109208e+06 
1390  4.098672e+07  3.845400e+07  2.532719e+06 
1393  6.472369e+07  3.604601e+07  2.867768e+07 
1396  1.037655e+08  9.614894e+07  7.616528e+06 
1398  2.654835e+08  2.583919e+08  7.091614e+06 
1401  1.728090e+08  1.630264e+08  9.782681e+06 
1404  7.029696e+07  5.781385e+07  1.248311e+07 
1407  9.580635e+07  8.778219e+07  8.024160e+06 
1409  1.690995e+08  1.599716e+08  9.127972e+06 
1412  1.384226e+08  1.346289e+08  3.793667e+06 
1415  3.501711e+08  3.418171e+08  8.353988e+06 
1418  1.477504e+08  1.400525e+08  7.697906e+06 
1420  9.439550e+07  8.774874e+07  6.646752e+06 
1423  7.147227e+07  6.787315e+07  3.599122e+06 
1426  3.408159e+07  3.261905e+07  1.462543e+06 
1429  8.879010e+07  8.305663e+07  5.733472e+06 
1431  1.546772e+08  1.491226e+08  5.554632e+06 
1434  6.846879e+07  6.540273e+07  3.066064e+06 
1437  2.049196e+08  1.978597e+08  7.059893e+06 
1440  1.588780e+08  1.521083e+08  6.769684e+06 
1443  1.046148e+08  1.001642e+08  4.450502e+06 
1445  7.177631e+07  6.873652e+07  3.039793e+06 
1448  6.332143e+07  5.659392e+07  6.727517e+06 
1451  8.196402e+07  7.319794e+07  8.766078e+06 
1454  1.051459e+08  9.952473e+07  5.621204e+06 
1457  8.350735e+07  7.196517e+07  1.154218e+07 
1460  3.177538e+07  2.808904e+07  3.686347e+06 
1462  1.074216e+08  9.964507e+07  7.776541e+06 
1465  5.338556e+07  4.538362e+07  8.001932e+06 
1468  7.751235e+07  7.083289e+07  6.679463e+06 
1471  4.624546e+07  4.292473e+07  3.320733e+06 
1474  1.822444e+08  1.738736e+08  8.370835e+06 
1477  1.151244e+08  1.048407e+08  1.028374e+07 
1480  1.146007e+08  1.055085e+08  9.092194e+06 
1482  9.935510e+07  9.459866e+07  4.756444e+06 
1485  6.250365e+07  5.811823e+07  4.385426e+06 
1488  1.961148e+08  1.674872e+08  2.862759e+07 
1491  1.185657e+08  1.104669e+08  8.098776e+06 
1494  6.655663e+07  6.425252e+07  2.304112e+06 
1497  9.531113e+07  8.698403e+07  8.327094e+06 
1500  4.524910e+07  4.017607e+07  5.073030e+06 
1503  1.018960e+08  9.078569e+07  1.111027e+07 
1506  1.736208e+08  1.621731e+08  1.144775e+07 
1509  1.035666e+08  9.400529e+07  9.561269e+06 
1512  1.257858e+08  1.143214e+08  1.146439e+07 
1515  1.023985e+08  9.541067e+07  6.987856e+06 
1518  1.893526e+07  1.748002e+07  1.455243e+06 
1520  5.333331e+07  4.894448e+07  4.388832e+06 
1523  8.492731e+07  8.148730e+07  3.440015e+06 
1526  3.344529e+07  3.043928e+07  3.006012e+06 
1529  1.347878e+07  1.068000e+07  2.798781e+06 
1532  2.316268e+07  1.950255e+07  3.660129e+06 
1535  2.474075e+07  2.368127e+07  1.059480e+06 
1538  4.103434e+07  3.322436e+07  7.809972e+06 
1541  3.539307e+07  2.929028e+07  6.102786e+06 
1544  2.828709e+07  2.439876e+07  3.888333e+06 
1547  4.204468e+07  1.055462e+07  3.149006e+07 
1550  3.370516e+07  1.063693e+07  2.306824e+07 
1553  6.849360e+07  5.908420e+07  9.409406e+06 
1556  6.206670e+07  5.921432e+07  2.852383e+06 
1559  1.026143e+08  9.999376e+07  2.620567e+06 
1562  9.387139e+07  9.189660e+07  1.974789e+06 
1566  4.275585e+07  4.110684e+07  1.649010e+06 
1569  1.332014e+08  1.303609e+08  2.840484e+06 
1572  8.863511e+07  8.579262e+07  2.842490e+06 
1575  1.120648e+08  1.097361e+08  2.328736e+06 
1578  1.327129e+08  1.283732e+08  4.339768e+06 
1581  1.005781e+08  9.591155e+07  4.666560e+06 
1584  6.191804e+07  5.994124e+07  1.976803e+06 
1587  8.327506e+07  8.114100e+07  2.134060e+06 
1590  3.153418e+07  2.636707e+07  5.167116e+06 
1593  1.000666e+08  8.380872e+07  1.625791e+07 
1596  4.629820e+07  3.298224e+07  1.331596e+07 
1599  6.330156e+07  5.931393e+07  3.987626e+06 
1603  4.454792e+07  4.318485e+07  1.363073e+06 
1606  9.912914e+07  9.376501e+07  5.364127e+06 
1609  1.135253e+08  1.116331e+08  1.892230e+06 
1612  1.074001e+08  1.036781e+08  3.722052e+06 
1615  1.567049e+07  1.470158e+07  9.689084e+05 
1618  1.108723e+08  1.088178e+08  2.054540e+06 
1621  1.551110e+08  1.518976e+08  3.213402e+06 
1624  9.545862e+07  9.307638e+07  2.382248e+06 
1628  1.528518e+08  1.499274e+08  2.924391e+06 
1631  1.375560e+08  1.348642e+08  2.691807e+06 
1634  2.016119e+08  1.966351e+08  4.976831e+06 
1637  1.680533e+08  1.644825e+08  3.570796e+06 
1640  2.312298e+08  2.241766e+08  7.053252e+06 
1644  1.024526e+08  9.953935e+07  2.913234e+06 
1647  1.945754e+08  1.887678e+08  5.807522e+06 
1650  1.770803e+08  1.725452e+08  4.535140e+06 
1653  1.382936e+08  1.337998e+08  4.493776e+06 
1656  5.963672e+07  5.909383e+07  5.428911e+05 
1660  9.747055e+07  9.603775e+07  1.432798e+06 
1663  7.194334e+07  6.828649e+07  3.656848e+06 
1666  6.392107e+07  5.766656e+07  6.254510e+06 
1669  1.186423e+07  1.038818e+07  1.476044e+06 
1673  8.870660e+07  8.605366e+07  2.652946e+06 
1676  1.075720e+08  1.041630e+08  3.408962e+06 
1679  1.156736e+08  1.125144e+08  3.159123e+06 
1682  6.219388e+07  5.895399e+07  3.239897e+06 
1686  6.552296e+07  6.317751e+07  2.345451e+06 
1689  1.373834e+08  1.322987e+08  5.084758e+06 
1692  1.115474e+08  1.077740e+08  3.773313e+06 
1696  6.589413e+07  6.098475e+07  4.909385e+06 
1699  8.646862e+07  8.232269e+07  4.145928e+06 
1702  8.729706e+07  8.447773e+07  2.819326e+06 
1706  1.284675e+08  1.225823e+08  5.885238e+06 
1709  1.641736e+08  1.571267e+08  7.046905e+06 
1712  9.344218e+07  8.709863e+07  6.343550e+06 
1715  1.558890e+08  1.493923e+08  6.496764e+06 
1719  1.286162e+08  1.222871e+08  6.329023e+06 
1722  1.000904e+08  9.495379e+07  5.136634e+06 
1726  1.173460e+08  1.110760e+08  6.269981e+06 
1729  6.765434e+07  6.410823e+07  3.546111e+06 
1732  8.174256e+07  7.299663e+07  8.745932e+06 
1736  2.883954e+07  2.509185e+07  3.747691e+06 
1739  1.300259e+07  1.080769e+07  2.194904e+06 
1742  3.666785e+07  3.395298e+07  2.714864e+06 
1746  8.341551e+07  7.979781e+07  3.617706e+06 
1749  7.413535e+07  7.119594e+07  2.939411e+06 
1753  3.455147e+06  2.901950e+06  5.531971e+05 
1756  2.941941e+07  1.929379e+07  1.012562e+07 
1759  8.941204e+07  8.359043e+07  5.821604e+06 
1763  4.680212e+07  4.203649e+07  4.765622e+06 
1766  2.388283e+07  2.027708e+07  3.605756e+06 
1770  6.531963e+07  5.974896e+07  5.570667e+06 
1773  1.417151e+08  1.342960e+08  7.419060e+06 
1777  1.014906e+08  9.433522e+07  7.155434e+06 
1780  9.196501e+07  8.565597e+07  6.309043e+06 
1784  2.175584e+08  2.105735e+08  6.984928e+06 
1787  5.129954e+08  4.971793e+08  1.581617e+07 
1791  7.212946e+07  6.237300e+07  9.756460e+06 
1794  1.106776e+08  1.011674e+08  9.510195e+06 
1798  1.402984e+08  1.319102e+08  8.388199e+06 
1801  1.177823e+07  6.983363e+06  4.794862e+06 
1805  1.285420e+08  1.074133e+08  2.112865e+07 
1808  1.153397e+08  1.084155e+08  6.924208e+06 
1812  2.935074e+07  1.855935e+07  1.079140e+07 
1815  7.223304e+07  6.872379e+07  3.509249e+06 
1819  7.500564e+07  7.236931e+07  2.636325e+06 
1822  1.231035e+08  1.165750e+08  6.528580e+06 
1826  1.386908e+08  1.308451e+08  7.845722e+06 
1829  1.182984e+08  1.108760e+08  7.422406e+06 
1833  1.056422e+08  1.003641e+08  5.278115e+06 
1836  7.255348e+07  6.972233e+07  2.831154e+06 
1840  6.067524e+07  5.658674e+07  4.088509e+06 
1844  9.369898e+07  7.507019e+07  1.862879e+07 
1847  1.385797e+08  1.297886e+08  8.791092e+06 
1851  7.582670e+07  7.021870e+07  5.608006e+06 
1854  1.705952e+07  7.266798e+06  9.792721e+06 
1858  7.496088e+07  6.306435e+07  1.189653e+07 
1862  3.791116e+07  2.593927e+07  1.197189e+07 
1865  1.028627e+08  9.400995e+07  8.852708e+06 
1869  7.439515e+07  5.824996e+07  1.614519e+07 
1873  4.483629e+07  3.900822e+07  5.828069e+06 
1876  1.742448e+08  1.634707e+08  1.077407e+07 
1880  1.292308e+08  1.212223e+08  8.008478e+06 
1883  8.043146e+07  5.677531e+07  2.365615e+07 
1887  1.031294e+08  9.392925e+07  9.200139e+06 
1891  7.212294e+07  6.235809e+07  9.764860e+06 
1895  4.558598e+07  3.348351e+07  1.210247e+07 
1898  1.123095e+08  9.645175e+07  1.585776e+07 
1902  6.933906e+07  6.149420e+07  7.844852e+06 
1906  6.377925e+07  5.963437e+07  4.144875e+06 
1909  1.071097e+08  9.906594e+07  8.043786e+06 
1913  1.141097e+08  1.029111e+08  1.119861e+07 
1917  1.213769e+08  1.124530e+08  8.923920e+06 
1921  4.188691e+07  2.640940e+07  1.547752e+07 
1924  4.243183e+07  3.490520e+07  7.526637e+06 
1928  1.432789e+08  1.340364e+08  9.242524e+06 
1932  8.031602e+07  7.739858e+07  2.917448e+06 
1936  1.507175e+08  1.434447e+08  7.272735e+06 
1939  7.401843e+07  5.444558e+07  1.957286e+07 
1943  1.403258e+08  1.224388e+08  1.788695e+07 
1947  1.932379e+08  1.694918e+08  2.374605e+07 
1951  5.455031e+07  3.848990e+07  1.606041e+07 
1954  9.843668e+07  8.444091e+07  1.399577e+07 
1958  9.928732e+07  8.180134e+07  1.748598e+07 
1962  1.267013e+08  1.000114e+08  2.668995e+07 
1966  2.215276e+08  1.907092e+08  3.081849e+07 
1970  1.483486e+08  1.327033e+08  1.564528e+07 
1974  1.621315e+08  1.409622e+08  2.116935e+07 
1977  6.289341e+07  5.071620e+07  1.217721e+07 
1981  4.124091e+07  2.879328e+07  1.244763e+07 
1985  1.402060e+08  1.143854e+08  2.582059e+07 
1989  1.031819e+08  7.889609e+07  2.428583e+07 
1993  5.208503e+07  4.004178e+07  1.204326e+07 
1997  4.593759e+07  2.943181e+07  1.650578e+07 
2001  1.773409e+08  1.656262e+08  1.171470e+07 
2005  1.500178e+08  1.352959e+08  1.472184e+07 
2008  2.198440e+08  2.020952e+08  1.774882e+07 
2012  1.559903e+08  1.363167e+08  1.967361e+07 
2016  1.700794e+08  1.504993e+08  1.958011e+07 
2020  9.738054e+07  8.766310e+07  9.717449e+06 
2024  7.563677e+07  5.959688e+07  1.603990e+07 
2028  1.519639e+08  1.394488e+08  1.251508e+07 
2032  2.137425e+08  1.906444e+08  2.309809e+07 
2036  1.169406e+08  9.664907e+07  2.029156e+07 
2040  1.620699e+08  1.522601e+08  9.809808e+06 
2044  1.019511e+08  9.503989e+07  6.911200e+06 
2048  7.424111e+07  6.043588e+07  1.380524e+07 
2052  1.026241e+08  8.982606e+07  1.279804e+07 
2056  1.591686e+08  1.450973e+08  1.407126e+07 
2060  2.701707e+07  2.354400e+07  3.473071e+06 
2064  1.915912e+08  1.773407e+08  1.425057e+07 
2068  1.550447e+08  1.202793e+08  3.476536e+07 
2072  1.768677e+08  1.617588e+08  1.510889e+07 
2076  1.175091e+08  7.775331e+07  3.975578e+07 
2080  9.373058e+07  7.981594e+07  1.391464e+07 
2084  5.524774e+07  4.017176e+07  1.507598e+07 
2088  1.205388e+08  1.121570e+08  8.381799e+06 
2092  1.092692e+08  8.152730e+07  2.774190e+07 
2096  7.483698e+07  5.969990e+07  1.513708e+07 
2100  1.680295e+08  1.419792e+08  2.605029e+07 
2104  9.387847e+07  7.894648e+07  1.493199e+07 
2109  3.529399e+08  3.256730e+08  2.726698e+07 
2113  1.000223e+08  8.565251e+07  1.436979e+07 
2117  3.583552e+08  3.133692e+08  4.498594e+07 
2121  5.809881e+07  4.380943e+07  1.428938e+07 
2125  7.315419e+07  4.712534e+07  2.602885e+07 
2129  2.089338e+08  1.829164e+08  2.601733e+07 
2133  1.336006e+08  1.080350e+08  2.556562e+07 
2138  2.035832e+08  1.833344e+08  2.024882e+07 
2142  1.548787e+08  1.255841e+08  2.929453e+07 
2146  1.314771e+08  1.073617e+08  2.411539e+07 
2150  1.859984e+08  1.683169e+08  1.768151e+07 
2154  8.079602e+07  5.781501e+07  2.298101e+07 
2158  1.243022e+08  1.084189e+08  1.588332e+07 
2163  1.853655e+08  1.638344e+08  2.153116e+07 
2167  2.385852e+08  2.035602e+08  3.502505e+07 
2171  6.529124e+07  5.119494e+07  1.409630e+07 
2175  2.479913e+08  2.130614e+08  3.492986e+07 
2180  7.170328e+07  6.214163e+07  9.561650e+06 
2184  1.484503e+08  1.115972e+08  3.685305e+07 
2188  1.562344e+08  1.327816e+08  2.345281e+07 
2192  1.135374e+08  8.109345e+07  3.244393e+07 
2197  7.910402e+07  5.180856e+07  2.729546e+07 
2201  1.052486e+08  7.883021e+07  2.641834e+07 
2205  1.551739e+08  1.156020e+08  3.957196e+07 
2209  2.178099e+08  1.844409e+08  3.336904e+07 
2214  2.711364e+08  2.382852e+08  3.285128e+07 
2218  2.274060e+08  1.941176e+08  3.328843e+07 
2222  2.470690e+08  2.245765e+08  2.249243e+07 
2227  2.407692e+08  1.968534e+08  4.391588e+07 
2231  1.694161e+08  1.426431e+08  2.677300e+07 
2235  1.535649e+08  1.331516e+08  2.041327e+07 
2240  3.023789e+08  2.641740e+08  3.820491e+07 
2244  1.867275e+08  1.713762e+08  1.535129e+07 
2248  3.244172e+08  2.928523e+08  3.156491e+07 
2253  2.995687e+08  2.750279e+08  2.454081e+07 
2257  2.516239e+08  2.263206e+08  2.530328e+07 
2262  2.468005e+08  2.272812e+08  1.951927e+07 
2266  3.487872e+08  3.270814e+08  2.170578e+07 
2270  3.357437e+08  3.020957e+08  3.364801e+07 
2275  3.996880e+08  3.686917e+08  3.099624e+07 
2279  2.319851e+08  1.949887e+08  3.699643e+07 
2284  2.414234e+08  2.142192e+08  2.720419e+07 
2288  1.828096e+08  1.440528e+08  3.875682e+07 
2293  3.136645e+08  2.831480e+08  3.051647e+07 
2297  1.644734e+08  1.382652e+08  2.620819e+07 
2302  1.849453e+08  1.510513e+08  3.389407e+07 
2306  4.576226e+08  3.727078e+08  8.491486e+07 
2311  3.620597e+08  3.177966e+08  4.426313e+07 
2315  2.403095e+08  2.148389e+08  2.547061e+07 
2320  2.924389e+08  2.626785e+08  2.976043e+07 
2324  2.163607e+08  1.989120e+08  1.744868e+07 
2329  5.051015e+08  4.835884e+08  2.151304e+07 
2333  1.881974e+08  1.815315e+08  6.665886e+06 
2338  3.507758e+08  3.295236e+08  2.125227e+07 
2342  3.252656e+08  3.082926e+08  1.697297e+07 
2347  3.698660e+08  3.418287e+08  2.803730e+07 
2351  2.573676e+08  2.379263e+08  1.944132e+07 
2356  3.412926e+08  3.073760e+08  3.391655e+07 
2361  5.271956e+08  4.947321e+08  3.246353e+07 
2365  5.557469e+08  5.252787e+08  3.046832e+07 
2370  3.575506e+08  3.390518e+08  1.849872e+07 
2374  4.642773e+08  4.386878e+08  2.558956e+07 
2379  2.790047e+08  2.597425e+08  1.926225e+07 
2384  5.213654e+08  4.934504e+08  2.791495e+07 
2388  3.136643e+08  2.877982e+08  2.586614e+07 
2393  4.483918e+08  4.070582e+08  4.133358e+07 
2398  3.113547e+08  2.864675e+08  2.488724e+07 
2402  4.651532e+08  4.160488e+08  4.910449e+07 
2407  2.731048e+08  2.510230e+08  2.208176e+07 
2412  5.633027e+08  5.237279e+08  3.957474e+07 
2416  4.359334e+08  3.974511e+08  3.848234e+07 
2421  3.465070e+08  3.037630e+08  4.274402e+07 
2426  6.446343e+08  5.873824e+08  5.725190e+07 
2431  6.738442e+08  6.120005e+08  6.184367e+07 
2435  6.964328e+08  6.225508e+08  7.388206e+07 
2440  3.110564e+08  2.800654e+08  3.099091e+07 
2445  4.761615e+08  4.355832e+08  4.057830e+07 
2450  4.148695e+08  3.674964e+08  4.737318e+07 
2454  5.072493e+08  4.551691e+08  5.208028e+07 
2459  5.732684e+08  5.225030e+08  5.076540e+07 
2464  7.493679e+08  6.919038e+08  5.746414e+07 
2469  6.858778e+08  6.225049e+08  6.337287e+07 
2473  5.629073e+08  5.041907e+08  5.871662e+07 
2478  4.767934e+08  4.454184e+08  3.137500e+07 
2483  3.978906e+08  3.501102e+08  4.778040e+07 
2488  6.260691e+08  5.513210e+08  7.474817e+07 
2493  2.829282e+08  2.587375e+08  2.419070e+07 
2498  4.483162e+08  3.984480e+08  4.986822e+07 
2503  5.489369e+08  4.916884e+08  5.724852e+07 
2507  5.916217e+08  5.352732e+08  5.634856e+07 
2512  5.859215e+08  5.301266e+08  5.579482e+07 
2517  4.430517e+08  4.013035e+08  4.174824e+07 
2522  4.696596e+08  4.150846e+08  5.457496e+07 
2527  6.184707e+08  5.633306e+08  5.514008e+07 
2532  2.133988e+08  1.935885e+08  1.981033e+07 
2537  5.908816e+08  5.405648e+08  5.031678e+07 
2542  5.568346e+08  5.059675e+08  5.086706e+07 
2547  6.412861e+08  5.849694e+08  5.631668e+07 
2552  4.001807e+08  3.496293e+08  5.055139e+07 
2557  3.745220e+08  3.366868e+08  3.783518e+07 
2562  5.479245e+08  5.112473e+08  3.667723e+07 
2567  3.947902e+08  3.664899e+08  2.830032e+07 
2572  4.579064e+08  4.033809e+08  5.452547e+07 
2577  2.457224e+08  2.312748e+08  1.444753e+07 
2582  2.847417e+08  2.650156e+08  1.972610e+07 
2587  5.002206e+08  4.598140e+08  4.040659e+07 
2592  3.344332e+08  3.167208e+08  1.771243e+07 
2597  5.370664e+08  4.929705e+08  4.409599e+07 
2602  7.491648e+07  6.372317e+07  1.119331e+07 
2607  4.599004e+08  4.193870e+08  4.051345e+07 
2612  5.772770e+08  5.320402e+08  4.523677e+07 
2617  2.733926e+08  2.560511e+08  1.734150e+07 
2622  4.351572e+08  4.047386e+08  3.041859e+07 
2627  6.358916e+08  5.835215e+08  5.237012e+07 
2632  4.441176e+08  3.828067e+08  6.131095e+07 
2638  2.958818e+08  2.530524e+08  4.282941e+07 
2643  3.380734e+08  2.554098e+08  8.266361e+07 
2648  9.922320e+07  6.917017e+07  3.005303e+07 
2653  3.216116e+08  2.527135e+08  6.889804e+07 
2658  1.467718e+08  9.606462e+07  5.070718e+07 
2663  2.014654e+08  1.792921e+08  2.217330e+07 
2669  4.077954e+08  3.604208e+08  4.737458e+07 
2674  2.200981e+07  1.585638e+07  6.153428e+06 
2679  2.729342e+08  2.267151e+08  4.621917e+07 
2684  3.988407e+08  3.429852e+08  5.585556e+07 
2689  1.002934e+08  7.614612e+07  2.414731e+07 
2695  3.778387e+08  3.303394e+08  4.749927e+07 
2700  1.206301e+08  7.770215e+07  4.292793e+07 
2705  4.033043e+08  3.504653e+08  5.283902e+07 
2710  3.532539e+08  3.228381e+08  3.041577e+07 
2716  5.096213e+08  4.809265e+08  2.869475e+07 
2721  2.866524e+08  2.416420e+08  4.501034e+07 
2726  4.383699e+08  4.139018e+08  2.446809e+07 
2732  3.152350e+08  2.880479e+08  2.718712e+07 
2737  4.936702e+08  4.602722e+08  3.339809e+07 
2742  2.841140e+08  2.644095e+08  1.970453e+07 
2748  6.118588e+08  5.677077e+08  4.415104e+07 
2753  5.523151e+08  4.990258e+08  5.328940e+07 
2758  1.015085e+08  7.537357e+07  2.613492e+07 
2764  3.738975e+08  3.426628e+08  3.123476e+07 
2769  3.955777e+08  3.632052e+08  3.237247e+07 
2774  4.736355e+08  4.276016e+08  4.603389e+07 
2780  2.732026e+08  2.130021e+08  6.020048e+07 
2785  5.128973e+08  4.162708e+08  9.662650e+07 
2791  9.663373e+07  7.461081e+07  2.202292e+07 
2796  6.559405e+07  4.831642e+07  1.727764e+07 
2802  6.706290e+07  5.287010e+07  1.419280e+07 
2807  1.591173e+08  1.237614e+08  3.535597e+07 
2813  1.277015e+08  9.107772e+07  3.662377e+07 
2818  2.690450e+08  1.925746e+08  7.647039e+07 
2823  3.084618e+08  2.692692e+08  3.919262e+07 
2829  4.554874e+08  4.101585e+08  4.532896e+07 
2834  3.954327e+08  3.433720e+08  5.206075e+07 
2840  4.251878e+08  3.740835e+08  5.110431e+07 
2846  4.859393e+08  3.839639e+08  1.019753e+08 
2851  2.744646e+08  2.297957e+08  4.466892e+07 
2857  4.759525e+08  3.749335e+08  1.010190e+08 
2862  2.647062e+08  1.981024e+08  6.660385e+07 
2868  4.294037e+08  3.457383e+08  8.366534e+07 
2873  1.861093e+08  1.445022e+08  4.160712e+07 
2879  2.374418e+08  1.785506e+08  5.889126e+07 
2885  3.369052e+08  2.881106e+08  4.879461e+07 
2890  3.084116e+08  2.570021e+08  5.140953e+07 
2896  3.426929e+08  2.639840e+08  7.870886e+07 
2901  1.625367e+08  1.215381e+08  4.099860e+07 
2907  1.837498e+08  1.186254e+08  6.512440e+07 
2913  4.526586e+07  2.627671e+07  1.898915e+07 
2918  2.481599e+08  1.719564e+08  7.620352e+07 
2924  1.843470e+08  1.383660e+08  4.598105e+07 
2930  2.128943e+07  1.409545e+07  7.193980e+06 
2936  4.492050e+07  2.956356e+07  1.535695e+07 
2941  2.365087e+08  1.944649e+08  4.204373e+07 
2947  3.545911e+08  3.204676e+08  3.412346e+07 
2953  1.748985e+08  1.417497e+08  3.314880e+07 
2958  2.154737e+08  1.618923e+08  5.358140e+07 
2964  2.571888e+08  2.337236e+08  2.346515e+07 
2970  2.654301e+08  2.180791e+08  4.735104e+07 
2976  1.186154e+08  8.498461e+07  3.363080e+07 
2982  4.313741e+08  3.626995e+08  6.867458e+07 
2987  9.955042e+07  8.981518e+07  9.735243e+06 
2993  3.644398e+07  1.937908e+07  1.706489e+07 
2999  1.826103e+08  1.494157e+08  3.319466e+07 
3005  2.150390e+08  1.991346e+08  1.590445e+07 
3011  1.502496e+08  9.406319e+07  5.618646e+07 
3017  1.465754e+08  9.377581e+07  5.279961e+07 
3023  5.494786e+07  2.984304e+07  2.510482e+07 
3028  9.542358e+07  5.349188e+07  4.193170e+07 
3034  7.372978e+07  4.113786e+07  3.259192e+07 
3040  4.940134e+07  2.777430e+07  2.162704e+07 
3046  3.184210e+08  2.293711e+08  8.904994e+07 
3052  4.273714e+07  2.383708e+07  1.890006e+07 
3058  3.049194e+07  1.675531e+07  1.373662e+07 
3064  2.124651e+08  1.555569e+08  5.690826e+07 
3070  1.970079e+08  1.223517e+08  7.465626e+07 
3076  3.762343e+08  2.602911e+08  1.159432e+08 
3082  7.097361e+07  4.237357e+07  2.860004e+07 
3088  5.478886e+07  3.117832e+07  2.361054e+07 
3094  1.958709e+08  1.581984e+08  3.767251e+07 
3100  4.098570e+07  2.264536e+07  1.834034e+07 
3106  6.937066e+07  3.893021e+07  3.044045e+07 
3112  3.998509e+07  2.181453e+07  1.817056e+07 
3118  3.838590e+07  2.075007e+07  1.763583e+07 
3124  2.156650e+06  1.113180e+06  1.043470e+06 
3130  5.507450e+07  3.295596e+07  2.211854e+07 
3136  1.744316e+07  9.182359e+06  8.260796e+06 
3142  1.277576e+08  1.002758e+08  2.748172e+07 
3149  7.143272e+07  4.270968e+07  2.872304e+07 
3155  3.171681e+07  1.746874e+07  1.424807e+07 
3161  3.268260e+08  2.889919e+08  3.783413e+07 
3167  3.224288e+08  2.823350e+08  4.009373e+07 
3173  3.064661e+05  1.900827e+05  1.163833e+05 
3179  2.216192e+08  1.806414e+08  4.097780e+07 
3186  3.823871e+08  3.319102e+08  5.047689e+07 
3192  3.800576e+08  3.272308e+08  5.282671e+07 
3198  2.315561e+08  2.117867e+08  1.976939e+07 
3204  7.033055e+07  4.043648e+07  2.989407e+07 
3210  3.969667e+08  3.522830e+08  4.468373e+07 
3217  1.449599e+06  8.697292e+05  5.798699e+05 
3223  3.412844e+07  1.953095e+07  1.459750e+07 
3229  3.942542e+08  3.014836e+08  9.277059e+07 
3236  4.175322e+07  3.364181e+07  8.111410e+06 
3242  1.871750e+08  1.410933e+08  4.608167e+07 
3248  3.449580e+08  2.438386e+08  1.011194e+08 
3255  2.192492e+08  1.463453e+08  7.290380e+07 
3261  2.243361e+08  1.806721e+08  4.366402e+07 
3267  9.748421e+07  5.393769e+07  4.354652e+07 
3274  5.898420e+06  3.705126e+06  2.193294e+06 
3280  2.388028e+08  1.560049e+08  8.279783e+07 
3286  2.403161e+08  1.842708e+08  5.604535e+07 
3293  1.067981e+08  6.636216e+07  4.043591e+07 
3299  1.722056e+08  1.218476e+08  5.035798e+07 
3306  2.132900e+08  1.606102e+08  5.267986e+07 
3312  2.138401e+08  1.671470e+08  4.669309e+07 
3318  5.725826e+07  3.117114e+07  2.608712e+07 
3325  9.122432e+07  5.231800e+07  3.890632e+07 
3331  3.018702e+06  1.605080e+06  1.413621e+06 
3338  1.054185e+08  5.962862e+07  4.578992e+07 
3344  3.740188e+06  1.911451e+06  1.828736e+06 
3351  1.152639e+06  5.882948e+05  5.643444e+05 
3357  1.866132e+08  1.245809e+08  6.203222e+07 
3364  6.844345e+07  5.554006e+07  1.290338e+07 
3371  1.532176e+08  9.764519e+07  5.557236e+07 
3377  2.024609e+07  1.080496e+07  9.441122e+06 
3384  9.200714e+07  5.282552e+07  3.918162e+07 
3390  7.987419e+07  4.514589e+07  3.472830e+07 
3397  1.537396e+07  7.989956e+06  7.384005e+06 
3403  5.428982e+06  2.789251e+06  2.639732e+06 
3410  3.798012e+07  2.122432e+07  1.675579e+07 
3417  8.304365e+07  4.636731e+07  3.667634e+07 
3423  1.598356e+07  8.201366e+06  7.782198e+06 
3430  4.540136e+07  2.444390e+07  2.095746e+07 
3437  1.443372e+08  9.960997e+07  4.472720e+07 
3443  1.249422e+07  6.253672e+06  6.240545e+06 
3450  1.539694e+08  1.015723e+08  5.239712e+07 
3457  9.197202e+07  5.176247e+07  4.020955e+07 
3464  1.148636e+07  5.836000e+06  5.650363e+06 
3470  4.250069e+07  2.301570e+07  1.948498e+07 
3477  5.785082e+07  3.077715e+07  2.707367e+07 
3484  1.083935e+08  5.956446e+07  4.882904e+07 
3491  6.023278e+07  3.360828e+07  2.662450e+07 
3498  6.364403e+07  3.354118e+07  3.010285e+07 
3504  1.769862e+07  9.184787e+06  8.513832e+06 
3511  2.842178e+06  1.349458e+06  1.492720e+06 
3518  2.111771e+07  1.087418e+07  1.024354e+07 
3525  3.605562e+07  1.898528e+07  1.707034e+07 
3532  2.006099e+07  1.009009e+07  9.970900e+06 
3539  2.903733e+07  1.516267e+07  1.387466e+07 
3545  5.657472e+06  2.904142e+06  2.753331e+06 
3552  4.268553e+07  1.888825e+07  2.379728e+07 
3559  2.661048e+07  1.385526e+07  1.275522e+07 
3566  2.958768e+07  1.613696e+07  1.345072e+07 
3573  2.092062e+06  1.885846e+06  2.062163e+05 
3580  7.547899e+05  3.966181e+05  3.581718e+05 
3587  1.641330e+07  1.145118e+07  4.962124e+06 
3594  6.829274e+05  3.532279e+05  3.296994e+05 
3601  3.468714e+06  1.775617e+06  1.693097e+06 
3608  2.247034e+06  1.147730e+06  1.099304e+06 
3615  7.607181e+06  3.607998e+06  3.999183e+06 
3622  1.248579e+08  7.673375e+07  4.812415e+07 
3629  1.549072e+06  1.290024e+06  2.590486e+05 
3636  1.257843e+07  6.442547e+06  6.135888e+06 
3643  9.661302e+07  5.803186e+07  3.858117e+07 
3651  3.050447e+05  1.577326e+05  1.473121e+05 
3658  1.419942e+08  1.020295e+08  3.996465e+07 
3665  2.351768e+05  1.220143e+05  1.131625e+05 
3672  3.260452e+05  1.922549e+05  1.337903e+05 
3679  2.492340e+06  1.262447e+06  1.229893e+06 
3686  2.595518e+06  1.656572e+06  9.389454e+05 
3693  1.177448e+06  7.160137e+05  4.614342e+05 
3701  5.803452e+06  3.392487e+06  2.410966e+06 
3708  1.114836e+06  7.532666e+05  3.615700e+05 
3715  4.236823e+06  2.303454e+06  1.933369e+06 
3722  5.418565e+06  2.653327e+06  2.765238e+06 
3730  2.399333e+07  1.258444e+07  1.140889e+07 
3737  3.362527e+05  2.742793e+05  6.197337e+04 
3744  5.308888e+06  2.752881e+06  2.556007e+06 
3751  2.637739e+07  1.428743e+07  1.208996e+07 
3759  5.390640e+07  2.861342e+07  2.529297e+07 
3766  9.760358e+07  5.817865e+07  3.942494e+07 
3773  1.528453e+05  8.352266e+04  6.932265e+04 
3781  4.082345e+07  2.162177e+07  1.920168e+07 
3788  3.190554e+06  1.617857e+06  1.572697e+06 
3795  3.615167e+06  1.767170e+06  1.847997e+06 
3803  8.076826e+05  4.100478e+05  3.976348e+05 
3810  1.617264e+07  8.354408e+06  7.818236e+06 
3818  5.145021e+05  8.311436e+04  4.313877e+05 
3825  1.164126e+08  7.055248e+07  4.586010e+07 
3833  1.689888e+06  9.978626e+05  6.920252e+05 
3840  2.542462e+05  1.765560e+05  7.769027e+04 
3847  1.468248e+07  7.634820e+06  7.047664e+06 
3855  3.625037e+05  2.178470e+05  1.446566e+05 
3862  8.062558e+05  4.292395e+05  3.770163e+05 
3870  4.864728e+07  2.692251e+07  2.172478e+07 
3878  2.980822e+05  1.548879e+05  1.431942e+05 
3885  2.260247e+05  1.154756e+05  1.105491e+05 
3893  4.166653e+06  2.136558e+06  2.030095e+06 
3900  1.327620e+06  6.802136e+05  6.474064e+05 
3908  3.567543e+07  1.865420e+07  1.702123e+07 
3915  1.308979e+07  6.685175e+06  6.404614e+06 
3923  5.485604e+06  2.788088e+06  2.697516e+06 
3931  1.071336e+07  7.778094e+06  2.935265e+06 
3938  6.767144e+07  4.041100e+07  2.726044e+07 
3946  1.627497e+07  8.410329e+06  7.864646e+06 
3954  1.580294e+06  8.048322e+05  7.754623e+05 
3961  1.633907e+07  7.682039e+06  8.657032e+06 
3969  1.157166e+07  8.204936e+06  3.366726e+06 
3977  6.499689e+07  3.768634e+07  2.731054e+07 
3985  7.384936e+06  3.768454e+06  3.616482e+06 
3992  1.748582e+07  9.044159e+06  8.441657e+06 
4000  6.163335e+07  3.494427e+07  2.668908e+07 
4008  5.105103e+06  2.361557e+06  2.743546e+06 
4016  1.616830e+06  8.222096e+05  7.946209e+05 
4024  1.660734e+07  3.916374e+06  1.269096e+07 
4031  1.367526e+06  7.649232e+05  6.026031e+05 
4039  4.357633e+05  2.229337e+05  2.128296e+05 
4047  4.544979e+05  2.323557e+05  2.221422e+05 
4055  4.148525e+06  2.107600e+06  2.040924e+06 
4063  1.918138e+07  9.905398e+06  9.275978e+06 
4071  3.237974e+06  1.649981e+06  1.587993e+06 
4079  6.492651e+06  3.319490e+06  3.173161e+06 
4087  3.526866e+06  1.798100e+06  1.728767e+06 
4095  2.224103e+06  1.132230e+06  1.091873e+06 
4103  1.220925e+06  6.033073e+05  6.176179e+05 
4111  8.218364e+06  4.195344e+06  4.023020e+06 
4119  1.848258e+07  8.986710e+06  9.495875e+06 
4127  2.579253e+07  1.419954e+07  1.159299e+07 
4135  5.058271e+06  2.586868e+06  2.471402e+06 
4143  2.187081e+06  8.718197e+05  1.315262e+06 
4151  1.826664e+06  9.283104e+05  8.983540e+05 
4159  3.641170e+06  1.855572e+06  1.785598e+06 
4167  1.204161e+06  5.997597e+05  6.044015e+05 
4175  1.859916e+08  1.153126e+08  7.067894e+07 
4183  5.373384e+06  2.792722e+06  2.580661e+06 
4191  2.046481e+05  1.038283e+05  1.008197e+05 
4200  1.698254e+06  8.629280e+05  8.353258e+05 
4208  1.627306e+06  8.307039e+05  7.966024e+05 
4216  6.009149e+05  3.053051e+05  2.956098e+05 
4224  7.066814e+05  4.122141e+05  2.944673e+05 
4232  1.707937e+08  1.298989e+08  4.089476e+07 
4241  1.539224e+06  7.859981e+05  7.532262e+05 
4249  2.141935e+07  1.654506e+07  4.874297e+06 
4257  2.008750e+07  1.049518e+07  9.592320e+06 
4265  4.766152e+05  3.070126e+05  1.696026e+05 
4274  4.131350e+07  2.244220e+07  1.887129e+07 
4282  5.958692e+05  3.025996e+05  2.932697e+05 
4290  1.033070e+07  5.336594e+06  4.994107e+06 
4299  1.511619e+08  9.537896e+07  5.578295e+07 
4307  4.434106e+05  2.668111e+05  1.765995e+05 
4316  3.107536e+07  1.663393e+07  1.444144e+07 
4324  9.102892e+06  4.619530e+06  4.483361e+06 
4332  9.175506e+07  5.728569e+07  3.446937e+07 
4341  2.097536e+07  1.164086e+07  9.334493e+06 
4349  1.323480e+08  9.328188e+07  3.906615e+07 
4358  2.053290e+07  1.043485e+07  1.009805e+07 
4366  9.624446e+06  5.288526e+06  4.335920e+06 
4375  1.492062e+08  1.055839e+08  4.362235e+07 
4383  1.126893e+08  6.920114e+07  4.348813e+07 
4392  2.957084e+05  1.218794e+05  1.738291e+05 
4400  6.167458e+07  3.462888e+07  2.704570e+07 
4409  1.185385e+08  7.324604e+07  4.529245e+07 
4418  9.494664e+07  5.969253e+07  3.525410e+07 
4426  6.065174e+05  3.069935e+05  2.995238e+05 
4435  1.591138e+07  8.035992e+06  7.875392e+06 
4443  3.301918e+06  1.675532e+06  1.626386e+06 
4452  1.775598e+07  9.027015e+06  8.728960e+06 
4461  6.847061e+06  3.474321e+06  3.372740e+06 
4469  3.759949e+07  3.560506e+06  3.403898e+07 
4478  2.536314e+06  1.114888e+06  1.421427e+06 
4487  1.314608e+08  7.840047e+07  5.306038e+07 
4496  6.822104e+05  3.610703e+05  3.211401e+05 
4504  1.203334e+08  8.170651e+07  3.862685e+07 
4513  5.214728e+07  2.915120e+07  2.299608e+07 
4522  2.281865e+08  1.538305e+08  7.435598e+07 
4531  2.307520e+07  1.216991e+07  1.090529e+07 
4540  1.006931e+08  6.383246e+07  3.686068e+07 
4548  1.393734e+08  9.887538e+07  4.049803e+07 
4557  7.099437e+07  4.090662e+07  3.008774e+07 
4566  4.234710e+05  2.141774e+05  2.092935e+05 
4575  1.205198e+08  7.848640e+07  4.203337e+07 
4584  1.715122e+08  1.210022e+08  5.051001e+07 
4593  3.865574e+07  2.070985e+07  1.794589e+07 
4602  3.422930e+06  1.751163e+06  1.671768e+06 
4611  1.818823e+06  9.053737e+05  9.134490e+05 
4620  1.131751e+08  7.149530e+07  4.167976e+07 
4629  1.207900e+08  7.385359e+07  4.693638e+07 
4638  1.781996e+06  8.916292e+05  8.903671e+05 
4647  2.988571e+07  1.586389e+07  1.402182e+07 
4656  1.738820e+06  8.808886e+05  8.579314e+05 
4665  4.388693e+07  2.348876e+07  2.039817e+07 
4674  3.166650e+06  1.603176e+06  1.563474e+06 
4683  1.184450e+05  4.589559e+04  7.254938e+04 
4692  2.227120e+05  1.122980e+05  1.104140e+05 
4701  1.473266e+05  7.428659e+04  7.304001e+04 
4711  5.007262e+05  1.591970e+05  3.415293e+05 
4720  1.360474e+06  6.878603e+05  6.726141e+05 
4729  7.013738e+06  3.575415e+06  3.438324e+06 
4738  1.860696e+06  9.405058e+05  9.201905e+05 
4747  5.108217e+05  2.583745e+05  2.524472e+05 
4757  1.568750e+06  7.924848e+05  7.762654e+05 
4766  4.834032e+04  2.435653e+04  2.398379e+04 
4775  7.978760e+05  4.026999e+05  3.951761e+05 
4784  1.287614e+04  6.486326e+03  6.389814e+03 
4794  1.484299e+05  7.479273e+04  7.363716e+04 
4803  1.839635e+05  9.266912e+04  9.129436e+04 
4813  1.786674e+06  9.026631e+05  8.840111e+05 
4822  4.106131e+06  2.078353e+06  2.027778e+06 
4831  6.510456e+06  3.305900e+06  3.204556e+06 
4841  5.273984e+06  2.670936e+06  2.603048e+06 
4850  1.132770e+06  5.714646e+05  5.613056e+05 
4860  6.301988e+05  3.257805e+05  3.044183e+05 
4869  6.387211e+06  3.265926e+06  3.121285e+06 
4879  5.814317e+05  2.928889e+05  2.885428e+05 
4888  1.898378e+06  9.593265e+05  9.390516e+05 
4898  3.900791e+06  1.968800e+06  1.931991e+06 
4907  7.684578e+05  3.869366e+05  3.815212e+05 
4917  1.552775e+05  7.225149e+04  8.302597e+04 
4926  1.522882e+08  1.042700e+08  4.801820e+07 
4936  3.032659e+05  1.524697e+05  1.507962e+05 
4945  6.140453e+05  3.090272e+05  3.050182e+05 
4955  4.278427e+06  2.168373e+06  2.110054e+06 
4965  2.130083e+05  1.072081e+05  1.058002e+05 
4974  3.466186e+06  1.749309e+06  1.716877e+06 
4984  1.074065e+06  5.438611e+05  5.302041e+05 
4994  4.500529e+06  2.249226e+06  2.251302e+06 
5004  2.145617e+06  1.080899e+06  1.064718e+06 
5013  2.096376e+08  1.571235e+08  5.251412e+07 
5023  2.959131e+06  2.126047e+06  8.330838e+05 
5033  1.696749e+05  8.531322e+04  8.436171e+04 
5043  3.208691e+06  1.442617e+06  1.766074e+06 
5052  2.233683e+05  1.043117e+05  1.190566e+05 
5062  3.186594e+06  1.613015e+06  1.573579e+06 
5072  3.165484e+06  5.559489e+05  2.609535e+06 
5082  7.602902e+05  3.825182e+05  3.777721e+05 
5092  1.389167e+06  7.002508e+05  6.889164e+05 
5102  2.251057e+07  1.166134e+07  1.084922e+07 
5112  2.502645e+05  1.258113e+05  1.244532e+05 
5122  1.817533e+06  9.161709e+05  9.013624e+05 
5132  9.046392e+06  4.581202e+06  4.465190e+06 
5142  2.902536e+06  1.465226e+06  1.437311e+06 
5152  3.133835e+06  1.577232e+06  1.556604e+06 
5162  1.248059e+07  6.370227e+06  6.110364e+06 
5172  2.211760e+08  1.619885e+08  5.918747e+07 
5182  7.647297e+05  4.284135e+05  3.363162e+05 
5192  2.475937e+06  1.663470e+06  8.124667e+05 
5202  1.382432e+08  9.412806e+07  4.411514e+07 
5212  2.197504e+05  1.104421e+05  1.093083e+05 
5222  2.529906e+06  1.274682e+06  1.255224e+06 
5233  1.465383e+08  1.016051e+08  4.493321e+07 
5243  9.701570e+05  4.894806e+05  4.806765e+05 
5253  5.278717e+07  2.873327e+07  2.405389e+07 
5263  1.704230e+07  8.848629e+06  8.193666e+06 
5273  1.876194e+08  1.276027e+08  6.001672e+07 
5284  1.681969e+08  1.062386e+08  6.195822e+07 
5294  1.024368e+06  5.176493e+05  5.067186e+05 
5304  4.647087e+05  2.336846e+05  2.310241e+05 
5315  1.946583e+08  1.361191e+08  5.853914e+07 
5325  5.508957e+07  3.036168e+07  2.472789e+07 
5335  4.148722e+06  2.098221e+06  2.050501e+06 
5346  1.893714e+06  9.557821e+05  9.379314e+05 
5356  1.287881e+06  6.481003e+05  6.397804e+05 
5367  4.176341e+07  2.246598e+07  1.929743e+07 
5377  7.018539e+05  3.523288e+05  3.495251e+05 
5388  9.419272e+04  4.728466e+04  4.690805e+04 
5398  9.287198e+05  4.667417e+05  4.619781e+05 
5409  4.570978e+06  2.310691e+06  2.260287e+06 
5419  2.429270e+05  1.257996e+05  1.171274e+05 
5430  6.028574e+07  3.191949e+07  2.836625e+07 
5440  2.786584e+06  1.401864e+06  1.384719e+06 
5451  4.215532e+06  2.129290e+06  2.086241e+06 
5461  2.650910e+06  1.335508e+06  1.315402e+06 
5472  1.858725e+06  9.356687e+05  9.230559e+05 
5483  7.836530e+05  3.937907e+05  3.898624e+05 
5493  1.148648e+06  5.780212e+05  5.706271e+05 
5504  1.909555e+06  9.651174e+05  9.444376e+05 
5515  7.297250e+05  3.666890e+05  3.630360e+05 
5526  1.136633e+07  5.705817e+06  5.660518e+06 
5536  5.854258e+06  2.957134e+06  2.897124e+06 
5547  2.518206e+06  1.269133e+06  1.249073e+06 
5558  9.065116e+04  4.545695e+04  4.519420e+04 
5569  6.805187e+06  3.422635e+06  3.382552e+06 
5580  6.005248e+05  3.018047e+05  2.987201e+05 
5590  5.654758e+06  2.840916e+06  2.813842e+06 
5601  1.456589e+05  7.302638e+04  7.263254e+04 
5612  4.229681e+05  2.049701e+05  2.179980e+05 
5623  8.510786e+06  4.307571e+06  4.203215e+06 
5634  2.581721e+05  1.294442e+05  1.287279e+05 
5645  4.116702e+05  2.064728e+05  2.051974e+05 
5656  6.373633e+06  3.231561e+06  3.142072e+06 
5667  2.375002e+06  1.191366e+06  1.183636e+06 
5678  2.286222e+05  1.188658e+05  1.097564e+05 
5689  8.470779e+06  5.541224e+06  2.929555e+06 
5700  6.468022e+05  3.243108e+05  3.224915e+05 
5711  3.588742e+05  1.799906e+05  1.788837e+05 
5723  2.139417e+06  1.075868e+06  1.063549e+06 
5734  1.876786e+06  9.432617e+05  9.335244e+05 
5745  1.169120e+06  5.874130e+05  5.817071e+05 
5756  5.027865e+05  2.519874e+05  2.507991e+05 
5767  3.241243e+05  1.624287e+05  1.616955e+05 
5779  6.987182e+05  3.505142e+05  3.482040e+05 
5790  1.332422e+06  6.697714e+05  6.626503e+05 
5801  6.367781e+05  3.191875e+05  3.175906e+05 
5812  9.391972e+06  4.769154e+06  4.622817e+06 
5824  1.741314e+06  8.748378e+05  8.664764e+05 
5835  7.351955e+06  3.724444e+06  3.627511e+06 
5846  3.169978e+05  1.588053e+05  1.581925e+05 
5858  9.357099e+05  4.689241e+05  4.667858e+05 
5869  4.226382e+05  1.982112e+05  2.244271e+05 
5881  1.259595e+05  2.306838e+04  1.028911e+05 
5892  1.353465e+06  1.092364e+06  2.611009e+05 
5904  1.052963e+06  5.753798e+05  4.775831e+05 
5915  1.315687e+07  6.663446e+06  6.493420e+06 
5927  1.917599e+06  9.617172e+05  9.558818e+05 
5938  2.261210e+05  1.132016e+05  1.129194e+05 
5950  9.839054e+06  5.010688e+06  4.828366e+06 
5961  1.581393e+06  7.919492e+05  7.894435e+05 
5973  1.196836e+06  6.009382e+05  5.958978e+05 
5985  8.309972e+05  4.169742e+05  4.140230e+05 
5996  8.631089e+06  4.357044e+06  4.274044e+06 
6008  3.001474e+05  1.502953e+05  1.498521e+05 
6020  1.720860e+06  8.638516e+05  8.570079e+05 
6031  4.071586e+05  2.037742e+05  2.033843e+05 
6043  3.972286e+06  1.994818e+06  1.977468e+06 
6055  6.636698e+06  3.338036e+06  3.298662e+06 
6067  1.396460e+06  7.001050e+05  6.963554e+05 
6078  1.325333e+07  6.677438e+06  6.575896e+06 
6090  7.171574e+05  3.286266e+05  3.885308e+05 
6102  4.621526e+06  2.326917e+06  2.294609e+06 
6114  4.310733e+06  2.165526e+06  2.145206e+06 
6126  1.609443e+06  8.081856e+05  8.012577e+05 
6138  4.315962e+05  2.159576e+05  2.156386e+05 
6150  7.449602e+07  4.142689e+07  3.306913e+07 
6162  1.619367e+06  8.356111e+05  7.837556e+05 
6174  1.970741e+07  9.967328e+06  9.740079e+06 
6186  6.352792e+06  3.188786e+06  3.164006e+06 
6198  3.611509e+06  1.808022e+06  1.803487e+06 
6210  2.123631e+05  1.062522e+05  1.061109e+05 
6222  8.250611e+05  4.132216e+05  4.118395e+05 
6234  5.804655e+07  3.157966e+07  2.646689e+07 
6246  7.638789e+07  4.404991e+07  3.233798e+07 
6259  2.008749e+06  1.005057e+06  1.003691e+06 
6271  6.294962e+05  3.150296e+05  3.144667e+05 
6283  2.797933e+05  1.403899e+05  1.394034e+05 
6295  2.260874e+06  1.137621e+06  1.123252e+06 
6307  7.768952e+06  3.911139e+06  3.857813e+06 
6320  2.592701e+07  1.332611e+07  1.260090e+07 
6332  4.325064e+06  2.171317e+06  2.153748e+06 
6344  6.803581e+06  5.168076e+06  1.635504e+06 
6357  1.963371e+05  9.819184e+04  9.814522e+04 
6369  8.943732e+06  5.111038e+06  3.832694e+06 
6381  1.695480e+07  8.604303e+06  8.350494e+06 
6394  2.346416e+05  1.173550e+05  1.172866e+05 
6406  5.669358e+06  2.865499e+06  2.803859e+06 
6419  3.707945e+07  1.977774e+07  1.730171e+07 
6431  1.467260e+07  7.430922e+06  7.241678e+06 
6444  7.165768e+06  3.603322e+06  3.562447e+06 
6456  1.000082e+08  6.015421e+07  3.985399e+07 
6469  2.841446e+06  1.429427e+06  1.412019e+06 
6482  1.152070e+07  5.798878e+06  5.721826e+06 
6494  1.045230e+07  5.304817e+06  5.147480e+06 
6507  4.221849e+06  2.119053e+06  2.102796e+06 
6520  2.567522e+07  1.313402e+07  1.254120e+07 
6532  4.435766e+06  2.218654e+06  2.217113e+06 
6545  3.559297e+04  1.779678e+04  1.779619e+04 
6558  3.693277e+06  2.018597e+06  1.674681e+06 
6571  1.077657e+07  5.446266e+06  5.330308e+06 
6583  4.003218e+06  1.985870e+06  2.017348e+06 
6596  1.012396e+06  5.077733e+05  5.046232e+05 
6609  4.387072e+06  2.198890e+06  2.188182e+06 
6622  9.599424e+06  4.813600e+06  4.785824e+06 
6635  3.779624e+04  1.889833e+04  1.889791e+04 
6648  1.339587e+07  6.726244e+06  6.669628e+06 
6661  1.621446e+06  8.111366e+05  8.103099e+05 
6674  1.484927e+06  3.571675e+04  1.449211e+06 
6687  3.624164e+06  1.251999e+06  2.372164e+06 
6700  3.575252e+05  1.790118e+05  1.785135e+05 
6713  2.559431e+05  1.298383e+05  1.261047e+05 
6726  1.811221e+06  9.063499e+05  9.048714e+05 
6739  1.351642e+04  6.752401e+03  6.764020e+03 
6752  1.905820e+05  9.528418e+04  9.529784e+04 
6765  1.544532e+06  7.528733e+05  7.916592e+05 
6778  5.769702e+04  2.884838e+04  2.884865e+04 
6792  3.258778e+05  1.629377e+05  1.629401e+05 
6805  5.629576e+05  2.814758e+05  2.814818e+05 
6818  2.989782e+06  1.495117e+06  1.494664e+06 
6831  1.881198e+06  9.405563e+05  9.406411e+05 
6845  7.027394e+04  3.514980e+04  3.512414e+04 
6858  7.218360e+06  3.613211e+06  3.605149e+06 
6871  2.995737e+06  1.498779e+06  1.496958e+06 
6885  3.599617e+05  1.794798e+05  1.804819e+05 
6898  1.997129e+04  9.986888e+03  9.984398e+03 
6912  4.469756e+06  2.241147e+06  2.228610e+06 
6925  1.565261e+06  7.816302e+05  7.836311e+05 
6938  2.002227e+05  1.001391e+05  1.000836e+05 
6952  1.201294e+06  6.014783e+05  5.998162e+05 
6966  3.725242e+05  1.853435e+05  1.871806e+05 
6979  3.595221e+05  1.797779e+05  1.797442e+05 
6993  1.032042e+06  5.168133e+05  5.152288e+05 
