1000.00   5.0274e-16
1002.00   3.4611e-16
1004.00   3.8956e-16
1006.00   2.1815e-16
1008.00   1.1077e-16
1010.00   2.2467e-16
1012.00   1.0667e-16
1014.00   3.0046e-16
1016.00   2.0755e-16
1018.00   1.5322e-16
1020.00   2.3669e-16
1022.00   2.4591e-16
1024.00   4.1662e-17
1026.00   8.3567e-18
1028.00   1.6083e-16
1030.00   6.6009e-16
1032.00   2.5779e-15
1034.00   6.1329e-16
1036.00   1.0324e-15
1038.00   1.4669e-16
1040.00   1.0347e-16
1042.00   2.6907e-16
1044.00   2.3689e-16
1046.00   4.6010e-16
1048.00   3.7326e-17
1050.00   2.3182e-16
1052.00   1.5598e-16
1054.00   4.2691e-16
1056.00   1.1606e-15
1058.00   6.6173e-16
1060.00   1.2422e-15
1062.00   1.2258e-15
1064.00   2.8302e-15
1066.00   7.0280e-16
1068.00   3.3372e-15
1070.00   1.4673e-15
1072.00   1.9769e-15
1074.00   5.2094e-15
1076.00   4.6654e-15
1078.00   1.0580e-15
1080.00   4.0755e-16
1082.00   1.3754e-15
1084.00   1.5598e-15
1086.00   1.0412e-15
1088.00   1.7665e-15
1090.00   1.8958e-15
1092.00   1.2915e-15
1094.00   2.6661e-15
1096.00   1.7690e-15
1098.00   2.5128e-15
1100.00   3.8295e-15
1102.00   1.1173e-15
1104.00   9.7534e-16
1106.00   2.1982e-15
1108.00   1.6483e-15
1110.00   1.8374e-15
1112.00   1.9863e-15
1114.00   3.7062e-15
1116.00   1.8985e-15
1118.00   3.0274e-16
1120.00   3.8515e-16
1122.00   2.3269e-15
1124.00   1.5646e-15
1126.00   4.3341e-15
1128.00   4.0083e-15
1130.00   1.7253e-15
1132.00   2.3583e-15
1134.00   4.0815e-15
1136.00   3.1504e-15
1138.00   1.6389e-15
1140.00   2.0221e-15
1142.00   1.8944e-15
1144.00   8.5027e-15
1146.00   4.9056e-15
1148.00   1.1100e-14
1150.00   5.6572e-15
1152.00   3.7657e-15
1154.00   5.0677e-15
1156.00   1.3121e-15
1158.00   3.6133e-15
1160.00   4.4607e-15
1162.00   2.1807e-15
1164.00   1.4249e-15
1166.00   2.6446e-15
1168.00   1.6043e-15
1170.00   3.5333e-15
1172.00   2.6961e-15
1174.00   3.4711e-15
1176.00   3.8683e-15
1178.00   1.2235e-15
1180.00   7.9161e-16
1182.00   1.7498e-15
1184.00   2.7821e-15
1186.00   1.4524e-15
1188.00   3.4953e-15
1190.00   7.7014e-16
1192.00   4.1197e-15
1194.00   1.6978e-15
1196.00   1.9640e-15
1198.00   7.4099e-15
1200.00   5.0708e-15
1202.00   3.3833e-15
1204.00   5.7366e-16
1206.00   9.1378e-16
1208.00   1.9617e-15
1210.00   3.0565e-15
1212.00   3.2932e-15
1214.00   7.0699e-16
1216.00   2.6087e-15
1218.00   2.0697e-15
1220.00   5.7351e-15
1222.00   1.7789e-16
1224.00   5.4975e-16
1226.00   3.3413e-16
1228.00   8.0139e-16
1230.00   1.3783e-16
1232.00   9.9108e-16
1234.00   1.0911e-15
1236.00   6.2659e-16
1238.00   1.3322e-15
1240.00   9.4785e-16
1242.00   1.6160e-15
1244.00   7.1306e-16
1246.00   4.7989e-16
1248.00   9.9852e-16
1250.00   4.0391e-16
1252.00   1.2036e-15
1254.00   8.2768e-16
1256.00   1.2952e-15
1258.00   3.0548e-15
1260.00   8.4561e-16
1262.00   2.0274e-15
1264.00   8.1433e-15
1266.00   2.9366e-14
1268.00   9.3970e-16
1270.00   1.6508e-15
1272.00   3.3417e-15
1274.00   1.4491e-15
1276.00   1.6266e-15
1278.00   6.3513e-16
1280.00   1.6451e-15
1282.00   5.4258e-16
1284.00   7.4310e-16
1286.00   1.2414e-15
1288.00   3.8373e-15
1290.00   5.9511e-15
1292.00   4.6476e-15
1294.00   4.3888e-15
1296.00   7.1117e-15
1298.00   1.0568e-15
1300.00   4.2894e-15
1302.00   1.0525e-15
1304.00   3.2867e-15
1306.00   1.2592e-15
1308.00   1.0100e-15
1310.00   4.4021e-16
1312.00   4.8412e-16
1314.00   1.3075e-15
1316.00   1.0932e-15
1318.00   1.5331e-15
1320.00   1.8331e-15
1322.00   1.6650e-15
1324.00   1.7012e-15
1326.00   7.7347e-16
1328.00   1.9242e-15
1330.00   1.5721e-15
1332.00   1.9348e-15
1334.00   6.5617e-16
1336.00   4.3556e-16
1338.00   5.5109e-16
1340.00   6.1037e-15
1342.00   8.0166e-16
1344.00   6.4549e-16
1346.00   1.8988e-15
1348.00   1.7816e-16
1350.00   1.1584e-15
1352.00   1.5823e-15
1354.00   1.8704e-15
1356.00   1.5302e-15
1358.00   9.0084e-16
1360.00   3.6957e-15
1362.00   3.7514e-15
1364.00   1.8828e-15
1366.00   4.3918e-15
1368.00   1.5653e-15
1370.00   9.0487e-16
1372.00   3.0768e-15
1374.00   5.6224e-15
1376.00   2.5718e-15
1378.00   4.1975e-15
1380.00   2.1566e-15
1382.00   3.1402e-15
1384.00   2.1079e-15
1386.00   1.5521e-15
1388.00   2.3942e-15
1390.00   5.0886e-16
1392.00   1.5017e-15
1394.00   1.9512e-15
1396.00   2.1461e-15
1398.00   1.5811e-15
1400.00   5.5139e-15
1402.00   4.8832e-15
1404.00   3.1936e-15
1406.00   9.1176e-16
1408.00   1.2471e-15
1410.00   1.9641e-15
1412.00   1.0246e-15
1414.00   1.8261e-15
1416.00   6.1346e-15
1418.00   3.2610e-15
1420.00   1.3372e-15
1422.00   6.3999e-16
1424.00   1.4323e-15
1426.00   4.0721e-16
1428.00   1.9108e-15
1430.00   4.5809e-15
1432.00   1.7746e-15
1434.00   6.4151e-16
1436.00   1.8440e-15
1438.00   5.7083e-15
1440.00   2.8938e-15
1442.00   3.9827e-15
1444.00   2.4900e-15
1446.00   1.0856e-15
1448.00   1.1013e-15
1450.00   7.7321e-16
1452.00   2.9805e-15
1454.00   5.1460e-15
1456.00   1.1320e-15
1458.00   6.6599e-16
1460.00   3.5029e-15
1462.00   1.0067e-15
1464.00   3.1557e-15
1466.00   3.7879e-15
1468.00   2.8470e-15
1470.00   7.8608e-16
1472.00   3.5564e-15
1474.00   4.6170e-15
1476.00   1.4817e-15
1478.00   3.0825e-15
1480.00   2.7825e-15
1482.00   2.7837e-16
1484.00   3.3974e-15
1486.00   2.0064e-15
1488.00   1.2550e-15
1490.00   2.4193e-15
1492.00   1.8863e-15
1494.00   6.6143e-16
1496.00   1.4403e-15
1498.00   2.1904e-16
1500.00   3.1534e-16
1502.00   1.1298e-15
1504.00   1.4406e-15
1506.00   2.5077e-15
1508.00   3.2472e-15
1510.00   2.3786e-16
1512.00   2.6207e-15
1514.00   1.1551e-15
1516.00   5.1713e-16
1518.00   9.9173e-17
1520.00   1.6128e-15
1522.00   1.1761e-15
1524.00   6.5869e-16
1526.00   4.7145e-16
1528.00   1.0778e-15
1530.00   5.3185e-17
1532.00   5.5075e-16
1534.00   7.3505e-15
1536.00   1.3757e-15
1538.00   6.9497e-16
1540.00   7.4208e-15
1542.00   5.4157e-16
1544.00   4.6367e-16
1546.00   6.0150e-16
1548.00   1.7673e-14
1550.00   7.0307e-16
1552.00   1.4166e-15
1554.00   9.1746e-16
1556.00   1.0015e-15
1558.00   2.7449e-16
1560.00   1.3260e-15
1562.00   5.9769e-16
1564.00   9.7387e-16
1566.00   4.3251e-16
1568.00   4.1853e-16
1570.00   1.5446e-15
1572.00   1.3098e-15
1574.00   1.7133e-15
1576.00   2.8514e-16
1578.00   1.8178e-15
1580.00   1.7070e-15
1582.00   5.7128e-16
1584.00   6.1421e-16
1586.00   9.4060e-16
1588.00   8.8675e-16
1590.00   1.1605e-16
1592.00   3.9250e-16
1594.00   1.7489e-15
1596.00   2.3519e-16
1598.00   3.1931e-16
1600.00   6.9806e-16
1602.00   8.5531e-16
1604.00   3.4252e-16
1606.00   8.0675e-16
1608.00   1.8719e-15
1610.00   4.2897e-16
1612.00   3.5040e-16
1614.00   8.5924e-16
1616.00   6.4827e-17
1618.00   1.3250e-15
1620.00   3.4474e-16
1622.00   1.5429e-15
1624.00   5.8959e-16
1626.00   1.4592e-15
1628.00   6.7399e-16
1630.00   2.5599e-15
1632.00   1.9556e-15
1634.00   1.4950e-15
1636.00   4.4030e-15
1638.00   1.3027e-15
1640.00   8.7961e-15
1642.00   4.1035e-15
1644.00   1.7255e-15
1646.00   1.7026e-15
1648.00   1.0381e-15
1650.00   2.4719e-15
1652.00   2.3316e-16
1654.00   1.9221e-15
1656.00   1.1814e-15
1658.00   9.4146e-16
1660.00   6.4893e-16
1662.00   3.7883e-16
1664.00   2.1942e-16
1666.00   1.1873e-16
1668.00   3.7135e-16
1670.00   1.3749e-15
1672.00   5.8678e-16
1674.00   2.1422e-15
1676.00   3.1279e-15
1678.00   2.8918e-16
1680.00   1.5309e-15
1682.00   2.9420e-15
1684.00   6.3365e-16
1686.00   6.7676e-16
1688.00   1.5752e-15
1690.00   1.3690e-15
1692.00   2.5972e-16
1694.00   7.6855e-16
1696.00   2.6729e-16
1698.00   1.5652e-15
1700.00   4.0172e-16
1702.00   2.1892e-15
1704.00   3.9471e-16
1706.00   1.9774e-16
1708.00   1.1242e-15
1710.00   1.7729e-15
1712.00   4.6211e-16
1714.00   6.8290e-16
1716.00   1.4980e-15
1718.00   9.9804e-16
1720.00   1.0310e-15
1722.00   7.2516e-16
1724.00   3.0845e-15
1726.00   1.6653e-15
1728.00   2.8151e-16
1730.00   7.9440e-17
1732.00   7.1988e-16
1734.00   2.6875e-16
1736.00   1.1510e-16
1738.00   4.2035e-16
1740.00   4.4504e-17
1742.00   3.6115e-16
1744.00   2.5107e-17
1746.00   6.0043e-16
1748.00   8.8788e-16
1750.00   1.9971e-15
1752.00   5.9322e-17
1754.00   2.7368e-17
1756.00   3.3539e-17
1758.00   2.0646e-16
1760.00   5.6061e-16
1762.00   1.6383e-15
1764.00   5.1518e-16
1766.00   1.8635e-16
1768.00   1.1808e-15
1770.00   4.9516e-16
1772.00   3.9427e-16
1774.00   1.1946e-15
1776.00   4.0683e-16
1778.00   4.3736e-16
1780.00   1.3151e-16
1782.00   7.5239e-16
1784.00   2.6648e-16
1786.00   7.3880e-15
1788.00   4.1450e-15
1790.00   6.0990e-16
1792.00   1.1523e-15
1794.00   1.1587e-15
1796.00   3.8426e-16
1798.00   2.1175e-15
1800.00   3.1914e-17
1802.00   1.7279e-16
1804.00   1.2094e-15
1806.00   1.1229e-15
1808.00   3.8006e-16
1810.00   5.5716e-16
1812.00   3.1568e-16
1814.00   1.3247e-16
1816.00   6.9262e-16
1818.00   4.7960e-16
1820.00   4.5926e-17
1822.00   3.0810e-16
1824.00   6.8465e-16
1826.00   4.1834e-16
1828.00   7.5163e-16
1830.00   3.2166e-16
1832.00   4.9951e-16
1834.00   4.1685e-16
1836.00   1.3811e-15
1838.00   1.8580e-18
1840.00   5.5885e-16
1842.00   2.1682e-16
1844.00   7.7265e-16
1846.00   3.1576e-16
1848.00   5.6527e-16
1850.00   1.8282e-16
1852.00   6.6312e-16
1854.00   2.0767e-16
1856.00   2.9017e-16
1858.00   8.5768e-17
1860.00   2.3747e-16
1862.00   6.9983e-16
1864.00   5.5920e-16
1866.00   4.3734e-16
1868.00   2.9791e-16
1870.00   6.0202e-16
1872.00   3.0388e-16
1874.00   2.9850e-16
1876.00   4.6131e-16
1878.00   7.3184e-16
1880.00   9.0864e-16
1882.00   2.5043e-16
1884.00   1.1927e-15
1886.00   4.3250e-16
1888.00   1.8768e-15
1890.00   2.6502e-16
1892.00   2.5115e-16
1894.00   1.4788e-16
1896.00   4.7599e-16
1898.00   3.6227e-16
1900.00   8.1735e-16
1902.00   1.7070e-15
1904.00   7.9807e-16
1906.00   3.0373e-16
1908.00   9.1599e-17
1910.00   6.1031e-16
1912.00   6.6213e-16
1914.00   6.4851e-17
1916.00   5.4131e-16
1918.00   1.0323e-15
1920.00   5.3556e-16
1922.00   1.8817e-16
1924.00   5.0627e-17
1926.00   1.5879e-15
1928.00   6.4322e-16
1930.00   3.4349e-16
1932.00   5.3433e-16
1934.00   2.1516e-16
1936.00   1.1616e-15
1938.00   6.5766e-17
1940.00   6.8472e-16
1942.00   1.8412e-16
1944.00   8.9572e-16
1946.00   5.6242e-16
1948.00   1.5366e-15
1950.00   2.0015e-16
1952.00   5.4212e-16
1954.00   2.6690e-16
1956.00   1.9240e-15
1958.00   7.3685e-15
1960.00   1.1569e-16
1962.00   6.5239e-16
1964.00   3.9347e-16
1966.00   3.1024e-15
1968.00   1.0236e-15
1970.00   2.4135e-15
1972.00   3.9612e-16
1974.00   1.3825e-15
1976.00   4.3945e-15
1978.00   4.0133e-16
1980.00   7.4453e-17
1982.00   2.9062e-17
1984.00   5.5681e-16
1986.00   9.5262e-16
1988.00   3.5446e-16
1990.00   5.4700e-16
1992.00   2.2041e-16
1994.00   6.0989e-16
1996.00   4.5727e-16
1998.00   8.9258e-17
2000.00   1.8987e-15
2002.00   8.2277e-17
2004.00   7.6655e-16
2006.00   4.0934e-16
2008.00   1.4035e-15
2010.00   9.4024e-16
2012.00   4.3247e-16
2014.00   1.1825e-15
2016.00   1.0965e-15
2018.00   6.7679e-16
2020.00   5.8537e-16
2022.00   6.6252e-17
2024.00   1.5388e-15
2026.00   3.6202e-16
2028.00   7.1128e-16
2030.00   2.4354e-15
2032.00   1.0880e-15
2034.00   5.7796e-16
2036.00   4.6764e-16
2038.00   3.4766e-16
2040.00   9.6465e-16
2042.00   2.0351e-17
2044.00   9.0439e-16
2046.00   5.8846e-17
2048.00   6.8878e-16
2050.00   4.5133e-17
2052.00   5.7146e-16
2054.00   2.2315e-16
2056.00   6.0612e-16
2058.00   5.1963e-16
2060.00   6.6756e-17
2062.00   4.4971e-16
2064.00   6.6495e-16
2066.00   5.3127e-16
2068.00   5.2020e-16
2070.00   1.7504e-15
2072.00   1.0081e-15
2074.00   5.1350e-16
2076.00   1.4109e-16
2078.00   1.4987e-15
2080.00   5.0960e-16
2082.00   2.3575e-16
2084.00   1.5842e-16
2086.00   2.6948e-16
2088.00   7.7128e-16
2090.00   1.7427e-17
2092.00   1.8851e-16
2094.00   6.8203e-16
2096.00   2.7366e-16
2098.00   3.7698e-16
2100.00   2.9769e-16
2102.00   1.0378e-15
2104.00   2.5332e-17
2106.00   1.6492e-15
2108.00   1.1143e-15
2110.00   1.6773e-15
2112.00   1.1071e-16
2114.00   8.7966e-16
2116.00   2.3037e-15
2118.00   4.8183e-16
2120.00   6.1606e-16
2122.00   3.1882e-16
2124.00   2.8206e-17
2126.00   3.1300e-16
2128.00   6.0271e-16
2130.00   9.1516e-16
2132.00   1.3765e-15
2134.00   3.2782e-16
2136.00   4.3891e-16
2138.00   1.1228e-15
2140.00   3.9710e-16
2142.00   1.0031e-15
2144.00   8.3138e-17
2146.00   4.9517e-16
2148.00   7.0072e-16
2150.00   7.3232e-16
2152.00   6.4169e-16
2154.00   2.3453e-16
2156.00   3.4765e-16
2158.00   4.3216e-16
2160.00   5.1848e-16
2162.00   8.8890e-16
2164.00   6.2793e-16
2166.00   7.8781e-16
2168.00   1.2170e-15
2170.00   3.1899e-16
2172.00   1.7000e-16
2174.00   1.5096e-15
2176.00   5.0503e-16
2178.00   5.2054e-16
2180.00   4.2827e-16
2182.00   1.3135e-16
2184.00   1.4304e-15
2186.00   1.1613e-16
2188.00   7.7428e-16
2190.00   3.6231e-16
2192.00   3.2145e-17
2194.00   3.4989e-16
2196.00   1.1940e-16
2198.00   8.3999e-17
2200.00   1.4355e-17
2202.00   3.7356e-16
2204.00   4.9038e-16
2206.00   5.2858e-16
2208.00   1.1335e-16
2210.00   6.3414e-16
2212.00   6.3455e-16
2214.00   1.0645e-15
2216.00   4.2577e-16
2218.00   3.8054e-16
2220.00   6.3638e-16
2222.00   8.3039e-16
2224.00   1.8092e-15
2226.00   6.3180e-16
2228.00   6.6684e-16
2230.00   4.0419e-16
2232.00   9.7253e-16
2234.00   8.4074e-16
2236.00   8.9992e-16
2238.00   9.8016e-16
2240.00   6.6086e-16
2242.00   1.5211e-15
2244.00   1.1723e-15
2246.00   1.2680e-15
2248.00   1.8073e-16
2250.00   1.7865e-15
2252.00   2.2683e-16
2254.00   1.4441e-15
2256.00   1.7532e-15
2258.00   7.3908e-16
2260.00   1.9769e-15
2262.00   5.5024e-16
2264.00   1.6029e-15
2266.00   2.7188e-15
2268.00   1.6593e-15
2270.00   1.1909e-15
2272.00   1.8784e-15
2274.00   2.0469e-15
2276.00   2.1833e-15
2278.00   1.4542e-15
2280.00   1.5590e-15
2282.00   5.4499e-16
2284.00   1.2332e-15
2286.00   1.0045e-15
2288.00   9.0043e-16
2290.00   5.7569e-16
2292.00   2.4647e-16
2294.00   2.9544e-15
2296.00   8.4445e-16
2298.00   9.0288e-16
2300.00   3.4823e-16
2302.00   4.9711e-16
2304.00   1.5120e-15
2306.00   1.0734e-15
2308.00   3.7263e-15
2310.00   7.1701e-16
2312.00   2.1331e-15
2314.00   2.2756e-15
2316.00   1.0867e-16
2318.00   1.7177e-15
2320.00   2.5528e-18
2322.00   1.5127e-15
2324.00   6.8226e-16
2326.00   2.4675e-15
2328.00   3.8055e-15
2330.00   2.1142e-15
2332.00   7.4009e-15
2334.00   2.0315e-17
2336.00   5.3817e-17
2338.00   3.7948e-15
2340.00   2.4984e-15
2342.00   3.3509e-16
2344.00   1.2643e-14
2346.00   2.5641e-15
2348.00   1.3349e-14
2350.00   9.7199e-18
2352.00   2.2346e-15
2354.00   1.1755e-15
2356.00   1.8279e-15
2358.00   7.5941e-16
2360.00   1.9318e-14
2362.00   5.6429e-15
2364.00   5.5170e-15
2366.00   6.8644e-15
2368.00   4.9932e-15
2370.00   3.5181e-15
2372.00   1.1450e-15
2374.00   9.3678e-15
2376.00   3.2545e-15
2378.00   2.4483e-16
2380.00   7.7610e-15
2382.00   3.4597e-14
2384.00   4.7789e-15
2386.00   2.8271e-15
2388.00   1.0288e-14
2390.00   4.8119e-16
2392.00   3.2039e-15
2394.00   1.4266e-15
2396.00   2.2524e-14
2398.00   1.9633e-16
2400.00   1.0434e-14
2402.00   1.6595e-15
2404.00   1.2592e-14
2406.00   7.2494e-15
2408.00   1.6528e-15
2410.00   8.9789e-15
2412.00   5.0348e-15
2414.00   6.6969e-15
2416.00   2.7609e-15
2418.00   3.8188e-15
2420.00   7.6370e-16
2422.00   2.1316e-15
2424.00   5.9498e-15
2426.00   2.0264e-15
2428.00   4.8973e-15
2430.00   7.3466e-15
2432.00   7.4340e-15
2434.00   6.1557e-15
2436.00   2.3899e-15
2438.00   1.4133e-15
2440.00   4.2060e-15
2442.00   2.1349e-15
2444.00   1.2062e-15
2446.00   6.2889e-15
2448.00   1.1018e-14
2450.00   2.2602e-15
2452.00   1.3725e-15
2454.00   2.5777e-15
2456.00   2.2447e-15
2458.00   3.8355e-15
2460.00   4.2416e-15
2462.00   5.2408e-15
2464.00   7.1381e-15
2466.00   5.2830e-15
2468.00   1.7841e-15
2470.00   6.2166e-15
2472.00   2.5173e-15
2474.00   3.7337e-15
2476.00   2.1739e-15
2478.00   2.1433e-15
2480.00   2.0489e-15
2482.00   4.1021e-15
2484.00   2.3147e-15
2486.00   1.9376e-15
2488.00   2.2328e-15
2490.00   4.2433e-15
2492.00   1.4215e-15
2494.00   3.8242e-15
2496.00   7.1685e-16
2498.00   3.7884e-15
2500.00   1.4000e-15
2502.00   1.7846e-15
2504.00   2.4178e-15
2506.00   7.5436e-15
2508.00   2.2205e-15
2510.00   2.5127e-15
2512.00   4.0654e-15
2514.00   3.8684e-15
2516.00   7.8631e-16
2518.00   1.6199e-15
2520.00   3.3603e-15
2522.00   4.5278e-15
2524.00   6.1758e-16
2526.00   6.3475e-15
2528.00   1.3659e-15
2530.00   3.3742e-15
2532.00   8.1446e-16
2534.00   1.3458e-15
2536.00   1.7330e-15
2538.00   4.1256e-15
2540.00   3.4032e-15
2542.00   4.1624e-15
2544.00   1.9198e-15
2546.00   2.8977e-15
2548.00   1.5618e-15
2550.00   3.5813e-15
2552.00   1.4552e-15
2554.00   1.1852e-15
2556.00   1.2436e-15
2558.00   1.6564e-15
2560.00   3.2613e-15
2562.00   7.0452e-15
2564.00   3.8038e-15
2566.00   3.7835e-15
2568.00   1.9648e-15
2570.00   1.2858e-15
2572.00   2.7532e-15
2574.00   2.7260e-15
2576.00   1.4801e-15
2578.00   2.4159e-15
2580.00   1.2829e-16
2582.00   4.7982e-15
2584.00   1.2391e-15
2586.00   1.3535e-14
2588.00   3.3490e-15
2590.00   1.2883e-15
2592.00   3.0592e-15
2594.00   5.0023e-16
2596.00   6.7794e-16
2598.00   1.6153e-14
2600.00   3.1529e-14
2602.00   8.2555e-18
2604.00   8.9992e-16
2606.00   2.5837e-15
2608.00   1.2934e-14
2610.00   2.4628e-15
2612.00   2.0473e-14
2614.00   9.6590e-15
2616.00   7.8345e-18
2618.00   9.5665e-15
2620.00   4.9647e-15
2622.00   4.5054e-15
2624.00   1.5394e-15
2626.00   2.5642e-14
2628.00   9.3474e-15
2630.00   1.8735e-15
2632.00   2.6158e-14
2634.00   1.0529e-15
2636.00   7.1483e-16
2638.00   9.9495e-16
2640.00   9.9733e-16
2642.00   1.6175e-15
2644.00   4.4572e-16
2646.00   5.2619e-16
2648.00   2.8745e-17
2650.00   9.8208e-16
2652.00   1.6888e-15
2654.00   9.7631e-16
2656.00   5.9628e-17
2658.00   4.6968e-16
2660.00   6.2591e-16
2662.00   4.7291e-17
2664.00   1.4448e-15
2666.00   1.7083e-15
2668.00   1.9270e-16
2670.00   1.8664e-15
2672.00   1.0233e-16
2674.00   8.2268e-18
2676.00   1.8482e-16
2678.00   1.5413e-15
2680.00   1.0471e-16
2682.00   1.0583e-15
2684.00   2.1471e-15
2686.00   8.2531e-16
2688.00   3.9928e-17
2690.00   5.4639e-16
2692.00   2.8972e-15
2694.00   6.8691e-16
2696.00   5.1732e-17
2698.00   1.1703e-15
2700.00   6.6471e-16
2702.00   1.7567e-17
2704.00   2.4272e-15
2706.00   2.5297e-15
2708.00   9.5423e-16
2710.00   2.7739e-15
2712.00   1.2572e-15
2714.00   2.8108e-15
2716.00   7.6074e-15
2718.00   3.0632e-15
2720.00   4.6396e-16
2722.00   1.9135e-15
2724.00   4.9553e-15
2726.00   1.3179e-16
2728.00   2.7648e-15
2730.00   3.7347e-15
2732.00   6.2189e-15
2734.00   2.3950e-16
2736.00   2.6927e-15
2738.00   1.9953e-15
2740.00   7.5511e-15
2742.00   3.6138e-16
2744.00   4.1544e-15
2746.00   8.0599e-15
2748.00   5.2275e-16
2750.00   9.0409e-15
2752.00   1.9532e-15
2754.00   2.0921e-15
2756.00   1.6102e-14
2758.00   1.0135e-15
2760.00   2.2240e-15
2762.00   4.5689e-15
2764.00   1.0863e-15
2766.00   2.3580e-18
2768.00   7.7491e-15
2770.00   4.4772e-16
2772.00   7.1790e-15
2774.00   2.2848e-15
2776.00   2.4135e-15
2778.00   9.3517e-16
2780.00   7.0812e-16
2782.00   8.7245e-16
2784.00   5.7686e-16
2786.00   2.0486e-15
2788.00   8.9544e-16
2790.00   2.3439e-16
2792.00   3.8564e-15
2794.00   6.6373e-16
2796.00   1.8130e-16
2798.00   1.2858e-16
2800.00   1.4598e-15
2802.00   6.4866e-19
2804.00   9.5044e-16
2806.00   8.2300e-16
2808.00   6.5862e-17
2810.00   2.4583e-16
2812.00   2.2833e-16
2814.00   5.8399e-16
2816.00   2.0114e-17
2818.00   3.8082e-16
2820.00   5.6565e-15
2822.00   6.4474e-16
2824.00   5.6287e-15
2826.00   1.1566e-15
2828.00   2.8520e-15
2830.00   3.9074e-16
2832.00   5.2339e-15
2834.00   1.0611e-15
2836.00   9.0348e-16
2838.00   2.7706e-15
2840.00   2.4874e-14
2842.00   3.4170e-16
2844.00   3.1071e-15
2846.00   7.7179e-15
2848.00   7.9893e-15
2850.00   1.1054e-15
2852.00   3.1113e-15
2854.00   1.7929e-16
2856.00   1.0158e-14
2858.00   3.2852e-15
2860.00   8.6714e-17
2862.00   2.7430e-16
2864.00   1.2339e-15
2866.00   2.7054e-15
2868.00   2.3668e-15
2870.00   2.9365e-15
2872.00   3.8735e-15
2874.00   9.7104e-17
2876.00   4.9814e-17
2878.00   9.6159e-17
2880.00   1.0369e-15
2882.00   6.9973e-15
2884.00   2.6811e-15
2886.00   2.4404e-15
2888.00   1.5491e-15
2890.00   1.2931e-15
2892.00   4.5851e-16
2894.00   1.4701e-16
2896.00   1.2837e-15
2898.00   1.1566e-15
2900.00   8.4481e-18
2902.00   8.7577e-16
2904.00   7.5990e-18
2906.00   6.1189e-16
2908.00   1.0461e-15
2910.00   9.1894e-16
2912.00   1.9181e-17
2914.00   1.7533e-17
2916.00   7.5708e-16
2918.00   9.4590e-16
2920.00   1.6270e-16
2922.00   5.9624e-17
2924.00   9.0484e-17
2926.00   4.5364e-15
2928.00   2.4076e-18
2930.00   1.3634e-16
2932.00   4.2359e-17
2934.00   2.4412e-16
2936.00   1.0016e-16
2938.00   2.8064e-17
2940.00   1.3208e-15
2942.00   3.7360e-18
2944.00   1.9062e-15
2946.00   9.1580e-16
2948.00   1.8654e-15
2950.00   1.2051e-15
2952.00   1.2231e-16
2954.00   1.8655e-15
2956.00   1.2263e-17
2958.00   2.6602e-17
2960.00   9.2271e-16
2962.00   1.0944e-15
2964.00   1.4587e-15
2966.00   2.1994e-15
2968.00   5.5564e-17
2970.00   3.3820e-15
2972.00   5.9638e-16
2974.00   7.1949e-17
2976.00   1.3441e-15
2978.00   6.4408e-17
2980.00   2.2590e-15
2982.00   2.1908e-16
2984.00   4.5098e-15
2986.00   2.5311e-15
2988.00   2.4588e-17
2990.00   1.2836e-17
2992.00   8.2694e-17
2994.00   1.9429e-16
2996.00   7.2010e-17
2998.00   7.0593e-16
3000.00   1.7839e-16
3002.00   3.2518e-15
3004.00   2.0412e-17
3006.00   1.0683e-17
3008.00   3.7663e-18
3010.00   8.8783e-16
3012.00   6.8403e-18
3014.00   6.7284e-16
3016.00   5.0286e-16
3018.00   4.5052e-16
3020.00   1.9756e-16
3022.00   7.0410e-17
3024.00   3.0689e-16
3026.00   5.8697e-17
3028.00   3.1612e-17
3030.00   2.4742e-16
3032.00   9.7835e-18
3034.00   5.1749e-16
3036.00   1.5581e-15
3038.00   1.0891e-16
3040.00   3.9237e-17
3042.00   1.7634e-17
3044.00   1.2763e-15
3046.00   7.7094e-17
3048.00   1.9648e-15
3050.00   1.9371e-16
3052.00   1.5115e-17
3054.00   2.6280e-18
3056.00   2.1215e-15
3058.00   2.4101e-17
3060.00   8.9342e-19
3062.00   2.1288e-16
3064.00   4.0483e-19
3066.00   1.0960e-15
3068.00   2.8875e-16
3070.00   5.9141e-16
3072.00   1.3346e-15
3074.00   5.5553e-18
3076.00   3.6371e-15
3078.00   8.0546e-15
3080.00   2.8514e-16
3082.00   9.5561e-18
3084.00   2.3334e-16
3086.00   1.5903e-18
3088.00   2.8779e-18
3090.00   1.9412e-16
3092.00   1.5365e-18
3094.00   1.3750e-18
3096.00   1.0682e-15
3098.00   2.2388e-17
3100.00   2.7334e-19
3102.00   1.6436e-16
3104.00   7.5159e-18
3106.00   4.3756e-16
3108.00   1.5902e-17
3110.00   2.4101e-18
3112.00   2.7373e-19
3114.00   1.7242e-16
3116.00   2.0662e-16
3118.00   7.2944e-18
3120.00   2.6829e-17
3122.00   9.6911e-18
3124.00   1.0895e-19
3126.00   1.1061e-17
3128.00   1.5945e-18
3130.00   2.4296e-17
3132.00   1.7204e-16
3134.00   8.6140e-18
3136.00   4.2180e-17
3138.00   8.5995e-18
3140.00   2.0055e-17
3142.00   1.4339e-15
3144.00   3.0063e-17
3146.00   2.3066e-16
3148.00   1.3786e-18
3150.00   2.3829e-18
3152.00   1.8973e-17
3154.00   2.6644e-18
3156.00   1.1434e-16
3158.00   2.7485e-16
3160.00   1.1435e-17
3162.00   1.8614e-15
3164.00   3.0867e-15
3166.00   1.5426e-15
3168.00   3.6385e-18
3170.00   1.0740e-15
3172.00   1.4003e-19
3174.00   1.3689e-18
3176.00   7.2915e-17
3178.00   2.0076e-15
3180.00   6.9129e-18
3182.00   5.5127e-19
3184.00   2.2440e-15
3186.00   3.0804e-15
3188.00   6.0809e-16
3190.00   2.4530e-16
3192.00   2.1399e-15
3194.00   1.4621e-15
3196.00   3.2776e-15
3198.00   1.0642e-17
3200.00   3.9672e-18
3202.00   1.1993e-18
3204.00   3.5741e-16
3206.00   3.8816e-19
3208.00   5.4684e-18
3210.00   1.7732e-15
3212.00   5.5417e-17
3214.00   1.7477e-15
3216.00   9.1494e-18
3218.00   1.9645e-18
3220.00   8.6619e-18
3222.00   8.3418e-18
3224.00   9.0648e-17
3226.00   1.4414e-17
3228.00   1.9786e-15
3230.00   2.9818e-16
3232.00   7.6988e-16
3234.00   3.0752e-16
3236.00   2.8716e-18
3238.00   7.0500e-16
3240.00   4.1382e-18
3242.00   3.4428e-19
3244.00   9.4823e-16
3246.00   1.4303e-17
3248.00   1.0911e-15
3250.00   6.0521e-16
3252.00   3.1034e-16
3254.00   2.5378e-17
3256.00   4.0596e-15
3258.00   1.4273e-15
3260.00   9.5983e-16
3262.00   2.2140e-17
3264.00   8.2785e-16
3266.00   3.8343e-17
3268.00   1.9918e-16
3270.00   4.7063e-17
3272.00   4.5481e-19
3274.00   1.7197e-17
3276.00   9.0584e-17
3278.00   8.8237e-15
3280.00   1.3359e-17
3282.00   2.7190e-15
3284.00   2.3754e-17
3286.00   1.6363e-15
3288.00   1.8056e-17
3290.00   1.9447e-16
3292.00   2.4484e-17
3294.00   2.1939e-19
3296.00   2.0060e-15
3298.00   8.4443e-16
3300.00   2.1652e-17
3302.00   1.0501e-15
3304.00   1.2617e-15
3306.00   1.2647e-15
3308.00   2.7516e-20
3310.00   8.3711e-17
3312.00   1.1165e-15
3314.00   5.4777e-16
3316.00   3.4279e-18
3318.00   7.8099e-17
3320.00   5.1092e-17
3322.00   1.0501e-16
3324.00   5.4639e-17
3326.00   3.4279e-17
3328.00   1.8083e-16
3330.00   2.0539e-17
3332.00   9.1408e-19
3334.00   5.0142e-18
3336.00   2.5211e-16
3338.00   2.2851e-16
3340.00   7.2442e-19
3342.00   1.2151e-17
3344.00   2.4688e-18
3346.00   7.2383e-20
3348.00   1.2007e-18
3350.00   3.2124e-19
3352.00   2.6631e-18
3354.00   9.8697e-19
3356.00   1.3578e-18
3358.00   8.2498e-16
3360.00   1.3993e-16
3362.00   1.7983e-16
3364.00   5.8561e-18
3366.00   3.0428e-16
3368.00   9.0225e-18
3370.00   1.3746e-16
3372.00   6.1238e-16
3374.00   7.7554e-19
3376.00   6.8728e-16
3378.00   1.3360e-19
3380.00   1.2787e-16
3382.00   1.0383e-16
3384.00   1.0315e-18
3386.00   4.3759e-17
3388.00   1.5464e-16
3390.00   3.3277e-17
3392.00   3.6565e-16
3394.00   4.7972e-18
3396.00   5.1073e-17
3398.00   8.2679e-18
3400.00   2.9903e-18
3402.00   8.3610e-18
3404.00   1.3248e-17
3406.00   1.8362e-17
3408.00   4.5602e-18
3410.00   8.5845e-17
3412.00   1.0275e-18
3414.00   1.0274e-16
3416.00   6.4241e-16
3418.00   1.4158e-19
3420.00   3.5379e-17
3422.00   1.7609e-18
3424.00   3.0183e-19
3426.00   9.4689e-17
3428.00   1.0349e-16
3430.00   5.9788e-17
3432.00   1.7692e-18
3434.00   3.8015e-18
3436.00   7.0572e-16
3438.00   4.8117e-18
3440.00   2.4290e-16
3442.00   2.2170e-17
3444.00   7.0636e-17
3446.00   7.6406e-18
3448.00   3.0987e-18
3450.00   1.3966e-16
3452.00   6.7339e-16
3454.00   1.9144e-16
3456.00   9.9887e-16
3458.00   2.4099e-17
3460.00   1.7883e-18
3462.00   1.4614e-19
3464.00   2.4918e-16
3466.00   4.8430e-18
3468.00   6.0430e-19
3470.00   8.7209e-17
3472.00   1.8417e-17
3474.00   2.5486e-18
3476.00   5.0001e-16
3478.00   1.4032e-16
3480.00   2.0764e-16
3482.00   2.0695e-16
3484.00   7.5357e-17
3486.00   1.7239e-16
3488.00   3.2164e-19
3490.00   2.2418e-16
3492.00   1.7730e-18
3494.00   3.8072e-16
3496.00   1.9621e-16
3498.00   1.4270e-17
3500.00   9.1763e-17
3502.00   2.2039e-16
3504.00   3.9538e-16
3506.00   1.1697e-17
3508.00   1.3523e-16
3510.00   7.2463e-18
3512.00   8.3078e-18
3514.00   1.2071e-18
3516.00   8.4945e-17
3518.00   2.5012e-17
3520.00   1.2166e-17
3522.00   3.8286e-16
3524.00   7.2093e-18
3526.00   1.3901e-16
3528.00   7.7173e-17
3530.00   4.0272e-17
3532.00   3.7596e-16
3534.00   8.3253e-19
3536.00   4.2458e-16
3538.00   7.2055e-16
3540.00   1.7948e-16
3542.00   1.1345e-16
3544.00   4.3702e-17
3546.00   1.0816e-18
3548.00   1.8236e-17
3550.00   3.5034e-18
3552.00   4.4344e-18
3554.00   2.1030e-17
3556.00   1.0869e-16
3558.00   4.2606e-17
3560.00   5.2534e-18
3562.00   1.2723e-18
3564.00   1.6125e-17
3566.00   4.7386e-17
3568.00   2.1815e-18
3570.00   1.0933e-18
3572.00   6.2920e-19
3574.00   2.1279e-18
3576.00   1.9274e-17
3578.00   7.9513e-19
3580.00   7.4899e-19
3582.00   1.5424e-20
3584.00   1.2907e-18
3586.00   2.0058e-17
3588.00   1.1463e-17
3590.00   5.1791e-17
3592.00   3.0723e-19
3594.00   1.1330e-18
3596.00   4.4849e-18
3598.00   2.3110e-18
3600.00   1.2433e-18
3602.00   1.7213e-17
3604.00   1.5661e-18
3606.00   5.7025e-18
3608.00   1.0669e-18
3610.00   6.2077e-18
3612.00   6.6781e-19
3614.00   1.7898e-17
3616.00   7.1294e-19
3618.00   8.0829e-18
3620.00   1.0264e-18
3622.00   2.6932e-16
3624.00   2.0726e-16
3626.00   4.3138e-18
3628.00   1.4644e-17
3630.00   6.0904e-19
3632.00   3.8681e-18
3634.00   2.5340e-18
3636.00   2.1337e-17
3638.00   2.3789e-18
3640.00   1.7793e-19
3642.00   2.4048e-16
3644.00   1.2003e-18
3646.00   2.2879e-18
3648.00   2.0170e-18
3650.00   2.6588e-19
3652.00   1.5519e-18
3654.00   6.8563e-20
3656.00   5.9359e-16
3658.00   1.5879e-18
3660.00   3.5133e-19
3662.00   4.1107e-18
3664.00   6.2212e-18
3666.00   1.6833e-18
3668.00   2.1878e-18
3670.00   5.7649e-19
3672.00   2.6939e-19
3674.00   1.6231e-18
3676.00   1.8435e-18
3678.00   1.7034e-19
3680.00   1.7477e-18
3682.00   5.3549e-18
3684.00   1.2256e-18
3686.00   1.7360e-17
3688.00   1.4291e-18
3690.00   1.7184e-18
3692.00   4.5164e-19
3694.00   1.9635e-18
3696.00   3.3338e-18
3698.00   2.5370e-17
3700.00   4.4373e-18
3702.00   7.3854e-22
3704.00   4.2071e-18
3706.00   3.6288e-20
3708.00   3.7432e-19
3710.00   8.0535e-18
3712.00   6.8564e-18
3714.00   1.3445e-18
3716.00   1.2395e-18
3718.00   4.7819e-19
3720.00   1.7491e-17
3722.00   4.2044e-18
3724.00   9.0371e-18
3726.00   8.7848e-18
3728.00   8.5033e-17
3730.00   5.8761e-19
3732.00   1.6373e-19
3734.00   3.7815e-19
3736.00   2.7528e-19
3738.00   1.2105e-18
3740.00   4.4543e-19
3742.00   7.4892e-18
3744.00   3.5140e-18
3746.00   1.6646e-17
3748.00   2.1831e-16
3750.00   2.1668e-18
3752.00   4.7463e-20
3754.00   7.3647e-18
3756.00   3.0710e-17
3758.00   1.6263e-17
3760.00   1.0913e-16
3762.00   1.1042e-16
3764.00   9.2525e-16
3766.00   1.1203e-18
3768.00   1.8579e-18
3770.00   3.4858e-19
3772.00   1.3112e-19
3774.00   2.2443e-19
3776.00   8.5180e-19
3778.00   5.6452e-18
3780.00   1.4522e-16
3782.00   2.6584e-17
3784.00   2.0900e-16
3786.00   2.1879e-17
3788.00   1.9259e-18
3790.00   9.6004e-20
3792.00   1.5023e-18
3794.00   3.0097e-19
3796.00   6.4401e-19
3798.00   4.4593e-17
3800.00   8.3388e-19
3802.00   9.3334e-19
3804.00   5.4426e-19
3806.00   4.4648e-18
3808.00   1.2281e-18
3810.00   5.2033e-19
3812.00   7.7431e-19
3814.00   3.2536e-17
3816.00   1.0189e-20
3818.00   1.9802e-19
3820.00   1.8279e-18
3822.00   8.1768e-17
3824.00   1.9340e-15
3826.00   9.7710e-20
3828.00   3.4644e-17
3830.00   1.1177e-18
3832.00   9.0360e-21
3834.00   1.5290e-17
3836.00   8.6937e-20
3838.00   1.5891e-17
3840.00   1.0889e-19
3842.00   1.9800e-19
3844.00   8.2282e-19
3846.00   3.6321e-17
3848.00   1.3806e-18
3850.00   5.1152e-19
3852.00   1.6559e-19
3854.00   7.7374e-20
3856.00   7.5369e-19
3858.00   4.3205e-19
3860.00   6.4130e-19
3862.00   4.6572e-19
3864.00   1.8916e-18
3866.00   2.2755e-19
3868.00   1.5307e-19
3870.00   3.6262e-19
3872.00   5.6999e-16
3874.00   6.1678e-18
3876.00   1.7899e-18
3878.00   7.6707e-19
3880.00   5.8621e-19
3882.00   4.5401e-18
3884.00   4.2770e-18
3886.00   1.7617e-19
3888.00   8.2785e-21
3890.00   1.7448e-19
3892.00   2.1063e-20
3894.00   1.7113e-18
3896.00   5.2842e-17
3898.00   2.6573e-20
3900.00   6.3979e-19
3902.00   1.3736e-20
3904.00   7.8047e-18
3906.00   5.5284e-17
3908.00   1.0657e-16
3910.00   2.7349e-17
3912.00   3.4539e-19
3914.00   2.8121e-16
3916.00   1.4204e-17
3918.00   4.2977e-18
3920.00   2.6545e-18
3922.00   2.3997e-18
3924.00   1.4794e-18
3926.00   5.4917e-19
3928.00   1.2016e-17
3930.00   4.1346e-16
3932.00   1.6192e-17
3934.00   1.4401e-19
3936.00   5.8624e-17
3938.00   1.5927e-15
3940.00   2.9355e-18
3942.00   2.2860e-19
3944.00   7.8500e-19
3946.00   4.7311e-16
3948.00   6.1320e-20
3950.00   3.8231e-18
3952.00   2.6840e-18
3954.00   4.6223e-19
3956.00   1.0423e-19
3958.00   2.4051e-17
3960.00   4.6319e-18
3962.00   1.4411e-18
3964.00   1.4933e-16
3966.00   2.3121e-17
3968.00   3.3126e-18
3970.00   8.9334e-16
3972.00   2.4441e-18
3974.00   1.2565e-15
3976.00   5.5189e-18
3978.00   1.2138e-18
3980.00   1.9488e-18
3982.00   1.3224e-16
3984.00   2.2077e-18
3986.00   3.3558e-19
3988.00   6.4137e-19
3990.00   3.0449e-17
3992.00   9.0836e-19
3994.00   2.3807e-19
3996.00   1.3289e-17
3998.00   4.8753e-20
4000.00   4.3195e-18
4002.00   6.0076e-16
4004.00   9.4492e-18
4006.00   3.9844e-20
4008.00   1.5190e-17
4010.00   4.3537e-19
4012.00   3.0695e-18
4014.00   1.8114e-18
4016.00   4.4930e-18
4018.00   3.0595e-18
4020.00   3.0413e-18
4022.00   6.2223e-18
4024.00   4.9521e-17
4026.00   2.8881e-19
4028.00   2.3567e-18
4030.00   3.2137e-20
4032.00   3.0952e-19
4034.00   7.9902e-18
4036.00   3.4669e-19
4038.00   1.8367e-19
4040.00   1.0067e-18
4042.00   2.2285e-18
4044.00   2.1603e-19
4046.00   7.3019e-19
4048.00   1.2002e-19
4050.00   1.2865e-18
4052.00   3.8771e-19
4054.00   2.0835e-20
4056.00   2.4390e-19
4058.00   4.4198e-18
4060.00   9.6704e-20
4062.00   8.3656e-17
4064.00   4.3085e-18
4066.00   1.5234e-20
4068.00   4.5805e-17
4070.00   8.2274e-18
4072.00   1.5642e-19
4074.00   4.3953e-18
4076.00   2.5713e-17
4078.00   6.8593e-17
4080.00   1.9231e-17
4082.00   1.9955e-18
4084.00   1.6296e-17
4086.00   2.8803e-19
4088.00   3.6994e-17
4090.00   2.3282e-19
4092.00   6.4694e-18
4094.00   3.2271e-18
4096.00   4.3803e-18
4098.00   3.1926e-17
4100.00   1.3704e-18
4102.00   1.4897e-18
4104.00   8.2237e-18
4106.00   1.3791e-18
4108.00   4.6846e-18
4110.00   2.3087e-18
4112.00   1.7511e-17
4114.00   1.5082e-17
4116.00   7.9852e-20
4118.00   9.7773e-19
4120.00   8.2951e-18
4122.00   2.0262e-16
4124.00   3.1520e-17
4126.00   1.8821e-19
4128.00   1.7172e-16
4130.00   5.0028e-19
4132.00   3.6373e-18
4134.00   2.8571e-18
4136.00   3.2118e-18
4138.00   7.7503e-17
4140.00   1.5530e-18
4142.00   3.2892e-19
4144.00   2.7076e-17
4146.00   4.0502e-17
4148.00   2.9688e-18
4150.00   4.6947e-18
4152.00   5.1086e-18
4154.00   1.8284e-18
4156.00   3.0606e-19
4158.00   1.6435e-17
4160.00   2.3971e-17
4162.00   3.7971e-18
4164.00   7.9056e-19
4166.00   2.8894e-19
4168.00   7.2910e-18
4170.00   2.7082e-18
4172.00   3.3632e-18
4174.00   1.0250e-15
4176.00   3.6935e-18
4178.00   1.6845e-15
4180.00   4.5897e-17
4182.00   4.0520e-18
4184.00   1.9621e-17
4186.00   6.1086e-19
4188.00   2.5504e-18
4190.00   2.0005e-18
4192.00   1.4210e-21
4194.00   5.4867e-20
4196.00   2.7592e-19
4198.00   3.6499e-18
4200.00   6.5654e-19
4202.00   5.8984e-18
4204.00   6.5982e-20
4206.00   4.0443e-18
4208.00   4.7571e-19
4210.00   2.6761e-17
4212.00   1.8058e-17
4214.00   8.5101e-19
4216.00   3.0841e-20
4218.00   3.9399e-19
4220.00   5.0935e-19
4222.00   1.5887e-18
4224.00   1.3431e-17
4226.00   4.1651e-19
4228.00   1.0835e-18
4230.00   2.6031e-21
4232.00   8.3579e-17
4234.00   2.2859e-15
4236.00   4.5024e-19
4238.00   7.7325e-19
4240.00   1.7535e-19
4242.00   9.0983e-19
4244.00   4.9118e-15
4246.00   7.0221e-21
4248.00   5.2794e-17
4250.00   1.9064e-18
4252.00   5.6404e-18
4254.00   5.7376e-19
4256.00   2.0906e-17
4258.00   1.4424e-16
4260.00   9.7584e-20
4262.00   2.0754e-20
4264.00   5.3325e-19
4266.00   2.9823e-18
4268.00   6.3193e-18
4270.00   1.4707e-18
4272.00   2.2322e-20
4274.00   2.3199e-16
4276.00   2.0986e-15
4278.00   8.2631e-17
4280.00   1.3564e-19
4282.00   2.2927e-18
4284.00   1.0125e-19
4286.00   1.7564e-18
4288.00   3.7570e-15
4290.00   3.9565e-19
4292.00   3.5047e-17
4294.00   8.6762e-20
4296.00   4.4975e-16
4298.00   5.5045e-20
4300.00   2.5610e-17
4302.00   2.0233e-17
4304.00   9.4628e-16
4306.00   6.1516e-16
4308.00   3.7891e-20
4310.00   3.7457e-19
4312.00   2.3950e-17
4314.00   4.0932e-16
4316.00   3.8536e-19
4318.00   3.9320e-18
4320.00   1.2639e-15
4322.00   4.8154e-18
4324.00   8.0938e-20
4326.00   2.2613e-17
4328.00   1.5117e-18
4330.00   2.1705e-17
4332.00   8.8979e-16
4334.00   1.7716e-20
4336.00   2.9735e-18
4338.00   5.7905e-16
4340.00   2.5624e-17
4342.00   1.3864e-18
4344.00   1.0619e-17
4346.00   9.7495e-16
4348.00   6.7262e-18
4350.00   1.5946e-19
4352.00   2.4643e-15
4354.00   3.5318e-19
4356.00   6.0279e-18
4358.00   1.3040e-15
4360.00   2.7479e-15
4362.00   2.0482e-17
4364.00   1.5694e-17
4366.00   8.5803e-19
4368.00   8.4687e-20
4370.00   1.0019e-16
4372.00   2.3766e-15
4374.00   1.2492e-19
4376.00   9.9195e-19
4378.00   1.3289e-18
4380.00   1.2470e-18
4382.00   8.2765e-17
4384.00   7.5583e-16
4386.00   7.5850e-16
4388.00   4.1539e-19
4390.00   1.0918e-22
4392.00   9.3263e-19
4394.00   4.1659e-19
4396.00   5.5053e-20
4398.00   6.3090e-16
4400.00   6.6028e-19
4402.00   8.0138e-18
4404.00   5.1407e-20
4406.00   6.0925e-19
4408.00   6.9006e-19
4410.00   5.1666e-18
4412.00   5.9689e-20
4414.00   4.2137e-15
4416.00   1.4118e-15
4418.00   2.6221e-19
4420.00   1.5965e-18
4422.00   1.6208e-18
4424.00   4.6763e-19
4426.00   4.3316e-19
4428.00   1.1272e-18
4430.00   8.2040e-19
4432.00   6.8285e-17
4434.00   5.8151e-19
4436.00   1.2602e-18
4438.00   1.0547e-19
4440.00   3.0539e-16
4442.00   1.5775e-18
4444.00   5.4313e-18
4446.00   2.5619e-18
4448.00   1.1714e-18
4450.00   7.5053e-19
4452.00   1.2879e-15
4454.00   7.4072e-19
4456.00   1.5364e-17
4458.00   3.9803e-16
4460.00   1.6859e-19
4462.00   2.2298e-17
4464.00   5.1493e-19
4466.00   2.6721e-18
4468.00   5.1374e-19
4470.00   2.2263e-17
4472.00   6.8920e-16
4474.00   6.0845e-16
4476.00   8.5803e-20
4478.00   9.4403e-19
4480.00   1.5478e-17
4482.00   3.0544e-21
4484.00   1.4564e-19
4486.00   8.5447e-20
4488.00   1.7963e-16
4490.00   1.1969e-15
4492.00   6.4600e-16
4494.00   2.3317e-18
4496.00   7.4996e-20
4498.00   7.3608e-19
4500.00   2.2984e-19
4502.00   3.3291e-19
4504.00   1.0199e-18
4506.00   6.2296e-19
4508.00   1.0817e-15
4510.00   4.9067e-17
4512.00   7.7482e-20
4514.00   9.1920e-17
4516.00   6.0888e-16
4518.00   7.9661e-20
4520.00   1.6563e-15
4522.00   1.3325e-15
4524.00   1.4875e-18
4526.00   6.5418e-18
4528.00   5.5093e-17
4530.00   2.2054e-18
4532.00   4.7670e-20
4534.00   2.5515e-16
4536.00   2.8028e-19
4538.00   3.7996e-19
4540.00   1.4711e-20
4542.00   8.5280e-16
4544.00   2.2274e-19
4546.00   1.3282e-19
4548.00   2.4160e-19
4550.00   1.5785e-15
4552.00   1.3957e-19
4554.00   2.9618e-19
4556.00   1.1054e-15
4558.00   7.4196e-21
4560.00   7.8306e-20
4562.00   1.6182e-19
4564.00   7.1083e-19
4566.00   3.3491e-20
4568.00   4.7197e-19
4570.00   3.3142e-19
4572.00   1.7581e-19
4574.00   2.3757e-20
4576.00   1.2260e-15
4578.00   5.9992e-18
4580.00   3.2712e-17
4582.00   5.1586e-16
4584.00   2.1352e-15
4586.00   2.8728e-18
4588.00   5.2552e-19
4590.00   7.9173e-19
4592.00   9.1063e-19
4594.00   2.5730e-18
4596.00   2.3587e-16
4598.00   1.0892e-17
4600.00   8.9603e-22
4602.00   1.1402e-18
4604.00   2.3931e-17
4606.00   4.2077e-19
4608.00   8.1693e-20
4610.00   3.3110e-19
4612.00   2.0789e-18
4614.00   8.8911e-20
4616.00   3.5263e-20
4618.00   1.6602e-19
4620.00   1.4040e-15
4622.00   7.8653e-19
4624.00   4.6837e-19
4626.00   1.2319e-18
4628.00   9.0937e-18
4630.00   3.0237e-15
4632.00   5.4412e-16
4634.00   2.7628e-18
4636.00   3.1297e-19
4638.00   7.7959e-19
4640.00   2.3535e-16
4642.00   1.9498e-19
4644.00   1.8379e-18
4646.00   8.2182e-22
4648.00   2.8564e-16
4650.00   8.5251e-20
4652.00   4.2079e-19
4654.00   1.6474e-20
4656.00   1.0466e-17
4658.00   3.9500e-19
4660.00   3.0156e-20
4662.00   1.8546e-18
4664.00   8.3484e-17
4666.00   8.6301e-16
4668.00   3.9919e-18
4670.00   2.8091e-17
4672.00   2.2703e-19
4674.00   3.0258e-21
4676.00   9.4683e-20
4678.00   2.1969e-19
4680.00   9.9310e-21
4682.00   3.4306e-21
4684.00   3.7215e-19
4686.00   5.3806e-19
4688.00   1.1570e-16
4690.00   3.3994e-20
4692.00   6.2117e-20
4694.00   6.9399e-20
4696.00   5.5941e-19
4698.00   4.2279e-19
4700.00   3.0563e-19
4702.00   3.2461e-19
4704.00   9.9064e-18
4706.00   6.6140e-19
4708.00   1.9534e-19
4710.00   2.2451e-19
4712.00   6.6939e-22
4714.00   1.5547e-18
4716.00   7.1207e-17
4718.00   5.3814e-19
4720.00   1.7342e-17
4722.00   5.5819e-19
4724.00   2.5131e-19
4726.00   4.6947e-20
4728.00   5.2225e-16
4730.00   1.7754e-19
4732.00   5.4397e-17
4734.00   5.1863e-20
4736.00   2.3728e-20
4738.00   1.3447e-18
4740.00   8.7810e-20
4742.00   5.7389e-20
4744.00   1.2109e-17
4746.00   4.4024e-17
4748.00   2.7919e-20
4750.00   2.9167e-17
4752.00   5.3257e-20
4754.00   4.8102e-19
4756.00   2.6784e-19
4758.00   3.4216e-20
4760.00   2.6701e-18
4762.00   1.2066e-20
4764.00   5.2796e-20
4766.00   7.2847e-20
4768.00   1.8730e-19
4770.00   8.0276e-21
4772.00   2.5108e-17
4774.00   4.5402e-16
4776.00   3.8458e-19
4778.00   3.6617e-18
4780.00   8.4300e-20
4782.00   4.6297e-21
4784.00   1.6165e-20
4786.00   4.6897e-19
4788.00   5.9913e-22
4790.00   2.3066e-20
4792.00   5.8528e-20
4794.00   1.8616e-21
4796.00   2.7232e-19
4798.00   7.0457e-17
4800.00   1.4694e-18
4802.00   1.7936e-19
4804.00   4.5922e-19
4806.00   8.6363e-20
4808.00   3.2703e-19
4810.00   2.9008e-18
4812.00   7.3259e-20
4814.00   1.0483e-15
4816.00   3.5323e-19
4818.00   1.0597e-18
4820.00   3.9272e-20
4822.00   3.6346e-20
4824.00   9.2782e-19
4826.00   5.6965e-16
4828.00   3.7968e-20
4830.00   1.9954e-19
4832.00   2.0498e-17
4834.00   7.5562e-17
4836.00   2.6140e-19
4838.00   1.1287e-19
4840.00   3.4951e-17
4842.00   2.1444e-19
4844.00   2.7324e-18
4846.00   1.7064e-18
4848.00   2.1049e-17
4850.00   3.6032e-20
4852.00   4.8533e-17
4854.00   4.6003e-20
4856.00   1.1361e-17
4858.00   1.9261e-20
4860.00   7.5525e-20
4862.00   3.0486e-20
4864.00   2.4751e-20
4866.00   7.6730e-19
4868.00   1.6012e-16
4870.00   1.1728e-17
4872.00   2.1378e-17
4874.00   5.8781e-16
4876.00   2.5085e-18
4878.00   1.5129e-19
4880.00   5.6895e-19
4882.00   8.0593e-20
4884.00   1.2392e-19
4886.00   5.4576e-18
4888.00   6.8192e-20
4890.00   7.2963e-16
4892.00   1.2166e-18
4894.00   7.0454e-18
4896.00   1.6156e-18
4898.00   1.3063e-16
4900.00   7.6616e-20
4902.00   6.7467e-18
4904.00   1.8018e-16
4906.00   6.1718e-16
4908.00   2.1696e-21
4910.00   1.7783e-20
4912.00   5.4133e-19
4914.00   1.9953e-21
4916.00   1.7829e-20
4918.00   2.1423e-19
4920.00   6.4762e-20
4922.00   2.6399e-18
4924.00   1.8669e-15
4926.00   1.0079e-19
4928.00   1.7853e-18
4930.00   6.4165e-21
4932.00   2.3502e-18
4934.00   1.9869e-20
4936.00   8.1744e-19
4938.00   3.9780e-20
4940.00   6.2372e-20
4942.00   4.0230e-20
4944.00   4.1651e-19
4946.00   3.4466e-19
4948.00   1.1642e-15
4950.00   3.8971e-16
4952.00   1.1026e-17
4954.00   2.4355e-17
4956.00   7.6989e-20
4958.00   1.0181e-17
4960.00   4.2160e-20
4962.00   1.6741e-19
4964.00   1.3515e-20
4966.00   1.8570e-18
4968.00   2.8211e-19
4970.00   2.5661e-19
4972.00   3.7242e-19
4974.00   4.5769e-16
4976.00   2.0328e-17
4978.00   3.5343e-20
4980.00   1.3959e-19
4982.00   7.8889e-21
4984.00   3.2438e-21
4986.00   2.4255e-19
4988.00   3.4556e-18
4990.00   7.0264e-21
4992.00   7.1315e-18
4994.00   2.4653e-17
4996.00   7.8385e-20
4998.00   5.3844e-18
5000.00   1.1550e-17
5002.00   2.2815e-20
5004.00   1.7999e-19
5006.00   8.5382e-16
5008.00   4.7492e-21
5010.00   2.4757e-21
5012.00   1.5409e-21
5014.00   1.2637e-19
5016.00   2.6089e-18
5018.00   2.3691e-15
5020.00   4.0889e-16
5022.00   1.5626e-18
5024.00   3.7126e-20
5026.00   3.4796e-20
5028.00   8.9465e-18
5030.00   4.1599e-19
5032.00   6.5305e-22
5034.00   5.3249e-21
5036.00   1.3179e-18
5038.00   7.9383e-22
5040.00   1.8204e-16
5042.00   6.1976e-20
5044.00   2.8096e-16
5046.00   1.0426e-17
5048.00   3.2004e-17
5050.00   7.6718e-16
5052.00   2.2595e-19
5054.00   1.6664e-19
5056.00   4.1161e-19
5058.00   4.0653e-20
5060.00   5.2686e-17
5062.00   4.7936e-20
5064.00   1.6207e-20
5066.00   1.3606e-17
5068.00   2.0332e-22
5070.00   9.7467e-20
5072.00   1.8831e-15
5074.00   4.9256e-18
5076.00   1.9915e-16
5078.00   2.4645e-20
5080.00   9.7404e-20
5082.00   1.1637e-21
5084.00   2.4881e-18
5086.00   8.8311e-18
5088.00   3.1245e-20
5090.00   2.3793e-19
5092.00   1.6245e-21
5094.00   2.8347e-18
5096.00   2.1820e-19
5098.00   5.0832e-21
5100.00   5.2671e-17
5102.00   5.6001e-19
5104.00   5.2072e-21
5106.00   9.5428e-20
5108.00   2.9517e-16
5110.00   2.6177e-20
5112.00   1.2458e-15
5114.00   1.3773e-22
5116.00   1.7071e-20
5118.00   1.2665e-21
5120.00   2.0546e-17
5122.00   8.5056e-20
5124.00   1.6110e-18
5126.00   1.0260e-18
5128.00   1.0072e-17
5130.00   3.9482e-19
5132.00   5.8176e-17
5134.00   7.9298e-20
5136.00   2.5489e-17
5138.00   6.6971e-21
5140.00   1.3547e-20
5142.00   4.6058e-20
5144.00   5.7145e-20
5146.00   2.4140e-17
5148.00   6.3261e-20
5150.00   1.6500e-17
5152.00   2.7951e-21
5154.00   4.2841e-17
5156.00   3.5838e-21
5158.00   7.7350e-15
5160.00   1.2374e-17
5162.00   1.8896e-17
5164.00   7.2408e-17
5166.00   6.5598e-20
5168.00   4.2531e-19
5170.00   2.8616e-15
5172.00   2.7652e-16
5174.00   4.5633e-24
5176.00   1.4078e-20
5178.00   3.1648e-18
5180.00   1.0947e-18
5182.00   4.1657e-16
5184.00   6.0580e-16
5186.00   8.8057e-18
5188.00   8.6040e-20
5190.00   2.5287e-21
5192.00   2.1642e-18
5194.00   1.2315e-19
5196.00   6.1403e-22
5198.00   2.0833e-15
5200.00   1.4837e-17
5202.00   2.6908e-22
5204.00   2.3860e-20
5206.00   6.9469e-19
5208.00   3.4798e-21
5210.00   4.0435e-19
5212.00   5.3541e-20
5214.00   4.9543e-20
5216.00   2.7544e-19
5218.00   3.6368e-18
5220.00   1.8338e-16
5222.00   2.1381e-20
5224.00   1.1061e-19
5226.00   1.3520e-19
5228.00   2.5535e-18
5230.00   2.0321e-23
5232.00   5.4068e-19
5234.00   2.4330e-15
5236.00   1.7537e-18
5238.00   9.3117e-18
5240.00   2.8826e-19
5242.00   5.6051e-20
5244.00   7.9589e-19
5246.00   6.0318e-20
5248.00   5.5745e-20
5250.00   5.7288e-19
5252.00   1.4193e-18
5254.00   4.8917e-16
5256.00   1.3657e-16
5258.00   1.7563e-18
5260.00   4.6793e-19
5262.00   4.0264e-15
5264.00   8.9707e-17
5266.00   8.7345e-23
5268.00   5.5635e-16
5270.00   2.7592e-19
5272.00   4.8963e-17
5274.00   2.0528e-15
5276.00   3.3812e-15
5278.00   1.0661e-17
5280.00   3.1918e-18
5282.00   1.8759e-19
5284.00   2.1805e-15
5286.00   2.4636e-19
5288.00   1.0451e-19
5290.00   7.1698e-20
5292.00   1.0137e-18
5294.00   4.0673e-19
5296.00   2.3743e-16
5298.00   1.1017e-18
5300.00   7.0393e-20
5302.00   2.0598e-20
5304.00   2.5217e-18
5306.00   2.2638e-20
5308.00   8.2177e-20
5310.00   2.6262e-19
5312.00   1.4644e-20
5314.00   2.9915e-18
5316.00   5.6240e-15
5318.00   2.7574e-20
5320.00   7.2030e-19
5322.00   2.6242e-19
5324.00   3.5265e-18
5326.00   7.1733e-16
5328.00   3.8332e-20
5330.00   1.8367e-19
5332.00   3.2871e-19
5334.00   1.7343e-15
5336.00   2.3939e-19
5338.00   2.2114e-17
5340.00   5.2327e-19
5342.00   1.3809e-19
5344.00   2.3665e-19
5346.00   1.9248e-17
5348.00   1.7135e-16
5350.00   8.4777e-20
5352.00   3.3162e-19
5354.00   3.2281e-19
5356.00   4.2014e-20
5358.00   3.7164e-18
5360.00   6.6604e-19
5362.00   3.6549e-16
5364.00   2.0879e-18
5366.00   3.9656e-19
5368.00   1.3802e-19
5370.00   2.1398e-19
5372.00   1.2785e-20
5374.00   2.3046e-22
5376.00   1.7928e-15
5378.00   1.0706e-19
5380.00   2.7175e-19
5382.00   8.8093e-19
5384.00   8.0339e-18
5386.00   8.9087e-20
5388.00   3.3524e-18
5390.00   2.5437e-20
5392.00   1.6428e-20
5394.00   2.2114e-18
5396.00   6.2318e-19
5398.00   2.1443e-20
5400.00   2.1747e-20
5402.00   1.3890e-19
5404.00   1.2093e-19
5406.00   9.6588e-20
5408.00   1.5723e-18
5410.00   1.6705e-18
5412.00   2.0368e-16
5414.00   3.2912e-17
5416.00   1.6778e-19
5418.00   4.9638e-20
5420.00   7.0098e-19
5422.00   3.9905e-19
5424.00   3.4976e-19
5426.00   8.4849e-16
5428.00   2.6467e-17
5430.00   3.3383e-21
5432.00   8.5244e-18
5434.00   6.1324e-16
5436.00   6.0640e-19
5438.00   3.2557e-18
5440.00   3.4603e-18
5442.00   7.2591e-20
5444.00   3.9306e-19
5446.00   4.1055e-18
5448.00   4.9912e-21
5450.00   7.5599e-18
5452.00   5.6803e-19
5454.00   9.9575e-20
5456.00   2.7416e-20
5458.00   6.0242e-20
5460.00   5.1165e-20
5462.00   1.2769e-24
5464.00   7.1061e-22
5466.00   3.0044e-18
5468.00   5.7597e-19
5470.00   5.3901e-19
5472.00   3.4405e-20
5474.00   1.0335e-20
5476.00   2.3983e-21
5478.00   5.5166e-17
5480.00   1.3691e-20
5482.00   7.5343e-20
5484.00   3.1150e-19
5486.00   5.1852e-18
5488.00   9.4345e-19
5490.00   4.5454e-20
5492.00   2.7593e-21
5494.00   4.3336e-23
5496.00   1.0550e-16
5498.00   7.2373e-18
5500.00   2.9599e-18
5502.00   2.2908e-18
5504.00   3.5391e-19
5506.00   1.6684e-18
5508.00   3.1719e-19
5510.00   1.4622e-18
5512.00   2.2735e-19
5514.00   3.2634e-19
5516.00   6.0398e-21
5518.00   6.9791e-19
5520.00   1.2941e-18
5522.00   1.1326e-19
5524.00   7.8053e-20
5526.00   2.4950e-18
5528.00   4.1483e-16
5530.00   2.0663e-17
5532.00   2.5654e-18
5534.00   6.8222e-17
5536.00   3.0396e-20
5538.00   2.8108e-18
5540.00   3.3457e-19
5542.00   6.5180e-19
5544.00   5.8689e-18
5546.00   8.0177e-18
5548.00   5.2295e-20
5550.00   2.9335e-20
5552.00   6.5711e-17
5554.00   3.1644e-19
5556.00   1.2896e-16
5558.00   7.4430e-21
5560.00   1.9202e-19
5562.00   3.3118e-20
5564.00   1.3804e-20
5566.00   1.7091e-18
5568.00   1.4037e-17
5570.00   1.7813e-19
5572.00   4.8990e-19
5574.00   5.5653e-19
5576.00   1.3630e-22
5578.00   1.0067e-19
5580.00   4.9977e-17
5582.00   1.5496e-18
5584.00   2.0003e-21
5586.00   2.9260e-18
5588.00   3.4808e-17
5590.00   5.0341e-21
5592.00   1.7438e-18
5594.00   2.2586e-22
5596.00   7.3221e-19
5598.00   7.5682e-21
5600.00   1.6056e-19
5602.00   9.0670e-20
5604.00   2.2161e-21
5606.00   8.1842e-21
5608.00   1.7128e-18
5610.00   8.1366e-20
5612.00   1.3364e-18
5614.00   3.9724e-17
5616.00   3.4032e-19
5618.00   7.9336e-19
5620.00   1.8252e-19
5622.00   4.6902e-20
5624.00   9.3216e-18
5626.00   4.0492e-18
5628.00   4.8391e-17
5630.00   2.3916e-18
5632.00   2.8904e-19
5634.00   5.3509e-20
5636.00   9.0994e-20
5638.00   8.9904e-19
5640.00   5.4048e-20
5642.00   6.0302e-22
5644.00   2.0551e-17
5646.00   1.9472e-21
5648.00   3.8645e-18
5650.00   4.4868e-17
5652.00   1.4474e-18
5654.00   4.3665e-17
5656.00   1.6748e-17
5658.00   4.1342e-17
5660.00   5.1121e-19
5662.00   7.9099e-19
5664.00   1.5090e-18
5666.00   4.5970e-18
5668.00   1.3545e-19
5670.00   2.0834e-17
5672.00   1.3173e-21
5674.00   5.7984e-17
5676.00   7.3113e-19
5678.00   9.4665e-20
5680.00   6.1562e-19
5682.00   9.9293e-20
5684.00   6.0544e-19
5686.00   1.5114e-22
5688.00   1.6613e-21
5690.00   7.5944e-17
5692.00   9.4723e-18
5694.00   2.6116e-22
5696.00   9.7020e-20
5698.00   8.9663e-24
5700.00   1.7624e-18
5702.00   2.2080e-20
5704.00   4.1266e-19
5706.00   8.4612e-20
5708.00   1.8053e-18
5710.00   4.1865e-20
5712.00   8.6388e-18
5714.00   1.3894e-20
5716.00   5.2709e-18
5718.00   2.7187e-17
5720.00   1.0531e-21
5722.00   5.8119e-18
5724.00   1.3180e-19
5726.00   1.9626e-17
5728.00   1.0555e-19
5730.00   7.8696e-19
5732.00   1.0621e-17
5734.00   3.1819e-18
5736.00   9.4627e-23
5738.00   2.7467e-18
5740.00   3.2773e-21
5742.00   1.5482e-18
5744.00   1.3940e-18
5746.00   8.6956e-17
5748.00   7.3093e-19
5750.00   5.4656e-18
5752.00   4.4292e-20
5754.00   3.9693e-18
5756.00   4.7568e-18
5758.00   2.5992e-19
5760.00   4.2871e-19
5762.00   1.3209e-18
5764.00   1.9116e-21
5766.00   1.3879e-18
5768.00   1.2290e-18
5770.00   1.5483e-20
5772.00   5.3990e-21
5774.00   4.5605e-20
5776.00   5.8585e-19
5778.00   4.3090e-19
5780.00   7.6712e-18
5782.00   2.4317e-17
5784.00   5.2126e-19
5786.00   7.8005e-21
5788.00   4.5669e-20
5790.00   1.3769e-19
5792.00   4.8524e-20
5794.00   9.9740e-20
5796.00   1.8362e-18
5798.00   1.3261e-17
5800.00   1.7394e-20
5802.00   1.9337e-18
5804.00   1.9327e-19
5806.00   3.2840e-20
5808.00   1.3209e-18
5810.00   4.9528e-19
5812.00   1.4311e-18
5814.00   2.0447e-17
5816.00   1.8922e-21
5818.00   1.5056e-20
5820.00   2.9289e-24
5822.00   1.2421e-19
5824.00   2.7848e-18
5826.00   1.5958e-18
5828.00   1.6203e-21
5830.00   1.0501e-17
5832.00   4.4922e-19
5834.00   5.6643e-19
5836.00   7.4929e-17
5838.00   8.7515e-22
5840.00   1.2412e-20
5842.00   6.1090e-18
5844.00   2.8223e-18
5846.00   3.3824e-22
5848.00   7.8035e-18
5850.00   9.7771e-20
5852.00   7.2401e-20
5854.00   9.0753e-18
5856.00   8.1966e-20
5858.00   9.7237e-19
5860.00   2.1922e-18
5862.00   5.4632e-19
5864.00   6.5432e-18
5866.00   8.4158e-21
5868.00   1.7289e-19
5870.00   7.7466e-17
5872.00   9.1887e-22
5874.00   3.7621e-20
5876.00   1.4829e-20
5878.00   1.4185e-20
5880.00   1.1879e-17
5882.00   1.3954e-20
5884.00   2.0614e-20
5886.00   1.0077e-19
5888.00   2.2975e-20
5890.00   3.1948e-22
5892.00   1.6665e-18
5894.00   2.4785e-20
5896.00   3.8239e-19
5898.00   2.3169e-18
5900.00   4.8748e-21
5902.00   2.0852e-17
5904.00   5.3940e-20
5906.00   3.8162e-20
5908.00   6.8279e-19
5910.00   1.3982e-18
5912.00   5.7188e-20
5914.00   8.8853e-17
5916.00   2.1605e-21
5918.00   3.8388e-21
5920.00   9.4825e-20
5922.00   1.5295e-17
5924.00   8.6923e-18
5926.00   7.8930e-19
5928.00   5.0497e-22
5930.00   7.1650e-19
5932.00   6.0619e-18
5934.00   1.9118e-21
5936.00   5.8798e-23
5938.00   4.7996e-20
5940.00   4.4338e-20
5942.00   1.9738e-20
5944.00   2.9401e-19
5946.00   4.8595e-19
5948.00   1.4055e-19
5950.00   2.6457e-20
5952.00   1.4742e-17
5954.00   7.1504e-22
5956.00   1.6484e-17
5958.00   2.0323e-21
5960.00   1.7714e-21
5962.00   7.9609e-18
5964.00   1.4206e-20
5966.00   3.6189e-23
5968.00   4.6066e-18
5970.00   3.5823e-19
5972.00   2.9201e-19
5974.00   4.4366e-20
5976.00   1.7598e-20
5978.00   3.2660e-21
5980.00   3.0726e-21
5982.00   1.7811e-17
5984.00   4.7767e-19
5986.00   1.7911e-18
5988.00   2.8913e-20
5990.00   8.6483e-20
5992.00   2.6518e-16
5994.00   1.1968e-18
5996.00   8.4611e-20
5998.00   8.1861e-20
6000.00   9.2770e-21
6002.00   8.1015e-20
6004.00   4.5266e-17
6006.00   7.2510e-19
6008.00   6.7816e-21
6010.00   1.4693e-21
6012.00   2.7567e-21
6014.00   1.0580e-19
6016.00   1.0380e-17
6018.00   1.3601e-17
6020.00   9.4315e-22
6022.00   6.9573e-18
6024.00   5.0372e-20
6026.00   2.0461e-22
6028.00   6.6579e-20
6030.00   6.1885e-21
6032.00   1.2959e-18
6034.00   7.1188e-19
6036.00   2.0809e-19
6038.00   1.0646e-20
6040.00   4.2582e-18
6042.00   2.2033e-20
6044.00   1.3183e-16
6046.00   5.9789e-18
6048.00   4.9204e-19
6050.00   1.6244e-17
6052.00   9.4084e-20
6054.00   1.0111e-20
6056.00   2.0534e-23
6058.00   6.5165e-20
6060.00   7.1410e-17
6062.00   6.7588e-21
6064.00   3.0374e-19
6066.00   1.1326e-24
6068.00   8.0747e-19
6070.00   1.0499e-18
6072.00   1.0151e-19
6074.00   4.7620e-20
6076.00   3.3913e-19
6078.00   4.7341e-17
6080.00   3.8468e-19
6082.00   9.8343e-23
6084.00   3.0964e-17
6086.00   2.0579e-20
6088.00   1.0944e-17
6090.00   4.6399e-23
6092.00   3.2395e-20
6094.00   4.0829e-19
6096.00   6.1111e-20
6098.00   8.5415e-20
6100.00   9.3892e-20
6102.00   5.6500e-24
6104.00   9.6707e-18
6106.00   1.6607e-19
6108.00   1.2999e-19
6110.00   2.2848e-25
6112.00   3.4111e-21
6114.00   4.2273e-17
6116.00   1.2420e-17
6118.00   3.4349e-19
6120.00   1.4800e-18
6122.00   4.9037e-19
6124.00   2.7155e-23
6126.00   1.4568e-20
6128.00   7.8648e-26
6130.00   2.9919e-17
6132.00   4.9601e-21
6134.00   5.3333e-19
6136.00   1.6397e-20
6138.00   1.8268e-21
6140.00   2.3677e-22
6142.00   5.6988e-18
6144.00   1.6552e-21
6146.00   7.7865e-20
6148.00   3.0786e-16
6150.00   3.0113e-16
6152.00   1.1277e-19
6154.00   1.7435e-18
6156.00   2.3112e-18
6158.00   1.1047e-18
6160.00   4.9289e-19
6162.00   4.0137e-22
6164.00   8.9576e-19
6166.00   2.8713e-19
6168.00   9.7498e-20
6170.00   9.9730e-21
6172.00   3.0032e-17
6174.00   1.1071e-20
6176.00   1.3779e-17
6178.00   1.8742e-19
6180.00   1.1618e-17
6182.00   3.9925e-22
6184.00   7.1272e-18
6186.00   4.1184e-17
6188.00   4.6606e-17
6190.00   8.7906e-20
6192.00   2.0291e-20
6194.00   3.5255e-22
6196.00   1.8422e-18
6198.00   4.0079e-19
6200.00   1.3238e-17
6202.00   2.2672e-19
6204.00   2.6170e-19
6206.00   4.3864e-22
6208.00   2.7832e-21
6210.00   5.7132e-21
6212.00   2.3639e-25
6214.00   3.1136e-19
6216.00   2.8286e-21
6218.00   5.4801e-19
6220.00   2.9992e-18
6222.00   7.5867e-19
6224.00   4.2169e-22
6226.00   1.0577e-25
6228.00   1.2255e-19
6230.00   1.2002e-17
6232.00   1.2484e-18
6234.00   2.6240e-17
6236.00   4.3495e-20
6238.00   3.9561e-16
6240.00   8.1728e-17
6242.00   4.8890e-21
6244.00   3.7190e-19
6246.00   8.1578e-21
6248.00   7.6361e-16
6250.00   1.2580e-24
6252.00   3.4510e-21
6254.00   5.1297e-20
6256.00   1.3426e-18
6258.00   4.0375e-20
6260.00   2.2214e-19
6262.00   7.1516e-18
6264.00   9.8128e-18
6266.00   1.7558e-20
6268.00   8.2967e-21
6270.00   9.0487e-19
6272.00   6.2038e-20
6274.00   9.3013e-19
6276.00   8.6372e-18
6278.00   5.5300e-22
6280.00   7.3500e-18
6282.00   1.3663e-20
6284.00   1.3407e-22
6286.00   3.8839e-23
6288.00   1.4566e-20
6290.00   2.6120e-18
6292.00   3.2490e-20
6294.00   8.1174e-20
6296.00   1.2480e-21
6298.00   5.4436e-20
6300.00   4.8321e-20
6302.00   5.0485e-19
6304.00   2.3829e-19
6306.00   1.4768e-17
6308.00   9.4439e-18
6310.00   1.9671e-18
6312.00   3.8834e-23
6314.00   4.3053e-21
6316.00   4.3208e-19
6318.00   2.3925e-16
6320.00   7.4155e-18
6322.00   1.1815e-18
6324.00   2.7182e-23
6326.00   8.4137e-19
6328.00   3.2106e-19
6330.00   3.7810e-19
6332.00   5.9755e-18
6334.00   8.1247e-24
6336.00   4.9237e-21
6338.00   1.1699e-17
6340.00   3.2056e-19
6342.00   4.3367e-20
6344.00   4.7415e-21
6346.00   6.5543e-18
6348.00   2.2574e-17
6350.00   9.9078e-19
6352.00   4.5288e-25
6354.00   2.1311e-17
6356.00   5.7971e-20
6358.00   1.7856e-20
6360.00   1.0763e-18
6362.00   4.2935e-19
6364.00   3.4061e-20
6366.00   1.9191e-20
6368.00   2.1110e-25
6370.00   7.7985e-17
6372.00   3.5592e-17
6374.00   8.5888e-21
6376.00   1.2733e-22
6378.00   9.3037e-20
6380.00   9.2183e-19
6382.00   2.8708e-20
6384.00   1.2330e-16
6386.00   3.2740e-17
6388.00   1.5192e-18
6390.00   5.3387e-21
6392.00   5.2224e-20
6394.00   1.1761e-19
6396.00   4.1733e-18
6398.00   9.5264e-19
6400.00   1.4352e-19
6402.00   4.3553e-18
6404.00   3.9882e-18
6406.00   1.9285e-20
6408.00   5.4209e-17
6410.00   8.0393e-19
6412.00   7.6618e-21
6414.00   1.4423e-24
6416.00   4.6208e-16
6418.00   1.1224e-19
6420.00   1.8947e-20
6422.00   1.4433e-20
6424.00   5.3968e-20
6426.00   2.3255e-22
6428.00   9.1000e-19
6430.00   8.0887e-22
6432.00   2.9763e-16
6434.00   1.0595e-18
6436.00   7.4371e-20
6438.00   3.0793e-22
6440.00   6.4648e-17
6442.00   1.2543e-17
6444.00   7.2468e-20
6446.00   1.0039e-17
6448.00   8.1917e-24
6450.00   6.2913e-21
6452.00   3.1648e-20
6454.00   4.0463e-19
6456.00   1.7029e-15
6458.00   3.3195e-22
6460.00   2.7110e-22
6462.00   4.3794e-21
6464.00   6.0970e-24
6466.00   1.6296e-17
6468.00   2.0289e-19
6470.00   7.2511e-23
6472.00   1.0457e-19
6474.00   3.5315e-17
6476.00   3.4897e-24
6478.00   8.9431e-26
6480.00   2.1717e-19
6482.00   1.9417e-17
6484.00   1.8584e-19
6486.00   1.7262e-17
6488.00   6.2203e-19
6490.00   2.0885e-22
6492.00   4.2620e-17
6494.00   6.5367e-17
6496.00   2.9779e-21
6498.00   4.4310e-22
6500.00   1.3018e-21
6502.00   1.1236e-22
6504.00   7.9409e-21
6506.00   6.1800e-18
6508.00   2.9992e-17
6510.00   3.6012e-19
6512.00   1.6407e-18
6514.00   6.1544e-20
6516.00   6.3393e-16
6518.00   2.7140e-17
6520.00   2.9432e-20
6522.00   3.1270e-21
6524.00   2.2086e-20
6526.00   2.8216e-23
6528.00   5.2036e-18
6530.00   1.0076e-18
6532.00   2.3206e-17
6534.00   4.3790e-19
6536.00   1.4414e-21
6538.00   1.4542e-19
6540.00   2.8450e-20
6542.00   3.0706e-21
6544.00   1.2859e-18
6546.00   2.6482e-26
6548.00   6.5310e-20
6550.00   1.6853e-19
6552.00   9.6159e-21
6554.00   1.1269e-20
6556.00   5.2161e-20
6558.00   3.9245e-17
6560.00   1.9068e-18
6562.00   2.8979e-17
6564.00   3.1098e-22
6566.00   2.7636e-19
6568.00   3.9088e-23
6570.00   5.3633e-19
6572.00   2.1381e-17
6574.00   1.0592e-17
6576.00   9.4621e-25
6578.00   3.9872e-20
6580.00   7.0435e-20
6582.00   5.1122e-18
6584.00   7.2870e-19
6586.00   3.5947e-17
6588.00   2.5207e-18
6590.00   7.1994e-24
6592.00   3.4450e-20
6594.00   6.9813e-19
6596.00   2.2810e-18
6598.00   3.7235e-18
6600.00   1.1775e-19
6602.00   1.8785e-19
6604.00   3.9822e-20
6606.00   7.7484e-20
6608.00   6.8543e-21
6610.00   7.1703e-18
6612.00   8.8224e-18
6614.00   3.0597e-18
6616.00   8.4619e-21
6618.00   1.2381e-17
6620.00   2.8533e-24
6622.00   2.6295e-21
6624.00   3.0228e-17
6626.00   5.4422e-20
6628.00   8.7841e-19
6630.00   8.3771e-26
6632.00   2.1969e-19
6634.00   3.4356e-21
6636.00   9.0054e-25
6638.00   1.5345e-20
6640.00   5.5571e-20
6642.00   7.2790e-20
6644.00   6.0601e-21
6646.00   5.2516e-26
6648.00   1.2760e-23
6650.00   2.7834e-18
6652.00   5.2135e-17
6654.00   3.0884e-20
6656.00   3.6256e-19
6658.00   6.6969e-18
6660.00   9.6056e-20
6662.00   9.4978e-20
6664.00   4.3972e-22
6666.00   1.1248e-17
6668.00   1.1604e-19
6670.00   1.2344e-19
6672.00   2.1833e-18
6674.00   4.8163e-20
6676.00   8.2620e-22
6678.00   1.8099e-18
6680.00   1.6620e-19
6682.00   1.0160e-17
6684.00   6.8579e-22
6686.00   8.2990e-20
6688.00   8.4480e-20
6690.00   7.8769e-18
6692.00   8.1267e-20
6694.00   2.4625e-18
6696.00   3.2070e-24
6698.00   3.3086e-19
6700.00   1.0485e-17
6702.00   1.7470e-20
6704.00   1.3355e-18
6706.00   4.2953e-19
6708.00   1.2837e-23
6710.00   8.9861e-20
6712.00   5.5396e-22
6714.00   4.5873e-20
6716.00   1.5006e-22
6718.00   3.5453e-22
6720.00   2.8149e-20
6722.00   5.9402e-23
6724.00   1.8898e-19
6726.00   2.1168e-22
6728.00   6.3059e-26
6730.00   1.4345e-17
6732.00   3.0369e-19
6734.00   1.0712e-22
6736.00   5.4119e-21
6738.00   3.3208e-25
6740.00   3.4238e-25
6742.00   7.4409e-21
6744.00   8.6515e-20
6746.00   1.8668e-18
6748.00   2.2483e-21
6750.00   6.6822e-19
6752.00   1.7691e-23
6754.00   8.7400e-20
6756.00   5.8525e-22
6758.00   4.5670e-20
6760.00   1.3716e-19
6762.00   6.2406e-21
6764.00   1.8884e-19
6766.00   8.6140e-20
6768.00   1.2348e-17
6770.00   2.4569e-20
6772.00   1.1816e-20
6774.00   2.7520e-22
6776.00   8.3564e-18
6778.00   6.0403e-22
6780.00   9.3962e-21
6782.00   1.2380e-21
6784.00   5.3167e-23
6786.00   1.0788e-20
6788.00   3.9756e-19
6790.00   3.0657e-21
6792.00   1.8979e-19
6794.00   6.9645e-20
6796.00   4.0110e-19
6798.00   5.3297e-21
6800.00   1.0993e-18
6802.00   3.6579e-20
6804.00   8.7892e-20
6806.00   1.5489e-22
6808.00   6.1329e-27
6810.00   1.2132e-17
6812.00   9.9007e-21
6814.00   5.7786e-20
6816.00   1.0092e-18
6818.00   8.4215e-22
6820.00   4.4800e-18
6822.00   5.7221e-18
6824.00   1.2713e-20
6826.00   2.5544e-19
6828.00   6.1296e-20
6830.00   1.7093e-18
6832.00   2.6643e-18
6834.00   5.2420e-21
6836.00   9.4820e-25
6838.00   4.4967e-19
6840.00   2.5050e-20
6842.00   1.0460e-23
6844.00   1.2651e-19
6846.00   2.8966e-21
6848.00   1.8472e-20
6850.00   2.8409e-21
6852.00   9.2697e-22
6854.00   1.4220e-24
6856.00   1.0748e-17
6858.00   4.3035e-20
6860.00   1.8526e-20
6862.00   2.6463e-17
6864.00   1.9595e-19
6866.00   3.5838e-18
6868.00   3.1144e-21
6870.00   2.5481e-18
6872.00   1.0303e-17
6874.00   6.4990e-17
6876.00   1.5233e-20
6878.00   1.1452e-18
6880.00   4.3242e-25
6882.00   8.8476e-20
6884.00   5.4012e-22
6886.00   2.0765e-20
6888.00   2.5318e-21
6890.00   4.9131e-19
6892.00   1.1497e-19
6894.00   1.2442e-22
6896.00   2.4691e-17
6898.00   8.3318e-27
6900.00   7.6942e-26
6902.00   7.6472e-21
6904.00   2.2913e-25
6906.00   6.4916e-19
6908.00   3.5088e-18
6910.00   1.4305e-21
6912.00   3.4777e-18
6914.00   1.6219e-18
6916.00   4.0697e-21
6918.00   2.8520e-20
6920.00   4.7490e-26
6922.00   9.4677e-20
6924.00   1.1318e-17
6926.00   9.8313e-19
6928.00   7.7589e-21
6930.00   4.1151e-19
6932.00   2.8193e-19
6934.00   1.3224e-18
6936.00   3.7233e-21
6938.00   7.9935e-22
6940.00   3.4248e-19
6942.00   1.2448e-17
6944.00   2.5903e-17
6946.00   7.6321e-19
6948.00   4.3169e-19
6950.00   5.4579e-19
6952.00   2.8380e-22
6954.00   7.2705e-24
6956.00   7.0245e-24
6958.00   2.2363e-19
6960.00   1.1007e-19
6962.00   6.5790e-20
6964.00   2.2893e-19
6966.00   7.3041e-18
6968.00   6.8219e-22
6970.00   1.0134e-20
6972.00   1.8812e-21
6974.00   1.4374e-20
6976.00   8.6292e-22
6978.00   2.8412e-18
6980.00   8.2278e-22
6982.00   2.3828e-21
6984.00   9.9649e-21
6986.00   2.7583e-20
6988.00   4.4612e-21
6990.00   1.0262e-20
6992.00   5.6775e-20
6994.00   3.8838e-18
6996.00   2.1690e-18
6998.00   2.5000e-22
7000.00   6.3821e-19
7002.00   8.0320e-21
7004.00   1.9642e-21
7006.00   2.7768e-22
7008.00   1.3820e-20
7010.00   5.5607e-19
7012.00   2.6680e-18
7014.00   1.6194e-20
7016.00   5.0450e-19
7018.00   2.5879e-18
7020.00   2.7714e-22
7022.00   8.9726e-20
7024.00   1.5011e-21
7026.00   4.6663e-22
7028.00   1.1239e-23
7030.00   7.3458e-19
7032.00   1.1330e-19
7034.00   3.6950e-20
7036.00   4.1023e-21
7038.00   4.9859e-20
7040.00   2.6996e-20
7042.00   1.6932e-20
7044.00   6.5889e-23
7046.00   2.2753e-20
7048.00   8.2750e-18
7050.00   2.4727e-26
7052.00   1.0363e-22
7054.00   3.6859e-18
7056.00   2.5189e-24
7058.00   6.8620e-20
7060.00   6.8004e-19
7062.00   1.3675e-24
7064.00   6.9462e-19
7066.00   1.0398e-20
7068.00   1.2275e-18
7070.00   1.1025e-21
7072.00   1.6046e-24
7074.00   5.0463e-21
7076.00   6.4611e-19
7078.00   9.0211e-21
7080.00   4.2989e-21
7082.00   1.6487e-20
7084.00   2.7955e-20
7086.00   1.9007e-24
7088.00   5.1597e-19
7090.00   1.2097e-19
7092.00   9.8309e-20
7094.00   1.4544e-19
7096.00   6.8425e-23
7098.00   3.3192e-19
7100.00   4.0860e-22
7102.00   2.3346e-22
7104.00   5.0435e-19
7106.00   1.6559e-20
7108.00   1.1548e-21
7110.00   4.6053e-17
7112.00   3.3891e-19
7114.00   1.3836e-18
7116.00   7.4446e-20
7118.00   6.4202e-19
7120.00   2.8522e-23
7122.00   1.8032e-24
7124.00   3.0164e-19
7126.00   6.3500e-23
7128.00   3.4327e-19
7130.00   3.5184e-19
7132.00   7.6761e-18
7134.00   2.0199e-20
7136.00   4.9028e-18
7138.00   1.0257e-20
7140.00   5.1028e-19
7142.00   4.6692e-23
7144.00   3.1766e-24
7146.00   1.1663e-19
7148.00   8.2187e-20
7150.00   2.4117e-19
7152.00   5.6134e-20
7154.00   1.8749e-23
7156.00   9.9875e-16
7158.00   4.3682e-20
7160.00   1.1154e-23
7162.00   1.0037e-18
7164.00   1.3220e-18
7166.00   1.7232e-20
7168.00   8.0290e-19
7170.00   3.7716e-19
7172.00   2.6205e-16
7174.00   7.6563e-20
7176.00   4.7695e-25
7178.00   5.1682e-20
7180.00   1.5632e-17
7182.00   2.4677e-18
7184.00   1.8866e-17
7186.00   8.3409e-19
7188.00   6.7658e-25
7190.00   1.7398e-21
7192.00   8.7852e-18
7194.00   4.3762e-18
7196.00   6.8278e-22
7198.00   4.9245e-21
7200.00   6.2143e-20
7202.00   7.9356e-19
7204.00   2.1248e-18
7206.00   7.0368e-19
7208.00   1.0421e-23
7210.00   1.2486e-22
7212.00   1.0211e-18
7214.00   1.1138e-18
7216.00   7.9138e-19
7218.00   3.8909e-20
7220.00   1.8419e-27
7222.00   5.4530e-17
7224.00   6.0808e-17
7226.00   2.6069e-18
7228.00   3.4693e-21
7230.00   1.9494e-20
7232.00   6.7458e-22
7234.00   7.0202e-21
7236.00   1.9122e-22
7238.00   8.1503e-20
7240.00   3.8512e-20
7242.00   3.1780e-21
7244.00   9.1370e-20
7246.00   9.8935e-20
7248.00   4.4678e-19
7250.00   6.1054e-19
7252.00   2.3370e-24
7254.00   6.6900e-18
7256.00   1.0385e-26
7258.00   8.0289e-24
7260.00   2.4101e-21
7262.00   1.1936e-19
7264.00   5.1041e-18
7266.00   1.6720e-18
7268.00   2.8311e-18
7270.00   2.7637e-21
7272.00   9.7625e-27
7274.00   7.6520e-19
7276.00   3.2820e-19
7278.00   5.5437e-18
7280.00   5.3574e-18
7282.00   2.9731e-18
7284.00   1.0976e-22
7286.00   1.4147e-19
7288.00   6.0215e-18
7290.00   6.7313e-18
7292.00   3.2720e-23
7294.00   3.2800e-20
7296.00   4.1219e-21
7298.00   4.1841e-21
7300.00   3.5954e-20
7302.00   4.9730e-17
7304.00   2.1121e-19
7306.00   8.6180e-19
7308.00   9.1880e-17
7310.00   5.7557e-17
7312.00   1.7905e-21
7314.00   2.5624e-21
7316.00   2.7121e-20
7318.00   1.0833e-18
7320.00   6.8172e-17
7322.00   8.5372e-19
7324.00   9.9376e-21
7326.00   8.2868e-23
7328.00   7.1479e-19
7330.00   6.0814e-19
7332.00   1.5526e-19
7334.00   1.0771e-18
7336.00   5.2159e-17
7338.00   7.7353e-24
7340.00   2.2730e-28
7342.00   4.6104e-21
7344.00   4.9735e-23
7346.00   4.5295e-22
7348.00   3.5995e-26
7350.00   3.1859e-19
7352.00   1.0145e-17
7354.00   8.2252e-20
7356.00   6.9666e-22
7358.00   1.0711e-18
7360.00   5.4560e-21
7362.00   7.2949e-20
7364.00   7.3343e-23
7366.00   3.1884e-20
7368.00   2.2130e-21
7370.00   5.4422e-18
7372.00   1.1615e-22
7374.00   3.3003e-22
7376.00   9.3482e-26
7378.00   1.3323e-21
7380.00   1.4648e-20
7382.00   4.9461e-20
7384.00   5.4095e-23
7386.00   5.4425e-20
7388.00   1.9297e-16
7390.00   6.1063e-20
7392.00   1.4823e-23
7394.00   1.2260e-21
7396.00   2.6513e-22
7398.00   2.2428e-20
7400.00   8.4740e-18
7402.00   5.3760e-18
7404.00   4.9480e-26
7406.00   3.3613e-20
7408.00   1.6919e-20
7410.00   2.7686e-17
7412.00   6.3844e-21
7414.00   2.9269e-19
7416.00   1.2250e-20
7418.00   4.3332e-18
7420.00   3.8291e-18
7422.00   6.1585e-20
7424.00   3.5273e-19
7426.00   7.8776e-19
7428.00   3.5903e-20
7430.00   1.2968e-18
7432.00   2.5698e-19
7434.00   1.0619e-20
7436.00   3.8507e-19
7438.00   3.7638e-20
7440.00   4.9085e-21
7442.00   1.4870e-19
7444.00   2.4638e-26
7446.00   2.0947e-17
7448.00   3.5388e-25
7450.00   7.8442e-17
7452.00   3.0954e-16
7454.00   3.2557e-18
7456.00   1.4978e-19
7458.00   3.8934e-23
7460.00   4.1869e-23
7462.00   1.7585e-16
7464.00   1.9632e-21
7466.00   6.6171e-18
7468.00   6.4239e-25
7470.00   1.1214e-21
7472.00   2.1711e-20
7474.00   1.1973e-22
7476.00   1.3871e-21
7478.00   3.6549e-24
7480.00   2.5532e-18
7482.00   3.2424e-18
7484.00   6.0830e-26
7486.00   4.9309e-20
7488.00   8.0743e-19
7490.00   2.7720e-22
7492.00   1.1126e-20
7494.00   4.7882e-23
7496.00   8.8237e-22
7498.00   6.7459e-20
7500.00   5.4795e-19
7502.00   2.2494e-19
7504.00   7.3070e-19
7506.00   2.5272e-19
7508.00   3.4201e-22
7510.00   6.1105e-21
7512.00   2.4198e-25
7514.00   5.2814e-20
7516.00   7.7068e-17
7518.00   2.6017e-20
7520.00   3.4020e-17
7522.00   1.7284e-21
7524.00   3.2486e-19
7526.00   2.7892e-20
7528.00   4.4138e-22
7530.00   4.4250e-22
7532.00   2.4555e-19
7534.00   9.1867e-17
7536.00   1.6152e-23
7538.00   9.1394e-23
7540.00   8.2076e-19
7542.00   6.1193e-21
7544.00   5.1586e-19
7546.00   8.3801e-26
7548.00   6.0094e-20
7550.00   5.5151e-22
7552.00   4.0387e-19
7554.00   4.4152e-19
7556.00   1.8877e-21
7558.00   5.6819e-21
7560.00   1.3077e-19
7562.00   2.0484e-20
7564.00   1.4733e-19
7566.00   5.9667e-20
7568.00   2.9084e-19
7570.00   2.5071e-21
7572.00   1.1260e-21
7574.00   8.2318e-27
7576.00   6.5190e-19
7578.00   1.4492e-24
7580.00   2.7174e-17
7582.00   8.5959e-20
7584.00   2.2919e-18
7586.00   1.2444e-20
7588.00   4.2552e-21
7590.00   3.1093e-26
7592.00   1.4279e-21
7594.00   4.1689e-21
7596.00   8.5593e-20
7598.00   1.1761e-19
7600.00   1.5074e-19
7602.00   1.0477e-20
7604.00   3.9162e-21
7606.00   2.9101e-20
7608.00   2.2291e-23
7610.00   1.6917e-19
7612.00   6.2136e-26
7614.00   5.2897e-18
7616.00   6.0107e-19
7618.00   8.9699e-18
7620.00   3.5902e-19
7622.00   1.2493e-19
7624.00   5.7043e-23
7626.00   1.2070e-22
7628.00   1.2831e-26
7630.00   9.1101e-21
7632.00   1.5783e-21
7634.00   4.5427e-20
7636.00   6.3859e-23
7638.00   3.1250e-17
7640.00   1.1592e-20
7642.00   8.2755e-20
7644.00   9.8662e-21
7646.00   6.4537e-19
7648.00   1.5660e-17
7650.00   3.4775e-21
7652.00   3.3985e-22
7654.00   5.0814e-18
7656.00   7.7277e-17
7658.00   2.1528e-17
7660.00   7.9398e-18
7662.00   1.6248e-24
7664.00   3.5516e-22
7666.00   1.2691e-17
7668.00   2.3911e-21
7670.00   2.7912e-23
7672.00   1.7137e-17
7674.00   8.3549e-20
7676.00   2.2099e-19
7678.00   1.0041e-20
7680.00   1.3761e-25
7682.00   1.3560e-24
7684.00   3.6327e-23
7686.00   6.0271e-17
7688.00   7.7633e-20
7690.00   3.8556e-19
7692.00   1.6062e-20
7694.00   9.3544e-19
7696.00   3.4735e-21
7698.00   3.1967e-18
7700.00   5.6211e-19
7702.00   5.9043e-20
7704.00   4.6858e-25
7706.00   1.9930e-20
7708.00   2.3455e-20
7710.00   2.4433e-18
7712.00   4.0277e-16
7714.00   4.7973e-20
7716.00   9.8554e-20
7718.00   6.7554e-24
7720.00   5.1275e-18
7722.00   9.8074e-25
7724.00   4.0472e-20
7726.00   1.1672e-22
7728.00   1.2037e-22
7730.00   4.3748e-20
7732.00   2.1270e-20
7734.00   3.2584e-18
7736.00   6.4978e-23
7738.00   1.5485e-17
7740.00   1.8881e-18
7742.00   8.5608e-19
7744.00   5.7079e-23
7746.00   7.8450e-21
7748.00   5.4938e-20
7750.00   7.2063e-25
7752.00   2.3753e-22
7754.00   1.2416e-23
7756.00   3.4312e-22
7758.00   5.3505e-19
7760.00   1.9914e-22
7762.00   5.2578e-20
7764.00   1.9779e-17
7766.00   1.2398e-19
7768.00   4.5002e-24
7770.00   8.3778e-28
7772.00   5.9657e-23
7774.00   8.0994e-19
7776.00   7.4467e-24
7778.00   3.1348e-18
7780.00   1.8130e-22
7782.00   8.0640e-23
7784.00   5.0680e-19
7786.00   3.3878e-22
7788.00   4.6550e-20
7790.00   1.1715e-20
7792.00   1.1102e-19
7794.00   4.7581e-20
7796.00   6.9831e-26
7798.00   2.6552e-18
7800.00   3.6300e-26
7802.00   9.3942e-18
7804.00   6.3685e-19
7806.00   1.4687e-17
7808.00   7.2732e-19
7810.00   2.7067e-22
7812.00   4.6888e-21
7814.00   9.3149e-18
7816.00   1.7218e-19
7818.00   2.1180e-19
7820.00   1.0838e-19
7822.00   3.3372e-23
7824.00   4.0135e-20
7826.00   3.0760e-20
7828.00   1.7153e-23
7830.00   3.3255e-18
7832.00   3.6496e-18
7834.00   2.2678e-19
7836.00   7.5035e-18
7838.00   1.4515e-19
7840.00   1.3865e-18
7842.00   1.2833e-17
7844.00   2.7138e-19
7846.00   5.7866e-20
7848.00   2.6439e-19
7850.00   1.4857e-25
7852.00   6.8529e-20
7854.00   7.2260e-22
7856.00   1.1857e-20
7858.00   7.9655e-25
7860.00   9.9311e-20
7862.00   1.0641e-19
7864.00   8.7159e-23
7866.00   5.7576e-17
7868.00   1.5177e-21
7870.00   3.9749e-20
7872.00   1.3456e-18
7874.00   2.5680e-18
7876.00   9.4942e-24
7878.00   8.7741e-23
7880.00   9.0752e-23
7882.00   1.7373e-18
7884.00   5.9831e-23
7886.00   7.7143e-19
7888.00   3.0813e-22
7890.00   5.6842e-23
7892.00   7.3822e-19
7894.00   2.5661e-18
7896.00   8.4063e-19
7898.00   3.6181e-17
7900.00   1.9997e-18
7902.00   2.7993e-23
7904.00   3.1651e-20
7906.00   1.6968e-20
7908.00   8.0345e-24
7910.00   1.9878e-25
7912.00   3.4491e-21
7914.00   6.3651e-18
7916.00   2.2491e-21
7918.00   7.5767e-17
7920.00   2.2801e-27
7922.00   2.7127e-19
7924.00   2.3955e-26
7926.00   9.6755e-19
7928.00   1.9681e-22
7930.00   3.2891e-19
7932.00   2.1547e-20
7934.00   2.4767e-19
7936.00   2.1952e-23
7938.00   1.9399e-18
7940.00   4.4997e-21
7942.00   2.8585e-20
7944.00   1.4388e-26
7946.00   5.8902e-20
7948.00   2.1569e-18
7950.00   5.5808e-22
7952.00   6.4767e-19
7954.00   4.2152e-19
7956.00   2.8945e-19
7958.00   1.6681e-19
7960.00   2.4643e-27
7962.00   5.5391e-24
7964.00   4.3130e-25
7966.00   4.0214e-21
7968.00   2.1474e-19
7970.00   1.1283e-18
7972.00   2.4472e-22
7974.00   2.3560e-19
7976.00   5.0898e-17
7978.00   1.5281e-19
7980.00   2.4694e-20
7982.00   2.6831e-17
7984.00   4.6886e-20
7986.00   3.2001e-20
7988.00   2.1214e-20
7990.00   3.9634e-22
7992.00   2.8471e-22
7994.00   2.0633e-19
7996.00   2.1469e-18
7998.00   3.5466e-19
8000.00   4.8878e-20
8002.00   7.8150e-22
8004.00   1.7116e-21
8006.00   1.1713e-21
8008.00   5.6036e-18
8010.00   5.6063e-21
8012.00   1.6132e-18
8014.00   8.2068e-19
8016.00   8.8829e-20
8018.00   7.0073e-19
8020.00   5.2892e-23
8022.00   1.1832e-19
8024.00   4.8045e-20
8026.00   1.2627e-22
8028.00   9.2992e-21
8030.00   2.0203e-17
8032.00   1.1516e-18
8034.00   5.9947e-23
8036.00   1.5557e-19
8038.00   6.4643e-18
8040.00   2.6540e-22
8042.00   1.1382e-18
8044.00   7.8558e-20
8046.00   1.4363e-26
8048.00   3.5921e-21
8050.00   1.6115e-20
8052.00   1.2737e-20
8054.00   2.6367e-17
8056.00   1.5660e-26
8058.00   5.1776e-23
8060.00   5.6498e-18
8062.00   7.9153e-21
8064.00   3.6906e-18
8066.00   1.3471e-23
8068.00   3.5475e-20
8070.00   1.1148e-19
8072.00   1.1518e-24
8074.00   2.1326e-18
8076.00   7.4866e-18
8078.00   1.4104e-19
8080.00   2.0487e-18
8082.00   1.1809e-25
8084.00   1.9160e-17
8086.00   3.7441e-18
8088.00   3.3849e-23
8090.00   1.1221e-20
8092.00   2.4317e-18
8094.00   2.9813e-20
8096.00   1.0940e-18
8098.00   3.2898e-20
8100.00   3.0345e-27
8102.00   5.0646e-22
8104.00   6.1067e-19
8106.00   3.6456e-20
8108.00   1.9896e-18
8110.00   6.7707e-23
8112.00   4.2491e-21
8114.00   1.0878e-19
8116.00   5.1761e-26
8118.00   6.8485e-20
8120.00   4.4413e-18
8122.00   3.9207e-19
8124.00   3.5649e-19
8126.00   8.0690e-21
8128.00   1.3032e-19
8130.00   6.6157e-20
8132.00   5.5210e-20
8134.00   2.3671e-23
8136.00   1.9171e-17
8138.00   1.1919e-25
8140.00   3.5681e-21
8142.00   6.2001e-20
8144.00   2.9001e-20
8146.00   1.7287e-20
8148.00   1.8204e-18
8150.00   1.0229e-22
8152.00   4.0906e-19
8154.00   8.9271e-22
8156.00   2.7499e-21
8158.00   8.5276e-19
8160.00   3.7100e-18
8162.00   1.3479e-24
8164.00   2.8264e-19
8166.00   3.0285e-25
8168.00   1.1108e-18
8170.00   5.1030e-23
8172.00   1.5136e-19
8174.00   3.0207e-19
8176.00   6.0832e-27
8178.00   1.1797e-20
8180.00   1.4121e-24
8182.00   3.5172e-21
8184.00   6.6868e-21
8186.00   7.3554e-20
8188.00   1.1736e-23
8190.00   4.5590e-19
8192.00   3.9112e-19
8194.00   3.8133e-21
8196.00   5.3771e-23
8198.00   1.6378e-18
8200.00   6.3520e-21
8202.00   1.3745e-19
8204.00   3.5808e-19
8206.00   1.5486e-19
8208.00   2.1020e-17
8210.00   8.0391e-18
8212.00   4.2455e-18
8214.00   8.4755e-22
8216.00   2.1162e-19
8218.00   1.9737e-20
8220.00   3.4796e-21
8222.00   3.4633e-18
8224.00   5.2197e-24
8226.00   2.2072e-23
8228.00   1.3317e-16
8230.00   2.6736e-21
8232.00   8.7006e-22
8234.00   2.9879e-19
8236.00   5.6453e-25
8238.00   1.2800e-18
8240.00   1.5963e-20
8242.00   2.7686e-19
8244.00   4.5959e-25
8246.00   1.1737e-18
8248.00   2.2670e-18
8250.00   1.4374e-17
8252.00   2.7535e-19
8254.00   1.6607e-20
8256.00   2.1900e-20
8258.00   1.7190e-19
8260.00   1.8447e-17
8262.00   1.9787e-20
8264.00   5.2129e-18
8266.00   1.9289e-21
8268.00   1.2169e-23
8270.00   6.9594e-22
8272.00   1.1077e-20
8274.00   3.1305e-19
8276.00   6.6864e-19
8278.00   4.5296e-20
8280.00   9.7082e-22
8282.00   1.4754e-19
8284.00   5.3805e-18
8286.00   5.5351e-22
8288.00   6.9747e-17
8290.00   4.3432e-18
8292.00   5.3637e-23
8294.00   1.5787e-18
8296.00   3.8826e-20
8298.00   4.7666e-20
8300.00   2.3320e-18
8302.00   6.7588e-18
8304.00   9.0862e-20
8306.00   1.3622e-17
8308.00   8.9445e-20
8310.00   5.8639e-18
8312.00   3.1296e-21
8314.00   2.2525e-20
8316.00   1.4757e-20
8318.00   9.9987e-26
8320.00   2.3390e-21
8322.00   1.8181e-18
8324.00   1.5128e-19
8326.00   5.9180e-27
8328.00   4.6294e-22
8330.00   1.5754e-19
8332.00   1.7551e-21
8334.00   1.0592e-19
8336.00   5.6162e-22
8338.00   5.8338e-19
8340.00   1.8659e-19
8342.00   2.5096e-20
8344.00   1.8608e-19
8346.00   1.6186e-20
8348.00   1.4908e-20
8350.00   3.3392e-23
8352.00   1.3420e-19
8354.00   1.9340e-21
8356.00   6.2183e-20
8358.00   4.2753e-17
8360.00   2.4651e-21
8362.00   8.4311e-26
8364.00   1.0847e-23
8366.00   5.2208e-19
8368.00   7.7364e-18
8370.00   2.5493e-24
8372.00   1.0744e-18
8374.00   1.5658e-20
8376.00   3.8810e-19
8378.00   7.4459e-19
8380.00   1.1538e-25
8382.00   1.5086e-18
8384.00   2.0503e-26
8386.00   1.0167e-17
8388.00   8.2112e-19
8390.00   6.9911e-20
8392.00   2.0845e-19
8394.00   5.8237e-26
8396.00   3.7216e-19
8398.00   6.4451e-18
8400.00   7.4678e-22
8402.00   3.2488e-22
8404.00   1.9793e-17
8406.00   2.8693e-20
8408.00   4.8595e-19
8410.00   3.1679e-21
8412.00   7.5360e-19
8414.00   2.8388e-19
8416.00   1.5881e-19
8418.00   1.1632e-23
8420.00   2.8359e-18
8422.00   2.3240e-21
8424.00   3.0375e-17
8426.00   1.1144e-26
8428.00   3.0197e-21
8430.00   2.6969e-21
8432.00   4.5726e-20
8434.00   4.3666e-20
8436.00   2.1081e-19
8438.00   1.3274e-19
8440.00   1.2231e-20
8442.00   9.6509e-25
8444.00   1.2692e-17
8446.00   2.6372e-20
8448.00   6.5957e-22
8450.00   1.2672e-21
8452.00   5.8195e-19
8454.00   7.1727e-19
8456.00   5.0114e-24
8458.00   2.9839e-20
8460.00   5.4447e-23
8462.00   8.6210e-25
8464.00   9.8009e-22
8466.00   4.0285e-19
8468.00   1.0285e-17
8470.00   3.7230e-17
8472.00   6.2932e-19
8474.00   1.8999e-19
8476.00   5.3073e-21
8478.00   4.2062e-21
8480.00   4.1692e-19
8482.00   2.0428e-19
8484.00   7.9474e-20
8486.00   1.6624e-18
8488.00   1.0085e-23
8490.00   5.3362e-17
8492.00   1.6145e-19
8494.00   6.8773e-22
8496.00   9.7652e-20
8498.00   2.4200e-20
8500.00   4.3028e-17
8502.00   2.4884e-24
8504.00   1.2815e-18
8506.00   7.8059e-20
8508.00   1.6003e-17
8510.00   1.6246e-24
8512.00   4.2534e-22
8514.00   1.0326e-19
8516.00   7.6858e-23
8518.00   7.1076e-18
8520.00   6.2397e-25
8522.00   8.0067e-22
8524.00   1.1359e-18
8526.00   6.9148e-21
8528.00   7.7372e-19
8530.00   1.0095e-20
8532.00   1.5311e-20
8534.00   3.3339e-23
8536.00   4.7713e-22
8538.00   3.6836e-23
8540.00   3.0036e-22
8542.00   1.0848e-24
8544.00   4.1343e-20
8546.00   7.0525e-18
8548.00   3.1058e-19
8550.00   2.1184e-18
8552.00   2.2732e-21
8554.00   6.8218e-19
8556.00   1.6436e-19
8558.00   1.0504e-19
8560.00   4.9790e-28
8562.00   1.0141e-24
8564.00   2.2403e-19
8566.00   4.5699e-21
8568.00   1.3681e-20
8570.00   1.7260e-20
8572.00   5.5945e-20
8574.00   4.3992e-18
8576.00   1.3717e-19
8578.00   2.3145e-21
8580.00   6.2899e-20
8582.00   4.0077e-20
8584.00   2.4220e-22
8586.00   1.1784e-22
8588.00   2.7988e-24
8590.00   4.8945e-20
8592.00   1.2099e-21
8594.00   3.3009e-20
8596.00   1.5804e-16
8598.00   1.9545e-21
8600.00   4.1842e-18
8602.00   6.3895e-21
8604.00   1.0265e-19
8606.00   1.1307e-18
8608.00   4.2253e-25
8610.00   2.6663e-24
8612.00   7.7258e-19
8614.00   3.8284e-25
8616.00   1.0728e-16
8618.00   1.4627e-22
8620.00   2.9083e-21
8622.00   1.9304e-21
8624.00   1.5528e-22
8626.00   6.8422e-19
8628.00   2.9723e-19
8630.00   4.2264e-20
8632.00   4.1205e-23
8634.00   4.7927e-20
8636.00   9.0106e-20
8638.00   1.6646e-22
8640.00   1.1648e-21
8642.00   3.1232e-18
8644.00   1.7196e-22
8646.00   9.8409e-25
8648.00   1.7235e-24
8650.00   5.4201e-19
8652.00   8.6144e-25
8654.00   1.1891e-18
8656.00   3.6656e-20
8658.00   3.6323e-26
8660.00   3.0445e-21
8662.00   3.6696e-22
8664.00   1.2685e-19
8666.00   1.1976e-21
8668.00   1.2663e-20
8670.00   1.2353e-20
8672.00   7.9429e-18
8674.00   1.0676e-23
8676.00   3.0181e-19
8678.00   1.0341e-18
8680.00   1.4513e-26
8682.00   4.6249e-25
8684.00   3.8400e-18
8686.00   2.0153e-24
8688.00   8.0030e-23
8690.00   1.7423e-19
8692.00   2.0602e-23
8694.00   9.1089e-22
8696.00   6.5752e-18
8698.00   1.1313e-26
8700.00   1.3134e-21
8702.00   3.3672e-22
8704.00   2.7806e-19
8706.00   1.4531e-18
8708.00   1.2305e-18
8710.00   2.9934e-26
8712.00   7.5653e-26
8714.00   6.5586e-20
8716.00   1.5266e-17
8718.00   1.4411e-21
8720.00   1.5270e-19
8722.00   1.0987e-16
8724.00   7.5065e-23
8726.00   1.0860e-26
8728.00   1.6893e-22
8730.00   7.4151e-24
8732.00   5.8073e-20
8734.00   1.5623e-18
8736.00   2.3940e-20
8738.00   1.7034e-26
8740.00   8.6575e-19
8742.00   2.1565e-24
8744.00   2.2848e-20
8746.00   9.9742e-20
8748.00   1.3815e-20
8750.00   1.0412e-18
8752.00   1.2540e-19
8754.00   1.2087e-20
8756.00   4.7613e-19
8758.00   2.1450e-18
8760.00   1.0225e-21
8762.00   1.4805e-18
8764.00   1.2095e-20
8766.00   7.0030e-23
8768.00   3.3310e-26
8770.00   8.0119e-25
8772.00   1.0470e-22
8774.00   4.0832e-23
8776.00   7.7805e-19
8778.00   2.4186e-25
8780.00   7.8836e-25
8782.00   6.4040e-22
8784.00   7.1368e-23
8786.00   3.7625e-26
8788.00   4.9863e-22
8790.00   1.2126e-22
8792.00   6.2526e-22
8794.00   7.4298e-19
8796.00   7.4769e-21
8798.00   8.7485e-22
8800.00   1.8901e-25
8802.00   2.6276e-28
8804.00   4.7243e-22
8806.00   1.7836e-17
8808.00   3.3951e-22
8810.00   5.7405e-19
8812.00   7.9610e-21
8814.00   1.3331e-20
8816.00   1.1828e-15
8818.00   6.7145e-22
8820.00   1.3758e-19
8822.00   3.5407e-25
8824.00   4.6440e-18
8826.00   8.8140e-19
8828.00   1.8288e-16
8830.00   1.1845e-22
8832.00   3.4493e-25
8834.00   2.6784e-22
8836.00   8.4255e-23
8838.00   9.8200e-20
8840.00   1.1694e-24
8842.00   5.7114e-21
8844.00   8.0052e-21
8846.00   1.3530e-20
8848.00   4.4486e-18
8850.00   1.0594e-20
8852.00   2.8640e-19
8854.00   1.6279e-20
8856.00   1.6260e-22
8858.00   7.0290e-21
8860.00   4.4739e-18
8862.00   4.9264e-20
8864.00   1.4816e-20
8866.00   2.7374e-28
8868.00   1.0386e-17
8870.00   2.8019e-19
8872.00   9.1061e-28
8874.00   3.7848e-17
8876.00   3.4500e-20
8878.00   9.4135e-25
8880.00   2.4762e-25
8882.00   3.9338e-21
8884.00   2.7127e-20
8886.00   6.9100e-18
8888.00   4.3844e-26
8890.00   7.1794e-19
8892.00   6.3362e-17
8894.00   2.6736e-23
8896.00   2.5016e-21
8898.00   1.5550e-18
8900.00   6.8044e-25
8902.00   7.4103e-21
8904.00   1.7005e-23
8906.00   2.1306e-22
8908.00   2.4665e-21
8910.00   3.5299e-23
8912.00   5.0935e-19
8914.00   1.0567e-24
8916.00   1.9813e-24
8918.00   3.9725e-21
8920.00   2.7152e-17
8922.00   2.2056e-19
8924.00   5.2451e-21
8926.00   1.7045e-16
8928.00   4.5197e-22
8930.00   1.3765e-26
8932.00   7.9819e-20
8934.00   3.2697e-20
8936.00   8.3183e-27
8938.00   6.1064e-16
8940.00   6.1615e-22
8942.00   7.2394e-24
8944.00   9.6501e-20
8946.00   1.5295e-18
8948.00   2.1088e-23
8950.00   1.4067e-19
8952.00   8.4647e-24
8954.00   1.3119e-26
8956.00   1.2414e-16
8958.00   1.0879e-23
8960.00   2.2630e-19
8962.00   1.9619e-22
8964.00   2.0223e-24
8966.00   1.4108e-19
8968.00   8.5372e-21
8970.00   4.1135e-20
8972.00   1.1064e-21
8974.00   9.6326e-27
8976.00   6.1223e-21
8978.00   1.5131e-28
8980.00   2.8333e-22
8982.00   2.1572e-18
8984.00   2.0117e-25
8986.00   6.3776e-21
8988.00   3.8593e-21
8990.00   2.6076e-18
8992.00   3.3280e-24
8994.00   9.6417e-21
8996.00   1.6246e-24
8998.00   2.2450e-25
9000.00   6.6039e-20
9002.00   4.9804e-21
9004.00   2.7173e-26
9006.00   1.1628e-17
9008.00   5.4457e-27
9010.00   1.4673e-21
9012.00   5.1077e-24
9014.00   6.2672e-18
9016.00   4.5526e-26
9018.00   2.7699e-26
9020.00   1.2070e-19
9022.00   5.2650e-25
9024.00   4.4325e-20
9026.00   2.7996e-19
9028.00   9.5373e-19
9030.00   2.2370e-19
9032.00   1.4206e-22
9034.00   2.4053e-17
9036.00   1.3274e-18
9038.00   3.6288e-19
9040.00   6.1641e-27
9042.00   3.0254e-21
9044.00   3.9911e-23
9046.00   2.5554e-27
9048.00   3.3015e-19
9050.00   6.7660e-20
9052.00   1.4704e-16
9054.00   3.0772e-25
9056.00   1.8890e-19
9058.00   6.7027e-19
9060.00   2.3848e-20
9062.00   6.0828e-16
9064.00   6.3461e-23
9066.00   3.3083e-20
9068.00   1.1080e-23
9070.00   3.0577e-16
9072.00   1.1392e-21
9074.00   1.1548e-19
9076.00   5.2282e-17
9078.00   2.2574e-16
9080.00   6.0671e-19
9082.00   3.9817e-20
9084.00   2.1832e-18
9086.00   2.3049e-24
9088.00   1.9315e-21
9090.00   1.8837e-18
9092.00   6.3089e-23
9094.00   3.6521e-26
9096.00   1.7127e-17
9098.00   2.3318e-21
9100.00   2.9107e-21
9102.00   1.5814e-22
9104.00   1.1748e-19
9106.00   4.7942e-20
9108.00   2.1276e-27
9110.00   2.6519e-21
9112.00   4.5224e-19
9114.00   1.9784e-20
9116.00   5.0629e-18
9118.00   3.6404e-21
9120.00   8.0292e-27
9122.00   2.7159e-16
9124.00   1.1123e-26
9126.00   4.9300e-19
9128.00   6.8648e-22
9130.00   1.8350e-19
9132.00   1.0272e-18
9134.00   2.6085e-18
9136.00   5.7921e-21
9138.00   2.6110e-20
9140.00   2.8810e-24
9142.00   7.3165e-23
9144.00   1.1411e-23
9146.00   5.1898e-21
9148.00   1.6196e-25
9150.00   5.4227e-23
9152.00   3.1498e-22
9154.00   4.9470e-20
9156.00   2.1993e-17
9158.00   1.2012e-26
9160.00   1.8114e-23
9162.00   8.3158e-27
9164.00   3.4981e-20
9166.00   1.1989e-24
9168.00   3.7050e-19
9170.00   2.1573e-20
9172.00   1.9715e-17
9174.00   9.2211e-26
9176.00   5.2366e-16
9178.00   2.7058e-16
9180.00   1.1620e-17
9182.00   3.4053e-20
9184.00   2.3457e-21
9186.00   1.7517e-26
9188.00   2.9652e-17
9190.00   8.5875e-23
9192.00   3.2780e-19
9194.00   1.6050e-19
9196.00   1.3134e-16
9198.00   6.7654e-23
9200.00   2.0810e-19
9202.00   4.2980e-18
9204.00   5.3021e-16
9206.00   1.6714e-24
9208.00   3.5873e-25
9210.00   2.2583e-16
9212.00   2.6151e-19
9214.00   5.0958e-19
9216.00   9.3800e-21
9218.00   4.0021e-25
9220.00   4.3279e-22
9222.00   5.1507e-20
9224.00   1.8382e-21
9226.00   6.9502e-17
9228.00   2.9571e-20
9230.00   1.4812e-25
9232.00   4.6108e-18
9234.00   9.8771e-21
9236.00   3.4390e-26
9238.00   1.0506e-18
9240.00   8.5027e-22
9242.00   1.6292e-18
9244.00   1.1071e-20
9246.00   1.3055e-21
9248.00   6.9223e-20
9250.00   1.3551e-20
9252.00   3.8708e-17
9254.00   1.0391e-21
9256.00   2.5023e-26
9258.00   3.7833e-18
9260.00   8.9051e-24
9262.00   3.6130e-29
9264.00   3.0077e-20
9266.00   3.1973e-24
9268.00   4.7247e-17
9270.00   1.1926e-22
9272.00   1.7974e-17
9274.00   8.9963e-19
9276.00   3.6782e-27
9278.00   1.5367e-24
9280.00   1.2930e-28
9282.00   3.1326e-20
9284.00   4.8790e-21
9286.00   2.9298e-19
9288.00   1.7326e-24
9290.00   3.7587e-18
9292.00   8.6975e-27
9294.00   1.5698e-22
9296.00   6.1658e-17
9298.00   2.3618e-18
9300.00   4.9955e-22
9302.00   1.4289e-27
9304.00   3.7762e-17
9306.00   8.5369e-21
9308.00   3.6071e-22
9310.00   1.7442e-21
9312.00   4.1977e-23
9314.00   5.1400e-24
9316.00   7.2786e-18
9318.00   9.6181e-24
9320.00   8.3683e-19
9322.00   2.7427e-19
9324.00   1.1574e-17
9326.00   4.7356e-17
9328.00   1.2058e-17
9330.00   7.7112e-20
9332.00   1.2676e-26
9334.00   1.9811e-24
9336.00   1.6941e-20
9338.00   2.0690e-21
9340.00   7.2598e-24
9342.00   3.4563e-17
9344.00   1.9584e-28
9346.00   9.9636e-23
9348.00   2.2431e-19
9350.00   2.2699e-18
9352.00   2.9137e-18
9354.00   1.1568e-26
9356.00   3.8918e-19
9358.00   1.1935e-18
9360.00   6.3547e-25
9362.00   2.5500e-21
9364.00   2.8477e-25
9366.00   1.0067e-20
9368.00   1.3721e-17
9370.00   5.2103e-26
9372.00   1.8759e-20
9374.00   3.3890e-20
9376.00   1.4996e-17
9378.00   1.5487e-22
9380.00   1.0583e-21
9382.00   1.0737e-18
9384.00   1.7644e-18
9386.00   4.7930e-21
9388.00   2.4686e-17
9390.00   2.1766e-22
9392.00   8.2470e-20
9394.00   4.0340e-21
9396.00   3.4631e-28
9398.00   7.4438e-27
9400.00   5.3204e-17
9402.00   5.7529e-24
9404.00   2.6671e-19
9406.00   6.2458e-21
9408.00   1.1561e-17
9410.00   2.1052e-18
9412.00   7.7697e-21
9414.00   1.5464e-20
9416.00   3.6078e-25
9418.00   1.5671e-17
9420.00   6.2127e-22
9422.00   3.4987e-22
9424.00   1.1475e-21
9426.00   6.9450e-20
9428.00   2.9209e-15
9430.00   4.5083e-21
9432.00   6.4695e-19
9434.00   6.7496e-29
9436.00   5.5323e-18
9438.00   2.9868e-20
9440.00   1.0715e-20
9442.00   9.5273e-20
9444.00   2.2132e-25
9446.00   5.0842e-19
9448.00   2.0328e-21
9450.00   5.1635e-26
9452.00   1.5980e-20
9454.00   4.3883e-25
9456.00   3.2907e-20
9458.00   8.1877e-22
9460.00   8.7686e-23
9462.00   2.7567e-22
9464.00   5.2591e-18
9466.00   1.2557e-18
9468.00   5.9121e-20
9470.00   2.8392e-17
9472.00   6.6677e-22
9474.00   2.2414e-16
9476.00   4.7814e-21
9478.00   3.5516e-21
9480.00   7.7703e-26
9482.00   3.0791e-19
9484.00   9.2061e-24
9486.00   6.8535e-21
9488.00   5.2139e-25
9490.00   3.7821e-19
9492.00   4.6939e-20
9494.00   1.0582e-27
9496.00   2.3896e-20
9498.00   3.0227e-17
9500.00   2.9705e-20
9502.00   9.6729e-27
9504.00   7.9253e-22
9506.00   7.4558e-27
9508.00   3.9264e-22
9510.00   4.0723e-16
9512.00   2.3236e-26
9514.00   1.5656e-17
9516.00   1.3634e-24
9518.00   8.7295e-20
9520.00   4.5992e-20
9522.00   2.1605e-23
9524.00   1.0909e-19
9526.00   7.2595e-18
9528.00   2.3854e-17
9530.00   6.1092e-24
9532.00   2.3110e-17
9534.00   2.2169e-17
9536.00   1.9752e-19
9538.00   5.1056e-25
9540.00   5.9604e-21
9542.00   5.6138e-20
9544.00   1.3905e-26
9546.00   1.0469e-19
9548.00   3.2307e-20
9550.00   7.4021e-18
9552.00   2.2452e-19
9554.00   1.2555e-22
9556.00   2.7084e-16
9558.00   1.0162e-19
9560.00   7.5609e-17
9562.00   3.7926e-27
9564.00   2.1694e-20
9566.00   6.9329e-19
9568.00   1.7395e-19
9570.00   2.0192e-18
9572.00   8.8510e-17
9574.00   7.6552e-21
9576.00   1.3317e-26
9578.00   1.8566e-21
9580.00   3.9105e-20
9582.00   3.7920e-21
9584.00   1.0172e-26
9586.00   7.9755e-22
9588.00   1.8997e-25
9590.00   1.9528e-18
9592.00   1.2407e-20
9594.00   5.0842e-23
9596.00   5.7098e-19
9598.00   1.9753e-19
9600.00   6.5964e-23
9602.00   3.2710e-21
9604.00   2.5390e-27
9606.00   9.2032e-19
9608.00   2.9754e-20
9610.00   2.7124e-21
9612.00   8.9178e-22
9614.00   3.3045e-17
9616.00   5.9910e-27
9618.00   2.5817e-17
9620.00   4.4147e-24
9622.00   3.9843e-26
9624.00   1.1546e-26
9626.00   7.3345e-27
9628.00   1.0028e-26
9630.00   4.0061e-20
9632.00   2.0664e-20
9634.00   1.2133e-17
9636.00   9.8189e-25
9638.00   3.6322e-20
9640.00   5.7076e-21
9642.00   1.9285e-21
9644.00   1.9263e-26
9646.00   1.9402e-20
9648.00   1.7592e-24
9650.00   6.1208e-24
9652.00   7.3616e-18
9654.00   9.9863e-29
9656.00   4.3979e-18
9658.00   3.0337e-24
9660.00   3.9187e-23
9662.00   1.0975e-17
9664.00   1.3682e-19
9666.00   1.4616e-26
9668.00   3.9703e-23
9670.00   4.3278e-19
9672.00   1.3834e-18
9674.00   2.5380e-22
9676.00   2.2506e-19
9678.00   2.7446e-22
9680.00   2.5903e-17
9682.00   3.4598e-17
9684.00   3.3962e-21
9686.00   2.4891e-22
9688.00   3.3421e-27
9690.00   1.9036e-24
9692.00   2.3517e-25
9694.00   7.2604e-27
9696.00   1.3721e-19
9698.00   3.3671e-23
9700.00   2.4564e-21
9702.00   8.6513e-27
9704.00   3.0206e-20
9706.00   4.0270e-24
9708.00   2.3507e-25
9710.00   2.9107e-26
9712.00   2.6047e-19
9714.00   2.5927e-20
9716.00   2.1346e-26
9718.00   1.7040e-19
9720.00   1.6155e-24
9722.00   6.6291e-20
9724.00   8.3410e-21
9726.00   1.3429e-25
9728.00   3.9149e-23
9730.00   3.8448e-20
9732.00   4.3938e-19
9734.00   1.1722e-21
9736.00   4.3226e-20
9738.00   1.1358e-19
9740.00   6.3748e-23
9742.00   2.2845e-19
9744.00   2.2554e-19
9746.00   9.5322e-19
9748.00   1.1302e-20
9750.00   5.7916e-20
9752.00   1.4532e-24
9754.00   4.1395e-23
9756.00   4.8355e-19
9758.00   5.0700e-28
9760.00   5.1443e-24
9762.00   4.1616e-26
9764.00   1.7687e-19
9766.00   3.9470e-19
9768.00   3.7304e-22
9770.00   3.7642e-23
9772.00   7.7274e-23
9774.00   6.7696e-25
9776.00   7.5395e-27
9778.00   5.4227e-25
9780.00   7.4761e-22
9782.00   8.5028e-20
9784.00   9.8335e-29
9786.00   6.4958e-25
9788.00   1.3861e-18
9790.00   1.6527e-20
9792.00   4.2285e-25
9794.00   2.2235e-23
9796.00   2.3793e-18
9798.00   8.9595e-21
9800.00   4.1195e-21
9802.00   8.2662e-26
9804.00   4.4637e-21
9806.00   8.4820e-20
9808.00   1.6423e-19
9810.00   7.4503e-22
9812.00   5.2574e-17
9814.00   2.1403e-23
9816.00   1.6792e-19
9818.00   3.6567e-25
9820.00   2.8933e-23
9822.00   1.2692e-23
9824.00   7.3585e-24
9826.00   1.6967e-19
9828.00   1.5945e-20
9830.00   1.5875e-22
9832.00   4.7010e-30
9834.00   3.2234e-27
9836.00   6.2971e-27
9838.00   1.0118e-20
9840.00   2.2540e-27
9842.00   1.6777e-20
9844.00   5.2724e-18
9846.00   4.7196e-23
9848.00   3.7213e-19
9850.00   2.7818e-18
9852.00   2.0568e-25
9854.00   4.5508e-24
9856.00   5.5507e-26
9858.00   2.1543e-22
9860.00   1.0622e-21
9862.00   1.7179e-19
9864.00   1.0354e-22
9866.00   6.5759e-25
9868.00   2.2428e-18
9870.00   2.1978e-23
9872.00   9.8216e-22
9874.00   7.2705e-21
9876.00   1.0314e-20
9878.00   9.2866e-26
9880.00   7.6613e-18
9882.00   8.4956e-18
9884.00   1.9548e-23
9886.00   2.3465e-25
9888.00   2.3616e-24
9890.00   1.3674e-26
9892.00   2.7408e-23
9894.00   3.0947e-17
9896.00   1.4439e-18
9898.00   4.6041e-21
9900.00   6.9291e-19
9902.00   1.1840e-23
9904.00   5.3634e-19
9906.00   5.6775e-20
9908.00   3.9541e-19
9910.00   3.2429e-17
9912.00   1.0468e-17
9914.00   2.3258e-25
9916.00   7.7685e-23
9918.00   4.3212e-22
9920.00   2.5428e-19
9922.00   7.4551e-21
9924.00   1.6670e-20
9926.00   2.0287e-21
9928.00   3.5564e-27
9930.00   4.7519e-27
9932.00   1.0722e-20
9934.00   2.4291e-22
9936.00   5.9003e-22
9938.00   2.8596e-20
9940.00   2.4953e-22
9942.00   1.6316e-21
9944.00   2.6456e-21
9946.00   3.0801e-18
9948.00   4.8118e-25
9950.00   1.0168e-17
9952.00   1.3824e-26
9954.00   2.6952e-20
9956.00   7.2454e-17
9958.00   1.6635e-19
9960.00   1.0650e-24
9962.00   1.7481e-21
9964.00   3.5582e-27
9966.00   1.1770e-27
9968.00   1.4819e-22
9970.00   2.8018e-20
9972.00   5.0907e-22
9974.00   3.5683e-28
9976.00   1.4557e-18
9978.00   1.2309e-20
9980.00   4.1672e-26
9982.00   5.2125e-20
9984.00   8.9680e-21
9986.00   1.1114e-23
9988.00   1.2752e-28
9990.00   1.6310e-23
9992.00   3.3966e-20
9994.00   3.3043e-21
9996.00   3.1510e-21
9998.00   8.8131e-16
10000.00   3.1302e-25
