1000.00   6.1608e-16
1002.00   5.4081e-16
1004.00   6.3042e-16
1006.00   3.7839e-16
1008.00   1.3902e-16
1010.00   2.8565e-16
1012.00   1.1464e-16
1014.00   3.7750e-16
1016.00   1.5119e-16
1018.00   1.9352e-16
1020.00   2.9126e-16
1022.00   2.6933e-16
1024.00   6.3020e-17
1026.00   1.7598e-17
1028.00   2.0089e-16
1030.00   1.1994e-15
1032.00   3.0306e-15
1034.00   9.1078e-16
1036.00   1.4841e-15
1038.00   1.8484e-16
1040.00   1.3486e-16
1042.00   3.4600e-16
1044.00   2.7267e-16
1046.00   5.2338e-16
1048.00   5.2665e-17
1050.00   2.7291e-16
1052.00   2.1196e-16
1054.00   5.2965e-16
1056.00   1.3010e-15
1058.00   7.6609e-16
1060.00   1.4284e-15
1062.00   1.4064e-15
1064.00   3.2210e-15
1066.00   8.5669e-16
1068.00   3.5392e-15
1070.00   1.5784e-15
1072.00   2.2497e-15
1074.00   5.6360e-15
1076.00   5.0168e-15
1078.00   1.1262e-15
1080.00   5.1279e-16
1082.00   1.2740e-15
1084.00   1.5388e-15
1086.00   1.1260e-15
1088.00   1.7887e-15
1090.00   2.1798e-15
1092.00   1.4257e-15
1094.00   2.8885e-15
1096.00   2.0428e-15
1098.00   2.8393e-15
1100.00   4.1051e-15
1102.00   1.3842e-15
1104.00   1.4763e-15
1106.00   3.5204e-15
1108.00   2.1512e-15
1110.00   2.3687e-15
1112.00   2.7790e-15
1114.00   5.2685e-15
1116.00   2.5862e-15
1118.00   3.7848e-16
1120.00   4.5548e-16
1122.00   2.3519e-15
1124.00   1.7824e-15
1126.00   4.4864e-15
1128.00   3.7569e-15
1130.00   2.7024e-15
1132.00   2.9979e-15
1134.00   4.8588e-15
1136.00   6.8133e-15
1138.00   2.2804e-15
1140.00   2.3251e-15
1142.00   3.9108e-15
1144.00   9.7912e-15
1146.00   5.1591e-15
1148.00   1.1119e-14
1150.00   6.0968e-15
1152.00   4.0610e-15
1154.00   5.6084e-15
1156.00   1.7032e-15
1158.00   4.0640e-15
1160.00   5.0181e-15
1162.00   2.6151e-15
1164.00   1.9589e-15
1166.00   4.2616e-15
1168.00   2.6257e-15
1170.00   4.8186e-15
1172.00   3.5729e-15
1174.00   4.3057e-15
1176.00   2.5179e-15
1178.00   1.5508e-15
1180.00   9.0748e-16
1182.00   2.0873e-15
1184.00   3.2218e-15
1186.00   1.8460e-15
1188.00   3.9368e-15
1190.00   1.1544e-15
1192.00   4.5504e-15
1194.00   1.7884e-15
1196.00   2.4341e-15
1198.00   1.0803e-14
1200.00   1.5074e-14
1202.00   5.4693e-15
1204.00   2.0368e-15
1206.00   1.3417e-15
1208.00   5.7627e-15
1210.00   6.2227e-15
1212.00   6.8066e-15
1214.00   1.7893e-15
1216.00   4.6098e-15
1218.00   5.3035e-15
1220.00   2.0726e-14
1222.00   9.0716e-16
1224.00   2.0706e-15
1226.00   6.2383e-16
1228.00   1.2932e-15
1230.00   2.7644e-16
1232.00   1.4445e-15
1234.00   1.9764e-15
1236.00   1.1698e-15
1238.00   1.5699e-15
1240.00   1.3812e-15
1242.00   2.0595e-15
1244.00   1.2449e-15
1246.00   7.7733e-16
1248.00   1.3301e-15
1250.00   5.6453e-16
1252.00   1.4868e-15
1254.00   1.0166e-15
1256.00   1.7394e-15
1258.00   4.1701e-15
1260.00   1.2036e-15
1262.00   2.8988e-15
1264.00   1.0186e-14
1266.00   4.0151e-14
1268.00   1.3106e-15
1270.00   1.8791e-15
1272.00   4.3789e-15
1274.00   1.6636e-15
1276.00   2.8609e-15
1278.00   1.5221e-15
1280.00   2.6460e-15
1282.00   7.6622e-16
1284.00   1.4135e-15
1286.00   1.7163e-15
1288.00   6.2885e-15
1290.00   6.8460e-15
1292.00   6.2224e-15
1294.00   6.9688e-15
1296.00   8.5133e-15
1298.00   1.5326e-15
1300.00   6.9537e-15
1302.00   1.6767e-15
1304.00   2.7600e-15
1306.00   1.7134e-15
1308.00   1.2628e-15
1310.00   6.7770e-16
1312.00   7.0250e-16
1314.00   1.7739e-15
1316.00   1.4080e-15
1318.00   1.9649e-15
1320.00   2.2557e-15
1322.00   1.8524e-15
1324.00   2.2763e-15
1326.00   9.9105e-16
1328.00   2.3399e-15
1330.00   1.8788e-15
1332.00   2.1918e-15
1334.00   7.3343e-16
1336.00   5.6033e-16
1338.00   7.9252e-16
1340.00   5.2299e-15
1342.00   1.1820e-15
1344.00   7.6548e-16
1346.00   2.0918e-15
1348.00   2.7424e-16
1350.00   2.1787e-15
1352.00   2.0426e-15
1354.00   2.4520e-15
1356.00   1.9542e-15
1358.00   1.2404e-15
1360.00   3.8822e-15
1362.00   4.5140e-15
1364.00   2.5709e-15
1366.00   4.2727e-15
1368.00   1.5896e-15
1370.00   1.1845e-15
1372.00   3.6681e-15
1374.00   5.9907e-15
1376.00   2.5639e-15
1378.00   4.8569e-15
1380.00   2.4614e-15
1382.00   3.4891e-15
1384.00   2.6198e-15
1386.00   1.9086e-15
1388.00   2.6251e-15
1390.00   6.5613e-16
1392.00   1.6880e-15
1394.00   1.7679e-15
1396.00   2.3208e-15
1398.00   1.7679e-15
1400.00   5.6720e-15
1402.00   4.5695e-15
1404.00   3.4423e-15
1406.00   1.1698e-15
1408.00   1.4052e-15
1410.00   3.3032e-15
1412.00   1.1545e-15
1414.00   2.1778e-15
1416.00   7.1328e-15
1418.00   4.2088e-15
1420.00   1.5919e-15
1422.00   4.9642e-15
1424.00   2.5250e-15
1426.00   5.2884e-16
1428.00   2.8112e-15
1430.00   6.8367e-15
1432.00   2.7774e-15
1434.00   8.7438e-16
1436.00   2.2604e-15
1438.00   1.6044e-14
1440.00   3.0727e-15
1442.00   4.4266e-15
1444.00   3.8891e-15
1446.00   1.7887e-15
1448.00   2.5098e-15
1450.00   1.1944e-15
1452.00   6.5914e-15
1454.00   1.1046e-14
1456.00   1.8703e-15
1458.00   9.6830e-16
1460.00   7.5841e-15
1462.00   1.2102e-15
1464.00   4.4744e-15
1466.00   4.5837e-15
1468.00   4.0307e-15
1470.00   9.5273e-16
1472.00   7.1602e-15
1474.00   9.0729e-15
1476.00   4.3621e-15
1478.00   5.0641e-15
1480.00   4.2846e-15
1482.00   6.0002e-16
1484.00   4.8969e-15
1486.00   2.0216e-15
1488.00   1.9303e-15
1490.00   2.8578e-15
1492.00   2.0857e-15
1494.00   9.2050e-16
1496.00   1.4592e-15
1498.00   2.5645e-16
1500.00   3.8766e-16
1502.00   1.2558e-15
1504.00   1.6386e-15
1506.00   2.5068e-15
1508.00   3.3841e-15
1510.00   2.7377e-16
1512.00   2.6128e-15
1514.00   1.2003e-15
1516.00   5.8646e-16
1518.00   1.5134e-16
1520.00   1.6790e-15
1522.00   1.4694e-15
1524.00   9.3357e-16
1526.00   7.7631e-16
1528.00   1.3641e-15
1530.00   7.1453e-17
1532.00   8.4182e-16
1534.00   9.0217e-15
1536.00   3.3396e-15
1538.00   1.3405e-15
1540.00   1.1646e-14
1542.00   9.2745e-16
1544.00   9.5271e-16
1546.00   1.6758e-15
1548.00   3.9070e-14
1550.00   8.0336e-16
1552.00   2.2370e-15
1554.00   9.0067e-16
1556.00   2.1075e-15
1558.00   3.4291e-16
1560.00   1.0192e-15
1562.00   8.1787e-16
1564.00   7.6921e-16
1566.00   6.4040e-16
1568.00   5.7282e-16
1570.00   1.2961e-15
1572.00   1.9422e-15
1574.00   1.9206e-15
1576.00   2.6043e-16
1578.00   2.3723e-15
1580.00   2.0035e-15
1582.00   8.3499e-16
1584.00   5.3727e-16
1586.00   1.2412e-15
1588.00   1.2005e-15
1590.00   1.9671e-16
1592.00   5.9290e-16
1594.00   1.9254e-15
1596.00   3.3836e-16
1598.00   4.6439e-16
1600.00   8.7658e-16
1602.00   1.1930e-15
1604.00   4.7786e-16
1606.00   1.0174e-15
1608.00   1.2600e-15
1610.00   4.2255e-16
1612.00   2.9134e-16
1614.00   7.3185e-16
1616.00   9.2440e-17
1618.00   1.2243e-15
1620.00   4.4158e-16
1622.00   1.3612e-15
1624.00   6.9841e-16
1626.00   1.9397e-15
1628.00   1.3475e-15
1630.00   2.9436e-15
1632.00   1.8716e-15
1634.00   1.7170e-15
1636.00   6.5194e-15
1638.00   7.8088e-16
1640.00   7.5437e-15
1642.00   3.9837e-15
1644.00   1.4523e-15
1646.00   2.2523e-15
1648.00   1.1038e-15
1650.00   2.3786e-15
1652.00   3.4064e-16
1654.00   1.9854e-15
1656.00   1.7731e-15
1658.00   1.4347e-15
1660.00   5.7600e-16
1662.00   5.4673e-16
1664.00   3.2995e-16
1666.00   1.4460e-16
1668.00   4.5472e-16
1670.00   2.0728e-15
1672.00   1.2834e-15
1674.00   3.3451e-15
1676.00   3.7360e-15
1678.00   3.4626e-16
1680.00   4.0188e-15
1682.00   3.5219e-15
1684.00   9.6297e-16
1686.00   8.7422e-16
1688.00   4.2401e-15
1690.00   1.5643e-15
1692.00   3.2688e-16
1694.00   1.1267e-15
1696.00   3.3837e-16
1698.00   4.6954e-15
1700.00   5.1059e-16
1702.00   1.3869e-15
1704.00   6.2124e-16
1706.00   2.7637e-16
1708.00   1.4172e-15
1710.00   2.5769e-15
1712.00   8.8397e-16
1714.00   9.3473e-16
1716.00   1.9168e-15
1718.00   1.2802e-15
1720.00   1.1901e-15
1722.00   1.2901e-15
1724.00   3.5924e-15
1726.00   1.5613e-15
1728.00   3.7547e-16
1730.00   1.0902e-16
1732.00   1.0324e-15
1734.00   3.8422e-16
1736.00   1.7748e-16
1738.00   6.2343e-16
1740.00   6.7334e-17
1742.00   5.0676e-16
1744.00   5.6712e-17
1746.00   6.8331e-16
1748.00   1.0016e-15
1750.00   1.7164e-15
1752.00   7.5483e-17
1754.00   3.4108e-17
1756.00   6.5544e-17
1758.00   3.2260e-16
1760.00   6.9332e-16
1762.00   1.5702e-15
1764.00   9.1993e-16
1766.00   2.8391e-16
1768.00   9.1001e-16
1770.00   9.0888e-16
1772.00   4.6070e-16
1774.00   1.5770e-15
1776.00   5.3567e-16
1778.00   5.6662e-16
1780.00   1.5551e-16
1782.00   9.2759e-16
1784.00   3.9824e-16
1786.00   7.5210e-15
1788.00   4.2116e-15
1790.00   9.5294e-16
1792.00   1.2195e-15
1794.00   1.5406e-15
1796.00   5.5661e-16
1798.00   2.2407e-15
1800.00   3.3200e-17
1802.00   2.3217e-16
1804.00   1.2318e-15
1806.00   1.2477e-15
1808.00   5.8594e-16
1810.00   6.9895e-16
1812.00   3.6705e-16
1814.00   3.2177e-16
1816.00   1.0571e-15
1818.00   5.2135e-16
1820.00   5.9146e-17
1822.00   3.6868e-16
1824.00   8.3152e-16
1826.00   5.6847e-16
1828.00   1.0772e-15
1830.00   4.6938e-16
1832.00   7.2419e-16
1834.00   5.2544e-16
1836.00   1.3496e-15
1838.00   2.8880e-18
1840.00   1.4574e-15
1842.00   3.0307e-16
1844.00   1.0292e-15
1846.00   3.7288e-16
1848.00   6.5653e-16
1850.00   2.2720e-16
1852.00   1.0979e-15
1854.00   3.1637e-16
1856.00   3.9546e-16
1858.00   1.5160e-16
1860.00   2.9870e-16
1862.00   1.3360e-15
1864.00   7.2468e-16
1866.00   3.9977e-16
1868.00   4.2543e-16
1870.00   7.7439e-16
1872.00   4.5686e-16
1874.00   4.7646e-16
1876.00   5.7074e-16
1878.00   8.0486e-16
1880.00   1.1743e-15
1882.00   3.1011e-16
1884.00   1.7354e-15
1886.00   5.6853e-16
1888.00   1.7511e-15
1890.00   3.2294e-16
1892.00   3.2891e-16
1894.00   1.8628e-16
1896.00   5.9953e-16
1898.00   4.7263e-16
1900.00   1.3492e-15
1902.00   1.3313e-15
1904.00   9.7519e-16
1906.00   3.6364e-16
1908.00   1.1953e-16
1910.00   7.4701e-16
1912.00   7.9718e-16
1914.00   1.2843e-16
1916.00   5.7840e-16
1918.00   1.2638e-15
1920.00   7.4315e-16
1922.00   2.0240e-16
1924.00   5.8731e-17
1926.00   1.4716e-15
1928.00   7.5269e-16
1930.00   4.2844e-16
1932.00   6.5181e-16
1934.00   3.0465e-16
1936.00   9.8869e-16
1938.00   9.9020e-17
1940.00   9.5548e-16
1942.00   2.2424e-16
1944.00   1.0516e-15
1946.00   7.0971e-16
1948.00   1.8330e-15
1950.00   2.4307e-16
1952.00   6.6013e-16
1954.00   3.2767e-16
1956.00   3.0614e-15
1958.00   8.2453e-15
1960.00   2.0713e-16
1962.00   1.6973e-15
1964.00   5.6543e-16
1966.00   4.2800e-15
1968.00   1.2460e-15
1970.00   3.0046e-15
1972.00   4.9833e-16
1974.00   1.1880e-15
1976.00   6.1373e-15
1978.00   4.7848e-16
1980.00   1.0810e-16
1982.00   3.5317e-17
1984.00   7.7304e-16
1986.00   1.2472e-15
1988.00   3.9083e-16
1990.00   6.5260e-16
1992.00   2.7049e-16
1994.00   7.4802e-16
1996.00   6.2570e-16
1998.00   1.0160e-16
2000.00   2.1507e-15
2002.00   1.0420e-16
2004.00   8.6056e-16
2006.00   4.8033e-16
2008.00   1.7975e-15
2010.00   9.6935e-16
2012.00   5.4249e-16
2014.00   1.3768e-15
2016.00   1.8783e-15
2018.00   8.8051e-16
2020.00   7.1162e-16
2022.00   9.4503e-17
2024.00   3.5326e-15
2026.00   4.5099e-16
2028.00   1.0509e-15
2030.00   5.7297e-15
2032.00   1.3939e-15
2034.00   7.2559e-16
2036.00   5.4012e-16
2038.00   3.8822e-16
2040.00   9.5587e-16
2042.00   2.8016e-17
2044.00   1.0222e-15
2046.00   8.5285e-17
2048.00   8.2965e-16
2050.00   5.8694e-17
2052.00   5.9880e-16
2054.00   2.8679e-16
2056.00   6.5015e-16
2058.00   5.9770e-16
2060.00   6.0298e-17
2062.00   5.7889e-16
2064.00   8.2033e-16
2066.00   6.3331e-16
2068.00   6.7993e-16
2070.00   2.3822e-15
2072.00   9.4112e-16
2074.00   6.1561e-16
2076.00   1.9593e-16
2078.00   1.6449e-15
2080.00   6.0041e-16
2082.00   3.1377e-16
2084.00   2.1534e-16
2086.00   3.5245e-16
2088.00   7.9748e-16
2090.00   2.1329e-17
2092.00   2.3726e-16
2094.00   1.0559e-15
2096.00   4.4943e-16
2098.00   4.1563e-16
2100.00   3.5838e-16
2102.00   1.2088e-15
2104.00   4.0203e-17
2106.00   1.7278e-15
2108.00   1.2547e-15
2110.00   1.7395e-15
2112.00   2.3379e-16
2114.00   1.1069e-15
2116.00   3.2079e-15
2118.00   4.9298e-16
2120.00   5.9178e-16
2122.00   3.4546e-16
2124.00   4.5156e-17
2126.00   4.6020e-16
2128.00   8.5851e-16
2130.00   1.0754e-15
2132.00   1.4351e-15
2134.00   4.1415e-16
2136.00   5.8275e-16
2138.00   1.4638e-15
2140.00   6.6983e-16
2142.00   1.3272e-15
2144.00   1.0648e-16
2146.00   1.1570e-15
2148.00   9.4675e-16
2150.00   8.0015e-16
2152.00   7.3923e-16
2154.00   4.0521e-16
2156.00   4.3849e-16
2158.00   4.7763e-16
2160.00   6.4059e-16
2162.00   1.1070e-15
2164.00   6.2120e-16
2166.00   8.9021e-16
2168.00   1.7269e-15
2170.00   3.2069e-16
2172.00   1.9495e-16
2174.00   1.7001e-15
2176.00   5.5434e-16
2178.00   6.0926e-16
2180.00   4.9651e-16
2182.00   1.3234e-16
2184.00   1.6482e-15
2186.00   1.3595e-16
2188.00   8.8610e-16
2190.00   4.0093e-16
2192.00   4.3999e-17
2194.00   4.0325e-16
2196.00   1.5934e-16
2198.00   1.4607e-16
2200.00   1.9493e-17
2202.00   4.2592e-16
2204.00   6.1353e-16
2206.00   6.0946e-16
2208.00   1.3169e-16
2210.00   6.4252e-16
2212.00   7.4160e-16
2214.00   1.2026e-15
2216.00   5.1480e-16
2218.00   4.8595e-16
2220.00   6.6874e-16
2222.00   9.6945e-16
2224.00   1.6769e-15
2226.00   6.9540e-16
2228.00   8.1616e-16
2230.00   5.4553e-16
2232.00   1.0870e-15
2234.00   1.7228e-15
2236.00   1.3565e-15
2238.00   1.2138e-15
2240.00   9.0854e-16
2242.00   1.4315e-15
2244.00   2.7113e-15
2246.00   1.4600e-15
2248.00   1.9561e-16
2250.00   2.9328e-15
2252.00   3.4008e-16
2254.00   2.4502e-15
2256.00   1.8693e-15
2258.00   1.0319e-15
2260.00   3.8246e-15
2262.00   7.6997e-16
2264.00   1.8807e-15
2266.00   2.9979e-15
2268.00   3.0707e-15
2270.00   1.4288e-15
2272.00   2.1583e-15
2274.00   1.9931e-15
2276.00   2.3928e-15
2278.00   1.6058e-15
2280.00   3.4555e-15
2282.00   5.5940e-16
2284.00   1.6880e-15
2286.00   1.1907e-15
2288.00   1.1714e-15
2290.00   6.7548e-16
2292.00   2.8821e-16
2294.00   3.3136e-15
2296.00   9.0530e-16
2298.00   1.0503e-15
2300.00   4.4857e-16
2302.00   6.0546e-16
2304.00   1.8762e-15
2306.00   1.0830e-15
2308.00   4.0818e-15
2310.00   8.1861e-16
2312.00   2.7389e-15
2314.00   2.5680e-15
2316.00   1.2016e-16
2318.00   1.9226e-15
2320.00   4.0478e-18
2322.00   1.6097e-15
2324.00   7.2483e-16
2326.00   2.5914e-15
2328.00   2.5003e-15
2330.00   2.1637e-15
2332.00   3.9172e-15
2334.00   2.4089e-17
2336.00   1.0880e-16
2338.00   1.5943e-15
2340.00   2.6927e-15
2342.00   3.4232e-16
2344.00   4.1543e-15
2346.00   2.5389e-15
2348.00   3.8652e-15
2350.00   1.4564e-17
2352.00   2.3400e-15
2354.00   1.6281e-15
2356.00   2.3805e-15
2358.00   7.9550e-16
2360.00   8.4580e-15
2362.00   2.7189e-15
2364.00   3.9216e-15
2366.00   3.9013e-15
2368.00   1.9318e-15
2370.00   2.1848e-15
2372.00   1.1463e-15
2374.00   4.0029e-15
2376.00   1.3365e-15
2378.00   2.7661e-16
2380.00   3.5330e-15
2382.00   1.1165e-14
2384.00   4.6769e-15
2386.00   2.9763e-15
2388.00   3.3654e-15
2390.00   5.8821e-16
2392.00   5.1842e-15
2394.00   1.6228e-15
2396.00   8.6695e-15
2398.00   3.0785e-16
2400.00   5.3308e-15
2402.00   1.9090e-15
2404.00   4.3214e-15
2406.00   4.6088e-15
2408.00   1.3777e-15
2410.00   3.7325e-15
2412.00   2.3958e-15
2414.00   4.0216e-15
2416.00   3.8332e-15
2418.00   4.2591e-15
2420.00   8.5848e-16
2422.00   2.1497e-15
2424.00   5.1125e-15
2426.00   2.0637e-15
2428.00   3.8793e-15
2430.00   1.0986e-14
2432.00   6.1385e-15
2434.00   5.6286e-15
2436.00   2.3480e-15
2438.00   1.4496e-15
2440.00   3.2087e-15
2442.00   4.0632e-15
2444.00   9.7336e-16
2446.00   6.1145e-15
2448.00   1.1374e-14
2450.00   2.1328e-15
2452.00   1.2857e-15
2454.00   2.5813e-15
2456.00   4.2744e-15
2458.00   3.4779e-15
2460.00   5.2085e-15
2462.00   6.1462e-15
2464.00   6.6912e-15
2466.00   5.1559e-15
2468.00   2.9453e-15
2470.00   5.4991e-15
2472.00   3.2629e-15
2474.00   4.2324e-15
2476.00   2.1969e-15
2478.00   2.4547e-15
2480.00   2.3170e-15
2482.00   4.0232e-15
2484.00   3.1145e-15
2486.00   4.7617e-15
2488.00   3.9505e-15
2490.00   3.6829e-15
2492.00   1.4123e-15
2494.00   2.4547e-15
2496.00   6.3733e-16
2498.00   3.3452e-15
2500.00   1.3140e-15
2502.00   1.6881e-15
2504.00   2.2865e-15
2506.00   1.5618e-14
2508.00   2.4671e-15
2510.00   2.7525e-15
2512.00   3.2052e-15
2514.00   3.6054e-15
2516.00   8.0695e-16
2518.00   1.5460e-15
2520.00   3.3792e-15
2522.00   3.9348e-15
2524.00   5.7208e-16
2526.00   5.2433e-15
2528.00   1.3246e-15
2530.00   3.1816e-15
2532.00   7.8338e-16
2534.00   8.3013e-16
2536.00   1.9143e-15
2538.00   4.9689e-15
2540.00   2.9389e-15
2542.00   3.8340e-15
2544.00   1.7877e-15
2546.00   2.4150e-15
2548.00   1.7288e-15
2550.00   2.9966e-15
2552.00   1.5208e-15
2554.00   1.2456e-15
2556.00   1.4198e-15
2558.00   1.6354e-15
2560.00   2.9293e-15
2562.00   4.7721e-15
2564.00   2.1742e-15
2566.00   3.5007e-15
2568.00   1.9454e-15
2570.00   1.3143e-15
2572.00   2.9637e-15
2574.00   2.1290e-15
2576.00   1.2205e-15
2578.00   2.0047e-15
2580.00   1.4517e-16
2582.00   4.3952e-15
2584.00   1.0937e-15
2586.00   3.6447e-15
2588.00   3.0422e-15
2590.00   1.2305e-15
2592.00   3.6625e-15
2594.00   4.7456e-16
2596.00   6.8826e-16
2598.00   5.7570e-15
2600.00   6.2888e-15
2602.00   9.2713e-18
2604.00   9.0382e-16
2606.00   2.5436e-15
2608.00   4.4736e-15
2610.00   2.5995e-15
2612.00   8.6835e-15
2614.00   4.5338e-15
2616.00   8.9744e-18
2618.00   3.7515e-15
2620.00   4.0922e-15
2622.00   2.5390e-15
2624.00   1.5852e-15
2626.00   9.4261e-15
2628.00   3.4974e-15
2630.00   1.8504e-15
2632.00   8.3656e-15
2634.00   1.1059e-15
2636.00   8.2184e-16
2638.00   9.6158e-16
2640.00   1.2831e-15
2642.00   1.7494e-15
2644.00   4.8249e-16
2646.00   5.9008e-16
2648.00   3.7610e-17
2650.00   1.2121e-15
2652.00   1.5454e-15
2654.00   1.0742e-15
2656.00   1.1154e-16
2658.00   5.0794e-16
2660.00   6.8547e-16
2662.00   6.1058e-17
2664.00   1.2234e-15
2666.00   1.4921e-15
2668.00   2.2517e-16
2670.00   1.5477e-15
2672.00   1.2747e-16
2674.00   9.1505e-18
2676.00   2.7933e-16
2678.00   1.2507e-15
2680.00   2.3591e-16
2682.00   1.1800e-15
2684.00   1.9725e-15
2686.00   9.6416e-16
2688.00   7.0971e-17
2690.00   5.9068e-16
2692.00   3.1365e-15
2694.00   7.8621e-16
2696.00   6.4146e-17
2698.00   1.2621e-15
2700.00   6.1103e-16
2702.00   2.4832e-17
2704.00   2.3352e-15
2706.00   2.9658e-15
2708.00   9.7586e-16
2710.00   2.9912e-15
2712.00   1.2254e-15
2714.00   1.6763e-15
2716.00   4.7043e-15
2718.00   4.0616e-15
2720.00   5.0058e-16
2722.00   1.9461e-15
2724.00   2.9013e-15
2726.00   3.5682e-16
2728.00   1.7038e-15
2730.00   2.7220e-15
2732.00   4.3311e-15
2734.00   2.3789e-16
2736.00   2.0057e-15
2738.00   2.8649e-15
2740.00   3.1563e-15
2742.00   4.8395e-16
2744.00   3.0631e-15
2746.00   5.2214e-15
2748.00   1.3423e-15
2750.00   4.9888e-15
2752.00   1.9074e-15
2754.00   2.4488e-15
2756.00   8.1824e-15
2758.00   1.1312e-15
2760.00   1.4400e-15
2762.00   3.3451e-15
2764.00   1.2712e-15
2766.00   3.2012e-18
2768.00   5.8469e-15
2770.00   5.9839e-16
2772.00   3.2413e-15
2774.00   1.7611e-15
2776.00   2.0284e-15
2778.00   1.0488e-15
2780.00   7.0758e-16
2782.00   1.1616e-15
2784.00   6.4508e-16
2786.00   2.0206e-15
2788.00   9.5505e-16
2790.00   5.8413e-16
2792.00   7.7710e-15
2794.00   1.0887e-15
2796.00   3.1354e-16
2798.00   1.3544e-16
2800.00   1.6597e-15
2802.00   1.7642e-18
2804.00   9.0071e-16
2806.00   1.1649e-15
2808.00   9.8679e-17
2810.00   2.0026e-16
2812.00   2.2630e-16
2814.00   7.5477e-16
2816.00   2.9547e-17
2818.00   3.4669e-16
2820.00   1.0758e-14
2822.00   7.3125e-16
2824.00   8.6226e-15
2826.00   1.2036e-15
2828.00   1.8696e-15
2830.00   4.4765e-16
2832.00   6.4870e-15
2834.00   1.0539e-15
2836.00   8.8396e-16
2838.00   1.7236e-15
2840.00   4.6881e-14
2842.00   3.2132e-16
2844.00   3.5989e-15
2846.00   1.5441e-14
2848.00   1.3363e-14
2850.00   1.2271e-15
2852.00   5.5831e-15
2854.00   2.2021e-16
2856.00   1.9265e-14
2858.00   4.1337e-15
2860.00   1.1383e-16
2862.00   2.1090e-16
2864.00   1.2135e-15
2866.00   4.3554e-15
2868.00   2.0813e-15
2870.00   4.8284e-15
2872.00   8.7939e-15
2874.00   6.6951e-17
2876.00   5.0046e-17
2878.00   1.0749e-16
2880.00   8.4464e-16
2882.00   1.4021e-14
2884.00   4.8330e-15
2886.00   1.7821e-15
2888.00   1.1637e-15
2890.00   1.6235e-15
2892.00   4.4373e-16
2894.00   1.5112e-16
2896.00   1.0774e-15
2898.00   1.1740e-15
2900.00   1.0359e-17
2902.00   8.9335e-16
2904.00   8.8783e-18
2906.00   6.4376e-16
2908.00   1.1046e-15
2910.00   1.6628e-15
2912.00   3.1945e-17
2914.00   2.0268e-17
2916.00   5.6660e-16
2918.00   9.0338e-16
2920.00   1.8226e-16
2922.00   5.5513e-17
2924.00   9.9166e-17
2926.00   3.4653e-15
2928.00   3.3556e-18
2930.00   1.3261e-16
2932.00   4.0879e-17
2934.00   5.8088e-16
2936.00   1.0110e-16
2938.00   3.7592e-17
2940.00   1.2617e-15
2942.00   5.0420e-18
2944.00   1.7348e-15
2946.00   8.4039e-16
2948.00   2.1729e-15
2950.00   1.1528e-15
2952.00   1.2152e-16
2954.00   1.3509e-15
2956.00   2.0577e-17
2958.00   2.9579e-17
2960.00   9.7914e-16
2962.00   1.0411e-15
2964.00   1.6877e-15
2966.00   2.4474e-15
2968.00   6.2977e-17
2970.00   3.1061e-15
2972.00   6.0138e-16
2974.00   8.8968e-17
2976.00   1.3025e-15
2978.00   1.1598e-16
2980.00   2.1342e-15
2982.00   2.4288e-16
2984.00   3.8880e-15
2986.00   2.5797e-15
2988.00   3.5170e-17
2990.00   1.4452e-17
2992.00   1.1398e-16
2994.00   2.1887e-16
2996.00   1.1250e-16
2998.00   6.5283e-16
3000.00   2.8365e-16
3002.00   4.0009e-15
3004.00   3.2400e-17
3006.00   1.3351e-17
3008.00   1.0796e-17
3010.00   8.9329e-16
3012.00   7.7652e-18
3014.00   6.6763e-16
3016.00   5.9381e-16
3018.00   4.3386e-16
3020.00   1.9701e-16
3022.00   7.4986e-17
3024.00   2.6559e-16
3026.00   6.5828e-17
3028.00   5.5033e-17
3030.00   4.6807e-16
3032.00   1.8554e-17
3034.00   6.4843e-16
3036.00   3.1738e-15
3038.00   1.3963e-16
3040.00   5.1788e-17
3042.00   1.9643e-17
3044.00   1.0778e-15
3046.00   1.0622e-16
3048.00   3.1231e-15
3050.00   1.8006e-16
3052.00   6.2689e-17
3054.00   2.6485e-18
3056.00   2.6289e-15
3058.00   2.4810e-17
3060.00   8.4363e-19
3062.00   2.0206e-16
3064.00   5.5011e-19
3066.00   9.7641e-16
3068.00   2.9160e-16
3070.00   6.1432e-16
3072.00   2.0868e-15
3074.00   6.5021e-18
3076.00   6.4682e-15
3078.00   1.6260e-14
3080.00   2.6713e-16
3082.00   9.5999e-18
3084.00   2.5199e-16
3086.00   2.9474e-18
3088.00   2.0145e-18
3090.00   2.0771e-16
3092.00   2.4722e-18
3094.00   4.0320e-18
3096.00   9.3558e-16
3098.00   2.3793e-17
3100.00   5.3739e-19
3102.00   1.5219e-16
3104.00   7.8562e-18
3106.00   1.0444e-15
3108.00   1.7452e-17
3110.00   3.3953e-18
3112.00   2.8316e-19
3114.00   1.8538e-16
3116.00   2.1410e-16
3118.00   9.3240e-18
3120.00   2.6712e-17
3122.00   9.5881e-18
3124.00   1.8882e-19
3126.00   1.3121e-17
3128.00   1.6243e-18
3130.00   2.3614e-17
3132.00   1.8007e-16
3134.00   9.4479e-18
3136.00   4.8846e-17
3138.00   1.1462e-17
3140.00   2.3704e-17
3142.00   1.9614e-15
3144.00   3.5066e-17
3146.00   2.3478e-16
3148.00   5.2236e-18
3150.00   3.0243e-18
3152.00   2.5641e-17
3154.00   2.9263e-18
3156.00   1.7292e-16
3158.00   2.9055e-16
3160.00   1.2995e-17
3162.00   2.4145e-15
3164.00   3.6332e-15
3166.00   1.6461e-15
3168.00   3.7964e-18
3170.00   1.1455e-15
3172.00   1.4370e-19
3174.00   1.7779e-18
3176.00   6.3107e-16
3178.00   1.7764e-15
3180.00   2.9657e-17
3182.00   9.2440e-19
3184.00   2.9623e-15
3186.00   3.5631e-15
3188.00   5.5773e-16
3190.00   2.5691e-16
3192.00   2.1015e-15
3194.00   1.8026e-15
3196.00   3.8247e-15
3198.00   3.2099e-17
3200.00   3.8612e-17
3202.00   1.1997e-18
3204.00   3.4418e-16
3206.00   6.2165e-19
3208.00   8.1879e-18
3210.00   1.8647e-15
3212.00   5.5154e-17
3214.00   1.9731e-15
3216.00   1.0381e-17
3218.00   4.9551e-18
3220.00   4.6219e-17
3222.00   2.4650e-17
3224.00   1.9072e-16
3226.00   2.0166e-17
3228.00   2.4783e-15
3230.00   3.0690e-16
3232.00   7.5303e-16
3234.00   2.2067e-16
3236.00   3.5618e-18
3238.00   6.0460e-16
3240.00   4.3298e-18
3242.00   4.5989e-19
3244.00   9.8714e-16
3246.00   2.0106e-17
3248.00   9.2037e-16
3250.00   6.2102e-16
3252.00   3.4060e-16
3254.00   2.4766e-16
3256.00   2.4937e-15
3258.00   1.1652e-15
3260.00   7.0328e-16
3262.00   2.9796e-17
3264.00   7.1785e-16
3266.00   3.8229e-17
3268.00   2.0185e-16
3270.00   4.8083e-17
3272.00   6.2258e-19
3274.00   1.7363e-17
3276.00   2.5146e-16
3278.00   5.4129e-15
3280.00   1.4380e-17
3282.00   1.9896e-15
3284.00   2.7757e-17
3286.00   1.3983e-15
3288.00   1.8556e-17
3290.00   4.1482e-16
3292.00   3.4903e-17
3294.00   3.0668e-19
3296.00   1.6538e-15
3298.00   7.9177e-16
3300.00   2.4912e-17
3302.00   8.5306e-16
3304.00   1.0994e-15
3306.00   1.0863e-15
3308.00   4.8227e-20
3310.00   1.7572e-16
3312.00   9.9963e-16
3314.00   4.5375e-16
3316.00   3.5608e-18
3318.00   3.2881e-16
3320.00   5.7806e-17
3322.00   1.4433e-16
3324.00   7.1473e-17
3326.00   3.6183e-17
3328.00   2.1246e-16
3330.00   2.2448e-17
3332.00   1.5592e-18
3334.00   5.4432e-18
3336.00   2.3812e-16
3338.00   2.1932e-16
3340.00   1.8916e-18
3342.00   1.4528e-17
3344.00   2.8201e-18
3346.00   7.5851e-20
3348.00   3.3544e-19
3350.00   6.1574e-19
3352.00   5.2336e-18
3354.00   1.4202e-18
3356.00   1.4511e-18
3358.00   8.3972e-16
3360.00   2.7260e-16
3362.00   1.8984e-16
3364.00   7.9691e-18
3366.00   3.4228e-16
3368.00   3.3921e-17
3370.00   1.2658e-16
3372.00   7.3327e-16
3374.00   1.0249e-18
3376.00   6.1369e-15
3378.00   2.1236e-19
3380.00   1.3084e-16
3382.00   1.0153e-16
3384.00   3.4984e-18
3386.00   3.8113e-17
3388.00   1.5154e-15
3390.00   3.9568e-17
3392.00   5.5090e-16
3394.00   5.4911e-18
3396.00   5.4691e-17
3398.00   1.2306e-17
3400.00   3.4770e-18
3402.00   2.0063e-17
3404.00   2.2616e-17
3406.00   1.9251e-17
3408.00   8.9060e-18
3410.00   8.6102e-17
3412.00   1.5050e-18
3414.00   1.0505e-16
3416.00   8.4021e-16
3418.00   2.1123e-19
3420.00   3.5683e-17
3422.00   2.3287e-18
3424.00   3.0439e-19
3426.00   9.9319e-17
3428.00   1.7481e-16
3430.00   6.5470e-17
3432.00   1.8065e-18
3434.00   1.2388e-17
3436.00   6.5309e-16
3438.00   1.0209e-17
3440.00   2.0703e-15
3442.00   2.3393e-17
3444.00   1.1731e-16
3446.00   7.8994e-18
3448.00   3.9655e-18
3450.00   1.2939e-16
3452.00   2.6900e-15
3454.00   3.3416e-16
3456.00   2.5924e-15
3458.00   3.7196e-17
3460.00   4.4446e-18
3462.00   1.1223e-18
3464.00   2.4530e-16
3466.00   8.1243e-18
3468.00   1.2176e-18
3470.00   8.6972e-17
3472.00   2.9181e-17
3474.00   4.2696e-18
3476.00   3.8691e-16
3478.00   2.0969e-16
3480.00   2.5701e-16
3482.00   2.9155e-16
3484.00   1.1788e-16
3486.00   2.0261e-16
3488.00   4.7567e-19
3490.00   5.3776e-16
3492.00   3.3429e-18
3494.00   6.6829e-16
3496.00   2.6209e-16
3498.00   2.1986e-17
3500.00   9.9526e-17
3502.00   2.1675e-15
3504.00   2.3105e-15
3506.00   5.2970e-17
3508.00   2.0161e-16
3510.00   6.0676e-18
3512.00   1.4196e-17
3514.00   1.6066e-18
3516.00   1.0194e-16
3518.00   3.3843e-17
3520.00   1.9892e-17
3522.00   4.9667e-16
3524.00   2.6097e-17
3526.00   1.9085e-16
3528.00   8.7355e-17
3530.00   5.9805e-17
3532.00   2.9866e-16
3534.00   8.8719e-19
3536.00   7.4547e-16
3538.00   1.3025e-15
3540.00   1.7568e-15
3542.00   1.8293e-16
3544.00   7.6541e-17
3546.00   7.3275e-18
3548.00   8.1755e-17
3550.00   5.6689e-18
3552.00   5.6470e-18
3554.00   2.6112e-17
3556.00   1.1312e-16
3558.00   5.4469e-17
3560.00   6.8085e-18
3562.00   1.7499e-18
3564.00   1.5622e-17
3566.00   5.5117e-17
3568.00   2.5946e-18
3570.00   2.1594e-18
3572.00   5.3866e-19
3574.00   8.5442e-18
3576.00   2.6953e-17
3578.00   1.9436e-18
3580.00   4.7685e-18
3582.00   5.1022e-20
3584.00   1.3987e-18
3586.00   2.4456e-17
3588.00   2.9162e-17
3590.00   6.4710e-17
3592.00   4.6048e-19
3594.00   1.4085e-18
3596.00   8.9745e-18
3598.00   2.7037e-18
3600.00   1.2909e-18
3602.00   1.7278e-17
3604.00   4.7898e-18
3606.00   7.1222e-18
3608.00   1.3550e-18
3610.00   1.5322e-17
3612.00   8.8194e-19
3614.00   1.8480e-17
3616.00   1.2124e-18
3618.00   8.7019e-18
3620.00   1.3199e-18
3622.00   2.5809e-16
3624.00   2.4420e-16
3626.00   2.5050e-17
3628.00   2.1959e-17
3630.00   6.6701e-19
3632.00   1.9653e-17
3634.00   5.4947e-18
3636.00   2.2103e-17
3638.00   3.3597e-18
3640.00   2.7274e-19
3642.00   2.4142e-16
3644.00   1.3216e-18
3646.00   3.1741e-18
3648.00   3.3254e-18
3650.00   3.6382e-19
3652.00   3.1122e-18
3654.00   9.5027e-20
3656.00   4.9677e-16
3658.00   2.3741e-18
3660.00   9.4776e-19
3662.00   4.5887e-18
3664.00   4.2289e-17
3666.00   3.5804e-18
3668.00   4.7152e-18
3670.00   4.6528e-18
3672.00   3.6405e-19
3674.00   3.9944e-18
3676.00   1.8357e-18
3678.00   2.5049e-19
3680.00   1.5703e-18
3682.00   1.3353e-17
3684.00   2.5033e-18
3686.00   2.4849e-17
3688.00   2.6780e-18
3690.00   3.1732e-18
3692.00   3.9138e-19
3694.00   3.4323e-18
3696.00   5.1821e-18
3698.00   3.3774e-17
3700.00   5.6177e-18
3702.00   9.4957e-22
3704.00   5.6030e-18
3706.00   5.3354e-20
3708.00   5.8114e-19
3710.00   1.2325e-17
3712.00   1.4039e-17
3714.00   1.7630e-18
3716.00   2.2267e-18
3718.00   8.3917e-19
3720.00   3.0180e-17
3722.00   3.0795e-17
3724.00   1.1262e-17
3726.00   1.0425e-17
3728.00   9.4572e-17
3730.00   9.0348e-19
3732.00   1.8870e-19
3734.00   4.8706e-19
3736.00   3.5689e-19
3738.00   1.5470e-18
3740.00   2.8715e-18
3742.00   1.0504e-17
3744.00   6.3309e-18
3746.00   2.0284e-17
3748.00   2.2570e-16
3750.00   3.0154e-18
3752.00   2.1065e-19
3754.00   3.4902e-17
3756.00   3.3154e-17
3758.00   3.1321e-17
3760.00   1.1437e-16
3762.00   1.3268e-16
3764.00   1.9659e-15
3766.00   1.3200e-18
3768.00   2.8044e-18
3770.00   4.2579e-19
3772.00   1.4535e-19
3774.00   2.9643e-19
3776.00   1.8080e-18
3778.00   6.7148e-18
3780.00   3.0082e-16
3782.00   2.7667e-17
3784.00   2.8055e-16
3786.00   3.3043e-17
3788.00   1.6764e-18
3790.00   1.4261e-19
3792.00   1.0922e-17
3794.00   6.2394e-19
3796.00   8.3536e-19
3798.00   6.6606e-17
3800.00   1.0897e-18
3802.00   1.3206e-18
3804.00   7.2659e-19
3806.00   4.1234e-18
3808.00   1.4376e-18
3810.00   6.3136e-19
3812.00   1.0546e-18
3814.00   3.7300e-17
3816.00   1.2181e-20
3818.00   4.5171e-19
3820.00   3.7241e-18
3822.00   1.0841e-16
3824.00   3.7449e-15
3826.00   1.2363e-19
3828.00   3.9939e-17
3830.00   1.2245e-18
3832.00   1.2639e-20
3834.00   3.0029e-17
3836.00   9.5399e-20
3838.00   1.8322e-16
3840.00   1.3355e-19
3842.00   2.2258e-19
3844.00   1.1387e-18
3846.00   4.0601e-17
3848.00   4.0062e-18
3850.00   6.0116e-19
3852.00   5.0094e-19
3854.00   7.7072e-20
3856.00   1.2438e-18
3858.00   5.2410e-19
3860.00   9.0557e-19
3862.00   6.6558e-19
3864.00   2.0917e-18
3866.00   6.0842e-19
3868.00   2.0071e-19
3870.00   5.6505e-19
3872.00   8.7016e-16
3874.00   2.9599e-17
3876.00   2.1736e-18
3878.00   9.4882e-19
3880.00   5.7675e-19
3882.00   2.8849e-17
3884.00   4.7381e-18
3886.00   5.2294e-19
3888.00   1.2404e-20
3890.00   2.0915e-19
3892.00   2.8830e-20
3894.00   2.7676e-18
3896.00   9.3580e-17
3898.00   4.1179e-20
3900.00   7.8196e-19
3902.00   1.7782e-20
3904.00   9.3784e-18
3906.00   7.4359e-17
3908.00   1.8297e-16
3910.00   3.8899e-17
3912.00   5.2278e-19
3914.00   2.3658e-16
3916.00   1.5577e-17
3918.00   6.0002e-18
3920.00   4.1083e-18
3922.00   3.0639e-18
3924.00   1.7676e-18
3926.00   6.3227e-19
3928.00   2.0644e-17
3930.00   4.3436e-16
3932.00   3.3247e-17
3934.00   1.9183e-19
3936.00   6.9249e-17
3938.00   1.1207e-15
3940.00   3.8489e-18
3942.00   2.5195e-19
3944.00   9.2768e-19
3946.00   3.8545e-16
3948.00   8.0799e-20
3950.00   7.8583e-18
3952.00   2.9858e-18
3954.00   5.5307e-19
3956.00   2.1741e-19
3958.00   4.1587e-17
3960.00   7.5921e-18
3962.00   2.4336e-18
3964.00   2.1693e-16
3966.00   2.2251e-17
3968.00   2.1121e-17
3970.00   5.9448e-16
3972.00   4.7887e-18
3974.00   2.3269e-15
3976.00   8.2331e-18
3978.00   1.7365e-18
3980.00   5.8936e-18
3982.00   1.1260e-16
3984.00   2.7666e-18
3986.00   8.0017e-19
3988.00   8.1493e-19
3990.00   3.5393e-17
3992.00   2.0386e-18
3994.00   2.8147e-19
3996.00   1.8088e-17
3998.00   7.4205e-20
4000.00   3.8664e-18
4002.00   1.0445e-15
4004.00   1.0699e-17
4006.00   5.3764e-20
4008.00   1.9299e-17
4010.00   9.2693e-19
4012.00   3.0898e-18
4014.00   2.2438e-18
4016.00   5.5769e-18
4018.00   1.5638e-17
4020.00   3.7566e-18
4022.00   8.1464e-18
4024.00   5.2777e-17
4026.00   3.5377e-19
4028.00   3.0445e-18
4030.00   1.5670e-19
4032.00   3.7168e-19
4034.00   3.3304e-17
4036.00   5.8166e-19
4038.00   3.3609e-19
4040.00   1.6159e-18
4042.00   4.9475e-18
4044.00   3.9446e-19
4046.00   1.0655e-18
4048.00   1.4596e-19
4050.00   1.2293e-17
4052.00   5.1422e-19
4054.00   2.6456e-20
4056.00   5.5243e-19
4058.00   6.6711e-18
4060.00   1.0962e-19
4062.00   1.0117e-16
4064.00   6.3589e-18
4066.00   1.8360e-20
4068.00   2.8746e-16
4070.00   1.0986e-17
4072.00   2.1763e-19
4074.00   1.2157e-17
4076.00   3.2336e-17
4078.00   8.5704e-17
4080.00   1.2076e-16
4082.00   1.8245e-17
4084.00   9.2545e-17
4086.00   4.2493e-19
4088.00   6.0722e-17
4090.00   2.6977e-19
4092.00   9.9893e-18
4094.00   4.2571e-18
4096.00   5.0000e-17
4098.00   3.1261e-16
4100.00   2.7649e-18
4102.00   1.6818e-18
4104.00   1.3662e-17
4106.00   1.9296e-18
4108.00   6.5570e-18
4110.00   2.6387e-18
4112.00   2.3774e-17
4114.00   7.8382e-17
4116.00   1.0543e-19
4118.00   1.6383e-18
4120.00   1.1833e-17
4122.00   3.2970e-16
4124.00   4.8238e-17
4126.00   3.2878e-19
4128.00   2.2954e-16
4130.00   1.0295e-18
4132.00   1.8721e-17
4134.00   6.2745e-18
4136.00   3.9771e-18
4138.00   1.3761e-16
4140.00   1.9006e-18
4142.00   8.2741e-19
4144.00   2.0478e-16
4146.00   2.1633e-16
4148.00   6.7665e-18
4150.00   1.6311e-17
4152.00   6.6912e-18
4154.00   2.5772e-18
4156.00   3.7252e-19
4158.00   1.2603e-16
4160.00   4.2460e-17
4162.00   5.9959e-18
4164.00   9.6297e-19
4166.00   4.3392e-19
4168.00   1.0203e-17
4170.00   2.6979e-18
4172.00   3.7152e-18
4174.00   1.5058e-15
4176.00   5.8333e-18
4178.00   4.8223e-15
4180.00   5.5852e-17
4182.00   5.0004e-18
4184.00   2.7853e-17
4186.00   5.2646e-19
4188.00   3.2632e-18
4190.00   8.8490e-18
4192.00   1.9612e-21
4194.00   6.5106e-20
4196.00   3.9303e-19
4198.00   2.2592e-17
4200.00   6.9749e-19
4202.00   1.2194e-17
4204.00   9.2577e-20
4206.00   7.9176e-18
4208.00   2.6716e-18
4210.00   3.4495e-17
4212.00   9.0451e-17
4214.00   1.3755e-18
4216.00   5.1346e-20
4218.00   4.3495e-19
4220.00   8.0331e-19
4222.00   2.3468e-18
4224.00   1.6664e-17
4226.00   6.6582e-19
4228.00   1.7219e-18
4230.00   4.6970e-21
4232.00   5.8441e-16
4234.00   3.5737e-15
4236.00   6.6345e-19
4238.00   1.0120e-18
4240.00   2.8522e-19
4242.00   9.6230e-19
4244.00   2.3649e-14
4246.00   9.9114e-21
4248.00   6.9845e-17
4250.00   1.1066e-17
4252.00   2.5802e-17
4254.00   6.4316e-19
4256.00   4.3210e-17
4258.00   2.1117e-16
4260.00   1.4144e-19
4262.00   2.7892e-20
4264.00   1.0858e-18
4266.00   2.7608e-17
4268.00   4.9836e-17
4270.00   2.1184e-18
4272.00   2.4653e-20
4274.00   2.9542e-16
4276.00   1.0445e-14
4278.00   1.3402e-16
4280.00   2.8327e-19
4282.00   5.2180e-18
4284.00   6.0236e-19
4286.00   2.8213e-18
4288.00   1.2730e-14
4290.00   4.1980e-19
4292.00   7.1220e-17
4294.00   1.0203e-19
4296.00   7.3953e-16
4298.00   7.5872e-20
4300.00   4.7349e-17
4302.00   3.2700e-17
4304.00   1.3247e-15
4306.00   3.2886e-15
4308.00   4.4385e-20
4310.00   6.3209e-19
4312.00   3.7604e-17
4314.00   6.4844e-16
4316.00   7.4871e-19
4318.00   6.1862e-18
4320.00   6.5860e-15
4322.00   3.3137e-17
4324.00   1.6438e-19
4326.00   3.0575e-17
4328.00   2.4077e-18
4330.00   1.9124e-16
4332.00   1.3191e-15
4334.00   2.5750e-20
4336.00   1.1738e-17
4338.00   9.2835e-16
4340.00   4.1651e-17
4342.00   2.0553e-18
4344.00   1.5692e-17
4346.00   4.6122e-15
4348.00   6.1918e-17
4350.00   1.9854e-19
4352.00   7.1310e-15
4354.00   4.7764e-19
4356.00   3.2585e-17
4358.00   6.7798e-15
4360.00   9.3054e-15
4362.00   2.4346e-17
4364.00   5.9919e-17
4366.00   1.2571e-18
4368.00   1.8027e-19
4370.00   1.4700e-16
4372.00   6.3638e-15
4374.00   2.0295e-19
4376.00   1.3976e-18
4378.00   2.1454e-18
4380.00   1.3139e-18
4382.00   4.0312e-16
4384.00   1.2032e-15
4386.00   9.8680e-16
4388.00   2.4274e-18
4390.00   8.2785e-23
4392.00   1.5457e-18
4394.00   5.3438e-19
4396.00   8.9345e-20
4398.00   9.0355e-16
4400.00   5.8477e-19
4402.00   2.9007e-17
4404.00   2.8884e-19
4406.00   2.2130e-18
4408.00   5.5417e-18
4410.00   2.5393e-17
4412.00   7.3454e-20
4414.00   1.0817e-14
4416.00   3.9349e-15
4418.00   2.8989e-19
4420.00   1.0063e-18
4422.00   2.1020e-18
4424.00   7.2988e-19
4426.00   5.8042e-19
4428.00   9.3023e-18
4430.00   8.9738e-19
4432.00   3.4787e-16
4434.00   8.3115e-19
4436.00   6.9127e-18
4438.00   4.1347e-19
4440.00   4.7006e-16
4442.00   2.6303e-18
4444.00   6.3370e-18
4446.00   3.0217e-18
4448.00   1.4873e-18
4450.00   9.6936e-19
4452.00   4.2334e-15
4454.00   1.0790e-18
4456.00   1.8941e-17
4458.00   1.9404e-15
4460.00   3.4688e-19
4462.00   2.5321e-17
4464.00   6.4869e-19
4466.00   3.8426e-18
4468.00   3.4456e-18
4470.00   1.1666e-16
4472.00   1.0249e-15
4474.00   2.0340e-15
4476.00   1.3549e-19
4478.00   1.0191e-18
4480.00   1.1666e-16
4482.00   4.6192e-21
4484.00   3.9506e-19
4486.00   1.1037e-19
4488.00   9.5504e-16
4490.00   2.0089e-15
4492.00   1.2535e-15
4494.00   2.9693e-18
4496.00   9.8740e-20
4498.00   5.8352e-18
4500.00   2.9996e-19
4502.00   4.1060e-19
4504.00   1.3339e-18
4506.00   7.9917e-19
4508.00   1.3745e-15
4510.00   2.4845e-16
4512.00   7.5966e-20
4514.00   4.5330e-16
4516.00   9.9385e-16
4518.00   1.1733e-19
4520.00   2.7614e-15
4522.00   1.7935e-15
4524.00   1.9691e-18
4526.00   7.9913e-18
4528.00   2.8254e-16
4530.00   2.6332e-18
4532.00   7.7959e-20
4534.00   4.5977e-16
4536.00   4.2750e-19
4538.00   5.8125e-19
4540.00   9.2935e-20
4542.00   1.1399e-15
4544.00   8.2923e-19
4546.00   2.9044e-19
4548.00   2.9402e-19
4550.00   2.2672e-15
4552.00   5.0798e-19
4554.00   3.5057e-19
4556.00   1.7729e-15
4558.00   9.6267e-21
4560.00   1.2450e-19
4562.00   3.3701e-19
4564.00   8.2450e-19
4566.00   3.7857e-19
4568.00   1.0479e-18
4570.00   5.1348e-19
4572.00   2.7445e-19
4574.00   3.4527e-20
4576.00   2.0599e-15
4578.00   8.7840e-18
4580.00   2.7305e-17
4582.00   8.0425e-16
4584.00   3.3441e-15
4586.00   1.8388e-17
4588.00   5.6545e-19
4590.00   9.1076e-19
4592.00   1.0605e-18
4594.00   3.8393e-18
4596.00   3.1152e-16
4598.00   1.3075e-17
4600.00   8.4710e-22
4602.00   1.4862e-18
4604.00   1.0012e-16
4606.00   5.5179e-19
4608.00   1.1952e-19
4610.00   5.5700e-19
4612.00   2.2275e-18
4614.00   1.1790e-19
4616.00   4.2253e-20
4618.00   2.9166e-19
4620.00   2.0293e-15
4622.00   8.5218e-19
4624.00   5.9742e-19
4626.00   1.3760e-18
4628.00   1.5572e-17
4630.00   5.0411e-15
4632.00   2.2770e-15
4634.00   2.3515e-18
4636.00   3.5548e-19
4638.00   1.4134e-18
4640.00   1.1365e-15
4642.00   2.2063e-19
4644.00   1.1338e-18
4646.00   9.9843e-22
4648.00   3.8315e-16
4650.00   1.5490e-19
4652.00   7.1191e-19
4654.00   2.8215e-20
4656.00   1.4054e-17
4658.00   4.1490e-19
4660.00   3.7574e-20
4662.00   6.1119e-18
4664.00   3.6572e-16
4666.00   1.3211e-15
4668.00   7.4178e-18
4670.00   2.0376e-17
4672.00   5.0923e-19
4674.00   5.2334e-21
4676.00   7.6572e-20
4678.00   2.6325e-19
4680.00   1.5349e-20
4682.00   4.2598e-21
4684.00   3.8158e-19
4686.00   5.5223e-19
4688.00   4.9109e-16
4690.00   8.2009e-20
4692.00   7.1488e-20
4694.00   1.0813e-19
4696.00   7.4722e-19
4698.00   5.2343e-19
4700.00   3.1489e-19
4702.00   5.0018e-19
4704.00   3.2453e-17
4706.00   7.2909e-19
4708.00   2.3338e-19
4710.00   3.1269e-19
4712.00   9.9478e-22
4714.00   1.0435e-18
4716.00   2.9680e-16
4718.00   6.2056e-19
4720.00   3.0697e-17
4722.00   8.7855e-19
4724.00   2.4765e-19
4726.00   5.6831e-20
4728.00   2.4474e-15
4730.00   2.0904e-19
4732.00   7.3890e-17
4734.00   7.5813e-20
4736.00   2.3640e-19
4738.00   1.6177e-18
4740.00   1.0152e-19
4742.00   8.6670e-20
4744.00   6.6678e-18
4746.00   2.1974e-16
4748.00   3.9107e-20
4750.00   1.2069e-16
4752.00   7.5512e-20
4754.00   7.3902e-19
4756.00   2.9974e-19
4758.00   4.6165e-20
4760.00   2.8041e-18
4762.00   1.9413e-20
4764.00   1.3373e-19
4766.00   5.4496e-20
4768.00   2.2007e-19
4770.00   1.1577e-20
4772.00   1.1762e-16
4774.00   2.2033e-15
4776.00   3.5528e-19
4778.00   2.7917e-18
4780.00   2.7230e-19
4782.00   6.5923e-21
4784.00   1.3561e-20
4786.00   1.5475e-18
4788.00   7.7667e-22
4790.00   1.9701e-20
4792.00   8.9201e-20
4794.00   1.2801e-21
4796.00   4.2763e-19
4798.00   3.2994e-16
4800.00   6.6212e-18
4802.00   1.7927e-19
4804.00   5.6921e-19
4806.00   1.9046e-19
4808.00   3.3677e-19
4810.00   2.7346e-18
4812.00   7.3933e-20
4814.00   4.7366e-15
4816.00   4.0002e-19
4818.00   1.2250e-18
4820.00   3.3434e-19
4822.00   4.2613e-20
4824.00   4.2577e-18
4826.00   5.6091e-16
4828.00   4.2380e-20
4830.00   2.6861e-19
4832.00   3.3982e-17
4834.00   6.6855e-17
4836.00   4.2218e-19
4838.00   1.4675e-19
4840.00   2.4964e-17
4842.00   3.6230e-19
4844.00   2.7947e-18
4846.00   1.7975e-18
4848.00   2.1013e-17
4850.00   5.3721e-20
4852.00   2.5471e-16
4854.00   6.3966e-20
4856.00   1.0980e-17
4858.00   2.0940e-20
4860.00   1.0605e-19
4862.00   3.7748e-20
4864.00   5.4628e-20
4866.00   1.0339e-18
4868.00   1.4729e-16
4870.00   8.3125e-18
4872.00   2.1425e-17
4874.00   3.0140e-15
4876.00   4.7391e-18
4878.00   2.0601e-19
4880.00   6.3475e-19
4882.00   2.7022e-19
4884.00   6.8798e-19
4886.00   9.3539e-18
4888.00   2.1593e-19
4890.00   3.2855e-15
4892.00   1.5083e-18
4894.00   4.1905e-18
4896.00   2.6316e-18
4898.00   1.0938e-15
4900.00   1.0316e-19
4902.00   9.1669e-18
4904.00   1.7576e-16
4906.00   2.9948e-15
4908.00   3.2076e-21
4910.00   9.1336e-20
4912.00   1.3578e-18
4914.00   9.2377e-21
4916.00   2.2475e-20
4918.00   2.4593e-19
4920.00   9.4446e-20
4922.00   3.4608e-18
4924.00   1.7863e-15
4926.00   1.2762e-19
4928.00   1.9599e-18
4930.00   8.0660e-21
4932.00   2.7767e-18
4934.00   2.6780e-20
4936.00   1.0992e-18
4938.00   5.8311e-20
4940.00   6.7594e-20
4942.00   4.9307e-20
4944.00   4.4525e-19
4946.00   4.9908e-19
4948.00   5.2570e-15
4950.00   2.0485e-15
4952.00   1.4460e-17
4954.00   3.1278e-17
4956.00   4.4364e-19
4958.00   4.5815e-17
4960.00   5.0611e-20
4962.00   9.1507e-19
4964.00   1.8727e-20
4966.00   9.9041e-18
4968.00   3.3809e-19
4970.00   3.9882e-19
4972.00   4.2495e-19
4974.00   2.3464e-15
4976.00   2.3344e-17
4978.00   5.6816e-20
4980.00   2.0169e-19
4982.00   9.7846e-21
4984.00   3.6277e-21
4986.00   2.9369e-18
4988.00   5.7490e-18
4990.00   8.7485e-21
4992.00   7.6392e-18
4994.00   1.3041e-17
4996.00   7.2613e-20
4998.00   5.5986e-18
5000.00   1.1839e-17
5002.00   3.7961e-20
5004.00   1.5411e-19
5006.00   4.1328e-15
5008.00   6.2113e-21
5010.00   4.4200e-21
5012.00   2.6369e-21
5014.00   1.4304e-19
5016.00   2.7009e-18
5018.00   2.0730e-15
5020.00   2.1340e-15
5022.00   1.6258e-18
5024.00   5.3031e-20
5026.00   5.0721e-20
5028.00   7.4755e-17
5030.00   6.9406e-19
5032.00   8.3838e-22
5034.00   1.1114e-20
5036.00   8.2942e-18
5038.00   1.0342e-21
5040.00   7.7132e-16
5042.00   1.4964e-19
5044.00   1.4400e-15
5046.00   1.5524e-17
5048.00   2.9860e-16
5050.00   3.4580e-15
5052.00   2.4787e-19
5054.00   2.1257e-19
5056.00   6.7181e-19
5058.00   8.5242e-20
5060.00   4.8142e-16
5062.00   6.2734e-20
5064.00   2.4534e-20
5066.00   1.3254e-17
5068.00   2.7203e-22
5070.00   8.1743e-20
5072.00   7.8857e-15
5074.00   5.9768e-18
5076.00   9.6170e-16
5078.00   4.1682e-20
5080.00   1.4807e-19
5082.00   9.1689e-22
5084.00   1.5778e-17
5086.00   1.5844e-17
5088.00   3.8818e-20
5090.00   2.3682e-19
5092.00   2.5066e-21
5094.00   3.1461e-18
5096.00   3.0610e-19
5098.00   6.2656e-21
5100.00   5.5945e-17
5102.00   5.9758e-19
5104.00   9.9901e-21
5106.00   7.1305e-20
5108.00   1.4218e-15
5110.00   2.7067e-20
5112.00   4.7584e-15
5114.00   2.3690e-22
5116.00   3.4144e-20
5118.00   1.3787e-21
5120.00   2.0404e-17
5122.00   1.1383e-19
5124.00   1.2756e-18
5126.00   1.4937e-18
5128.00   1.1433e-17
5130.00   4.8476e-19
5132.00   5.2632e-17
5134.00   1.0512e-19
5136.00   2.4737e-17
5138.00   9.9640e-21
5140.00   1.6321e-20
5142.00   3.5185e-20
5144.00   7.0387e-20
5146.00   1.7095e-17
5148.00   9.3574e-20
5150.00   1.6630e-17
5152.00   4.2228e-21
5154.00   4.2546e-17
5156.00   4.5492e-21
5158.00   2.8974e-14
5160.00   1.4341e-17
5162.00   1.8382e-17
5164.00   4.4175e-16
5166.00   8.0051e-20
5168.00   5.6118e-19
5170.00   2.3260e-15
5172.00   3.3261e-16
5174.00   5.6603e-24
5176.00   1.3362e-20
5178.00   3.0927e-18
5180.00   7.7255e-19
5182.00   2.0010e-15
5184.00   2.5663e-15
5186.00   8.5258e-17
5188.00   1.4250e-19
5190.00   6.2362e-21
5192.00   2.3779e-18
5194.00   1.4639e-19
5196.00   8.6087e-22
5198.00   3.0956e-15
5200.00   9.7756e-17
5202.00   4.4895e-22
5204.00   3.9877e-20
5206.00   1.2071e-18
5208.00   4.2247e-20
5210.00   4.3300e-19
5212.00   7.5322e-20
5214.00   3.8270e-20
5216.00   3.4247e-19
5218.00   4.4797e-18
5220.00   7.6445e-16
5222.00   2.3982e-19
5224.00   1.7404e-19
5226.00   9.1353e-19
5228.00   3.4928e-18
5230.00   2.8732e-23
5232.00   3.6418e-18
5234.00   3.9641e-15
5236.00   1.7714e-18
5238.00   9.3451e-18
5240.00   3.9706e-19
5242.00   7.4102e-20
5244.00   1.0198e-18
5246.00   6.7536e-20
5248.00   8.6526e-20
5250.00   5.0209e-19
5252.00   1.6314e-18
5254.00   7.8969e-16
5256.00   1.3721e-16
5258.00   1.8743e-18
5260.00   5.6560e-19
5262.00   1.5414e-14
5264.00   1.1744e-16
5266.00   1.2446e-22
5268.00   2.6080e-15
5270.00   4.5186e-19
5272.00   5.5825e-17
5274.00   9.2696e-15
5276.00   5.5368e-15
5278.00   6.2518e-17
5280.00   1.7028e-17
5282.00   3.7688e-19
5284.00   2.0795e-15
5286.00   1.9731e-19
5288.00   9.7781e-20
5290.00   1.0439e-19
5292.00   1.0489e-18
5294.00   4.7102e-19
5296.00   1.0100e-15
5298.00   6.6894e-18
5300.00   1.7663e-19
5302.00   2.4348e-20
5304.00   4.1269e-18
5306.00   4.4116e-20
5308.00   8.2464e-20
5310.00   4.6676e-19
5312.00   2.6948e-20
5314.00   2.7986e-18
5316.00   9.3884e-15
5318.00   5.3844e-20
5320.00   7.7416e-19
5322.00   7.8080e-19
5324.00   5.1447e-18
5326.00   1.1161e-15
5328.00   4.5191e-20
5330.00   3.6938e-19
5332.00   4.0798e-19
5334.00   7.2623e-15
5336.00   3.1441e-19
5338.00   2.9829e-17
5340.00   5.5484e-19
5342.00   2.9082e-19
5344.00   4.6036e-19
5346.00   2.9525e-17
5348.00   8.0328e-16
5350.00   1.2520e-19
5352.00   2.6245e-19
5354.00   5.6826e-19
5356.00   9.4206e-20
5358.00   4.4437e-18
5360.00   2.5833e-18
5362.00   4.9954e-16
5364.00   2.9097e-18
5366.00   6.8832e-19
5368.00   1.8278e-19
5370.00   5.0739e-19
5372.00   2.0346e-20
5374.00   2.5019e-22
5376.00   7.6125e-15
5378.00   1.3791e-19
5380.00   4.1335e-19
5382.00   9.7392e-19
5384.00   1.0350e-17
5386.00   1.6382e-19
5388.00   4.1499e-18
5390.00   3.1846e-20
5392.00   2.5214e-20
5394.00   2.4237e-18
5396.00   2.8025e-18
5398.00   2.4256e-20
5400.00   2.8947e-20
5402.00   1.6084e-19
5404.00   1.0225e-19
5406.00   1.5240e-19
5408.00   2.3489e-18
5410.00   2.1971e-18
5412.00   1.0875e-15
5414.00   5.3202e-17
5416.00   1.2882e-19
5418.00   7.7718e-20
5420.00   9.2899e-19
5422.00   5.3295e-19
5424.00   4.1282e-19
5426.00   1.2901e-15
5428.00   3.0046e-17
5430.00   5.0494e-21
5432.00   1.2989e-17
5434.00   2.7743e-15
5436.00   8.1052e-19
5438.00   4.2787e-18
5440.00   1.0322e-17
5442.00   8.6403e-20
5444.00   4.6433e-19
5446.00   5.3310e-18
5448.00   8.8530e-21
5450.00   1.0773e-17
5452.00   2.2932e-18
5454.00   1.4317e-19
5456.00   1.0906e-19
5458.00   6.7447e-20
5460.00   7.4330e-20
5462.00   1.3235e-24
5464.00   7.8822e-22
5466.00   4.0334e-18
5468.00   8.0739e-19
5470.00   6.6087e-19
5472.00   2.3577e-20
5474.00   1.6767e-20
5476.00   3.9280e-21
5478.00   2.5360e-16
5480.00   1.6206e-20
5482.00   1.0261e-19
5484.00   2.4908e-19
5486.00   6.5730e-18
5488.00   1.5405e-18
5490.00   2.5751e-20
5492.00   3.8066e-21
5494.00   6.8305e-23
5496.00   5.6632e-16
5498.00   6.1080e-18
5500.00   2.9094e-18
5502.00   1.8509e-18
5504.00   1.0464e-18
5506.00   3.0916e-18
5508.00   4.3325e-19
5510.00   2.4862e-18
5512.00   8.2482e-19
5514.00   3.0200e-19
5516.00   6.0859e-21
5518.00   8.0535e-19
5520.00   1.4139e-18
5522.00   1.1368e-19
5524.00   4.0728e-19
5526.00   3.8352e-18
5528.00   2.2318e-15
5530.00   2.5958e-17
5532.00   3.2216e-18
5534.00   1.0184e-16
5536.00   3.6002e-20
5538.00   4.3447e-18
5540.00   3.5929e-19
5542.00   6.6833e-19
5544.00   6.6598e-18
5546.00   1.1397e-17
5548.00   6.9837e-20
5550.00   3.3357e-20
5552.00   6.1607e-16
5554.00   3.2436e-19
5556.00   5.8148e-16
5558.00   7.2719e-21
5560.00   1.9251e-19
5562.00   1.2149e-19
5564.00   7.5205e-20
5566.00   2.3204e-18
5568.00   1.8837e-17
5570.00   2.2545e-19
5572.00   5.1462e-19
5574.00   2.3167e-18
5576.00   1.7955e-22
5578.00   1.3458e-19
5580.00   4.8683e-16
5582.00   3.0710e-18
5584.00   2.2991e-21
5586.00   2.8084e-17
5588.00   2.6898e-16
5590.00   5.8698e-21
5592.00   2.5912e-18
5594.00   4.4630e-22
5596.00   1.4747e-18
5598.00   1.0256e-20
5600.00   5.0990e-19
5602.00   7.3148e-20
5604.00   4.3906e-21
5606.00   1.2525e-20
5608.00   1.2766e-18
5610.00   1.6362e-19
5612.00   1.6278e-18
5614.00   3.7171e-16
5616.00   2.8814e-19
5618.00   6.2442e-19
5620.00   1.9003e-19
5622.00   5.7462e-20
5624.00   9.6532e-18
5626.00   3.9758e-18
5628.00   2.3745e-16
5630.00   4.8267e-18
5632.00   3.5293e-19
5634.00   6.5021e-20
5636.00   3.4675e-19
5638.00   1.6948e-18
5640.00   1.2296e-19
5642.00   7.6250e-22
5644.00   8.3370e-17
5646.00   1.5980e-21
5648.00   4.1982e-17
5650.00   4.3968e-16
5652.00   1.7941e-18
5654.00   2.3331e-16
5656.00   3.1118e-17
5658.00   6.0309e-17
5660.00   2.6724e-18
5662.00   6.9458e-18
5664.00   3.2313e-18
5666.00   4.6257e-17
5668.00   2.6022e-19
5670.00   4.2044e-17
5672.00   1.6150e-21
5674.00   5.0326e-16
5676.00   1.4476e-18
5678.00   2.2802e-19
5680.00   6.0325e-18
5682.00   1.1967e-19
5684.00   3.1184e-18
5686.00   1.9198e-22
5688.00   2.3811e-21
5690.00   1.4447e-16
5692.00   1.1814e-17
5694.00   5.0579e-22
5696.00   1.0624e-19
5698.00   9.4395e-24
5700.00   2.0946e-18
5702.00   6.5917e-20
5704.00   4.4896e-19
5706.00   1.4569e-19
5708.00   2.2931e-18
5710.00   7.5130e-20
5712.00   2.0530e-17
5714.00   3.0777e-20
5716.00   8.4118e-18
5718.00   2.5762e-16
5720.00   1.2878e-21
5722.00   1.0850e-17
5724.00   1.2745e-18
5726.00   1.2622e-16
5728.00   1.4724e-19
5730.00   6.4061e-19
5732.00   1.5764e-17
5734.00   5.9245e-18
5736.00   1.3046e-22
5738.00   3.5690e-18
5740.00   4.7682e-21
5742.00   6.0456e-18
5744.00   2.9920e-18
5746.00   4.8963e-16
5748.00   7.1002e-19
5750.00   9.3949e-18
5752.00   4.1744e-20
5754.00   1.1085e-17
5756.00   3.9574e-17
5758.00   3.0538e-19
5760.00   8.0858e-19
5762.00   2.0888e-18
5764.00   3.4073e-21
5766.00   3.2849e-18
5768.00   1.2128e-17
5770.00   2.5111e-20
5772.00   6.6948e-21
5774.00   4.7730e-20
5776.00   6.5978e-18
5778.00   2.2209e-18
5780.00   7.5175e-18
5782.00   3.8364e-17
5784.00   9.5116e-19
5786.00   7.7834e-21
5788.00   4.6770e-19
5790.00   2.2199e-19
5792.00   8.6187e-20
5794.00   5.8061e-20
5796.00   3.0967e-18
5798.00   1.1723e-16
5800.00   2.0224e-20
5802.00   1.8171e-18
5804.00   2.2267e-19
5806.00   4.6809e-20
5808.00   1.8759e-18
5810.00   1.3379e-18
5812.00   1.2300e-18
5814.00   2.7919e-17
5816.00   2.2596e-21
5818.00   9.1576e-21
5820.00   1.9076e-24
5822.00   1.6618e-19
5824.00   2.7115e-18
5826.00   1.7409e-18
5828.00   2.3814e-21
5830.00   2.8201e-17
5832.00   5.0393e-19
5834.00   6.1587e-19
5836.00   5.8960e-16
5838.00   1.3615e-21
5840.00   2.3747e-20
5842.00   1.5074e-17
5844.00   1.6420e-17
5846.00   5.4227e-22
5848.00   6.8113e-17
5850.00   5.0094e-19
5852.00   8.7085e-20
5854.00   5.6895e-18
5856.00   8.4074e-20
5858.00   6.6865e-18
5860.00   6.2078e-18
5862.00   6.7737e-19
5864.00   4.6859e-18
5866.00   1.0286e-20
5868.00   3.4912e-19
5870.00   5.3256e-16
5872.00   1.7549e-21
5874.00   4.1556e-20
5876.00   1.6742e-20
5878.00   1.8065e-20
5880.00   4.7903e-17
5882.00   1.8442e-20
5884.00   3.2172e-20
5886.00   1.7159e-19
5888.00   1.8157e-20
5890.00   4.4096e-22
5892.00   2.1127e-18
5894.00   2.6949e-20
5896.00   4.5962e-19
5898.00   1.4570e-18
5900.00   5.7302e-21
5902.00   6.9753e-17
5904.00   6.7838e-20
5906.00   4.9300e-20
5908.00   1.3743e-18
5910.00   4.5771e-18
5912.00   7.0032e-19
5914.00   2.0297e-16
5916.00   1.8211e-21
5918.00   5.1960e-21
5920.00   1.2076e-19
5922.00   1.9433e-17
5924.00   5.3061e-18
5926.00   6.1836e-19
5928.00   6.1494e-22
5930.00   6.7331e-18
5932.00   3.2631e-18
5934.00   1.6125e-21
5936.00   6.7733e-23
5938.00   2.4856e-19
5940.00   5.2780e-20
5942.00   2.2642e-20
5944.00   3.0731e-19
5946.00   5.1966e-19
5948.00   1.7123e-19
5950.00   3.4868e-20
5952.00   1.5870e-17
5954.00   9.8934e-22
5956.00   2.0153e-17
5958.00   2.1545e-21
5960.00   1.9346e-21
5962.00   1.3062e-17
5964.00   1.3494e-20
5966.00   4.0695e-23
5968.00   7.6463e-18
5970.00   2.1953e-19
5972.00   6.2328e-19
5974.00   6.7151e-20
5976.00   1.9610e-20
5978.00   6.7554e-21
5980.00   4.0584e-21
5982.00   6.4376e-17
5984.00   9.4116e-19
5986.00   1.5719e-18
5988.00   3.9384e-20
5990.00   3.3122e-19
5992.00   2.3743e-16
5994.00   7.5915e-19
5996.00   1.1496e-19
5998.00   1.0649e-19
6000.00   5.3380e-20
6002.00   3.1103e-19
6004.00   9.0835e-17
6006.00   5.7069e-19
6008.00   1.2690e-20
6010.00   8.5099e-22
6012.00   2.7447e-21
6014.00   1.8215e-19
6016.00   1.6569e-17
6018.00   2.7452e-17
6020.00   1.2422e-21
6022.00   5.6978e-18
6024.00   4.8216e-20
6026.00   3.4814e-22
6028.00   1.3679e-19
6030.00   1.0642e-20
6032.00   9.6868e-19
6034.00   1.2314e-18
6036.00   2.7686e-19
6038.00   1.0544e-19
6040.00   8.1552e-18
6042.00   2.1731e-20
6044.00   4.3640e-16
6046.00   6.6013e-18
6048.00   4.7013e-19
6050.00   1.8999e-17
6052.00   5.4223e-19
6054.00   9.7594e-21
6056.00   2.3646e-23
6058.00   9.5567e-20
6060.00   1.4015e-16
6062.00   6.6299e-21
6064.00   3.3527e-19
6066.00   1.4879e-24
6068.00   7.6910e-19
6070.00   1.1549e-18
6072.00   1.1801e-19
6074.00   4.6942e-20
6076.00   3.4227e-18
6078.00   5.4566e-17
6080.00   6.2430e-19
6082.00   3.8635e-22
6084.00   2.1922e-17
6086.00   1.4156e-19
6088.00   2.1865e-17
6090.00   7.3329e-23
6092.00   3.2551e-20
6094.00   4.2989e-18
6096.00   5.9565e-20
6098.00   4.8448e-19
6100.00   1.0681e-19
6102.00   8.6135e-24
6104.00   1.0825e-17
6106.00   2.5544e-19
6108.00   2.2705e-19
6110.00   2.9021e-25
6112.00   4.6763e-21
6114.00   4.3720e-17
6116.00   1.2064e-17
6118.00   4.5904e-19
6120.00   1.6567e-18
6122.00   6.6129e-19
6124.00   3.2243e-23
6126.00   2.0884e-20
6128.00   9.8740e-26
6130.00   2.6632e-17
6132.00   3.3098e-21
6134.00   8.1112e-19
6136.00   2.2175e-20
6138.00   1.7695e-20
6140.00   2.2466e-22
6142.00   5.6336e-18
6144.00   1.9338e-21
6146.00   1.2611e-19
6148.00   4.2202e-16
6150.00   4.1264e-16
6152.00   1.3585e-19
6154.00   2.2777e-18
6156.00   2.6515e-18
6158.00   1.1518e-18
6160.00   3.6447e-18
6162.00   5.4123e-22
6164.00   9.3582e-19
6166.00   3.1995e-19
6168.00   3.8722e-19
6170.00   1.6556e-20
6172.00   3.9318e-17
6174.00   1.2640e-20
6176.00   1.4070e-17
6178.00   1.3215e-19
6180.00   1.2354e-17
6182.00   4.1079e-22
6184.00   1.3653e-17
6186.00   4.5709e-17
6188.00   4.0127e-16
6190.00   1.2778e-19
6192.00   2.5396e-20
6194.00   5.4230e-22
6196.00   1.6406e-18
6198.00   4.5440e-19
6200.00   2.0127e-17
6202.00   2.1428e-19
6204.00   2.5429e-19
6206.00   5.7644e-22
6208.00   2.7367e-21
6210.00   8.1449e-21
6212.00   2.4484e-25
6214.00   2.7051e-19
6216.00   3.3929e-21
6218.00   4.7631e-19
6220.00   2.4749e-18
6222.00   5.8218e-19
6224.00   6.9268e-22
6226.00   1.5203e-25
6228.00   1.6484e-19
6230.00   2.5615e-17
6232.00   1.0782e-17
6234.00   2.8168e-17
6236.00   4.0970e-20
6238.00   6.2394e-16
6240.00   1.2126e-16
6242.00   6.8854e-21
6244.00   4.4644e-19
6246.00   1.2566e-20
6248.00   1.1420e-15
6250.00   1.4144e-24
6252.00   2.7449e-21
6254.00   2.9034e-19
6256.00   1.1015e-18
6258.00   7.5233e-20
6260.00   2.4410e-19
6262.00   6.0163e-17
6264.00   1.1330e-17
6266.00   2.1602e-20
6268.00   9.7654e-21
6270.00   8.0141e-19
6272.00   7.5450e-20
6274.00   9.9665e-19
6276.00   4.8125e-17
6278.00   3.1154e-22
6280.00   3.0846e-17
6282.00   1.8343e-20
6284.00   1.7502e-22
6286.00   4.3323e-23
6288.00   8.3506e-20
6290.00   2.6617e-18
6292.00   9.3164e-20
6294.00   7.0363e-20
6296.00   1.7465e-21
6298.00   5.9827e-20
6300.00   6.8519e-20
6302.00   6.0589e-18
6304.00   9.4302e-19
6306.00   1.5861e-17
6308.00   6.0724e-18
6310.00   5.7411e-18
6312.00   8.3471e-23
6314.00   5.0700e-21
6316.00   3.0872e-19
6318.00   2.5067e-16
6320.00   9.6720e-18
6322.00   1.7338e-18
6324.00   4.1440e-23
6326.00   2.0780e-18
6328.00   3.9724e-19
6330.00   1.5617e-18
6332.00   5.9695e-18
6334.00   1.0643e-23
6336.00   6.5958e-21
6338.00   1.7223e-17
6340.00   1.0169e-18
6342.00   3.9176e-20
6344.00   5.2000e-21
6346.00   1.0463e-17
6348.00   3.4243e-17
6350.00   9.8655e-19
6352.00   8.5171e-25
6354.00   1.7828e-16
6356.00   6.3786e-20
6358.00   1.3438e-20
6360.00   6.8022e-19
6362.00   7.4269e-19
6364.00   2.5308e-20
6366.00   7.0363e-20
6368.00   2.1039e-25
6370.00   6.4875e-17
6372.00   3.6942e-17
6374.00   9.2574e-21
6376.00   1.5204e-22
6378.00   1.1342e-18
6380.00   1.3188e-18
6382.00   4.8704e-20
6384.00   1.2851e-16
6386.00   3.3535e-17
6388.00   9.3059e-19
6390.00   7.5328e-21
6392.00   1.4485e-19
6394.00   1.5153e-19
6396.00   3.4746e-17
6398.00   1.2528e-18
6400.00   1.5796e-19
6402.00   6.3920e-18
6404.00   3.6489e-17
6406.00   2.4785e-20
6408.00   9.5238e-17
6410.00   9.4237e-19
6412.00   9.9832e-21
6414.00   1.4283e-24
6416.00   7.6686e-16
6418.00   1.9169e-19
6420.00   2.5618e-20
6422.00   2.3241e-20
6424.00   5.9276e-20
6426.00   3.1253e-22
6428.00   1.1806e-18
6430.00   6.9697e-22
6432.00   2.1934e-16
6434.00   9.9974e-19
6436.00   9.6251e-20
6438.00   2.5850e-21
6440.00   3.6012e-16
6442.00   1.3447e-17
6444.00   1.0626e-19
6446.00   9.4782e-18
6448.00   4.5353e-23
6450.00   7.4517e-21
6452.00   3.0228e-20
6454.00   7.9974e-19
6456.00   2.5336e-15
6458.00   4.3342e-22
6460.00   3.6914e-22
6462.00   4.3847e-21
6464.00   8.8738e-24
6466.00   2.9104e-17
6468.00   3.2229e-19
6470.00   6.4064e-23
6472.00   8.7508e-19
6474.00   3.1469e-16
6476.00   6.2970e-24
6478.00   1.0223e-25
6480.00   2.4417e-19
6482.00   2.1364e-17
6484.00   2.4162e-19
6486.00   5.6267e-17
6488.00   7.3034e-19
6490.00   2.2635e-21
6492.00   5.4690e-17
6494.00   6.6971e-17
6496.00   3.4025e-21
6498.00   6.3166e-22
6500.00   1.5618e-21
6502.00   1.3750e-22
6504.00   1.2672e-20
6506.00   6.2347e-18
6508.00   3.0918e-17
6510.00   4.9823e-19
6512.00   1.3722e-17
6514.00   8.1321e-20
6516.00   4.1308e-16
6518.00   2.6200e-17
6520.00   3.3587e-20
6522.00   3.9488e-21
6524.00   3.3824e-20
6526.00   3.6568e-23
6528.00   7.5040e-18
6530.00   1.6503e-18
6532.00   3.2295e-17
6534.00   6.2456e-19
6536.00   1.3296e-20
6538.00   1.9777e-19
6540.00   3.6159e-20
6542.00   4.0138e-21
6544.00   1.3794e-17
6546.00   3.1833e-26
6548.00   6.5013e-20
6550.00   2.1737e-19
6552.00   1.9069e-20
6554.00   1.6264e-20
6556.00   5.6229e-20
6558.00   2.1652e-16
6560.00   2.2609e-18
6562.00   2.9792e-17
6564.00   3.5997e-22
6566.00   2.1063e-18
6568.00   4.0604e-23
6570.00   6.1578e-19
6572.00   3.4109e-17
6574.00   1.1089e-17
6576.00   9.0997e-25
6578.00   6.1849e-20
6580.00   9.5233e-20
6582.00   6.7403e-18
6584.00   7.8979e-18
6586.00   3.4662e-17
6588.00   3.1551e-18
6590.00   1.0254e-23
6592.00   4.7590e-20
6594.00   9.9527e-19
6596.00   2.5886e-18
6598.00   7.0747e-18
6600.00   8.8223e-20
6602.00   1.5209e-18
6604.00   5.1307e-20
6606.00   7.8179e-19
6608.00   1.2133e-20
6610.00   9.7693e-18
6612.00   1.3974e-17
6614.00   4.4411e-18
6616.00   1.0653e-20
6618.00   1.6207e-17
6620.00   3.1939e-24
6622.00   5.6269e-21
6624.00   3.8601e-17
6626.00   7.5298e-20
6628.00   1.1500e-18
6630.00   9.4144e-26
6632.00   2.8082e-19
6634.00   1.9415e-21
6636.00   9.3352e-25
6638.00   1.1573e-20
6640.00   8.4304e-20
6642.00   1.5541e-19
6644.00   8.5631e-21
6646.00   5.4478e-26
6648.00   8.4599e-24
6650.00   4.0350e-18
6652.00   7.3473e-17
6654.00   4.6032e-20
6656.00   6.7091e-19
6658.00   1.2352e-17
6660.00   1.1899e-19
6662.00   1.0644e-19
6664.00   4.8499e-22
6666.00   1.6212e-17
6668.00   2.2323e-19
6670.00   1.6539e-19
6672.00   1.1165e-17
6674.00   5.8038e-20
6676.00   1.0382e-21
6678.00   2.3893e-18
6680.00   1.5413e-19
6682.00   1.5299e-17
6684.00   8.8346e-22
6686.00   4.7842e-19
6688.00   1.2438e-19
6690.00   6.5603e-17
6692.00   9.9839e-20
6694.00   2.9091e-18
6696.00   3.5094e-24
6698.00   1.0710e-18
6700.00   7.4189e-17
6702.00   2.4289e-20
6704.00   1.2585e-18
6706.00   4.5873e-19
6708.00   1.4495e-23
6710.00   1.5190e-19
6712.00   7.4799e-22
6714.00   4.9752e-20
6716.00   1.7523e-22
6718.00   3.9068e-22
6720.00   3.4669e-20
6722.00   8.0994e-23
6724.00   1.9614e-19
6726.00   2.6827e-22
6728.00   8.6115e-26
6730.00   4.4196e-17
6732.00   3.6654e-19
6734.00   1.0813e-21
6736.00   8.1072e-21
6738.00   4.4195e-25
6740.00   3.9937e-25
6742.00   9.4605e-21
6744.00   9.6626e-20
6746.00   1.8874e-17
6748.00   2.7139e-21
6750.00   1.1138e-18
6752.00   2.5264e-23
6754.00   1.6450e-19
6756.00   5.9470e-22
6758.00   5.1136e-20
6760.00   1.7893e-19
6762.00   9.0316e-21
6764.00   1.8772e-19
6766.00   1.0711e-19
6768.00   1.2840e-17
6770.00   3.5188e-20
6772.00   1.8342e-20
6774.00   3.3091e-22
6776.00   1.0376e-17
6778.00   7.5520e-22
6780.00   1.2616e-20
6782.00   1.6263e-21
6784.00   6.3596e-23
6786.00   1.0489e-20
6788.00   6.0982e-19
6790.00   3.8863e-21
6792.00   2.6317e-19
6794.00   6.8848e-20
6796.00   4.5514e-19
6798.00   6.7873e-21
6800.00   1.6482e-18
6802.00   3.9609e-20
6804.00   1.4325e-19
6806.00   2.3126e-22
6808.00   7.1309e-27
6810.00   5.4567e-17
6812.00   9.9009e-21
6814.00   6.3374e-20
6816.00   1.3059e-18
6818.00   9.4668e-22
6820.00   7.7853e-18
6822.00   8.0623e-18
6824.00   1.3487e-20
6826.00   2.8225e-19
6828.00   8.0618e-20
6830.00   8.8279e-18
6832.00   3.3878e-18
6834.00   5.5690e-21
6836.00   1.2102e-24
6838.00   5.6167e-19
6840.00   2.8657e-20
6842.00   9.7548e-24
6844.00   2.4668e-19
6846.00   2.9380e-21
6848.00   3.4874e-20
6850.00   3.0162e-21
6852.00   1.3475e-21
6854.00   1.2357e-24
6856.00   1.8290e-17
6858.00   8.2721e-20
6860.00   4.5549e-20
6862.00   1.6056e-17
6864.00   4.2053e-19
6866.00   3.9934e-18
6868.00   5.2038e-21
6870.00   2.8843e-18
6872.00   4.9764e-17
6874.00   4.2297e-16
6876.00   1.3778e-19
6878.00   1.7075e-18
6880.00   5.5897e-25
6882.00   7.0046e-19
6884.00   6.9263e-22
6886.00   2.8926e-20
6888.00   4.0111e-21
6890.00   9.1547e-19
6892.00   1.3321e-19
6894.00   1.3556e-22
6896.00   1.3954e-16
6898.00   1.0307e-26
6900.00   1.2490e-25
6902.00   7.9468e-21
6904.00   3.8316e-25
6906.00   8.8468e-19
6908.00   3.9966e-18
6910.00   1.6975e-21
6912.00   4.6971e-18
6914.00   2.2205e-18
6916.00   3.3847e-21
6918.00   3.7895e-20
6920.00   8.0021e-26
6922.00   7.8724e-19
6924.00   8.5859e-18
6926.00   3.2289e-18
6928.00   8.4206e-21
6930.00   5.1451e-19
6932.00   3.0984e-19
6934.00   6.3993e-18
6936.00   1.9665e-20
6938.00   1.5076e-21
6940.00   5.1360e-19
6942.00   7.1142e-17
6944.00   1.9026e-16
6946.00   8.8926e-19
6948.00   5.3848e-19
6950.00   7.1093e-19
6952.00   3.5482e-22
6954.00   7.8070e-24
6956.00   9.6671e-24
6958.00   3.4571e-19
6960.00   1.2614e-19
6962.00   9.4672e-20
6964.00   4.3169e-19
6966.00   3.7605e-17
6968.00   9.1993e-22
6970.00   1.0809e-20
6972.00   4.3856e-21
6974.00   1.7482e-20
6976.00   2.2209e-21
6978.00   2.9540e-18
6980.00   6.5668e-22
6982.00   3.6148e-21
6984.00   7.3107e-20
6986.00   4.5817e-20
6988.00   4.5562e-21
6990.00   7.7680e-21
6992.00   9.3733e-20
6994.00   4.1904e-18
6996.00   2.1244e-18
6998.00   2.9733e-22
7000.00   7.3095e-19
7002.00   4.5692e-21
7004.00   2.4971e-21
7006.00   3.5282e-22
7008.00   2.1831e-20
7010.00   8.0862e-19
7012.00   7.1101e-18
7014.00   2.1202e-20
7016.00   1.0976e-18
7018.00   1.1599e-17
7020.00   2.7321e-22
7022.00   1.0207e-19
7024.00   1.5937e-21
7026.00   1.9866e-21
7028.00   1.3806e-23
7030.00   5.6108e-18
7032.00   2.1193e-19
7034.00   5.3430e-20
7036.00   1.0935e-20
7038.00   6.2902e-20
7040.00   2.8927e-20
7042.00   1.7708e-20
7044.00   1.1022e-22
7046.00   2.3231e-20
7048.00   4.4714e-17
7050.00   3.0507e-26
7052.00   8.9255e-23
7054.00   4.6663e-18
7056.00   3.8489e-24
7058.00   5.3187e-19
7060.00   1.1258e-18
7062.00   1.7398e-24
7064.00   2.1150e-18
7066.00   1.3488e-20
7068.00   7.6860e-18
7070.00   1.3172e-21
7072.00   1.3236e-24
7074.00   4.2548e-21
7076.00   2.5172e-18
7078.00   5.1223e-21
7080.00   4.5227e-21
7082.00   1.8426e-20
7084.00   3.7700e-20
7086.00   2.2822e-24
7088.00   5.7807e-19
7090.00   1.8478e-19
7092.00   1.2455e-19
7094.00   7.4211e-19
7096.00   8.4369e-23
7098.00   3.7947e-19
7100.00   4.1612e-22
7102.00   3.6379e-22
7104.00   5.2122e-19
7106.00   1.3175e-20
7108.00   1.4015e-21
7110.00   3.5016e-17
7112.00   4.5298e-19
7114.00   2.0917e-18
7116.00   7.9224e-20
7118.00   6.8072e-19
7120.00   5.9947e-23
7122.00   1.4193e-24
7124.00   3.1481e-19
7126.00   9.9511e-23
7128.00   3.8328e-19
7130.00   4.2968e-19
7132.00   4.8171e-17
7134.00   3.1851e-20
7136.00   4.9506e-18
7138.00   1.1896e-20
7140.00   6.5972e-19
7142.00   4.6183e-23
7144.00   4.9275e-24
7146.00   1.8080e-19
7148.00   1.0590e-19
7150.00   2.4793e-19
7152.00   1.5540e-19
7154.00   2.3399e-23
7156.00   5.4628e-15
7158.00   5.4738e-20
7160.00   1.4771e-23
7162.00   1.2620e-18
7164.00   1.6061e-18
7166.00   3.6841e-20
7168.00   2.4791e-18
7170.00   3.7931e-19
7172.00   1.4873e-15
7174.00   8.2078e-20
7176.00   6.1709e-25
7178.00   7.9140e-20
7180.00   2.2646e-17
7182.00   3.5906e-18
7184.00   2.0355e-17
7186.00   6.1295e-18
7188.00   1.5746e-24
7190.00   1.7208e-21
7192.00   1.2595e-17
7194.00   4.3362e-18
7196.00   1.0345e-21
7198.00   1.0460e-20
7200.00   6.8937e-20
7202.00   6.0615e-18
7204.00   1.2237e-17
7206.00   9.2546e-19
7208.00   1.2477e-23
7210.00   2.1694e-22
7212.00   1.1309e-18
7214.00   5.2216e-18
7216.00   1.0254e-18
7218.00   4.6617e-20
7220.00   2.2989e-27
7222.00   6.5785e-17
7224.00   7.7530e-17
7226.00   3.3736e-18
7228.00   3.7632e-21
7230.00   1.9317e-20
7232.00   1.4523e-21
7234.00   9.5132e-21
7236.00   2.9616e-22
7238.00   9.8541e-20
7240.00   5.5762e-20
7242.00   3.4535e-21
7244.00   1.1904e-19
7246.00   7.8092e-20
7248.00   4.4237e-19
7250.00   7.5808e-19
7252.00   2.9819e-24
7254.00   7.6459e-18
7256.00   1.6076e-26
7258.00   1.2451e-23
7260.00   2.7167e-21
7262.00   1.4081e-19
7264.00   5.1149e-18
7266.00   1.9422e-18
7268.00   1.1967e-17
7270.00   1.9976e-20
7272.00   1.2257e-26
7274.00   7.8435e-19
7276.00   5.5353e-19
7278.00   6.2263e-18
7280.00   6.7886e-18
7282.00   6.0648e-18
7284.00   1.5438e-22
7286.00   1.7818e-19
7288.00   6.3767e-18
7290.00   1.0738e-17
7292.00   3.5802e-23
7294.00   3.7824e-20
7296.00   1.1263e-20
7298.00   7.2847e-21
7300.00   4.5367e-20
7302.00   7.8274e-17
7304.00   2.2507e-19
7306.00   1.2875e-18
7308.00   1.1435e-16
7310.00   7.2962e-17
7312.00   2.6061e-21
7314.00   3.1377e-21
7316.00   3.4439e-20
7318.00   1.5633e-18
7320.00   8.7944e-17
7322.00   9.8816e-19
7324.00   1.0551e-20
7326.00   8.8008e-23
7328.00   4.3556e-18
7330.00   5.2231e-18
7332.00   1.3620e-19
7334.00   1.3553e-18
7336.00   8.7401e-17
7338.00   9.1996e-24
7340.00   2.7050e-28
7342.00   6.4168e-21
7344.00   5.7074e-23
7346.00   4.2495e-22
7348.00   4.3073e-26
7350.00   3.4284e-19
7352.00   1.5986e-17
7354.00   1.3120e-19
7356.00   8.6680e-22
7358.00   7.3968e-18
7360.00   8.4445e-21
7362.00   8.2039e-20
7364.00   7.2615e-23
7366.00   4.2654e-20
7368.00   3.6877e-21
7370.00   1.8881e-17
7372.00   7.5157e-22
7374.00   4.4770e-22
7376.00   1.3446e-25
7378.00   3.5577e-21
7380.00   1.6402e-20
7382.00   5.3922e-19
7384.00   5.4050e-23
7386.00   5.6963e-20
7388.00   1.0952e-15
7390.00   6.0792e-19
7392.00   1.5947e-23
7394.00   1.3829e-21
7396.00   2.6258e-22
7398.00   2.5478e-20
7400.00   1.6403e-17
7402.00   6.3195e-18
7404.00   5.1239e-26
7406.00   4.5548e-20
7408.00   2.5153e-20
7410.00   3.1644e-17
7412.00   8.3549e-21
7414.00   3.3221e-19
7416.00   1.5466e-20
7418.00   4.5960e-18
7420.00   4.4110e-18
7422.00   9.1721e-20
7424.00   3.4892e-19
7426.00   1.0675e-18
7428.00   2.2601e-19
7430.00   1.4357e-18
7432.00   1.3887e-18
7434.00   7.0503e-20
7436.00   4.8830e-19
7438.00   3.1142e-19
7440.00   4.7973e-21
7442.00   1.4903e-18
7444.00   3.1769e-26
7446.00   4.1126e-17
7448.00   4.7545e-25
7450.00   1.0182e-16
7452.00   1.6932e-15
7454.00   3.7380e-18
7456.00   1.7265e-19
7458.00   4.0682e-23
7460.00   6.0610e-23
7462.00   2.1885e-16
7464.00   3.4253e-21
7466.00   8.0359e-18
7468.00   7.5501e-25
7470.00   1.4248e-21
7472.00   5.7009e-20
7474.00   1.6681e-22
7476.00   1.2946e-21
7478.00   6.0923e-24
7480.00   3.9061e-18
7482.00   6.4823e-18
7484.00   7.3826e-26
7486.00   4.7511e-20
7488.00   1.2122e-18
7490.00   3.5011e-22
7492.00   1.4623e-20
7494.00   6.8544e-23
7496.00   9.8788e-22
7498.00   1.1170e-19
7500.00   8.3996e-19
7502.00   2.7802e-19
7504.00   8.2155e-19
7506.00   1.0682e-18
7508.00   3.1521e-21
7510.00   4.7748e-20
7512.00   3.1323e-25
7514.00   6.8380e-20
7516.00   9.2064e-17
7518.00   2.9588e-20
7520.00   3.8773e-17
7522.00   2.5862e-21
7524.00   2.0326e-18
7526.00   2.7828e-20
7528.00   6.1447e-22
7530.00   4.3169e-22
7532.00   4.9446e-19
7534.00   1.3806e-16
7536.00   3.3590e-23
7538.00   2.0934e-22
7540.00   5.1615e-18
7542.00   1.3793e-20
7544.00   2.5469e-18
7546.00   1.0198e-25
7548.00   7.4337e-20
7550.00   5.8931e-22
7552.00   2.5486e-18
7554.00   6.4259e-19
7556.00   2.4543e-21
7558.00   4.6443e-21
7560.00   1.8990e-19
7562.00   7.7988e-20
7564.00   1.5286e-19
7566.00   1.2026e-19
7568.00   3.4249e-19
7570.00   2.9178e-21
7572.00   1.2857e-21
7574.00   1.1466e-26
7576.00   9.8596e-19
7578.00   1.6755e-24
7580.00   3.8468e-17
7582.00   7.9304e-19
7584.00   2.3839e-18
7586.00   1.9639e-20
7588.00   4.8747e-21
7590.00   3.6582e-26
7592.00   2.6345e-21
7594.00   6.3492e-21
7596.00   7.8061e-19
7598.00   1.0669e-19
7600.00   1.1435e-19
7602.00   1.1333e-20
7604.00   5.6770e-21
7606.00   3.0052e-20
7608.00   3.1641e-23
7610.00   2.0027e-19
7612.00   1.2086e-25
7614.00   2.3505e-17
7616.00   3.3589e-18
7618.00   1.1397e-17
7620.00   4.8767e-19
7622.00   1.4403e-18
7624.00   6.6330e-23
7626.00   1.2136e-22
7628.00   2.4364e-26
7630.00   9.1101e-20
7632.00   2.2306e-21
7634.00   3.9528e-19
7636.00   7.0549e-23
7638.00   1.9731e-16
7640.00   1.3589e-20
7642.00   1.2046e-19
7644.00   1.2909e-20
7646.00   6.0665e-19
7648.00   1.9000e-17
7650.00   4.0004e-21
7652.00   4.1238e-22
7654.00   9.6067e-18
7656.00   1.0047e-16
7658.00   2.2493e-17
7660.00   8.1249e-18
7662.00   2.3450e-24
7664.00   4.3134e-22
7666.00   8.4626e-17
7668.00   2.6162e-21
7670.00   4.1753e-23
7672.00   1.0873e-17
7674.00   7.7851e-19
7676.00   2.4771e-19
7678.00   9.8139e-21
7680.00   1.7860e-25
7682.00   1.4576e-24
7684.00   6.0522e-23
7686.00   2.2526e-16
7688.00   2.6548e-19
7690.00   8.6647e-19
7692.00   1.9767e-20
7694.00   9.0174e-19
7696.00   4.1283e-21
7698.00   3.4650e-18
7700.00   1.4701e-18
7702.00   8.2043e-20
7704.00   5.4247e-25
7706.00   3.9983e-20
7708.00   3.5253e-20
7710.00   1.1170e-17
7712.00   4.9224e-16
7714.00   6.0447e-20
7716.00   8.1036e-20
7718.00   9.6021e-24
7720.00   4.4819e-17
7722.00   9.5416e-25
7724.00   6.1966e-20
7726.00   1.6049e-22
7728.00   9.8494e-22
7730.00   4.2205e-20
7732.00   2.4818e-19
7734.00   2.1667e-17
7736.00   4.8213e-23
7738.00   1.5793e-17
7740.00   8.7163e-18
7742.00   1.1306e-18
7744.00   5.7868e-23
7746.00   1.3037e-20
7748.00   8.7675e-20
7750.00   9.6199e-25
7752.00   2.7431e-22
7754.00   1.7969e-23
7756.00   5.7868e-22
7758.00   7.6521e-19
7760.00   3.5693e-22
7762.00   9.8430e-20
7764.00   8.6403e-17
7766.00   1.1644e-19
7768.00   7.0415e-24
7770.00   1.0587e-27
7772.00   9.5212e-23
7774.00   6.1620e-19
7776.00   9.4829e-24
7778.00   1.9643e-18
7780.00   5.0640e-22
7782.00   1.4465e-22
7784.00   5.5569e-19
7786.00   6.0797e-22
7788.00   5.9838e-20
7790.00   2.0462e-20
7792.00   1.8768e-19
7794.00   7.9200e-20
7796.00   8.1366e-26
7798.00   2.7985e-18
7800.00   1.1547e-25
7802.00   9.6130e-18
7804.00   3.7437e-18
7806.00   2.5153e-17
7808.00   7.4181e-19
7810.00   2.1551e-22
7812.00   5.1208e-21
7814.00   2.8195e-17
7816.00   3.1768e-19
7818.00   2.2695e-19
7820.00   1.4656e-19
7822.00   4.8729e-23
7824.00   5.1043e-20
7826.00   3.9053e-20
7828.00   2.4636e-23
7830.00   5.7698e-18
7832.00   6.8269e-18
7834.00   2.3859e-19
7836.00   7.2349e-18
7838.00   2.2224e-19
7840.00   1.5775e-18
7842.00   1.8918e-17
7844.00   3.8713e-19
7846.00   7.1190e-20
7848.00   2.7306e-19
7850.00   1.7047e-25
7852.00   7.2594e-20
7854.00   7.4113e-22
7856.00   1.5998e-20
7858.00   9.2670e-25
7860.00   1.3461e-19
7862.00   1.1546e-19
7864.00   1.0551e-22
7866.00   7.5551e-17
7868.00   1.9641e-21
7870.00   4.9428e-20
7872.00   1.8110e-18
7874.00   1.6460e-17
7876.00   1.5543e-23
7878.00   1.1290e-22
7880.00   1.1851e-22
7882.00   2.1764e-18
7884.00   9.8400e-23
7886.00   8.1330e-19
7888.00   3.7967e-22
7890.00   5.1567e-22
7892.00   1.3618e-18
7894.00   4.3353e-18
7896.00   7.3553e-18
7898.00   4.4926e-17
7900.00   1.2235e-18
7902.00   3.3948e-23
7904.00   3.8934e-20
7906.00   1.7895e-20
7908.00   1.1012e-23
7910.00   2.4271e-25
7912.00   2.9437e-20
7914.00   6.4422e-18
7916.00   2.6687e-21
7918.00   9.3902e-17
7920.00   2.9226e-27
7922.00   3.1355e-19
7924.00   3.6900e-26
7926.00   2.7072e-18
7928.00   2.4409e-22
7930.00   3.3039e-19
7932.00   1.3531e-20
7934.00   3.6856e-19
7936.00   2.7699e-23
7938.00   2.2327e-18
7940.00   7.8737e-21
7942.00   4.9907e-20
7944.00   2.6201e-26
7946.00   3.1130e-19
7948.00   2.4659e-18
7950.00   7.4080e-22
7952.00   9.9938e-19
7954.00   2.7722e-18
7956.00   3.8334e-19
7958.00   8.9371e-19
7960.00   3.5435e-27
7962.00   7.5064e-24
7964.00   4.6741e-25
7966.00   4.4302e-21
7968.00   2.2235e-19
7970.00   1.6813e-18
7972.00   1.9347e-22
7974.00   3.1006e-19
7976.00   1.9497e-16
7978.00   1.8078e-19
7980.00   3.8332e-20
7982.00   4.2412e-17
7984.00   4.6360e-20
7986.00   5.3333e-20
7988.00   2.5967e-20
7990.00   5.5131e-22
7992.00   2.7568e-22
7994.00   1.0227e-18
7996.00   2.2408e-18
7998.00   1.3198e-18
8000.00   3.1044e-19
8002.00   6.2369e-22
8004.00   1.7785e-21
8006.00   1.9483e-21
8008.00   6.9098e-18
8010.00   5.1715e-20
8012.00   2.2809e-18
8014.00   1.0119e-18
8016.00   9.6578e-20
8018.00   7.6370e-19
8020.00   6.7259e-23
8022.00   4.9260e-19
8024.00   1.1032e-19
8026.00   1.4040e-22
8028.00   2.9475e-20
8030.00   2.6572e-17
8032.00   1.5454e-18
8034.00   7.5620e-23
8036.00   2.3170e-19
8038.00   2.6714e-17
8040.00   2.6725e-22
8042.00   1.1527e-18
8044.00   5.5203e-19
8046.00   1.7616e-26
8048.00   1.0386e-20
8050.00   1.9110e-20
8052.00   1.6196e-20
8054.00   3.4679e-17
8056.00   2.0839e-26
8058.00   5.6979e-23
8060.00   1.3730e-17
8062.00   2.5961e-20
8064.00   4.0576e-18
8066.00   1.5134e-23
8068.00   5.8507e-20
8070.00   1.2336e-19
8072.00   6.1572e-24
8074.00   3.2684e-18
8076.00   6.9348e-18
8078.00   1.3605e-18
8080.00   3.9467e-18
8082.00   2.7852e-25
8084.00   2.3791e-17
8086.00   4.6275e-18
8088.00   5.2979e-23
8090.00   1.4224e-20
8092.00   3.0350e-18
8094.00   2.5640e-20
8096.00   1.3866e-18
8098.00   6.1244e-20
8100.00   4.2835e-27
8102.00   5.0999e-22
8104.00   6.7487e-19
8106.00   5.6632e-20
8108.00   4.0269e-18
8110.00   6.9259e-23
8112.00   7.1119e-21
8114.00   1.0747e-19
8116.00   7.6479e-26
8118.00   7.2710e-20
8120.00   2.5853e-17
8122.00   2.0293e-18
8124.00   4.1320e-19
8126.00   1.1986e-20
8128.00   1.8927e-19
8130.00   1.6305e-19
8132.00   7.3586e-20
8134.00   3.5204e-23
8136.00   2.4976e-17
8138.00   1.4942e-25
8140.00   4.3582e-21
8142.00   1.6344e-19
8144.00   2.7299e-20
8146.00   3.1014e-20
8148.00   1.9640e-18
8150.00   1.1894e-22
8152.00   6.0227e-19
8154.00   9.1985e-22
8156.00   1.8484e-21
8158.00   1.2948e-18
8160.00   4.4065e-18
8162.00   1.4843e-24
8164.00   5.0555e-19
8166.00   3.7190e-25
8168.00   1.2441e-18
8170.00   8.8884e-23
8172.00   1.7204e-19
8174.00   2.4775e-19
8176.00   7.9344e-27
8178.00   1.0588e-20
8180.00   2.0362e-24
8182.00   5.8775e-21
8184.00   1.0440e-20
8186.00   1.5616e-19
8188.00   1.3491e-23
8190.00   5.3547e-19
8192.00   3.8812e-19
8194.00   4.7868e-21
8196.00   7.5255e-23
8198.00   1.4937e-17
8200.00   5.0961e-21
8202.00   1.0843e-19
8204.00   3.8993e-19
8206.00   3.2160e-19
8208.00   3.0862e-17
8210.00   7.4282e-18
8212.00   8.5557e-18
8214.00   1.0827e-21
8216.00   2.6450e-19
8218.00   1.9220e-20
8220.00   5.2306e-21
8222.00   8.2533e-18
8224.00   6.4200e-24
8226.00   2.9949e-23
8228.00   2.2188e-16
8230.00   2.5363e-21
8232.00   1.1182e-21
8234.00   4.3890e-19
8236.00   8.2309e-25
8238.00   1.2394e-18
8240.00   1.8244e-20
8242.00   3.3293e-19
8244.00   5.8872e-25
8246.00   6.1982e-18
8248.00   2.8085e-18
8250.00   2.1393e-17
8252.00   1.5450e-18
8254.00   5.2040e-20
8256.00   1.8695e-19
8258.00   1.6139e-19
8260.00   1.2276e-16
8262.00   2.7804e-20
8264.00   6.1375e-18
8266.00   1.9901e-21
8268.00   1.6190e-23
8270.00   9.5779e-22
8272.00   1.1154e-20
8274.00   4.5624e-19
8276.00   9.8218e-19
8278.00   5.0011e-20
8280.00   1.0110e-21
8282.00   1.0374e-18
8284.00   5.9404e-18
8286.00   7.0175e-22
8288.00   9.1855e-17
8290.00   4.0028e-18
8292.00   5.3390e-23
8294.00   3.7524e-18
8296.00   4.3463e-20
8298.00   9.2881e-20
8300.00   3.1231e-18
8302.00   7.4967e-18
8304.00   1.1652e-19
8306.00   4.6423e-17
8308.00   1.2122e-19
8310.00   6.9710e-18
8312.00   2.7307e-21
8314.00   7.1236e-20
8316.00   1.9950e-20
8318.00   1.4484e-25
8320.00   4.1264e-21
8322.00   1.9635e-18
8324.00   1.7153e-19
8326.00   9.1377e-27
8328.00   4.4356e-22
8330.00   1.6383e-19
8332.00   3.4221e-21
8334.00   9.0564e-20
8336.00   7.5917e-22
8338.00   6.8698e-19
8340.00   1.8235e-19
8342.00   1.0358e-19
8344.00   2.0831e-19
8346.00   2.9850e-20
8348.00   1.7236e-20
8350.00   6.4477e-23
8352.00   1.3955e-19
8354.00   2.9373e-21
8356.00   9.3578e-20
8358.00   5.0695e-17
8360.00   2.1224e-21
8362.00   1.2378e-25
8364.00   1.2264e-23
8366.00   7.7795e-19
8368.00   1.0398e-17
8370.00   4.9838e-24
8372.00   1.4002e-18
8374.00   1.7800e-20
8376.00   3.5887e-19
8378.00   7.1601e-19
8380.00   9.5750e-26
8382.00   1.3395e-18
8384.00   2.4964e-26
8386.00   1.1350e-17
8388.00   7.4715e-18
8390.00   9.1714e-20
8392.00   6.4766e-19
8394.00   1.0012e-25
8396.00   4.6607e-19
8398.00   1.2855e-17
8400.00   7.5578e-22
8402.00   2.8946e-22
8404.00   1.7641e-17
8406.00   3.3359e-20
8408.00   5.2630e-19
8410.00   3.9307e-21
8412.00   6.6091e-18
8414.00   1.0830e-18
8416.00   1.6783e-19
8418.00   1.0866e-23
8420.00   5.0432e-18
8422.00   3.7524e-21
8424.00   3.3613e-17
8426.00   1.4868e-26
8428.00   4.7799e-21
8430.00   5.2922e-21
8432.00   5.3231e-20
8434.00   4.6442e-20
8436.00   1.1883e-19
8438.00   1.2744e-19
8440.00   1.4205e-20
8442.00   9.9029e-25
8444.00   1.4472e-17
8446.00   1.3020e-19
8448.00   8.0958e-22
8450.00   9.9361e-22
8452.00   7.5255e-19
8454.00   7.3400e-19
8456.00   6.1980e-24
8458.00   1.2156e-19
8460.00   9.0740e-23
8462.00   9.9276e-25
8464.00   9.7993e-21
8466.00   4.3658e-19
8468.00   2.0616e-17
8470.00   4.1483e-17
8472.00   8.9655e-19
8474.00   2.5517e-19
8476.00   5.7698e-21
8478.00   5.5930e-21
8480.00   3.3171e-18
8482.00   1.6234e-19
8484.00   1.1522e-19
8486.00   1.7818e-18
8488.00   1.1338e-23
8490.00   8.6651e-17
8492.00   2.2617e-19
8494.00   7.9381e-22
8496.00   1.1786e-19
8498.00   3.4657e-20
8500.00   5.1016e-17
8502.00   4.1669e-24
8504.00   6.8196e-18
8506.00   1.1918e-19
8508.00   1.7668e-17
8510.00   1.0337e-24
8512.00   2.0846e-21
8514.00   1.1390e-19
8516.00   8.6580e-23
8518.00   8.6044e-18
8520.00   4.6326e-25
8522.00   8.9837e-22
8524.00   2.3350e-18
8526.00   6.1566e-21
8528.00   8.4208e-19
8530.00   1.2477e-20
8532.00   1.5453e-20
8534.00   4.0306e-23
8536.00   9.2746e-22
8538.00   4.1488e-23
8540.00   2.7525e-22
8542.00   1.3842e-24
8544.00   3.2916e-20
8546.00   1.5014e-17
8548.00   3.5279e-19
8550.00   2.2491e-18
8552.00   2.9384e-21
8554.00   8.4314e-19
8556.00   1.7450e-19
8558.00   1.2346e-19
8560.00   8.3457e-28
8562.00   1.0263e-24
8564.00   2.7817e-19
8566.00   8.1513e-21
8568.00   2.3880e-20
8570.00   3.1846e-20
8572.00   1.9655e-19
8574.00   3.5280e-17
8576.00   4.4411e-19
8578.00   2.3088e-21
8580.00   7.2162e-20
8582.00   4.0914e-20
8584.00   2.9607e-22
8586.00   1.4532e-22
8588.00   2.2971e-24
8590.00   5.9894e-20
8592.00   1.3413e-21
8594.00   1.3051e-19
8596.00   2.9428e-16
8598.00   2.5447e-21
8600.00   2.7826e-17
8602.00   9.7153e-21
8604.00   1.1943e-19
8606.00   1.6587e-18
8608.00   3.3590e-25
8610.00   2.9190e-24
8612.00   8.1836e-19
8614.00   3.6428e-25
8616.00   6.7792e-16
8618.00   1.7682e-22
8620.00   3.1580e-21
8622.00   2.2834e-21
8624.00   2.1827e-22
8626.00   8.1132e-19
8628.00   3.1849e-19
8630.00   4.4461e-20
8632.00   3.0547e-23
8634.00   7.2737e-20
8636.00   1.0684e-19
8638.00   1.9349e-22
8640.00   1.2382e-21
8642.00   3.4114e-18
8644.00   1.3199e-22
8646.00   1.1946e-24
8648.00   2.5344e-24
8650.00   7.8887e-19
8652.00   1.1744e-24
8654.00   2.3177e-18
8656.00   5.8007e-20
8658.00   8.9321e-26
8660.00   2.1753e-21
8662.00   3.8358e-22
8664.00   1.3436e-19
8666.00   1.8921e-21
8668.00   1.3469e-20
8670.00   1.4250e-20
8672.00   1.5527e-17
8674.00   1.0170e-23
8676.00   3.4256e-19
8678.00   1.1738e-18
8680.00   2.0166e-26
8682.00   6.4246e-25
8684.00   4.1355e-18
8686.00   2.7249e-24
8688.00   8.3671e-23
8690.00   2.3447e-19
8692.00   8.1453e-23
8694.00   1.3344e-21
8696.00   1.3991e-17
8698.00   1.2555e-26
8700.00   9.9932e-22
8702.00   2.8319e-22
8704.00   3.1947e-19
8706.00   4.2922e-18
8708.00   8.8525e-18
8710.00   4.2789e-26
8712.00   8.7161e-26
8714.00   9.1167e-20
8716.00   9.3050e-17
8718.00   1.8352e-21
8720.00   2.2975e-19
8722.00   1.6943e-16
8724.00   9.0484e-23
8726.00   1.3319e-26
8728.00   1.9727e-22
8730.00   6.8590e-24
8732.00   1.9290e-19
8734.00   1.0984e-17
8736.00   3.7591e-20
8738.00   1.7936e-26
8740.00   4.1833e-18
8742.00   2.7617e-24
8744.00   3.0938e-20
8746.00   1.3229e-19
8748.00   1.6074e-19
8750.00   1.5915e-18
8752.00   1.3210e-19
8754.00   8.8074e-21
8756.00   6.8349e-19
8758.00   1.3923e-18
8760.00   9.8052e-22
8762.00   2.2667e-18
8764.00   1.3953e-20
8766.00   1.0192e-22
8768.00   3.6535e-26
8770.00   1.0233e-24
8772.00   1.5030e-22
8774.00   4.0718e-23
8776.00   8.9318e-19
8778.00   2.8443e-25
8780.00   6.8922e-25
8782.00   6.0705e-22
8784.00   1.1105e-22
8786.00   5.0318e-26
8788.00   5.7522e-22
8790.00   1.3229e-22
8792.00   1.0448e-21
8794.00   9.2041e-19
8796.00   6.8507e-21
8798.00   1.0046e-21
8800.00   1.2076e-25
8802.00   6.1504e-28
8804.00   4.5117e-22
8806.00   3.4777e-17
8808.00   3.0080e-22
8810.00   5.9608e-19
8812.00   4.9886e-21
8814.00   3.5145e-20
8816.00   1.8446e-15
8818.00   9.4842e-22
8820.00   2.1065e-19
8822.00   4.3633e-25
8824.00   9.5182e-18
8826.00   5.5467e-18
8828.00   2.2552e-16
8830.00   1.7597e-22
8832.00   4.3476e-25
8834.00   5.1035e-22
8836.00   7.7328e-23
8838.00   1.7097e-19
8840.00   1.7029e-24
8842.00   5.1153e-21
8844.00   1.2629e-20
8846.00   1.8293e-20
8848.00   3.4852e-18
8850.00   1.5961e-20
8852.00   2.5455e-18
8854.00   3.3862e-20
8856.00   2.1199e-22
8858.00   1.0761e-20
8860.00   9.7002e-18
8862.00   3.5166e-19
8864.00   2.1118e-20
8866.00   6.0003e-28
8868.00   1.2211e-17
8870.00   2.0648e-19
8872.00   1.1897e-27
8874.00   3.5734e-17
8876.00   5.8859e-20
8878.00   1.7179e-24
8880.00   3.1107e-25
8882.00   6.3876e-21
8884.00   4.1534e-20
8886.00   4.5438e-17
8888.00   5.8135e-26
8890.00   1.0668e-18
8892.00   4.0295e-16
8894.00   1.9370e-23
8896.00   2.0314e-21
8898.00   2.7148e-18
8900.00   9.4140e-25
8902.00   6.5111e-20
8904.00   1.8139e-23
8906.00   2.9290e-22
8908.00   4.2187e-21
8910.00   3.7239e-23
8912.00   1.1195e-18
8914.00   7.8768e-25
8916.00   2.1540e-24
8918.00   2.8936e-21
8920.00   2.8176e-17
8922.00   2.8941e-19
8924.00   4.9977e-21
8926.00   5.2183e-16
8928.00   2.7738e-21
8930.00   1.8143e-26
8932.00   6.8565e-19
8934.00   3.4574e-20
8936.00   8.9762e-27
8938.00   1.1371e-15
8940.00   6.7873e-22
8942.00   7.3358e-24
8944.00   1.3047e-19
8946.00   8.0498e-19
8948.00   3.9019e-23
8950.00   2.1537e-19
8952.00   7.2209e-23
8954.00   1.7071e-26
8956.00   1.2300e-16
8958.00   9.3987e-24
8960.00   3.0981e-19
8962.00   2.3264e-22
8964.00   2.7145e-24
8966.00   2.0964e-19
8968.00   1.0240e-20
8970.00   2.5074e-20
8972.00   5.2512e-21
8974.00   1.5222e-26
8976.00   1.0421e-20
8978.00   2.1499e-28
8980.00   2.9413e-22
8982.00   4.3983e-18
8984.00   2.8965e-25
8986.00   6.7312e-21
8988.00   9.8475e-21
8990.00   2.6257e-18
8992.00   3.6095e-24
8994.00   7.1651e-21
8996.00   2.9052e-24
8998.00   2.6107e-25
9000.00   7.0599e-20
9002.00   6.5661e-21
9004.00   3.9392e-26
9006.00   1.1337e-17
9008.00   8.3404e-27
9010.00   3.1513e-21
9012.00   6.6370e-24
9014.00   5.8220e-18
9016.00   5.9627e-26
9018.00   3.1475e-26
9020.00   1.5515e-19
9022.00   5.9377e-25
9024.00   5.8163e-20
9026.00   3.0126e-19
9028.00   1.4172e-18
9030.00   2.2638e-19
9032.00   1.9249e-22
9034.00   1.5388e-16
9036.00   2.9175e-18
9038.00   3.9417e-19
9040.00   9.4147e-27
9042.00   3.2159e-21
9044.00   4.5462e-23
9046.00   4.0066e-27
9048.00   3.8539e-19
9050.00   9.1481e-20
9052.00   9.2868e-16
9054.00   3.6095e-25
9056.00   2.8518e-19
9058.00   7.2053e-19
9060.00   3.1928e-20
9062.00   7.5194e-16
9064.00   8.7369e-23
9066.00   3.2855e-20
9068.00   1.6159e-23
9070.00   3.7705e-16
9072.00   1.1239e-21
9074.00   1.0703e-19
9076.00   8.0515e-17
9078.00   5.3553e-16
9080.00   1.0447e-18
9082.00   6.0365e-20
9084.00   1.9401e-17
9086.00   4.3969e-24
9088.00   1.6336e-21
9090.00   2.4783e-18
9092.00   8.0915e-23
9094.00   4.3267e-26
9096.00   1.7324e-17
9098.00   3.3708e-21
9100.00   4.2016e-21
9102.00   1.9808e-22
9104.00   1.5979e-19
9106.00   4.8584e-20
9108.00   2.3842e-27
9110.00   2.9618e-21
9112.00   4.4961e-19
9114.00   1.8295e-20
9116.00   5.8770e-18
9118.00   4.2516e-21
9120.00   1.3845e-26
9122.00   1.1063e-15
9124.00   1.4955e-26
9126.00   5.6478e-19
9128.00   1.1108e-21
9130.00   2.0895e-19
9132.00   1.3318e-18
9134.00   1.5871e-17
9136.00   9.0829e-21
9138.00   3.4748e-20
9140.00   2.6640e-24
9142.00   2.4591e-22
9144.00   1.4813e-23
9146.00   6.9844e-21
9148.00   2.5773e-25
9150.00   6.0630e-23
9152.00   4.5825e-22
9154.00   5.7768e-20
9156.00   2.2952e-17
9158.00   1.5182e-26
9160.00   2.6721e-23
9162.00   1.0284e-26
9164.00   5.4411e-20
9166.00   1.6703e-24
9168.00   3.9792e-19
9170.00   2.5934e-20
9172.00   1.9239e-17
9174.00   1.4912e-25
9176.00   8.1472e-16
9178.00   5.0384e-16
9180.00   1.0970e-17
9182.00   4.6042e-20
9184.00   8.9307e-21
9186.00   1.8679e-26
9188.00   3.0356e-17
9190.00   9.9426e-23
9192.00   5.2313e-19
9194.00   1.8513e-19
9196.00   1.3013e-16
9198.00   7.9486e-23
9200.00   2.0383e-19
9202.00   1.7093e-17
9204.00   6.4785e-16
9206.00   2.1464e-24
9208.00   4.4308e-25
9210.00   2.7782e-16
9212.00   3.3975e-19
9214.00   2.3135e-18
9216.00   9.3017e-20
9218.00   2.1344e-25
9220.00   1.2920e-21
9222.00   7.4047e-20
9224.00   1.8509e-21
9226.00   4.4257e-16
9228.00   3.0616e-20
9230.00   2.7091e-25
9232.00   4.0434e-17
9234.00   1.0131e-20
9236.00   3.8572e-26
9238.00   1.2458e-18
9240.00   1.2223e-21
9242.00   1.8928e-18
9244.00   1.1433e-20
9246.00   3.5579e-21
9248.00   1.1019e-19
9250.00   1.5560e-20
9252.00   3.9337e-17
9254.00   1.5910e-21
9256.00   8.4334e-26
9258.00   4.3553e-18
9260.00   9.5410e-24
9262.00   5.3622e-29
9264.00   2.8329e-20
9266.00   1.4598e-23
9268.00   3.0208e-16
9270.00   1.5360e-22
9272.00   1.7775e-17
9274.00   1.0846e-18
9276.00   5.0174e-27
9278.00   2.0776e-24
9280.00   2.1063e-28
9282.00   4.0312e-20
9284.00   5.0389e-21
9286.00   4.3079e-19
9288.00   2.3586e-24
9290.00   4.6563e-18
9292.00   1.6280e-26
9294.00   2.2848e-22
9296.00   1.9314e-16
9298.00   2.4767e-18
9300.00   5.5668e-22
9302.00   1.2449e-27
9304.00   3.8068e-17
9306.00   8.8431e-21
9308.00   4.7224e-22
9310.00   2.1432e-21
9312.00   5.0818e-23
9314.00   5.3552e-24
9316.00   1.1299e-17
9318.00   1.1943e-23
9320.00   9.9229e-19
9322.00   2.6364e-19
9324.00   1.7884e-17
9326.00   1.1256e-16
9328.00   1.2540e-17
9330.00   1.3556e-19
9332.00   8.3446e-27
9334.00   2.3503e-24
9336.00   1.8705e-20
9338.00   3.0745e-21
9340.00   1.0494e-23
9342.00   3.4168e-17
9344.00   2.5788e-28
9346.00   1.4369e-22
9348.00   2.6613e-19
9350.00   1.7834e-18
9352.00   2.6521e-17
9354.00   9.0779e-27
9356.00   4.7006e-19
9358.00   1.3830e-18
9360.00   6.2233e-25
9362.00   4.3246e-21
9364.00   3.5025e-25
9366.00   1.1560e-20
9368.00   2.5373e-17
9370.00   4.6752e-26
9372.00   2.0381e-20
9374.00   5.5728e-20
9376.00   1.9009e-17
9378.00   2.3548e-22
9380.00   1.0325e-21
9382.00   9.3921e-18
9384.00   1.6504e-17
9386.00   4.4629e-21
9388.00   6.5076e-17
9390.00   2.9164e-22
9392.00   9.9379e-20
9394.00   4.4334e-21
9396.00   3.5833e-28
9398.00   8.4630e-27
9400.00   3.3802e-16
9402.00   5.4585e-24
9404.00   2.3618e-19
9406.00   4.5771e-21
9408.00   1.1803e-17
9410.00   2.4250e-18
9412.00   1.0505e-20
9414.00   1.5644e-20
9416.00   4.8479e-25
9418.00   1.5743e-17
9420.00   8.1130e-22
9422.00   5.0938e-22
9424.00   1.2787e-21
9426.00   7.1954e-20
9428.00   5.8482e-15
9430.00   5.8459e-21
9432.00   1.4658e-18
9434.00   1.3096e-28
9436.00   6.6274e-18
9438.00   1.4196e-19
9440.00   1.7182e-20
9442.00   1.1040e-19
9444.00   2.5767e-25
9446.00   1.0233e-18
9448.00   1.8472e-20
9450.00   5.3397e-26
9452.00   1.6519e-20
9454.00   3.2571e-25
9456.00   4.9236e-20
9458.00   1.6213e-21
9460.00   7.5233e-22
9462.00   2.2967e-22
9464.00   5.1989e-18
9466.00   1.1426e-17
9468.00   6.3937e-20
9470.00   1.8304e-16
9472.00   1.0233e-21
9474.00   5.3274e-16
9476.00   4.3943e-21
9478.00   3.9839e-21
9480.00   6.0632e-26
9482.00   3.0997e-18
9484.00   1.1197e-23
9486.00   6.6359e-20
9488.00   6.6044e-25
9490.00   3.7647e-18
9492.00   6.7520e-20
9494.00   1.2361e-27
9496.00   4.6683e-20
9498.00   3.9664e-17
9500.00   3.8876e-20
9502.00   1.1811e-26
9504.00   1.1594e-21
9506.00   7.1656e-27
9508.00   8.1252e-22
9510.00   1.6552e-15
9512.00   2.8491e-26
9514.00   8.6232e-17
9516.00   1.3263e-24
9518.00   7.6991e-19
9520.00   6.3770e-20
9522.00   2.3339e-23
9524.00   1.9583e-19
9526.00   1.9225e-17
9528.00   3.0236e-17
9530.00   1.3562e-23
9532.00   2.3432e-17
9534.00   2.2374e-17
9536.00   3.4644e-19
9538.00   5.1565e-25
9540.00   7.2078e-21
9542.00   6.9469e-20
9544.00   1.3866e-26
9546.00   1.0397e-19
9548.00   3.6782e-20
9550.00   6.6454e-18
9552.00   1.8077e-18
9554.00   1.1907e-22
9556.00   8.5844e-16
9558.00   8.7574e-20
9560.00   1.3982e-16
9562.00   1.1433e-26
9564.00   3.6169e-20
9566.00   5.1359e-19
9568.00   3.0374e-19
9570.00   2.5089e-18
9572.00   1.0990e-16
9574.00   4.4560e-20
9576.00   1.3418e-26
9578.00   1.8998e-21
9580.00   4.6724e-20
9582.00   5.6341e-21
9584.00   1.0359e-26
9586.00   5.9288e-22
9588.00   2.6088e-25
9590.00   7.4539e-18
9592.00   2.5000e-20
9594.00   5.6205e-23
9596.00   2.3619e-18
9598.00   3.1226e-19
9600.00   8.8674e-23
9602.00   3.6449e-21
9604.00   2.3289e-27
9606.00   1.0545e-18
9608.00   1.4959e-19
9610.00   3.1285e-21
9612.00   4.1619e-22
9614.00   8.7115e-17
9616.00   7.7853e-27
9618.00   2.6480e-17
9620.00   6.4243e-24
9622.00   3.9483e-26
9624.00   1.2783e-26
9626.00   7.9745e-27
9628.00   1.9326e-26
9630.00   5.7758e-20
9632.00   2.4101e-20
9634.00   1.1991e-17
9636.00   1.3035e-24
9638.00   6.1967e-20
9640.00   7.4695e-21
9642.00   2.7805e-21
9644.00   2.0579e-26
9646.00   2.2388e-20
9648.00   2.1459e-24
9650.00   6.1697e-24
9652.00   4.6630e-17
9654.00   1.4177e-28
9656.00   4.8333e-18
9658.00   3.1375e-24
9660.00   5.6901e-23
9662.00   1.0898e-17
9664.00   1.7953e-19
9666.00   1.9421e-26
9668.00   5.2822e-23
9670.00   3.5689e-18
9672.00   2.7149e-18
9674.00   3.5603e-22
9676.00   2.9532e-19
9678.00   8.2842e-22
9680.00   2.6022e-17
9682.00   1.8199e-16
9684.00   5.3333e-21
9686.00   3.5442e-22
9688.00   3.7381e-27
9690.00   1.9996e-24
9692.00   2.4570e-25
9694.00   1.3550e-26
9696.00   1.6270e-19
9698.00   4.0309e-23
9700.00   3.3753e-21
9702.00   1.0151e-26
9704.00   3.3658e-20
9706.00   6.4837e-24
9708.00   2.8995e-25
9710.00   3.7023e-26
9712.00   3.0885e-18
9714.00   3.4843e-20
9716.00   2.7132e-26
9718.00   7.8935e-19
9720.00   2.2604e-24
9722.00   4.8589e-20
9724.00   1.2029e-20
9726.00   1.5720e-25
9728.00   4.6842e-23
9730.00   5.8328e-20
9732.00   3.1683e-18
9734.00   9.7801e-21
9736.00   5.9804e-20
9738.00   1.6961e-19
9740.00   9.8062e-23
9742.00   3.4639e-19
9744.00   4.2050e-19
9746.00   1.3158e-18
9748.00   1.4933e-20
9750.00   1.1685e-19
9752.00   2.5926e-24
9754.00   7.4290e-23
9756.00   3.2506e-18
9758.00   6.4308e-28
9760.00   6.0743e-24
9762.00   5.4958e-26
9764.00   1.8166e-19
9766.00   5.2151e-19
9768.00   4.3229e-22
9770.00   4.3879e-23
9772.00   6.5396e-22
9774.00   7.0451e-25
9776.00   9.7638e-27
9778.00   5.5121e-25
9780.00   1.7954e-21
9782.00   1.3019e-19
9784.00   1.5640e-28
9786.00   7.8503e-25
9788.00   1.7308e-18
9790.00   8.7539e-20
9792.00   5.0488e-25
9794.00   2.9691e-23
9796.00   1.2108e-17
9798.00   1.1441e-20
9800.00   5.8998e-21
9802.00   9.7719e-26
9804.00   3.7381e-20
9806.00   1.3217e-19
9808.00   1.5938e-19
9810.00   9.8732e-22
9812.00   6.7373e-17
9814.00   6.9019e-23
9816.00   1.7768e-19
9818.00   3.6401e-25
9820.00   3.4071e-23
9822.00   1.5130e-23
9824.00   7.9621e-24
9826.00   3.0095e-19
9828.00   1.8308e-20
9830.00   2.1171e-22
9832.00   6.0530e-30
9834.00   2.6997e-27
9836.00   9.3667e-27
9838.00   1.8885e-20
9840.00   2.9364e-27
9842.00   1.9386e-20
9844.00   5.2366e-18
9846.00   6.6050e-23
9848.00   4.2923e-19
9850.00   5.1250e-18
9852.00   2.9396e-25
9854.00   1.0951e-23
9856.00   5.3748e-26
9858.00   2.4564e-22
9860.00   1.3129e-21
9862.00   8.6232e-19
9864.00   1.2770e-22
9866.00   7.0534e-25
9868.00   2.5691e-18
9870.00   2.6174e-23
9872.00   2.2320e-21
9874.00   1.7321e-20
9876.00   1.5327e-20
9878.00   1.5185e-25
9880.00   1.4135e-17
9882.00   3.4263e-17
9884.00   2.2497e-23
9886.00   2.6241e-25
9888.00   3.0564e-24
9890.00   8.5499e-26
9892.00   6.4072e-23
9894.00   4.0702e-17
9896.00   1.6925e-18
9898.00   4.0909e-20
9900.00   6.9367e-19
9902.00   1.7114e-23
9904.00   8.4084e-19
9906.00   1.1070e-19
9908.00   4.6243e-19
9910.00   1.2358e-16
9912.00   4.1673e-17
9914.00   2.4034e-25
9916.00   1.1122e-22
9918.00   4.2034e-21
9920.00   4.0402e-19
9922.00   1.0751e-20
9924.00   2.3724e-20
9926.00   1.8716e-20
9928.00   4.9194e-27
9930.00   4.3258e-27
9932.00   1.3903e-20
9934.00   2.5603e-22
9936.00   1.6027e-21
9938.00   1.9529e-19
9940.00   2.5079e-22
9942.00   1.6203e-20
9944.00   2.4800e-20
9946.00   4.1642e-18
9948.00   9.3607e-25
9950.00   6.6410e-17
9952.00   1.7201e-26
9954.00   4.2622e-20
9956.00   1.0643e-16
9958.00   9.3615e-19
9960.00   9.9134e-25
9962.00   3.8976e-21
9964.00   7.2087e-27
9966.00   2.9050e-27
9968.00   2.3320e-22
9970.00   4.0404e-20
9972.00   7.7234e-22
9974.00   3.7381e-28
9976.00   1.8075e-18
9978.00   1.6113e-20
9980.00   6.5760e-26
9982.00   6.0133e-20
9984.00   1.0440e-20
9986.00   1.2998e-23
9988.00   2.0950e-28
9990.00   1.9520e-23
9992.00   3.4714e-20
9994.00   3.8501e-21
9996.00   6.7117e-21
9998.00   1.2976e-15
10000.00   3.6115e-25
