1000  9.916713e+01  9.186938e+01  7.297741e+00 
1002  4.304380e+01  3.832063e+01  4.723171e+00 
1004  5.847929e+01  5.199691e+01  6.482385e+00 
1006  4.701916e+01  4.144073e+01  5.578422e+00 
1008  5.159218e+01  4.633412e+01  5.258061e+00 
1010  2.305259e+00  1.799769e+00  5.054900e-01 
1012  1.917656e+01  1.748570e+01  1.690859e+00 
1014  4.060695e+01  3.684001e+01  3.766942e+00 
1016  4.506178e+01  4.168770e+01  3.374082e+00 
1018  2.323866e+01  2.200121e+01  1.237445e+00 
1020  3.690339e+01  3.552025e+01  1.383135e+00 
1022  2.563093e+01  2.514117e+01  4.897591e-01 
1024  6.591217e+00  6.520958e+00  7.025895e-02 
1026  2.816318e+00  2.789746e+00  2.657243e-02 
1028  3.148375e+01  3.114483e+01  3.389195e-01 
1030  1.367914e+02  1.349322e+02  1.859124e+00 
1032  5.276427e+02  5.259536e+02  1.689116e+00 
1034  1.445374e+02  1.402095e+02  4.327932e+00 
1036  1.492958e+02  1.480878e+02  1.207972e+00 
1038  1.706712e+01  1.498353e+01  2.083591e+00 
1040  4.238067e+01  3.786241e+01  4.518259e+00 
1042  4.712727e+01  4.115605e+01  5.971220e+00 
1044  5.493456e+01  4.562615e+01  9.308408e+00 
1046  4.272614e+01  3.531464e+01  7.411500e+00 
1048  8.161828e+00  6.018181e+00  2.143647e+00 
1050  4.405933e+01  3.775780e+01  6.301532e+00 
1052  3.285585e+01  2.316670e+01  9.689154e+00 
1054  1.595160e+02  1.496932e+02  9.822743e+00 
1057  1.205606e+02  9.284076e+01  2.771987e+01 
1059  1.231318e+02  1.074443e+02  1.568750e+01 
1061  3.620265e+02  3.222009e+02  3.982560e+01 
1063  4.421287e+02  4.346857e+02  7.443058e+00 
1065  1.150120e+02  1.025235e+02  1.248855e+01 
1067  4.083029e+02  3.948430e+02  1.345986e+01 
1069  2.393726e+02  2.159825e+02  2.339011e+01 
1071  2.899182e+02  2.593680e+02  3.055020e+01 
1073  8.484907e+02  8.346846e+02  1.380600e+01 
1075  5.540027e+02  5.257292e+02  2.827343e+01 
1077  4.241049e+02  3.674153e+02  5.668960e+01 
1079  5.200588e+01  3.921875e+01  1.278714e+01 
1081  1.902925e+02  1.818876e+02  8.404885e+00 
1084  2.788007e+02  2.665229e+02  1.227775e+01 
1086  8.778397e+01  6.098008e+01  2.680389e+01 
1088  2.528105e+02  2.314427e+02  2.136780e+01 
1090  4.060020e+02  3.635679e+02  4.243412e+01 
1092  2.355361e+02  2.173197e+02  1.821646e+01 
1094  3.439465e+02  2.889195e+02  5.502700e+01 
1096  3.826041e+02  3.510832e+02  3.152087e+01 
1098  4.540731e+02  4.279896e+02  2.608349e+01 
1101  3.571943e+02  3.266093e+02  3.058499e+01 
1103  1.695164e+02  1.405358e+02  2.898064e+01 
1105  4.666729e+02  4.206283e+02  4.604463e+01 
1107  6.914932e+02  6.347183e+02  5.677486e+01 
1109  3.121841e+02  2.841331e+02  2.805098e+01 
1111  6.719369e+02  6.221414e+02  4.979556e+01 
1114  1.347594e+03  1.238975e+03  1.086185e+02 
1116  4.594576e+02  4.259192e+02  3.353847e+01 
1118  6.671616e+01  5.091150e+01  1.580466e+01 
1120  9.092918e+01  7.065965e+01  2.026954e+01 
1122  2.936374e+02  2.874407e+02  6.196620e+00 
1124  3.692310e+02  3.384661e+02  3.076494e+01 
1127  8.003795e+02  7.810055e+02  1.937400e+01 
1129  5.066917e+02  4.755450e+02  3.114675e+01 
1131  5.473960e+02  5.018929e+02  4.550314e+01 
1133  8.149403e+02  8.043823e+02  1.055796e+01 
1135  1.201865e+03  1.116179e+03  8.568602e+01 
1138  3.680231e+02  3.445870e+02  2.343617e+01 
1140  6.598555e+02  5.703386e+02  8.951693e+01 
1142  5.599565e+02  5.139846e+02  4.597186e+01 
1144  1.861385e+03  1.760719e+03  1.006659e+02 
1147  1.552129e+03  1.471214e+03  8.091531e+01 
1149  9.892297e+02  9.307401e+02  5.848964e+01 
1151  9.465124e+02  9.102129e+02  3.629948e+01 
1153  1.071919e+03  9.860396e+02  8.587935e+01 
1156  3.365007e+02  2.804039e+02  5.609681e+01 
1158  6.419888e+02  5.564122e+02  8.557668e+01 
1160  9.767227e+02  8.361192e+02  1.406035e+02 
1162  5.309373e+02  4.684015e+02  6.253582e+01 
1165  5.588132e+02  4.887379e+02  7.007527e+01 
1167  7.197389e+02  6.291788e+02  9.056013e+01 
1169  5.948670e+02  5.379050e+02  5.696199e+01 
1171  8.937938e+02  7.976881e+02  9.610574e+01 
1174  8.504117e+02  7.666167e+02  8.379497e+01 
1176  6.493862e+02  6.008448e+02  4.854138e+01 
1178  2.084585e+02  1.931666e+02  1.529195e+01 
1181  3.550870e+02  3.365301e+02  1.855693e+01 
1183  3.096302e+02  2.932823e+02  1.634793e+01 
1185  5.147162e+02  4.744857e+02  4.023049e+01 
1187  7.827623e+02  7.238339e+02  5.892842e+01 
1190  3.375199e+02  3.207772e+02  1.674274e+01 
1192  8.126548e+02  7.774636e+02  3.519127e+01 
1194  3.274693e+02  3.136417e+02  1.382757e+01 
1197  3.130167e+03  3.090406e+03  3.976112e+01 
1199  3.515339e+03  3.463170e+03  5.216898e+01 
1201  8.861186e+02  8.717525e+02  1.436611e+01 
1204  3.520775e+02  3.370623e+02  1.501517e+01 
1206  1.099213e+03  1.061985e+03  3.722813e+01 
1208  2.273421e+03  2.247768e+03  2.565283e+01 
1211  1.578019e+03  1.536593e+03  4.142603e+01 
1213  3.515758e+02  3.371808e+02  1.439498e+01 
1215  3.065477e+02  3.024304e+02  4.117293e+00 
1218  1.136306e+03  1.058125e+03  7.818124e+01 
1220  4.112297e+03  3.966238e+03  1.460595e+02 
1223  2.841086e+02  2.658725e+02  1.823616e+01 
1225  1.200696e+02  1.171689e+02  2.900771e+00 
1227  1.903850e+02  1.870742e+02  3.310766e+00 
1230  7.905476e+01  7.701879e+01  2.035967e+00 
1232  2.798599e+02  2.725753e+02  7.284575e+00 
1235  3.443354e+02  3.308098e+02  1.352564e+01 
1237  2.524013e+02  2.424821e+02  9.919136e+00 
1239  3.343971e+02  3.154058e+02  1.899136e+01 
1242  3.449713e+02  3.245087e+02  2.046262e+01 
1244  1.867261e+02  1.769086e+02  9.817496e+00 
1247  1.232754e+02  1.140325e+02  9.242854e+00 
1249  2.310529e+02  2.133366e+02  1.771636e+01 
1252  2.416230e+02  2.211006e+02  2.052245e+01 
1254  2.456102e+02  2.281907e+02  1.741946e+01 
1256  4.530234e+02  4.051926e+02  4.783081e+01 
1259  7.880167e+02  7.374406e+02  5.057618e+01 
1261  5.716187e+02  5.225686e+02  4.905007e+01 
1264  1.735441e+03  1.594447e+03  1.409939e+02 
1266  8.076151e+03  7.443272e+03  6.328787e+02 
1269  3.377525e+02  2.934276e+02  4.432488e+01 
1271  1.050137e+03  9.175833e+02  1.325535e+02 
1274  3.032918e+02  2.631503e+02  4.014151e+01 
1276  5.549468e+02  5.169608e+02  3.798597e+01 
1279  4.784692e+02  3.807725e+02  9.769674e+01 
1281  2.979233e+02  2.395235e+02  5.839980e+01 
1284  3.121470e+02  2.547253e+02  5.742176e+01 
1286  4.524029e+02  3.514011e+02  1.010018e+02 
1289  2.844617e+03  2.330281e+03  5.143355e+02 
1291  1.503873e+03  1.202247e+03  3.016255e+02 
1294  1.816618e+03  1.445942e+03  3.706756e+02 
1296  2.917061e+03  2.729647e+03  1.874139e+02 
1299  2.308448e+03  1.987301e+03  3.211473e+02 
1301  3.871129e+02  3.143222e+02  7.279071e+01 
1304  1.168933e+03  1.094473e+03  7.446041e+01 
1306  4.080278e+02  3.093019e+02  9.872587e+01 
1309  1.572566e+02  1.230639e+02  3.419271e+01 
1311  1.993991e+02  1.435688e+02  5.583027e+01 
1314  3.335429e+02  2.616017e+02  7.194123e+01 
1316  3.742093e+02  2.599679e+02  1.142413e+02 
1319  4.798185e+02  3.544456e+02  1.253729e+02 
1322  5.187404e+02  3.882484e+02  1.304920e+02 
1324  4.484315e+02  3.034920e+02  1.449395e+02 
1327  4.983802e+02  3.468743e+02  1.515060e+02 
1329  3.679406e+02  2.491124e+02  1.188282e+02 
1332  5.140529e+02  3.466911e+02  1.673618e+02 
1335  2.185257e+02  1.768268e+02  4.169894e+01 
1337  2.041880e+02  1.384408e+02  6.574729e+01 
1340  2.135279e+03  1.334492e+03  8.007866e+02 
1342  2.373982e+02  1.480133e+02  8.938491e+01 
1345  5.378693e+02  3.563011e+02  1.815683e+02 
1348  5.616350e+01  3.602664e+01  2.013686e+01 
1350  9.744206e+02  6.021309e+02  3.722897e+02 
1353  5.856727e+02  3.767061e+02  2.089666e+02 
1355  5.879404e+02  3.956363e+02  1.923040e+02 
1358  3.836201e+02  2.877283e+02  9.589181e+01 
1361  1.252353e+03  8.325032e+02  4.198501e+02 
1363  1.218081e+03  9.405894e+02  2.774920e+02 
1366  8.598146e+02  6.208665e+02  2.389480e+02 
1369  4.386798e+02  3.054702e+02  1.332096e+02 
1371  8.704016e+02  6.026641e+02  2.677375e+02 
1374  1.424906e+03  1.016311e+03  4.085955e+02 
1377  1.128233e+03  8.086147e+02  3.196184e+02 
1379  8.090676e+02  5.447974e+02  2.642702e+02 
1382  8.526216e+02  5.579673e+02  2.946543e+02 
1385  4.771800e+02  2.917133e+02  1.854666e+02 
1388  6.818342e+02  4.679319e+02  2.139023e+02 
1390  4.556423e+02  2.957140e+02  1.599283e+02 
1393  6.547759e+02  4.337626e+02  2.210133e+02 
1396  4.902241e+02  3.282165e+02  1.620076e+02 
1398  1.544520e+03  1.121534e+03  4.229857e+02 
1401  9.437952e+02  7.377310e+02  2.060641e+02 
1404  6.726652e+02  4.509570e+02  2.217082e+02 
1407  2.901551e+02  1.861948e+02  1.039603e+02 
1409  6.262589e+02  4.062896e+02  2.199693e+02 
1412  4.177354e+02  3.064499e+02  1.112856e+02 
1415  1.588163e+03  1.096200e+03  4.919622e+02 
1418  8.859966e+02  5.568482e+02  3.291484e+02 
1420  4.819402e+02  2.893291e+02  1.926111e+02 
1423  6.154855e+02  3.944250e+02  2.210606e+02 
1426  2.075406e+02  1.426904e+02  6.485024e+01 
1429  2.031315e+03  1.172098e+03  8.592165e+02 
1431  8.206349e+02  6.115507e+02  2.090842e+02 
1434  2.651348e+02  1.833619e+02  8.177284e+01 
1437  3.854124e+03  2.152006e+03  1.702118e+03 
1440  9.884292e+02  6.520607e+02  3.363685e+02 
1443  1.284121e+03  7.733409e+02  5.107803e+02 
1445  6.552695e+02  3.888636e+02  2.664059e+02 
1448  1.349201e+03  7.391575e+02  6.100437e+02 
1451  1.360176e+03  8.638881e+02  4.962881e+02 
1454  3.116292e+03  1.722856e+03  1.393436e+03 
1457  4.713156e+02  2.632189e+02  2.080967e+02 
1460  2.050142e+03  1.122772e+03  9.273698e+02 
1462  4.162780e+02  2.491088e+02  1.671692e+02 
1465  2.117644e+03  1.173838e+03  9.438060e+02 
1468  1.159968e+03  6.657095e+02  4.942585e+02 
1471  1.691533e+03  9.202242e+02  7.713084e+02 
1474  2.018238e+03  1.251581e+03  7.666577e+02 
1477  2.477096e+03  1.304012e+03  1.173084e+03 
1480  9.261415e+02  5.415416e+02  3.845999e+02 
1482  1.422835e+03  7.800676e+02  6.427673e+02 
1485  4.691782e+02  2.711820e+02  1.979962e+02 
1488  7.861840e+02  4.515638e+02  3.346202e+02 
1491  5.167592e+02  2.982236e+02  2.185356e+02 
1494  2.851691e+02  1.759258e+02  1.092433e+02 
1497  2.289212e+02  1.551252e+02  7.379600e+01 
1500  1.330699e+02  7.699654e+01  5.607341e+01 
1503  4.091068e+02  2.487076e+02  1.603992e+02 
1506  6.500684e+02  4.310359e+02  2.190325e+02 
1509  5.995280e+02  3.527188e+02  2.468092e+02 
1512  5.737778e+02  3.960016e+02  1.777762e+02 
1515  2.775908e+02  1.821385e+02  9.545236e+01 
1518  3.448289e+01  2.246652e+01  1.201638e+01 
1520  5.242667e+02  3.234315e+02  2.008352e+02 
1523  2.929009e+02  1.959439e+02  9.695692e+01 
1526  3.784584e+02  2.592348e+02  1.192236e+02 
1529  6.229897e+01  3.516993e+01  2.712904e+01 
1532  1.329846e+02  8.645245e+01  4.653217e+01 
1535  4.071730e+03  2.531105e+03  1.540625e+03 
1538  3.749547e+03  2.029534e+03  1.720012e+03 
1541  4.315149e+02  2.806883e+02  1.508266e+02 
1544  7.960667e+01  4.496189e+01  3.464478e+01 
1547  1.399040e+04  7.341823e+03  6.648577e+03 
1550  4.116065e+02  2.476799e+02  1.639266e+02 
1553  3.294189e+02  1.754762e+02  1.539427e+02 
1556  5.927323e+02  4.222860e+02  1.704463e+02 
1559  4.470920e+02  4.294201e+02  1.767187e+01 
1562  3.655402e+02  3.185890e+02  4.695123e+01 
1566  1.206049e+02  9.430043e+01  2.630446e+01 
1569  6.330154e+02  5.898414e+02  4.317398e+01 
1572  3.620789e+02  2.731961e+02  8.888282e+01 
1575  5.507903e+02  5.009331e+02  4.985720e+01 
1578  5.610578e+02  4.063893e+02  1.546685e+02 
1581  4.601133e+02  3.495076e+02  1.106056e+02 
1584  3.147783e+02  2.479623e+02  6.681605e+01 
1587  3.628404e+02  3.028774e+02  5.996297e+01 
1590  9.224387e+01  5.190799e+01  4.033588e+01 
1593  3.559478e+02  1.889691e+02  1.669786e+02 
1596  1.151419e+02  6.116417e+01  5.397776e+01 
1599  1.914784e+02  1.254523e+02  6.602609e+01 
1603  2.525883e+02  2.093155e+02  4.327281e+01 
1606  3.151512e+02  2.169579e+02  9.819326e+01 
1609  5.432522e+02  5.167484e+02  2.650377e+01 
1612  4.209863e+02  3.837114e+02  3.727495e+01 
1615  1.676945e+01  1.333270e+01  3.436755e+00 
1618  3.055008e+02  2.847288e+02  2.077207e+01 
1621  5.264619e+02  4.685341e+02  5.792781e+01 
1624  4.958376e+02  4.171045e+02  7.873309e+01 
1628  9.099955e+02  7.063744e+02  2.036211e+02 
1631  4.361543e+02  3.739863e+02  6.216801e+01 
1634  6.766385e+02  6.077729e+02  6.886559e+01 
1637  1.145406e+03  1.005200e+03  1.402067e+02 
1640  3.276497e+03  2.036841e+03  1.239656e+03 
1644  6.917402e+02  5.158958e+02  1.758444e+02 
1647  4.467505e+02  4.130726e+02  3.367793e+01 
1650  6.642359e+02  6.316624e+02  3.257355e+01 
1653  6.856705e+02  6.234713e+02  6.219921e+01 
1656  3.747518e+02  3.084234e+02  6.632840e+01 
1660  3.608020e+02  3.450300e+02  1.577201e+01 
1663  1.013193e+02  9.181867e+01  9.500590e+00 
1666  9.313461e+01  6.966715e+01  2.346746e+01 
1669  7.143489e+02  5.259891e+02  1.883598e+02 
1673  5.402338e+02  4.421837e+02  9.805009e+01 
1676  1.914766e+03  1.302452e+03  6.123142e+02 
1679  1.149670e+03  7.720361e+02  3.776339e+02 
1682  9.183861e+02  5.057895e+02  4.125966e+02 
1686  8.399469e+02  5.257816e+02  3.141654e+02 
1689  3.645248e+02  2.793325e+02  8.519234e+01 
1692  2.487413e+02  2.212489e+02  2.749233e+01 
1696  8.833686e+02  4.741751e+02  4.091935e+02 
1699  1.355963e+02  1.121625e+02  2.343378e+01 
1702  7.967126e+02  7.139952e+02  8.271732e+01 
1706  2.623885e+02  2.036667e+02  5.872188e+01 
1709  5.340193e+02  3.947569e+02  1.392624e+02 
1712  2.402064e+02  1.739572e+02  6.624918e+01 
1715  4.984236e+02  3.603799e+02  1.380437e+02 
1719  3.822089e+02  3.432056e+02  3.900329e+01 
1722  7.658351e+02  4.566398e+02  3.091954e+02 
1726  7.439777e+02  6.427682e+02  1.012096e+02 
1729  1.075698e+02  8.735143e+01  2.021837e+01 
1732  1.703206e+02  1.261724e+02  4.414817e+01 
1736  9.608121e+01  6.309696e+01  3.298425e+01 
1739  7.378012e+01  4.173705e+01  3.204306e+01 
1742  9.908643e+01  6.015352e+01  3.893291e+01 
1746  2.191689e+02  1.796508e+02  3.951807e+01 
1749  7.150714e+02  4.534660e+02  2.616055e+02 
1753  1.658147e+01  8.766562e+00  7.814905e+00 
1756  5.116948e+01  2.705054e+01  2.411893e+01 
1759  3.048375e+02  2.723067e+02  3.253076e+01 
1763  3.743272e+02  2.389583e+02  1.353689e+02 
1766  3.593296e+02  1.930184e+02  1.663112e+02 
1770  1.381999e+02  9.632645e+01  4.187347e+01 
1773  4.520871e+02  2.890869e+02  1.630002e+02 
1777  1.820272e+02  1.381201e+02  4.390707e+01 
1780  1.652314e+02  1.262019e+02  3.902946e+01 
1784  9.609297e+02  8.005584e+02  1.603713e+02 
1787  2.008789e+03  1.608578e+03  4.002113e+02 
1791  3.184595e+02  2.000186e+02  1.184409e+02 
1794  4.828206e+02  3.329658e+02  1.498548e+02 
1798  5.222282e+02  4.375450e+02  8.468319e+01 
1801  5.246630e+01  2.705974e+01  2.540657e+01 
1805  5.190761e+02  3.229395e+02  1.961366e+02 
1808  2.377351e+02  1.700452e+02  6.768996e+01 
1812  1.631088e+02  8.407974e+01  7.902905e+01 
1815  1.839928e+02  1.411379e+02  4.285493e+01 
1819  1.531246e+02  1.318364e+02  2.128820e+01 
1822  2.449787e+02  2.038033e+02  4.117540e+01 
1826  2.518344e+02  1.904514e+02  6.138290e+01 
1829  1.898617e+02  1.487501e+02  4.111158e+01 
1833  2.039346e+02  1.717717e+02  3.216288e+01 
1836  2.887413e+02  1.909414e+02  9.779984e+01 
1840  3.125408e+02  1.753241e+02  1.372167e+02 
1844  2.329247e+02  1.299391e+02  1.029855e+02 
1847  2.072906e+02  1.790104e+02  2.828024e+01 
1851  1.907212e+02  1.206369e+02  7.008430e+01 
1854  5.860245e+01  3.238608e+01  2.621636e+01 
1858  1.161593e+02  7.705347e+01  3.910583e+01 
1862  3.024180e+02  1.665871e+02  1.358309e+02 
1865  2.071005e+02  1.693690e+02  3.773152e+01 
1869  1.993513e+02  1.163360e+02  8.301528e+01 
1873  1.049782e+02  6.169282e+01  4.328537e+01 
1876  3.683047e+02  3.100816e+02  5.822306e+01 
1880  3.198737e+02  2.442667e+02  7.560693e+01 
1883  4.653008e+02  2.433906e+02  2.219102e+02 
1887  7.578399e+02  6.581636e+02  9.967625e+01 
1891  1.256243e+02  9.113284e+01  3.449149e+01 
1895  1.299180e+02  9.820920e+01  3.170880e+01 
1898  2.966108e+02  1.842485e+02  1.123624e+02 
1902  7.713092e+02  6.668593e+02  1.044499e+02 
1906  1.954362e+02  1.368178e+02  5.861839e+01 
1909  1.867747e+02  1.476022e+02  3.917255e+01 
1913  1.898387e+02  1.533472e+02  3.649151e+01 
1917  3.838474e+02  2.746076e+02  1.092397e+02 
1921  1.854757e+02  1.048178e+02  8.065794e+01 
1924  5.112550e+02  4.239965e+02  8.725849e+01 
1928  3.367859e+02  2.495495e+02  8.723640e+01 
1932  1.680230e+02  1.218990e+02  4.612395e+01 
1936  4.224031e+02  3.968014e+02  2.560168e+01 
1939  1.665553e+02  8.811451e+01  7.844078e+01 
1943  3.034452e+02  2.049948e+02  9.845039e+01 
1947  4.530194e+02  2.753405e+02  1.776789e+02 
1951  1.579705e+02  1.003579e+02  5.761255e+01 
1954  5.809203e+02  3.185721e+02  2.623483e+02 
1958  2.420368e+03  1.236218e+03  1.184151e+03 
1962  2.744247e+02  1.593158e+02  1.151089e+02 
1966  1.209386e+03  6.654672e+02  5.439191e+02 
1970  8.474086e+02  5.109878e+02  3.364209e+02 
1974  1.880909e+03  9.834230e+02  8.974861e+02 
1977  3.726846e+02  1.998174e+02  1.728671e+02 
1981  6.008389e+01  3.193286e+01  2.815103e+01 
1985  2.899838e+02  1.646950e+02  1.252888e+02 
1989  1.827745e+02  1.294069e+02  5.336759e+01 
1993  1.766441e+02  9.353391e+01  8.311018e+01 
1997  1.463603e+02  7.679292e+01  6.956735e+01 
2001  4.736048e+02  3.759856e+02  9.761915e+01 
2005  2.545794e+02  1.903245e+02  6.425490e+01 
2008  5.035653e+02  3.902391e+02  1.133262e+02 
2012  3.213639e+02  2.105879e+02  1.107760e+02 
2016  4.639883e+02  2.733465e+02  1.906419e+02 
2020  1.637185e+02  1.218123e+02  4.190619e+01 
2024  6.673794e+02  3.420360e+02  3.253434e+02 
2028  1.745555e+03  9.394102e+02  8.061444e+02 
2032  3.437106e+02  2.356109e+02  1.080996e+02 
2036  1.663661e+02  1.222856e+02  4.408052e+01 
2040  2.804903e+02  2.525863e+02  2.790403e+01 
2044  2.413802e+02  1.969805e+02  4.439970e+01 
2048  1.380732e+02  7.356740e+01  6.450582e+01 
2052  1.428403e+02  1.150186e+02  2.782170e+01 
2056  2.751113e+02  2.226160e+02  5.249531e+01 
2060  1.160993e+02  7.425495e+01  4.184434e+01 
2064  3.904172e+02  3.358369e+02  5.458038e+01 
2068  4.831194e+02  2.830207e+02  2.000987e+02 
2072  4.278229e+02  3.222663e+02  1.055566e+02 
2076  4.234078e+02  2.169210e+02  2.064868e+02 
2080  1.875827e+02  1.262181e+02  6.136457e+01 
2084  8.509859e+01  4.393895e+01  4.115964e+01 
2088  2.000424e+02  1.709071e+02  2.913525e+01 
2092  2.462982e+02  1.292505e+02  1.170476e+02 
2096  2.117849e+02  1.361919e+02  7.559299e+01 
2100  2.947419e+02  1.692527e+02  1.254892e+02 
2104  5.115480e+02  2.631536e+02  2.483944e+02 
2109  7.961918e+02  6.698414e+02  1.263504e+02 
2113  2.612664e+02  1.428487e+02  1.184177e+02 
2117  9.641057e+02  6.171949e+02  3.469108e+02 
2121  7.261240e+01  4.566613e+01  2.694628e+01 
2125  1.395006e+02  7.077113e+01  6.872944e+01 
2129  4.118704e+02  2.937156e+02  1.181548e+02 
2133  2.335097e+02  1.314033e+02  1.021065e+02 
2138  4.783405e+02  3.636664e+02  1.146741e+02 
2142  2.546913e+02  1.516332e+02  1.030581e+02 
2146  3.809528e+02  2.951544e+02  8.579833e+01 
2150  3.982240e+02  3.127919e+02  8.543203e+01 
2154  1.562158e+02  1.050653e+02  5.115055e+01 
2158  1.775062e+02  1.173455e+02  6.016071e+01 
2163  3.463152e+02  2.466264e+02  9.968872e+01 
2167  4.965247e+02  3.279231e+02  1.686015e+02 
2171  1.459665e+02  7.795287e+01  6.801366e+01 
2175  4.409435e+02  2.876481e+02  1.532953e+02 
2180  1.242240e+02  8.022115e+01  4.400281e+01 
2184  3.103168e+02  1.629727e+02  1.473441e+02 
2188  3.532315e+02  2.315564e+02  1.216751e+02 
2192  7.314098e+01  3.971442e+01  3.342656e+01 
2197  3.905634e+01  1.994717e+01  1.910917e+01 
2201  1.249467e+02  6.510785e+01  5.983887e+01 
2205  1.832802e+02  1.003801e+02  8.290008e+01 
2209  2.552323e+02  1.426191e+02  1.126132e+02 
2214  4.188120e+02  2.875896e+02  1.312224e+02 
2218  2.528561e+02  1.760718e+02  7.678437e+01 
2222  7.872076e+02  6.258656e+02  1.613420e+02 
2227  2.708686e+02  1.710560e+02  9.981262e+01 
2231  3.111193e+02  1.824828e+02  1.286365e+02 
2235  6.596808e+02  5.394637e+02  1.202171e+02 
2240  7.645801e+02  5.654305e+02  1.991496e+02 
2244  1.214430e+03  8.923513e+02  3.220790e+02 
2248  8.524088e+02  7.066415e+02  1.457673e+02 
2253  8.394550e+02  7.048309e+02  1.346241e+02 
2257  5.912308e+02  4.376793e+02  1.535515e+02 
2262  1.496390e+03  1.335919e+03  1.604708e+02 
2266  1.735207e+03  1.527296e+03  2.079110e+02 
2270  1.045719e+03  7.959946e+02  2.497244e+02 
2275  1.305874e+03  1.093809e+03  2.120646e+02 
2279  1.234012e+03  9.874996e+02  2.465127e+02 
2284  6.924565e+02  5.416129e+02  1.508436e+02 
2288  3.594358e+02  1.994940e+02  1.599418e+02 
2293  9.454294e+02  6.495403e+02  2.958891e+02 
2297  4.382772e+02  2.617880e+02  1.764892e+02 
2302  2.773241e+02  1.642314e+02  1.130927e+02 
2306  1.597801e+03  8.692847e+02  7.285158e+02 
2311  1.123738e+03  7.012842e+02  4.224539e+02 
2315  8.196216e+02  5.450385e+02  2.745831e+02 
2320  6.904211e+02  4.876574e+02  2.027637e+02 
2324  8.915063e+02  5.846400e+02  3.068663e+02 
2329  2.924789e+03  2.639282e+03  2.855070e+02 
2333  2.073809e+03  2.049947e+03  2.386201e+01 
2338  2.060483e+03  1.860367e+03  2.001157e+02 
2342  5.194877e+03  5.069722e+03  1.251551e+02 
2347  6.995195e+03  6.658230e+03  3.369641e+02 
2351  6.934830e+02  4.446825e+02  2.488005e+02 
2356  1.132864e+03  8.103663e+02  3.224979e+02 
2361  1.235609e+04  1.189535e+04  4.607367e+02 
2365  5.515493e+03  5.149373e+03  3.661197e+02 
2370  3.761073e+03  3.582762e+03  1.783102e+02 
2374  5.888896e+03  5.614223e+03  2.746733e+02 
2379  3.436856e+03  3.305656e+03  1.311997e+02 
2384  1.867251e+04  1.828948e+04  3.830234e+02 
2388  4.431234e+03  4.181028e+03  2.502059e+02 
2393  1.182333e+04  1.073465e+04  1.088680e+03 
2398  4.098501e+03  3.757804e+03  3.406972e+02 
2402  5.486120e+03  5.134129e+03  3.519904e+02 
2407  3.777947e+03  3.151570e+03  6.263772e+02 
2412  7.572031e+03  7.139991e+03  4.320404e+02 
2416  2.245814e+03  1.461514e+03  7.843004e+02 
2421  1.380509e+03  8.374901e+02  5.430193e+02 
2426  2.681138e+03  2.061282e+03  6.198560e+02 
2431  6.723045e+03  4.083447e+03  2.639598e+03 
2435  3.397183e+03  2.404181e+03  9.930019e+02 
2440  2.452474e+03  1.605861e+03  8.466128e+02 
2445  3.787451e+03  2.754377e+03  1.033074e+03 
2450  4.244628e+03  2.376706e+03  1.867922e+03 
2454  2.476944e+03  1.537522e+03  9.394229e+02 
2459  4.073481e+03  2.940591e+03  1.132891e+03 
2464  4.881779e+03  3.384330e+03  1.497449e+03 
2469  3.283623e+03  2.322860e+03  9.607631e+02 
2473  3.363270e+03  2.089195e+03  1.274074e+03 
2478  1.629036e+03  1.135787e+03  4.932488e+02 
2483  1.876173e+03  1.383413e+03  4.927604e+02 
2488  3.302899e+03  2.067605e+03  1.235294e+03 
2493  2.267142e+03  1.920795e+03  3.463466e+02 
2498  1.661265e+03  1.330891e+03  3.303739e+02 
2503  1.930002e+03  1.382593e+03  5.474096e+02 
2507  7.203837e+03  4.056016e+03  3.147821e+03 
2512  3.152068e+03  2.326819e+03  8.252498e+02 
2517  1.252436e+03  8.764662e+02  3.759702e+02 
2522  1.632718e+03  9.947158e+02  6.380017e+02 
2527  4.238357e+03  3.504796e+03  7.335608e+02 
2532  1.093296e+03  8.972267e+02  1.960689e+02 
2537  3.057568e+03  2.140985e+03  9.165828e+02 
2542  2.054000e+03  1.522493e+03  5.315074e+02 
2547  2.642356e+03  2.144280e+03  4.980768e+02 
2552  1.371406e+03  9.717602e+02  3.996461e+02 
2557  1.076329e+03  7.800215e+02  2.963073e+02 
2562  6.883917e+03  6.125335e+03  7.585825e+02 
2567  2.271163e+03  1.754363e+03  5.167993e+02 
2572  2.081369e+03  1.422163e+03  6.592065e+02 
2577  1.425142e+03  1.205827e+03  2.193156e+02 
2582  2.297944e+03  1.863865e+03  4.340792e+02 
2587  6.737258e+03  6.387735e+03  3.495230e+02 
2592  2.369869e+03  2.092528e+03  2.773414e+02 
2597  1.897594e+04  1.836200e+04  6.139478e+02 
2602  6.338060e+02  4.646859e+02  1.691201e+02 
2607  6.890374e+03  5.948520e+03  9.418539e+02 
2612  1.293517e+04  1.193865e+04  9.965146e+02 
2617  4.228260e+03  4.016839e+03  2.114206e+02 
2622  4.225394e+03  3.760231e+03  4.651627e+02 
2627  1.596185e+04  1.486855e+04  1.093292e+03 
2632  1.219944e+04  1.136886e+04  8.305813e+02 
2638  6.635341e+02  4.024873e+02  2.610468e+02 
2643  6.088103e+02  3.544818e+02  2.543285e+02 
2648  3.256324e+02  1.631036e+02  1.625287e+02 
2653  6.794269e+02  3.752262e+02  3.042007e+02 
2658  2.378828e+02  1.240842e+02  1.137986e+02 
2663  4.820237e+02  3.608274e+02  1.211963e+02 
2669  1.195197e+03  8.145823e+02  3.806143e+02 
2674  5.183297e+01  2.581172e+01  2.602125e+01 
2679  6.470805e+02  4.555069e+02  1.915736e+02 
2684  1.130557e+03  6.418435e+02  4.887134e+02 
2689  2.868996e+02  1.488077e+02  1.380919e+02 
2695  1.918608e+03  1.556045e+03  3.625634e+02 
2700  2.257162e+02  1.195057e+02  1.062105e+02 
2705  1.901964e+03  1.105869e+03  7.960953e+02 
2710  1.774771e+03  1.440072e+03  3.346985e+02 
2716  6.768064e+03  5.721830e+03  1.046234e+03 
2721  7.899172e+02  4.544829e+02  3.354343e+02 
2726  4.098250e+03  3.839849e+03  2.584012e+02 
2732  3.958411e+03  3.568210e+03  3.902010e+02 
2737  6.301700e+03  5.397315e+03  9.043849e+02 
2742  2.331867e+03  2.121252e+03  2.106154e+02 
2748  1.013126e+04  9.451562e+03  6.797034e+02 
2753  1.085212e+04  9.357027e+03  1.495088e+03 
2758  9.819221e+02  7.710814e+02  2.108407e+02 
2764  2.375871e+03  1.978195e+03  3.976755e+02 
2769  4.083891e+03  3.323154e+03  7.607372e+02 
2774  5.256533e+03  4.492911e+03  7.636216e+02 
2780  8.829688e+02  4.782104e+02  4.047583e+02 
2785  1.214401e+03  6.378458e+02  5.765552e+02 
2791  3.962741e+03  2.273823e+03  1.688919e+03 
2796  7.168029e+02  5.348395e+02  1.819635e+02 
2802  5.792578e+02  3.989931e+02  1.802646e+02 
2807  4.755719e+02  2.675186e+02  2.080533e+02 
2813  2.217001e+02  1.166820e+02  1.050181e+02 
2818  3.405104e+03  1.709187e+03  1.695916e+03 
2823  3.327430e+03  1.785963e+03  1.541467e+03 
2829  3.723042e+03  2.592761e+03  1.130281e+03 
2834  1.730814e+03  1.349507e+03  3.813074e+02 
2840  1.951177e+04  9.855303e+03  9.656468e+03 
2846  9.795495e+03  4.977410e+03  4.818085e+03 
2851  2.637477e+03  1.360461e+03  1.277016e+03 
2857  9.047788e+03  4.544563e+03  4.503225e+03 
2862  1.734574e+03  8.806394e+02  8.539349e+02 
2868  1.929781e+03  1.022039e+03  9.077418e+02 
2873  2.712310e+03  1.384758e+03  1.327552e+03 
2879  6.136569e+03  3.168967e+03  2.967602e+03 
2885  2.981307e+03  1.811456e+03  1.169851e+03 
2890  1.190676e+03  8.081016e+02  3.825746e+02 
2896  5.833406e+02  3.134763e+02  2.698644e+02 
2901  1.990332e+02  1.067953e+02  9.223785e+01 
2907  1.082572e+03  5.719456e+02  5.106266e+02 
2913  4.789392e+01  2.409914e+01  2.379479e+01 
2918  4.707694e+02  2.927957e+02  1.779738e+02 
2924  1.653483e+03  1.434264e+03  2.192184e+02 
2930  3.342370e+01  1.684015e+01  1.658356e+01 
2936  1.383995e+02  6.939108e+01  6.900838e+01 
2941  1.395069e+03  1.145972e+03  2.490975e+02 
2947  1.701426e+03  1.318578e+03  3.828482e+02 
2953  6.857578e+02  6.195346e+02  6.622324e+01 
2958  5.919361e+02  3.642327e+02  2.277034e+02 
2964  2.017189e+03  1.692329e+03  3.248595e+02 
2970  1.307201e+03  9.673858e+02  3.398147e+02 
2976  4.870876e+02  3.002506e+02  1.868370e+02 
2982  3.985916e+03  3.435037e+03  5.508786e+02 
2987  1.452185e+03  1.245177e+03  2.070077e+02 
2993  1.358557e+02  6.790617e+01  6.794951e+01 
2999  5.540096e+02  3.212773e+02  2.327323e+02 
3005  2.331393e+03  2.021195e+03  3.101985e+02 
3011  5.318493e+02  2.671025e+02  2.647468e+02 
3017  3.639986e+02  1.833551e+02  1.806435e+02 
3023  1.227750e+02  6.149556e+01  6.127941e+01 
3028  1.341557e+02  6.727982e+01  6.687593e+01 
3034  1.313181e+03  6.566558e+02  6.565251e+02 
3040  7.266472e+01  3.644154e+01  3.622318e+01 
3046  1.390256e+03  7.186539e+02  6.716017e+02 
3052  9.728245e+02  4.864796e+02  4.863449e+02 
3058  2.844121e+01  1.424368e+01  1.419754e+01 
3064  3.099520e+02  1.672798e+02  1.426722e+02 
3070  8.958561e+02  4.492099e+02  4.466461e+02 
3076  9.362137e+03  4.688376e+03  4.673760e+03 
3082  6.040913e+01  3.059191e+01  2.981722e+01 
3088  4.522552e+01  2.272091e+01  2.250462e+01 
3094  3.100274e+02  1.807030e+02  1.293244e+02 
3100  2.881470e+01  1.447708e+01  1.433762e+01 
3106  1.532417e+02  7.694988e+01  7.629184e+01 
3112  3.825207e+01  1.918059e+01  1.907149e+01 
3118  3.760735e+01  1.889250e+01  1.871484e+01 
3124  6.501189e+00  3.250595e+00  3.250594e+00 
3130  3.985984e+01  2.003700e+01  1.982284e+01 
3136  1.437292e+01  7.210318e+00  7.162597e+00 
3142  8.971430e+02  6.625463e+02  2.345967e+02 
3149  5.730696e+01  2.915388e+01  2.815307e+01 
3155  2.853727e+01  1.433857e+01  1.419869e+01 
3161  2.873769e+03  2.322080e+03  5.516888e+02 
3167  1.277213e+03  1.041408e+03  2.358055e+02 
3173  1.360968e+02  6.805671e+01  6.804005e+01 
3179  5.655538e+02  3.023802e+02  2.631736e+02 
3186  3.346993e+03  2.720422e+03  6.265709e+02 
3192  1.913120e+03  1.636463e+03  2.766567e+02 
3198  2.188310e+03  1.930906e+03  2.574037e+02 
3204  7.475020e+01  3.832647e+01  3.642373e+01 
3210  1.798194e+03  1.529114e+03  2.690807e+02 
3217  5.401083e+01  2.700613e+01  2.700470e+01 
3223  4.515421e+01  2.259728e+01  2.255693e+01 
3229  1.563148e+03  1.259334e+03  3.038137e+02 
3236  2.526858e+02  1.401467e+02  1.125392e+02 
3242  2.890663e+02  1.560007e+02  1.330656e+02 
3248  4.844909e+02  2.562500e+02  2.282410e+02 
3255  1.558440e+03  1.187915e+03  3.705248e+02 
3261  5.734485e+02  3.307975e+02  2.426510e+02 
3267  2.952459e+02  1.601067e+02  1.351392e+02 
3274  8.747458e+01  4.381725e+01  4.365733e+01 
3280  3.938683e+03  3.060435e+03  8.782484e+02 
3286  6.206348e+02  3.627515e+02  2.578833e+02 
3293  7.133318e+02  4.545678e+02  2.587639e+02 
3299  5.302635e+02  2.855496e+02  2.447139e+02 
3306  7.622565e+02  4.396101e+02  3.226464e+02 
3312  5.645701e+02  3.194895e+02  2.450805e+02 
3318  1.450898e+02  7.261047e+01  7.247934e+01 
3325  8.188399e+01  4.145568e+01  4.042831e+01 
3331  9.927284e+00  4.963786e+00  4.963499e+00 
3338  1.178978e+02  5.972424e+01  5.817351e+01 
3344  5.133609e+00  2.567461e+00  2.566148e+00 
3351  2.748700e+00  1.374351e+00  1.374349e+00 
3357  2.628569e+02  1.347639e+02  1.280930e+02 
3364  1.304969e+02  6.658843e+01  6.390847e+01 
3371  2.983329e+02  1.492116e+02  1.491213e+02 
3377  1.405135e+03  7.038252e+02  7.013094e+02 
3384  3.859609e+02  1.935949e+02  1.923660e+02 
3390  1.657562e+02  8.295566e+01  8.280058e+01 
3397  1.707592e+01  8.543271e+00  8.532653e+00 
3403  2.472012e+01  1.236016e+01  1.235996e+01 
3410  2.455954e+01  1.252872e+01  1.203082e+01 
3417  3.006189e+02  1.551073e+02  1.455116e+02 
3423  3.132848e+01  1.566457e+01  1.566391e+01 
3430  9.205396e+01  4.609645e+01  4.595751e+01 
3437  1.853674e+02  9.697385e+01  8.839352e+01 
3443  5.152300e+02  2.577617e+02  2.574683e+02 
3450  8.206030e+02  4.118629e+02  4.087402e+02 
3457  5.750983e+02  2.891954e+02  2.859028e+02 
3464  5.536236e+01  2.799931e+01  2.736305e+01 
3470  4.077036e+01  2.051699e+01  2.025337e+01 
3477  2.572588e+02  1.328987e+02  1.243600e+02 
3484  2.010545e+02  1.008247e+02  1.002298e+02 
3491  1.313438e+02  6.603937e+01  6.530437e+01 
3498  3.686461e+02  1.874318e+02  1.812143e+02 
3504  1.040759e+03  5.208277e+02  5.199314e+02 
3511  7.864928e+00  3.932741e+00  3.932187e+00 
3518  1.975355e+02  9.974542e+01  9.779011e+01 
3525  1.824624e+02  9.124413e+01  9.121823e+01 
3532  2.507944e+02  1.254167e+02  1.253777e+02 
3539  1.145480e+03  5.728043e+02  5.726756e+02 
3545  9.359695e+01  4.679860e+01  4.679836e+01 
3552  3.586565e+01  1.810901e+01  1.775665e+01 
3559  1.290150e+01  6.458016e+00  6.443482e+00 
3566  1.618857e+01  8.117626e+00  8.070946e+00 
3573  1.417363e+01  7.323286e+00  6.850345e+00 
3580  2.250059e+00  1.125054e+00  1.125005e+00 
3587  3.086559e+01  1.543245e+01  1.543314e+01 
3594  5.883694e+00  2.941853e+00  2.941841e+00 
3601  9.110058e+00  4.555310e+00  4.554748e+00 
3608  7.812312e+00  3.906222e+00  3.906090e+00 
3615  1.031501e+01  5.157217e+00  5.157794e+00 
3622  1.239840e+02  6.273728e+01  6.124673e+01 
3629  1.477092e+01  7.471218e+00  7.299702e+00 
3636  9.169813e+00  4.592268e+00  4.577545e+00 
3643  6.172813e+01  3.164244e+01  3.008569e+01 
3651  3.285454e+00  1.642727e+00  1.642727e+00 
3658  1.757762e+02  9.496044e+01  8.081572e+01 
3665  1.501644e+01  7.508230e+00  7.508206e+00 
3672  3.903331e+00  1.951589e+00  1.951743e+00 
3679  3.335818e+00  1.658474e+00  1.677344e+00 
3686  8.833403e+00  4.360403e+00  4.473000e+00 
3693  3.722510e+00  1.860972e+00  1.861537e+00 
3701  1.213239e+01  6.070055e+00  6.062338e+00 
3708  6.304505e+00  3.152252e+00  3.152254e+00 
3715  4.315737e+00  2.118868e+00  2.196869e+00 
3722  2.273834e+01  1.137480e+01  1.136354e+01 
3730  1.343937e+01  6.726814e+00  6.712553e+00 
3737  1.156682e+00  5.782146e-01  5.784669e-01 
3744  1.062744e+01  5.316934e+00  5.310505e+00 
3751  6.222410e+01  3.127795e+01  3.094615e+01 
3759  3.455963e+01  1.732238e+01  1.723725e+01 
3766  6.687108e+02  3.417062e+02  3.270045e+02 
3773  1.561338e+00  8.049477e-01  7.563906e-01 
3781  2.148210e+02  1.088255e+02  1.059955e+02 
3788  1.359387e+01  6.806279e+00  6.787591e+00 
3795  2.064875e+01  1.033880e+01  1.030995e+01 
3803  2.333764e+00  1.166907e+00  1.166857e+00 
3810  8.915117e+00  4.463229e+00  4.451889e+00 
3818  3.364187e+00  1.682094e+00  1.682093e+00 
3825  1.778944e+03  9.262206e+02  8.527234e+02 
3833  1.049791e+01  5.315289e+00  5.182622e+00 
3840  4.178925e+01  2.089449e+01  2.089476e+01 
3847  1.032190e+01  5.165994e+00  5.155910e+00 
3855  7.385192e-01  3.692589e-01  3.692603e-01 
3862  1.302873e+00  6.514401e-01  6.514326e-01 
3870  3.015504e+02  1.525905e+02  1.489598e+02 
3878  9.530142e+00  4.771103e+00  4.759039e+00 
3885  3.688912e+00  1.843596e+00  1.845317e+00 
3893  3.809917e+01  1.907328e+01  1.902589e+01 
3900  4.622296e+00  2.311242e+00  2.311054e+00 
3908  1.020717e+02  5.113985e+01  5.093189e+01 
3915  8.944460e+01  4.540688e+01  4.403772e+01 
3923  4.736306e+00  2.368161e+00  2.368145e+00 
3931  1.700222e+02  8.637943e+01  8.364278e+01 
3938  4.926284e+02  2.652325e+02  2.273958e+02 
3946  1.380096e+02  7.080672e+01  6.720288e+01 
3954  2.802735e+00  1.401367e+00  1.401368e+00 
3961  9.181015e+01  4.560914e+01  4.620102e+01 
3969  2.610474e+02  1.367215e+02  1.243259e+02 
3977  1.042040e+03  5.310629e+02  5.109771e+02 
3985  3.768926e+01  1.899654e+01  1.869272e+01 
3992  1.451184e+01  7.260074e+00  7.251769e+00 
4000  3.658976e+02  1.847925e+02  1.811051e+02 
4008  6.998295e+00  3.499266e+00  3.499029e+00 
4016  1.183388e+01  5.916971e+00  5.916906e+00 
4024  2.594429e+01  1.298665e+01  1.295765e+01 
4031  1.095553e+01  5.481339e+00  5.474193e+00 
4039  3.519957e+00  1.759979e+00  1.759977e+00 
4047  3.492239e+00  1.746122e+00  1.746117e+00 
4055  1.916633e+00  9.584212e-01  9.582114e-01 
4063  5.290369e+01  2.645691e+01  2.644678e+01 
4071  9.779961e+01  4.890491e+01  4.889470e+01 
4079  1.020470e+02  5.103468e+01  5.101235e+01 
4087  5.302101e+01  2.651581e+01  2.650520e+01 
4095  9.929839e+01  4.964949e+01  4.964890e+01 
4103  8.289322e+00  4.074154e+00  4.215168e+00 
4111  4.081214e+01  2.040648e+01  2.040566e+01 
4119  1.222906e+02  6.165047e+01  6.064008e+01 
4127  9.993954e+01  5.044791e+01  4.949163e+01 
4135  6.787971e+01  3.397422e+01  3.390549e+01 
4143  1.401235e+02  7.006337e+01  7.006011e+01 
4151  9.746008e+00  4.873015e+00  4.872993e+00 
4159  5.570469e+01  2.785562e+01  2.784908e+01 
4167  4.684230e+00  2.342582e+00  2.341648e+00 
4175  2.760735e+03  1.417848e+03  1.342887e+03 
4183  2.140654e+01  1.070595e+01  1.070059e+01 
4191  2.748176e+00  1.374089e+00  1.374087e+00 
4200  1.322207e+01  6.611087e+00  6.610981e+00 
4208  6.845900e+01  3.432561e+01  3.413339e+01 
4216  1.248421e+00  6.242103e-01  6.242103e-01 
4224  1.772788e+01  8.863942e+00  8.863936e+00 
4232  2.451912e+03  1.451140e+03  1.000772e+03 
4241  1.076192e+04  5.398736e+03  5.363185e+03 
4249  2.938499e+01  1.470892e+01  1.467607e+01 
4257  9.333845e+01  4.685031e+01  4.648814e+01 
4265  2.208969e+01  1.104500e+01  1.104469e+01 
4274  4.695534e+03  2.352690e+03  2.342844e+03 
4282  2.627720e+00  1.313860e+00  1.313860e+00 
4290  6.640744e+03  3.332630e+03  3.308113e+03 
4299  8.934166e+02  4.639415e+02  4.294751e+02 
4307  1.375572e+03  6.881323e+02  6.874400e+02 
4316  3.038774e+03  1.522399e+03  1.516376e+03 
4324  1.698262e+01  8.491108e+00  8.491515e+00 
4332  6.193161e+02  3.235800e+02  2.957361e+02 
4341  4.331558e+02  2.173703e+02  2.157855e+02 
4349  5.478527e+03  2.798506e+03  2.680021e+03 
4358  7.716594e+03  3.865986e+03  3.850608e+03 
4366  7.889676e+01  3.953814e+01  3.935861e+01 
4375  3.202477e+03  1.712858e+03  1.489619e+03 
4383  1.180874e+03  6.017627e+02  5.791111e+02 
4392  2.038273e+00  1.019137e+00  1.019137e+00 
4400  4.118503e+02  2.104975e+02  2.013528e+02 
4409  3.065745e+03  1.622696e+03  1.443049e+03 
4418  4.885299e+03  2.472391e+03  2.412908e+03 
4426  4.208415e+00  2.104208e+00  2.104207e+00 
4435  3.766609e+02  1.890704e+02  1.875905e+02 
4443  6.466491e+00  3.233248e+00  3.233243e+00 
4452  2.246844e+03  1.124605e+03  1.122239e+03 
4461  8.444613e+02  4.223631e+02  4.220981e+02 
4469  4.672448e+02  2.370322e+02  2.302127e+02 
4478  1.118173e+03  5.593626e+02  5.588104e+02 
4487  1.607381e+03  8.191854e+02  7.881951e+02 
4496  2.051743e+02  1.025933e+02  1.025810e+02 
4504  6.622473e+02  3.484795e+02  3.137678e+02 
4513  7.101428e+02  3.582064e+02  3.519363e+02 
4522  2.333485e+03  1.224994e+03  1.108491e+03 
4531  3.018442e+02  1.514512e+02  1.503930e+02 
4540  5.137784e+02  2.665227e+02  2.472556e+02 
4548  1.230168e+03  6.738709e+02  5.562969e+02 
4557  8.751641e+02  4.478814e+02  4.272827e+02 
4566  9.608270e-01  4.804135e-01  4.804135e-01 
4575  9.399431e+02  4.992533e+02  4.406899e+02 
4584  2.414483e+03  1.306726e+03  1.107758e+03 
4593  1.185049e+02  5.977517e+01  5.872970e+01 
4602  5.125539e+01  2.562818e+01  2.562722e+01 
4611  8.769083e-01  4.384673e-01  4.384411e-01 
4620  1.100875e+03  5.763589e+02  5.245157e+02 
4629  4.242965e+03  2.197128e+03  2.045838e+03 
4638  5.166998e+02  2.583930e+02  2.583068e+02 
4647  1.734643e+02  8.750277e+01  8.596154e+01 
4656  5.690399e+00  2.845997e+00  2.844403e+00 
4665  8.958636e+02  4.526978e+02  4.431659e+02 
4674  8.652994e+00  4.332125e+00  4.320869e+00 
4683  2.460225e+02  1.230213e+02  1.230012e+02 
4692  4.226732e-01  2.113366e-01  2.113366e-01 
4701  1.961006e+01  9.805071e+00  9.804990e+00 
4711  5.110011e-01  2.553518e-01  2.556493e-01 
4720  1.666138e+02  8.331122e+01  8.330254e+01 
4729  1.177996e+03  5.892196e+02  5.887763e+02 
4738  3.100802e+00  1.551238e+00  1.549564e+00 
4747  1.577914e+02  7.889751e+01  7.889391e+01 
4757  1.140409e+00  5.702233e-01  5.701860e-01 
4766  2.852219e-01  1.426109e-01  1.426109e-01 
4775  1.081611e+03  5.409595e+02  5.406513e+02 
4784  8.980638e-01  4.490320e-01  4.490318e-01 
4794  1.567988e+02  7.840302e+01  7.839578e+01 
4803  3.779069e+00  1.889536e+00  1.889533e+00 
4813  2.357342e+03  1.179488e+03  1.177854e+03 
4822  2.673946e+02  1.336954e+02  1.336992e+02 
4831  3.777470e+01  1.888748e+01  1.888722e+01 
4841  1.483906e+01  7.427528e+00  7.411531e+00 
4850  1.188556e+02  5.942971e+01  5.942593e+01 
4860  3.087549e+00  1.543443e+00  1.544106e+00 
4869  6.538417e+01  3.269375e+01  3.269043e+01 
4879  1.369388e+03  6.849449e+02  6.844434e+02 
4888  1.632369e+03  8.165627e+02  8.158065e+02 
4898  4.081035e+02  2.040613e+02  2.040421e+02 
4907  1.510110e+03  7.553279e+02  7.547819e+02 
4917  4.683867e-01  2.341933e-01  2.341934e-01 
4926  9.992061e+02  6.171909e+02  3.820152e+02 
4936  2.689706e+00  1.344853e+00  1.344853e+00 
4945  2.682294e+03  1.342116e+03  1.340178e+03 
4955  9.789774e+02  4.895960e+02  4.893814e+02 
4965  4.599638e+00  2.299822e+00  2.299816e+00 
4974  1.099608e+03  5.499518e+02  5.496562e+02 
4984  3.063442e+00  1.531721e+00  1.531721e+00 
4994  9.294819e+00  4.650999e+00  4.643820e+00 
5004  2.015965e+03  1.008439e+03  1.007526e+03 
5013  1.255427e+03  7.857979e+02  4.696287e+02 
5023  1.004126e+03  5.021803e+02  5.019453e+02 
5033  2.910113e+00  1.455058e+00  1.455055e+00 
5043  1.095485e+03  5.478198e+02  5.476650e+02 
5052  1.891397e+03  9.461079e+02  9.452892e+02 
5062  1.690390e+02  8.452097e+01  8.451805e+01 
5072  4.809213e+03  2.407101e+03  2.402112e+03 
5082  1.445802e+01  7.229015e+00  7.229006e+00 
5092  9.986690e-01  4.993336e-01  4.993355e-01 
5102  1.666290e+01  8.342312e+00  8.320590e+00 
5112  3.526584e+03  1.764413e+03  1.762171e+03 
5122  8.511723e+00  4.255940e+00  4.255782e+00 
5132  2.859011e+01  1.429593e+01  1.429417e+01 
5142  7.900446e+00  3.953812e+00  3.946635e+00 
5152  1.698332e+01  8.492146e+00  8.491170e+00 
5162  1.799881e+04  9.033659e+03  8.965148e+03 
5172  1.711865e+03  1.071642e+03  6.402230e+02 
5182  2.457902e+03  1.229306e+03  1.228596e+03 
5192  2.342565e+00  1.209185e+00  1.133380e+00 
5202  1.769958e+03  9.022460e+02  8.677118e+02 
5212  6.494859e-01  3.247429e-01  3.247430e-01 
5222  4.352302e+02  2.176375e+02  2.175927e+02 
5233  2.406147e+03  1.234743e+03  1.171404e+03 
5243  3.452719e+00  1.726336e+00  1.726384e+00 
5253  4.125637e+02  2.071726e+02  2.053911e+02 
5263  9.495887e+03  4.759034e+03  4.736853e+03 
5273  1.033930e+04  5.253657e+03  5.085647e+03 
5284  1.172216e+03  6.122606e+02  5.599553e+02 
5294  5.714705e+02  2.857722e+02  2.856982e+02 
5304  2.970620e+00  1.485312e+00  1.485308e+00 
5315  8.115599e+03  4.357352e+03  3.758246e+03 
5325  6.192614e+02  3.116124e+02  3.076489e+02 
5335  4.205104e+03  2.104553e+03  2.100550e+03 
5346  4.404370e+02  2.202395e+02  2.201975e+02 
5356  4.969500e+00  2.484750e+00  2.484750e+00 
5367  2.645546e+02  1.329549e+02  1.315997e+02 
5377  4.375847e+03  2.190049e+03  2.185798e+03 
5388  1.211712e+01  6.058558e+00  6.058558e+00 
5398  1.855365e+00  9.276850e-01  9.276801e-01 
5409  5.440126e+02  2.720379e+02  2.719747e+02 
5419  1.690462e+00  8.452310e-01  8.452307e-01 
5430  2.348703e+03  1.177172e+03  1.171531e+03 
5440  1.068616e+01  5.343104e+00  5.343053e+00 
5451  5.199648e+00  2.600121e+00  2.599527e+00 
5461  1.278221e+00  6.391622e-01  6.390584e-01 
5472  1.198744e+02  5.993946e+01  5.993492e+01 
5483  5.761586e+00  2.880793e+00  2.880793e+00 
5493  2.759432e+02  1.379789e+02  1.379643e+02 
5504  4.365237e+00  2.182619e+00  2.182618e+00 
5515  3.912564e+00  1.956285e+00  1.956278e+00 
5526  1.075025e+03  5.376174e+02  5.374073e+02 
5536  6.650969e+01  3.327213e+01  3.323755e+01 
5547  2.387961e+02  1.194003e+02  1.193958e+02 
5558  3.270399e+02  1.635306e+02  1.635094e+02 
5569  6.639705e+00  3.319837e+00  3.319868e+00 
5580  1.723849e+02  8.619368e+01  8.619126e+01 
5590  1.055957e+02  5.279808e+01  5.279766e+01 
5601  8.274686e-01  4.137390e-01  4.137297e-01 
5612  1.433289e+02  7.166520e+01  7.166376e+01 
5623  1.040425e+02  5.202756e+01  5.201499e+01 
5634  1.502768e+00  7.513837e-01  7.513838e-01 
5645  2.124655e+02  1.062334e+02  1.062321e+02 
5656  1.655489e+02  8.277914e+01  8.276974e+01 
5667  4.499808e+01  2.249905e+01  2.249903e+01 
5678  1.903570e+02  9.518010e+01  9.517686e+01 
5689  1.050116e+02  5.250578e+01  5.250578e+01 
5700  1.801542e+00  9.007710e-01  9.007708e-01 
5711  2.023458e+01  1.011729e+01  1.011729e+01 
5723  1.445612e+02  7.228217e+01  7.227901e+01 
5734  1.511132e+01  7.555989e+00  7.555328e+00 
5745  2.578056e+02  1.289060e+02  1.288996e+02 
5756  2.436804e+01  1.218403e+01  1.218401e+01 
5767  7.673012e+00  3.836507e+00  3.836505e+00 
5779  3.706547e+01  1.853293e+01  1.853254e+01 
5790  2.046582e+00  1.023296e+00  1.023286e+00 
5801  4.938553e+01  2.469284e+01  2.469269e+01 
5812  1.436665e+01  7.183857e+00  7.182792e+00 
5824  1.686743e+00  8.433846e-01  8.433583e-01 
5835  2.282866e+02  1.141387e+02  1.141479e+02 
5846  4.591373e+01  2.295690e+01  2.295683e+01 
5858  9.982000e+00  4.991151e+00  4.990849e+00 
5869  2.536828e+02  1.268451e+02  1.268377e+02 
5881  2.622958e+01  1.311477e+01  1.311481e+01 
5892  9.427160e-01  5.648996e-01  3.778163e-01 
5904  4.200740e+01  2.100377e+01  2.100363e+01 
5915  1.130657e+02  5.653287e+01  5.653284e+01 
5927  2.141886e+01  1.070962e+01  1.070924e+01 
5938  3.847238e-01  1.923619e-01  1.923619e-01 
5950  2.279330e+01  1.139863e+01  1.139467e+01 
5961  7.423262e+00  3.711631e+00  3.711631e+00 
5973  6.595553e+00  3.297790e+00  3.297763e+00 
5985  3.014034e+01  1.507019e+01  1.507015e+01 
5996  9.353627e+01  4.671912e+01  4.681715e+01 
6008  9.138934e+01  4.569467e+01  4.569466e+01 
6020  3.210323e+01  1.605176e+01  1.605146e+01 
6031  1.648689e+00  8.243444e-01  8.243445e-01 
6043  2.277217e+02  1.138615e+02  1.138602e+02 
6055  1.382503e+02  6.912514e+01  6.912514e+01 
6067  1.177436e+00  5.887147e-01  5.887213e-01 
6078  5.118657e+01  2.559751e+01  2.558906e+01 
6090  1.628514e+01  8.142570e+00  8.142570e+00 
6102  4.231060e+00  2.115307e+00  2.115753e+00 
6114  2.018374e+01  1.009005e+01  1.009369e+01 
6126  1.078638e+01  5.392566e+00  5.393816e+00 
6138  2.567982e+00  1.283960e+00  1.284022e+00 
6150  4.452964e+02  2.221960e+02  2.231004e+02 
6162  4.297385e+00  2.148692e+00  2.148693e+00 
6174  4.122896e+01  2.061546e+01  2.061350e+01 
6186  2.085388e+02  1.042707e+02  1.042682e+02 
6198  1.133331e+01  5.666656e+00  5.666659e+00 
6210  2.007800e-01  1.003905e-01  1.003894e-01 
6222  2.074784e+00  1.037422e+00  1.037362e+00 
6234  4.616433e+02  2.305864e+02  2.310569e+02 
6246  7.103704e+02  3.546642e+02  3.557061e+02 
6259  3.356940e+01  1.678473e+01  1.678467e+01 
6271  2.520160e+01  1.260084e+01  1.260075e+01 
6283  1.131575e+01  5.658257e+00  5.657491e+00 
6295  1.127495e+00  5.639126e-01  5.635822e-01 
6307  1.429592e+01  7.147884e+00  7.148034e+00 
6320  2.891061e+02  1.445537e+02  1.445525e+02 
6332  2.146720e+01  1.073352e+01  1.073368e+01 
6344  2.614247e+01  1.307246e+01  1.307000e+01 
6357  8.557225e+01  4.278634e+01  4.278592e+01 
6369  7.378820e+01  3.694772e+01  3.684048e+01 
6381  1.802901e+02  9.014516e+01  9.014490e+01 
6394  1.675058e+01  8.375301e+00  8.375282e+00 
6406  8.296628e+01  4.148254e+01  4.148374e+01 
6419  5.379985e+02  2.690160e+02  2.689825e+02 
6431  1.212732e+02  6.082845e+01  6.044474e+01 
6444  2.069442e+02  1.034745e+02  1.034697e+02 
6456  2.190424e+03  1.099997e+03  1.090427e+03 
6469  1.500358e+02  7.501864e+01  7.501714e+01 
6482  3.506352e+01  1.753153e+01  1.753199e+01 
6494  1.327089e+02  6.635447e+01  6.635444e+01 
6507  4.653492e+01  2.326746e+01  2.326745e+01 
6520  2.700535e+02  1.354643e+02  1.345892e+02 
6532  2.824496e+01  1.412248e+01  1.412248e+01 
6545  5.324653e+00  2.662327e+00  2.662326e+00 
6558  1.502787e+02  7.463072e+01  7.564799e+01 
6571  2.614414e+01  1.307206e+01  1.307207e+01 
6583  5.386473e+01  2.693237e+01  2.693236e+01 
6596  1.098552e+01  5.492761e+00  5.492756e+00 
6609  2.055720e+01  1.027860e+01  1.027860e+01 
6622  4.337395e+01  2.168699e+01  2.168697e+01 
6635  4.489590e-01  2.244795e-01  2.244795e-01 
6648  3.979629e+01  1.989810e+01  1.989818e+01 
6661  2.429596e+01  1.214802e+01  1.214794e+01 
6674  8.495868e+00  4.247940e+00  4.247928e+00 
6687  4.824779e+01  2.412393e+01  2.412386e+01 
6700  4.090212e+01  2.045113e+01  2.045099e+01 
6713  3.281676e-01  1.640840e-01  1.640836e-01 
6726  3.189742e+01  1.594876e+01  1.594866e+01 
6739  1.744969e-01  8.724846e-02  8.724846e-02 
6752  8.856833e+00  4.428417e+00  4.428415e+00 
6765  1.470284e+01  7.351422e+00  7.351417e+00 
6778  1.124051e+01  5.620255e+00  5.620255e+00 
6792  7.967219e-01  3.983610e-01  3.983610e-01 
6805  3.966828e+01  1.983424e+01  1.983404e+01 
6818  9.943974e+00  4.971987e+00  4.971987e+00 
6831  6.785553e+00  3.392777e+00  3.392776e+00 
6845  6.100267e-01  3.050133e-01  3.050133e-01 
6858  3.413809e+01  1.706905e+01  1.706905e+01 
6871  2.848061e+02  1.424059e+02  1.424001e+02 
6885  8.920149e-01  4.460073e-01  4.460075e-01 
6898  7.484822e+01  3.742447e+01  3.742375e+01 
6912  4.320800e+00  2.160397e+00  2.160403e+00 
6925  1.288732e+01  6.443664e+00  6.443660e+00 
6938  1.418873e+02  7.094413e+01  7.094321e+01 
6952  1.434760e+00  7.173815e-01  7.173789e-01 
6966  2.425865e+01  1.212934e+01  1.212931e+01 
6979  3.497330e+00  1.748665e+00  1.748665e+00 
6993  7.964547e+00  3.982274e+00  3.982273e+00 
