1000.97394    1.5871e-17    1.6895e-17    1.3760e-17
1002.92358    5.5479e-18    5.1175e-18    6.4352e-18
1004.87708    6.7751e-18    6.1056e-18    8.1549e-18
1006.83441    5.5383e-18    5.0569e-18    6.5304e-18
1008.79553    9.4884e-18    9.5504e-18    9.3605e-18
1010.76050    3.5638e-19    2.8941e-19    4.9441e-19
1012.72925    4.3054e-18    4.0295e-18    4.8742e-18
1014.70178    7.8550e-18    7.5954e-18    8.3899e-18
1016.67822    8.9195e-18    9.1713e-18    8.4003e-18
1018.65857    5.0267e-18    5.1918e-18    4.6865e-18
1020.64270    7.4228e-18    8.5689e-18    5.0603e-18
1022.63074    5.1996e-18    6.6455e-18    2.2193e-18
1024.62256    1.3319e-18    1.8553e-18    2.5313e-19
1026.61841    4.3057e-19    6.1403e-19    5.2419e-20
1028.61792    4.4736e-18    6.1890e-18    9.3786e-19
1030.62158    1.0650e-17    1.4145e-17    3.4471e-18
1032.62891    9.8914e-18    1.3915e-17    1.5990e-18
1034.64038    8.1207e-18    9.6189e-18    5.0327e-18
1036.65564    1.1213e-17    1.5838e-17    1.6782e-18
1038.67480    2.4049e-18    2.2021e-18    2.8230e-18
1040.69800    6.5748e-18    6.6565e-18    6.4065e-18
1042.72510    7.6827e-18    7.6868e-18    7.6742e-18
1044.75610    6.7556e-18    5.7137e-18    8.9030e-18
1046.79102    4.7814e-18    4.1394e-18    6.1045e-18
1048.83008    8.4025e-19    7.0285e-19    1.1234e-18
1050.87292    6.9761e-18    7.8723e-18    5.1289e-18
1052.91980    3.3935e-18    2.6943e-18    4.8345e-18
1054.97070    2.9959e-17    4.1211e-17    6.7684e-18
1057.02563    1.8699e-17    1.5403e-17    2.5493e-17
1059.08447    1.9894e-17    2.3620e-17    1.2213e-17
1061.14734    4.1794e-17    4.6650e-17    3.1783e-17
1063.21436    8.0728e-17    1.1552e-16    9.0117e-18
1065.28516    2.0323e-17    2.5900e-17    8.8274e-18
1067.36011    9.1458e-17    1.2765e-16    1.6861e-17
1069.43921    4.4390e-17    5.7348e-17    1.7681e-17
1071.52222    5.0948e-17    6.8525e-17    1.4719e-17
1073.60938    1.7564e-16    2.5481e-16    1.2464e-17
1075.70056    1.0689e-16    1.5053e-16    1.6925e-17
1077.79590    8.1837e-17    9.7121e-17    5.0334e-17
1079.89514    7.8048e-18    6.5088e-18    1.0476e-17
1081.99854    4.1850e-17    5.8883e-17    6.7432e-18
1084.10608    5.8521e-17    8.2815e-17    8.4470e-18
1086.21777    1.1663e-17    9.3604e-18    1.6410e-17
1088.33350    5.0212e-17    6.8601e-17    1.2311e-17
1090.45337    6.9140e-17    9.3340e-17    1.9258e-17
1092.57727    3.9622e-17    5.5474e-17    6.9474e-18
1094.70532    4.9960e-17    6.1611e-17    2.5945e-17
1096.83765    7.2197e-17    9.4905e-17    2.5393e-17
1098.97412    9.4928e-17    1.3143e-16    1.9687e-17
1101.11475    5.8532e-17    8.0123e-17    1.4030e-17
1103.25952    1.4255e-17    1.4819e-17    1.3091e-17
1105.40845    2.8380e-17    3.3328e-17    1.8180e-17
1107.56152    4.6593e-17    5.2536e-17    3.4345e-17
1109.71887    4.1788e-17    4.9783e-17    2.5308e-17
1111.88037    5.0809e-17    6.4548e-17    2.2491e-17
1114.04614    8.2671e-17    8.5693e-17    7.6442e-17
1116.21606    6.0097e-17    7.7905e-17    2.3394e-17
1118.39014    6.7820e-18    7.2620e-18    5.7927e-18
1120.56860    1.1588e-17    1.1142e-17    1.2508e-17
1122.75122    6.2561e-17    8.9607e-17    6.8139e-18
1124.93811    5.8420e-17    7.7472e-17    1.9153e-17
1127.12927    1.7747e-16    2.4945e-16    2.9108e-17
1129.32471    9.3565e-17    1.2986e-16    1.8759e-17
1131.52441    6.2109e-17    8.4103e-17    1.6776e-17
1133.72839    1.1649e-16    1.6911e-16    8.0361e-18
1135.93665    2.8005e-17    2.6595e-17    3.0911e-17
1138.14917    4.0731e-17    5.6687e-17    7.8436e-18
1140.36621    6.9984e-17    7.6689e-17    5.6163e-17
1142.58740    9.7420e-17    1.3288e-16    2.4342e-17
1144.81299    2.9411e-16    3.6553e-16    1.4690e-16
1147.04272    3.4501e-16    4.3479e-16    1.5994e-16
1149.27698    1.9424e-16    2.5719e-16    6.4497e-17
1151.51562    1.9266e-16    2.6744e-16    3.8530e-17
1153.75854    2.0390e-16    2.4339e-16    1.2252e-16
1156.00586    3.8998e-17    3.4519e-17    4.8229e-17
1158.25745    1.1531e-16    1.0726e-16    1.3191e-16
1160.51355    1.5429e-16    1.4169e-16    1.8025e-16
1162.77393    8.3912e-17    7.7548e-17    9.7029e-17
1165.03882    9.0975e-17    8.2595e-17    1.0825e-16
1167.30811    8.3024e-17    7.6579e-17    9.6310e-17
1169.58179    7.4829e-17    7.7574e-17    6.9170e-17
1171.85986    1.1510e-16    1.0927e-16    1.2710e-16
1174.14246    1.3385e-16    1.3376e-16    1.3404e-16
1176.42944    1.0579e-16    1.1207e-16    9.2852e-17
1178.72095    3.2080e-17    3.3497e-17    2.9160e-17
1181.01685    7.0431e-17    7.5480e-17    6.0025e-17
1183.31714    5.0372e-17    5.4631e-17    4.1594e-17
1185.62207    8.4235e-17    8.6176e-17    8.0235e-17
1187.93140    1.3306e-16    1.3703e-16    1.2486e-16
1190.24536    5.7471e-17    6.4677e-17    4.2618e-17
1192.56372    1.5040e-16    1.7705e-16    9.5464e-17
1194.88647    6.4540e-17    7.6769e-17    3.9334e-17
1197.21387    1.0891e-16    1.3560e-16    5.3911e-17
1199.54590    9.5409e-17    1.2475e-16    3.4927e-17
1201.88232    2.0221e-17    2.6573e-17    7.1282e-18
1204.22339    1.3334e-17    1.6969e-17    5.8432e-18
1206.56897    2.3072e-17    3.1831e-17    5.0175e-18
1208.91919    4.0236e-17    5.5147e-17    9.5024e-18
1211.27393    1.7882e-17    2.5156e-17    2.8893e-18
1213.63330    1.2071e-17    1.7503e-17    8.7586e-19
1215.99719    1.6329e-18    2.3294e-18    1.9725e-19
1218.36572    2.5788e-17    3.7262e-17    2.1403e-18
1220.73877    2.8015e-17    4.0141e-17    3.0236e-18
1223.11658    1.5079e-17    2.1442e-17    1.9628e-18
1225.49902    9.9066e-18    1.2916e-17    3.7031e-18
1227.88599    2.2376e-17    2.9400e-17    7.9003e-18
1230.27771    1.0181e-17    1.2950e-17    4.4738e-18
1232.67407    3.6604e-17    4.5304e-17    1.8672e-17
1235.07507    3.8715e-17    4.6325e-17    2.3028e-17
1237.48071    4.0348e-17    4.6571e-17    2.7522e-17
1239.89111    3.7928e-17    4.2085e-17    2.9359e-17
1242.30615    4.7309e-17    5.0218e-17    4.1312e-17
1244.72595    2.0460e-17    2.1399e-17    1.8523e-17
1247.15039    1.4899e-17    1.4366e-17    1.5998e-17
1249.57959    3.2015e-17    3.2707e-17    3.0590e-17
1252.01355    3.6377e-17    3.4627e-17    3.9984e-17
1254.45215    4.1298e-17    4.3115e-17    3.7555e-17
1256.89563    4.4544e-17    4.0434e-17    5.3017e-17
1259.34375    4.4135e-17    4.4219e-17    4.3960e-17
1261.79675    5.9535e-17    5.9252e-17    6.0117e-17
1264.25452    3.6369e-17    3.4258e-17    4.0720e-17
1266.71704    7.7675e-17    7.8908e-17    7.5134e-17
1269.18433    3.7776e-17    3.4518e-17    4.4492e-17
1271.65649    9.7441e-17    8.7607e-17    1.1771e-16
1274.13342    4.3363e-17    4.2758e-17    4.4608e-17
1276.61523    2.4222e-17    2.5552e-17    2.1481e-17
1279.10181    3.4087e-17    2.8567e-17    4.5467e-17
1281.59326    3.3203e-17    2.8258e-17    4.3397e-17
1284.08960    1.8499e-17    1.5386e-17    2.4915e-17
1286.59070    3.9699e-17    3.3722e-17    5.2017e-17
1289.09668    9.6825e-17    8.2742e-17    1.2585e-16
1291.60767    3.2618e-17    2.8116e-17    4.1898e-17
1294.12341    3.4420e-17    2.8523e-17    4.6575e-17
1296.64404    4.4563e-17    4.5956e-17    4.1692e-17
1299.16968    5.4059e-17    5.2692e-17    5.6878e-17
1301.70020    3.4884e-17    3.1823e-17    4.1192e-17
1304.23572    5.5196e-17    5.2516e-17    6.0722e-17
1306.77612    4.4962e-17    3.8155e-17    5.8993e-17
1309.32141    2.0801e-17    1.7539e-17    2.7525e-17
1311.87183    1.7354e-17    1.4260e-17    2.3732e-17
1314.42700    4.2610e-17    3.7164e-17    5.3834e-17
1316.98730    3.2225e-17    2.5543e-17    4.5999e-17
1319.55249    5.5678e-17    4.6520e-17    7.4556e-17
1322.12280    6.1344e-17    5.4595e-17    7.5254e-17
1324.69800    3.8875e-17    3.0796e-17    5.5529e-17
1327.27820    5.8045e-17    4.6270e-17    8.2315e-17
1329.86353    4.4322e-17    3.5400e-17    6.2712e-17
1332.45386    7.4188e-17    5.8977e-17    1.0554e-16
1335.04919    2.9622e-17    2.5567e-17    3.7981e-17
1337.64966    1.9614e-17    1.5585e-17    2.7918e-17
1340.25513    4.9083e-17    3.9740e-17    6.8341e-17
1342.86560    1.2701e-17    9.9363e-18    1.8400e-17
1345.48120    4.8523e-17    3.7981e-17    7.0252e-17
1348.10205    2.7463e-18    2.1731e-18    3.9278e-18
1350.72778    3.7514e-17    2.9230e-17    5.4588e-17
1353.35876    2.6010e-17    2.0197e-17    3.7993e-17
1355.99487    2.9696e-17    2.3284e-17    4.2913e-17
1358.63611    4.5463e-17    3.7443e-17    6.1994e-17
1361.28247    7.9610e-17    7.5380e-17    8.8327e-17
1363.93396    5.3668e-17    4.6849e-17    6.7724e-17
1366.59058    1.0016e-16    7.9945e-17    1.4182e-16
1369.25244    5.2084e-17    4.8067e-17    6.0365e-17
1371.91956    8.3137e-17    7.4159e-17    1.0164e-16
1374.59180    1.5213e-16    1.2556e-16    2.0688e-16
1377.26929    1.3608e-16    1.2039e-16    1.6842e-16
1379.95190    6.0323e-17    5.1506e-17    7.8496e-17
1382.63965    8.1148e-17    6.3873e-17    1.1676e-16
1385.33276    4.1255e-17    3.1905e-17    6.0528e-17
1388.03125    7.1649e-17    5.6977e-17    1.0189e-16
1390.73486    3.1795e-17    2.5339e-17    4.5102e-17
1393.44360    5.4844e-17    4.9647e-17    6.5558e-17
1396.15784    5.0919e-17    4.0659e-17    7.2069e-17
1398.87720    2.0169e-16    1.9109e-16    2.2353e-16
1401.60205    1.5504e-16    1.5077e-16    1.6385e-16
1404.33203    6.4738e-17    5.1128e-17    9.2791e-17
1407.06738    1.9573e-17    1.5173e-17    2.8643e-17
1409.80811    2.9775e-17    2.4976e-17    3.9666e-17
1412.55420    4.3253e-17    3.8399e-17    5.3259e-17
1415.30554    2.0147e-16    1.8693e-16    2.3144e-16
1418.06213    9.4524e-17    7.4403e-17    1.3600e-16
1420.82446    2.1562e-17    1.7429e-17    3.0080e-17
1423.59180    3.3236e-17    3.0954e-17    3.7941e-17
1426.36475    1.2558e-17    1.1204e-17    1.5348e-17
1429.14307    3.3263e-17    2.5656e-17    4.8944e-17
1431.92676    4.7030e-17    3.9625e-17    6.2291e-17
1434.71582    2.3549e-17    2.0870e-17    2.9073e-17
1437.51038    1.1610e-16    1.0161e-16    1.4595e-16
1440.31030    6.8207e-17    5.5967e-17    9.3434e-17
1443.11572    6.0744e-17    4.8508e-17    8.5966e-17
1445.92676    2.1897e-17    1.8756e-17    2.8371e-17
1448.74316    1.6622e-17    1.2783e-17    2.4535e-17
1451.56494    2.1535e-17    1.6925e-17    3.1037e-17
1454.39233    3.4466e-17    2.7375e-17    4.9081e-17
1457.22522    1.5885e-17    1.2066e-17    2.3757e-17
1460.06360    1.8458e-17    1.4502e-17    2.6610e-17
1462.90747    2.3982e-17    1.8515e-17    3.5251e-17
1465.75696    1.2092e-17    9.1931e-18    1.8066e-17
1468.61206    1.8718e-17    1.4550e-17    2.7307e-17
1471.47253    1.6595e-17    1.2624e-17    2.4780e-17
1474.33862    8.2560e-17    6.8422e-17    1.1170e-16
1477.21045    5.8793e-17    4.4638e-17    8.7968e-17
1480.08777    6.6938e-17    5.3521e-17    9.4592e-17
1482.97058    4.6722e-17    3.5332e-17    7.0199e-17
1485.85913    2.8937e-17    2.2093e-17    4.3043e-17
1488.75342    5.7729e-17    4.3546e-17    8.6963e-17
1491.65332    3.7515e-17    2.8525e-17    5.6045e-17
1494.55859    2.4891e-17    2.0570e-17    3.3797e-17
1497.46985    1.8796e-17    1.4577e-17    2.7492e-17
1500.38647    9.3640e-18    7.1667e-18    1.3893e-17
1503.30896    4.0805e-17    3.1128e-17    6.0750e-17
1506.23706    7.3168e-17    5.7181e-17    1.0612e-16
1509.17090    7.1644e-17    5.5073e-17    1.0580e-16
1512.11060    6.9952e-17    5.8191e-17    9.4194e-17
1515.05591    2.1754e-17    1.7840e-17    2.9822e-17
1518.00684    2.9208e-18    2.5861e-18    3.6105e-18
1520.96362    6.0181e-17    4.6717e-17    8.7934e-17
1523.92627    1.2676e-17    1.2417e-17    1.3210e-17
1526.89453    3.4420e-17    2.8339e-17    4.6955e-17
1529.86865    4.2312e-18    3.1707e-18    6.4172e-18
1532.84839    1.2219e-17    9.6006e-18    1.7615e-17
1535.83411    1.8584e-17    1.4456e-17    2.7093e-17
1538.82568    1.2839e-17    9.6129e-18    1.9487e-17
1541.82300    1.4000e-17    1.0629e-17    2.0947e-17
1544.82617    4.4112e-18    3.3551e-18    6.5879e-18
1547.83521    1.3634e-17    1.0707e-17    1.9669e-17
1550.85010    2.2056e-17    2.0735e-17    2.4778e-17
1553.87085    1.0720e-17    7.9080e-18    1.6515e-17
1556.89746    2.2345e-17    1.9576e-17    2.8052e-17
1559.92993    6.6293e-17    9.7274e-17    2.4379e-18
1562.96863    4.8832e-17    6.7934e-17    9.4598e-18
1566.01282    8.9671e-18    1.1394e-17    3.9642e-18
1569.06311    8.4884e-17    1.2269e-16    6.9686e-18
1572.11938    2.7325e-17    3.4519e-17    1.2497e-17
1575.18152    6.9910e-17    9.9784e-17    8.3372e-18
1578.24963    5.1202e-17    5.1159e-17    5.1290e-17
1581.32373    4.4288e-17    5.7096e-17    1.7888e-17
1584.40381    2.9501e-17    4.0162e-17    7.5282e-18
1587.48999    3.2953e-17    4.0137e-17    1.8145e-17
1590.58215    4.7038e-18    3.5657e-18    7.0497e-18
1593.68018    1.5443e-17    1.1475e-17    2.3620e-17
1596.78442    5.5713e-18    4.1430e-18    8.5151e-18
1599.89465    1.8216e-17    1.6817e-17    2.1102e-17
1603.01086    2.1922e-17    2.8183e-17    9.0181e-18
1606.13330    2.2398e-17    2.3433e-17    2.0263e-17
1609.26172    1.0526e-16    1.5358e-16    5.6554e-18
1612.39636    5.7547e-17    8.1715e-17    7.7348e-18
1615.53674    1.3964e-18    1.6829e-18    8.0599e-19
1618.68347    5.0495e-17    7.2490e-17    5.1590e-18
1621.83630    8.3047e-17    1.1494e-16    1.7310e-17
1624.99548    3.8441e-17    5.1146e-17    1.2254e-17
1628.16064    7.5908e-17    1.0147e-16    2.3232e-17
1631.33203    6.0155e-17    8.0952e-17    1.7290e-17
1634.50952    9.0708e-17    1.2462e-16    2.0808e-17
1637.69312    1.3599e-16    1.9116e-16    2.2273e-17
1640.88306    1.6826e-16    1.8819e-16    1.2717e-16
1644.07922    5.9112e-17    7.5866e-17    2.4577e-17
1647.28162    6.3708e-17    8.4666e-17    2.0509e-17
1650.49023    1.0056e-16    1.3909e-16    2.1146e-17
1653.70496    8.9076e-17    1.1266e-16    4.0467e-17
1656.92603    1.5208e-17    1.6106e-17    1.3356e-17
1660.15369    4.8059e-17    6.9184e-17    4.5166e-18
1663.38721    8.4601e-18    1.0152e-17    4.9732e-18
1666.62720    8.0468e-18    7.6367e-18    8.8920e-18
1669.87317    1.9000e-17    2.6684e-17    3.1616e-18
1673.12585    2.1088e-17    2.8966e-17    4.8523e-18
1676.38489    8.7743e-17    1.2309e-16    1.4893e-17
1679.65027    6.0015e-17    8.5789e-17    6.8901e-18
1682.92188    1.3780e-17    1.2270e-17    1.6895e-17
1686.19958    2.6324e-17    3.4805e-17    8.8431e-18
1689.48413    3.0589e-17    3.4764e-17    2.1983e-17
1692.77502    2.3458e-17    2.7740e-17    1.4632e-17
1696.07227    1.0615e-17    9.2124e-18    1.3505e-17
1699.37573    1.1657e-17    1.3696e-17    7.4528e-18
1702.68567    1.2418e-16    1.7808e-16    1.3078e-17
1706.00232    1.9303e-17    2.4065e-17    9.4863e-18
1709.32544    4.1796e-17    4.6341e-17    3.2430e-17
1712.65491    1.2942e-17    1.2732e-17    1.3375e-17
1715.99060    3.6368e-17    3.9533e-17    2.9844e-17
1719.33301    4.3416e-17    5.5248e-17    1.9028e-17
1722.68188    4.9085e-17    4.1410e-17    6.4904e-17
1726.03735    8.8880e-17    1.1511e-16    3.4816e-17
1729.39941    8.7619e-18    9.6275e-18    6.9778e-18
1732.76807    1.0208e-17    9.9863e-18    1.0666e-17
1736.14307    5.8173e-18    5.1310e-18    7.2321e-18
1739.52466    4.1755e-18    3.2295e-18    6.1254e-18
1742.91296    6.1348e-18    4.8492e-18    8.7845e-18
1746.30786    1.8624e-17    2.2786e-17    1.0045e-17
1749.70935    2.8026e-17    2.6587e-17    3.0992e-17
1753.11755    7.6581e-19    5.7328e-19    1.1626e-18
1756.53223    1.6370e-18    1.2277e-18    2.4807e-18
1759.95325    2.7885e-17    3.6198e-17    1.0749e-17
1763.38147    1.2662e-17    1.4089e-17    9.7217e-18
1766.81628    5.0033e-18    4.0686e-18    6.9298e-18
1770.25745    7.2860e-18    6.9681e-18    7.9411e-18
1773.70581    2.9668e-17    2.9572e-17    2.9866e-17
1777.16064    1.5073e-17    1.3231e-17    1.8870e-17
1780.62207    1.3666e-17    1.3671e-17    1.3655e-17
1784.09045    1.1656e-16    1.3471e-16    7.9150e-17
1787.56555    2.3135e-16    2.5742e-16    1.7762e-16
1791.04749    2.3237e-17    1.8407e-17    3.3194e-17
1794.53601    2.7582e-17    2.8773e-17    2.5127e-17
1798.03137    6.3174e-17    6.2640e-17    6.4272e-17
1801.53357    2.3238e-18    1.7262e-18    3.5555e-18
1805.04248    3.6529e-17    2.8496e-17    5.3087e-17
1808.55847    1.7488e-17    1.6975e-17    1.8545e-17
1812.08130    7.9400e-18    5.8972e-18    1.2150e-17
1815.61096    1.3003e-17    1.2809e-17    1.3405e-17
1819.14722    1.5505e-17    2.1172e-17    3.8261e-18
1822.69067    2.1652e-17    2.4878e-17    1.5002e-17
1826.24084    1.3733e-17    1.5742e-17    9.5929e-18
1829.79797    1.3975e-17    1.4143e-17    1.3627e-17
1833.36206    1.6500e-17    2.0948e-17    7.3326e-18
1836.93311    2.0023e-17    1.9327e-17    2.1457e-17
1840.51111    8.6497e-18    6.9432e-18    1.2167e-17
1844.09607    1.4028e-17    1.1305e-17    1.9640e-17
1847.68799    1.9361e-17    2.0865e-17    1.6261e-17
1851.28687    8.1907e-18    7.9190e-18    8.7507e-18
1854.89282    1.7593e-18    1.3451e-18    2.6130e-18
1858.50586    6.7215e-18    5.7975e-18    8.6259e-18
1862.12585    6.6315e-18    5.1346e-18    9.7167e-18
1865.75293    1.4719e-17    1.7543e-17    8.8989e-18
1869.38696    7.4369e-18    5.7959e-18    1.0819e-17
1873.02820    3.8144e-18    3.0432e-18    5.4038e-18
1876.67651    3.0540e-17    3.7387e-17    1.6426e-17
1880.33191    2.3066e-17    2.3132e-17    2.2929e-17
1883.99438    1.9706e-17    1.4740e-17    2.9941e-17
1887.66406    3.1734e-17    3.4630e-17    2.5767e-17
1891.34082    8.5652e-18    7.5147e-18    1.0730e-17
1895.02490    9.0964e-18    8.8454e-18    9.6139e-18
1898.71606    1.2877e-17    1.0209e-17    1.8378e-17
1902.41431    2.5816e-17    2.4998e-17    2.7502e-17
1906.11987    1.2938e-17    1.2583e-17    1.3671e-17
1909.83252    1.4642e-17    1.5226e-17    1.3436e-17
1913.55261    1.6014e-17    1.6321e-17    1.5382e-17
1917.27979    2.7725e-17    2.6419e-17    3.0415e-17
1921.01428    9.0996e-18    7.2255e-18    1.2963e-17
1924.75610    2.3748e-17    2.4704e-17    2.1779e-17
1928.50513    2.3767e-17    2.6040e-17    1.9081e-17
1932.26147    1.1985e-17    1.1649e-17    1.2677e-17
1936.02515    3.6080e-17    4.9746e-17    7.9146e-18
1939.79614    7.6129e-18    5.6862e-18    1.1584e-17
1943.57446    2.0435e-17    1.8822e-17    2.3761e-17
1947.36011    2.3144e-17    1.9510e-17    3.0635e-17
1951.15332    6.7017e-18    6.2851e-18    7.5604e-18
1954.95374    9.9034e-18    7.7666e-18    1.4308e-17
1958.76160    2.6054e-17    1.9446e-17    3.9674e-17
1962.57690    1.5035e-17    1.2138e-17    2.1006e-17
1966.39966    3.0813e-17    2.4375e-17    4.4081e-17
1970.22974    2.1092e-17    1.9367e-17    2.4647e-17
1974.06738    1.8578e-17    1.5188e-17    2.5567e-17
1977.91248    5.5506e-18    4.4494e-18    7.8203e-18
1981.76514    2.3886e-18    1.7927e-18    3.6168e-18
1985.62524    1.3947e-17    1.0683e-17    2.0674e-17
1989.49280    1.2077e-17    1.2341e-17    1.1531e-17
1993.36792    5.2815e-18    3.9714e-18    7.9820e-18
1997.25061    6.6219e-18    4.9486e-18    1.0071e-17
2001.14087    3.5945e-17    4.0308e-17    2.6952e-17
2005.03870    1.9408e-17    1.7469e-17    2.3403e-17
2008.94409    3.8121e-17    3.9057e-17    3.6190e-17
2012.85718    1.5264e-17    1.2972e-17    1.9988e-17
2016.77783    1.4681e-17    1.1873e-17    2.0470e-17
2020.70605    1.0413e-17    1.0069e-17    1.1123e-17
2024.64209    1.4116e-17    1.0534e-17    2.1500e-17
2028.58569    3.5274e-17    2.9698e-17    4.6769e-17
2032.53687    1.9661e-17    1.8835e-17    2.1364e-17
2036.49585    1.1453e-17    1.2409e-17    9.4821e-18
2040.46265    2.6598e-17    3.4576e-17    1.0154e-17
2044.43701    2.0159e-17    2.1566e-17    1.7258e-17
2048.41919    4.0859e-18    3.0752e-18    6.1689e-18
2052.40918    1.0443e-17    1.2318e-17    6.5797e-18
2056.40674    2.2630e-17    2.3923e-17    1.9964e-17
2060.41211    4.6986e-18    4.3591e-18    5.3983e-18
2064.42554    3.3785e-17    3.7416e-17    2.6302e-17
2068.44678    1.7658e-17    1.3813e-17    2.5582e-17
2072.47559    3.3415e-17    4.1658e-17    1.6425e-17
2076.51221    2.7075e-17    2.0232e-17    4.1180e-17
2080.55713    1.0741e-17    1.0182e-17    1.1892e-17
2084.60938    2.6389e-18    1.9685e-18    4.0206e-18
2088.66992    1.7590e-17    2.1006e-17    1.0550e-17
2092.73828    4.5610e-18    3.4541e-18    6.8424e-18
2096.81445    8.8464e-18    8.4688e-18    9.6245e-18
2100.89868    1.6194e-17    1.2585e-17    2.3633e-17
2104.99072    3.8981e-17    2.9255e-17    5.9026e-17
2109.09082    6.8717e-17    7.3406e-17    5.9053e-17
2113.19922    6.7711e-18    5.2001e-18    1.0009e-17
2117.31519    4.5152e-17    4.6592e-17    4.2184e-17
2121.43945    3.0267e-18    2.4143e-18    4.2890e-18
2125.57129    2.4842e-18    1.8471e-18    3.7973e-18
2129.71143    2.5977e-17    2.5796e-17    2.6351e-17
2133.85986    9.2039e-18    7.0374e-18    1.3670e-17
2138.01611    2.1884e-17    1.9704e-17    2.6376e-17
2142.18066    7.6302e-18    5.9720e-18    1.1048e-17
2146.35303    9.3651e-18    8.8276e-18    1.0473e-17
2150.53369    3.0066e-17    3.1023e-17    2.8094e-17
2154.72266    3.4704e-18    2.9262e-18    4.5922e-18
2158.91968    8.9574e-18    8.2677e-18    1.0379e-17
2163.12500    2.1703e-17    2.3775e-17    1.7433e-17
2167.33813    1.6413e-17    1.3083e-17    2.3275e-17
2171.55957    4.4816e-18    3.3668e-18    6.7796e-18
2175.78955    2.2351e-17    1.8812e-17    2.9643e-17
2180.02759    5.3908e-18    4.3633e-18    7.5086e-18
2184.27393    9.2879e-18    6.9775e-18    1.4050e-17
2188.52832    2.2626e-17    1.9295e-17    2.9492e-17
2192.79102    2.4752e-18    1.8839e-18    3.6941e-18
2197.06226    9.7336e-19    7.3561e-19    1.4634e-18
2201.34180    4.7431e-18    3.5526e-18    7.1968e-18
2205.62939    6.4704e-18    4.9209e-18    9.6643e-18
2209.92554    1.1488e-17    8.8477e-18    1.6929e-17
2214.22998    2.3289e-17    2.2296e-17    2.5338e-17
2218.54297    1.4820e-17    1.3412e-17    1.7723e-17
2222.86426    6.2824e-17    7.7265e-17    3.3057e-17
2227.19409    1.3163e-17    1.1149e-17    1.7315e-17
2231.53223    1.2120e-17    9.9550e-18    1.6583e-17
2235.87891    2.1519e-17    2.4295e-17    1.5795e-17
2240.23389    4.7548e-17    5.5817e-17    3.0504e-17
2244.59717    4.7518e-17    4.4595e-17    5.3543e-17
2248.96924    4.1107e-17    4.1979e-17    3.9310e-17
2253.34985    4.6036e-17    5.1799e-17    3.4156e-17
2257.73901    2.8931e-17    2.8891e-17    2.9012e-17
2262.13672    7.9483e-17    1.0409e-16    2.8771e-17
2266.54297    1.0767e-16    1.2940e-16    6.2862e-17
2270.95752    6.6650e-17    7.0320e-17    5.9084e-17
2275.38086    1.1395e-16    1.4631e-16    4.7260e-17
2279.81299    5.4682e-17    6.4343e-17    3.4771e-17
2284.25366    4.0807e-17    4.3766e-17    3.4708e-17
2288.70288    1.2271e-17    9.4372e-18    1.8110e-17
2293.16089    6.2536e-17    5.3926e-17    8.0281e-17
2297.62744    2.0708e-17    1.7678e-17    2.6956e-17
2302.10303    1.0918e-17    8.5992e-18    1.5698e-17
2306.58691    1.0644e-16    8.3303e-17    1.5413e-16
2311.07959    6.9349e-17    5.8541e-17    9.1627e-17
2315.58105    5.9690e-17    5.1849e-17    7.5853e-17
2320.09155    4.7364e-17    4.2649e-17    5.7083e-17
2324.61060    5.2492e-17    4.6702e-17    6.4427e-17
2329.13843    3.8323e-16    5.1470e-16    1.1224e-16
2333.67529    5.0105e-16    7.4216e-16    4.0780e-18
2338.22070    3.5414e-16    5.0213e-16    4.9126e-17
2342.77490    1.2030e-15    1.7737e-15    2.6576e-17
2347.33838    1.3913e-15    2.0258e-15    8.3533e-17
2351.91064    5.1255e-17    4.7904e-17    5.8162e-17
2356.49170    5.4838e-17    4.8405e-17    6.8097e-17
2361.08154    2.0460e-15    3.0246e-15    2.8829e-17
2365.68066    8.4429e-16    1.2190e-15    7.1896e-17
2370.28833    6.5070e-16    9.5686e-16    1.9668e-17
2374.90527    1.0904e-15    1.6032e-15    3.3513e-17
2379.53101    6.8369e-16    1.0036e-15    2.4364e-17
2384.16602    3.2488e-15    4.8035e-15    4.4270e-17
2388.80981    9.3257e-16    1.3617e-15    4.8042e-17
2393.46289    2.0249e-15    2.9621e-15    9.3111e-17
2398.12476    7.6910e-16    1.0985e-15    9.0250e-17
2402.79590    1.1423e-15    1.6683e-15    5.7978e-17
2407.47607    5.5671e-16    8.0611e-16    4.2654e-17
2412.16528    1.5369e-15    2.2463e-15    7.4723e-17
2416.86377    9.4575e-17    9.3057e-17    9.7703e-17
2421.57129    6.5817e-17    5.1530e-17    9.5266e-17
2426.28809    2.1817e-16    2.1965e-16    2.1511e-16
2431.01392    2.5406e-16    2.4821e-16    2.6613e-16
2435.74902    2.2166e-16    2.4098e-16    1.8186e-16
2440.49365    1.1196e-16    1.2172e-16    9.1830e-17
2445.24707    2.7074e-16    3.1181e-16    1.8608e-16
2450.01001    7.9770e-17    7.7995e-17    8.3428e-17
2454.78223    9.0582e-17    9.1569e-17    8.8548e-17
2459.56348    2.8174e-16    3.0868e-16    2.2622e-16
2464.35425    3.4609e-16    3.5457e-16    3.2863e-16
2469.15430    2.2483e-16    2.1056e-16    2.5423e-16
2473.96387    1.1020e-16    9.5028e-17    1.4148e-16
2478.78271    9.7524e-17    9.2153e-17    1.0860e-16
2483.61084    8.0760e-17    9.0059e-17    6.1594e-17
2488.44849    1.4003e-16    1.4284e-16    1.3425e-16
2493.29541    2.1953e-16    3.0356e-16    4.6322e-17
2498.15186    1.5597e-16    1.7393e-16    1.1894e-16
2503.01782    1.3139e-16    1.2793e-16    1.3852e-16
2507.89307    1.6210e-16    1.5656e-16    1.7352e-16
2512.77808    2.3651e-16    2.6102e-16    1.8597e-16
2517.67236    8.9072e-17    9.2304e-17    8.2412e-17
2522.57642    1.0248e-16    8.0889e-17    1.4699e-16
2527.48975    4.0784e-16    5.1168e-16    1.9381e-16
2532.41309    9.7082e-17    1.1519e-16    5.9755e-17
2537.34570    2.1436e-16    2.2350e-16    1.9551e-16
2542.28760    1.4953e-16    1.5271e-16    1.4297e-16
2547.23975    2.3726e-16    2.6510e-16    1.7986e-16
2552.20117    9.4468e-17    1.0138e-16    8.0230e-17
2557.17236    7.1847e-17    7.0073e-17    7.5503e-17
2562.15332    8.6807e-16    1.2275e-15    1.2729e-16
2567.14404    2.0843e-16    2.5601e-16    1.1038e-16
2572.14404    1.5617e-16    1.6310e-16    1.4190e-16
2577.15430    1.4350e-16    1.9178e-16    4.3999e-17
2582.17383    2.1946e-16    2.8347e-16    8.7521e-17
2587.20361    1.4031e-15    2.0470e-15    7.6072e-17
2592.24292    1.7600e-16    2.2412e-16    7.6809e-17
2597.29199    4.4919e-15    6.6089e-15    1.2836e-16
2602.35107    4.4342e-17    4.5379e-17    4.2204e-17
2607.41992    1.2238e-15    1.7454e-15    1.4884e-16
2612.49854    2.4565e-15    3.5572e-15    1.8800e-16
2617.58740    7.8868e-16    1.1503e-15    4.3321e-17
2622.68604    5.3013e-16    7.3126e-16    1.1556e-16
2627.79443    2.7244e-15    3.9522e-15    1.9388e-16
2632.91284    2.3919e-15    3.4861e-15    1.3675e-16
2638.04126    2.5519e-17    2.1031e-17    3.4770e-17
2643.17969    2.2707e-17    1.8451e-17    3.1478e-17
2648.32812    8.1228e-18    6.7349e-18    1.0984e-17
2653.48633    2.7941e-17    2.1161e-17    4.1916e-17
2658.65479    5.5952e-18    4.2166e-18    8.4367e-18
2663.83350    3.4237e-17    3.3332e-17    3.6102e-17
2669.02197    8.0452e-17    7.1776e-17    9.8334e-17
2674.22070    1.1737e-18    8.7154e-19    1.7965e-18
2679.42969    4.8233e-17    4.2516e-17    6.0017e-17
2684.64868    5.7651e-17    4.4880e-17    8.3973e-17
2689.87793    4.5434e-18    3.4346e-18    6.8288e-18
2695.11719    1.3084e-16    1.6505e-16    6.0334e-17
2700.36670    1.0056e-17    7.5015e-18    1.5322e-17
2705.62646    6.5731e-17    5.7041e-17    8.3644e-17
2710.89648    1.1324e-16    1.3610e-16    6.6137e-17
2716.17676    7.4106e-16    1.0542e-15    9.5602e-17
2721.46729    4.3688e-17    3.4864e-17    6.1876e-17
2726.76831    5.3631e-16    7.8837e-16    1.6791e-17
2732.07959    3.5772e-16    4.8445e-16    9.6525e-17
2737.40112    7.8291e-16    1.1473e-15    3.1942e-17
2742.73291    2.4988e-16    3.6322e-16    1.6275e-17
2748.07520    1.3111e-15    1.9167e-15    6.2928e-17
2753.42798    1.3340e-15    1.9178e-15    1.3061e-16
2758.79102    5.7278e-17    5.3453e-17    6.5164e-17
2764.16479    2.7286e-16    3.7826e-16    5.5637e-17
2769.54883    4.7027e-16    6.5680e-16    8.5792e-17
2774.94336    6.3399e-16    8.9949e-16    8.6748e-17
2780.34863    1.8312e-17    1.4418e-17    2.6338e-17
2785.76416    5.3538e-17    4.0154e-17    8.1124e-17
2791.18994    9.3681e-18    7.3094e-18    1.3611e-17
2796.62695    2.0433e-17    1.7330e-17    2.6829e-17
2802.07422    2.8323e-17    2.3650e-17    3.7953e-17
2807.53198    1.0576e-17    8.0263e-18    1.5831e-17
2813.00049    5.4695e-18    4.1252e-18    8.2402e-18
2818.47949    1.9296e-17    1.4388e-17    2.9413e-17
2823.96948    4.4384e-17    3.7579e-17    5.8410e-17
2829.47021    1.7247e-16    2.1495e-16    8.4917e-17
2834.98145    1.2563e-16    1.5333e-16    6.8554e-17
2840.50342    7.7762e-17    6.1306e-17    1.1168e-16
2846.03613    5.4321e-17    4.1698e-17    8.0339e-17
2851.57959    2.9234e-17    2.2589e-17    4.2931e-17
2857.13379    3.5576e-17    2.6616e-17    5.4045e-17
2862.69922    1.6905e-17    1.2789e-17    2.5388e-17
2868.27490    2.8548e-17    2.2525e-17    4.0962e-17
2873.86182    1.2806e-17    9.9011e-18    1.8794e-17
2879.45947    2.2014e-17    2.2599e-17    2.0810e-17
2885.06836    8.8525e-17    1.0003e-16    6.4809e-17
2890.68774    6.2412e-17    6.8311e-17    5.0252e-17
2896.31860    1.5090e-17    1.1455e-17    2.2582e-17
2901.95972    5.7686e-18    4.4081e-18    8.5727e-18
2907.61230    1.1176e-17    8.6404e-18    1.6404e-17
2913.27563    1.6492e-18    1.2259e-18    2.5217e-18
2918.95020    1.8809e-17    1.5274e-17    2.6096e-17
2924.63574    1.2830e-16    1.5379e-16    7.5761e-17
2930.33228    6.1750e-19    4.5899e-19    9.4422e-19
2936.04004    9.5074e-19    7.0698e-19    1.4532e-18
2941.75903    9.3228e-17    1.1983e-16    3.8404e-17
2947.48877    8.8019e-17    1.0245e-16    5.8270e-17
2953.22998    6.3783e-17    7.6556e-17    3.7455e-17
2958.98242    2.3551e-17    1.8811e-17    3.3321e-17
2964.74585    1.0228e-16    1.2618e-16    5.3018e-17
2970.52075    7.3424e-17    7.4173e-17    7.1880e-17
2976.30664    1.6434e-17    1.3252e-17    2.2991e-17
2982.10376    3.1883e-16    4.3891e-16    7.1322e-17
2987.91187    9.8135e-17    1.3443e-16    2.3319e-17
2993.73218    1.6373e-18    1.2157e-18    2.5064e-18
2999.56348    1.9026e-17    1.5183e-17    2.6947e-17
3005.40601    1.2342e-16    1.7092e-16    2.5513e-17
3011.25977    4.9440e-18    3.6809e-18    7.5474e-18
3017.12500    3.9613e-18    2.9569e-18    6.0317e-18
3023.00195    1.3674e-18    1.0159e-18    2.0921e-18
3028.89014    1.4104e-18    1.0479e-18    2.1577e-18
3034.79004    2.5566e-18    1.8987e-18    3.9128e-18
3040.70117    1.5014e-18    1.1154e-18    2.2971e-18
3046.62402    1.3798e-17    1.0620e-17    2.0349e-17
3052.55811    1.8861e-18    1.4008e-18    2.8864e-18
3058.50391    3.9986e-19    2.9717e-19    6.1151e-19
3064.46143    9.3899e-18    7.0949e-18    1.4120e-17
3070.43018    5.7080e-18    4.2536e-18    8.7057e-18
3076.41064    1.5046e-17    1.1260e-17    2.2850e-17
3082.40332    1.2883e-18    9.5918e-19    1.9667e-18
3088.40698    7.2850e-19    5.4140e-19    1.1142e-18
3094.42261    1.2755e-17    9.8433e-18    1.8756e-17
3100.44971    4.7691e-19    3.5465e-19    7.2891e-19
3106.48901    1.0749e-18    7.9867e-19    1.6443e-18
3112.53979    5.4266e-19    4.0310e-19    8.3032e-19
3118.60229    6.3130e-19    4.6901e-19    9.6580e-19
3124.67676    1.9790e-19    1.4696e-19    3.0291e-19
3130.76318    7.7422e-19    5.7551e-19    1.1838e-18
3136.86133    3.2360e-19    2.4037e-19    4.9515e-19
3142.97119    1.7522e-17    1.5255e-17    2.2194e-17
3149.09302    1.3658e-18    1.0199e-18    2.0787e-18
3155.22681    4.4347e-19    3.2976e-19    6.7785e-19
3161.37256    1.0187e-16    1.1477e-16    7.5263e-17
3167.53027    6.1285e-17    6.5968e-17    5.1631e-17
3173.70020    6.3424e-20    4.7098e-20    9.7077e-20
3179.88184    1.5681e-17    1.1859e-17    2.3558e-17
3186.07568    1.2873e-16    1.4596e-16    9.3200e-17
3192.28149    1.1703e-16    1.4839e-16    5.2381e-17
3198.49951    1.1967e-16    1.6119e-16    3.4105e-17
3204.72949    1.5276e-18    1.1381e-18    2.3302e-18
3210.97168    9.7642e-17    1.1832e-16    5.5012e-17
3217.22607    7.7812e-20    5.7782e-20    1.1910e-19
3223.49268    5.0863e-19    3.7773e-19    7.7845e-19
3229.77148    6.6483e-17    8.0402e-17    3.7794e-17
3236.06226    6.1670e-18    4.8456e-18    8.8907e-18
3242.36572    7.7924e-18    5.9109e-18    1.1670e-17
3248.68115    1.1126e-17    8.4548e-18    1.6631e-17
3255.00879    7.9315e-17    6.9677e-17    9.9182e-17
3261.34912    1.8485e-17    1.4234e-17    2.7247e-17
3267.70093    6.8428e-18    5.1699e-18    1.0291e-17
3274.06616    1.2001e-19    8.9124e-20    1.8367e-19
3280.44336    1.7236e-16    1.5479e-16    2.0858e-16
3286.83301    2.2072e-17    1.7871e-17    3.0730e-17
3293.23535    2.3756e-17    1.8713e-17    3.4151e-17
3299.64990    7.6065e-18    6.7170e-18    9.4398e-18
3306.07690    2.2058e-17    1.6849e-17    3.2795e-17
3312.51660    1.8277e-17    1.4532e-17    2.5995e-17
3318.96875    1.5419e-18    1.1452e-18    2.3595e-18
3325.43359    1.6432e-18    1.2271e-18    2.5008e-18
3331.91064    2.6828e-19    1.9922e-19    4.1062e-19
3338.40063    1.9969e-18    1.4867e-18    3.0486e-18
3344.90332    1.2680e-19    9.4162e-20    1.9407e-19
3351.41846    3.2089e-20    2.3829e-20    4.9114e-20
3357.94629    6.2778e-18    4.6936e-18    9.5432e-18
3364.48682    2.6265e-18    1.9572e-18    4.0058e-18
3371.04004    6.7034e-18    4.9782e-18    1.0259e-17
3377.60645    4.5017e-19    3.3454e-19    6.8849e-19
3384.18481    2.0415e-18    1.5206e-18    3.1153e-18
3390.77686    1.9844e-18    1.4740e-18    3.0363e-18
3397.38159    2.9385e-19    2.1824e-19    4.4971e-19
3403.99902    4.8411e-19    3.5950e-19    7.4096e-19
3410.62915    4.8487e-19    3.6170e-19    7.3874e-19
3417.27271    3.1747e-18    2.3718e-18    4.8298e-18
3423.92847    5.8267e-19    4.3267e-19    8.9185e-19
3430.59766    8.7737e-19    6.5204e-19    1.3418e-18
3437.27979    4.2451e-18    3.2013e-18    6.3965e-18
3443.97534    5.1372e-19    3.8161e-19    7.8603e-19
3450.68359    5.1437e-18    3.8657e-18    7.7777e-18
3457.40479    3.0393e-18    2.2635e-18    4.6382e-18
3464.13916    7.7206e-19    5.7478e-19    1.1787e-18
3470.88647    1.2676e-18    9.4255e-19    1.9377e-18
3477.64697    4.4977e-18    3.4114e-18    6.7366e-18
3484.42090    2.3877e-18    1.7750e-18    3.6506e-18
3491.20776    9.3351e-19    6.9624e-19    1.4226e-18
3498.00781    1.7867e-18    1.3333e-18    2.7213e-18
3504.82129    1.1481e-18    8.5392e-19    1.7546e-18
3511.64771    1.3103e-19    9.7302e-20    2.0055e-19
3518.48804    1.1080e-18    8.2409e-19    1.6931e-18
3525.34131    1.8945e-18    1.4068e-18    2.8998e-18
3532.20776    5.3735e-19    3.9877e-19    8.2298e-19
3539.08813    4.2718e-19    3.1729e-19    6.5369e-19
3545.98145    1.0337e-19    7.6760e-20    1.5821e-19
3552.88818    6.2111e-19    4.6228e-19    9.4849e-19
3559.80884    2.0363e-19    1.5123e-19    3.1164e-19
3566.74292    3.0280e-19    2.2522e-19    4.6269e-19
3573.68994    3.3703e-19    2.5287e-19    5.1049e-19
3580.65112    1.3018e-20    9.6668e-21    1.9924e-20
3587.62500    5.0943e-19    3.7845e-19    7.7940e-19
3594.61304    2.6210e-20    1.9463e-20    4.0117e-20
3601.61499    2.3811e-19    1.7682e-19    3.6444e-19
3608.63013    4.2302e-20    3.1413e-20    6.4746e-20
3615.65894    2.8929e-19    2.1483e-19    4.4276e-19
3622.70166    1.5413e-18    1.1488e-18    2.3504e-18
3629.75806    2.8462e-19    2.1292e-19    4.3239e-19
3636.82837    1.5763e-19    1.1710e-19    2.4117e-19
3643.91138    1.3696e-18    1.0268e-18    2.0761e-18
3651.00928    2.7651e-20    2.0533e-20    4.2322e-20
3658.12085    4.9876e-18    3.8215e-18    7.3912e-18
3665.24609    2.6522e-20    1.9695e-20    4.0593e-20
3672.38525    3.2113e-20    2.3848e-20    4.9148e-20
3679.53857    5.1074e-20    3.8384e-20    7.7230e-20
3686.70557    1.2860e-19    9.6635e-20    1.9448e-19
3693.88647    4.8254e-20    3.5872e-20    7.3773e-20
3701.08154    2.6480e-19    1.9663e-19    4.0530e-19
3708.29053    1.5147e-19    1.1248e-19    2.3184e-19
3715.51343    4.1599e-20    3.1913e-20    6.1563e-20
3722.75049    1.0884e-19    8.0833e-20    1.6657e-19
3730.00171    1.8319e-19    1.3605e-19    2.8036e-19
3737.26709    1.3653e-20    1.0140e-20    2.0893e-20
3744.54639    8.5220e-20    6.3291e-20    1.3042e-19
3751.84009    7.9162e-19    5.9026e-19    1.2067e-18
3759.14795    4.9310e-19    3.6638e-19    7.5430e-19
3766.47021    3.2837e-18    2.4659e-18    4.9693e-18
3773.80664    1.9015e-20    1.4240e-20    2.8857e-20
3781.15723    1.1314e-18    8.4510e-19    1.7214e-18
3788.52197    1.2449e-19    9.2460e-20    1.9051e-19
3795.90137    1.2271e-19    9.2544e-20    1.8490e-19
3803.29492    4.0736e-20    3.0248e-20    6.2355e-20
3810.70312    1.5739e-19    1.1689e-19    2.4087e-19
3818.12549    2.2761e-20    1.6900e-20    3.4842e-20
3825.56250    6.5166e-18    4.9245e-18    9.7983e-18
3833.01416    5.5178e-20    4.1124e-20    8.4146e-20
3840.47998    1.5056e-20    1.1172e-20    2.3062e-20
3847.96045    1.3701e-19    1.0176e-19    2.0966e-19
3855.45557    1.9311e-20    1.4340e-20    2.9557e-20
3862.96533    2.2810e-20    1.6938e-20    3.4913e-20
3870.48950    1.7112e-18    1.2801e-18    2.5998e-18
3878.02832    5.9883e-20    4.4836e-20    9.0896e-20
3885.58203    6.7950e-20    5.0453e-20    1.0401e-19
3893.15039    1.1598e-19    8.6147e-20    1.7747e-19
3900.73340    1.0208e-19    7.5800e-20    1.5624e-19
3908.33154    1.2097e-18    8.9877e-19    1.8507e-18
3915.94409    1.4901e-18    1.1089e-18    2.2757e-18
3923.57153    7.4030e-20    5.4974e-20    1.1331e-19
3931.21387    2.2573e-18    1.6832e-18    3.4408e-18
3938.87109    1.0687e-17    8.0553e-18    1.6112e-17
3946.54346    2.4821e-18    1.8515e-18    3.7820e-18
3954.23047    7.2538e-20    5.3866e-20    1.1103e-19
3961.93262    5.1902e-19    3.8354e-19    7.9827e-19
3969.64941    4.6518e-18    3.5609e-18    6.9001e-18
3977.38159    3.1521e-18    2.3621e-18    4.7803e-18
3985.12866    6.2883e-19    4.6737e-19    9.6163e-19
3992.89111    2.0669e-19    1.5352e-19    3.1628e-19
4000.66846    1.8552e-18    1.3849e-18    2.8247e-18
4008.46094    8.0737e-20    5.9952e-20    1.2358e-19
4016.26880    7.0183e-20    5.2117e-20    1.0742e-19
4024.09155    2.6397e-19    1.9608e-19    4.0389e-19
4031.92969    2.2650e-20    1.6931e-20    3.4438e-20
4039.78320    1.7913e-20    1.3302e-20    2.7417e-20
4047.65186    9.8113e-21    7.2872e-21    1.5014e-20
4055.53589    3.5686e-20    2.6500e-20    5.4618e-20
4063.43506    3.8923e-19    2.8905e-19    5.9573e-19
4071.35010    1.8394e-19    1.3659e-19    2.8153e-19
4079.28027    1.4698e-18    1.0914e-18    2.2496e-18
4087.22607    1.1615e-19    8.6260e-20    1.7775e-19
4095.18701    7.5636e-20    5.6166e-20    1.1577e-19
4103.16357    5.5792e-20    4.2039e-20    8.4139e-20
4111.15576    1.6236e-19    1.2057e-19    2.4851e-19
4119.16357    6.3613e-19    4.7334e-19    9.7166e-19
4127.18652    7.4532e-19    5.5566e-19    1.1362e-18
4135.22559    2.1712e-19    1.6127e-19    3.3225e-19
4143.28027    2.3776e-19    1.7640e-19    3.6425e-19
4151.35059    8.7161e-20    6.4724e-20    1.3341e-19
4159.43652    1.0183e-19    7.5618e-20    1.5585e-19
4167.53857    3.8605e-20    2.8667e-20    5.9089e-20
4175.65625    1.0313e-17    7.8464e-18    1.5399e-17
4183.78906    1.1144e-19    8.2755e-20    1.7055e-19
4191.93848    1.6175e-20    1.2011e-20    2.4757e-20
4200.10352    4.8373e-20    3.5921e-20    7.4038e-20
4208.28418    1.5435e-19    1.1476e-19    2.3595e-19
4216.48145    2.5994e-20    1.9303e-20    3.9785e-20
4224.69434    8.7714e-20    6.5144e-20    1.3423e-19
4232.92334    2.9411e-17    2.4648e-17    3.9229e-17
4241.16846    1.4526e-18    1.0791e-18    2.2224e-18
4249.42920    2.6921e-19    1.9993e-19    4.1199e-19
4257.70605    5.1873e-19    3.8552e-19    7.9330e-19
4265.99902    1.7156e-20    1.2892e-20    2.5946e-20
4274.30859    1.7192e-18    1.2805e-18    2.6234e-18
4282.63428    3.5096e-20    2.6062e-20    5.3717e-20
4290.97607    1.3723e-18    1.0194e-18    2.0998e-18
4299.33398    7.6751e-18    5.8165e-18    1.1506e-17
4307.70801    2.6369e-19    1.9582e-19    4.0358e-19
4316.09863    1.5573e-18    1.1600e-18    2.3762e-18
4324.50586    1.0150e-19    7.5378e-20    1.5533e-19
4332.92920    4.7160e-18    3.5849e-18    7.0473e-18
4341.36914    2.0525e-18    1.5556e-18    3.0765e-18
4349.82520    1.2580e-17    9.8022e-18    1.8305e-17
4358.29785    1.4266e-18    1.0596e-18    2.1831e-18
4366.78662    2.6167e-19    1.9446e-19    4.0021e-19
4375.29199    1.6666e-17    1.3234e-17    2.3738e-17
4383.81445    5.6840e-18    4.2815e-18    8.5747e-18
4392.35352    2.1175e-20    1.5724e-20    3.2411e-20
4400.90869    2.2403e-18    1.6851e-18    3.3847e-18
4409.48047    1.0901e-17    8.3514e-18    1.6157e-17
4418.06934    4.9326e-18    3.7234e-18    7.4250e-18
4426.67480    2.4010e-20    1.7829e-20    3.6749e-20
4435.29736    6.6200e-19    4.9260e-19    1.0112e-18
4443.93652    7.1842e-20    5.3349e-20    1.0996e-19
4452.59277    5.5082e-19    4.0909e-19    8.4294e-19
4461.26562    1.8494e-19    1.3734e-19    2.8304e-19
4469.95508    2.1951e-18    1.6399e-18    3.3393e-18
4478.66162    2.1801e-19    1.6190e-19    3.3366e-19
4487.38477    6.3946e-18    4.7978e-18    9.6858e-18
4496.12549    3.5405e-20    2.6292e-20    5.4190e-20
4504.88281    7.0851e-18    5.4018e-18    1.0555e-17
4513.65771    2.0450e-18    1.5274e-18    3.1120e-18
4522.44922    1.6784e-17    1.2829e-17    2.4937e-17
4531.25830    7.3098e-19    5.4381e-19    1.1168e-18
4540.08447    4.5380e-18    3.4344e-18    6.8129e-18
4548.92773    1.3032e-17    1.0157e-17    1.8958e-17
4557.78809    3.7417e-18    2.8058e-18    5.6708e-18
4566.66602    1.1576e-20    8.5961e-21    1.7718e-20
4575.56055    7.3548e-18    5.6237e-18    1.0923e-17
4584.47314    1.8581e-17    1.4623e-17    2.6739e-17
4593.40283    8.0148e-19    5.9711e-19    1.2227e-18
4602.34961    3.3675e-20    2.5006e-20    5.1541e-20
4611.31445    1.0213e-20    7.5842e-21    1.5632e-20
4620.29590    6.8523e-18    5.2390e-18    1.0178e-17
4629.29590    1.0451e-17    7.9675e-18    1.5570e-17
4638.31250    1.0587e-19    7.8621e-20    1.6204e-19
4647.34668    8.5530e-19    6.3800e-19    1.3032e-18
4656.39941    3.7197e-20    2.7625e-20    5.6924e-20
4665.46875    1.9934e-18    1.4900e-18    3.0308e-18
4674.55664    1.4375e-19    1.0677e-19    2.1996e-19
4683.66113    4.9067e-20    3.6436e-20    7.5100e-20
4692.78418    5.9259e-21    4.4005e-21    9.0700e-21
4701.92480    1.3771e-20    1.0226e-20    2.1077e-20
4711.08301    8.0762e-21    5.9055e-21    1.2550e-20
4720.25977    6.1851e-20    4.5931e-20    9.4665e-20
4729.45361    2.9992e-19    2.2280e-19    4.5888e-19
4738.66602    4.3080e-20    3.1994e-20    6.5929e-20
4747.89551    3.2392e-20    2.4054e-20    4.9579e-20
4757.14355    1.3561e-20    1.0070e-20    2.0756e-20
4766.41016    4.1026e-21    3.0465e-21    6.2793e-21
4775.69385    1.8567e-19    1.3788e-19    2.8417e-19
4784.99609    4.4958e-22    3.3385e-22    6.8811e-22
4794.31641    2.7064e-20    2.0097e-20    4.1423e-20
4803.65430    6.7294e-21    4.9971e-21    1.0300e-20
4813.01074    3.1152e-19    2.3135e-19    4.7676e-19
4822.38574    6.7508e-19    5.0134e-19    1.0332e-18
4831.77930    2.7517e-19    2.0435e-19    4.2113e-19
4841.19043    2.1591e-19    1.6037e-19    3.3038e-19
4850.62012    7.5521e-20    5.6083e-20    1.1559e-19
4860.06836    3.2768e-20    2.4405e-20    5.0005e-20
4869.53467    4.3150e-19    3.2046e-19    6.6037e-19
4879.01953    1.8833e-19    1.3986e-19    2.8825e-19
4888.52295    2.5157e-19    1.8682e-19    3.8503e-19
4898.04492    1.2237e-19    9.0871e-20    1.8729e-19
4907.58545    3.6585e-19    2.7168e-19    5.5994e-19
4917.14453    8.9411e-21    6.6395e-21    1.3685e-20
4926.72168    3.3772e-17    2.8170e-17    4.5317e-17
4936.31836    2.6813e-20    1.9911e-20    4.1040e-20
4945.93311    3.4493e-19    2.5616e-19    5.2790e-19
4955.56689    2.7180e-19    2.0184e-19    4.1601e-19
4965.21973    5.3850e-21    3.9988e-21    8.2421e-21
4974.89062    2.8785e-19    2.1376e-19    4.4057e-19
4984.58105    2.6533e-20    1.9703e-20    4.0610e-20
4994.29004    1.5042e-19    1.1172e-19    2.3020e-19
5004.01758    3.4571e-19    2.5673e-19    5.2912e-19
5013.76465    4.4451e-17    3.8839e-17    5.6019e-17
5023.53027    1.5041e-19    1.1172e-19    2.3016e-19
5033.31543    8.3323e-21    6.1874e-21    1.2753e-20
5043.11914    2.2391e-19    1.6627e-19    3.4270e-19
5052.94238    2.3077e-19    1.7137e-19    3.5319e-19
5062.78418    1.5629e-19    1.1606e-19    2.3921e-19
5072.64551    6.1915e-19    4.5983e-19    9.4755e-19
5082.52637    1.7919e-20    1.3306e-20    2.7425e-20
5092.42578    1.2910e-20    9.5867e-21    1.9759e-20
5102.34473    1.8389e-19    1.3658e-19    2.8141e-19
5112.28320    4.4138e-19    3.2779e-19    6.7552e-19
5122.24121    7.6545e-20    5.6843e-20    1.1715e-19
5132.21777    2.4816e-19    1.8429e-19    3.7980e-19
5142.21484    1.2269e-19    9.1123e-20    1.8775e-19
5152.23047    1.6845e-19    1.2510e-19    2.5781e-19
5162.26660    2.4325e-18    1.8071e-18    3.7215e-18
5172.32129    5.9416e-17    5.2571e-17    7.3525e-17
5182.39648    3.1628e-19    2.3487e-19    4.8407e-19
5192.49023    4.6003e-20    3.4347e-20    7.0028e-20
5202.60449    9.3112e-18    7.0373e-18    1.3998e-17
5212.73779    1.0982e-20    8.1554e-21    1.6809e-20
5222.89160    1.0262e-19    7.6205e-20    1.5707e-19
5233.06445    1.3975e-17    1.0607e-17    2.0916e-17
5243.25781    4.3070e-20    3.1984e-20    6.5922e-20
5253.47021    1.8911e-18    1.4080e-18    2.8869e-18
5263.70312    1.4919e-18    1.1083e-18    2.2825e-18
5273.95557    2.2367e-17    1.7083e-17    3.3259e-17
5284.22852    2.4172e-17    1.8447e-17    3.5972e-17
5294.52100    9.2508e-20    6.8696e-20    1.4159e-19
5304.83398    1.4796e-20    1.0987e-20    2.2646e-20
5315.16650    3.5995e-17    2.8359e-17    5.1735e-17
5325.51953    2.1472e-18    1.6020e-18    3.2710e-18
5335.89258    5.7022e-19    4.2349e-19    8.7266e-19
5346.28564    9.8169e-20    7.2902e-20    1.5025e-19
5356.69922    3.1710e-20    2.3547e-20    4.8534e-20
5367.13281    1.1090e-18    8.2770e-19    1.6889e-18
5377.58691    5.1856e-19    3.8512e-19    7.9361e-19
5388.06152    3.3752e-20    2.5064e-20    5.1661e-20
5398.55664    1.1769e-20    8.7398e-21    1.8014e-20
5409.07178    1.5366e-19    1.1412e-19    2.3514e-19
5419.60742    1.2373e-20    9.1881e-21    1.8938e-20
5430.16406    2.0862e-18    1.5562e-18    3.1787e-18
5440.74121    3.4835e-20    2.5868e-20    5.3317e-20
5451.33887    3.9889e-20    2.9621e-20    6.1051e-20
5461.95703    1.2614e-20    9.3677e-21    1.9306e-20
5472.59570    5.5762e-20    4.1411e-20    8.5343e-20
5483.25488    1.8892e-20    1.4029e-20    2.8916e-20
5493.93555    1.1749e-19    8.7243e-20    1.7982e-19
5504.63672    3.9578e-20    2.9390e-20    6.0577e-20
5515.35840    3.8235e-20    2.8392e-20    5.8521e-20
5526.10156    1.8957e-19    1.4077e-19    2.9014e-19
5536.86523    1.5412e-19    1.1447e-19    2.3582e-19
5547.64941    7.7349e-20    5.7439e-20    1.1839e-19
5558.45557    4.1400e-20    3.0743e-20    6.3365e-20
5569.28271    4.6329e-20    3.4403e-20    7.0910e-20
5580.12988    2.4210e-20    1.7978e-20    3.7056e-20
5590.99902    4.3791e-20    3.2519e-20    6.7025e-20
5601.88965    7.8321e-21    5.8160e-21    1.1988e-20
5612.80078    1.9552e-20    1.4519e-20    2.9926e-20
5623.73340    1.4713e-19    1.0927e-19    2.2519e-19
5634.68750    7.6968e-21    5.7155e-21    1.1780e-20
5645.66211    2.0723e-20    1.5388e-20    3.1718e-20
5656.65918    1.2846e-19    9.5407e-20    1.9660e-19
5667.67676    3.4814e-19    2.5852e-19    5.3285e-19
5678.71680    2.9653e-20    2.2020e-20    4.5385e-20
5689.77734    2.9893e-19    2.2198e-19    4.5753e-19
5700.86035    1.7776e-20    1.3200e-20    2.7207e-20
5711.96484    1.6516e-20    1.2265e-20    2.5279e-20
5723.09033    5.7814e-20    4.2933e-20    8.8487e-20
5734.23779    6.0425e-20    4.4871e-20    9.2483e-20
5745.40723    5.3164e-20    3.9479e-20    8.1371e-20
5756.59766    1.8755e-20    1.3927e-20    2.8706e-20
5767.81104    1.0162e-20    7.5461e-21    1.5554e-20
5779.04492    4.9221e-20    3.6551e-20    7.5335e-20
5790.30176    1.1827e-20    8.7824e-21    1.8102e-20
5801.58008    2.8715e-20    2.1323e-20    4.3951e-20
5812.88037    6.7269e-20    4.9957e-20    1.0295e-19
5824.20264    1.1952e-20    8.8758e-21    1.8294e-20
5835.54688    7.5342e-20    5.5950e-20    1.1531e-19
5846.91357    5.9311e-20    4.4043e-20    9.0779e-20
5858.30225    6.3022e-20    4.6799e-20    9.6459e-20
5869.71289    5.7184e-20    4.2456e-20    8.7540e-20
5881.14600    1.6041e-20    1.1909e-20    2.4556e-20
5892.60156    1.0602e-20    9.2900e-21    1.3305e-20
5904.07910    2.7235e-20    2.0224e-20    4.1685e-20
5915.57910    7.3700e-19    5.4729e-19    1.1280e-18
5927.10156    6.1299e-20    4.5520e-20    9.3821e-20
5938.64648    4.7719e-21    3.5436e-21    7.3038e-21
5950.21387    7.1710e-20    5.3258e-20    1.0974e-19
5961.80371    6.5920e-20    4.8951e-20    1.0090e-19
5973.41602    2.3917e-20    1.7761e-20    3.6607e-20
5985.05127    3.3714e-20    2.5035e-20    5.1601e-20
5996.70850    6.2499e-19    4.6421e-19    9.5639e-19
6008.38867    1.2503e-20    9.2843e-21    1.9136e-20
6020.09229    5.9271e-20    4.4014e-20    9.0718e-20
6031.81836    2.0630e-20    1.5319e-20    3.1576e-20
6043.56738    1.3689e-19    1.0165e-19    2.0951e-19
6055.33887    2.0204e-19    1.5003e-19    3.0923e-19
6067.13428    2.0097e-20    1.4924e-20    3.0759e-20
6078.95117    6.1273e-19    4.5503e-19    9.3779e-19
6090.79150    1.2739e-20    9.4599e-21    1.9498e-20
6102.65527    3.2352e-20    2.4029e-20    4.9508e-20
6114.54199    1.5486e-19    1.1500e-19    2.3701e-19
6126.45215    6.8957e-20    5.1207e-20    1.0554e-19
6138.38525    2.1390e-20    1.5884e-20    3.2739e-20
6150.34131    1.5805e-18    1.1748e-18    2.4167e-18
6162.32178    3.7120e-20    2.7606e-20    5.6728e-20
6174.32422    7.3230e-19    5.4380e-19    1.1208e-18
6186.35059    3.3393e-19    2.4797e-19    5.1110e-19
6198.40088    1.2514e-19    9.2930e-20    1.9154e-19
6210.47314    2.3194e-21    1.7224e-21    3.5501e-21
6222.57031    2.6277e-20    1.9513e-20    4.0219e-20
6234.69043    1.5541e-18    1.1551e-18    2.3764e-18
6246.83496    2.3526e-18    1.7507e-18    3.5933e-18
6259.00195    1.0989e-19    8.1606e-20    1.6820e-19
6271.19385    8.4084e-21    6.2441e-21    1.2869e-20
6283.40869    2.9032e-20    2.1559e-20    4.4435e-20
6295.64795    1.3044e-20    9.6871e-21    1.9963e-20
6307.91016    7.9961e-20    5.9387e-20    1.2237e-19
6320.19678    2.5594e-18    1.9006e-18    3.9173e-18
6332.50781    6.7529e-20    5.0151e-20    1.0335e-19
6344.84180    2.1450e-19    1.5943e-19    3.2802e-19
6357.20020    1.5146e-20    1.1247e-20    2.3182e-20
6369.58252    7.3879e-19    5.5197e-19    1.1238e-18
6381.98926    1.6694e-18    1.2397e-18    2.5552e-18
6394.42041    1.6841e-20    1.2506e-20    2.5777e-20
6406.87549    1.2458e-19    9.2520e-20    1.9067e-19
6419.35449    9.0360e-19    6.7158e-19    1.3818e-18
6431.85840    1.3877e-18    1.0312e-18    2.1227e-18
6444.38672    1.7498e-19    1.2994e-19    2.6780e-19
6456.93896    4.4878e-18    3.3444e-18    6.8445e-18
6469.51514    9.0549e-20    6.7240e-20    1.3859e-19
6482.11719    1.7703e-19    1.3147e-19    2.7093e-19
6494.74268    1.0135e-18    7.5261e-19    1.5512e-18
6507.39355    3.6521e-19    2.7120e-19    5.5898e-19
6520.06836    2.8825e-18    2.1428e-18    4.4070e-18
6532.76855    5.0059e-19    3.7173e-19    7.6619e-19
6545.49316    2.5178e-21    1.8697e-21    3.8537e-21
6558.24268    2.9685e-19    2.8292e-19    3.2557e-19
6571.01611    2.3540e-19    1.7480e-19    3.6029e-19
6583.81543    4.2932e-19    3.1880e-19    6.5710e-19
6596.63965    3.6306e-20    2.6960e-20    5.5569e-20
6609.48828    2.1944e-19    1.6295e-19    3.3587e-19
6622.36230    4.6979e-19    3.4886e-19    7.1906e-19
6635.26172    1.5882e-21    1.1794e-21    2.4308e-21
6648.18506    4.3868e-19    3.2576e-19    6.7142e-19
6661.13525    2.4879e-19    1.8474e-19    3.8079e-19
6674.10986    7.7833e-21    5.7796e-21    1.1913e-20
6687.10938    1.7244e-19    1.2805e-19    2.6394e-19
6700.13428    1.7561e-20    1.3041e-20    2.6879e-20
6713.18506    2.5898e-21    1.9231e-21    3.9639e-21
6726.26123    1.8989e-19    1.4101e-19    2.9065e-19
6739.36279    5.6184e-22    4.1721e-22    8.5994e-22
6752.48926    1.3495e-20    1.0021e-20    2.0656e-20
6765.64258    1.8537e-19    1.3765e-19    2.8372e-19
6778.82031    2.9789e-20    2.2121e-20    4.5594e-20
6792.02441    7.8033e-21    5.7946e-21    1.1944e-20
6805.25439    2.3360e-20    1.7347e-20    3.5754e-20
6818.50928    7.8678e-20    5.8425e-20    1.2042e-19
6831.78955    1.1413e-20    8.4754e-21    1.7469e-20
6845.09717    5.9221e-21    4.3977e-21    9.0643e-21
6858.43018    8.1577e-19    6.0578e-19    1.2486e-18
6871.78906    1.5120e-19    1.1228e-19    2.3143e-19
6885.17432    3.6431e-21    2.7053e-21    5.5760e-21
6898.58447    7.5408e-21    5.5996e-21    1.1542e-20
6912.02246    2.7680e-20    2.0555e-20    4.2366e-20
6925.48486    2.5036e-19    1.8591e-19    3.8320e-19
6938.97412    1.5735e-20    1.1684e-20    2.4083e-20
6952.49023    2.3243e-20    1.7260e-20    3.5576e-20
6966.03271    6.3270e-21    4.6983e-21    9.6839e-21
6979.60059    4.2427e-20    3.1506e-20    6.4938e-20
6993.19629    9.6974e-20    7.2011e-20    1.4843e-19
