1000.97394    1.8805e-17    1.5643e-17    2.5821e-17
1002.92358    6.2548e-18    4.7977e-18    9.4877e-18
1004.87708    6.9322e-18    5.2532e-18    1.0657e-17
1006.83441    6.3114e-18    4.7737e-18    9.7230e-18
1008.79553    1.1380e-17    8.8835e-18    1.6918e-17
1010.76050    2.1972e-19    1.6192e-19    3.4795e-19
1012.72925    4.4667e-18    3.3747e-18    6.8896e-18
1014.70178    9.1485e-18    7.1962e-18    1.3480e-17
1016.67822    1.0153e-17    8.2020e-18    1.4481e-17
1018.65857    6.4245e-18    5.1764e-18    9.1938e-18
1020.64270    9.9527e-18    8.4882e-18    1.3202e-17
1022.63074    8.4925e-18    7.7995e-18    1.0030e-17
1024.62256    2.1465e-18    2.3645e-18    1.6629e-18
1026.61841    6.2362e-19    7.3883e-19    3.6799e-19
1028.61792    7.1065e-18    8.1492e-18    4.7932e-18
1030.62158    1.8108e-17    1.8592e-17    1.7035e-17
1032.62891    1.6807e-17    2.0364e-17    8.9129e-18
1034.64038    1.2512e-17    1.1285e-17    1.5234e-17
1036.65564    1.9990e-17    2.2750e-17    1.3866e-17
1038.67480    1.9791e-18    1.4942e-18    3.0549e-18
1040.69800    5.5752e-18    4.8587e-18    7.1648e-18
1042.72510    7.8436e-18    6.1135e-18    1.1682e-17
1044.75610    4.1376e-18    3.0728e-18    6.5000e-18
1046.79102    2.7904e-18    2.1037e-18    4.3140e-18
1048.83008    5.5980e-19    4.1435e-19    8.8251e-19
1050.87292    8.5399e-18    9.2385e-18    6.9899e-18
1052.91980    1.8543e-18    1.3513e-18    2.9704e-18
1054.97070    4.3632e-17    5.4287e-17    1.9992e-17
1057.02563    1.6984e-17    1.2475e-17    2.6989e-17
1059.08447    2.3447e-17    2.6909e-17    1.5764e-17
1061.14734    4.3250e-17    5.0498e-17    2.7168e-17
1063.21436    1.2814e-16    1.7796e-16    1.7588e-17
1065.28516    2.6427e-17    3.1251e-17    1.5722e-17
1067.36011    1.4666e-16    1.9787e-16    3.3027e-17
1069.43921    6.2418e-17    8.2092e-17    1.8768e-17
1071.52222    6.9431e-17    9.5108e-17    1.2461e-17
1073.60938    2.9072e-16    3.9807e-16    5.2541e-17
1075.70056    1.6486e-16    2.2225e-16    3.7534e-17
1077.79590    1.0989e-16    1.3137e-16    6.2217e-17
1079.89514    7.1381e-18    5.2670e-18    1.1289e-17
1081.99854    6.7768e-17    9.3489e-17    1.0700e-17
1084.10608    9.7189e-17    1.2668e-16    3.1763e-17
1086.21777    9.7479e-18    7.1196e-18    1.5579e-17
1088.33350    7.8776e-17    1.0503e-16    2.0536e-17
1090.45337    1.0716e-16    1.3577e-16    4.3672e-17
1092.57727    6.4007e-17    8.5048e-17    1.7321e-17
1094.70532    6.3782e-17    8.1279e-17    2.4960e-17
1096.83765    1.0711e-16    1.3360e-16    4.8347e-17
1098.97412    1.5362e-16    1.9339e-16    6.5368e-17
1101.11475    8.8779e-17    1.1471e-16    3.1243e-17
1103.25952    1.6146e-17    1.4410e-17    1.9998e-17
1105.40845    3.5971e-17    3.8661e-17    3.0002e-17
1107.56152    5.2855e-17    5.5620e-17    4.6720e-17
1109.71887    5.9957e-17    5.8228e-17    6.3793e-17
1111.88037    7.2468e-17    9.0174e-17    3.3183e-17
1114.04614    9.0417e-17    8.8488e-17    9.4697e-17
1116.21606    9.7590e-17    1.0993e-16    7.0219e-17
1118.39014    7.3803e-18    6.9801e-18    8.2682e-18
1120.56860    1.3067e-17    1.0613e-17    1.8511e-17
1122.75122    1.0151e-16    1.4208e-16    1.1503e-17
1124.93811    9.1639e-17    1.1697e-16    3.5435e-17
1127.12927    2.8847e-16    3.8722e-16    6.9372e-17
1129.32471    1.5511e-16    2.0004e-16    5.5429e-17
1131.52441    9.8113e-17    1.2871e-16    3.0227e-17
1133.72839    2.0463e-16    2.7859e-16    4.0536e-17
1135.93665    2.9692e-17    2.3616e-17    4.3174e-17
1138.14917    6.7435e-17    8.9467e-17    1.8553e-17
1140.36621    7.8963e-17    8.4711e-17    6.6212e-17
1142.58740    1.5284e-16    2.0732e-16    3.1973e-17
1144.81299    4.3184e-16    5.0421e-16    2.7127e-16
1147.04272    5.3878e-16    5.9237e-16    4.1988e-16
1149.27698    2.9663e-16    3.7936e-16    1.1309e-16
1151.51562    3.1200e-16    4.0713e-16    1.0093e-16
1153.75854    2.5816e-16    2.8246e-16    2.0423e-16
1156.00586    3.2130e-17    2.5564e-17    4.6700e-17
1158.25745    1.4965e-16    1.1618e-16    2.2392e-16
1160.51355    1.6413e-16    1.2540e-16    2.5007e-16
1162.77393    8.0645e-17    6.2195e-17    1.2158e-16
1165.03882    8.9302e-17    6.8309e-17    1.3588e-16
1167.30811    6.3227e-17    4.8124e-17    9.6737e-17
1169.58179    8.2107e-17    7.0496e-17    1.0787e-16
1171.85986    1.1640e-16    9.3019e-17    1.6828e-16
1174.14246    1.6944e-16    1.3653e-16    2.4248e-16
1176.42944    1.2370e-16    1.0348e-16    1.6857e-16
1178.72095    3.4003e-17    2.8228e-17    4.6817e-17
1181.01685    8.1397e-17    6.6848e-17    1.1368e-16
1183.31714    6.1646e-17    5.3770e-17    7.9122e-17
1185.62207    8.1635e-17    6.5135e-17    1.1824e-16
1187.93140    1.3881e-16    1.0874e-16    2.0553e-16
1190.24536    7.7440e-17    6.4262e-17    1.0668e-16
1192.56372    2.0415e-16    1.7555e-16    2.6760e-16
1194.88647    8.6576e-17    7.4802e-17    1.1270e-16
1197.21387    1.6509e-16    1.4870e-16    2.0147e-16
1199.54590    1.4920e-16    1.4181e-16    1.6560e-16
1201.88232    3.0941e-17    2.9564e-17    3.3997e-17
1204.22339    1.9226e-17    1.8452e-17    2.0943e-17
1206.56897    3.9280e-17    4.4184e-17    2.8402e-17
1208.91919    6.3071e-17    7.0636e-17    4.6288e-17
1211.27393    2.8774e-17    3.3857e-17    1.7497e-17
1213.63330    1.8844e-17    2.5358e-17    4.3897e-18
1215.99719    2.1185e-18    2.9216e-18    3.3669e-19
1218.36572    4.3571e-17    5.6789e-17    1.4245e-17
1220.73877    5.6554e-17    7.2311e-17    2.1594e-17
1223.11658    1.9699e-17    2.3413e-17    1.1458e-17
1225.49902    1.2625e-17    1.2420e-17    1.3081e-17
1227.88599    2.3258e-17    2.2592e-17    2.4735e-17
1230.27771    1.5727e-17    1.4728e-17    1.7943e-17
1232.67407    5.0696e-17    4.5312e-17    6.2641e-17
1235.07507    5.4989e-17    4.7038e-17    7.2629e-17
1237.48071    5.4306e-17    4.5910e-17    7.2935e-17
1239.89111    4.5164e-17    3.8108e-17    6.0820e-17
1242.30615    5.1532e-17    4.2512e-17    7.1546e-17
1244.72595    1.6156e-17    1.3064e-17    2.3016e-17
1247.15039    1.2220e-17    9.5979e-18    1.8038e-17
1249.57959    2.8011e-17    2.2180e-17    4.0950e-17
1252.01355    3.3022e-17    2.5596e-17    4.9500e-17
1254.45215    5.1188e-17    4.1385e-17    7.2940e-17
1256.89563    3.6031e-17    2.7466e-17    5.5035e-17
1259.34375    4.7420e-17    3.9426e-17    6.5155e-17
1261.79675    5.1925e-17    4.1472e-17    7.5117e-17
1264.25452    3.8153e-17    2.9551e-17    5.7240e-17
1266.71704    6.4761e-17    5.4187e-17    8.8221e-17
1269.18433    3.5220e-17    2.6747e-17    5.4018e-17
1271.65649    7.7382e-17    6.1925e-17    1.1168e-16
1274.13342    4.3839e-17    3.6690e-17    5.9700e-17
1276.61523    2.1806e-17    2.1518e-17    2.2447e-17
1279.10181    2.2557e-17    1.6901e-17    3.5107e-17
1281.59326    2.9810e-17    2.2395e-17    4.6264e-17
1284.08960    1.4410e-17    1.0774e-17    2.2477e-17
1286.59070    4.0643e-17    3.0355e-17    6.3472e-17
1289.09668    7.9749e-17    5.9145e-17    1.2546e-16
1291.60767    3.1129e-17    2.3510e-17    4.8031e-17
1294.12341    2.4325e-17    1.8206e-17    3.7901e-17
1296.64404    6.5762e-17    5.6198e-17    8.6981e-17
1299.16968    6.9035e-17    5.5855e-17    9.8276e-17
1301.70020    3.1762e-17    2.4856e-17    4.7085e-17
1304.23572    7.0001e-17    5.4621e-17    1.0412e-16
1306.77612    3.7645e-17    2.8253e-17    5.8482e-17
1309.32141    1.8947e-17    1.4131e-17    2.9633e-17
1311.87183    1.2736e-17    9.4610e-18    2.0001e-17
1314.42700    4.6094e-17    3.4773e-17    7.1214e-17
1316.98730    2.0017e-17    1.4708e-17    3.1796e-17
1319.55249    4.7078e-17    3.5032e-17    7.3806e-17
1322.12280    6.1726e-17    4.8376e-17    9.1347e-17
1324.69800    2.6045e-17    1.9153e-17    4.1337e-17
1327.27820    5.2227e-17    3.8095e-17    8.3582e-17
1329.86353    5.0360e-17    3.6973e-17    8.0063e-17
1332.45386    7.9525e-17    5.8328e-17    1.2656e-16
1335.04919    3.0424e-17    2.2823e-17    4.7287e-17
1337.64966    1.6125e-17    1.1804e-17    2.5711e-17
1340.25513    4.2857e-17    3.1194e-17    6.8733e-17
1342.86560    8.9054e-18    6.4931e-18    1.4258e-17
1345.48120    3.9336e-17    2.8643e-17    6.3061e-17
1348.10205    1.3702e-18    1.0093e-18    2.1710e-18
1350.72778    3.0117e-17    2.1894e-17    4.8362e-17
1353.35876    2.0339e-17    1.4765e-17    3.2704e-17
1355.99487    2.6507e-17    1.9251e-17    4.2607e-17
1358.63611    3.4014e-17    2.4640e-17    5.4811e-17
1361.28247    9.3305e-17    8.0627e-17    1.2143e-16
1363.93396    5.6264e-17    4.2890e-17    8.5935e-17
1366.59058    8.3682e-17    5.9861e-17    1.3653e-16
1369.25244    5.9167e-17    4.7973e-17    8.4003e-17
1371.91956    7.5762e-17    5.8142e-17    1.1486e-16
1374.59180    1.3662e-16    9.9395e-17    2.1921e-16
1377.26929    1.2574e-16    9.4502e-17    1.9504e-16
1379.95190    5.2092e-17    3.9288e-17    8.0502e-17
1382.63965    6.2373e-17    4.5197e-17    1.0048e-16
1385.33276    3.3810e-17    2.4548e-17    5.4361e-17
1388.03125    5.3812e-17    3.8813e-17    8.7091e-17
1390.73486    2.6537e-17    1.9364e-17    4.2451e-17
1393.44360    5.9709e-17    4.4502e-17    9.3447e-17
1396.15784    4.1585e-17    3.0321e-17    6.6575e-17
1398.87720    2.2994e-16    1.8048e-16    3.3968e-16
1401.60205    1.8953e-16    1.5034e-16    2.7649e-16
1404.33203    4.8264e-17    3.5040e-17    7.7605e-17
1407.06738    1.0887e-17    7.9203e-18    1.7471e-17
1409.80811    1.9766e-17    1.4683e-17    3.1044e-17
1412.55420    3.9303e-17    3.1451e-17    5.6724e-17
1415.30554    2.6508e-16    2.0423e-16    4.0009e-16
1418.06213    1.0195e-16    7.4439e-17    1.6298e-16
1420.82446    1.3415e-17    1.0016e-17    2.0957e-17
1423.59180    2.9553e-17    2.6153e-17    3.7096e-17
1426.36475    1.0871e-17    9.5551e-18    1.3789e-17
1429.14307    2.1715e-17    1.6184e-17    3.3988e-17
1431.92676    3.9975e-17    3.0290e-17    6.1464e-17
1434.71582    2.0666e-17    1.7485e-17    2.7723e-17
1437.51038    1.3944e-16    1.0435e-16    2.1729e-16
1440.31030    6.4445e-17    4.7584e-17    1.0186e-16
1443.11572    5.3170e-17    3.9584e-17    8.3314e-17
1445.92676    2.2940e-17    1.8333e-17    3.3161e-17
1448.74316    1.3580e-17    9.9957e-18    2.1533e-17
1451.56494    2.1228e-17    1.5689e-17    3.3516e-17
1454.39233    2.2104e-17    1.6411e-17    3.4735e-17
1457.22522    8.8006e-18    6.3971e-18    1.4133e-17
1460.06360    1.4404e-17    1.0558e-17    2.2937e-17
1462.90747    1.2422e-17    9.0710e-18    1.9856e-17
1465.75696    6.8764e-18    5.0024e-18    1.1034e-17
1468.61206    1.3764e-17    1.0027e-17    2.2056e-17
1471.47253    9.1629e-18    6.7007e-18    1.4626e-17
1474.33862    9.9823e-17    7.3517e-17    1.5819e-16
1477.21045    4.4139e-17    3.2036e-17    7.0990e-17
1480.08777    8.5051e-17    6.2027e-17    1.3614e-16
1482.97058    3.3115e-17    2.3965e-17    5.3418e-17
1485.85913    2.3905e-17    1.7480e-17    3.8161e-17
1488.75342    5.6178e-17    4.0648e-17    9.0636e-17
1491.65332    2.8701e-17    2.1064e-17    4.5644e-17
1494.55859    2.2927e-17    1.6482e-17    3.7225e-17
1497.46985    9.6503e-18    7.0197e-18    1.5487e-17
1500.38647    7.0897e-18    5.1799e-18    1.1327e-17
1503.30896    3.5795e-17    2.5877e-17    5.7801e-17
1506.23706    6.1745e-17    4.4458e-17    1.0010e-16
1509.17090    8.2993e-17    6.0401e-17    1.3312e-16
1512.11060    8.4336e-17    6.3034e-17    1.3160e-16
1515.05591    1.6180e-17    1.2306e-17    2.4774e-17
1518.00684    2.6374e-18    2.1939e-18    3.6216e-18
1520.96362    6.1757e-17    4.5192e-17    9.8511e-17
1523.92627    8.0158e-18    8.4689e-18    7.0105e-18
1526.89453    3.0456e-17    2.2649e-17    4.7778e-17
1529.86865    3.2053e-18    2.3288e-18    5.1502e-18
1532.84839    1.0079e-17    7.3637e-18    1.6104e-17
1535.83411    1.5222e-17    1.1155e-17    2.4245e-17
1538.82568    1.0438e-17    7.5758e-18    1.6790e-17
1541.82300    1.4787e-17    1.0784e-17    2.3667e-17
1544.82617    3.1585e-18    2.3086e-18    5.0441e-18
1547.83521    9.8952e-18    7.4511e-18    1.5318e-17
1550.85010    1.7299e-17    1.7347e-17    1.7191e-17
1553.87085    5.5292e-18    3.9927e-18    8.9384e-18
1556.89746    2.1312e-17    1.7437e-17    2.9908e-17
1559.92993    7.9985e-17    1.1289e-16    6.9731e-18
1562.96863    5.5713e-17    7.7015e-17    8.4495e-18
1566.01282    8.4638e-18    1.0741e-17    3.4112e-18
1569.06311    9.7425e-17    1.3779e-16    7.8692e-18
1572.11938    2.8989e-17    3.5344e-17    1.4890e-17
1575.18152    8.2437e-17    1.1356e-16    1.3374e-17
1578.24963    4.8828e-17    4.7330e-17    5.2150e-17
1581.32373    4.2798e-17    5.7093e-17    1.1081e-17
1584.40381    2.9722e-17    4.1068e-17    4.5479e-18
1587.48999    3.1159e-17    3.8644e-17    1.4553e-17
1590.58215    2.8942e-18    2.1107e-18    4.6328e-18
1593.68018    8.2664e-18    5.9917e-18    1.3313e-17
1596.78442    4.7761e-18    3.4650e-18    7.6850e-18
1599.89465    1.7315e-17    1.3619e-17    2.5517e-17
1603.01086    2.3539e-17    2.9091e-17    1.1221e-17
1606.13330    2.3504e-17    2.2238e-17    2.6312e-17
1609.26172    1.4295e-16    2.0405e-16    7.3929e-18
1612.39636    6.4068e-17    8.9508e-17    7.6224e-18
1615.53674    1.5368e-18    1.6077e-18    1.3796e-18
1618.68347    7.1899e-17    1.0103e-16    7.2557e-18
1621.83630    1.0950e-16    1.5131e-16    1.6724e-17
1624.99548    4.7429e-17    6.2547e-17    1.3885e-17
1628.16064    1.0032e-16    1.3208e-16    2.9869e-17
1631.33203    8.1905e-17    1.0821e-16    2.3536e-17
1634.50952    1.2557e-16    1.6655e-16    3.4644e-17
1637.69312    1.8121e-16    2.4853e-16    3.1852e-17
1640.88306    2.0078e-16    2.2702e-16    1.4258e-16
1644.07922    6.6353e-17    8.3819e-17    2.7601e-17
1647.28162    8.9730e-17    1.0429e-16    5.7435e-17
1650.49023    1.3630e-16    1.7016e-16    6.1177e-17
1653.70496    1.0255e-16    1.1741e-16    6.9565e-17
1656.92603    1.4617e-17    1.3421e-17    1.7270e-17
1660.15369    5.4768e-17    7.6717e-17    6.0694e-18
1663.38721    8.8229e-18    9.5318e-18    7.2499e-18
1666.62720    6.6912e-18    5.4046e-18    9.5458e-18
1669.87317    2.0898e-17    2.8995e-17    2.9328e-18
1673.12585    2.6154e-17    3.1851e-17    1.3513e-17
1676.38489    1.0105e-16    1.3989e-16    1.4868e-17
1679.65027    7.1334e-17    9.7415e-17    1.3467e-17
1682.92188    1.1354e-17    9.1535e-18    1.6235e-17
1686.19958    2.8562e-17    3.6555e-17    1.0828e-17
1689.48413    3.5852e-17    3.4632e-17    3.8561e-17
1692.77502    2.6649e-17    2.6917e-17    2.6053e-17
1696.07227    8.9682e-18    6.9274e-18    1.3496e-17
1699.37573    1.7435e-17    1.5319e-17    2.2128e-17
1702.68567    1.4893e-16    2.1111e-16    1.0950e-17
1706.00232    2.4632e-17    2.4310e-17    2.5347e-17
1709.32544    4.6985e-17    4.4639e-17    5.2191e-17
1712.65491    1.1503e-17    9.7554e-18    1.5381e-17
1715.99060    4.1078e-17    3.7775e-17    4.8408e-17
1719.33301    5.1564e-17    5.6899e-17    3.9727e-17
1722.68188    4.1204e-17    3.4211e-17    5.6719e-17
1726.03735    9.6873e-17    1.2163e-16    4.1936e-17
1729.39941    9.1599e-18    8.2452e-18    1.1189e-17
1732.76807    9.9544e-18    8.3751e-18    1.3459e-17
1736.14307    4.8344e-18    3.8644e-18    6.9866e-18
1739.52466    3.1399e-18    2.3032e-18    4.9965e-18
1742.91296    3.9829e-18    2.9226e-18    6.3356e-18
1746.30786    2.0148e-17    2.2734e-17    1.4411e-17
1749.70935    2.1585e-17    1.9421e-17    2.6387e-17
1753.11755    5.4241e-19    3.9506e-19    8.6933e-19
1756.53223    8.6657e-19    6.3125e-19    1.3887e-18
1759.95325    3.5135e-17    3.8807e-17    2.6985e-17
1763.38147    1.3718e-17    1.2515e-17    1.6389e-17
1766.81628    3.5053e-18    2.6311e-18    5.4449e-18
1770.25745    8.1379e-18    6.5643e-18    1.1629e-17
1773.70581    2.6925e-17    2.5763e-17    2.9502e-17
1777.16064    1.3045e-17    9.9533e-18    1.9903e-17
1780.62207    1.4077e-17    1.1716e-17    1.9316e-17
1784.09045    1.4669e-16    1.2790e-16    1.8838e-16
1787.56555    2.8979e-16    2.3908e-16    4.0231e-16
1791.04749    1.4226e-17    1.0498e-17    2.2498e-17
1794.53601    2.4877e-17    2.4407e-17    2.5919e-17
1798.03137    6.1858e-17    5.0429e-17    8.7218e-17
1801.53357    1.4668e-18    1.0640e-18    2.3608e-18
1805.04248    2.2681e-17    1.6645e-17    3.6072e-17
1808.55847    1.6558e-17    1.3567e-17    2.3194e-17
1812.08130    5.2808e-18    3.8302e-18    8.4991e-18
1815.61096    1.2030e-17    1.0281e-17    1.5912e-17
1819.14722    2.0055e-17    2.5121e-17    8.8128e-18
1822.69067    2.6363e-17    2.4914e-17    2.9577e-17
1826.24084    1.4959e-17    1.3929e-17    1.7246e-17
1829.79797    1.3330e-17    1.1586e-17    1.7199e-17
1833.36206    2.0882e-17    2.3009e-17    1.6163e-17
1836.93311    1.6260e-17    1.4956e-17    1.9154e-17
1840.51111    4.9202e-18    3.7533e-18    7.5092e-18
1844.09607    1.0622e-17    8.1227e-18    1.6168e-17
1847.68799    1.9399e-17    1.7263e-17    2.4137e-17
1851.28687    6.4342e-18    5.6532e-18    8.1669e-18
1854.89282    1.1108e-18    8.1341e-19    1.7707e-18
1858.50586    5.3070e-18    4.0894e-18    8.0086e-18
1862.12585    3.5851e-18    2.6629e-18    5.6310e-18
1865.75293    1.5151e-17    1.4961e-17    1.5572e-17
1869.38696    4.4601e-18    3.2965e-18    7.0419e-18
1873.02820    3.1954e-18    2.3618e-18    5.0452e-18
1876.67651    3.2499e-17    3.5168e-17    2.6579e-17
1880.33191    2.0255e-17    1.7590e-17    2.6166e-17
1883.99438    1.0032e-17    7.2996e-18    1.6093e-17
1887.66406    3.9929e-17    3.7051e-17    4.6315e-17
1891.34082    7.0945e-18    5.4461e-18    1.0752e-17
1895.02490    8.8519e-18    7.1400e-18    1.2650e-17
1898.71606    9.0790e-18    6.7745e-18    1.4192e-17
1902.41431    3.2200e-17    2.8282e-17    4.0893e-17
1906.11987    1.1897e-17    9.8265e-18    1.6490e-17
1909.83252    1.4830e-17    1.2706e-17    1.9542e-17
1913.55261    1.6828e-17    1.3973e-17    2.3162e-17
1917.27979    2.6038e-17    2.1110e-17    3.6970e-17
1921.01428    5.4490e-18    4.0890e-18    8.4664e-18
1924.75610    2.8121e-17    2.4640e-17    3.5846e-17
1928.50513    2.3360e-17    2.1879e-17    2.6647e-17
1932.26147    1.0846e-17    8.8696e-18    1.5231e-17
1936.02515    4.3770e-17    5.1994e-17    2.5521e-17
1939.79614    5.1465e-18    3.7360e-18    8.2761e-18
1943.57446    1.9840e-17    1.5689e-17    2.9050e-17
1947.36011    1.7434e-17    1.3473e-17    2.6222e-17
1951.15332    5.0227e-18    4.1630e-18    6.9303e-18
1954.95374    7.3782e-18    5.4114e-18    1.1742e-17
1958.76160    2.3240e-17    1.6871e-17    3.7371e-17
1962.57690    1.0903e-17    8.2265e-18    1.6842e-17
1966.39966    2.8844e-17    2.1406e-17    4.5345e-17
1970.22974    1.7919e-17    1.4812e-17    2.4812e-17
1974.06738    1.9030e-17    1.4281e-17    2.9566e-17
1977.91248    5.0214e-18    3.7265e-18    7.8945e-18
1981.76514    1.7242e-18    1.2522e-18    2.7714e-18
1985.62524    8.7098e-18    6.3580e-18    1.3928e-17
1989.49280    1.1747e-17    1.0031e-17    1.5555e-17
1993.36792    3.0041e-18    2.1871e-18    4.8168e-18
1997.25061    4.1948e-18    3.0458e-18    6.7441e-18
2001.14087    3.6421e-17    3.5479e-17    3.8511e-17
2005.03870    1.8053e-17    1.3931e-17    2.7197e-17
2008.94409    3.7254e-17    3.2382e-17    4.8064e-17
2012.85718    1.0872e-17    8.3138e-18    1.6548e-17
2016.77783    1.1209e-17    8.3408e-18    1.7571e-17
2020.70605    1.0661e-17    8.6019e-18    1.5228e-17
2024.64209    1.2443e-17    9.0317e-18    2.0010e-17
2028.58569    3.3452e-17    2.5859e-17    5.0299e-17
2032.53687    1.6963e-17    1.4323e-17    2.2820e-17
2036.49585    1.0898e-17    9.9902e-18    1.2913e-17
2040.46265    3.2400e-17    3.4399e-17    2.7964e-17
2044.43701    2.0596e-17    1.7870e-17    2.6642e-17
2048.41919    1.9573e-18    1.4281e-18    3.1312e-18
2052.40918    1.1095e-17    1.0857e-17    1.1622e-17
2056.40674    2.2446e-17    1.9400e-17    2.9203e-17
2060.41211    3.5367e-18    2.9361e-18    4.8692e-18
2064.42554    3.8594e-17    3.4434e-17    4.7826e-17
2068.44678    1.4056e-17    1.0319e-17    2.2346e-17
2072.47559    3.4958e-17    4.0049e-17    2.3663e-17
2076.51221    2.5082e-17    1.8209e-17    4.0331e-17
2080.55713    1.0156e-17    8.2222e-18    1.4448e-17
2084.60938    1.4679e-18    1.0655e-18    2.3609e-18
2088.66992    1.9501e-17    1.8771e-17    2.1122e-17
2092.73828    3.6396e-18    2.6477e-18    5.8402e-18
2096.81445    7.4802e-18    6.1240e-18    1.0489e-17
2100.89868    1.3030e-17    9.5857e-18    2.0670e-17
2104.99072    3.8200e-17    2.7765e-17    6.1353e-17
2109.09082    7.0413e-17    6.1441e-17    9.0320e-17
2113.19922    3.7286e-18    2.7427e-18    5.9162e-18
2117.31519    4.2674e-17    3.7346e-17    5.4495e-17
2121.43945    2.2478e-18    1.6655e-18    3.5397e-18
2125.57129    1.3084e-18    9.4933e-19    2.1049e-18
2129.71143    2.5361e-17    2.1115e-17    3.4783e-17
2133.85986    5.1961e-18    3.8040e-18    8.2848e-18
2138.01611    1.6918e-17    1.3559e-17    2.4369e-17
2142.18066    4.5251e-18    3.3499e-18    7.1325e-18
2146.35303    7.4017e-18    6.1871e-18    1.0096e-17
2150.53369    2.8264e-17    2.4056e-17    3.7600e-17
2154.72266    2.2163e-18    1.7019e-18    3.3577e-18
2158.91968    8.0235e-18    6.3975e-18    1.1631e-17
2163.12500    2.0209e-17    1.9296e-17    2.2234e-17
2167.33813    1.2198e-17    9.0377e-18    1.9211e-17
2171.55957    2.7237e-18    1.9794e-18    4.3748e-18
2175.78955    1.6285e-17    1.2446e-17    2.4805e-17
2180.02759    3.7231e-18    2.7774e-18    5.8214e-18
2184.27393    4.7985e-18    3.4950e-18    7.6906e-18
2188.52832    1.9154e-17    1.4717e-17    2.8997e-17
2192.79102    1.7291e-18    1.2627e-18    2.7638e-18
2197.06226    6.8366e-19    5.0275e-19    1.0851e-18
2201.34180    3.0868e-18    2.2442e-18    4.9563e-18
2205.62939    4.3684e-18    3.1893e-18    6.9843e-18
2209.92554    9.1272e-18    6.7153e-18    1.4479e-17
2214.22998    1.9239e-17    1.5925e-17    2.6590e-17
2218.54297    1.1121e-17    8.8675e-18    1.6121e-17
2222.86426    6.4876e-17    7.5540e-17    4.1215e-17
2227.19409    1.1848e-17    8.9892e-18    1.8191e-17
2231.53223    9.2079e-18    6.9687e-18    1.4176e-17
2235.87891    2.0349e-17    2.0269e-17    2.0528e-17
2240.23389    5.0688e-17    5.4198e-17    4.2900e-17
2244.59717    4.4899e-17    3.8954e-17    5.8088e-17
2248.96924    4.0451e-17    3.4768e-17    5.3059e-17
2253.34985    4.7587e-17    4.8114e-17    4.6419e-17
2257.73901    2.5701e-17    2.2092e-17    3.3708e-17
2262.13672    9.4632e-17    1.1911e-16    4.0326e-17
2266.54297    1.1867e-16    1.1912e-16    1.1768e-16
2270.95752    6.5602e-17    6.0846e-17    7.6156e-17
2275.38086    1.3616e-16    1.4808e-16    1.0972e-16
2279.81299    6.1348e-17    7.1432e-17    3.8974e-17
2284.25366    4.4119e-17    4.1815e-17    4.9230e-17
2288.70288    9.3430e-18    6.8412e-18    1.4894e-17
2293.16089    5.5093e-17    4.1949e-17    8.4256e-17
2297.62744    1.7113e-17    1.3450e-17    2.5241e-17
2302.10303    7.9310e-18    5.8719e-18    1.2499e-17
2306.58691    1.0504e-16    7.7452e-17    1.6625e-16
2311.07959    6.4503e-17    4.9996e-17    9.6688e-17
2315.58105    5.5944e-17    4.3193e-17    8.4236e-17
2320.09155    4.4638e-17    3.4781e-17    6.6509e-17
2324.61060    4.7016e-17    3.7012e-17    6.9214e-17
2329.13843    5.1739e-16    6.7474e-16    1.6827e-16
2333.67529    7.7802e-16    1.1258e-15    6.3181e-18
2338.22070    5.1824e-16    7.2316e-16    6.3581e-17
2342.77490    1.8782e-15    2.7068e-15    3.9741e-17
2347.33838    2.1488e-15    3.0631e-15    1.2027e-16
2351.91064    4.9693e-17    4.0605e-17    6.9855e-17
2356.49170    4.8754e-17    3.7780e-17    7.3103e-17
2361.08154    3.1444e-15    4.5427e-15    4.2196e-17
2365.68066    1.2073e-15    1.7056e-15    1.0180e-16
2370.28833    9.9270e-16    1.4299e-15    2.2624e-17
2374.90527    1.6416e-15    2.3629e-15    4.1123e-17
2379.53101    1.0227e-15    1.4673e-15    3.5992e-17
2384.16602    5.3995e-15    7.7838e-15    1.0920e-16
2388.80981    1.4445e-15    2.0696e-15    5.7613e-17
2393.46289    3.2126e-15    4.6168e-15    9.6956e-17
2398.12476    1.1660e-15    1.6337e-15    1.2833e-16
2402.79590    1.7753e-15    2.5465e-15    6.4210e-17
2407.47607    8.5149e-16    1.2174e-15    3.9627e-17
2412.16528    2.3733e-15    3.3984e-15    9.8856e-17
2416.86377    1.0422e-16    8.4491e-17    1.4799e-16
2421.57129    4.9207e-17    3.6120e-17    7.8243e-17
2426.28809    2.1638e-16    1.8774e-16    2.7994e-16
2431.01392    2.6365e-16    2.2166e-16    3.5681e-16
2435.74902    2.3950e-16    2.2825e-16    2.6444e-16
2440.49365    1.1087e-16    1.0750e-16    1.1835e-16
2445.24707    2.9593e-16    3.2712e-16    2.2672e-16
2450.01001    7.4885e-17    6.4836e-17    9.7180e-17
2454.78223    9.1090e-17    7.9235e-17    1.1739e-16
2459.56348    3.0190e-16    2.8178e-16    3.4655e-16
2464.35425    4.1180e-16    3.4318e-16    5.6404e-16
2469.15430    2.1103e-16    1.7224e-16    2.9709e-16
2473.96387    8.8537e-17    6.8156e-17    1.3376e-16
2478.78271    9.1264e-17    7.5454e-17    1.2634e-16
2483.61084    8.0161e-17    9.0564e-17    5.7079e-17
2488.44849    1.3693e-16    1.2266e-16    1.6859e-16
2493.29541    3.0085e-16    3.8875e-16    1.0581e-16
2498.15186    1.8672e-16    1.7177e-16    2.1990e-16
2503.01782    1.2812e-16    1.0581e-16    1.7763e-16
2507.89307    1.7440e-16    1.4569e-16    2.3809e-16
2512.77808    2.4186e-16    2.4359e-16    2.3804e-16
2517.67236    9.1939e-17    8.1078e-17    1.1604e-16
2522.57642    8.5590e-17    6.3185e-17    1.3530e-16
2527.48975    4.9195e-16    5.5791e-16    3.4559e-16
2532.41309    1.1636e-16    1.1923e-16    1.0999e-16
2537.34570    2.2636e-16    2.1415e-16    2.5345e-16
2542.28760    1.5505e-16    1.3506e-16    1.9939e-16
2547.23975    2.6811e-16    2.4414e-16    3.2130e-16
2552.20117    9.9963e-17    9.5279e-17    1.1036e-16
2557.17236    6.8611e-17    5.6732e-17    9.4966e-17
2562.15332    1.2436e-15    1.7308e-15    1.6278e-16
2567.14404    2.4838e-16    3.0675e-16    1.1887e-16
2572.14404    1.6753e-16    1.5538e-16    1.9449e-16
2577.15430    1.8897e-16    2.5123e-16    5.0818e-17
2582.17383    2.8741e-16    3.5911e-16    1.2832e-16
2587.20361    2.2568e-15    3.2306e-15    9.6176e-17
2592.24292    2.1339e-16    2.6100e-16    1.0775e-16
2597.29199    7.7300e-15    1.1148e-14    1.4669e-16
2602.35107    4.1398e-17    3.5153e-17    5.5255e-17
2607.41992    1.9351e-15    2.7530e-15    1.2041e-16
2612.49854    3.9582e-15    5.6469e-15    2.1126e-16
2617.58740    1.2295e-15    1.7553e-15    6.2891e-17
2622.68604    7.4579e-16    1.0028e-15    1.7566e-16
2627.79443    4.2891e-15    6.1141e-15    2.3999e-16
2632.91284    3.8097e-15    5.4573e-15    1.5401e-16
2638.04126    1.8089e-17    1.3790e-17    2.7628e-17
2643.17969    1.3830e-17    1.0523e-17    2.1168e-17
2648.32812    4.3473e-18    3.2926e-18    6.6874e-18
2653.48633    1.9088e-17    1.3881e-17    3.0640e-17
2658.65479    2.9498e-18    2.1528e-18    4.7182e-18
2663.83350    3.4779e-17    2.8332e-17    4.9084e-17
2669.02197    6.8070e-17    5.4297e-17    9.8630e-17
2674.22070    8.3896e-19    6.0853e-19    1.3502e-18
2679.42969    4.4484e-17    3.4405e-17    6.6846e-17
2684.64868    4.3766e-17    3.2177e-17    6.9479e-17
2689.87793    2.6371e-18    1.9253e-18    4.2165e-18
2695.11719    1.6336e-16    2.0131e-16    7.9168e-17
2700.36670    6.8384e-18    4.9626e-18    1.1000e-17
2705.62646    6.1654e-17    4.7393e-17    9.3297e-17
2710.89648    1.3526e-16    1.6072e-16    7.8756e-17
2716.17676    1.0998e-15    1.5386e-15    1.2613e-16
2721.46729    4.1258e-17    3.0639e-17    6.4820e-17
2726.76831    8.1011e-16    1.1554e-15    4.3925e-17
2732.07959    4.8270e-16    6.2020e-16    1.7763e-16
2737.40112    1.1842e-15    1.6934e-15    5.4498e-17
2742.73291    3.7719e-16    5.3308e-16    3.1319e-17
2748.07520    1.9865e-15    2.8193e-15    1.3865e-16
2753.42798    2.0959e-15    2.9713e-15    1.5370e-16
2758.79102    4.4143e-17    3.4842e-17    6.4778e-17
2764.16479    3.8986e-16    5.3418e-16    6.9662e-17
2769.54883    6.9480e-16    9.5808e-16    1.1066e-16
2774.94336    9.2586e-16    1.3021e-15    9.1128e-17
2780.34863    1.2947e-17    9.6039e-18    2.0363e-17
2785.76416    5.4877e-17    3.9833e-17    8.8254e-17
2791.18994    7.6415e-18    5.5490e-18    1.2284e-17
2796.62695    1.6989e-17    1.2887e-17    2.6090e-17
2802.07422    2.5491e-17    1.9076e-17    3.9725e-17
2807.53198    9.2475e-18    6.7195e-18    1.4857e-17
2813.00049    3.0740e-18    2.2440e-18    4.9157e-18
2818.47949    1.6513e-17    1.1988e-17    2.6552e-17
2823.96948    3.9227e-17    3.0162e-17    5.9341e-17
2829.47021    2.0395e-16    2.1396e-16    1.8173e-16
2834.98145    1.4787e-16    1.5144e-16    1.3995e-16
2840.50342    6.9611e-17    5.1710e-17    1.0933e-16
2846.03613    4.5770e-17    3.3572e-17    7.2835e-17
2851.57959    2.1121e-17    1.5468e-17    3.3663e-17
2857.13379    2.8939e-17    2.1026e-17    4.6497e-17
2862.69922    1.5143e-17    1.1043e-17    2.4240e-17
2868.27490    2.1454e-17    1.5945e-17    3.3676e-17
2873.86182    9.6435e-18    7.0933e-18    1.5302e-17
2879.45947    2.3815e-17    2.0025e-17    3.2225e-17
2885.06836    1.0433e-16    9.7425e-17    1.1963e-16
2890.68774    7.3851e-17    6.5337e-17    9.2741e-17
2896.31860    1.0087e-17    7.3743e-18    1.6105e-17
2901.95972    4.2200e-18    3.0925e-18    6.7216e-18
2907.61230    6.3926e-18    4.6988e-18    1.0151e-17
2913.27563    1.4356e-18    1.0416e-18    2.3099e-18
2918.95020    1.3291e-17    9.9483e-18    2.0707e-17
2924.63574    1.4043e-16    1.3543e-16    1.5152e-16
2930.33228    4.0130e-19    2.9109e-19    6.4582e-19
2936.04004    6.4799e-19    4.7010e-19    1.0427e-18
2941.75903    1.1984e-16    1.4427e-16    6.5641e-17
2947.48877    1.0208e-16    1.0928e-16    8.6089e-17
2953.22998    8.0464e-17    7.5275e-17    9.1978e-17
2958.98242    1.6077e-17    1.1925e-17    2.5288e-17
2964.74585    1.2425e-16    1.3402e-16    1.0258e-16
2970.52075    6.9505e-17    5.8092e-17    9.4827e-17
2976.30664    1.1057e-17    8.2162e-18    1.7359e-17
2982.10376    4.3903e-16    5.8958e-16    1.0498e-16
2987.91187    1.3510e-16    1.6995e-16    5.7778e-17
2993.73218    8.8987e-19    6.4550e-19    1.4321e-18
2999.56348    1.4910e-17    1.1127e-17    2.3304e-17
3005.40601    1.7430e-16    2.2106e-16    7.0543e-17
3011.25977    3.2833e-18    2.3827e-18    5.2814e-18
3017.12500    2.6211e-18    1.9045e-18    4.2108e-18
3023.00195    9.1075e-19    6.6068e-19    1.4656e-18
3028.89014    8.8564e-19    6.4243e-19    1.4253e-18
3034.79004    1.9680e-18    1.4275e-18    3.1671e-18
3040.70117    8.4104e-19    6.1012e-19    1.3534e-18
3046.62402    1.0412e-17    7.6494e-18    1.6541e-17
3052.55811    1.3548e-18    9.8276e-19    2.1804e-18
3058.50391    2.2131e-19    1.6057e-19    3.5607e-19
3064.46143    6.7463e-18    4.9133e-18    1.0813e-17
3070.43018    4.2150e-18    3.0587e-18    6.7807e-18
3076.41064    1.1872e-17    8.6236e-18    1.9078e-17
3082.40332    8.3156e-19    6.0343e-19    1.3377e-18
3088.40698    3.7081e-19    2.6904e-19    5.9660e-19
3094.42261    1.0126e-17    7.4247e-18    1.6118e-17
3100.44971    3.0516e-19    2.2143e-19    4.9094e-19
3106.48901    6.9375e-19    5.0326e-19    1.1164e-18
3112.53979    2.8470e-19    2.0652e-19    4.5815e-19
3118.60229    3.6879e-19    2.6753e-19    5.9347e-19
3124.67676    1.4076e-19    1.0210e-19    2.2653e-19
3130.76318    4.8625e-19    3.5280e-19    7.8234e-19
3136.86133    2.2995e-19    1.6680e-19    3.7006e-19
3142.97119    1.3851e-17    1.0750e-17    2.0729e-17
3149.09302    1.0006e-18    7.2668e-19    1.6085e-18
3155.22681    2.8855e-19    2.0937e-19    4.6422e-19
3161.37256    1.1975e-16    1.1380e-16    1.3295e-16
3167.53027    6.6803e-17    5.9034e-17    8.4040e-17
3173.70020    5.3645e-20    3.8912e-20    8.6335e-20
3179.88184    1.1623e-17    8.4608e-18    1.8638e-17
3186.07568    1.5177e-16    1.4356e-16    1.6998e-16
3192.28149    1.6130e-16    1.6877e-16    1.4474e-16
3198.49951    1.7915e-16    2.0458e-16    1.2274e-16
3204.72949    8.8056e-19    6.3924e-19    1.4160e-18
3210.97168    1.2779e-16    1.2508e-16    1.3380e-16
3217.22607    4.8033e-20    3.4841e-20    7.7302e-20
3223.49268    2.8552e-19    2.0710e-19    4.5952e-19
3229.77148    9.0904e-17    8.7713e-17    9.7983e-17
3236.06226    3.9853e-18    2.9665e-18    6.2456e-18
3242.36572    5.9302e-18    4.3270e-18    9.4875e-18
3248.68115    7.6872e-18    5.6305e-18    1.2250e-17
3255.00879    5.5454e-17    4.2561e-17    8.4060e-17
3261.34912    1.3122e-17    9.6443e-18    2.0839e-17
3267.70093    3.5122e-18    2.5591e-18    5.6270e-18
3274.06616    8.4949e-20    6.1619e-20    1.3671e-19
3280.44336    1.2425e-16    9.6918e-17    1.8491e-16
3286.83301    1.7284e-17    1.3024e-17    2.6734e-17
3293.23535    1.2560e-17    9.2725e-18    1.9854e-17
3299.64990    5.4563e-18    4.5182e-18    7.5375e-18
3306.07690    1.1776e-17    8.6128e-18    1.8793e-17
3312.51660    1.3995e-17    1.0434e-17    2.1897e-17
3318.96875    1.5165e-18    1.1000e-18    2.4406e-18
3325.43359    1.2453e-18    9.0463e-19    2.0013e-18
3331.91064    1.9864e-19    1.4408e-19    3.1968e-19
3338.40063    1.1397e-18    8.2728e-19    1.8328e-18
3344.90332    9.9526e-20    7.2192e-20    1.6017e-19
3351.41846    2.2252e-20    1.6141e-20    3.5812e-20
3357.94629    4.8836e-18    3.5458e-18    7.8519e-18
3364.48682    1.6758e-18    1.2166e-18    2.6946e-18
3371.04004    3.7034e-18    2.6862e-18    5.9603e-18
3377.60645    3.8969e-19    2.8271e-19    6.2705e-19
3384.18481    1.7962e-18    1.3036e-18    2.8891e-18
3390.77686    1.1897e-18    8.6300e-19    1.9146e-18
3397.38159    2.1774e-19    1.5794e-19    3.5043e-19
3403.99902    4.0826e-19    2.9614e-19    6.5704e-19
3410.62915    3.7672e-19    2.7359e-19    6.0554e-19
3417.27271    2.2194e-18    1.6138e-18    3.5631e-18
3423.92847    2.5521e-19    1.8512e-19    4.1073e-19
3430.59766    8.4233e-19    6.1109e-19    1.3554e-18
3437.27979    2.7637e-18    2.0168e-18    4.4208e-18
3443.97534    3.4315e-19    2.4892e-19    5.5221e-19
3450.68359    4.5509e-18    3.3114e-18    7.3011e-18
3457.40479    1.6101e-18    1.1691e-18    2.5886e-18
3464.13916    3.8869e-19    2.8210e-19    6.2518e-19
3470.88647    1.1627e-18    8.4364e-19    1.8707e-18
3477.64697    2.9163e-18    2.1275e-18    4.6663e-18
3484.42090    2.1650e-18    1.5708e-18    3.4834e-18
3491.20776    7.2622e-19    5.2740e-19    1.1674e-18
3498.00781    1.0959e-18    7.9580e-19    1.7617e-18
3504.82129    6.9455e-19    5.0394e-19    1.1175e-18
3511.64771    8.0096e-20    5.8098e-20    1.2890e-19
3518.48804    1.0122e-18    7.3443e-19    1.6286e-18
3525.34131    1.3961e-18    1.0126e-18    2.2468e-18
3532.20776    4.6742e-19    3.3900e-19    7.5234e-19
3539.08813    3.0267e-19    2.1955e-19    4.8708e-19
3545.98145    7.5914e-20    5.5065e-20    1.2217e-19
3552.88818    4.0371e-19    2.9306e-19    6.4921e-19
3559.80884    1.1648e-19    8.4492e-20    1.8746e-19
3566.74292    2.0228e-19    1.4685e-19    3.2528e-19
3573.68994    3.2855e-19    2.3915e-19    5.2689e-19
3580.65112    1.0191e-20    7.3919e-21    1.6400e-20
3587.62500    2.6249e-19    1.9041e-19    4.2240e-19
3594.61304    1.9389e-20    1.4064e-20    3.1204e-20
3601.61499    2.1750e-19    1.5777e-19    3.5004e-19
3608.63013    2.5857e-20    1.8756e-20    4.1614e-20
3615.65894    2.6765e-19    1.9415e-19    4.3075e-19
3622.70166    9.0566e-19    6.5766e-19    1.4559e-18
3629.75806    2.5254e-19    1.8413e-19    4.0431e-19
3636.82837    1.1003e-19    7.9819e-20    1.7706e-19
3643.91138    1.0512e-18    7.6429e-19    1.6876e-18
3651.00928    1.6593e-20    1.2036e-20    2.6703e-20
3658.12085    4.0027e-18    2.9386e-18    6.3638e-18
3665.24609    1.6852e-20    1.2224e-20    2.7121e-20
3672.38525    2.0245e-20    1.4685e-20    3.2581e-20
3679.53857    3.6399e-20    2.6510e-20    5.8339e-20
3686.70557    8.4412e-20    6.0881e-20    1.3662e-19
3693.88647    2.8833e-20    2.0914e-20    4.6401e-20
3701.08154    1.4755e-19    1.0702e-19    2.3746e-19
3708.29053    1.1324e-19    8.2137e-20    1.8224e-19
3715.51343    2.3464e-20    1.7321e-20    3.7095e-20
3722.75049    5.5554e-20    4.0298e-20    8.9403e-20
3730.00171    9.1538e-20    6.6400e-20    1.4731e-19
3737.26709    7.3993e-21    5.3671e-21    1.1908e-20
3744.54639    5.1578e-20    3.7413e-20    8.3005e-20
3751.84009    4.5859e-19    3.3285e-19    7.3758e-19
3759.14795    3.1429e-19    2.2802e-19    5.0570e-19
3766.47021    1.5521e-18    1.1317e-18    2.4849e-18
3773.80664    1.2966e-20    9.4583e-21    2.0749e-20
3781.15723    6.6772e-19    4.8503e-19    1.0731e-18
3788.52197    6.9642e-20    5.0516e-20    1.1207e-19
3795.90137    6.2592e-20    4.5389e-20    1.0076e-19
3803.29492    2.5609e-20    1.8575e-20    4.1215e-20
3810.70312    1.0532e-19    7.6396e-20    1.6950e-19
3818.12549    1.2041e-20    8.7336e-21    1.9378e-20
3825.56250    3.3061e-18    2.4178e-18    5.2772e-18
3833.01416    3.0131e-20    2.1876e-20    4.8446e-20
3840.47998    1.3192e-20    9.5630e-21    2.1244e-20
3847.96045    8.5741e-20    6.2197e-20    1.3798e-19
3855.45557    1.3395e-20    9.7159e-21    2.1557e-20
3862.96533    1.3304e-20    9.6500e-21    2.1411e-20
3870.48950    8.4419e-19    6.1401e-19    1.3549e-18
3878.02832    3.0646e-20    2.2259e-20    4.9257e-20
3885.58203    2.9370e-20    2.1300e-20    4.7274e-20
3893.15039    5.8463e-20    4.2410e-20    9.4081e-20
3900.73340    4.6178e-20    3.3495e-20    7.4316e-20
3908.33154    6.6193e-19    4.8021e-19    1.0651e-18
3915.94409    7.1691e-19    5.2022e-19    1.1533e-18
3923.57153    4.4570e-20    3.2329e-20    7.1729e-20
3931.21387    1.0201e-18    7.4046e-19    1.6405e-18
3938.87109    5.7157e-18    4.1585e-18    9.1706e-18
3946.54346    1.1607e-18    8.4253e-19    1.8665e-18
3954.23047    5.2605e-20    3.8158e-20    8.4661e-20
3961.93262    2.6816e-19    1.9443e-19    4.3176e-19
3969.64941    2.5009e-18    1.8167e-18    4.0190e-18
3977.38159    1.5533e-18    1.1305e-18    2.4913e-18
3985.12866    2.9558e-19    2.1444e-19    4.7562e-19
3992.89111    1.3709e-19    9.9440e-20    2.2061e-19
4000.66846    9.0376e-19    6.5678e-19    1.4517e-18
4008.46094    6.5677e-20    4.7639e-20    1.0570e-19
4016.26880    5.4155e-20    3.9282e-20    8.7155e-20
4024.09155    1.8379e-19    1.3334e-19    2.9572e-19
4031.92969    1.5390e-20    1.1183e-20    2.4726e-20
4039.78320    1.6027e-20    1.1625e-20    2.5793e-20
4047.65186    5.5834e-21    4.0503e-21    8.9851e-21
4055.53589    2.0664e-20    1.4989e-20    3.3255e-20
4063.43506    3.0257e-19    2.1947e-19    4.8695e-19
4071.35010    1.5114e-19    1.0963e-19    2.4324e-19
4079.28027    8.3229e-19    6.0371e-19    1.3395e-18
4087.22607    6.4257e-20    4.6611e-20    1.0341e-19
4095.18701    4.2826e-20    3.1064e-20    6.8922e-20
4103.16357    3.2322e-20    2.3432e-20    5.2047e-20
4111.15576    1.2102e-19    8.7781e-20    1.9476e-19
4119.16357    3.4001e-19    2.4676e-19    5.4689e-19
4127.18652    4.5684e-19    3.3168e-19    7.3453e-19
4135.22559    1.1511e-19    8.3504e-20    1.8524e-19
4143.28027    2.2513e-19    1.6326e-19    3.6241e-19
4151.35059    5.0985e-20    3.6982e-20    8.2053e-20
4159.43652    5.8885e-20    4.2713e-20    9.4766e-20
4167.53857    2.2960e-20    1.6654e-20    3.6952e-20
4175.65625    6.6061e-18    4.8326e-18    1.0541e-17
4183.78906    7.6811e-20    5.5716e-20    1.2361e-19
4191.93848    1.3047e-20    9.4640e-21    2.0998e-20
4200.10352    3.2831e-20    2.3814e-20    5.2836e-20
4208.28418    1.3050e-19    9.4669e-20    2.0999e-19
4216.48145    1.9819e-20    1.4376e-20    3.1896e-20
4224.69434    6.9291e-20    5.0266e-20    1.1150e-19
4232.92334    2.5830e-17    1.9549e-17    3.9767e-17
4241.16846    1.6341e-18    1.1854e-18    2.6296e-18
4249.42920    1.6751e-19    1.2150e-19    2.6958e-19
4257.70605    2.9930e-19    2.1715e-19    4.8156e-19
4265.99902    1.0569e-20    7.6640e-21    1.7015e-20
4274.30859    1.3173e-18    9.5607e-19    2.1186e-18
4282.63428    2.0025e-20    1.4525e-20    3.2227e-20
4290.97607    1.4067e-18    1.0204e-18    2.2637e-18
4299.33398    4.6179e-18    3.3773e-18    7.3706e-18
4307.70801    2.6855e-19    1.9480e-19    4.3219e-19
4316.09863    1.0868e-18    7.8872e-19    1.7481e-18
4324.50586    6.2573e-20    4.5389e-20    1.0070e-19
4332.92920    3.0750e-18    2.2491e-18    4.9072e-18
4341.36914    1.1696e-18    8.4858e-19    1.8818e-18
4349.82520    8.9406e-18    6.5996e-18    1.4135e-17
4358.29785    1.4957e-18    1.0850e-18    2.4070e-18
4366.78662    1.5424e-19    1.1191e-19    2.4818e-19
4375.29199    1.3405e-17    9.9439e-18    2.1085e-17
4383.81445    3.6889e-18    2.6894e-18    5.9065e-18
4392.35352    1.3466e-20    9.7676e-21    2.1672e-20
4400.90869    1.6144e-18    1.1745e-18    2.5903e-18
4409.48047    8.7169e-18    6.3747e-18    1.3913e-17
4418.06934    3.4132e-18    2.4899e-18    5.4615e-18
4426.67480    1.5798e-20    1.1459e-20    2.5425e-20
4435.29736    5.0264e-19    3.6472e-19    8.0863e-19
4443.93652    4.0764e-20    2.9569e-20    6.5604e-20
4452.59277    5.2574e-19    3.8136e-19    8.4608e-19
4461.26562    1.7554e-19    1.2733e-19    2.8250e-19
4469.95508    1.3045e-18    9.4793e-19    2.0957e-18
4478.66162    2.2865e-19    1.6586e-19    3.6798e-19
4487.38477    3.5436e-18    2.5802e-18    5.6812e-18
4496.12549    3.5033e-20    2.5412e-20    5.6381e-20
4504.88281    4.3387e-18    3.1835e-18    6.9019e-18
4513.65771    1.1042e-18    8.0218e-19    1.7743e-18
4522.44922    1.0364e-17    7.6067e-18    1.6483e-17
4531.25830    3.9251e-19    2.8486e-19    6.3136e-19
4540.08447    2.7806e-18    2.0323e-18    4.4408e-18
4548.92773    9.0022e-18    6.6501e-18    1.4221e-17
4557.78809    2.1378e-18    1.5546e-18    3.4319e-18
4566.66602    5.1601e-21    3.7429e-21    8.3045e-21
4575.56055    4.8683e-18    3.5695e-18    7.7499e-18
4584.47314    1.4452e-17    1.0692e-17    2.2792e-17
4593.40283    5.0232e-19    3.6475e-19    8.0754e-19
4602.34961    2.4110e-20    1.7488e-20    3.8801e-20
4611.31445    5.7434e-21    4.1660e-21    9.2432e-21
4620.29590    5.1138e-18    3.7442e-18    8.1524e-18
4629.29590    8.3551e-18    6.1009e-18    1.3357e-17
4638.31250    9.7362e-20    7.0622e-20    1.5669e-19
4647.34668    6.0232e-19    4.3730e-19    9.6844e-19
4656.39941    2.3324e-20    1.6919e-20    3.7536e-20
4665.46875    1.5323e-18    1.1127e-18    2.4635e-18
4674.55664    8.5567e-20    6.2070e-20    1.3770e-19
4683.66113    5.1613e-20    3.7438e-20    8.3064e-20
4692.78418    4.3007e-21    3.1195e-21    6.9213e-21
4701.92480    1.2322e-20    8.9382e-21    1.9831e-20
4711.08301    6.1694e-21    4.4601e-21    9.9618e-21
4720.25977    4.3357e-20    3.1449e-20    6.9776e-20
4729.45361    2.7131e-19    1.9681e-19    4.3660e-19
4738.66602    2.8691e-20    2.0812e-20    4.6173e-20
4747.89551    2.8324e-20    2.0545e-20    4.5583e-20
4757.14355    8.9282e-21    6.4761e-21    1.4369e-20
4766.41016    2.3337e-21    1.6928e-21    3.7558e-21
4775.69385    2.1339e-19    1.5478e-19    3.4342e-19
4784.99609    4.0512e-22    2.9385e-22    6.5198e-22
4794.31641    2.6570e-20    1.9273e-20    4.2760e-20
4803.65430    3.2146e-21    2.3318e-21    5.1735e-21
4813.01074    3.4225e-19    2.4825e-19    5.5079e-19
4822.38574    3.4784e-19    2.5231e-19    5.5979e-19
4831.77930    1.6085e-19    1.1668e-19    2.5887e-19
4841.19043    1.5362e-19    1.1144e-19    2.4722e-19
4850.62012    4.6613e-20    3.3811e-20    7.5016e-20
4860.06836    1.7469e-20    1.2692e-20    2.8069e-20
4869.53467    2.1574e-19    1.5649e-19    3.4719e-19
4879.01953    1.9912e-19    1.4444e-19    3.2046e-19
4888.52295    2.4890e-19    1.8055e-19    4.0057e-19
4898.04492    8.5175e-20    6.1783e-20    1.3708e-19
4907.58545    2.9375e-19    2.1308e-19    4.7275e-19
4917.14453    5.3871e-21    3.9076e-21    8.6698e-21
4926.72168    3.5028e-17    2.6151e-17    5.4724e-17
4936.31836    2.1317e-20    1.5462e-20    3.4306e-20
4945.93311    3.7900e-19    2.7491e-19    6.0993e-19
4955.56689    2.9272e-19    2.1233e-19    4.7109e-19
4965.21973    4.1701e-21    3.0248e-21    6.7112e-21
4974.89062    3.0591e-19    2.2189e-19    4.9231e-19
4984.58105    1.4226e-20    1.0319e-20    2.2894e-20
4994.29004    1.1074e-19    8.0332e-20    1.7822e-19
5004.01758    3.6084e-19    2.6174e-19    5.8072e-19
5013.76465    4.7013e-17    3.5880e-17    7.1715e-17
5023.53027    1.5538e-19    1.1271e-19    2.5007e-19
5033.31543    4.9011e-21    3.5550e-21    7.8876e-21
5043.11914    1.9363e-19    1.4045e-19    3.1163e-19
5052.94238    2.5627e-19    1.8589e-19    4.1242e-19
5062.78418    1.1613e-19    8.4233e-20    1.8689e-19
5072.64551    6.7731e-19    4.9130e-19    1.0900e-18
5082.52637    8.9870e-21    6.5188e-21    1.4463e-20
5092.42578    7.8524e-21    5.6958e-21    1.2637e-20
5102.34473    1.0864e-19    7.8804e-20    1.7483e-19
5112.28320    4.9193e-19    3.5683e-19    7.9169e-19
5122.24121    5.3816e-20    3.9036e-20    8.6609e-20
5132.21777    1.2731e-19    9.2346e-20    2.0488e-19
5142.21484    7.3170e-20    5.3076e-20    1.1775e-19
5152.23047    8.7404e-20    6.3400e-20    1.4066e-19
5162.26660    2.6483e-18    1.9211e-18    4.2616e-18
5172.32129    5.9301e-17    4.5824e-17    8.9201e-17
5182.39648    3.3812e-19    2.4526e-19    5.4415e-19
5192.49023    3.4868e-20    2.5323e-20    5.6046e-20
5202.60449    5.7064e-18    4.1691e-18    9.1172e-18
5212.73779    6.5122e-21    4.7237e-21    1.0480e-20
5222.89160    8.7764e-20    6.3660e-20    1.4124e-19
5233.06445    7.8713e-18    5.7605e-18    1.2555e-17
5243.25781    2.4490e-20    1.7764e-20    3.9413e-20
5253.47021    9.9129e-19    7.1957e-19    1.5942e-18
5263.70312    1.4935e-18    1.0834e-18    2.4033e-18
5273.95557    1.4090e-17    1.0321e-17    2.2453e-17
5284.22852    1.5665e-17    1.1461e-17    2.4991e-17
5294.52100    9.2748e-20    6.7275e-20    1.4926e-19
5304.83398    1.2779e-20    9.2694e-21    2.0566e-20
5315.16650    3.0894e-17    2.2751e-17    4.8962e-17
5325.51953    1.2089e-18    8.7776e-19    1.9437e-18
5335.89258    5.9739e-19    4.3333e-19    9.6139e-19
5346.28564    8.1954e-20    5.9446e-20    1.3189e-19
5356.69922    1.7462e-20    1.2666e-20    2.8102e-20
5367.13281    7.9072e-19    5.7413e-19    1.2713e-18
5377.58691    5.7423e-19    4.1653e-19    9.2412e-19
5388.06152    2.7720e-20    2.0107e-20    4.4611e-20
5398.55664    8.5268e-21    6.1850e-21    1.3723e-20
5409.07178    1.3241e-19    9.6046e-20    2.1308e-19
5419.60742    1.1406e-20    8.2738e-21    1.8357e-20
5430.16406    1.6373e-18    1.1884e-18    2.6333e-18
5440.74121    2.7038e-20    1.9612e-20    4.3513e-20
5451.33887    3.2528e-20    2.3595e-20    5.2350e-20
5461.95703    7.0033e-21    5.0799e-21    1.1271e-20
5472.59570    4.6060e-20    3.3410e-20    7.4126e-20
5483.25488    1.0951e-20    7.9434e-21    1.7624e-20
5493.93555    1.0270e-19    7.4492e-20    1.6528e-19
5504.63672    2.5272e-20    1.8331e-20    4.0672e-20
5515.35840    2.9670e-20    2.1522e-20    4.7750e-20
5526.10156    1.7460e-19    1.2665e-19    2.8100e-19
5536.86523    1.1930e-19    8.6536e-20    1.9198e-19
5547.64941    6.5354e-20    4.7405e-20    1.0518e-19
5558.45557    4.6170e-20    3.3490e-20    7.4305e-20
5569.28271    3.4192e-20    2.4801e-20    5.5027e-20
5580.12988    2.0795e-20    1.5084e-20    3.3466e-20
5590.99902    3.1602e-20    2.2922e-20    5.0858e-20
5601.88965    4.4197e-21    3.2058e-21    7.1128e-21
5612.80078    2.1412e-20    1.5531e-20    3.4460e-20
5623.73340    1.0909e-19    7.9130e-20    1.7556e-19
5634.68750    6.5207e-21    4.7298e-21    1.0494e-20
5645.66211    2.1973e-20    1.5938e-20    3.5363e-20
5656.65918    8.3285e-20    6.0413e-20    1.3403e-19
5667.67676    1.3927e-19    1.0102e-19    2.2414e-19
5678.71680    3.5466e-20    2.5726e-20    5.7078e-20
5689.77734    1.6906e-19    1.2263e-19    2.7208e-19
5700.86035    8.8287e-21    6.4039e-21    1.4208e-20
5711.96484    1.4155e-20    1.0267e-20    2.2781e-20
5723.09033    3.8151e-20    2.7673e-20    6.1399e-20
5734.23779    4.8221e-20    3.4978e-20    7.7605e-20
5745.40723    4.8586e-20    3.5242e-20    7.8193e-20
5756.59766    1.1547e-20    8.3753e-21    1.8583e-20
5767.81104    6.3429e-21    4.6009e-21    1.0208e-20
5779.04492    2.6027e-20    1.8879e-20    4.1887e-20
5790.30176    7.2480e-21    5.2574e-21    1.1665e-20
5801.58008    3.2586e-20    2.3636e-20    5.2442e-20
5812.88037    4.7521e-20    3.4471e-20    7.6478e-20
5824.20264    7.1931e-21    5.2175e-21    1.1576e-20
5835.54688    6.2108e-20    4.5051e-20    9.9954e-20
5846.91357    6.0403e-20    4.3814e-20    9.7210e-20
5858.30225    4.3168e-20    3.1312e-20    6.9472e-20
5869.71289    4.5253e-20    3.2823e-20    7.2831e-20
5881.14600    1.2897e-20    9.3543e-21    2.0756e-20
5892.60156    8.2627e-21    7.0703e-21    1.0908e-20
5904.07910    2.0012e-20    1.4516e-20    3.2207e-20
5915.57910    5.3466e-19    3.8782e-19    8.6046e-19
5927.10156    4.6325e-20    3.3602e-20    7.4554e-20
5938.64648    4.0974e-21    2.9720e-21    6.5941e-21
5950.21387    5.0410e-20    3.6566e-20    8.1124e-20
5961.80371    2.5713e-20    1.8651e-20    4.1382e-20
5973.41602    2.2799e-20    1.6537e-20    3.6691e-20
5985.05127    2.3106e-20    1.6760e-20    3.7186e-20
5996.70850    2.9153e-19    2.1148e-19    4.6914e-19
6008.38867    1.1503e-20    8.3439e-21    1.8513e-20
6020.09229    3.7064e-20    2.6884e-20    5.9648e-20
6031.81836    1.1946e-20    8.6651e-21    1.9225e-20
6043.56738    9.0391e-20    6.5566e-20    1.4547e-19
6055.33887    1.4725e-19    1.0681e-19    2.3698e-19
6067.13428    2.0153e-20    1.4618e-20    3.2433e-20
6078.95117    4.3397e-19    3.1479e-19    6.9842e-19
6090.79150    1.0973e-20    7.9595e-21    1.7660e-20
6102.65527    1.9222e-20    1.3943e-20    3.0933e-20
6114.54199    7.9604e-20    5.7742e-20    1.2811e-19
6126.45215    3.1790e-20    2.3059e-20    5.1160e-20
6138.38525    1.0092e-20    7.3202e-21    1.6241e-20
6150.34131    7.6811e-19    5.5749e-19    1.2354e-18
6162.32178    2.8260e-20    2.0504e-20    4.5470e-20
6174.32422    7.8676e-19    5.7068e-19    1.2662e-18
6186.35059    2.5250e-19    1.8315e-19    4.0636e-19
6198.40088    1.2419e-19    9.0080e-20    1.9986e-19
6210.47314    1.5451e-21    1.1208e-21    2.4867e-21
6222.57031    1.8391e-20    1.3340e-20    2.9598e-20
6234.69043    9.5259e-19    6.9125e-19    1.5324e-18
6246.83496    1.2677e-18    9.2069e-19    2.0375e-18
6259.00195    8.0660e-20    5.8507e-20    1.2981e-19
6271.19385    6.2995e-21    4.5694e-21    1.0138e-20
6283.40869    1.8329e-20    1.3295e-20    2.9498e-20
6295.64795    9.8373e-21    7.1357e-21    1.5831e-20
6307.91016    4.5526e-20    3.3024e-20    7.3263e-20
6320.19678    3.2882e-18    2.3851e-18    5.2919e-18
6332.50781    7.3719e-20    5.3473e-20    1.1864e-19
6344.84180    2.1445e-19    1.5556e-19    3.4511e-19
6357.20020    1.1833e-20    8.5829e-21    1.9043e-20
6369.58252    6.4253e-19    4.6623e-19    1.0337e-18
6381.98926    2.0579e-18    1.4927e-18    3.3119e-18
6394.42041    1.6484e-20    1.1956e-20    2.6528e-20
6406.87549    7.6262e-20    5.5319e-20    1.2273e-19
6419.35449    4.2833e-19    3.1085e-19    6.8898e-19
6431.85840    7.1575e-19    5.1921e-19    1.1518e-18
6444.38672    2.0712e-19    1.5023e-19    3.3332e-19
6456.93896    2.3492e-18    1.7079e-18    3.7723e-18
6469.51514    9.1273e-20    6.6206e-20    1.4689e-19
6482.11719    1.4630e-19    1.0612e-19    2.3545e-19
6494.74268    1.2227e-18    8.8690e-19    1.9678e-18
6507.39355    4.2974e-19    3.1172e-19    6.9161e-19
6520.06836    1.6590e-18    1.2035e-18    2.6695e-18
6532.76855    5.2430e-19    3.8030e-19    8.4379e-19
6545.49316    2.2658e-21    1.6435e-21    3.6465e-21
6558.24268    3.6450e-19    3.4533e-19    4.0705e-19
6571.01611    1.9812e-19    1.4371e-19    3.1884e-19
6583.81543    5.0439e-19    3.6586e-19    8.1174e-19
6596.63965    3.5305e-20    2.5609e-20    5.6818e-20
6609.48828    1.2583e-19    9.1272e-20    2.0251e-19
6622.36230    5.1720e-19    3.7516e-19    8.3237e-19
6635.26172    1.3255e-21    9.6144e-22    2.1332e-21
6648.18506    4.0668e-19    2.9498e-19    6.5449e-19
6661.13525    2.4195e-19    1.7550e-19    3.8938e-19
6674.10986    6.0937e-21    4.4201e-21    9.8070e-21
6687.10938    7.4282e-20    5.3881e-20    1.1955e-19
6700.13428    1.9783e-20    1.4350e-20    3.1838e-20
6713.18506    1.6818e-21    1.2199e-21    2.7066e-21
6726.26123    1.8955e-19    1.3749e-19    3.0505e-19
6739.36279    5.7471e-22    4.1687e-22    9.2492e-22
6752.48926    9.8055e-21    7.1125e-21    1.5781e-20
6765.64258    8.2443e-20    5.9800e-20    1.3268e-19
6778.82031    2.5552e-20    1.8534e-20    4.1122e-20
6792.02441    3.3777e-21    2.4500e-21    5.4360e-21
6805.25439    1.6434e-20    1.1920e-20    2.6448e-20
6818.50928    5.6836e-20    4.1226e-20    9.1469e-20
6831.78955    7.2243e-21    5.2402e-21    1.1626e-20
6845.09717    6.5719e-21    4.7670e-21    1.0577e-20
6858.43018    9.2621e-19    6.7183e-19    1.4906e-18
6871.78906    1.4309e-19    1.0379e-19    2.3028e-19
6885.17432    1.8693e-21    1.3559e-21    3.0084e-21
6898.58447    8.1357e-21    5.9013e-21    1.3093e-20
6912.02246    1.4655e-20    1.0630e-20    2.3585e-20
6925.48486    2.6667e-19    1.9343e-19    4.2917e-19
6938.97412    1.4955e-20    1.0848e-20    2.4068e-20
6952.49023    2.2184e-20    1.6091e-20    3.5702e-20
6966.03271    5.0914e-21    3.6931e-21    8.1939e-21
6979.60059    1.8822e-20    1.3653e-20    3.0291e-20
6993.19629    1.1136e-19    8.0779e-20    1.7923e-19
