1000.97394    1.4640e-17    2.0644e-17    5.5027e-19
1002.92358    2.9441e-18    4.1380e-18    1.4233e-19
1004.87708    4.2364e-18    5.9154e-18    2.9595e-19
1006.83441    3.6485e-18    5.1711e-18    7.5305e-20
1008.79553    5.1872e-18    7.2887e-18    2.5532e-19
1010.76050    7.7761e-20    1.0427e-19    1.5548e-20
1012.72925    1.8938e-18    2.6824e-18    4.3020e-20
1014.70178    4.4872e-18    6.3798e-18    4.5643e-20
1016.67822    4.4292e-18    6.2709e-18    1.0698e-19
1018.65857    2.3271e-18    3.2898e-18    6.7919e-20
1020.64270    3.6079e-18    5.1195e-18    6.0455e-20
1022.63074    2.4060e-18    3.4197e-18    2.6827e-20
1024.62256    1.3776e-19    1.9414e-19    5.4565e-21
1026.61841    4.0959e-20    5.5174e-20    7.5982e-21
1028.61792    1.4566e-18    2.0719e-18    1.2577e-20
1030.62158    1.9512e-17    2.7722e-17    2.4551e-19
1032.62891    2.6265e-17    3.7394e-17    1.4836e-19
1034.64038    8.9149e-18    1.2584e-17    3.0351e-19
1036.65564    1.9915e-18    2.8255e-18    3.4316e-20
1038.67480    4.9884e-19    7.0589e-19    1.2944e-20
1040.69800    1.8445e-19    2.6159e-19    3.4220e-21
1042.72510    5.0870e-18    7.1579e-18    2.2694e-19
1044.75610    5.9576e-18    8.3068e-18    4.4469e-19
1046.79102    4.3251e-18    6.0310e-18    3.2172e-19
1048.83008    2.2019e-19    3.0423e-19    2.2979e-20
1050.87292    6.0527e-18    8.5326e-18    2.3268e-19
1052.91980    1.8107e-18    2.4786e-18    2.4333e-19
1054.97070    3.2270e-17    4.5972e-17    1.1524e-19
1057.02563    9.8244e-18    1.3494e-17    1.2133e-18
1059.08447    2.2637e-17    3.2089e-17    4.5566e-19
1061.14734    3.9781e-17    5.6395e-17    7.9306e-19
1063.21436    9.2495e-17    1.3181e-16    2.2087e-19
1065.28516    1.8609e-17    2.6502e-17    8.5532e-20
1067.36011    1.1594e-16    1.6518e-16    3.8592e-19
1069.43921    4.8911e-17    6.9666e-17    2.0303e-19
1071.52222    6.2199e-17    8.8608e-17    2.2256e-19
1073.60938    1.0907e-16    1.5533e-16    5.1479e-19
1075.70056    7.9067e-17    1.1262e-16    3.1827e-19
1077.79590    4.0128e-17    5.7096e-17    3.0737e-19
1079.89514    3.8372e-18    5.2807e-18    4.4957e-19
1081.99854    5.4138e-17    7.7139e-17    1.5780e-19
1084.10608    3.4978e-17    4.9677e-17    4.8415e-19
1086.21777    6.7340e-19    8.9138e-19    1.6183e-19
1088.33350    5.8692e-17    8.3597e-17    2.4433e-19
1090.45337    6.7960e-17    9.6848e-17    1.6419e-19
1092.57727    5.6258e-17    8.0200e-17    7.0180e-20
1094.70532    5.0677e-17    7.2152e-17    2.7830e-19
1096.83765    6.7197e-17    9.5739e-17    2.1570e-19
1098.97412    9.8780e-17    1.4057e-16    7.0354e-19
1101.11475    7.6391e-17    1.0868e-16    6.1503e-19
1103.25952    1.2072e-17    1.7132e-17    1.9755e-19
1105.40845    3.0060e-17    4.2838e-17    7.2445e-20
1107.56152    3.3122e-17    4.7138e-17    2.2906e-19
1109.71887    2.3371e-17    3.3313e-17    4.0155e-20
1111.88037    4.7881e-17    6.8242e-17    9.5206e-20
1114.04614    2.6086e-17    3.7192e-17    2.3976e-20
1116.21606    2.7000e-17    3.8423e-17    1.9172e-19
1118.39014    8.3104e-18    1.1675e-17    4.1457e-19
1120.56860    5.9579e-18    8.4239e-18    1.7056e-19
1122.75122    8.2172e-17    1.1707e-16    2.7404e-19
1124.93811    5.4372e-17    7.7417e-17    2.9181e-19
1127.12927    1.0975e-16    1.5634e-16    4.1648e-19
1129.32471    6.5464e-17    9.3037e-17    7.5581e-19
1131.52441    6.2948e-17    8.9749e-17    4.8252e-20
1133.72839    6.1166e-17    8.7153e-17    1.7984e-19
1135.93665    1.3918e-17    1.9224e-17    1.4653e-18
1138.14917    4.7125e-17    6.6798e-17    9.5509e-19
1140.36621    4.4093e-17    6.2251e-17    1.4768e-18
1142.58740    1.0293e-16    1.4666e-16    3.0253e-19
1144.81299    1.3277e-16    1.8910e-16    5.6304e-19
1147.04272    1.4049e-16    2.0000e-16    8.3131e-19
1149.27698    1.4468e-16    2.0601e-16    7.3296e-19
1151.51562    1.4464e-16    2.0565e-16    1.4511e-18
1153.75854    1.0368e-16    1.4740e-16    1.0824e-18
1156.00586    1.3120e-17    1.8573e-17    3.2505e-19
1158.25745    3.4419e-17    4.8720e-17    8.5721e-19
1160.51355    7.5818e-17    1.0709e-16    2.4223e-18
1162.77393    2.1789e-17    3.1040e-17    7.8240e-20
1165.03882    1.6890e-17    2.3983e-17    2.4530e-19
1167.30811    2.0283e-17    2.8687e-17    5.6050e-19
1169.58179    3.7268e-17    5.2791e-17    8.3837e-19
1171.85986    4.7730e-17    6.7446e-17    1.4579e-18
1174.14246    5.3704e-17    7.6095e-17    1.1553e-18
1176.42944    3.1871e-17    4.5196e-17    6.0024e-19
1178.72095    8.7024e-18    1.2288e-17    2.8733e-19
1181.01685    1.6655e-17    2.3540e-17    4.9778e-19
1183.31714    2.4188e-17    3.4297e-17    4.6482e-19
1185.62207    3.3952e-17    4.8043e-17    8.8265e-19
1187.93140    4.3833e-17    6.2035e-17    1.1140e-18
1190.24536    6.0533e-18    8.5719e-18    1.4246e-19
1192.56372    1.8224e-17    2.5763e-17    5.3144e-19
1194.88647    3.1711e-18    4.4023e-18    2.8163e-19
1197.21387    2.1602e-17    3.0552e-17    5.9709e-19
1199.54590    5.2252e-17    7.4204e-17    7.3427e-19
1201.88232    1.3206e-17    1.8658e-17    4.1050e-19
1204.22339    1.3490e-17    1.9010e-17    5.3533e-19
1206.56897    6.9771e-17    9.8791e-17    1.6644e-18
1208.91919    5.3298e-17    7.5610e-17    9.3597e-19
1211.27393    5.2102e-17    7.3802e-17    1.1742e-18
1213.63330    7.3406e-17    1.0440e-16    6.5709e-19
1215.99719    8.7224e-18    1.1960e-17    1.1254e-18
1218.36572    1.6032e-16    2.2751e-16    2.6297e-18
1220.73877    2.9205e-17    3.7443e-17    9.8712e-18
1223.11658    9.7552e-18    1.3701e-17    4.9582e-19
1225.49902    5.2624e-18    7.4520e-18    1.2364e-19
1227.88599    1.0806e-17    1.5372e-17    9.1404e-20
1230.27771    3.2774e-18    4.6138e-18    1.4096e-19
1232.67407    1.4488e-17    2.0629e-17    7.7511e-20
1235.07507    2.1295e-17    3.0210e-17    3.7518e-19
1237.48071    1.6061e-17    2.2771e-17    3.1486e-19
1239.89111    1.8642e-17    2.6276e-17    7.2678e-19
1242.30615    1.8185e-17    2.5686e-17    5.8029e-19
1244.72595    1.0620e-17    1.4990e-17    3.6284e-19
1247.15039    5.5216e-18    7.8514e-18    5.4153e-20
1249.57959    2.1377e-17    3.0308e-17    4.1879e-19
1252.01355    1.2282e-17    1.7424e-17    2.1359e-19
1254.45215    2.1070e-17    2.9768e-17    6.5576e-19
1256.89563    2.2423e-17    3.1330e-17    1.5218e-18
1259.34375    1.7362e-17    2.4420e-17    7.9659e-19
1261.79675    2.4513e-17    3.4355e-17    1.4138e-18
1264.25452    2.8781e-17    4.0244e-17    1.8771e-18
1266.71704    1.1704e-16    1.6450e-16    5.6583e-18
1269.18433    2.8443e-17    3.9539e-17    2.4016e-18
1271.65649    3.6784e-17    5.1656e-17    1.8819e-18
1274.13342    2.4328e-17    3.4200e-17    1.1621e-18
1276.61523    2.0734e-17    2.9290e-17    6.5422e-19
1279.10181    1.9227e-17    2.6721e-17    1.6391e-18
1281.59326    1.7525e-17    2.4209e-17    1.8400e-18
1284.08960    8.5716e-18    1.1663e-17    1.3170e-18
1286.59070    2.3610e-17    3.2205e-17    3.4409e-18
1289.09668    8.3076e-17    1.1139e-16    1.6617e-17
1291.60767    3.3190e-17    4.3839e-17    8.1995e-18
1294.12341    4.0444e-17    5.3109e-17    1.0720e-17
1296.64404    5.1279e-17    7.1003e-17    4.9918e-18
1299.16968    5.8096e-17    7.8498e-17    1.0214e-17
1301.70020    4.8254e-18    6.4694e-18    9.6706e-19
1304.23572    1.3046e-17    1.8054e-17    1.2920e-18
1306.77612    1.3240e-17    1.8201e-17    1.5951e-18
1309.32141    2.5954e-18    3.5410e-18    3.7637e-19
1311.87183    1.1108e-17    1.5209e-17    1.4827e-18
1314.42700    2.2150e-17    3.1210e-17    8.8595e-19
1316.98730    2.1891e-17    2.9656e-17    3.6684e-18
1319.55249    3.4397e-17    4.6921e-17    5.0063e-18
1322.12280    4.0706e-17    5.6606e-17    3.3925e-18
1324.69800    7.7206e-18    1.0672e-17    7.9392e-19
1327.27820    1.8811e-17    2.4890e-17    4.5426e-18
1329.86353    2.7231e-17    3.6306e-17    5.9318e-18
1332.45386    3.3946e-17    4.5855e-17    5.9982e-18
1335.04919    1.7317e-18    2.1257e-18    8.0679e-19
1337.64966    7.6645e-18    1.0161e-17    1.8066e-18
1340.25513    4.9736e-17    6.2710e-17    1.9289e-17
1342.86560    8.1341e-18    1.0202e-17    3.2810e-18
1345.48120    2.6885e-17    3.4575e-17    8.8366e-18
1348.10205    4.7508e-18    5.7626e-18    2.3763e-18
1350.72778    2.8810e-17    3.5751e-17    1.2519e-17
1353.35876    1.9500e-17    2.4699e-17    7.2995e-18
1355.99487    1.9849e-17    2.7595e-17    1.6715e-18
1358.63611    1.8463e-17    2.5715e-17    1.4454e-18
1361.28247    6.8079e-17    9.2628e-17    1.0465e-17
1363.93396    5.0703e-17    6.9620e-17    6.3068e-18
1366.59058    7.5600e-17    9.9539e-17    1.9419e-17
1369.25244    4.0276e-17    5.5244e-17    5.1471e-18
1371.91956    6.5404e-17    8.8096e-17    1.2149e-17
1374.59180    7.1364e-17    9.5270e-17    1.5260e-17
1377.26929    9.0533e-17    1.2113e-16    1.8733e-17
1379.95190    5.2063e-17    6.8512e-17    1.3459e-17
1382.63965    7.5557e-17    9.6122e-17    2.7295e-17
1385.33276    2.9190e-17    3.5653e-17    1.4024e-17
1388.03125    6.1988e-17    7.9294e-17    2.1376e-17
1390.73486    1.4222e-17    1.8790e-17    3.5030e-18
1393.44360    4.3864e-17    5.8576e-17    9.3389e-18
1396.15784    4.4053e-17    5.6330e-17    1.5239e-17
1398.87720    1.2491e-16    1.7074e-16    1.7366e-17
1401.60205    1.0763e-16    1.5047e-16    7.0898e-18
1404.33203    5.9969e-17    7.7842e-17    1.8024e-17
1407.06738    3.8098e-17    4.6126e-17    1.9257e-17
1409.80811    7.0367e-17    8.6099e-17    3.3447e-17
1412.55420    3.6672e-17    5.0164e-17    5.0101e-18
1415.30554    1.9162e-16    2.6141e-16    2.7835e-17
1418.06213    7.0684e-17    9.7260e-17    8.3130e-18
1420.82446    3.4691e-17    4.0860e-17    2.0214e-17
1423.59180    2.0099e-17    2.6392e-17    5.3317e-18
1426.36475    6.4594e-18    8.8847e-18    7.6748e-19
1429.14307    3.6491e-17    4.7113e-17    1.1564e-17
1431.92676    5.3121e-17    7.1996e-17    8.8239e-18
1434.71582    1.4947e-17    2.0675e-17    1.5027e-18
1437.51038    1.1151e-16    1.4405e-16    3.5145e-17
1440.31030    6.1659e-17    8.2053e-17    1.3797e-17
1443.11572    3.8556e-17    5.1788e-17    7.5027e-18
1445.92676    2.2845e-17    3.1031e-17    3.6345e-18
1448.74316    1.6054e-17    1.9379e-17    8.2526e-18
1451.56494    3.8288e-17    4.0292e-17    3.3586e-17
1454.39233    4.6896e-17    6.0254e-17    1.5548e-17
1457.22522    2.4463e-17    2.7358e-17    1.7668e-17
1460.06360    3.4165e-17    3.5295e-17    3.1514e-17
1462.90747    3.6951e-17    4.6675e-17    1.4131e-17
1465.75696    3.9420e-17    4.0629e-17    3.6582e-17
1468.61206    3.7726e-17    4.3144e-17    2.5011e-17
1471.47253    1.6869e-17    1.9369e-17    1.1002e-17
1474.33862    8.4256e-17    1.1772e-16    5.7294e-18
1477.21045    5.4142e-17    5.9424e-17    4.1745e-17
1480.08777    6.0834e-17    7.2152e-17    3.4270e-17
1482.97058    3.4796e-17    4.9343e-17    6.5561e-19
1485.85913    1.5074e-17    2.1267e-17    5.3841e-19
1488.75342    6.3179e-17    7.4860e-17    3.5767e-17
1491.65332    2.7953e-17    3.2778e-17    1.6630e-17
1494.55859    4.3427e-18    5.8250e-18    8.6381e-19
1497.46985    3.9653e-17    4.6637e-17    2.3264e-17
1500.38647    1.4282e-17    1.6618e-17    8.8005e-18
1503.30896    4.8248e-17    5.2702e-17    3.7797e-17
1506.23706    7.5691e-17    9.2143e-17    3.7080e-17
1509.17090    5.7621e-17    7.2621e-17    2.2419e-17
1512.11060    6.6434e-17    8.3847e-17    2.5570e-17
1515.05591    3.6676e-17    4.7829e-17    1.0503e-17
1518.00684    3.5185e-18    4.5266e-18    1.1527e-18
1520.96362    3.0820e-17    4.2152e-17    4.2260e-18
1523.92627    1.3148e-17    1.8150e-17    1.4096e-18
1526.89453    2.9476e-18    3.9779e-18    5.2973e-19
1529.86865    2.5666e-18    2.8324e-18    1.9429e-18
1532.84839    2.3777e-18    2.9549e-18    1.0233e-18
1535.83411    2.5174e-17    3.2904e-17    7.0331e-18
1538.82568    5.4770e-17    5.2534e-17    6.0019e-17
1541.82300    1.3476e-17    1.5157e-17    9.5297e-18
1544.82617    6.0982e-18    7.2536e-18    3.3868e-18
1547.83521    1.0084e-16    1.2312e-16    4.8539e-17
1550.85010    1.7184e-17    2.3682e-17    1.9330e-18
1553.87085    2.5737e-17    2.5589e-17    2.6085e-17
1556.89746    1.2351e-17    1.6707e-17    2.1293e-18
1559.92993    3.0157e-17    4.2581e-17    1.0006e-18
1562.96863    2.7040e-17    3.8240e-17    7.5466e-19
1566.01282    7.1080e-18    9.7804e-18    8.3633e-19
1569.06311    3.8113e-17    5.3566e-17    1.8494e-18
1572.11938    1.8342e-17    2.5607e-17    1.2925e-18
1575.18152    3.3317e-17    4.6948e-17    1.3285e-18
1578.24963    3.7915e-17    5.1869e-17    5.1663e-18
1581.32373    2.2734e-17    3.1316e-17    2.5945e-18
1584.40381    1.2810e-17    1.7863e-17    9.4983e-19
1587.48999    2.2102e-17    3.0863e-17    1.5398e-18
1590.58215    8.3805e-18    9.5145e-18    5.7192e-18
1593.68018    3.5358e-17    3.5025e-17    3.6139e-17
1596.78442    1.1154e-17    1.0595e-17    1.2466e-17
1599.89465    1.7562e-17    2.3266e-17    4.1768e-18
1603.01086    8.0372e-18    1.1286e-17    4.1304e-19
1606.13330    1.9975e-17    2.7036e-17    3.4038e-18
1609.26172    4.7395e-17    6.6982e-17    1.4275e-18
1612.39636    2.1811e-17    3.0707e-17    9.3282e-19
1615.53674    2.1469e-18    2.9004e-18    3.7850e-19
1618.68347    4.4909e-17    6.3322e-17    1.6990e-18
1621.83630    6.2759e-17    8.7446e-17    4.8229e-18
1624.99548    2.9031e-17    4.0745e-17    1.5419e-18
1628.16064    5.8768e-17    8.1836e-17    4.6308e-18
1631.33203    5.9495e-17    8.2144e-17    6.3416e-18
1634.50952    8.8386e-17    1.2245e-16    8.4337e-18
1637.69312    8.6524e-17    1.1664e-16    1.5843e-17
1640.88306    1.3097e-16    1.7729e-16    2.2263e-17
1644.07922    2.9031e-17    3.9981e-17    3.3332e-18
1647.28162    8.7481e-17    1.1898e-16    1.3555e-17
1650.49023    7.0607e-17    9.7023e-17    8.6139e-18
1653.70496    3.3893e-17    4.7251e-17    2.5429e-18
1656.92603    1.1331e-17    1.6079e-17    1.8954e-19
1660.15369    2.0625e-17    2.9132e-17    6.6300e-19
1663.38721    1.1743e-17    1.6161e-17    1.3723e-18
1666.62720    2.5018e-17    3.0705e-17    1.1670e-17
1669.87317    1.3532e-17    1.5652e-17    8.5556e-18
1673.12585    2.8786e-17    3.7062e-17    9.3650e-18
1676.38489    3.1465e-17    4.2508e-17    5.5465e-18
1679.65027    3.4961e-17    4.6999e-17    6.7091e-18
1682.92188    1.5764e-17    2.0480e-17    4.6953e-18
1686.19958    1.3348e-17    1.7703e-17    3.1254e-18
1689.48413    3.3675e-17    4.6047e-17    4.6391e-18
1692.77502    2.5593e-17    3.5286e-17    2.8461e-18
1696.07227    2.3093e-17    2.7790e-17    1.2069e-17
1699.37573    2.7709e-17    3.7239e-17    5.3434e-18
1702.68567    2.3690e-17    3.3333e-17    1.0592e-18
1706.00232    3.7297e-17    4.9994e-17    7.5013e-18
1709.32544    4.4829e-17    6.0947e-17    7.0027e-18
1712.65491    2.8265e-17    3.6611e-17    8.6786e-18
1715.99060    3.8360e-17    5.2307e-17    5.6309e-18
1719.33301    4.5271e-17    6.1905e-17    6.2347e-18
1722.68188    2.7917e-17    3.8202e-17    3.7778e-18
1726.03735    3.1781e-17    4.4390e-17    2.1888e-18
1729.39941    1.4788e-17    1.9767e-17    3.1033e-18
1732.76807    2.1557e-17    2.5278e-17    1.2823e-17
1736.14307    9.1728e-18    1.1070e-17    4.7206e-18
1739.52466    3.5296e-18    4.1152e-18    2.1555e-18
1742.91296    4.4854e-18    5.4681e-18    2.1793e-18
1746.30786    1.8091e-17    2.4817e-17    2.3071e-18
1749.70935    2.0536e-17    2.6710e-17    6.0488e-18
1753.11755    5.0163e-19    5.6327e-19    3.5698e-19
1756.53223    5.9926e-18    5.2344e-18    7.7720e-18
1759.95325    3.2919e-17    4.4622e-17    5.4553e-18
1763.38147    2.3186e-17    2.9805e-17    7.6528e-18
1766.81628    1.3724e-17    1.4755e-17    1.1305e-17
1770.25745    1.7240e-17    2.1586e-17    7.0406e-18
1773.70581    3.4235e-17    4.5922e-17    6.8060e-18
1777.16064    2.9723e-17    3.7243e-17    1.2073e-17
1780.62207    2.6683e-17    3.3856e-17    9.8482e-18
1784.09045    9.1260e-17    1.2317e-16    1.6383e-17
1787.56555    2.5982e-16    3.4878e-16    5.1046e-17
1791.04749    3.6792e-17    3.9959e-17    2.9359e-17
1794.53601    2.4150e-17    3.0835e-17    8.4622e-18
1798.03137    4.8944e-17    6.3083e-17    1.5761e-17
1801.53357    3.1211e-18    2.5665e-18    4.4228e-18
1805.04248    6.4957e-17    6.8847e-17    5.5830e-17
1808.55847    3.4209e-17    4.2840e-17    1.3955e-17
1812.08130    7.1902e-18    6.0096e-18    9.9610e-18
1815.61096    1.7543e-17    2.3586e-17    3.3600e-18
1819.14722    1.7583e-17    2.4465e-17    1.4314e-18
1822.69067    2.6032e-17    3.4741e-17    5.5921e-18
1826.24084    3.0977e-17    4.2564e-17    3.7832e-18
1829.79797    2.3307e-17    3.1152e-17    4.8982e-18
1833.36206    2.1355e-17    2.9178e-17    2.9971e-18
1836.93311    1.6923e-17    2.2578e-17    3.6512e-18
1840.51111    1.0295e-17    1.1206e-17    8.1564e-18
1844.09607    1.4856e-17    1.5065e-17    1.4366e-17
1847.68799    3.4399e-17    4.3973e-17    1.1931e-17
1851.28687    1.6922e-17    2.1513e-17    6.1478e-18
1854.89282    3.5492e-18    3.3286e-18    4.0671e-18
1858.50586    2.1746e-17    2.2254e-17    2.0552e-17
1862.12585    1.0403e-17    1.1924e-17    6.8344e-18
1865.75293    2.9036e-17    3.5446e-17    1.3992e-17
1869.38696    1.9654e-17    2.0128e-17    1.8541e-17
1873.02820    1.0784e-17    1.2082e-17    7.7370e-18
1876.67651    4.0118e-17    5.1972e-17    1.2299e-17
1880.33191    3.7646e-17    4.7935e-17    1.3498e-17
1883.99438    1.9922e-17    1.9342e-17    2.1282e-17
1887.66406    2.7347e-17    3.5310e-17    8.6614e-18
1891.34082    1.9609e-17    2.3275e-17    1.1005e-17
1895.02490    2.4662e-17    2.8822e-17    1.4898e-17
1898.71606    2.1638e-17    2.5817e-17    1.1829e-17
1902.41431    2.8659e-17    3.6357e-17    1.0595e-17
1906.11987    1.0256e-17    1.4011e-17    1.4426e-18
1909.83252    2.1594e-17    2.7874e-17    6.8586e-18
1913.55261    3.3508e-17    4.2524e-17    1.2351e-17
1917.27979    3.5688e-17    4.6245e-17    1.0913e-17
1921.01428    1.2223e-17    1.2514e-17    1.1539e-17
1924.75610    3.7531e-17    4.8354e-17    1.2132e-17
1928.50513    2.3661e-17    3.1944e-17    4.2210e-18
1932.26147    2.1121e-17    2.9163e-17    2.2476e-18
1936.02515    3.7518e-17    5.0587e-17    6.8467e-18
1939.79614    2.1144e-17    1.8948e-17    2.6296e-17
1943.57446    4.3645e-17    5.2206e-17    2.3552e-17
1947.36011    4.6345e-17    5.0599e-17    3.6359e-17
1951.15332    2.1234e-17    1.9721e-17    2.4784e-17
1954.95374    4.3166e-17    4.4855e-17    3.9203e-17
1958.76160    4.6463e-17    4.3536e-17    5.3333e-17
1962.57690    2.6286e-17    2.6287e-17    2.6283e-17
1966.39966    4.5295e-17    4.7233e-17    4.0745e-17
1970.22974    3.7942e-17    4.5599e-17    1.9972e-17
1974.06738    5.7087e-17    6.4018e-17    4.0822e-17
1977.91248    2.0301e-17    2.1508e-17    1.7467e-17
1981.76514    9.2410e-18    7.8450e-18    1.2517e-17
1985.62524    4.9697e-17    4.8074e-17    5.3507e-17
1989.49280    3.2659e-17    3.3456e-17    3.0789e-17
1993.36792    1.2849e-17    1.4511e-17    8.9508e-18
1997.25061    1.7536e-17    1.5807e-17    2.1594e-17
2001.14087    4.2374e-17    5.4454e-17    1.4026e-17
2005.03870    3.8070e-17    4.6023e-17    1.9404e-17
2008.94409    5.2620e-17    6.7059e-17    1.8736e-17
2012.85718    4.1676e-17    4.7572e-17    2.7838e-17
2016.77783    4.3992e-17    5.0273e-17    2.9252e-17
2020.70605    2.0274e-17    2.5415e-17    8.2109e-18
2024.64209    3.4030e-17    3.7649e-17    2.5536e-17
2028.58569    6.2810e-17    7.5853e-17    3.2203e-17
2032.53687    4.9943e-17    5.8269e-17    3.0403e-17
2036.49585    3.3730e-17    3.5497e-17    2.9584e-17
2040.46265    3.0734e-17    4.0923e-17    6.8226e-18
2044.43701    2.0399e-17    2.6325e-17    6.4917e-18
2048.41919    2.2540e-17    2.0263e-17    2.7886e-17
2052.40918    1.8313e-17    2.1153e-17    1.1649e-17
2056.40674    2.8243e-17    3.5817e-17    1.0467e-17
2060.41211    3.1911e-18    4.2077e-18    8.0544e-19
2064.42554    3.2547e-17    4.1925e-17    1.0539e-17
2068.44678    4.9049e-17    5.2173e-17    4.1716e-17
2072.47559    2.8226e-17    3.6486e-17    8.8429e-18
2076.51221    2.6911e-17    2.4338e-17    3.2948e-17
2080.55713    1.8288e-17    2.2044e-17    9.4719e-18
2084.60938    1.0845e-17    9.3663e-18    1.4314e-17
2088.66992    3.0760e-17    3.9003e-17    1.1414e-17
2092.73828    2.4075e-17    2.0592e-17    3.2250e-17
2096.81445    1.5864e-17    1.7936e-17    1.1002e-17
2100.89868    4.1336e-17    4.0811e-17    4.2566e-17
2104.99072    1.9940e-17    2.2599e-17    1.3700e-17
2109.09082    6.9116e-17    8.8504e-17    2.3618e-17
2113.19922    3.7304e-17    3.6019e-17    4.0320e-17
2117.31519    8.1123e-17    9.2308e-17    5.4873e-17
2121.43945    1.2636e-17    1.2040e-17    1.4037e-17
2125.57129    1.5094e-17    1.2036e-17    2.2270e-17
2129.71143    4.3447e-17    5.0869e-17    2.6027e-17
2133.85986    3.7288e-17    3.6689e-17    3.8692e-17
2138.01611    4.1552e-17    4.8961e-17    2.4166e-17
2142.18066    2.6937e-17    2.7895e-17    2.4690e-17
2146.35303    3.4495e-17    3.5537e-17    3.2048e-17
2150.53369    3.2101e-17    3.9342e-17    1.5108e-17
2154.72266    1.4631e-17    1.3408e-17    1.7502e-17
2158.91968    2.2147e-17    2.4863e-17    1.5774e-17
2163.12500    4.1036e-17    4.6564e-17    2.8062e-17
2167.33813    5.8657e-17    6.2146e-17    5.0468e-17
2171.55957    1.1033e-17    1.0906e-17    1.1331e-17
2175.78955    5.4741e-17    5.8299e-17    4.6392e-17
2180.02759    1.3877e-17    1.4924e-17    1.1421e-17
2184.27393    3.4658e-17    3.0540e-17    4.4321e-17
2188.52832    2.6805e-17    3.0139e-17    1.8982e-17
2192.79102    1.1991e-17    1.0179e-17    1.6244e-17
2197.06226    6.3363e-18    5.0020e-18    9.4676e-18
2201.34180    1.4524e-17    1.2333e-17    1.9667e-17
2205.62939    2.6544e-17    2.3265e-17    3.4239e-17
2209.92554    3.2175e-17    3.0490e-17    3.6129e-17
2214.22998    4.2602e-17    4.8652e-17    2.8405e-17
2218.54297    3.8663e-17    4.2335e-17    3.0046e-17
2222.86426    4.4272e-17    5.4350e-17    2.0622e-17
2227.19409    3.7228e-17    3.8648e-17    3.3895e-17
2231.53223    2.5147e-17    2.6773e-17    2.1332e-17
2235.87891    2.6249e-17    3.4224e-17    7.5323e-18
2240.23389    6.4766e-17    7.1532e-17    4.8886e-17
2244.59717    3.1302e-17    4.1524e-17    7.3122e-18
2248.96924    4.6929e-17    5.9643e-17    1.7090e-17
2253.34985    4.3137e-17    5.7085e-17    1.0405e-17
2257.73901    3.0856e-17    3.8085e-17    1.3890e-17
2262.13672    5.2018e-17    7.0688e-17    8.2044e-18
2266.54297    7.4724e-17    9.9216e-17    1.7245e-17
2270.95752    6.1844e-17    7.7510e-17    2.5078e-17
2275.38086    8.7405e-17    1.1355e-16    2.6057e-17
2279.81299    5.3406e-17    6.4991e-17    2.6218e-17
2284.25366    4.6487e-17    5.5139e-17    2.6182e-17
2288.70288    4.6717e-17    4.2635e-17    5.6298e-17
2293.16089    8.4818e-17    1.0244e-16    4.3454e-17
2297.62744    3.6371e-17    3.9534e-17    2.8948e-17
2302.10303    3.2652e-17    3.1806e-17    3.4639e-17
2306.58691    1.1552e-16    1.1592e-16    1.1456e-16
2311.07959    6.8294e-17    8.0401e-17    3.9880e-17
2315.58105    6.6974e-17    8.0342e-17    3.5602e-17
2320.09155    6.5972e-17    7.8836e-17    3.5784e-17
2324.61060    4.3173e-17    5.4007e-17    1.7747e-17
2329.13843    1.1632e-16    1.6016e-16    1.3440e-17
2333.67529    6.4303e-17    9.0779e-17    2.1666e-18
2338.22070    7.5894e-17    1.0397e-16    1.0011e-17
2342.77490    1.1373e-16    1.5931e-16    6.7803e-18
2347.33838    1.1889e-16    1.6606e-16    8.1851e-18
2351.91064    5.1175e-17    6.5110e-17    1.8472e-17
2356.49170    6.5714e-17    8.2616e-17    2.6046e-17
2361.08154    1.8259e-16    2.5607e-16    1.0145e-17
2365.68066    1.1948e-16    1.6740e-16    6.9989e-18
2370.28833    8.6510e-17    1.2094e-16    5.7127e-18
2374.90527    1.3312e-16    1.8449e-16    1.2550e-17
2379.53101    6.9668e-17    9.7508e-17    4.3323e-18
2384.16602    3.4999e-16    4.8099e-16    4.2541e-17
2388.80981    9.4646e-17    1.3198e-16    7.0343e-18
2393.46289    2.1982e-16    2.9145e-16    5.1724e-17
2398.12476    9.4511e-17    1.2956e-16    1.2250e-17
2402.79590    1.3221e-16    1.7771e-16    2.5433e-17
2407.47607    8.3208e-17    1.1281e-16    1.3748e-17
2412.16528    1.8873e-16    2.5969e-16    2.2202e-17
2416.86377    1.1878e-16    1.4569e-16    5.5627e-17
2421.57129    1.0095e-16    1.1289e-16    7.2930e-17
2426.28809    1.5715e-16    1.9556e-16    6.6997e-17
2431.01392    1.9838e-16    2.4653e-16    8.5362e-17
2435.74902    1.8626e-16    2.2543e-16    9.4339e-17
2440.49365    9.2839e-17    1.0790e-16    5.7493e-17
2445.24707    1.0216e-16    1.3264e-16    3.0626e-17
2450.01001    8.8144e-17    1.0184e-16    5.5999e-17
2454.78223    1.1238e-16    1.3352e-16    6.2748e-17
2459.56348    1.4935e-16    1.8668e-16    6.1728e-17
2464.35425    2.4374e-16    3.1051e-16    8.7066e-17
2469.15430    1.7376e-16    2.1779e-16    7.0403e-17
2473.96387    1.3789e-16    1.6203e-16    8.1219e-17
2478.78271    1.0407e-16    1.3342e-16    3.5197e-17
2483.61084    1.0985e-16    1.2860e-16    6.5843e-17
2488.44849    1.5830e-16    1.7439e-16    1.2055e-16
2493.29541    6.8584e-17    8.8344e-17    2.2212e-17
2498.15186    9.6489e-17    1.1927e-16    4.3032e-17
2503.01782    1.5012e-16    1.7385e-16    9.4439e-17
2507.89307    1.7617e-16    2.0733e-16    1.0305e-16
2512.77808    1.4087e-16    1.7509e-16    6.0568e-17
2517.67236    1.0197e-16    1.2241e-16    5.4018e-17
2522.57642    1.3255e-16    1.4850e-16    9.5130e-17
2527.48975    1.2944e-16    1.6970e-16    3.4958e-17
2532.41309    5.2040e-17    6.5740e-17    1.9888e-17
2537.34570    1.2248e-16    1.5901e-16    3.6737e-17
2542.28760    1.4717e-16    1.8412e-16    6.0462e-17
2547.23975    1.4206e-16    1.7847e-16    5.6607e-17
2552.20117    7.9816e-17    9.4096e-17    4.6302e-17
2557.17236    6.6056e-17    8.3232e-17    2.5748e-17
2562.15332    1.3798e-16    1.8565e-16    2.6084e-17
2567.14404    7.2987e-17    9.6870e-17    1.6938e-17
2572.14404    1.1277e-16    1.3394e-16    6.3096e-17
2577.15430    3.9956e-17    5.4564e-17    5.6731e-18
2582.17383    6.7698e-17    8.9802e-17    1.5824e-17
2587.20361    1.7698e-16    2.3981e-16    2.9519e-17
2592.24292    6.2650e-17    8.4818e-17    1.0624e-17
2597.29199    3.4807e-16    4.8005e-16    3.8336e-17
2602.35107    5.8230e-18    7.7033e-18    1.4102e-18
2607.41992    1.2930e-16    1.7547e-16    2.0972e-17
2612.49854    2.5557e-16    3.4300e-16    5.0391e-17
2617.58740    1.1710e-16    1.5952e-16    1.7542e-17
2622.68604    1.1897e-16    1.6146e-16    1.9256e-17
2627.79443    2.9603e-16    3.9634e-16    6.0633e-17
2632.91284    1.8490e-16    2.4139e-16    5.2342e-17
2638.04126    6.1570e-17    6.2258e-17    5.9954e-17
2643.17969    6.4613e-17    5.9802e-17    7.5904e-17
2648.32812    1.9412e-17    1.5918e-17    2.7611e-17
2653.48633    8.7763e-17    8.0512e-17    1.0478e-16
2658.65479    2.8301e-17    2.2693e-17    4.1461e-17
2663.83350    3.8865e-17    4.4962e-17    2.4556e-17
2669.02197    9.9066e-17    1.1230e-16    6.8014e-17
2674.22070    1.7796e-18    1.4373e-18    2.5828e-18
2679.42969    6.1657e-17    6.7842e-17    4.7142e-17
2684.64868    6.5648e-17    7.7051e-17    3.8887e-17
2689.87793    2.4144e-17    2.0719e-17    3.2183e-17
2695.11719    7.1099e-17    8.3773e-17    4.1353e-17
2700.36670    1.9838e-17    1.5304e-17    3.0479e-17
2705.62646    1.0239e-16    1.0772e-16    8.9887e-17
2710.89648    6.0646e-17    8.0456e-17    1.4157e-17
2716.17676    1.3923e-16    1.8999e-16    2.0116e-17
2721.46729    5.5951e-17    6.2454e-17    4.0690e-17
2726.76831    1.0120e-16    1.3977e-16    1.0675e-17
2732.07959    1.0817e-16    1.4278e-16    2.6931e-17
2737.40112    1.2769e-16    1.7337e-16    2.0468e-17
2742.73291    6.1278e-17    8.3881e-17    8.2334e-18
2748.07520    1.6931e-16    2.3347e-16    1.8738e-17
2753.42798    1.8423e-16    2.4839e-16    3.3637e-17
2758.79102    4.9762e-17    5.6488e-17    3.3977e-17
2764.16479    7.1147e-17    9.5113e-17    1.4904e-17
2769.54883    8.4513e-17    1.1531e-16    1.2245e-17
2774.94336    1.2794e-16    1.5999e-16    5.2720e-17
2780.34863    4.9841e-17    4.6461e-17    5.7772e-17
2785.76416    8.1665e-17    7.7426e-17    9.1613e-17
2791.18994    5.0816e-17    4.8744e-17    5.5678e-17
2796.62695    1.6307e-17    1.8997e-17    9.9938e-18
2802.07422    7.0325e-18    9.1876e-18    1.9749e-18
2807.53198    1.8159e-17    2.0116e-17    1.3566e-17
2813.00049    2.0030e-17    1.7297e-17    2.6446e-17
2818.47949    7.4054e-17    5.9146e-17    1.0904e-16
2823.96948    7.1749e-17    7.3589e-17    6.7432e-17
2829.47021    1.1228e-16    1.3236e-16    6.5144e-17
2834.98145    7.3507e-17    8.6284e-17    4.3521e-17
2840.50342    2.2007e-16    2.2220e-16    2.1508e-16
2846.03613    1.7843e-16    1.5527e-16    2.3279e-16
2851.57959    7.6830e-17    7.6359e-17    7.7936e-17
2857.13379    1.9707e-16    1.7176e-16    2.5647e-16
2862.69922    5.2254e-17    4.4836e-17    6.9663e-17
2868.27490    8.0136e-17    8.0161e-17    8.0078e-17
2873.86182    5.2691e-17    4.5971e-17    6.8463e-17
2879.45947    1.0148e-16    9.9382e-17    1.0640e-16
2885.06836    8.1813e-17    8.8430e-17    6.6285e-17
2890.68774    5.3140e-17    5.8611e-17    4.0300e-17
2896.31860    6.0408e-17    5.1817e-17    8.0569e-17
2901.95972    1.9366e-17    1.6433e-17    2.6251e-17
2907.61230    4.5751e-17    3.7246e-17    6.5711e-17
2913.27563    4.5225e-18    3.5305e-18    6.8505e-18
2918.95020    3.9280e-17    3.6885e-17    4.4899e-17
2924.63574    1.0568e-16    1.2805e-16    5.3181e-17
2930.33228    2.9688e-18    2.4014e-18    4.3004e-18
2936.04004    4.4691e-18    3.6620e-18    6.3633e-18
2941.75903    7.0889e-17    8.2507e-17    4.3625e-17
2947.48877    6.5016e-17    8.2694e-17    2.3530e-17
2953.22998    5.1787e-17    6.6178e-17    1.8013e-17
2958.98242    4.5800e-17    4.2120e-17    5.4436e-17
2964.74585    5.0780e-17    6.5298e-17    1.6709e-17
2970.52075    7.4616e-17    8.9336e-17    4.0068e-17
2976.30664    2.7134e-17    2.5687e-17    3.0531e-17
2982.10376    1.1625e-16    1.4206e-16    5.5697e-17
2987.91187    1.9649e-17    2.5733e-17    5.3696e-18
2993.73218    5.5432e-18    4.1006e-18    8.9287e-18
2999.56348    2.3889e-17    2.2373e-17    2.7447e-17
3005.40601    6.3317e-17    8.2055e-17    1.9342e-17
3011.25977    2.5114e-17    1.8966e-17    3.9542e-17
3017.12500    2.2406e-17    1.7034e-17    3.5014e-17
3023.00195    6.6789e-18    4.9545e-18    1.0726e-17
3028.89014    9.9185e-18    7.3552e-18    1.5934e-17
3034.79004    1.9377e-17    1.4289e-17    3.1319e-17
3040.70117    6.1242e-18    4.5784e-18    9.7520e-18
3046.62402    5.6639e-17    4.6819e-17    7.9687e-17
3052.55811    1.5176e-17    1.1173e-17    2.4572e-17
3058.50391    3.3557e-18    2.4838e-18    5.4019e-18
3064.46143    4.1167e-17    3.4467e-17    5.6892e-17
3070.43018    3.3425e-17    2.5425e-17    5.2199e-17
3076.41064    1.6356e-16    1.2480e-16    2.5452e-16
3082.40332    6.7759e-18    5.1710e-18    1.0542e-17
3088.40698    5.7563e-18    4.2712e-18    9.2416e-18
3094.42261    3.5516e-17    3.1983e-17    4.3807e-17
3100.44971    4.4383e-18    3.2847e-18    7.1457e-18
3106.48901    1.0771e-17    8.0834e-18    1.7078e-17
3112.53979    5.0014e-18    3.7066e-18    8.0401e-18
3118.60229    5.0872e-18    3.7670e-18    8.1857e-18
3124.67676    4.5272e-19    3.3439e-19    7.3042e-19
3130.76318    4.8251e-18    3.9719e-18    6.8276e-18
3136.86133    1.2546e-18    9.2573e-19    2.0265e-18
3142.97119    2.7238e-17    2.9276e-17    2.2455e-17
3149.09302    6.1078e-18    4.6145e-18    9.6123e-18
3155.22681    2.6719e-18    1.9788e-18    4.2984e-18
3161.37256    7.2185e-17    8.8406e-17    3.4116e-17
3167.53027    5.6168e-17    6.9465e-17    2.4961e-17
3173.70020    2.5365e-19    1.8760e-19    4.0864e-19
3179.88184    4.9678e-17    4.3687e-17    6.3739e-17
3186.07568    9.4376e-17    1.1903e-16    3.6508e-17
3192.28149    6.1572e-17    7.8373e-17    2.2140e-17
3198.49951    7.4100e-17    9.7062e-17    2.0214e-17
3204.72949    1.1210e-17    8.4785e-18    1.7622e-17
3210.97168    7.2200e-17    9.2055e-17    2.5604e-17
3217.22607    2.7424e-19    2.2401e-19    3.9212e-19
3223.49268    2.7058e-18    2.1012e-18    4.1247e-18
3229.77148    7.5121e-17    8.1408e-17    6.0365e-17
3236.06226    1.3839e-18    1.7112e-18    6.1601e-19
3242.36572    2.7534e-17    2.2998e-17    3.8180e-17
3248.68115    4.3804e-17    3.5986e-17    6.2150e-17
3255.00879    1.0651e-16    1.0797e-16    1.0309e-16
3261.34912    4.3435e-17    4.0493e-17    5.0340e-17
3267.70093    1.8296e-17    1.4012e-17    2.8349e-17
3274.06616    1.1790e-18    1.0486e-18    1.4850e-18
3280.44336    2.3528e-16    2.4175e-16    2.2010e-16
3286.83301    3.4794e-17    3.1944e-17    4.1482e-17
3293.23535    3.8362e-17    3.3661e-17    4.9396e-17
3299.64990    3.2508e-17    2.6859e-17    4.5765e-17
3306.07690    5.1765e-17    4.4449e-17    6.8934e-17
3312.51660    3.6929e-17    3.2223e-17    4.7972e-17
3318.96875    5.1492e-18    3.7970e-18    8.3227e-18
3325.43359    6.3428e-18    4.7541e-18    1.0071e-17
3331.91064    4.2338e-19    3.1269e-19    6.8314e-19
3338.40063    9.9965e-18    7.4474e-18    1.5979e-17
3344.90332    2.8116e-19    2.0629e-19    4.5685e-19
3351.41846    6.6625e-20    4.8856e-20    1.0832e-19
3357.94629    2.4865e-17    1.9504e-17    3.7447e-17
3364.48682    1.6586e-18    2.0475e-18    7.4602e-19
3371.04004    1.0351e-17    8.1331e-18    1.5555e-17
3377.60645    3.3007e-18    2.4088e-18    5.3939e-18
3384.18481    8.5782e-18    6.3735e-18    1.3752e-17
3390.77686    8.1602e-18    6.0532e-18    1.3105e-17
3397.38159    1.5038e-18    1.1023e-18    2.4460e-18
3403.99902    8.5901e-19    6.2962e-19    1.3974e-18
3410.62915    1.8636e-18    1.3863e-18    2.9838e-18
3417.27271    1.2792e-17    9.6746e-18    2.0110e-17
3423.92847    1.7735e-18    1.3009e-18    2.8828e-18
3430.59766    2.9681e-18    2.1820e-18    4.8130e-18
3437.27979    1.8031e-17    1.4260e-17    2.6880e-17
3443.97534    2.2530e-18    1.6584e-18    3.6485e-18
3450.68359    1.7547e-17    1.3455e-17    2.7150e-17
3457.40479    1.6433e-17    1.2376e-17    2.5952e-17
3464.13916    3.0029e-18    2.2112e-18    4.8609e-18
3470.88647    2.2056e-18    1.6332e-18    3.5490e-18
3477.64697    1.0603e-17    8.1656e-18    1.6322e-17
3484.42090    8.2727e-18    6.1210e-18    1.3322e-17
3491.20776    4.8472e-18    3.6097e-18    7.7514e-18
3498.00781    7.6014e-18    5.6991e-18    1.2066e-17
3504.82129    4.4809e-18    3.2828e-18    7.2927e-18
3511.64771    2.7174e-19    1.9881e-19    4.4289e-19
3518.48804    3.3568e-18    2.4715e-18    5.4347e-18
3525.34131    3.0597e-18    2.2493e-18    4.9615e-18
3532.20776    3.0661e-18    2.2335e-18    5.0201e-18
3539.08813    4.9896e-18    3.6327e-18    8.1739e-18
3545.98145    9.5896e-19    6.9788e-19    1.5717e-18
3552.88818    3.3847e-18    2.4962e-18    5.4699e-18
3559.80884    1.9308e-18    1.4110e-18    3.1508e-18
3566.74292    1.8408e-18    1.3588e-18    2.9718e-18
3573.68994    3.3189e-19    4.4968e-19    5.5451e-20
3580.65112    3.8581e-20    2.9870e-20    5.9026e-20
3587.62500    2.1469e-18    1.6483e-18    3.3171e-18
3594.61304    1.1698e-19    8.5438e-20    1.9101e-19
3601.61499    3.3832e-19    2.4734e-19    5.5183e-19
3608.63013    2.0665e-19    1.5083e-19    3.3763e-19
3615.65894    5.0939e-19    3.7169e-19    8.3255e-19
3622.70166    8.7350e-18    6.9885e-18    1.2834e-17
3629.75806    2.1599e-19    2.6255e-19    1.0674e-19
3636.82837    5.2273e-19    3.8160e-19    8.5391e-19
3643.91138    5.8011e-18    4.3322e-18    9.2482e-18
3651.00928    2.6660e-20    1.9471e-20    4.3529e-20
3658.12085    1.3406e-17    1.0860e-17    1.9381e-17
3665.24609    4.6148e-20    3.3661e-20    7.5455e-20
3672.38525    6.0814e-20    4.4172e-20    9.9869e-20
3679.53857    1.5821e-19    1.1303e-19    2.6424e-19
3686.70557    4.9945e-19    3.7101e-19    8.0086e-19
3693.88647    9.3409e-20    6.8921e-20    1.5088e-19
3701.08154    8.6530e-19    6.3381e-19    1.4086e-18
3708.29053    7.7688e-20    6.0294e-20    1.1851e-19
3715.51343    3.0049e-19    2.0415e-19    5.2658e-19
3722.75049    5.6198e-19    4.0297e-19    9.3513e-19
3730.00171    2.3993e-18    1.7503e-18    3.9225e-18
3737.26709    2.6472e-20    1.9290e-20    4.3327e-20
3744.54639    4.8859e-19    3.5635e-19    7.9892e-19
3751.84009    3.5564e-18    2.5262e-18    5.9740e-18
3759.14795    3.6749e-18    2.6808e-18    6.0077e-18
3766.47021    1.4412e-17    1.1088e-17    2.2213e-17
3773.80664    2.2840e-20    1.7172e-20    3.6141e-20
3781.15723    4.4545e-18    3.2989e-18    7.1666e-18
3788.52197    2.6451e-19    1.9294e-19    4.3249e-19
3795.90137    2.5751e-19    1.6379e-19    4.7746e-19
3803.29492    8.6745e-20    6.3194e-20    1.4202e-19
3810.70312    9.0328e-19    6.5821e-19    1.4784e-18
3818.12549    3.8614e-20    2.7969e-20    6.3597e-20
3825.56250    2.4050e-17    1.9070e-17    3.5737e-17
3833.01416    1.6286e-19    1.0688e-19    2.9425e-19
3840.47998    6.6884e-20    4.4388e-20    1.1968e-19
3847.96045    7.9768e-19    5.8247e-19    1.3028e-18
3855.45557    2.4912e-20    1.8209e-20    4.0642e-20
3862.96533    5.8103e-20    4.2289e-20    9.5215e-20
3870.48950    7.4833e-18    5.6359e-18    1.1819e-17
3878.02832    5.4692e-20    4.0305e-20    8.8457e-20
3885.58203    4.9097e-20    3.5766e-20    8.0383e-20
3893.15039    4.9688e-19    3.6199e-19    8.1344e-19
3900.73340    1.2207e-19    8.8983e-20    1.9972e-19
3908.33154    3.0263e-18    2.2062e-18    4.9511e-18
3915.94409    3.6067e-18    2.6439e-18    5.8662e-18
3923.57153    1.1217e-19    8.1561e-20    1.8399e-19
3931.21387    4.8695e-18    3.8055e-18    7.3664e-18
3938.87109    2.4530e-17    1.9129e-17    3.7207e-17
3946.54346    5.7506e-18    4.2661e-18    9.2346e-18
3954.23047    1.3324e-19    9.6947e-20    2.1843e-19
3961.93262    2.2774e-18    1.6597e-18    3.7271e-18
3969.64941    9.6075e-19    9.9287e-19    8.8537e-19
3977.38159    1.3062e-17    9.9507e-18    2.0365e-17
3985.12866    1.7142e-18    1.2478e-18    2.8087e-18
3992.89111    9.8672e-19    7.1753e-19    1.6185e-18
4000.66846    7.5707e-18    5.6727e-18    1.2025e-17
4008.46094    6.2307e-19    4.5241e-19    1.0236e-18
4016.26880    1.6657e-19    1.2096e-19    2.7361e-19
4024.09155    1.2520e-18    9.0469e-19    2.0669e-18
4031.92969    1.2500e-19    9.7515e-20    1.8951e-19
4039.78320    4.3014e-20    3.1244e-20    7.0638e-20
4047.65186    1.7962e-20    1.3047e-20    2.9495e-20
4055.53589    3.7677e-19    2.7350e-19    6.1914e-19
4063.43506    1.9633e-18    1.4284e-18    3.2185e-18
4071.35010    5.0700e-19    3.6821e-19    8.3271e-19
4079.28027    8.8854e-19    6.4595e-19    1.4579e-18
4087.22607    4.3995e-19    3.1927e-19    7.2317e-19
4095.18701    3.0220e-19    2.1905e-19    4.9733e-19
4103.16357    1.4061e-19    9.7910e-20    2.4081e-19
4111.15576    6.0165e-19    4.3669e-19    9.8880e-19
4119.16357    2.1185e-18    1.5547e-18    3.4417e-18
4127.18652    2.0438e-18    1.6058e-18    3.0718e-18
4135.22559    7.9400e-19    5.7626e-19    1.3050e-18
4143.28027    3.8207e-19    2.7654e-19    6.2975e-19
4151.35059    1.8371e-19    1.3324e-19    3.0218e-19
4159.43652    3.8900e-19    2.8195e-19    6.4023e-19
4167.53857    1.2604e-19    9.1361e-20    2.0742e-19
4175.65625    2.8604e-17    2.2735e-17    4.2378e-17
4183.78906    3.9930e-19    2.9102e-19    6.5343e-19
4191.93848    2.0888e-20    1.5138e-20    3.4382e-20
4200.10352    1.2451e-19    9.0312e-20    2.0477e-19
4208.28418    3.9279e-19    2.8601e-19    6.4339e-19
4216.48145    2.6702e-20    1.9365e-20    4.3921e-20
4224.69434    1.6865e-19    1.2242e-19    2.7716e-19
4232.92334    3.9310e-17    3.9519e-17    3.8818e-17
4241.16846    1.2753e-17    9.4587e-18    2.0483e-17
4249.42920    8.4268e-19    9.4943e-19    5.9216e-19
4257.70605    1.7755e-18    1.2976e-18    2.8972e-18
4265.99902    6.2058e-20    4.5206e-20    1.0161e-19
4274.30859    9.4232e-18    6.8681e-18    1.5420e-17
4282.63428    3.9792e-20    2.8825e-20    6.5531e-20
4290.97607    1.0328e-17    7.4538e-18    1.7074e-17
4299.33398    1.8824e-17    1.5093e-17    2.7579e-17
4307.70801    1.9218e-18    1.3884e-18    3.1737e-18
4316.09863    7.8309e-18    5.7288e-18    1.2764e-17
4324.50586    9.6705e-19    6.9966e-19    1.5946e-18
4332.92920    1.1004e-17    8.8117e-18    1.6148e-17
4341.36914    1.3158e-18    9.1722e-19    2.2512e-18
4349.82520    2.5647e-17    2.1921e-17    3.4391e-17
4358.29785    1.2840e-17    9.2606e-18    2.1239e-17
4366.78662    1.0523e-18    7.7429e-19    1.7046e-18
4375.29199    3.1523e-17    2.8368e-17    3.8929e-17
4383.81445    1.5089e-17    1.2007e-17    2.2323e-17
4392.35352    2.0002e-20    1.4505e-20    3.2904e-20
4400.90869    7.1815e-18    5.4483e-18    1.1249e-17
4409.48047    2.7904e-17    2.2990e-17    3.9436e-17
4418.06934    1.6551e-17    1.2825e-17    2.5295e-17
4426.67480    3.3753e-20    2.4405e-20    5.5692e-20
4435.29736    2.4192e-18    1.7659e-18    3.9523e-18
4443.93652    2.6284e-19    1.9011e-19    4.3353e-19
4452.59277    4.9056e-18    3.5317e-18    8.1299e-18
4461.26562    1.7048e-18    1.2300e-18    2.8193e-18
4469.95508    7.6810e-18    5.6348e-18    1.2483e-17
4478.66162    1.8544e-18    1.3339e-18    3.0760e-18
4487.38477    1.9356e-17    1.4918e-17    2.9772e-17
4496.12549    2.7685e-19    2.0016e-19    4.5683e-19
4504.88281    1.6009e-17    1.3320e-17    2.2320e-17
4513.65771    6.7721e-18    5.0625e-18    1.0784e-17
4522.44922    3.8686e-17    3.2292e-17    5.3693e-17
4531.25830    2.6326e-18    1.9265e-18    4.2895e-18
4540.08447    1.1713e-17    9.3400e-18    1.7281e-17
4548.92773    2.1977e-17    1.9408e-17    2.8004e-17
4557.78809    1.2145e-17    9.2793e-18    1.8871e-17
4566.66602    3.1078e-20    2.2436e-20    5.1357e-20
4575.56055    1.5918e-17    1.3059e-17    2.2627e-17
4584.47314    3.3592e-17    3.0190e-17    4.1578e-17
4593.40283    3.3023e-18    2.4282e-18    5.3535e-18
4602.34961    1.9353e-19    1.3982e-19    3.1958e-19
4611.31445    7.4970e-20    5.4121e-20    1.2390e-19
4620.29590    1.7342e-17    1.4036e-17    2.5100e-17
4629.29590    2.8328e-17    2.2885e-17    4.1100e-17
4638.31250    6.1546e-19    4.4323e-19    1.0197e-18
4647.34668    2.9448e-18    2.1668e-18    4.7705e-18
4656.39941    1.1663e-19    8.4235e-20    1.9265e-19
4665.46875    6.8389e-18    5.0813e-18    1.0964e-17
4674.55664    3.4324e-19    2.4836e-19    5.6590e-19
4683.66113    2.8684e-19    2.0651e-19    4.7535e-19
4692.78418    1.3689e-20    9.8836e-21    2.2619e-20
4701.92480    6.2034e-20    4.4720e-20    1.0267e-19
4711.08301    3.2433e-20    2.3296e-20    5.3877e-20
4720.25977    3.4048e-19    2.4546e-19    5.6348e-19
4729.45361    1.8159e-18    1.3088e-18    3.0058e-18
4738.66602    1.4702e-19    1.0613e-19    2.4300e-19
4747.89551    2.2633e-19    1.6287e-19    3.7528e-19
4757.14355    8.5478e-20    6.1623e-20    1.4146e-19
4766.41016    3.4089e-21    2.4539e-21    5.6500e-21
4775.69385    1.2146e-18    8.7392e-19    2.0142e-18
4784.99609    1.6759e-21    1.2050e-21    2.7812e-21
4794.31641    1.7361e-19    1.2478e-19    2.8821e-19
4803.65430    2.0319e-20    1.4625e-20    3.3681e-20
4813.01074    2.6615e-18    1.9157e-18    4.4116e-18
4822.38574    3.3854e-18    2.4408e-18    5.6021e-18
4831.77930    9.8607e-19    7.1155e-19    1.6303e-18
4841.19043    4.7495e-19    3.4334e-19    7.8382e-19
4850.62012    3.6125e-19    2.6019e-19    5.9845e-19
4860.06836    1.1080e-19    8.0182e-20    1.8265e-19
4869.53467    1.7163e-18    1.2412e-18    2.8315e-18
4879.01953    1.4775e-18    1.0611e-18    2.4547e-18
4888.52295    1.7983e-18    1.2918e-18    2.9871e-18
4898.04492    6.3962e-19    4.5991e-19    1.0614e-18
4907.58545    2.5735e-18    1.8499e-18    4.2717e-18
4917.14453    1.4733e-20    1.0606e-20    2.4419e-20
4926.72168    3.5341e-17    3.7830e-17    2.9499e-17
4936.31836    2.5198e-20    1.8123e-20    4.1802e-20
4945.93311    2.8931e-18    2.0780e-18    4.8059e-18
4955.56689    1.3877e-18    9.9717e-19    2.3041e-18
4965.21973    1.9282e-20    1.3852e-20    3.2025e-20
4974.89062    1.3503e-18    9.6937e-19    2.2441e-18
4984.58105    3.9735e-20    2.8562e-20    6.5956e-20
4994.29004    4.0309e-19    2.9055e-19    6.6720e-19
5004.01758    2.2566e-18    1.6202e-18    3.7502e-18
5013.76465    4.6724e-17    5.1548e-17    3.5402e-17
5023.53027    1.0475e-18    7.8074e-19    1.6734e-18
5033.31543    1.7195e-20    1.2357e-20    2.8550e-20
5043.11914    1.2637e-18    9.0711e-19    2.1004e-18
5052.94238    1.9954e-18    1.4319e-18    3.3179e-18
5062.78418    5.1859e-19    3.7249e-19    8.6148e-19
5072.64551    5.1512e-18    3.6920e-18    8.5758e-18
5082.52637    8.9234e-20    6.4080e-20    1.4827e-19
5092.42578    8.9493e-20    6.4274e-20    1.4868e-19
5102.34473    1.1438e-18    8.2527e-19    1.8915e-18
5112.28320    3.6554e-18    2.6226e-18    6.0793e-18
5122.24121    2.5526e-19    1.8337e-19    4.2397e-19
5132.21777    1.0753e-18    7.7318e-19    1.7844e-18
5142.21484    3.0102e-19    2.1696e-19    4.9829e-19
5152.23047    6.1374e-19    4.4148e-19    1.0180e-18
5162.26660    1.9163e-17    1.3769e-17    3.1822e-17
5172.32129    5.5663e-17    6.0834e-17    4.3525e-17
5182.39648    2.4171e-18    1.5407e-18    4.4738e-18
5192.49023    1.3747e-19    1.0704e-19    2.0888e-19
5202.60449    2.5284e-17    2.0379e-17    3.6797e-17
5212.73779    9.7083e-21    6.9686e-21    1.6138e-20
5222.89160    5.2427e-19    3.7599e-19    8.7224e-19
5233.06445    2.9271e-17    2.4372e-17    4.0770e-17
5243.25781    1.0529e-19    7.5753e-20    1.7461e-19
5253.47021    6.3780e-18    4.6847e-18    1.0352e-17
5263.70312    1.0652e-17    7.6527e-18    1.7690e-17
5273.95557    5.0722e-17    4.2784e-17    6.9352e-17
5284.22852    3.5117e-17    3.0095e-17    4.6904e-17
5294.52100    5.9585e-19    4.2713e-19    9.9182e-19
5304.83398    3.9429e-20    2.8282e-20    6.5590e-20
5315.16650    5.9776e-17    5.5241e-17    7.0418e-17
5325.51953    7.4751e-18    5.5423e-18    1.2011e-17
5335.89258    4.3414e-18    3.1126e-18    7.2254e-18
5346.28564    5.9735e-19    4.2830e-19    9.9408e-19
5356.69922    5.9259e-20    4.2526e-20    9.8528e-20
5367.13281    3.7606e-18    2.7662e-18    6.0945e-18
5377.58691    4.2901e-18    3.0752e-18    7.1414e-18
5388.06152    1.0813e-19    7.7504e-20    1.8000e-19
5398.55664    6.2935e-20    4.5121e-20    1.0474e-19
5409.07178    8.3613e-19    6.0007e-19    1.3901e-18
5419.60742    1.6902e-20    1.2265e-20    2.7782e-20
5430.16406    8.4487e-18    6.1936e-18    1.3741e-17
5440.74121    1.6894e-19    1.2108e-19    2.8126e-19
5451.33887    1.9652e-19    1.4092e-19    3.2702e-19
5461.95703    6.7428e-20    4.8349e-20    1.1220e-19
5472.59570    2.6394e-19    1.8919e-19    4.3935e-19
5483.25488    5.4166e-20    3.8802e-20    9.0224e-20
5493.93555    3.7965e-19    2.7192e-19    6.3245e-19
5504.63672    6.8367e-20    4.8978e-20    1.1387e-19
5515.35840    3.9133e-20    2.8037e-20    6.5175e-20
5526.10156    1.5942e-18    1.1415e-18    2.6565e-18
5536.86523    5.9099e-19    4.2477e-19    9.8107e-19
5547.64941    4.2603e-19    3.0517e-19    7.0967e-19
5558.45557    3.0211e-19    2.1629e-19    5.0351e-19
5569.28271    6.0729e-19    4.3486e-19    1.0119e-18
5580.12988    1.7144e-19    1.2275e-19    2.8571e-19
5590.99902    3.5941e-19    2.5732e-19    5.9900e-19
5601.88965    2.1200e-20    1.5179e-20    3.5330e-20
5612.80078    1.4611e-19    1.0458e-19    2.4356e-19
5623.73340    7.0229e-19    5.0365e-19    1.1685e-18
5634.68750    2.0877e-20    1.4945e-20    3.4800e-20
5645.66211    2.6285e-19    1.8812e-19    4.3822e-19
5656.65918    7.0457e-19    5.0558e-19    1.1716e-18
5667.67676    2.3432e-19    1.6772e-19    3.9064e-19
5678.71680    2.1868e-19    1.5650e-19    3.6462e-19
5689.77734    9.2270e-19    6.6036e-19    1.5384e-18
5700.86035    3.3149e-20    2.3727e-20    5.5262e-20
5711.96484    1.4093e-19    1.0083e-19    2.3503e-19
5723.09033    2.5123e-19    1.7982e-19    4.1881e-19
5734.23779    1.6773e-19    1.2009e-19    2.7955e-19
5745.40723    3.3596e-19    2.4034e-19    5.6035e-19
5756.59766    8.8691e-20    6.3451e-20    1.4793e-19
5767.81104    3.6611e-20    2.6192e-20    6.1061e-20
5779.04492    2.4585e-19    1.7593e-19    4.0994e-19
5790.30176    6.6513e-20    4.7590e-20    1.1092e-19
5801.58008    9.1105e-20    6.5171e-20    1.5197e-19
5812.88037    3.8868e-19    2.7845e-19    6.4738e-19
5824.20264    7.8970e-20    5.6499e-20    1.3171e-19
5835.54688    6.0844e-19    4.3546e-19    1.0144e-18
5846.91357    1.6533e-19    1.1825e-19    2.7582e-19
5858.30225    2.0055e-19    1.4344e-19    3.3458e-19
5869.71289    3.5623e-19    2.5460e-19    5.9476e-19
5881.14600    1.9437e-19    1.3670e-19    3.2972e-19
5892.60156    4.9967e-20    5.3642e-20    4.1343e-20
5904.07910    1.8302e-19    1.3665e-19    2.9183e-19
5915.57910    1.2397e-18    8.8639e-19    2.0688e-18
5927.10156    2.5515e-19    1.8246e-19    4.2575e-19
5938.64648    7.2276e-21    5.1679e-21    1.2062e-20
5950.21387    4.2727e-19    3.0622e-19    7.1135e-19
5961.80371    7.9936e-20    5.7140e-20    1.3343e-19
5973.41602    8.8559e-20    6.3312e-20    1.4781e-19
5985.05127    1.3838e-19    9.8909e-20    2.3101e-19
5996.70850    2.5626e-18    1.8377e-18    4.2639e-18
6008.38867    4.9056e-19    3.5063e-19    8.1896e-19
6020.09229    2.7583e-19    1.9717e-19    4.6044e-19
6031.81836    3.3337e-20    2.3824e-20    5.5664e-20
6043.56738    9.0686e-19    6.4783e-19    1.5148e-18
6055.33887    1.2519e-18    8.9464e-19    2.0904e-18
6067.13428    6.3897e-20    4.5663e-20    1.0669e-19
6078.95117    1.2109e-18    8.6654e-19    2.0192e-18
6090.79150    1.0099e-19    7.2146e-20    1.6867e-19
6102.65527    2.2480e-19    1.6059e-19    3.7550e-19
6114.54199    6.2233e-19    4.4504e-19    1.0384e-18
6126.45215    2.9921e-19    2.1383e-19    4.9960e-19
6138.38525    6.7024e-20    4.7882e-20    1.1195e-19
6150.34131    7.1758e-18    5.2308e-18    1.1740e-17
6162.32178    9.6598e-20    6.9007e-20    1.6135e-19
6174.32422    1.3736e-18    9.8180e-19    2.2931e-18
6186.35059    8.5389e-19    6.1000e-19    1.4263e-18
6198.40088    3.2087e-19    2.2915e-19    5.3612e-19
6210.47314    1.3314e-20    9.5084e-21    2.2246e-20
6222.57031    6.5014e-20    4.6433e-20    1.0862e-19
6234.69043    5.4822e-18    3.9815e-18    9.0041e-18
6246.83496    8.4704e-18    6.2481e-18    1.3686e-17
6259.00195    2.1370e-19    1.5258e-19    3.5713e-19
6271.19385    5.0390e-20    3.5975e-20    8.4217e-20
6283.40869    7.1708e-20    5.1210e-20    1.1981e-19
6295.64795    5.2099e-20    3.7216e-20    8.7029e-20
6307.91016    4.2481e-19    3.0318e-19    7.1025e-19
6320.19678    2.7513e-18    1.9649e-18    4.5968e-18
6332.50781    2.7165e-19    1.9387e-19    4.5419e-19
6344.84180    5.7365e-19    4.4827e-19    8.6789e-19
6357.20020    9.4390e-20    6.7378e-20    1.5778e-19
6369.58252    1.2788e-18    9.3768e-19    2.0794e-18
6381.98926    1.6711e-18    1.1927e-18    2.7936e-18
6394.42041    4.5409e-20    3.2409e-20    7.5919e-20
6406.87549    5.7428e-19    4.1083e-19    9.5787e-19
6419.35449    4.3125e-18    3.1241e-18    7.1013e-18
6431.85840    3.6374e-18    2.6165e-18    6.0334e-18
6444.38672    5.1942e-19    3.7054e-19    8.6883e-19
6456.93896    1.7137e-17    1.2871e-17    2.7150e-17
6469.51514    3.7338e-19    2.6642e-19    6.2441e-19
6482.11719    6.8978e-19    4.9195e-19    1.1540e-18
6494.74268    1.1677e-18    8.3310e-19    1.9529e-18
6507.39355    4.0286e-19    2.8744e-19    6.7375e-19
6520.06836    8.0807e-18    5.8314e-18    1.3359e-17
6532.76855    5.4436e-19    3.8830e-19    9.1062e-19
6545.49316    8.1758e-21    5.8318e-21    1.3677e-20
6558.24268    4.3579e-19    3.4829e-19    6.4114e-19
6571.01611    7.9298e-19    5.6593e-19    1.3258e-18
6583.81543    4.5016e-19    3.2105e-19    7.5318e-19
6596.63965    8.5319e-20    6.0851e-20    1.4274e-19
6609.48828    2.3344e-19    1.6651e-19    3.9051e-19
6622.36230    8.2611e-19    5.8913e-19    1.3823e-18
6635.26172    4.0735e-21    2.9048e-21    6.8165e-21
6648.18506    9.9327e-19    7.0828e-19    1.6621e-18
6661.13525    2.5532e-19    1.8207e-19    4.2724e-19
6674.10986    6.8763e-20    4.6274e-20    1.2154e-19
6687.10938    2.1853e-19    1.5557e-19    3.6629e-19
6700.13428    5.7466e-20    4.0982e-20    9.6151e-20
6713.18506    1.2801e-20    9.1602e-21    2.1344e-20
6726.26123    1.4954e-19    1.0663e-19    2.5023e-19
6739.36279    1.3385e-21    9.5442e-22    2.2399e-21
6752.48926    1.6733e-20    1.1931e-20    2.8001e-20
6765.64258    1.2409e-19    8.8485e-20    2.0766e-19
6778.82031    8.9063e-20    6.3507e-20    1.4904e-19
6792.02441    2.0873e-20    1.4884e-20    3.4929e-20
6805.25439    4.8236e-20    3.4395e-20    8.0718e-20
6818.50928    1.5802e-19    1.1268e-19    2.6444e-19
6831.78955    1.2266e-19    8.7456e-20    2.0526e-19
6845.09717    9.1985e-21    6.5593e-21    1.5392e-20
6858.43018    8.8790e-19    6.3312e-19    1.4858e-18
6871.78906    4.0785e-19    2.9081e-19    6.8252e-19
6885.17432    1.3594e-20    9.6937e-21    2.2746e-20
6898.58447    4.7113e-20    3.3594e-20    7.8839e-20
6912.02246    2.3860e-19    1.7014e-19    3.9927e-19
6925.48486    2.5342e-19    1.8070e-19    4.2407e-19
6938.97412    1.5037e-19    1.0722e-19    2.5164e-19
6952.49023    5.4147e-20    3.8616e-20    9.0595e-20
6966.03271    2.9175e-20    2.0802e-20    4.8824e-20
6979.60059    2.8050e-20    2.0001e-20    4.6939e-20
6993.19629    1.0844e-19    7.7325e-20    1.8147e-19
