1000.97394    9.7930e-18    1.1530e-17    8.1559e-19
1002.92358    2.9550e-18    3.3477e-18    9.2541e-19
1004.87708    3.5264e-18    3.9587e-18    1.2924e-18
1006.83441    3.0048e-18    3.4398e-18    7.5651e-19
1008.79553    2.0875e-18    2.3884e-18    5.3262e-19
1010.76050    1.2620e-19    1.0598e-19    2.3070e-19
1012.72925    8.6796e-19    8.6372e-19    8.8983e-19
1014.70178    3.3536e-18    3.7546e-18    1.2808e-18
1016.67822    2.0437e-18    1.8275e-18    3.1609e-18
1018.65857    2.0008e-18    2.2852e-18    5.3098e-19
1020.64270    2.1804e-18    2.1361e-18    2.4099e-18
1022.63074    3.3445e-18    3.8895e-18    5.2809e-19
1024.62256    1.1615e-18    1.3274e-18    3.0366e-19
1026.61841    1.1412e-18    1.2839e-18    4.0396e-19
1028.61792    2.9990e-18    3.5604e-18    9.7631e-20
1030.62158    7.9958e-18    9.4191e-18    6.4039e-19
1032.62891    7.2852e-18    8.1343e-18    2.8970e-18
1034.64038    7.4022e-18    8.6590e-18    9.0732e-19
1036.65564    8.5353e-18    9.4703e-18    3.7033e-18
1038.67480    1.2931e-18    1.4909e-18    2.7104e-19
1040.69800    2.8012e-18    3.3020e-18    2.1293e-19
1042.72510    8.9219e-18    1.0527e-17    6.2801e-19
1044.75610    1.2238e-17    1.4337e-17    1.3921e-18
1046.79102    8.4247e-18    9.8612e-18    1.0012e-18
1048.83008    5.4598e-19    6.2000e-19    1.6346e-19
1050.87292    8.0700e-18    9.4744e-18    8.1224e-19
1052.91980    4.2327e-18    4.8909e-18    8.3146e-19
1054.97070    2.6775e-17    3.1839e-17    6.0487e-19
1057.02563    1.3540e-17    1.5797e-17    1.8781e-18
1059.08447    2.0043e-17    2.3748e-17    8.9682e-19
1061.14734    2.3187e-17    2.6924e-17    3.8756e-18
1063.21436    1.8394e-17    2.1757e-17    1.0153e-18
1065.28516    8.4161e-18    9.9591e-18    4.4225e-19
1067.36011    4.9628e-17    5.9051e-17    9.3271e-19
1069.43921    2.7686e-17    3.2914e-17    6.7072e-19
1071.52222    2.4486e-17    2.9041e-17    9.4563e-19
1073.60938    2.5860e-17    3.0471e-17    2.0311e-18
1075.70056    4.2994e-17    5.1087e-17    1.1709e-18
1077.79590    1.1858e-17    1.3777e-17    1.9383e-18
1079.89514    5.3950e-18    6.2089e-18    1.1889e-18
1081.99854    3.0428e-17    3.6233e-17    4.2754e-19
1084.10608    5.7087e-18    5.9686e-18    4.3658e-18
1086.21777    2.7114e-18    2.6596e-18    2.9792e-18
1088.33350    2.9787e-17    3.5404e-17    7.5984e-19
1090.45337    4.6401e-17    5.5266e-17    5.8832e-19
1092.57727    3.7438e-17    4.4565e-17    6.0583e-19
1094.70532    3.4263e-17    4.0738e-17    8.0282e-19
1096.83765    3.8861e-17    4.6227e-17    7.9473e-19
1098.97412    5.8775e-17    6.9821e-17    1.6941e-18
1101.11475    5.0643e-17    6.0150e-17    1.5129e-18
1103.25952    1.2810e-17    1.5194e-17    4.8568e-19
1105.40845    2.7356e-17    3.2552e-17    5.0249e-19
1107.56152    3.3139e-17    3.9338e-17    1.1023e-18
1109.71887    2.4642e-17    2.9350e-17    3.0784e-19
1111.88037    3.9232e-17    4.6717e-17    5.5052e-19
1114.04614    3.6008e-17    4.2935e-17    2.0675e-19
1116.21606    2.2307e-17    2.6294e-17    1.7061e-18
1118.39014    3.4251e-18    2.4471e-18    8.4792e-18
1120.56860    6.3764e-18    7.3766e-18    1.2075e-18
1122.75122    2.5006e-18    2.7971e-18    9.6841e-19
1124.93811    1.1120e-17    1.2554e-17    3.7110e-18
1127.12927    7.9095e-18    9.1654e-18    1.4189e-18
1129.32471    5.0416e-18    5.8085e-18    1.0784e-18
1131.52441    1.5712e-17    1.8694e-17    2.9674e-19
1133.72839    6.1736e-17    7.3549e-17    6.8772e-19
1135.93665    1.9977e-17    2.3641e-17    1.0424e-18
1138.14917    1.8371e-17    2.1720e-17    1.0636e-18
1140.36621    2.7674e-17    3.2765e-17    1.3625e-18
1142.58740    3.8073e-17    4.5194e-17    1.2713e-18
1144.81299    9.6113e-17    1.1422e-16    2.5154e-18
1147.04272    8.0293e-17    9.5338e-17    2.5386e-18
1149.27698    9.5054e-17    1.1290e-16    2.8506e-18
1151.51562    8.5861e-17    1.0192e-16    2.8824e-18
1153.75854    6.4857e-17    7.6882e-17    2.7124e-18
1156.00586    1.9636e-17    2.3166e-17    1.3915e-18
1158.25745    2.9861e-17    3.5157e-17    2.4905e-18
1160.51355    5.1209e-17    6.0396e-17    3.7329e-18
1162.77393    3.0815e-17    3.6705e-17    3.7217e-19
1165.03882    3.1722e-17    3.7746e-17    5.9228e-19
1167.30811    4.7861e-17    5.6982e-17    7.2541e-19
1169.58179    5.5511e-17    6.5772e-17    2.4825e-18
1171.85986    5.4372e-17    6.4173e-17    3.7220e-18
1174.14246    5.5360e-17    5.9609e-17    3.3402e-17
1176.42944    1.7334e-17    1.2534e-17    4.2141e-17
1178.72095    1.9056e-17    2.1784e-17    4.9616e-18
1181.01685    2.2627e-17    2.6370e-17    3.2826e-18
1183.31714    2.9895e-17    3.5236e-17    2.2971e-18
1185.62207    4.2553e-17    5.0248e-17    2.7863e-18
1187.93140    6.1950e-17    7.3091e-17    4.3761e-18
1190.24536    1.7899e-17    2.0352e-17    5.2261e-18
1192.56372    2.8461e-17    3.2924e-17    5.4013e-18
1194.88647    1.4364e-17    1.5892e-17    6.4667e-18
1197.21387    3.9940e-17    4.6789e-17    4.5407e-18
1199.54590    8.8776e-17    1.0550e-16    2.3408e-18
1201.88232    2.1585e-17    2.5204e-17    2.8833e-18
1204.22339    1.6076e-17    1.8992e-17    1.0056e-18
1206.56897    3.4729e-17    3.1931e-17    4.9191e-17
1208.91919    7.7492e-17    9.2139e-17    1.7998e-18
1211.27393    7.9570e-17    9.4427e-17    2.7894e-18
1213.63330    1.6409e-16    1.9511e-16    3.7677e-18
1215.99719    7.8791e-17    9.2516e-17    7.8625e-18
1218.36572    2.7021e-16    3.2203e-16    2.4181e-18
1220.73877    5.1142e-17    6.0831e-17    1.0749e-18
1223.11658    2.8415e-17    3.3716e-17    1.0199e-18
1225.49902    2.2462e-17    2.6500e-17    1.5945e-18
1227.88599    3.8356e-17    4.5463e-17    1.6307e-18
1230.27771    1.4528e-17    1.7105e-17    1.2094e-18
1232.67407    3.4982e-17    4.1625e-17    6.4895e-19
1235.07507    3.4031e-17    4.0270e-17    1.7876e-18
1237.48071    2.1602e-17    2.4816e-17    4.9913e-18
1239.89111    1.8748e-17    1.9670e-17    1.3985e-17
1242.30615    2.8295e-17    3.2326e-17    7.4647e-18
1244.72595    3.1976e-17    3.7669e-17    2.5552e-18
1247.15039    1.5810e-17    1.8783e-17    4.4667e-19
1249.57959    3.4802e-17    4.1152e-17    1.9871e-18
1252.01355    2.4353e-17    2.8705e-17    1.8626e-18
1254.45215    2.3112e-17    2.7020e-17    2.9171e-18
1256.89563    3.3772e-17    3.9492e-17    4.2134e-18
1259.34375    2.2007e-17    2.5189e-17    5.5656e-18
1261.79675    4.1254e-17    4.7889e-17    6.9655e-18
1264.25452    3.8945e-17    4.5161e-17    6.8221e-18
1266.71704    1.1589e-16    1.3734e-16    5.0339e-18
1269.18433    2.9712e-17    3.4604e-17    4.4271e-18
1271.65649    5.2409e-17    6.1604e-17    4.8877e-18
1274.13342    3.4051e-17    3.9847e-17    4.0993e-18
1276.61523    3.6559e-17    4.3049e-17    3.0217e-18
1279.10181    3.2577e-17    3.7896e-17    5.0906e-18
1281.59326    2.3748e-17    2.7571e-17    3.9917e-18
1284.08960    1.7124e-17    1.9435e-17    5.1806e-18
1286.59070    2.4999e-17    2.8417e-17    7.3345e-18
1289.09668    5.3889e-17    6.2003e-17    1.1953e-17
1291.60767    2.4419e-17    2.8240e-17    4.6779e-18
1294.12341    2.1015e-17    2.1116e-17    2.0494e-17
1296.64404    2.3327e-17    2.6469e-17    7.0913e-18
1299.16968    2.0691e-17    1.9156e-17    2.8628e-17
1301.70020    1.9067e-17    2.0328e-17    1.2548e-17
1304.23572    1.7820e-17    1.9695e-17    8.1350e-18
1306.77612    2.8191e-17    3.2288e-17    7.0162e-18
1309.32141    1.0911e-17    1.2017e-17    5.1955e-18
1311.87183    1.9161e-17    2.2156e-17    3.6873e-18
1314.42700    2.8364e-17    3.3337e-17    2.6645e-18
1316.98730    2.8882e-17    3.3016e-17    7.5180e-18
1319.55249    4.0629e-17    4.6994e-17    7.7321e-18
1322.12280    3.6941e-17    4.2604e-17    7.6797e-18
1324.69800    1.8658e-17    2.1300e-17    5.0031e-18
1327.27820    3.1205e-17    3.5504e-17    8.9883e-18
1329.86353    2.8152e-17    3.1353e-17    1.1613e-17
1332.45386    2.9498e-17    3.3126e-17    1.0749e-17
1335.04919    9.8918e-18    9.0955e-18    1.4007e-17
1337.64966    1.4413e-17    1.5961e-17    6.4151e-18
1340.25513    3.7854e-17    4.2713e-17    1.2746e-17
1342.86560    1.4968e-17    1.6136e-17    8.9335e-18
1345.48120    2.3292e-17    2.4164e-17    1.8782e-17
1348.10205    1.2001e-17    1.2668e-17    8.5528e-18
1350.72778    3.2156e-17    3.4926e-17    1.7841e-17
1353.35876    1.8668e-17    2.0119e-17    1.1169e-17
1355.99487    3.3443e-17    3.7175e-17    1.4159e-17
1358.63611    2.5515e-17    2.9152e-17    6.7166e-18
1361.28247    5.6558e-17    6.5372e-17    1.1008e-17
1363.93396    4.1637e-17    4.8070e-17    8.3911e-18
1366.59058    5.7857e-17    6.6139e-17    1.5057e-17
1369.25244    3.4997e-17    4.0340e-17    7.3816e-18
1371.91956    5.0707e-17    5.8803e-17    8.8637e-18
1374.59180    6.1603e-17    7.0376e-17    1.6266e-17
1377.26929    6.1786e-17    7.0822e-17    1.5091e-17
1379.95190    5.1596e-17    5.8279e-17    1.7057e-17
1382.63965    5.9227e-17    6.6860e-17    1.9782e-17
1385.33276    2.9731e-17    3.2334e-17    1.6277e-17
1388.03125    4.2042e-17    4.7059e-17    1.6114e-17
1390.73486    1.5662e-17    1.7416e-17    6.5995e-18
1393.44360    2.5149e-17    1.3442e-17    8.5647e-17
1396.15784    3.4491e-17    3.7370e-17    1.9611e-17
1398.87720    8.7289e-17    1.0094e-16    1.6763e-17
1401.60205    4.9879e-17    5.3150e-17    3.2976e-17
1404.33203    2.4152e-17    2.1493e-17    3.7898e-17
1407.06738    3.0031e-17    3.2320e-17    1.8203e-17
1409.80811    6.0087e-17    6.7812e-17    2.0166e-17
1412.55420    4.8818e-17    5.6557e-17    8.8259e-18
1415.30554    1.0825e-16    1.2525e-16    2.0371e-17
1418.06213    4.5149e-17    5.0065e-17    1.9746e-17
1420.82446    3.2647e-17    3.6005e-17    1.5292e-17
1423.59180    2.6649e-17    3.0158e-17    8.5157e-18
1426.36475    1.2687e-17    1.4416e-17    3.7493e-18
1429.14307    3.1893e-17    3.5241e-17    1.4589e-17
1431.92676    5.2565e-17    6.0364e-17    1.2264e-17
1434.71582    2.4940e-17    2.8366e-17    7.2337e-18
1437.51038    6.7145e-17    7.6974e-17    1.6347e-17
1440.31030    5.1676e-17    5.8810e-17    1.4807e-17
1443.11572    3.6686e-17    4.1744e-17    1.0544e-17
1445.92676    2.4524e-17    2.7921e-17    6.9711e-18
1448.74316    2.2478e-17    2.3829e-17    1.5498e-17
1451.56494    2.6778e-17    2.8514e-17    1.7804e-17
1454.39233    3.1010e-17    3.4495e-17    1.3004e-17
1457.22522    2.9716e-17    3.0471e-17    2.5813e-17
1460.06360    1.2288e-17    1.2927e-17    8.9868e-18
1462.90747    3.4640e-17    3.8212e-17    1.6179e-17
1465.75696    1.8345e-17    1.8595e-17    1.7052e-17
1468.61206    2.5586e-17    2.7698e-17    1.4666e-17
1471.47253    1.8705e-17    2.0490e-17    9.4781e-18
1474.33862    5.9026e-17    6.6424e-17    2.0792e-17
1477.21045    3.9292e-17    4.2401e-17    2.3225e-17
1480.08777    3.6442e-17    3.9611e-17    2.0069e-17
1482.97058    3.3552e-17    3.7419e-17    1.3572e-17
1485.85913    2.1623e-17    2.3574e-17    1.1542e-17
1488.75342    6.0056e-17    6.0293e-17    5.8831e-17
1491.65332    4.2467e-17    4.7397e-17    1.6990e-17
1494.55859    2.9637e-17    3.4533e-17    4.3363e-18
1497.46985    2.7467e-17    2.9622e-17    1.6333e-17
1500.38647    1.4457e-17    1.5262e-17    1.0293e-17
1503.30896    2.8671e-17    3.0173e-17    2.0904e-17
1506.23706    5.0411e-17    5.5880e-17    2.2148e-17
1509.17090    3.0325e-17    3.2327e-17    1.9982e-17
1512.11060    3.6563e-17    3.8948e-17    2.4236e-17
1515.05591    2.6733e-17    2.9122e-17    1.4388e-17
1518.00684    6.2267e-18    6.8372e-18    3.0713e-18
1520.96362    1.4843e-17    1.5894e-17    9.4109e-18
1523.92627    2.8831e-17    3.2954e-17    7.5216e-18
1526.89453    1.3164e-17    1.4158e-17    8.0301e-18
1529.86865    4.5354e-18    4.2497e-18    6.0118e-18
1532.84839    8.8609e-18    8.7456e-18    9.4567e-18
1535.83411    1.0857e-17    1.2404e-17    2.8670e-18
1538.82568    1.6311e-17    1.5986e-17    1.7990e-17
1541.82300    1.2133e-17    1.1882e-17    1.3430e-17
1544.82617    9.1670e-18    9.4039e-18    7.9429e-18
1547.83521    1.9509e-17    3.2026e-18    1.0378e-16
1550.85010    1.2042e-17    2.5262e-18    6.1220e-17
1553.87085    1.9166e-17    1.9616e-17    1.6844e-17
1556.89746    2.1059e-17    2.3922e-17    6.2618e-18
1559.92993    3.4574e-17    4.0228e-17    5.3583e-18
1562.96863    3.0799e-17    3.6075e-17    3.5364e-18
1566.01282    1.3774e-17    1.5787e-17    3.3751e-18
1569.06311    4.4106e-17    5.1562e-17    5.5741e-18
1572.11938    3.0855e-17    3.5575e-17    6.4629e-18
1575.18152    3.6604e-17    4.2800e-17    4.5828e-18
1578.24963    4.3715e-17    5.0413e-17    9.1015e-18
1581.32373    3.4951e-17    3.9801e-17    9.8876e-18
1584.40381    2.0589e-17    2.3746e-17    4.2718e-18
1587.48999    2.5986e-17    3.0068e-17    4.8892e-18
1590.58215    8.7882e-18    8.0923e-18    1.2385e-17
1593.68018    2.8456e-17    2.8347e-17    2.9019e-17
1596.78442    1.3706e-17    1.1534e-17    2.4931e-17
1599.89465    2.0722e-17    2.3247e-17    7.6747e-18
1603.01086    1.5157e-17    1.7508e-17    3.0072e-18
1606.13330    3.2095e-17    3.6214e-17    1.0805e-17
1609.26172    3.4206e-17    4.0054e-17    3.9842e-18
1612.39636    3.5347e-17    4.0597e-17    8.2190e-18
1615.53674    4.1876e-18    4.6584e-18    1.7547e-18
1618.68347    3.2662e-17    3.8149e-17    4.3070e-18
1621.83630    3.8550e-17    4.4770e-17    6.4024e-18
1624.99548    3.0692e-17    3.5705e-17    4.7869e-18
1628.16064    4.4999e-17    5.2523e-17    6.1152e-18
1631.33203    4.1910e-17    4.9002e-17    5.2624e-18
1634.50952    4.7303e-17    5.4460e-17    1.0317e-17
1637.69312    4.8085e-17    5.6096e-17    6.6871e-18
1640.88306    6.0112e-17    6.8588e-17    1.6310e-17
1644.07922    3.0586e-17    3.5430e-17    5.5538e-18
1647.28162    5.3619e-17    6.1891e-17    1.0869e-17
1650.49023    5.1674e-17    6.0054e-17    8.3649e-18
1653.70496    4.2262e-17    4.8733e-17    8.8172e-18
1656.92603    1.9576e-17    2.3261e-17    5.3231e-19
1660.15369    2.7212e-17    3.1976e-17    2.5970e-18
1663.38721    2.1436e-17    2.4239e-17    6.9493e-18
1666.62720    1.6602e-17    1.7602e-17    1.1436e-17
1669.87317    4.0387e-18    4.1470e-18    3.4790e-18
1673.12585    2.6690e-17    3.0918e-17    4.8406e-18
1676.38489    3.2737e-17    3.7820e-17    6.4678e-18
1679.65027    3.4664e-17    4.0307e-17    5.5066e-18
1682.92188    1.8244e-17    2.0743e-17    5.3303e-18
1686.19958    2.0996e-17    2.4166e-17    4.6115e-18
1689.48413    4.0018e-17    4.6061e-17    8.7891e-18
1692.77502    3.2346e-17    3.7372e-17    6.3677e-18
1696.07227    1.7682e-17    1.9575e-17    7.9006e-18
1699.37573    2.5369e-17    2.8979e-17    6.7169e-18
1702.68567    2.7160e-17    3.1341e-17    5.5538e-18
1706.00232    3.5931e-17    4.1037e-17    9.5441e-18
1709.32544    4.7886e-17    5.4711e-17    1.2617e-17
1712.65491    2.3575e-17    2.6177e-17    1.0127e-17
1715.99060    4.5888e-17    5.2467e-17    1.1889e-17
1719.33301    3.4395e-17    3.8915e-17    1.1035e-17
1722.68188    2.7553e-17    3.0795e-17    1.0802e-17
1726.03735    3.6054e-17    4.0513e-17    1.3014e-17
1729.39941    1.8295e-17    2.0728e-17    5.7215e-18
1732.76807    2.1684e-17    2.3244e-17    1.3622e-17
1736.14307    8.3667e-18    8.7469e-18    6.4023e-18
1739.52466    3.9153e-18    3.7605e-18    4.7152e-18
1742.91296    1.2710e-17    1.4221e-17    4.9001e-18
1746.30786    2.3634e-17    2.6993e-17    6.2733e-18
1749.70935    1.8195e-17    2.0686e-17    5.3239e-18
1753.11755    9.3575e-19    9.3943e-19    9.1673e-19
1756.53223    7.3932e-18    5.6239e-18    1.6537e-17
1759.95325    2.2571e-17    2.4932e-17    1.0366e-17
1763.38147    1.1355e-17    1.1959e-17    8.2347e-18
1766.81628    5.9536e-18    5.8605e-18    6.4342e-18
1770.25745    1.4453e-17    1.5624e-17    8.3995e-18
1773.70581    3.3937e-17    3.7751e-17    1.4225e-17
1777.16064    2.5972e-17    2.8891e-17    1.0890e-17
1780.62207    2.3922e-17    2.6577e-17    1.0200e-17
1784.09045    5.6753e-17    6.5345e-17    1.2347e-17
1787.56555    1.3300e-16    1.5293e-16    2.9997e-17
1791.04749    1.7486e-17    1.7989e-17    1.4890e-17
1794.53601    3.0428e-17    3.3295e-17    1.5612e-17
1798.03137    3.8171e-17    4.2766e-17    1.4428e-17
1801.53357    3.0323e-18    2.1173e-18    7.7608e-18
1805.04248    3.2826e-17    3.2462e-17    3.4702e-17
1808.55847    2.9290e-17    3.2904e-17    1.0611e-17
1812.08130    7.8766e-18    5.4780e-18    2.0272e-17
1815.61096    1.7928e-17    2.0377e-17    5.2720e-18
1819.14722    2.0424e-17    2.3265e-17    5.7418e-18
1822.69067    3.0833e-17    3.4791e-17    1.0379e-17
1826.24084    3.5238e-17    3.9701e-17    1.2176e-17
1829.79797    3.0632e-17    3.4212e-17    1.2134e-17
1833.36206    2.8017e-17    3.1800e-17    8.4690e-18
1836.93311    1.9189e-17    2.2059e-17    4.3584e-18
1840.51111    1.7390e-17    1.9417e-17    6.9187e-18
1844.09607    2.0959e-17    1.9547e-17    2.8257e-17
1847.68799    3.2623e-17    3.6349e-17    1.3367e-17
1851.28687    1.9041e-17    2.0789e-17    1.0004e-17
1854.89282    3.7046e-18    1.1029e-18    1.7150e-17
1858.50586    1.6184e-17    1.5960e-17    1.7338e-17
1862.12585    9.5794e-18    6.7817e-18    2.4037e-17
1865.75293    2.5009e-17    2.7244e-17    1.3459e-17
1869.38696    1.4534e-17    1.2843e-17    2.3275e-17
1873.02820    8.5945e-18    8.6655e-18    8.2275e-18
1876.67651    3.9386e-17    4.3981e-17    1.5639e-17
1880.33191    2.7468e-17    3.0415e-17    1.2238e-17
1883.99438    1.9497e-17    1.3543e-17    5.0268e-17
1887.66406    2.1610e-17    2.2493e-17    1.7048e-17
1891.34082    1.3283e-17    1.2897e-17    1.5279e-17
1895.02490    7.5396e-18    4.9117e-18    2.1120e-17
1898.71606    2.5598e-17    2.5936e-17    2.3850e-17
1902.41431    1.5512e-17    1.5859e-17    1.3718e-17
1906.11987    1.4559e-17    1.6050e-17    6.8529e-18
1909.83252    2.3020e-17    2.5166e-17    1.1926e-17
1913.55261    2.1164e-17    2.1701e-17    1.8391e-17
1917.27979    2.1442e-17    2.2886e-17    1.3979e-17
1921.01428    8.4990e-18    3.8006e-18    3.2780e-17
1924.75610    8.2874e-18    7.1604e-18    1.4111e-17
1928.50513    3.1076e-17    3.3389e-17    1.9124e-17
1932.26147    1.8085e-17    2.0768e-17    4.2174e-18
1936.02515    3.1571e-17    3.5680e-17    1.0333e-17
1939.79614    1.5328e-17    1.2639e-17    2.9224e-17
1943.57446    3.0520e-17    3.1434e-17    2.5795e-17
1947.36011    4.3907e-17    4.6082e-17    3.2668e-17
1951.15332    8.9616e-18    5.4080e-18    2.7326e-17
1954.95374    1.6447e-17    1.5602e-17    2.0815e-17
1958.76160    2.2661e-17    2.0915e-17    3.1685e-17
1962.57690    2.3794e-17    1.9453e-17    4.6224e-17
1966.39966    5.3115e-17    5.4141e-17    4.7817e-17
1970.22974    3.4732e-17    3.7088e-17    2.2560e-17
1974.06738    3.6305e-17    3.7513e-17    3.0058e-17
1977.91248    1.3116e-17    1.2089e-17    1.8427e-17
1981.76514    7.4073e-18    5.4026e-18    1.7767e-17
1985.62524    2.4440e-17    2.2432e-17    3.4819e-17
1989.49280    1.6008e-17    1.2100e-17    3.6201e-17
1993.36792    9.9757e-18    6.4306e-18    2.8296e-17
1997.25061    7.8230e-18    3.8819e-18    2.8190e-17
2001.14087    3.8186e-17    4.2173e-17    1.7581e-17
2005.03870    2.8363e-17    2.9952e-17    2.0148e-17
2008.94409    4.5853e-17    4.9832e-17    2.5288e-17
2012.85718    3.5217e-17    3.6905e-17    2.6493e-17
2016.77783    3.6009e-17    3.7906e-17    2.6207e-17
2020.70605    2.1960e-17    2.3662e-17    1.3164e-17
2024.64209    1.6555e-17    1.5657e-17    2.1198e-17
2028.58569    3.8688e-17    4.2519e-17    1.8889e-17
2032.53687    4.4282e-17    4.6969e-17    3.0393e-17
2036.49585    2.1099e-17    2.0430e-17    2.4560e-17
2040.46265    3.3987e-17    3.8046e-17    1.3014e-17
2044.43701    2.1887e-17    2.4242e-17    9.7144e-18
2048.41919    1.5191e-17    1.4684e-17    1.7807e-17
2052.40918    1.9847e-17    2.0521e-17    1.6362e-17
2056.40674    3.0616e-17    3.2737e-17    1.9652e-17
2060.41211    6.7461e-18    7.0254e-18    5.3026e-18
2064.42554    4.2921e-17    4.7371e-17    1.9921e-17
2068.44678    2.9336e-17    2.3299e-17    6.0534e-17
2072.47559    4.0004e-17    4.3570e-17    2.1580e-17
2076.51221    2.2881e-17    1.5608e-17    6.0463e-17
2080.55713    1.7480e-17    1.6460e-17    2.2754e-17
2084.60938    1.1346e-17    9.1103e-18    2.2902e-17
2088.66992    2.3375e-17    2.5779e-17    1.0953e-17
2092.73828    1.9687e-17    1.6720e-17    3.5020e-17
2096.81445    1.2608e-17    1.0829e-17    2.1805e-17
2100.89868    3.3162e-17    3.2259e-17    3.7829e-17
2104.99072    2.0444e-17    2.0302e-17    2.1178e-17
2109.09082    7.4958e-17    8.2339e-17    3.6811e-17
2113.19922    2.0062e-17    2.0521e-17    1.7694e-17
2117.31519    7.5244e-17    7.7805e-17    6.2005e-17
2121.43945    1.1135e-17    1.0031e-17    1.6841e-17
2125.57129    1.4811e-17    1.1449e-17    3.2182e-17
2129.71143    4.4377e-17    4.6892e-17    3.1383e-17
2133.85986    2.6919e-17    2.6111e-17    3.1095e-17
2138.01611    4.3107e-17    4.6111e-17    2.7580e-17
2142.18066    3.1169e-17    3.0145e-17    3.6461e-17
2146.35303    2.4887e-17    2.4180e-17    2.8537e-17
2150.53369    3.9343e-17    4.2436e-17    2.3362e-17
2154.72266    1.6032e-17    1.3826e-17    2.7435e-17
2158.91968    2.4930e-17    2.5845e-17    2.0200e-17
2163.12500    3.8311e-17    4.0609e-17    2.6436e-17
2167.33813    4.6566e-17    4.7447e-17    4.2015e-17
2171.55957    1.3493e-17    1.2296e-17    1.9683e-17
2175.78955    4.7230e-17    4.8222e-17    4.2107e-17
2180.02759    1.4763e-17    1.5129e-17    1.2871e-17
2184.27393    3.0113e-17    2.7175e-17    4.5298e-17
2188.52832    3.3830e-17    3.4214e-17    3.1842e-17
2192.79102    2.0313e-17    1.7353e-17    3.5611e-17
2197.06226    1.4031e-17    1.0748e-17    3.0998e-17
2201.34180    2.0512e-17    1.8405e-17    3.1404e-17
2205.62939    2.9276e-17    2.6225e-17    4.5044e-17
2209.92554    4.1828e-17    4.2129e-17    4.0276e-17
2214.22998    5.4979e-17    5.7893e-17    3.9915e-17
2218.54297    4.5674e-17    4.6571e-17    4.1040e-17
2222.86426    5.1552e-17    5.6038e-17    2.8371e-17
2227.19409    4.6757e-17    4.5739e-17    5.2019e-17
2231.53223    3.4256e-17    3.4292e-17    3.4068e-17
2235.87891    3.1027e-17    3.2004e-17    2.5983e-17
2240.23389    6.0701e-17    6.3573e-17    4.5856e-17
2244.59717    3.9472e-17    4.3188e-17    2.0268e-17
2248.96924    6.4561e-17    6.9650e-17    3.8259e-17
2253.34985    6.1457e-17    6.7337e-17    3.1069e-17
2257.73901    4.9821e-17    5.3519e-17    3.0712e-17
2262.13672    5.2651e-17    5.7851e-17    2.5775e-17
2266.54297    7.2573e-17    8.1231e-17    2.7829e-17
2270.95752    6.6011e-17    7.0404e-17    4.3309e-17
2275.38086    8.0927e-17    8.8915e-17    3.9651e-17
2279.81299    4.7852e-17    4.7887e-17    4.7671e-17
2284.25366    4.8887e-17    5.1952e-17    3.3048e-17
2288.70288    3.4547e-17    3.2746e-17    4.3859e-17
2293.16089    6.1969e-17    6.6763e-17    3.7195e-17
2297.62744    3.0889e-17    2.9627e-17    3.7407e-17
2302.10303    3.4749e-17    3.4180e-17    3.7688e-17
2306.58691    8.7709e-17    8.4852e-17    1.0248e-16
2311.07959    6.9542e-17    7.2651e-17    5.3474e-17
2315.58105    4.3732e-17    4.6146e-17    3.1259e-17
2320.09155    5.4384e-17    5.8318e-17    3.4055e-17
2324.61060    4.2422e-17    4.6614e-17    2.0759e-17
2329.13843    1.0150e-16    1.1585e-16    2.7390e-17
2333.67529    3.6483e-17    4.2016e-17    7.8887e-18
2338.22070    7.1528e-17    8.0054e-17    2.7470e-17
2342.77490    6.5238e-17    7.3498e-17    2.2552e-17
2347.33838    7.5270e-17    8.2771e-17    3.6508e-17
2351.91064    4.7441e-17    5.2526e-17    2.1157e-17
2356.49170    6.6044e-17    7.0965e-17    4.0612e-17
2361.08154    1.0733e-16    1.1976e-16    4.3060e-17
2365.68066    1.1341e-16    1.2733e-16    4.1491e-17
2370.28833    6.8437e-17    7.7271e-17    2.2789e-17
2374.90527    8.8584e-17    9.9236e-17    3.3540e-17
2379.53101    5.4791e-17    6.0516e-17    2.5205e-17
2384.16602    1.0617e-16    1.1885e-16    4.0622e-17
2388.80981    6.4265e-17    6.9990e-17    3.4680e-17
2393.46289    9.0121e-17    9.7311e-17    5.2965e-17
2398.12476    6.3602e-17    6.9494e-17    3.3155e-17
2402.79590    8.9182e-17    9.4858e-17    5.9848e-17
2407.47607    5.4374e-17    5.9341e-17    2.8706e-17
2412.16528    1.0975e-16    1.2144e-16    4.9285e-17
2416.86377    8.3496e-17    9.0813e-17    4.5682e-17
2421.57129    6.3053e-17    6.6266e-17    4.6450e-17
2426.28809    1.2076e-16    1.3085e-16    6.8630e-17
2431.01392    1.2690e-16    1.3691e-16    7.5154e-17
2435.74902    1.2914e-16    1.3703e-16    8.8397e-17
2440.49365    5.6787e-17    6.0922e-17    3.5414e-17
2445.24707    9.0949e-17    9.9003e-17    4.9328e-17
2450.01001    7.9057e-17    8.3580e-17    5.5680e-17
2454.78223    9.3300e-17    9.9863e-17    5.9386e-17
2459.56348    1.0499e-16    1.1363e-16    6.0311e-17
2464.35425    1.3242e-16    1.4495e-16    6.7675e-17
2469.15430    1.2699e-16    1.3688e-16    7.5912e-17
2473.96387    1.0056e-16    1.0733e-16    6.5581e-17
2478.78271    9.0168e-17    1.0055e-16    3.6488e-17
2483.61084    7.8032e-17    8.2031e-17    5.7363e-17
2488.44849    1.1174e-16    1.1751e-16    8.1900e-17
2493.29541    5.5213e-17    6.0127e-17    2.9817e-17
2498.15186    8.4040e-17    8.8812e-17    5.9376e-17
2503.01782    9.4995e-17    1.0183e-16    5.9665e-17
2507.89307    1.0587e-16    1.1402e-16    6.3729e-17
2512.77808    1.0581e-16    1.1374e-16    6.4856e-17
2517.67236    8.0497e-17    8.6788e-17    4.7987e-17
2522.57642    7.9647e-17    8.3859e-17    5.7883e-17
2527.48975    1.1752e-16    1.2714e-16    6.7793e-17
2532.41309    3.9304e-17    4.2423e-17    2.3185e-17
2537.34570    1.1145e-16    1.2088e-16    6.2744e-17
2542.28760    9.6192e-17    1.0377e-16    5.7029e-17
2547.23975    1.1439e-16    1.2441e-16    6.2585e-17
2552.20117    7.1229e-17    7.4499e-17    5.4333e-17
2557.17236    6.8607e-17    7.3717e-17    4.2198e-17
2562.15332    1.0196e-16    1.1324e-16    4.3688e-17
2567.14404    6.9656e-17    7.7078e-17    3.1303e-17
2572.14404    7.8952e-17    8.3169e-17    5.7164e-17
2577.15430    4.6511e-17    5.2155e-17    1.7343e-17
2582.17383    5.4403e-17    6.0158e-17    2.4665e-17
2587.20361    8.9766e-17    9.7735e-17    4.8583e-17
2592.24292    6.2132e-17    7.0243e-17    2.0215e-17
2597.29199    9.7105e-17    1.0537e-16    5.4412e-17
2602.35107    1.5094e-17    1.5316e-17    1.3950e-17
2607.41992    8.7098e-17    9.4415e-17    4.9286e-17
2612.49854    1.0380e-16    1.1364e-16    5.2920e-17
2617.58740    4.7572e-17    5.2967e-17    1.9691e-17
2622.68604    7.9732e-17    8.8220e-17    3.5868e-17
2627.79443    1.1282e-16    1.2276e-16    6.1476e-17
2632.91284    7.9220e-17    8.1541e-17    6.7228e-17
2638.04126    4.8180e-17    4.9415e-17    4.1796e-17
2643.17969    5.4178e-17    4.9225e-17    7.9776e-17
2648.32812    1.6008e-17    1.3278e-17    3.0115e-17
2653.48633    4.8709e-17    4.5964e-17    6.2897e-17
2658.65479    2.2252e-17    1.7586e-17    4.6366e-17
2663.83350    3.2438e-17    3.4725e-17    2.0620e-17
2669.02197    6.5102e-17    6.8844e-17    4.5764e-17
2674.22070    3.2491e-18    2.7820e-18    5.6629e-18
2679.42969    4.3594e-17    4.3191e-17    4.5676e-17
2684.64868    6.5231e-17    6.6599e-17    5.8157e-17
2689.87793    1.4767e-17    1.3647e-17    2.0555e-17
2695.11719    6.3215e-17    6.6456e-17    4.6465e-17
2700.36670    1.8333e-17    1.4167e-17    3.9861e-17
2705.62646    6.3230e-17    6.5958e-17    4.9132e-17
2710.89648    6.0836e-17    6.6400e-17    3.2084e-17
2716.17676    8.7766e-17    9.8586e-17    3.1849e-17
2721.46729    4.5339e-17    4.5710e-17    4.3424e-17
2726.76831    7.3245e-17    8.2355e-17    2.6167e-17
2732.07959    4.6384e-17    4.9413e-17    3.0727e-17
2737.40112    8.3832e-17    9.3049e-17    3.6197e-17
2742.73291    4.9227e-17    5.4667e-17    2.1117e-17
2748.07520    1.0723e-16    1.1844e-16    4.9322e-17
2753.42798    9.6529e-17    1.0366e-16    5.9663e-17
2758.79102    1.7357e-17    1.5404e-17    2.7451e-17
2764.16479    6.3086e-17    6.9098e-17    3.2016e-17
2769.54883    6.8859e-17    7.5184e-17    3.6173e-17
2774.94336    7.6659e-17    8.2431e-17    4.6827e-17
2780.34863    3.4102e-17    2.9148e-17    5.9700e-17
2785.76416    7.5286e-17    7.3012e-17    8.7037e-17
2791.18994    1.8840e-17    1.7528e-17    2.5617e-17
2796.62695    1.3384e-17    1.1792e-17    2.1614e-17
2802.07422    1.2830e-17    1.1988e-17    1.7179e-17
2807.53198    2.3863e-17    2.1956e-17    3.3716e-17
2813.00049    1.8523e-17    1.5869e-17    3.2241e-17
2818.47949    3.8551e-17    3.3210e-17    6.6151e-17
2823.96948    5.0588e-17    5.2918e-17    3.8548e-17
2829.47021    7.2215e-17    7.7706e-17    4.3835e-17
2834.98145    6.0944e-17    6.3198e-17    4.9295e-17
2840.50342    7.1259e-17    7.5166e-17    5.1067e-17
2846.03613    7.6431e-17    7.2674e-17    9.5847e-17
2851.57959    4.3244e-17    4.3336e-17    4.2767e-17
2857.13379    7.4641e-17    7.0906e-17    9.3943e-17
2862.69922    3.9432e-17    3.5524e-17    5.9631e-17
2868.27490    6.5140e-17    6.2917e-17    7.6625e-17
2873.86182    2.8443e-17    2.6765e-17    3.7111e-17
2879.45947    3.8003e-17    3.4545e-17    5.5870e-17
2885.06836    5.2690e-17    5.4028e-17    4.5772e-17
2890.68774    4.7288e-17    4.7266e-17    4.7399e-17
2896.31860    4.9379e-17    4.5877e-17    6.7478e-17
2901.95972    2.3910e-17    2.1669e-17    3.5493e-17
2907.61230    2.6120e-17    2.0220e-17    5.6613e-17
2913.27563    6.2829e-18    4.4137e-18    1.5943e-17
2918.95020    3.6336e-17    3.0355e-17    6.7240e-17
2924.63574    2.8622e-17    2.5879e-17    4.2800e-17
2930.33228    3.2840e-18    2.6866e-18    6.3711e-18
2936.04004    6.7191e-18    5.1118e-18    1.5026e-17
2941.75903    3.2259e-17    3.1332e-17    3.7054e-17
2947.48877    5.4117e-17    5.8321e-17    3.2391e-17
2953.22998    2.6698e-17    2.6078e-17    2.9902e-17
2958.98242    3.0304e-17    2.7520e-17    4.4695e-17
2964.74585    4.0232e-17    4.3543e-17    2.3120e-17
2970.52075    3.9990e-17    3.9454e-17    4.2759e-17
2976.30664    1.7399e-17    1.5065e-17    2.9460e-17
2982.10376    6.4893e-17    6.5524e-17    6.1636e-17
2987.91187    1.5367e-17    1.6469e-17    9.6733e-18
2993.73218    5.5440e-18    3.5020e-18    1.6097e-17
2999.56348    2.6459e-17    2.6184e-17    2.7875e-17
3005.40601    3.1555e-17    3.4944e-17    1.4042e-17
3011.25977    1.9882e-17    1.4979e-17    4.5216e-17
3017.12500    1.9280e-17    1.4908e-17    4.1870e-17
3023.00195    7.2074e-18    4.6772e-18    2.0283e-17
3028.89014    1.2425e-17    8.3571e-18    3.3449e-17
3034.79004    9.7000e-18    6.4515e-18    2.6488e-17
3040.70117    6.7545e-18    4.5544e-18    1.8124e-17
3046.62402    4.2221e-17    3.6659e-17    7.0964e-17
3052.55811    5.4762e-18    3.6352e-18    1.4990e-17
3058.50391    4.0723e-18    2.6844e-18    1.1245e-17
3064.46143    2.7328e-17    2.4156e-17    4.3721e-17
3070.43018    2.6289e-17    1.9800e-17    5.9822e-17
3076.41064    5.2681e-17    4.4223e-17    9.6387e-17
3082.40332    9.3385e-18    6.6903e-18    2.3024e-17
3088.40698    7.0661e-18    4.8197e-18    1.8676e-17
3094.42261    2.5878e-17    2.5185e-17    2.9460e-17
3100.44971    5.2933e-18    3.5069e-18    1.4525e-17
3106.48901    9.0840e-18    6.0611e-18    2.4706e-17
3112.53979    5.0323e-18    3.2899e-18    1.4037e-17
3118.60229    4.8153e-18    3.1160e-18    1.3597e-17
3124.67676    2.7971e-19    1.7166e-19    8.3813e-19
3130.76318    7.0725e-18    5.0753e-18    1.7394e-17
3136.86133    2.2234e-18    1.3893e-18    6.5339e-18
3142.97119    1.7574e-17    1.6721e-17    2.1985e-17
3149.09302    9.2223e-18    6.6577e-18    2.2476e-17
3155.22681    3.9892e-18    2.6246e-18    1.1041e-17
3161.37256    4.8438e-17    5.0789e-17    3.6285e-17
3167.53027    4.4683e-17    4.6976e-17    3.2833e-17
3173.70020    4.6253e-20    3.3896e-20    1.1011e-19
3179.88184    3.2908e-17    3.1335e-17    4.1039e-17
3186.07568    5.1756e-17    5.3406e-17    4.3231e-17
3192.28149    5.3743e-17    5.5311e-17    4.5641e-17
3198.49951    3.2404e-17    3.5562e-17    1.6088e-17
3204.72949    8.0410e-18    5.2269e-18    2.2584e-17
3210.97168    5.4775e-17    5.8207e-17    3.7040e-17
3217.22607    1.9467e-19    1.3614e-19    4.9713e-19
3223.49268    4.3284e-18    2.9660e-18    1.1369e-17
3229.77148    5.1009e-17    4.7309e-17    7.0130e-17
3236.06226    6.8906e-18    6.6697e-18    8.0322e-18
3242.36572    2.3202e-17    2.1157e-17    3.3771e-17
3248.68115    4.4160e-17    3.7515e-17    7.8503e-17
3255.00879    2.8851e-17    2.3098e-17    5.8582e-17
3261.34912    2.8057e-17    2.7017e-17    3.3430e-17
3267.70093    1.1978e-17    7.9382e-18    3.2854e-17
3274.06616    7.3184e-19    5.4258e-19    1.7099e-18
3280.44336    3.2872e-17    2.5584e-17    7.0538e-17
3286.83301    3.0287e-17    2.7949e-17    4.2368e-17
3293.23535    1.3878e-17    1.0341e-17    3.2158e-17
3299.64990    2.1439e-17    1.8120e-17    3.8591e-17
3306.07690    2.6804e-17    2.4050e-17    4.1041e-17
3312.51660    2.6773e-17    2.5289e-17    3.4444e-17
3318.96875    7.1750e-18    4.7052e-18    1.9939e-17
3325.43359    1.1036e-17    7.6463e-18    2.8551e-17
3331.91064    3.7737e-19    2.3792e-19    1.0981e-18
3338.40063    1.1968e-17    8.1019e-18    3.1948e-17
3344.90332    4.6051e-19    2.7214e-19    1.4340e-18
3351.41846    1.3182e-19    7.9775e-20    4.0076e-19
3357.94629    2.2535e-17    1.8130e-17    4.5303e-17
3364.48682    1.0249e-17    9.9672e-18    1.1707e-17
3371.04004    1.9834e-17    1.5049e-17    4.4565e-17
3377.60645    2.3133e-18    1.4779e-18    6.6305e-18
3384.18481    1.1070e-17    7.6275e-18    2.8862e-17
3390.77686    1.0183e-17    6.9267e-18    2.7010e-17
3397.38159    1.8163e-18    1.1212e-18    5.4082e-18
3403.99902    7.3676e-19    4.5057e-19    2.2157e-18
3410.62915    4.5168e-18    3.0242e-18    1.2231e-17
3417.27271    9.9850e-18    6.6869e-18    2.7029e-17
3423.92847    2.1910e-18    1.2969e-18    6.8116e-18
3430.59766    5.3492e-18    3.4533e-18    1.5147e-17
3437.27979    1.6303e-17    1.3657e-17    2.9978e-17
3443.97534    1.4628e-18    8.5007e-19    4.6291e-18
3450.68359    1.7771e-17    1.4129e-17    3.6591e-17
3457.40479    1.0186e-17    6.7439e-18    2.7976e-17
3464.13916    1.3551e-18    8.1151e-19    4.1642e-18
3470.88647    4.9883e-18    3.2030e-18    1.4215e-17
3477.64697    7.0670e-18    4.4041e-18    2.0828e-17
3484.42090    1.2737e-17    8.3712e-18    3.5298e-17
3491.20776    7.1010e-18    4.7071e-18    1.9472e-17
3498.00781    7.3444e-18    4.5473e-18    2.1799e-17
3504.82129    2.0252e-18    1.2537e-18    6.0121e-18
3511.64771    3.4732e-19    1.8753e-19    1.1731e-18
3518.48804    2.5083e-18    1.5369e-18    7.5283e-18
3525.34131    4.5266e-18    2.8282e-18    1.3303e-17
3532.20776    2.3490e-18    1.3764e-18    7.3750e-18
3539.08813    3.2583e-18    2.0335e-18    9.5877e-18
3545.98145    6.3171e-19    3.8647e-19    1.8991e-18
3552.88818    4.6888e-18    2.1284e-18    1.7921e-17
3559.80884    2.8372e-18    1.7652e-18    8.3773e-18
3566.74292    3.3895e-18    2.1717e-18    9.6830e-18
3573.68994    2.6581e-19    2.9043e-19    1.3853e-19
3580.65112    8.5757e-20    5.3910e-20    2.5034e-19
3587.62500    1.9409e-18    1.4522e-18    4.4664e-18
3594.61304    7.6595e-20    4.6807e-20    2.3054e-19
3601.61499    3.9632e-19    2.3883e-19    1.2102e-18
3608.63013    2.3244e-19    1.4084e-19    7.0577e-19
3615.65894    8.4619e-19    4.5980e-19    2.8430e-18
3622.70166    1.3933e-17    1.0373e-17    3.2331e-17
3629.75806    1.9291e-19    1.9677e-19    1.7299e-19
3636.82837    1.3567e-18    8.2073e-19    4.1264e-18
3643.91138    1.0488e-17    7.6325e-18    2.5243e-17
3651.00928    3.2723e-20    2.0088e-20    9.8019e-20
3658.12085    1.5455e-17    1.3460e-17    2.5764e-17
3665.24609    2.6549e-20    1.6461e-20    7.8681e-20
3672.38525    3.6610e-20    2.6746e-20    8.7588e-20
3679.53857    2.7733e-19    1.7006e-19    8.3167e-19
3686.70557    2.9262e-19    2.2488e-19    6.4273e-19
3693.88647    1.3346e-19    9.9611e-20    3.0840e-19
3701.08154    6.3358e-19    4.4696e-19    1.5981e-18
3708.29053    1.4361e-19    1.1752e-19    2.7844e-19
3715.51343    4.5885e-19    2.9908e-19    1.2845e-18
3722.75049    5.5735e-19    3.2447e-19    1.7608e-18
3730.00171    2.4797e-18    1.5542e-18    7.2624e-18
3737.26709    3.6783e-20    3.1595e-20    6.3598e-20
3744.54639    5.4443e-19    3.3239e-19    1.6403e-18
3751.84009    3.0745e-18    2.0276e-18    8.4847e-18
3759.14795    5.8317e-18    3.7013e-18    1.6842e-17
3766.47021    1.0655e-17    7.6553e-18    2.6155e-17
3773.80664    2.0377e-20    1.3327e-20    5.6809e-20
3781.15723    4.3022e-18    2.7206e-18    1.2476e-17
3788.52197    3.4265e-19    2.0603e-19    1.0487e-18
3795.90137    4.2800e-19    2.5068e-19    1.3444e-18
3803.29492    8.7534e-20    5.2947e-20    2.6627e-19
3810.70312    1.6095e-18    9.9272e-19    4.7972e-18
3818.12549    6.2855e-20    8.7645e-21    3.4239e-19
3825.56250    1.2911e-17    9.4208e-18    3.0948e-17
3833.01416    1.8003e-19    1.2885e-19    4.4457e-19
3840.47998    2.4469e-20    1.9887e-20    4.8149e-20
3847.96045    1.4892e-18    9.2509e-19    4.4044e-18
3855.45557    3.9777e-20    2.9164e-20    9.4620e-20
3862.96533    8.2663e-20    5.2396e-20    2.3908e-19
3870.48950    5.1381e-18    3.3559e-18    1.4349e-17
3878.02832    3.7944e-20    2.3223e-20    1.1402e-19
3885.58203    2.0660e-20    1.2548e-20    6.2585e-20
3893.15039    3.9830e-19    2.4340e-19    1.1988e-18
3900.73340    1.4842e-19    9.0648e-20    4.4699e-19
3908.33154    3.7755e-18    2.3609e-18    1.1086e-17
3915.94409    1.3534e-18    8.1600e-19    4.1305e-18
3923.57153    4.6779e-19    2.8119e-19    1.4321e-18
3931.21387    1.4269e-18    1.1522e-18    2.8464e-18
3938.87109    7.4276e-18    5.3677e-18    1.8073e-17
3946.54346    1.7016e-18    1.0490e-18    5.0741e-18
3954.23047    1.5587e-19    9.4290e-20    4.7412e-19
3961.93262    1.7974e-18    7.8063e-19    7.0519e-18
3969.64941    1.5755e-18    1.2308e-18    3.3567e-18
3977.38159    6.8320e-18    4.7832e-18    1.7420e-17
3985.12866    7.3277e-19    4.4554e-19    2.2171e-18
3992.89111    1.7196e-18    1.0399e-18    5.2321e-18
4000.66846    6.2842e-18    4.2758e-18    1.6663e-17
4008.46094    4.8165e-19    2.5692e-19    1.6430e-18
4016.26880    1.6459e-19    9.9633e-20    5.0027e-19
4024.09155    1.6491e-18    2.7144e-19    8.7685e-18
4031.92969    1.3480e-19    8.7821e-20    3.7759e-19
4039.78320    3.9814e-20    2.4177e-20    1.2062e-19
4047.65186    3.9678e-20    2.4096e-20    1.2020e-19
4055.53589    4.0582e-19    2.4595e-19    1.2320e-18
4063.43506    1.7924e-18    1.1063e-18    5.3382e-18
4071.35010    3.4683e-19    2.1056e-19    1.0511e-18
4079.28027    6.8486e-19    4.1715e-19    2.0683e-18
4087.22607    3.4268e-19    2.0824e-19    1.0375e-18
4095.18701    2.2622e-19    1.3734e-19    6.8553e-19
4103.16357    1.2165e-19    7.2732e-20    3.7445e-19
4111.15576    7.2930e-19    4.4347e-19    2.2065e-18
4119.16357    1.7787e-18    9.7698e-19    5.9221e-18
4127.18652    2.5618e-18    1.6902e-18    7.0659e-18
4135.22559    4.9839e-19    3.0412e-19    1.5023e-18
4143.28027    2.4743e-19    1.0470e-19    9.8503e-19
4151.35059    1.7492e-19    1.0583e-19    5.3198e-19
4159.43652    3.4614e-19    2.1013e-19    1.0490e-18
4167.53857    1.1388e-19    6.6722e-20    3.5759e-19
4175.65625    1.8144e-17    1.3634e-17    4.1449e-17
4183.78906    5.0597e-19    3.1388e-19    1.4987e-18
4191.93848    2.0428e-20    1.2337e-20    6.2242e-20
4200.10352    1.7153e-19    1.0379e-19    5.2161e-19
4208.28418    1.7475e-19    1.0614e-19    5.2932e-19
4216.48145    5.2348e-20    3.1646e-20    1.5933e-19
4224.69434    7.9326e-20    5.0048e-20    2.3063e-19
4232.92334    1.6822e-17    1.5558e-17    2.3352e-17
4241.16846    1.5408e-19    9.3919e-20    4.6499e-19
4249.42920    2.1705e-18    2.0158e-18    2.9696e-18
4257.70605    1.9612e-18    1.2255e-18    5.7630e-18
4265.99902    3.9742e-20    2.7718e-20    1.0188e-19
4274.30859    3.9074e-18    2.5396e-18    1.0976e-17
4282.63428    5.9902e-20    3.6212e-20    1.8233e-19
4290.97607    1.0952e-18    6.7403e-19    3.2719e-18
4299.33398    1.4747e-17    1.1249e-17    3.2822e-17
4307.70801    5.4315e-20    3.8824e-20    1.3437e-19
4316.09863    2.9179e-18    1.8752e-18    8.3062e-18
4324.50586    7.7498e-19    4.6859e-19    2.3583e-18
4332.92920    8.6635e-18    6.5577e-18    1.9546e-17
4341.36914    2.5028e-18    1.6660e-18    6.8273e-18
4349.82520    1.2484e-17    1.0679e-17    2.1811e-17
4358.29785    1.7849e-18    1.0801e-18    5.4277e-18
4366.78662    8.9129e-19    5.9463e-19    2.4243e-18
4375.29199    1.4096e-17    1.2167e-17    2.4068e-17
4383.81445    1.0692e-17    7.9070e-18    2.5083e-17
4392.35352    2.6886e-20    1.2820e-20    9.9580e-20
4400.90869    5.6879e-18    3.8495e-18    1.5189e-17
4409.48047    1.1407e-17    8.5704e-18    2.6066e-17
4418.06934    8.8466e-18    6.7393e-18    1.9737e-17
4426.67480    5.6148e-20    3.3704e-20    1.7214e-19
4435.29736    1.4631e-18    8.7544e-19    4.4998e-18
4443.93652    2.8960e-19    1.7511e-19    8.8129e-19
4452.59277    1.5593e-18    9.4466e-19    4.7358e-18
4461.26562    5.6678e-19    3.4280e-19    1.7243e-18
4469.95508    4.0330e-18    2.4825e-19    2.3592e-17
4478.66162    2.1714e-19    1.2234e-19    7.0708e-19
4487.38477    1.2196e-17    8.8212e-18    2.9639e-17
4496.12549    5.0736e-20    3.2209e-20    1.4648e-19
4504.88281    1.0928e-17    9.0223e-18    2.0779e-17
4513.65771    4.7664e-18    3.2115e-18    1.2802e-17
4522.44922    2.0950e-17    1.7193e-17    4.0366e-17
4531.25830    2.0769e-18    1.3121e-18    6.0290e-18
4540.08447    9.1113e-18    6.9999e-18    2.0023e-17
4548.92773    1.2558e-17    1.0830e-17    2.1489e-17
4557.78809    6.4355e-18    4.5037e-18    1.6418e-17
4566.66602    3.5821e-20    2.1523e-20    1.0971e-19
4575.56055    1.0705e-17    8.4704e-18    2.2254e-17
4584.47314    1.5739e-17    1.3547e-17    2.7065e-17
4593.40283    3.3384e-18    2.1401e-18    9.5310e-18
4602.34961    2.7274e-19    1.6634e-19    8.2258e-19
4611.31445    1.4417e-19    8.3941e-20    4.5543e-19
4620.29590    1.0026e-17    7.7215e-18    2.1933e-17
4629.29590    1.1018e-17    8.1969e-18    2.5599e-17
4638.31250    1.4200e-19    8.0244e-20    4.6115e-19
4647.34668    2.5891e-18    1.6485e-18    7.4502e-18
4656.39941    1.4414e-19    8.7056e-20    4.3912e-19
4665.46875    3.9253e-18    2.5232e-18    1.1171e-17
4674.55664    2.7438e-19    1.6567e-19    8.3616e-19
4683.66113    1.2355e-20    4.0224e-21    5.5418e-20
4692.78418    2.2517e-20    1.3525e-20    6.8989e-20
4701.92480    1.5184e-20    9.1211e-21    4.6518e-20
4711.08301    4.1338e-20    1.3127e-20    1.8713e-19
4720.25977    1.1844e-19    7.1314e-20    3.6199e-19
4729.45361    5.8277e-19    3.5453e-19    1.7623e-18
4738.66602    1.6425e-19    9.8872e-20    5.0211e-19
4747.89551    4.5841e-20    2.7619e-20    1.4001e-19
4757.14355    1.2346e-19    7.4344e-20    3.7727e-19
4766.41016    3.7909e-21    2.2760e-21    1.1620e-20
4775.69385    6.9861e-20    4.1980e-20    2.1395e-19
4784.99609    9.1431e-22    5.4884e-22    2.8030e-21
4794.31641    1.0090e-20    6.0584e-21    3.0926e-20
4803.65430    1.6906e-20    1.0148e-20    5.1830e-20
4813.01074    1.4225e-19    8.5646e-20    4.3478e-19
4822.38574    3.5586e-19    2.1457e-19    1.0860e-18
4831.77930    5.7330e-19    3.4734e-19    1.7410e-18
4841.19043    4.2729e-19    2.5794e-19    1.3024e-18
4850.62012    9.3659e-20    5.6296e-20    2.8675e-19
4860.06836    5.0743e-20    3.1248e-20    1.5149e-19
4869.53467    5.3626e-19    3.2634e-19    1.6211e-18
4879.01953    5.8938e-20    3.5361e-20    1.8078e-19
4888.52295    1.7609e-19    1.0594e-19    5.3863e-19
4898.04492    3.4396e-19    2.0686e-19    1.0525e-18
4907.58545    7.0355e-20    4.2218e-20    2.1576e-19
4917.14453    1.4255e-20    7.7548e-21    4.7850e-20
4926.72168    1.2004e-17    9.8408e-18    2.3181e-17
4936.31836    3.2747e-20    1.9546e-20    1.0097e-19
4945.93311    4.9976e-20    2.9951e-20    1.5346e-19
4955.56689    3.9498e-19    2.3886e-19    1.2018e-18
4965.21973    1.7189e-20    1.0308e-20    5.2751e-20
4974.89062    3.3698e-19    2.0239e-19    1.0325e-18
4984.58105    1.0073e-19    6.0648e-20    3.0785e-19
4994.29004    3.8032e-19    2.2164e-19    1.2004e-18
5004.01758    1.8517e-19    1.1081e-19    5.6945e-19
5013.76465    1.6844e-17    1.5219e-17    2.5243e-17
5023.53027    2.3615e-19    2.0418e-19    4.0136e-19
5033.31543    1.3129e-20    7.8699e-21    4.0309e-20
5043.11914    3.0764e-19    1.5678e-19    1.0873e-18
5052.94238    1.8758e-20    1.0165e-20    6.3166e-20
5062.78418    2.6803e-19    1.6128e-19    8.1973e-19
5072.64551    2.4891e-19    2.0855e-20    1.4275e-18
5082.52637    6.1462e-20    3.6623e-20    1.8983e-19
5092.42578    1.0893e-19    6.5469e-20    3.3354e-19
5102.34473    1.7675e-18    1.0941e-18    5.2475e-18
5112.28320    2.1026e-20    1.2594e-20    6.4606e-20
5122.24121    1.4497e-19    8.7045e-20    4.4430e-19
5132.21777    6.9609e-19    4.2029e-19    2.1213e-18
5142.21484    2.3109e-19    1.3914e-19    7.0628e-19
5152.23047    2.4393e-19    1.4546e-19    7.5282e-19
5162.26660    9.8439e-19    5.9957e-19    2.9730e-18
5172.32129    1.9020e-17    1.7156e-17    2.8654e-17
5182.39648    5.9905e-20    4.0416e-20    1.6062e-19
5192.49023    1.9871e-19    1.5989e-19    3.9937e-19
5202.60449    1.0875e-17    9.0419e-18    2.0348e-17
5212.73779    2.0808e-20    1.2459e-20    6.3954e-20
5222.89160    2.0078e-19    1.2058e-19    6.1524e-19
5233.06445    1.1577e-17    9.7968e-18    2.0779e-17
5243.25781    7.1221e-20    4.2848e-20    2.1785e-19
5253.47021    4.1412e-18    2.7137e-18    1.1519e-17
5263.70312    1.3145e-18    8.1618e-19    3.8898e-18
5273.95557    1.4666e-17    1.2219e-17    2.7315e-17
5284.22852    1.3447e-17    1.0323e-17    2.9591e-17
5294.52100    6.6857e-20    4.0226e-20    2.0448e-19
5304.83398    3.4149e-20    2.0463e-20    1.0488e-19
5315.16650    1.5619e-17    1.3317e-17    2.7512e-17
5325.51953    4.2718e-18    2.8477e-18    1.1632e-17
5335.89258    3.0509e-19    1.8408e-19    9.3046e-19
5346.28564    1.3702e-19    8.2458e-20    4.1897e-19
5356.69922    1.3763e-19    8.2550e-20    4.2229e-19
5367.13281    3.1375e-18    2.0314e-18    8.8537e-18
5377.58691    5.4192e-20    3.2429e-20    1.6666e-19
5388.06152    8.2199e-21    4.9185e-21    2.5281e-20
5398.55664    6.5611e-20    3.9308e-20    2.0154e-19
5409.07178    3.2984e-19    1.9867e-19    1.0077e-18
5419.60742    1.8966e-20    1.1824e-20    5.5878e-20
5430.16406    4.5662e-18    2.9003e-18    1.3175e-17
5440.74121    2.0283e-19    1.2163e-19    6.2246e-19
5451.33887    3.0766e-19    1.8543e-19    9.3936e-19
5461.95703    1.8801e-19    1.1303e-19    5.7553e-19
5472.59570    1.3631e-19    8.1818e-20    4.1792e-19
5483.25488    5.6021e-20    3.3545e-20    1.7217e-19
5493.93555    9.3290e-20    5.5937e-20    2.8632e-19
5504.63672    1.3233e-19    7.9680e-20    4.0444e-19
5515.35840    5.5464e-20    3.3216e-20    1.7044e-19
5526.10156    7.8845e-19    4.7009e-19    2.4337e-18
5536.86523    4.2409e-19    2.5553e-19    1.2952e-18
5547.64941    1.7243e-19    1.0366e-19    5.2783e-19
5558.45557    7.2879e-21    4.3566e-21    2.2437e-20
5569.28271    4.3913e-19    2.6257e-19    1.3516e-18
5580.12988    5.0003e-20    2.9939e-20    1.5369e-19
5590.99902    3.8693e-19    2.3116e-19    1.1920e-18
5601.88965    1.0818e-20    6.4645e-21    3.3314e-20
5612.80078    3.3336e-20    1.8679e-20    1.0908e-19
5623.73340    5.8904e-19    3.5534e-19    1.7968e-18
5634.68750    1.8579e-20    1.1104e-20    5.7211e-20
5645.66211    2.8595e-20    1.7097e-20    8.8016e-20
5656.65918    4.4259e-19    2.6801e-19    1.3448e-18
5667.67676    2.3124e-19    1.3823e-19    7.1190e-19
5678.71680    1.8593e-20    1.1264e-20    5.6469e-20
5689.77734    9.5655e-19    6.4973e-19    2.5422e-18
5700.86035    6.9423e-20    4.1482e-20    2.1382e-19
5711.96484    2.5384e-20    1.5175e-20    7.8143e-20
5723.09033    1.4938e-19    8.9564e-20    4.5850e-19
5734.23779    1.3391e-19    8.0276e-20    4.1110e-19
5745.40723    9.0863e-20    5.4401e-20    2.7929e-19
5756.59766    4.1003e-20    2.4498e-20    1.2630e-19
5767.81104    3.2831e-20    1.9615e-20    1.0113e-19
5779.04492    5.7406e-20    3.4320e-20    1.7671e-19
5790.30176    9.1462e-20    5.4861e-20    2.8061e-19
5801.58008    4.6938e-20    2.8055e-20    1.4452e-19
5812.88037    6.2481e-19    3.7902e-19    1.8950e-18
5824.20264    1.1728e-19    7.0272e-20    3.6024e-19
5835.54688    5.0780e-19    3.0694e-19    1.5459e-18
5846.91357    3.7597e-20    2.2455e-20    1.1585e-19
5858.30225    6.4816e-20    3.8741e-20    1.9957e-19
5869.71289    3.0182e-20    1.6582e-20    1.0047e-19
5881.14600    1.1667e-20    2.0045e-21    6.1599e-20
5892.60156    8.9236e-20    8.7608e-20    9.7648e-20
5904.07910    6.7556e-20    4.3045e-20    1.9423e-19
5915.57910    1.1800e-18    7.1096e-19    3.6039e-18
5927.10156    1.2385e-19    7.4060e-20    3.8115e-19
5938.64648    1.9170e-20    1.1443e-20    5.9100e-20
5950.21387    6.4576e-19    3.9287e-19    1.9527e-18
5961.80371    1.2509e-19    7.4685e-20    3.8556e-19
5973.41602    7.4855e-20    4.4815e-20    2.3010e-19
5985.05127    5.3457e-20    3.1946e-20    1.6462e-19
5996.70850    6.2114e-19    3.7412e-19    1.8977e-18
6008.38867    3.4974e-20    2.0879e-20    1.0782e-19
6020.09229    1.0883e-19    6.5143e-20    3.3460e-19
6031.81836    3.2491e-20    1.9390e-20    1.0019e-19
6043.56738    2.5357e-19    1.5186e-19    7.7921e-19
6055.33887    5.0997e-19    3.0594e-19    1.5644e-18
6067.13428    8.3259e-20    4.9779e-20    2.5629e-19
6078.95117    9.9787e-19    5.9924e-19    3.0579e-18
6090.79150    4.3912e-20    1.8232e-20    1.7662e-19
6102.65527    3.0040e-19    1.8009e-19    9.2214e-19
6114.54199    2.8189e-19    1.6886e-19    8.6601e-19
6126.45215    1.1098e-19    6.6315e-20    3.4180e-19
6138.38525    3.0558e-20    1.8240e-20    9.4217e-20
6150.34131    4.9396e-18    3.3050e-18    1.3387e-17
6162.32178    1.1397e-19    6.8873e-20    3.4701e-19
6174.32422    1.3293e-18    8.0265e-19    4.0508e-18
6186.35059    4.9133e-19    2.9404e-19    1.5109e-18
6198.40088    2.7977e-19    1.6702e-19    8.6242e-19
6210.47314    1.4021e-20    8.3694e-21    4.3227e-20
6222.57031    4.9661e-20    2.9670e-20    1.5297e-19
6234.69043    3.8212e-18    2.4984e-18    1.0657e-17
6246.83496    4.9672e-18    3.4636e-18    1.2738e-17
6259.00195    1.5429e-19    9.2097e-20    4.7571e-19
6271.19385    3.8847e-20    2.3198e-20    1.1972e-19
6283.40869    1.9212e-20    1.1519e-20    5.8963e-20
6295.64795    1.4211e-19    8.5367e-20    4.3536e-19
6307.91016    4.9888e-19    2.9947e-19    1.5294e-18
6320.19678    1.9819e-18    1.1875e-18    6.0871e-18
6332.50781    2.5889e-19    1.5515e-19    7.9497e-19
6344.84180    5.0822e-19    4.6730e-19    7.1968e-19
6357.20020    1.4547e-20    8.6822e-21    4.4853e-20
6369.58252    6.1751e-19    4.4654e-19    1.5010e-18
6381.98926    1.2744e-18    7.7352e-19    3.8628e-18
6394.42041    1.5715e-20    9.3800e-21    4.8456e-20
6406.87549    3.5724e-19    2.1541e-19    1.0902e-18
6419.35449    2.3600e-18    1.5142e-18    6.7312e-18
6431.85840    9.1509e-19    5.5348e-19    2.7839e-18
6444.38672    4.5394e-19    2.7228e-19    1.3927e-18
6456.93896    6.3075e-18    4.6237e-18    1.5009e-17
6469.51514    2.0291e-19    1.2139e-19    6.2423e-19
6482.11719    7.6340e-19    4.5848e-19    2.3392e-18
6494.74268    7.7387e-19    4.6783e-19    2.3554e-18
6507.39355    3.0366e-19    1.8206e-19    9.3204e-19
6520.06836    1.6778e-18    1.0269e-18    5.0417e-18
6532.76855    3.1862e-19    1.9016e-19    9.8249e-19
6545.49316    2.4748e-21    1.4769e-21    7.6321e-21
6558.24268    2.6623e-19    1.8516e-19    6.8520e-19
6571.01611    7.2775e-19    4.3801e-19    2.2251e-18
6583.81543    2.9144e-19    1.7046e-19    9.1669e-19
6596.63965    6.1496e-20    3.6798e-20    1.8913e-19
6609.48828    3.1513e-19    1.8865e-19    9.6876e-19
6622.36230    6.8824e-19    4.1172e-19    2.1173e-18
6635.26172    3.0225e-21    1.8037e-21    9.3212e-21
6648.18506    9.8400e-19    5.8914e-19    3.0246e-18
6661.13525    1.0164e-19    6.0682e-20    3.1332e-19
6674.10986    8.2344e-20    2.3778e-21    4.9560e-19
6687.10938    2.7503e-19    9.4337e-20    1.2088e-18
6700.13428    2.3485e-20    1.4023e-20    7.2388e-20
6713.18506    1.5689e-20    9.4493e-21    4.7936e-20
6726.26123    1.4934e-19    8.9159e-20    4.6038e-19
6739.36279    9.6814e-22    5.7697e-22    2.9897e-21
6752.48926    1.5351e-20    9.1562e-21    4.7366e-20
6765.64258    1.0817e-19    5.8065e-20    3.6709e-19
6778.82031    4.9061e-21    2.9276e-21    1.5131e-20
6792.02441    2.0580e-20    1.2280e-20    6.3475e-20
6805.25439    4.8490e-20    2.8931e-20    1.4957e-19
6818.50928    2.2851e-19    1.3639e-19    7.0459e-19
6831.78955    1.0368e-19    6.1846e-20    3.1986e-19
6845.09717    5.1204e-21    3.0567e-21    1.5785e-20
6858.43018    5.3499e-19    3.1939e-19    1.6492e-18
6871.78906    2.0815e-19    1.2427e-19    6.4161e-19
6885.17432    2.4274e-20    1.4420e-20    7.5196e-20
6898.58447    1.3621e-21    8.1294e-22    4.2002e-21
6912.02246    2.5807e-19    1.5443e-19    7.9366e-19
6925.48486    1.0330e-19    6.1519e-20    3.1923e-19
6938.97412    1.4030e-20    8.3668e-21    4.3299e-20
6952.49023    7.1266e-20    4.2609e-20    2.1936e-19
6966.03271    2.0776e-20    1.2385e-20    6.4138e-20
6979.60059    2.4520e-20    1.4631e-20    7.5629e-20
6993.19629    7.4223e-20    4.4348e-20    2.2861e-19
