1000.97394    1.4830e-17    1.9877e-17    1.3837e-18
1002.92358    4.6671e-18    6.0696e-18    9.3042e-19
1004.87708    5.3040e-18    6.8648e-18    1.1455e-18
1006.83441    3.4204e-18    4.4819e-18    5.9243e-19
1008.79553    6.7671e-18    9.0302e-18    7.3790e-19
1010.76050    2.0173e-19    2.5194e-19    6.7950e-20
1012.72925    2.7537e-18    3.6933e-18    2.5039e-19
1014.70178    6.0302e-18    8.0624e-18    6.1607e-19
1016.67822    7.0661e-18    9.5101e-18    5.5495e-19
1018.65857    3.3106e-18    4.4779e-18    2.0067e-19
1020.64270    5.3493e-18    7.2810e-18    2.0287e-19
1022.63074    3.4841e-18    4.7641e-18    7.3754e-20
1024.62256    7.8625e-19    1.0771e-18    1.1370e-20
1026.61841    1.7955e-19    2.4563e-19    3.4999e-21
1028.61792    3.6654e-18    5.0242e-18    4.5282e-20
1030.62158    9.5793e-18    1.3113e-17    1.6564e-19
1032.62891    9.9528e-18    1.3644e-17    1.1957e-19
1034.64038    6.5386e-18    8.8630e-18    3.4616e-19
1036.65564    9.1942e-18    1.2591e-17    1.4556e-19
1038.67480    2.4096e-18    3.1824e-18    3.5063e-19
1040.69800    3.3333e-18    4.5091e-18    2.0094e-19
1042.72510    7.1193e-18    9.4266e-18    9.7216e-19
1044.75610    8.5002e-18    1.0948e-17    1.9783e-18
1046.79102    5.9454e-18    7.7212e-18    1.2143e-18
1048.83008    8.2202e-19    1.0122e-18    3.1533e-19
1050.87292    6.5077e-18    8.5949e-18    9.4695e-19
1052.91980    3.2378e-18    3.8777e-18    1.5328e-18
1054.97070    2.6842e-17    3.6359e-17    1.4884e-18
1057.02563    1.7084e-17    2.1185e-17    6.1581e-18
1059.08447    1.7177e-17    2.2388e-17    3.2944e-18
1061.14734    4.2242e-17    5.5366e-17    7.2800e-18
1063.21436    6.6093e-17    9.0647e-17    6.7708e-19
1065.28516    1.5929e-17    2.0946e-17    2.5636e-18
1067.36011    7.5489e-17    1.0259e-16    3.2805e-18
1069.43921    3.8903e-17    5.1926e-17    4.2070e-18
1071.52222    4.5502e-17    6.1064e-17    4.0392e-18
1073.60938    1.1592e-16    1.5857e-16    2.3025e-18
1075.70056    7.4878e-17    1.0179e-16    3.1804e-18
1077.79590    6.1873e-17    8.2419e-17    7.1349e-18
1079.89514    7.2762e-18    9.0128e-18    2.6498e-18
1081.99854    3.4426e-17    4.6992e-17    9.4775e-19
1084.10608    5.0828e-17    6.9316e-17    1.5723e-18
1086.21777    9.1938e-18    1.0913e-17    4.6137e-18
1088.33350    4.2746e-17    5.7532e-17    3.3530e-18
1090.45337    6.0180e-17    8.1840e-17    2.4719e-18
1092.57727    3.4517e-17    4.7057e-17    1.1088e-18
1094.70532    4.5566e-17    6.0293e-17    6.3317e-18
1096.83765    5.8418e-17    7.9070e-17    3.3964e-18
1098.97412    7.1019e-17    9.7169e-17    1.3502e-18
1101.11475    5.6225e-17    7.5835e-17    3.9797e-18
1103.25952    1.6733e-17    2.1420e-17    4.2460e-18
1105.40845    2.6955e-17    3.5089e-17    5.2831e-18
1107.56152    3.5183e-17    4.7689e-17    1.8640e-18
1109.71887    3.4773e-17    4.7117e-17    1.8860e-18
1111.88037    3.4438e-17    4.6767e-17    1.5933e-18
1114.04614    6.1333e-17    8.2112e-17    5.9740e-18
1116.21606    3.8340e-17    5.2361e-17    9.8680e-19
1118.39014    8.9613e-18    1.0991e-17    3.5531e-18
1120.56860    1.0015e-17    1.2888e-17    2.3619e-18
1122.75122    5.1940e-17    7.1200e-17    6.2684e-19
1124.93811    4.8557e-17    6.5364e-17    3.7815e-18
1127.12927    1.3890e-16    1.9019e-16    2.2705e-18
1129.32471    6.9578e-17    9.5429e-17    7.0450e-19
1131.52441    4.7103e-17    6.4128e-17    1.7435e-18
1133.72839    8.7880e-17    1.2056e-16    8.0959e-19
1135.93665    1.7659e-17    2.3269e-17    2.7128e-18
1138.14917    3.0779e-17    4.2088e-17    6.4943e-19
1140.36621    4.9316e-17    6.5655e-17    5.7872e-18
1142.58740    7.1653e-17    9.7338e-17    3.2209e-18
1144.81299    2.0734e-16    2.7986e-16    1.4116e-17
1147.04272    2.3473e-16    3.1788e-16    1.3185e-17
1149.27698    1.3741e-16    1.8686e-16    5.6897e-18
1151.51562    1.4667e-16    1.9966e-16    5.5128e-18
1153.75854    1.4251e-16    1.9243e-16    9.5252e-18
1156.00586    2.9104e-17    3.8286e-17    4.6431e-18
1158.25745    8.1508e-17    1.0825e-16    1.0247e-17
1160.51355    1.0463e-16    1.3859e-16    1.4146e-17
1162.77393    5.7386e-17    7.6569e-17    6.2759e-18
1165.03882    5.1065e-17    6.8784e-17    3.8588e-18
1167.30811    5.5292e-17    7.4014e-17    5.4132e-18
1169.58179    5.7809e-17    7.7555e-17    5.2032e-18
1171.85986    7.8718e-17    1.0506e-16    8.5478e-18
1174.14246    8.8938e-17    1.1987e-16    6.5373e-18
1176.42944    8.4565e-17    1.1401e-16    6.1203e-18
1178.72095    2.1654e-17    2.9215e-17    1.5106e-18
1181.01685    4.5430e-17    6.1636e-17    2.2564e-18
1183.31714    3.7017e-17    5.0217e-17    1.8512e-18
1185.62207    6.3192e-17    8.4990e-17    5.1187e-18
1187.93140    8.9925e-17    1.2134e-16    6.2368e-18
1190.24536    3.9840e-17    5.4131e-17    1.7663e-18
1192.56372    1.0544e-16    1.4358e-16    3.8217e-18
1194.88647    3.4658e-17    4.7141e-17    1.4027e-18
1197.21387    6.9409e-17    9.4792e-17    1.7838e-18
1199.54590    4.9062e-17    6.6917e-17    1.4931e-18
1201.88232    1.4620e-17    1.9926e-17    4.8416e-19
1204.22339    8.4212e-18    1.1506e-17    2.0206e-19
1206.56897    1.4955e-17    2.0471e-17    2.5857e-19
1208.91919    2.6416e-17    3.6124e-17    5.5266e-19
1211.27393    1.1121e-17    1.5215e-17    2.1408e-19
1213.63330    7.1934e-18    9.8263e-18    1.7858e-19
1215.99719    2.1010e-18    2.7619e-18    3.4005e-19
1218.36572    1.5344e-17    2.1011e-17    2.4513e-19
1220.73877    1.6366e-17    2.2434e-17    2.0204e-19
1223.11658    1.0840e-17    1.4851e-17    1.5535e-19
1225.49902    7.6795e-18    1.0482e-17    2.1212e-19
1227.88599    1.8208e-17    2.4895e-17    3.9185e-19
1230.27771    4.8467e-18    6.5986e-18    1.7910e-19
1232.67407    2.6624e-17    3.6333e-17    7.5734e-19
1235.07507    2.8768e-17    3.9224e-17    9.0861e-19
1237.48071    2.7132e-17    3.6933e-17    1.0202e-18
1239.89111    2.3036e-17    3.1323e-17    9.5877e-19
1242.30615    3.5164e-17    4.7579e-17    2.0889e-18
1244.72595    1.7351e-17    2.3461e-17    1.0723e-18
1247.15039    1.1454e-17    1.5482e-17    7.2185e-19
1249.57959    2.7959e-17    3.7498e-17    2.5453e-18
1252.01355    2.6849e-17    3.6048e-17    2.3428e-18
1254.45215    3.1110e-17    4.1974e-17    2.1653e-18
1256.89563    3.1287e-17    4.1753e-17    3.4028e-18
1259.34375    2.7109e-17    3.6361e-17    2.4624e-18
1261.79675    4.5830e-17    6.1251e-17    4.7459e-18
1264.25452    2.5763e-17    3.4148e-17    3.4224e-18
1266.71704    6.8514e-17    9.0981e-17    8.6576e-18
1269.18433    2.8455e-17    3.7526e-17    4.2880e-18
1271.65649    6.2490e-17    8.3440e-17    6.6745e-18
1274.13342    3.9985e-17    5.2318e-17    7.1271e-18
1276.61523    1.9743e-17    2.6153e-17    2.6634e-18
1279.10181    2.9226e-17    3.7460e-17    7.2889e-18
1281.59326    2.2734e-17    2.9408e-17    4.9532e-18
1284.08960    1.4499e-17    1.8483e-17    3.8868e-18
1286.59070    2.8420e-17    3.6284e-17    7.4680e-18
1289.09668    7.1562e-17    9.1676e-17    1.7977e-17
1291.60767    2.4640e-17    3.1163e-17    7.2602e-18
1294.12341    3.4119e-17    4.2411e-17    1.2030e-17
1296.64404    3.0097e-17    3.9729e-17    4.4358e-18
1299.16968    4.4467e-17    5.6909e-17    1.1319e-17
1301.70020    2.8124e-17    3.5723e-17    7.8772e-18
1304.23572    3.6242e-17    4.6858e-17    7.9604e-18
1306.77612    4.1472e-17    5.1437e-17    1.4922e-17
1309.32141    1.5628e-17    1.9932e-17    4.1602e-18
1311.87183    1.7765e-17    2.1313e-17    8.3140e-18
1314.42700    3.1634e-17    4.0876e-17    7.0101e-18
1316.98730    3.4171e-17    3.9929e-17    1.8829e-17
1319.55249    5.1852e-17    6.2646e-17    2.3093e-17
1322.12280    4.9453e-17    6.1273e-17    1.7962e-17
1324.69800    3.4861e-17    4.0867e-17    1.8862e-17
1327.27820    5.0835e-17    5.9083e-17    2.8860e-17
1329.86353    3.7031e-17    4.2227e-17    2.3189e-17
1332.45386    4.7463e-17    5.4133e-17    2.9693e-17
1335.04919    1.7466e-17    2.0952e-17    8.1770e-18
1337.64966    1.7495e-17    1.9870e-17    1.1166e-17
1340.25513    4.1050e-17    4.7556e-17    2.3716e-17
1342.86560    1.1046e-17    1.1890e-17    8.7949e-18
1345.48120    3.8440e-17    4.3051e-17    2.6154e-17
1348.10205    4.5578e-18    4.9855e-18    3.4183e-18
1350.72778    3.2050e-17    3.5018e-17    2.4143e-17
1353.35876    2.1447e-17    2.2672e-17    1.8185e-17
1355.99487    2.6628e-17    2.9427e-17    1.9171e-17
1358.63611    3.4355e-17    4.2601e-17    1.2385e-17
1361.28247    5.7868e-17    6.9517e-17    2.6833e-17
1363.93396    5.2180e-17    6.0865e-17    2.9044e-17
1366.59058    9.7543e-17    1.1439e-16    5.2662e-17
1369.25244    4.5967e-17    5.2987e-17    2.7266e-17
1371.91956    7.0906e-17    8.2756e-17    3.9337e-17
1374.59180    1.2326e-16    1.4617e-16    6.2206e-17
1377.26929    1.2574e-16    1.4619e-16    7.1228e-17
1379.95190    6.4226e-17    7.1790e-17    4.4074e-17
1382.63965    8.4812e-17    9.0844e-17    6.8741e-17
1385.33276    4.1611e-17    4.3108e-17    3.7625e-17
1388.03125    6.4042e-17    7.3059e-17    4.0021e-17
1390.73486    2.0911e-17    2.4292e-17    1.1903e-17
1393.44360    4.0509e-17    4.6056e-17    2.5730e-17
1396.15784    5.3602e-17    5.9492e-17    3.7911e-17
1398.87720    1.6028e-16    1.9626e-16    6.4428e-17
1401.60205    1.1654e-16    1.4879e-16    3.0645e-17
1404.33203    7.1587e-17    8.0487e-17    4.7875e-17
1407.06738    3.3338e-17    3.4563e-17    3.0074e-17
1409.80811    4.5688e-17    4.9670e-17    3.5080e-17
1412.55420    4.3073e-17    5.1023e-17    2.1894e-17
1415.30554    1.5797e-16    1.9572e-16    5.7390e-17
1418.06213    8.3201e-17    9.2255e-17    5.9077e-17
1420.82446    2.9338e-17    3.1185e-17    2.4418e-17
1423.59180    2.3648e-17    2.6263e-17    1.6679e-17
1426.36475    1.0080e-17    1.1092e-17    7.3809e-18
1429.14307    4.0943e-17    3.9333e-17    4.5233e-17
1431.92676    5.5160e-17    6.4496e-17    3.0287e-17
1434.71582    2.5606e-17    2.7277e-17    2.1152e-17
1437.51038    1.1029e-16    1.3042e-16    5.6677e-17
1440.31030    8.2305e-17    8.9407e-17    6.3383e-17
1443.11572    6.7732e-17    7.2594e-17    5.4781e-17
1445.92676    2.1801e-17    2.2284e-17    2.0514e-17
1448.74316    1.9661e-17    1.9058e-17    2.1269e-17
1451.56494    2.6159e-17    2.4464e-17    3.0675e-17
1454.39233    4.3003e-17    4.5809e-17    3.5527e-17
1457.22522    2.6812e-17    2.4721e-17    3.2385e-17
1460.06360    2.2413e-17    2.2224e-17    2.2914e-17
1462.90747    4.3715e-17    4.2686e-17    4.6457e-17
1465.75696    1.9306e-17    1.7313e-17    2.4616e-17
1468.61206    2.6805e-17    2.8270e-17    2.2904e-17
1471.47253    3.6003e-17    3.2150e-17    4.6270e-17
1474.33862    6.9784e-17    8.0080e-17    4.2351e-17
1477.21045    5.8202e-17    5.4009e-17    6.9372e-17
1480.08777    6.1236e-17    6.5017e-17    5.1163e-17
1482.97058    5.1891e-17    5.0537e-17    5.5501e-17
1485.85913    3.5831e-17    3.1913e-17    4.6270e-17
1488.75342    6.6921e-17    5.8893e-17    8.8309e-17
1491.65332    4.8500e-17    4.2748e-17    6.3824e-17
1494.55859    2.2815e-17    2.0367e-17    2.9337e-17
1497.46985    3.0435e-17    3.1326e-17    2.8061e-17
1500.38647    1.4756e-17    1.3630e-17    1.7759e-17
1503.30896    4.8859e-17    4.6682e-17    5.4659e-17
1506.23706    7.4157e-17    7.8962e-17    6.1358e-17
1509.17090    6.7843e-17    6.5212e-17    7.4850e-17
1512.11060    6.5274e-17    7.2915e-17    4.4916e-17
1515.05591    3.2578e-17    3.3441e-17    3.0279e-17
1518.00684    3.2950e-18    3.3648e-18    3.1092e-18
1520.96362    4.8453e-17    4.8617e-17    4.8014e-17
1523.92627    2.9635e-17    2.8963e-17    3.1424e-17
1526.89453    3.0373e-17    3.2362e-17    2.5074e-17
1529.86865    4.9856e-18    4.4562e-18    6.3961e-18
1532.84839    1.3456e-17    1.4321e-17    1.1149e-17
1535.83411    1.2380e-17    1.2745e-17    1.1410e-17
1538.82568    1.2565e-17    1.0707e-17    1.7514e-17
1541.82300    1.1844e-17    1.0392e-17    1.5712e-17
1544.82617    6.1779e-18    5.4813e-18    8.0336e-18
1547.83521    1.7708e-17    1.5671e-17    2.3134e-17
1550.85010    3.5412e-17    3.4014e-17    3.9137e-17
1553.87085    2.5375e-17    2.1314e-17    3.6194e-17
1556.89746    1.9376e-17    2.3401e-17    8.6530e-18
1559.92993    3.6927e-17    5.0409e-17    1.0088e-18
1562.96863    3.7276e-17    4.6086e-17    1.3807e-17
1566.01282    9.6275e-18    1.1777e-17    3.9017e-18
1569.06311    4.9857e-17    6.7806e-17    2.0389e-18
1572.11938    3.0418e-17    3.4933e-17    1.8388e-17
1575.18152    4.3647e-17    5.7245e-17    7.4195e-18
1578.24963    5.0125e-17    5.3022e-17    4.2406e-17
1581.32373    3.8306e-17    4.2542e-17    2.7019e-17
1584.40381    2.2303e-17    2.7331e-17    8.9099e-18
1587.48999    2.8166e-17    3.5904e-17    7.5494e-18
1590.58215    7.2201e-18    6.7245e-18    8.5405e-18
1593.68018    3.5210e-17    2.8732e-17    5.2470e-17
1596.78442    9.6009e-18    7.6350e-18    1.4838e-17
1599.89465    1.6328e-17    1.6571e-17    1.5680e-17
1603.01086    1.7436e-17    2.0278e-17    9.8628e-18
1606.13330    2.3585e-17    2.6675e-17    1.5352e-17
1609.26172    5.6395e-17    7.4981e-17    6.8790e-18
1612.39636    3.6265e-17    4.8505e-17    3.6554e-18
1615.53674    1.5140e-18    1.8533e-18    6.1004e-19
1618.68347    3.6599e-17    4.7876e-17    6.5545e-18
1621.83630    5.5257e-17    7.2356e-17    9.7035e-18
1624.99548    2.9623e-17    3.9334e-17    3.7503e-18
1628.16064    5.7040e-17    7.5820e-17    7.0054e-18
1631.33203    4.8368e-17    6.1731e-17    1.2766e-17
1634.50952    6.5356e-17    8.7386e-17    6.6647e-18
1637.69312    8.0272e-17    1.0703e-16    8.9827e-18
1640.88306    1.7074e-16    1.8450e-16    1.3410e-16
1644.07922    4.5600e-17    5.6059e-17    1.7738e-17
1647.28162    5.5679e-17    7.2515e-17    1.0825e-17
1650.49023    6.2228e-17    8.2740e-17    7.5788e-18
1653.70496    6.7227e-17    8.8518e-17    1.0502e-17
1656.92603    1.3472e-17    1.7868e-17    1.7621e-18
1660.15369    2.9172e-17    3.9530e-17    1.5750e-18
1663.38721    7.6879e-18    1.0105e-17    1.2490e-18
1666.62720    7.7000e-18    9.1009e-18    3.9676e-18
1669.87317    1.1949e-17    1.5654e-17    2.0776e-18
1673.12585    1.8956e-17    2.5367e-17    1.8780e-18
1676.38489    4.6099e-17    6.0996e-17    6.4116e-18
1679.65027    3.5740e-17    4.7035e-17    5.6482e-18
1682.92188    1.8360e-17    1.7112e-17    2.1687e-17
1686.19958    1.9567e-17    2.3759e-17    8.3975e-18
1689.48413    3.4593e-17    3.9628e-17    2.1180e-17
1692.77502    1.7854e-17    2.3686e-17    2.3159e-18
1696.07227    1.6702e-17    1.6432e-17    1.7423e-17
1699.37573    1.1572e-17    1.4750e-17    3.1046e-18
1702.68567    6.5289e-17    8.3537e-17    1.6672e-17
1706.00232    2.1414e-17    2.7418e-17    5.4171e-18
1709.32544    4.7135e-17    5.2134e-17    3.3819e-17
1712.65491    1.8204e-17    2.1095e-17    1.0501e-17
1715.99060    4.0704e-17    4.9591e-17    1.7027e-17
1719.33301    4.0575e-17    5.2713e-17    8.2361e-18
1722.68188    6.7532e-17    5.8961e-17    9.0365e-17
1726.03735    5.4508e-17    7.2267e-17    7.1935e-18
1729.39941    9.1453e-18    1.1046e-17    4.0810e-18
1732.76807    1.4693e-17    1.6226e-17    1.0610e-17
1736.14307    7.5160e-18    7.8772e-18    6.5535e-18
1739.52466    4.7859e-18    4.2516e-18    6.2096e-18
1742.91296    8.4879e-18    8.4148e-18    8.6826e-18
1746.30786    1.8551e-17    2.1871e-17    9.7051e-18
1749.70935    2.7584e-17    3.1887e-17    1.6121e-17
1753.11755    1.5124e-18    1.1961e-18    2.3551e-18
1756.53223    3.8276e-18    3.0773e-18    5.8266e-18
1759.95325    2.6330e-17    3.3948e-17    6.0332e-18
1763.38147    1.6916e-17    1.8772e-17    1.1971e-17
1766.81628    6.8160e-18    6.6099e-18    7.3651e-18
1770.25745    9.0157e-18    1.0327e-17    5.5220e-18
1773.70581    3.6227e-17    3.4663e-17    4.0396e-17
1777.16064    1.6511e-17    1.9090e-17    9.6395e-18
1780.62207    1.5042e-17    1.7319e-17    8.9768e-18
1784.09045    7.9076e-17    9.9555e-17    2.4515e-17
1787.56555    2.1205e-16    2.6148e-16    8.0375e-17
1791.04749    2.9974e-17    2.9447e-17    3.1378e-17
1794.53601    2.8298e-17    3.1934e-17    1.8613e-17
1798.03137    5.1846e-17    6.4040e-17    1.9360e-17
1801.53357    3.7397e-18    2.7778e-18    6.3025e-18
1805.04248    5.2849e-17    5.0042e-17    6.0328e-17
1808.55847    2.0156e-17    2.2520e-17    1.3857e-17
1812.08130    9.0452e-18    6.7340e-18    1.5203e-17
1815.61096    1.4041e-17    1.6687e-17    6.9930e-18
1819.14722    1.2019e-17    1.5685e-17    2.2529e-18
1822.69067    1.9485e-17    2.4344e-17    6.5399e-18
1826.24084    1.7764e-17    2.2208e-17    5.9252e-18
1829.79797    1.8191e-17    2.1219e-17    1.0124e-17
1833.36206    1.5680e-17    1.9643e-17    5.1211e-18
1836.93311    3.0231e-17    2.7803e-17    3.6699e-17
1840.51111    9.4588e-18    1.0827e-17    5.8142e-18
1844.09607    1.6411e-17    1.3930e-17    2.3020e-17
1847.68799    2.0073e-17    2.4850e-17    7.3460e-18
1851.28687    1.6190e-17    1.6537e-17    1.5266e-17
1854.89282    3.4222e-18    2.9651e-18    4.6399e-18
1858.50586    1.0910e-17    1.0879e-17    1.0995e-17
1862.12585    1.0063e-17    8.7416e-18    1.3582e-17
1865.75293    1.7548e-17    1.9507e-17    1.2330e-17
1869.38696    1.8206e-17    1.5466e-17    2.5507e-17
1873.02820    5.5964e-18    5.4341e-18    6.0286e-18
1876.67651    3.1339e-17    3.8054e-17    1.3450e-17
1880.33191    2.5563e-17    2.9067e-17    1.6227e-17
1883.99438    2.5086e-17    1.9411e-17    4.0208e-17
1887.66406    2.9429e-17    3.4634e-17    1.5560e-17
1891.34082    1.0600e-17    1.1824e-17    7.3369e-18
1895.02490    1.2788e-17    1.4443e-17    8.3785e-18
1898.71606    2.2011e-17    2.0129e-17    2.7025e-17
1902.41431    2.9295e-17    3.1235e-17    2.4127e-17
1906.11987    1.4838e-17    1.6514e-17    1.0372e-17
1909.83252    1.7250e-17    1.9768e-17    1.0540e-17
1913.55261    1.8603e-17    2.2012e-17    9.5197e-18
1917.27979    2.8887e-17    3.2900e-17    1.8193e-17
1921.01428    1.2813e-17    1.0906e-17    1.7894e-17
1924.75610    2.5006e-17    2.7731e-17    1.7747e-17
1928.50513    2.6015e-17    2.8644e-17    1.9009e-17
1932.26147    1.5064e-17    1.6412e-17    1.1472e-17
1936.02515    2.7831e-17    3.6626e-17    4.4015e-18
1939.79614    1.3493e-17    1.0668e-17    2.1021e-17
1943.57446    2.1847e-17    2.3078e-17    1.8568e-17
1947.36011    3.9364e-17    3.5489e-17    4.9688e-17
1951.15332    1.4346e-17    1.3712e-17    1.6036e-17
1954.95374    2.4776e-17    2.2250e-17    3.1507e-17
1958.76160    2.7744e-17    2.1426e-17    4.4578e-17
1962.57690    2.0448e-17    1.8574e-17    2.5442e-17
1966.39966    4.0305e-17    3.5103e-17    5.4163e-17
1970.22974    2.5446e-17    2.6823e-17    2.1777e-17
1974.06738    2.8693e-17    2.4341e-17    4.0289e-17
1977.91248    9.8033e-18    8.7075e-18    1.2723e-17
1981.76514    5.5695e-18    4.2466e-18    9.0941e-18
1985.62524    2.3084e-17    1.9493e-17    3.2650e-17
1989.49280    1.9353e-17    1.9009e-17    2.0271e-17
1993.36792    1.3755e-17    1.0822e-17    2.1568e-17
1997.25061    9.2437e-18    7.1293e-18    1.4877e-17
2001.14087    4.1334e-17    4.6558e-17    2.7416e-17
2005.03870    2.5327e-17    2.7682e-17    1.9050e-17
2008.94409    4.8348e-17    5.3910e-17    3.3530e-17
2012.85718    3.3626e-17    3.1605e-17    3.9009e-17
2016.77783    2.6447e-17    2.4896e-17    3.0578e-17
2020.70605    1.3968e-17    1.5455e-17    1.0007e-17
2024.64209    2.1019e-17    1.6026e-17    3.4321e-17
2028.58569    4.1960e-17    3.7602e-17    5.3570e-17
2032.53687    3.2830e-17    3.2898e-17    3.2652e-17
2036.49585    1.7641e-17    1.7706e-17    1.7467e-17
2040.46265    2.3861e-17    3.0292e-17    6.7258e-18
2044.43701    2.2034e-17    2.6638e-17    9.7681e-18
2048.41919    1.3971e-17    1.0646e-17    2.2829e-17
2052.40918    1.4635e-17    1.5698e-17    1.1804e-17
2056.40674    2.6905e-17    3.0761e-17    1.6631e-17
2060.41211    5.8710e-18    5.8725e-18    5.8671e-18
2064.42554    3.3694e-17    4.1310e-17    1.3403e-17
2068.44678    3.1015e-17    2.6533e-17    4.2957e-17
2072.47559    3.9042e-17    4.0086e-17    3.6260e-17
2076.51221    3.4823e-17    2.5891e-17    5.8619e-17
2080.55713    1.4628e-17    1.5013e-17    1.3603e-17
2084.60938    7.0146e-18    5.3905e-18    1.1342e-17
2088.66992    1.8476e-17    2.2182e-17    8.6027e-18
2092.73828    1.0685e-17    8.3150e-18    1.6998e-17
2096.81445    1.2861e-17    1.3164e-17    1.2055e-17
2100.89868    2.6674e-17    2.2728e-17    3.7184e-17
2104.99072    3.6731e-17    2.9288e-17    5.6560e-17
2109.09082    6.7292e-17    8.2047e-17    2.7983e-17
2113.19922    1.7439e-17    1.4314e-17    2.5764e-17
2117.31519    6.8103e-17    6.5427e-17    7.5233e-17
2121.43945    6.7588e-18    6.1756e-18    8.3125e-18
2125.57129    7.8478e-18    5.6579e-18    1.3682e-17
2129.71143    3.3623e-17    3.6448e-17    2.6097e-17
2133.85986    2.6071e-17    2.1233e-17    3.8961e-17
2138.01611    3.4228e-17    3.6954e-17    2.6967e-17
2142.18066    2.0670e-17    1.7115e-17    3.0141e-17
2146.35303    1.9126e-17    1.7648e-17    2.3061e-17
2150.53369    3.2642e-17    3.8205e-17    1.7821e-17
2154.72266    9.0105e-18    7.7700e-18    1.2315e-17
2158.91968    1.6671e-17    1.5945e-17    1.8606e-17
2163.12500    3.2117e-17    3.2857e-17    3.0147e-17
2167.33813    3.6905e-17    3.2023e-17    4.9912e-17
2171.55957    1.2029e-17    9.2430e-18    1.9450e-17
2175.78955    4.3151e-17    4.0579e-17    5.0003e-17
2180.02759    1.1086e-17    1.0616e-17    1.2336e-17
2184.27393    2.9601e-17    2.2531e-17    4.8437e-17
2188.52832    2.6207e-17    2.6080e-17    2.6546e-17
2192.79102    7.0879e-18    5.5390e-18    1.1214e-17
2197.06226    2.7929e-18    2.1594e-18    4.4810e-18
2201.34180    9.6347e-18    7.2069e-18    1.6103e-17
2205.62939    1.6688e-17    1.3333e-17    2.5624e-17
2209.92554    2.2217e-17    1.9007e-17    3.0770e-17
2214.22998    3.7316e-17    3.6780e-17    3.8743e-17
2218.54297    2.2470e-17    2.3126e-17    2.0724e-17
2222.86426    5.9570e-17    6.7365e-17    3.8803e-17
2227.19409    2.5481e-17    2.3453e-17    3.0884e-17
2231.53223    2.8286e-17    2.4134e-17    3.9349e-17
2235.87891    2.6740e-17    2.8509e-17    2.2026e-17
2240.23389    5.3103e-17    5.5052e-17    4.7912e-17
2244.59717    4.8911e-17    4.9587e-17    4.7110e-17
2248.96924    4.7562e-17    5.5469e-17    2.6495e-17
2253.34985    5.3154e-17    6.0072e-17    3.4724e-17
2257.73901    4.1403e-17    4.3190e-17    3.6643e-17
2262.13672    6.9360e-17    8.0936e-17    3.8517e-17
2266.54297    1.0095e-16    1.2269e-16    4.3014e-17
2270.95752    7.7254e-17    8.5213e-17    5.6047e-17
2275.38086    1.0106e-16    1.1823e-16    5.5317e-17
2279.81299    6.2631e-17    6.1119e-17    6.6659e-17
2284.25366    4.9566e-17    5.3300e-17    3.9615e-17
2288.70288    2.7940e-17    2.2821e-17    4.1576e-17
2293.16089    7.2437e-17    7.7070e-17    6.0093e-17
2297.62744    3.4952e-17    3.0678e-17    4.6339e-17
2302.10303    2.5719e-17    2.2566e-17    3.4117e-17
2306.58691    1.2103e-16    9.7963e-17    1.8249e-16
2311.07959    7.9324e-17    8.1281e-17    7.4111e-17
2315.58105    5.5094e-17    5.9188e-17    4.4188e-17
2320.09155    6.0255e-17    6.3060e-17    5.2780e-17
2324.61060    7.0100e-17    6.7620e-17    7.6708e-17
2329.13843    2.0737e-16    2.6506e-16    5.3683e-17
2333.67529    1.8035e-16    2.4557e-16    6.5712e-18
2338.22070    1.6876e-16    2.1413e-16    4.7865e-17
2342.77490    4.2510e-16    5.7195e-16    3.3880e-17
2347.33838    4.7014e-16    6.3040e-16    4.3162e-17
2351.91064    5.5501e-17    5.2508e-17    6.3476e-17
2356.49170    7.4671e-17    7.6249e-17    7.0465e-17
2361.08154    7.0282e-16    9.6007e-16    1.7443e-17
2365.68066    3.5201e-16    4.6275e-16    5.6974e-17
2370.28833    2.4321e-16    3.2250e-16    3.1971e-17
2374.90527    3.9130e-16    5.2096e-16    4.5846e-17
2379.53101    2.4724e-16    3.3386e-16    1.6461e-17
2384.16602    1.0274e-15    1.4039e-15    2.4233e-17
2388.80981    3.3531e-16    4.3731e-16    6.3537e-17
2393.46289    6.9634e-16    9.1282e-16    1.1958e-16
2398.12476    3.1225e-16    4.0359e-16    6.8903e-17
2402.79590    4.2529e-16    5.5885e-16    6.9440e-17
2407.47607    2.3026e-16    2.9650e-16    5.3782e-17
2412.16528    5.9044e-16    7.7777e-16    9.1367e-17
2416.86377    1.1174e-16    1.1825e-16    9.4402e-17
2421.57129    1.2738e-16    1.1268e-16    1.6656e-16
2426.28809    2.0748e-16    2.2557e-16    1.5926e-16
2431.01392    2.4900e-16    2.6470e-16    2.0718e-16
2435.74902    2.1417e-16    2.3240e-16    1.6562e-16
2440.49365    1.1104e-16    1.1691e-16    9.5406e-17
2445.24707    2.3889e-16    2.5694e-16    1.9081e-16
2450.01001    1.0515e-16    9.9043e-17    1.2141e-16
2454.78223    1.0477e-16    1.1021e-16    9.0303e-17
2459.56348    2.2466e-16    2.4933e-16    1.5893e-16
2464.35425    2.8089e-16    3.2572e-16    1.6147e-16
2469.15430    2.1835e-16    2.3816e-16    1.6557e-16
2473.96387    1.4281e-16    1.4668e-16    1.3249e-16
2478.78271    1.3136e-16    1.3794e-16    1.1380e-16
2483.61084    1.0938e-16    1.0711e-16    1.1543e-16
2488.44849    1.6632e-16    1.6822e-16    1.6125e-16
2493.29541    1.2076e-16    1.4752e-16    4.9493e-17
2498.15186    1.1626e-16    1.3293e-16    7.1867e-17
2503.01782    1.5380e-16    1.6014e-16    1.3691e-16
2507.89307    1.6489e-16    1.6762e-16    1.5761e-16
2512.77808    2.0970e-16    2.3214e-16    1.4991e-16
2517.67236    9.5538e-17    9.8647e-17    8.7254e-17
2522.57642    1.4022e-16    1.2590e-16    1.7837e-16
2527.48975    2.5744e-16    3.1723e-16    9.8154e-17
2532.41309    7.6143e-17    8.9120e-17    4.1568e-17
2537.34570    1.8285e-16    2.0685e-16    1.1893e-16
2542.28760    1.6887e-16    1.8175e-16    1.3456e-16
2547.23975    1.7882e-16    2.1490e-16    8.2705e-17
2552.20117    1.0322e-16    1.0683e-16    9.3628e-17
2557.17236    7.7408e-17    8.5328e-17    5.6310e-17
2562.15332    3.7629e-16    4.8581e-16    8.4493e-17
2567.14404    1.3977e-16    1.5762e-16    9.2229e-17
2572.14404    1.5321e-16    1.5723e-16    1.4250e-16
2577.15430    9.6710e-17    1.1047e-16    6.0064e-17
2582.17383    1.4107e-16    1.5943e-16    9.2165e-17
2587.20361    5.0144e-16    6.5215e-16    9.9933e-17
2592.24292    1.1260e-16    1.3922e-16    4.1683e-17
2597.29199    1.3887e-15    1.8650e-15    1.1972e-16
2602.35107    5.3749e-17    5.6295e-17    4.6966e-17
2607.41992    4.7597e-16    5.9664e-16    1.5450e-16
2612.49854    8.7502e-16    1.1442e-15    1.5788e-16
2617.58740    2.8453e-16    3.7673e-16    3.8894e-17
2622.68604    2.8432e-16    3.5876e-16    8.6010e-17
2627.79443    9.3022e-16    1.2189e-15    1.6104e-16
2632.91284    7.8862e-16    1.0308e-15    1.4329e-16
2638.04126    5.0728e-17    4.4545e-17    6.7201e-17
2643.17969    5.1312e-17    4.4118e-17    7.0477e-17
2648.32812    1.6413e-17    1.4569e-17    2.1327e-17
2653.48633    5.6352e-17    4.4506e-17    8.7911e-17
2658.65479    1.9749e-17    1.4616e-17    3.3423e-17
2663.83350    3.6596e-17    3.8484e-17    3.1567e-17
2669.02197    9.3487e-17    9.1016e-17    1.0007e-16
2674.22070    2.0615e-18    1.4444e-18    3.7055e-18
2679.42969    4.8552e-17    4.8568e-17    4.8509e-17
2684.64868    8.4641e-17    6.9570e-17    1.2479e-16
2689.87793    1.3551e-17    1.0259e-17    2.2319e-17
2695.11719    9.2605e-17    1.0260e-16    6.5963e-17
2700.36670    1.4973e-17    1.0654e-17    2.6482e-17
2705.62646    9.5475e-17    8.5488e-17    1.2208e-16
2710.89648    9.1624e-17    1.0401e-16    5.8633e-17
2716.17676    3.0557e-16    3.8951e-16    8.1943e-17
2721.46729    5.2834e-17    4.5058e-17    7.3551e-17
2726.76831    2.0548e-16    2.7655e-16    1.6132e-17
2732.07959    1.9599e-16    2.4918e-16    5.4295e-17
2737.40112    3.0148e-16    3.9668e-16    4.7842e-17
2742.73291    1.0309e-16    1.3478e-16    1.8645e-17
2748.07520    4.4870e-16    6.0772e-16    2.5031e-17
2753.42798    5.0398e-16    6.3299e-16    1.6027e-16
2758.79102    6.8932e-17    7.6938e-17    4.7602e-17
2764.16479    1.4331e-16    1.7018e-16    7.1704e-17
2769.54883    2.0777e-16    2.5366e-16    8.5521e-17
2774.94336    2.7825e-16    3.4471e-16    1.0118e-16
2780.34863    3.5991e-17    2.9982e-17    5.2001e-17
2785.76416    6.3022e-17    5.3183e-17    8.9235e-17
2791.18994    1.6157e-17    1.5544e-17    1.7791e-17
2796.62695    2.6739e-17    2.9109e-17    2.0427e-17
2802.07422    3.4728e-17    3.8347e-17    2.5088e-17
2807.53198    1.9373e-17    1.6869e-17    2.6043e-17
2813.00049    1.5653e-17    1.1960e-17    2.5492e-17
2818.47949    3.4179e-17    2.5062e-17    5.8470e-17
2823.96948    6.9417e-17    6.2124e-17    8.8848e-17
2829.47021    1.2132e-16    1.4063e-16    6.9864e-17
2834.98145    1.0321e-16    1.0617e-16    9.5315e-17
2840.50342    1.1529e-16    9.3496e-17    1.7334e-16
2846.03613    8.6702e-17    6.8788e-17    1.3443e-16
2851.57959    5.4865e-17    4.4475e-17    8.2544e-17
2857.13379    7.6037e-17    5.6616e-17    1.2778e-16
2862.69922    3.2564e-17    2.4612e-17    5.3753e-17
2868.27490    7.3765e-17    5.9601e-17    1.1150e-16
2873.86182    2.5298e-17    2.0573e-17    3.7885e-17
2879.45947    3.0643e-17    3.4040e-17    2.1592e-17
2885.06836    7.5751e-17    8.2190e-17    5.8595e-17
2890.68774    6.4041e-17    6.4099e-17    6.3887e-17
2896.31860    4.6693e-17    3.4843e-17    7.8263e-17
2901.95972    1.6648e-17    1.2483e-17    2.7745e-17
2907.61230    3.0397e-17    2.4821e-17    4.5254e-17
2913.27563    3.5266e-18    2.4691e-18    6.3439e-18
2918.95020    3.7512e-17    3.3486e-17    4.8239e-17
2924.63574    1.0147e-16    1.2827e-16    3.0075e-17
2930.33228    2.5808e-18    1.8158e-18    4.6190e-18
2936.04004    3.8811e-18    2.7253e-18    6.9605e-18
2941.75903    7.0649e-17    8.3259e-17    3.7053e-17
2947.48877    8.1808e-17    8.6377e-17    6.9636e-17
2953.22998    5.2164e-17    6.6747e-17    1.3312e-17
2958.98242    4.4095e-17    3.9033e-17    5.7580e-17
2964.74585    7.0425e-17    8.7955e-17    2.3719e-17
2970.52075    8.5768e-17    9.1572e-17    7.0304e-17
2976.30664    2.8117e-17    2.6253e-17    3.3084e-17
2982.10376    1.6211e-16    2.0529e-16    4.7060e-17
2987.91187    5.3975e-17    6.9267e-17    1.3234e-17
2993.73218    4.5789e-18    3.1743e-18    8.3208e-18
2999.56348    2.4143e-17    2.2509e-17    2.8497e-17
3005.40601    6.0174e-17    8.0371e-17    6.3630e-18
3011.25977    1.4295e-17    1.0049e-17    2.5608e-17
3017.12500    1.2823e-17    9.0489e-18    2.2879e-17
3023.00195    3.7933e-18    2.6371e-18    6.8736e-18
3028.89014    4.5374e-18    3.1664e-18    8.1899e-18
3034.79004    4.6404e-18    3.2204e-18    8.4234e-18
3040.70117    4.6920e-18    3.2590e-18    8.5095e-18
3046.62402    3.3283e-17    2.5526e-17    5.3948e-17
3052.55811    4.3615e-18    3.0338e-18    7.8988e-18
3058.50391    2.3405e-18    1.6255e-18    4.2454e-18
3064.46143    2.6155e-17    1.9659e-17    4.3461e-17
3070.43018    1.6917e-17    1.1918e-17    3.0237e-17
3076.41064    3.2445e-17    2.3494e-17    5.6293e-17
3082.40332    4.7896e-18    3.3639e-18    8.5879e-18
3088.40698    3.0660e-18    2.1338e-18    5.5496e-18
3094.42261    2.4535e-17    1.9720e-17    3.7362e-17
3100.44971    2.3987e-18    1.6676e-18    4.3465e-18
3106.48901    5.4195e-18    3.7841e-18    9.7766e-18
3112.53979    3.0582e-18    2.1224e-18    5.5513e-18
3118.60229    2.9155e-18    2.0247e-18    5.2889e-18
3124.67676    3.6525e-19    2.5270e-19    6.6510e-19
3130.76318    3.2848e-18    2.3176e-18    5.8617e-18
3136.86133    8.5812e-19    5.9570e-19    1.5573e-18
3142.97119    1.9582e-17    2.1923e-17    1.3344e-17
3149.09302    4.0232e-18    2.8423e-18    7.1695e-18
3155.22681    1.7543e-18    1.2218e-18    3.1728e-18
3161.37256    8.5301e-17    9.9347e-17    4.7879e-17
3167.53027    5.1134e-17    6.2117e-17    2.1873e-17
3173.70020    8.2336e-20    5.6914e-20    1.5007e-19
3179.88184    4.1671e-17    3.1414e-17    6.8998e-17
3186.07568    1.0195e-16    1.2315e-16    4.5446e-17
3192.28149    8.1089e-17    1.0117e-16    2.7597e-17
3198.49951    6.5515e-17    8.7595e-17    6.6900e-18
3204.72949    6.2391e-18    4.3778e-18    1.1198e-17
3210.97168    7.1709e-17    8.8800e-17    2.6175e-17
3217.22607    2.0890e-19    1.4429e-19    3.8105e-19
3223.49268    1.5424e-18    1.0680e-18    2.8063e-18
3229.77148    5.9777e-17    6.6829e-17    4.0990e-17
3236.06226    1.7604e-17    1.3354e-17    2.8926e-17
3242.36572    1.8024e-17    1.3618e-17    2.9763e-17
3248.68115    3.2305e-17    2.4841e-17    5.2191e-17
3255.00879    9.1531e-17    9.9387e-17    7.0602e-17
3261.34912    4.3452e-17    3.3834e-17    6.9077e-17
3267.70093    1.6810e-17    1.2813e-17    2.7457e-17
3274.06616    4.0143e-19    2.7938e-19    7.2660e-19
3280.44336    1.7210e-16    1.9328e-16    1.1566e-16
3286.83301    3.8741e-17    3.1719e-17    5.7448e-17
3293.23535    3.8349e-17    3.5324e-17    4.6407e-17
3299.64990    1.9714e-17    1.5478e-17    3.1001e-17
3306.07690    4.8093e-17    3.8490e-17    7.3676e-17
3312.51660    3.2071e-17    2.7003e-17    4.5572e-17
3318.96875    2.7634e-18    1.9125e-18    5.0304e-18
3325.43359    4.3113e-18    3.0238e-18    7.7415e-18
3331.91064    4.6837e-19    3.2303e-19    8.5557e-19
3338.40063    8.0987e-18    5.6537e-18    1.4613e-17
3344.90332    2.4200e-19    1.6701e-19    4.4179e-19
3351.41846    5.7782e-20    3.9845e-20    1.0557e-19
3357.94629    1.7019e-17    1.2178e-17    2.9919e-17
3364.48682    8.4610e-18    6.4520e-18    1.3813e-17
3371.04004    1.3213e-17    9.1154e-18    2.4131e-17
3377.60645    1.2121e-18    8.4044e-19    2.2022e-18
3384.18481    4.8265e-18    3.3676e-18    8.7132e-18
3390.77686    5.3623e-18    3.7138e-18    9.7542e-18
3397.38159    8.9008e-19    6.1450e-19    1.6243e-18
3403.99902    6.0916e-19    4.1974e-19    1.1138e-18
3410.62915    1.4802e-18    1.0360e-18    2.6638e-18
3417.27271    9.5473e-18    6.8042e-18    1.6856e-17
3423.92847    1.8438e-18    1.2697e-18    3.3734e-18
3430.59766    1.9397e-18    1.3425e-18    3.5308e-18
3437.27979    1.4073e-17    1.0128e-17    2.4583e-17
3443.97534    1.2070e-18    8.3544e-19    2.1971e-18
3450.68359    1.1902e-17    8.4591e-18    2.1075e-17
3457.40479    1.3277e-17    9.2555e-18    2.3991e-17
3464.13916    3.2946e-18    2.3078e-18    5.9236e-18
3470.88647    1.8303e-18    1.2740e-18    3.3125e-18
3477.64697    1.1760e-17    8.9415e-18    1.9271e-17
3484.42090    5.6543e-18    3.9206e-18    1.0273e-17
3491.20776    3.2772e-18    2.2913e-18    5.9038e-18
3498.00781    4.9145e-18    3.4837e-18    8.7262e-18
3504.82129    3.8902e-18    2.7127e-18    7.0271e-18
3511.64771    2.4861e-19    1.7114e-19    4.5501e-19
3518.48804    1.8992e-18    1.3321e-18    3.4101e-18
3525.34131    5.2585e-18    3.6181e-18    9.6290e-18
3532.20776    1.7288e-18    1.1873e-18    3.1716e-18
3539.08813    1.4050e-18    9.6911e-19    2.5664e-18
3545.98145    2.9201e-19    2.0101e-19    5.3444e-19
3552.88818    2.1952e-18    1.5208e-18    3.9922e-18
3559.80884    7.4592e-19    5.1381e-19    1.3643e-18
3566.74292    8.9915e-19    6.6756e-19    1.5162e-18
3573.68994    3.9442e-19    2.8282e-19    6.9175e-19
3580.65112    2.9336e-20    2.0189e-20    5.3707e-20
3587.62500    1.0766e-18    1.0808e-18    1.0655e-18
3594.61304    5.7464e-20    3.9541e-20    1.0521e-19
3601.61499    3.4791e-19    2.3945e-19    6.3690e-19
3608.63013    1.1517e-19    7.9248e-20    2.1087e-19
3615.65894    4.6298e-19    3.1875e-19    8.4722e-19
3622.70166    7.4578e-18    5.1817e-18    1.3522e-17
3629.75806    2.9801e-19    2.1123e-19    5.2922e-19
3636.82837    4.0951e-19    2.8236e-19    7.4826e-19
3643.91138    4.2103e-18    2.9604e-18    7.5404e-18
3651.00928    3.8569e-20    2.6523e-20    7.0659e-20
3658.12085    1.2109e-17    8.9159e-18    2.0616e-17
3665.24609    3.6677e-20    2.5223e-20    6.7192e-20
3672.38525    4.8094e-20    3.3217e-20    8.7730e-20
3679.53857    1.1425e-19    8.4046e-20    1.9473e-19
3686.70557    2.6065e-19    2.0824e-19    4.0029e-19
3693.88647    9.4368e-20    6.5574e-20    1.7108e-19
3701.08154    5.9397e-19    4.1424e-19    1.0728e-18
3708.29053    1.6367e-19    1.1259e-19    2.9975e-19
3715.51343    1.2656e-19    9.6322e-20    2.0712e-19
3722.75049    3.7612e-19    2.5892e-19    6.8837e-19
3730.00171    1.2354e-18    8.4970e-19    2.2631e-18
3737.26709    2.5892e-20    2.1235e-20    3.8300e-20
3744.54639    3.0297e-19    2.1000e-19    5.5068e-19
3751.84009    3.5930e-18    2.5002e-18    6.5042e-18
3759.14795    2.3078e-18    1.5906e-18    4.2186e-18
3766.47021    1.0054e-17    7.3849e-18    1.7166e-17
3773.80664    2.9507e-20    2.1230e-20    5.1560e-20
3781.15723    3.0671e-18    2.1798e-18    5.4311e-18
3788.52197    2.7981e-19    1.9295e-19    5.1122e-19
3795.90137    4.4424e-19    3.1310e-19    7.9363e-19
3803.29492    8.5989e-20    5.9052e-20    1.5775e-19
3810.70312    5.5713e-19    3.8360e-19    1.0194e-18
3818.12549    3.2448e-20    2.1927e-20    6.0478e-20
3825.56250    1.3201e-17    1.0312e-17    2.0899e-17
3833.01416    1.4610e-19    1.0587e-19    2.5329e-19
3840.47998    2.0921e-20    1.6793e-20    3.1917e-20
3847.96045    5.8365e-19    4.0186e-19    1.0680e-18
3855.45557    2.5291e-20    1.7400e-20    4.6313e-20
3862.96533    5.5303e-20    3.8043e-20    1.0129e-19
3870.48950    5.9540e-18    4.2862e-18    1.0397e-17
3878.02832    7.7769e-20    5.5363e-20    1.3746e-19
3885.58203    9.8418e-20    6.7717e-20    1.8021e-19
3893.15039    2.8366e-19    1.9612e-19    5.1686e-19
3900.73340    1.7901e-19    1.2312e-19    3.2793e-19
3908.33154    2.3229e-18    1.6203e-18    4.1945e-18
3915.94409    4.0181e-18    2.8236e-18    7.2007e-18
3923.57153    1.2150e-19    8.4136e-20    2.2105e-19
3931.21387    5.4781e-18    4.1476e-18    9.0228e-18
3938.87109    2.4348e-17    1.8864e-17    3.8957e-17
3946.54346    6.6769e-18    4.7536e-18    1.1801e-17
3954.23047    1.2804e-19    8.8054e-20    2.3458e-19
3961.93262    1.5898e-18    1.1032e-18    2.8864e-18
3969.64941    7.7449e-18    7.3410e-18    8.8212e-18
3977.38159    7.0234e-18    5.2175e-18    1.1834e-17
3985.12866    1.8087e-18    1.2571e-18    3.2785e-18
3992.89111    6.3794e-19    4.4013e-19    1.1650e-18
4000.66846    5.6977e-18    4.0697e-18    1.0035e-17
4008.46094    2.4039e-19    1.6532e-19    4.4039e-19
4016.26880    1.3305e-19    9.1501e-20    2.4376e-19
4024.09155    8.9464e-19    6.1711e-19    1.6340e-18
4031.92969    6.4934e-20    4.9048e-20    1.0726e-19
4039.78320    3.1651e-20    2.1770e-20    5.7976e-20
4047.65186    1.8629e-20    1.2860e-20    3.3997e-20
4055.53589    7.7795e-20    5.3509e-20    1.4250e-19
4063.43506    1.0524e-18    7.2430e-19    1.9264e-18
4071.35010    3.2373e-19    2.2273e-19    5.9280e-19
4079.28027    1.8359e-18    1.2632e-18    3.3619e-18
4087.22607    3.3634e-19    2.3167e-19    6.1521e-19
4095.18701    1.7418e-19    1.1978e-19    3.1911e-19
4103.16357    1.3209e-19    9.6277e-20    2.2752e-19
4111.15576    3.4940e-19    2.4032e-19    6.4000e-19
4119.16357    1.6568e-18    1.1644e-18    2.9688e-18
4127.18652    2.0249e-18    1.4387e-18    3.5865e-18
4135.22559    4.8800e-19    3.3709e-19    8.9007e-19
4143.28027    2.9732e-19    2.0141e-19    5.5282e-19
4151.35059    1.5992e-19    1.0997e-19    2.9298e-19
4159.43652    2.1178e-19    1.4576e-19    3.8767e-19
4167.53857    1.1992e-19    8.2443e-20    2.1975e-19
4175.65625    1.9796e-17    1.5613e-17    3.0939e-17
4183.78906    3.0513e-19    2.0996e-19    5.5868e-19
4191.93848    2.3779e-20    1.6352e-20    4.3565e-20
4200.10352    8.6280e-20    5.9336e-20    1.5806e-19
4208.28418    2.4957e-19    1.7497e-19    4.4832e-19
4216.48145    3.7326e-20    2.5668e-20    6.8386e-20
4224.69434    1.2721e-19    8.9975e-20    2.2641e-19
4232.92334    3.0765e-17    3.2066e-17    2.7299e-17
4241.16846    1.8870e-18    1.3026e-18    3.4438e-18
4249.42920    8.5772e-19    6.0306e-19    1.5362e-18
4257.70605    1.4453e-18    1.0057e-18    2.6166e-18
4265.99902    2.7948e-20    2.1778e-20    4.4387e-20
4274.30859    3.9858e-18    2.8099e-18    7.1187e-18
4282.63428    7.9043e-20    5.4356e-20    1.4481e-19
4290.97607    1.9022e-18    1.3123e-18    3.4740e-18
4299.33398    1.6480e-17    1.2729e-17    2.6474e-17
4307.70801    3.5348e-19    2.4318e-19    6.4736e-19
4316.09863    3.1839e-18    2.2575e-18    5.6520e-18
4324.50586    3.2344e-19    2.2247e-19    5.9243e-19
4332.92920    9.4094e-18    7.3701e-18    1.4842e-17
4341.36914    4.3596e-18    3.3069e-18    7.1643e-18
4349.82520    1.8889e-17    1.6445e-17    2.5398e-17
4358.29785    2.5650e-18    1.7666e-18    4.6921e-18
4366.78662    8.4936e-19    5.8953e-19    1.5416e-18
4375.29199    2.3434e-17    2.1397e-17    2.8859e-17
4383.81445    1.3096e-17    9.8141e-18    2.1839e-17
4392.35352    2.3539e-20    1.6181e-20    4.3143e-20
4400.90869    5.2716e-18    3.8809e-18    8.9765e-18
4409.48047    1.7155e-17    1.4175e-17    2.5095e-17
4418.06934    1.0531e-17    8.0079e-18    1.7253e-17
4426.67480    3.2326e-20    2.2230e-20    5.9225e-20
4435.29736    1.3960e-18    9.8027e-19    2.5037e-18
4443.93652    1.5978e-19    1.0988e-19    2.9274e-19
4452.59277    1.4543e-18    1.0003e-18    2.6640e-18
4461.26562    4.3851e-19    3.0164e-19    8.0313e-19
4469.95508    6.3315e-18    4.5417e-18    1.1100e-17
4478.66162    3.1439e-19    2.1629e-19    5.7575e-19
4487.38477    1.5374e-17    1.1404e-17    2.5950e-17
4496.12549    4.7114e-20    3.2432e-20    8.6230e-20
4504.88281    1.4937e-17    1.1836e-17    2.3201e-17
4513.65771    5.0281e-18    3.6244e-18    8.7677e-18
4522.44922    3.1131e-17    2.5127e-17    4.7128e-17
4531.25830    1.9213e-18    1.3489e-18    3.4462e-18
4540.08447    1.0479e-17    8.0013e-18    1.7080e-17
4548.92773    1.9698e-17    1.7100e-17    2.6619e-17
4557.78809    7.7123e-18    5.7298e-18    1.2994e-17
4566.66602    2.5120e-20    1.7274e-20    4.6022e-20
4575.56055    1.3693e-17    1.0962e-17    2.0967e-17
4584.47314    2.8136e-17    2.4520e-17    3.7771e-17
4593.40283    2.3962e-18    1.6834e-18    4.2952e-18
4602.34961    9.8556e-20    6.7779e-20    1.8055e-19
4611.31445    4.0096e-20    2.7574e-20    7.3459e-20
4620.29590    1.3348e-17    1.0559e-17    2.0780e-17
4629.29590    1.7009e-17    1.3680e-17    2.5877e-17
4638.31250    1.6225e-19    1.1159e-19    2.9721e-19
4647.34668    2.2501e-18    1.5890e-18    4.0114e-18
4656.39941    9.7614e-20    6.7227e-20    1.7857e-19
4665.46875    4.0619e-18    2.9209e-18    7.1016e-18
4674.55664    4.3564e-19    3.0045e-19    7.9582e-19
4683.66113    5.7043e-20    3.9230e-20    1.0450e-19
4692.78418    1.1830e-20    8.1349e-21    2.1673e-20
4701.92480    2.0214e-20    1.3900e-20    3.7033e-20
4711.08301    2.5688e-20    1.6614e-20    4.9861e-20
4720.25977    1.2874e-19    8.8573e-20    2.3575e-19
4729.45361    6.1162e-19    4.2263e-19    1.1151e-18
4738.66602    1.7521e-19    1.2061e-19    3.2067e-19
4747.89551    6.9891e-20    4.8072e-20    1.2802e-19
4757.14355    4.8794e-20    3.3555e-20    8.9394e-20
4766.41016    4.4741e-21    3.0768e-21    8.1968e-21
4775.69385    2.2010e-19    1.5140e-19    4.0314e-19
4784.99609    7.5054e-22    5.1613e-22    1.3751e-21
4794.31641    3.4946e-20    2.4033e-20    6.4022e-20
4803.65430    1.9092e-20    1.3129e-20    3.4979e-20
4813.01074    4.3532e-19    2.9958e-19    7.9696e-19
4822.38574    1.4093e-18    9.7002e-19    2.5797e-18
4831.77930    9.2876e-19    6.3917e-19    1.7003e-18
4841.19043    5.8638e-19    4.0455e-19    1.0708e-18
4850.62012    2.9227e-19    2.0106e-19    5.3526e-19
4860.06836    1.4116e-19    9.7266e-20    2.5809e-19
4869.53467    1.6037e-18    1.1043e-18    2.9342e-18
4879.01953    2.6855e-19    1.8474e-19    4.9183e-19
4888.52295    3.9859e-19    2.7421e-19    7.2997e-19
4898.04492    3.3338e-19    2.2930e-19    6.1067e-19
4907.58545    6.3662e-19    4.3794e-19    1.1659e-18
4917.14453    1.4152e-20    9.7320e-21    2.5928e-20
4926.72168    4.2818e-17    4.2869e-17    4.2683e-17
4936.31836    3.5222e-20    2.4222e-20    6.4531e-20
4945.93311    4.6337e-19    3.1890e-19    8.4826e-19
4955.56689    3.6070e-19    2.4807e-19    6.6075e-19
4965.21973    8.1388e-21    5.5968e-21    1.4911e-20
4974.89062    3.7016e-19    2.5459e-19    6.7807e-19
4984.58105    7.2552e-20    4.9892e-20    1.3292e-19
4994.29004    5.0970e-19    3.5099e-19    9.3255e-19
5004.01758    5.0492e-19    3.4736e-19    9.2469e-19
5013.76465    5.5964e-17    5.6524e-17    5.4473e-17
5023.53027    2.5113e-19    1.7413e-19    4.5627e-19
5033.31543    1.5704e-20    1.0799e-20    2.8770e-20
5043.11914    4.6915e-19    3.2259e-19    8.5960e-19
5052.94238    3.0240e-19    2.0803e-19    5.5384e-19
5062.78418    2.9235e-19    2.0105e-19    5.3559e-19
5072.64551    8.6097e-19    5.9269e-19    1.5757e-18
5082.52637    4.6910e-20    3.2268e-20    8.5921e-20
5092.42578    4.9751e-20    3.4212e-20    9.1148e-20
5102.34473    7.8865e-19    5.4335e-19    1.4422e-18
5112.28320    5.7113e-19    3.9304e-19    1.0456e-18
5122.24121    2.7773e-19    1.9105e-19    5.0868e-19
5132.21777    1.0190e-18    7.0107e-19    1.8659e-18
5142.21484    3.7955e-19    2.6152e-19    6.9401e-19
5152.23047    7.2992e-19    5.0224e-19    1.3365e-18
5162.26660    3.3989e-18    2.3480e-18    6.1985e-18
5172.32129    7.3137e-17    7.4651e-17    6.9105e-17
5182.39648    4.5437e-19    3.1256e-19    8.3218e-19
5192.49023    8.6938e-20    6.3216e-20    1.5014e-19
5202.60449    2.1791e-17    1.6545e-17    3.5765e-17
5212.73779    1.8621e-20    1.2805e-20    3.4115e-20
5222.89160    1.7647e-19    1.2136e-19    3.2329e-19
5233.06445    2.4820e-17    1.9808e-17    3.8171e-17
5243.25781    1.3186e-19    9.0686e-20    2.4154e-19
5253.47021    5.5491e-18    3.8966e-18    9.9519e-18
5263.70312    2.4368e-18    1.6846e-18    4.4409e-18
5273.95557    3.2326e-17    2.7054e-17    4.6371e-17
5284.22852    4.6148e-17    3.6825e-17    7.0986e-17
5294.52100    1.3105e-19    9.0132e-20    2.4008e-19
5304.83398    1.8469e-20    1.2701e-20    3.3838e-20
5315.16650    4.1044e-17    3.7931e-17    4.9335e-17
5325.51953    4.7806e-18    3.4140e-18    8.4216e-18
5335.89258    8.3969e-19    5.7825e-19    1.5362e-18
5346.28564    1.8190e-19    1.2520e-19    3.3298e-19
5356.69922    8.5249e-20    5.8624e-20    1.5618e-19
5367.13281    2.8093e-18    1.9854e-18    5.0045e-18
5377.58691    6.7908e-19    4.6750e-19    1.2428e-18
5388.06152    3.6549e-20    2.5133e-20    6.6960e-20
5398.55664    3.9301e-20    2.7026e-20    7.2002e-20
5409.07178    3.2373e-19    2.2305e-19    5.9196e-19
5419.60742    1.4930e-20    1.0267e-20    2.7353e-20
5430.16406    4.4016e-18    3.1219e-18    7.8112e-18
5440.74121    9.4581e-20    6.5045e-20    1.7327e-19
5451.33887    1.1190e-19    7.6968e-20    2.0497e-19
5461.95703    4.5690e-20    3.1421e-20    8.3703e-20
5472.59570    1.1373e-19    7.8263e-20    2.0821e-19
5483.25488    3.4389e-20    2.3649e-20    6.3004e-20
5493.93555    1.9351e-19    1.3309e-19    3.5448e-19
5504.63672    7.1212e-20    4.8971e-20    1.3047e-19
5515.35840    5.3010e-20    3.6454e-20    9.7119e-20
5526.10156    4.4530e-19    3.0619e-19    8.1593e-19
5536.86523    3.4396e-19    2.3719e-19    6.2840e-19
5547.64941    1.8457e-19    1.2694e-19    3.3809e-19
5558.45557    5.3542e-20    3.6822e-20    9.8088e-20
5569.28271    1.9949e-19    1.3714e-19    3.6562e-19
5580.12988    3.9572e-20    2.7213e-20    7.2499e-20
5590.99902    1.2319e-19    8.4697e-20    2.2573e-19
5601.88965    2.2294e-20    1.5332e-20    4.0844e-20
5612.80078    2.9174e-20    2.0063e-20    5.3450e-20
5623.73340    4.0540e-19    2.7901e-19    7.4212e-19
5634.68750    1.1497e-20    7.9060e-21    2.1063e-20
5645.66211    3.0351e-20    2.0872e-20    5.5606e-20
5656.65918    3.8383e-19    2.6440e-19    7.0204e-19
5667.67676    4.7146e-19    3.2421e-19    8.6375e-19
5678.71680    3.7228e-20    2.5635e-20    6.8112e-20
5689.77734    4.0835e-19    2.8082e-19    7.4811e-19
5700.86035    4.8412e-20    3.3315e-20    8.8635e-20
5711.96484    2.2019e-20    1.5142e-20    4.0342e-20
5723.09033    1.3188e-19    9.0725e-20    2.4152e-19
5734.23779    1.1430e-19    7.8629e-20    2.0934e-19
5745.40723    8.1661e-20    5.6157e-20    1.4961e-19
5756.59766    2.7204e-20    1.8708e-20    4.9841e-20
5767.81104    1.4002e-20    9.6285e-21    2.5652e-20
5779.04492    1.2015e-19    8.2679e-20    2.2000e-19
5790.30176    2.8333e-20    1.9484e-20    5.1907e-20
5801.58008    3.5824e-20    2.4635e-20    6.5633e-20
5812.88037    2.5438e-19    1.7500e-19    4.6586e-19
5824.20264    6.0986e-20    4.1939e-20    1.1173e-19
5835.54688    2.3744e-19    1.6331e-19    4.3493e-19
5846.91357    5.1315e-20    3.5288e-20    9.4015e-20
5858.30225    1.4691e-19    1.0104e-19    2.6911e-19
5869.71289    1.2690e-19    8.7181e-20    2.3273e-19
5881.14600    2.2324e-20    1.5337e-20    4.0938e-20
5892.60156    2.9665e-20    2.4673e-20    4.2963e-20
5904.07910    5.6272e-20    3.8698e-20    1.0309e-19
5915.57910    1.3484e-18    9.2727e-19    2.4704e-18
5927.10156    1.8009e-19    1.2387e-19    3.2989e-19
5938.64648    7.0264e-21    4.8319e-21    1.2873e-20
5950.21387    2.7061e-19    1.8618e-19    4.9557e-19
5961.80371    1.5689e-19    1.0789e-19    2.8743e-19
5973.41602    3.6855e-20    2.5349e-20    6.7510e-20
5985.05127    5.3331e-20    3.6676e-20    9.7705e-20
5996.70850    2.5383e-18    1.7487e-18    4.6422e-18
6008.38867    1.4877e-20    1.0231e-20    2.7256e-20
6020.09229    1.2883e-19    8.8610e-20    2.3600e-19
6031.81836    4.0569e-20    2.7898e-20    7.4326e-20
6043.56738    3.0546e-19    2.1006e-19    5.5961e-19
6055.33887    3.5629e-19    2.4501e-19    6.5275e-19
6067.13428    3.8295e-20    2.6334e-20    7.0161e-20
6078.95117    1.3616e-18    9.3699e-19    2.4928e-18
6090.79150    1.8298e-20    1.2583e-20    3.3523e-20
6102.65527    1.3611e-19    9.3569e-20    2.4946e-19
6114.54199    6.8928e-19    4.7413e-19    1.2625e-18
6126.45215    2.8668e-19    1.9718e-19    5.2515e-19
6138.38525    7.9404e-20    5.4606e-20    1.4547e-19
6150.34131    5.9969e-18    4.1539e-18    1.0907e-17
6162.32178    7.6968e-20    5.3259e-20    1.4013e-19
6174.32422    9.8400e-19    6.7670e-19    1.8027e-18
6186.35059    6.3329e-19    4.3550e-19    1.1602e-18
6198.40088    2.4548e-19    1.6881e-19    4.4974e-19
6210.47314    8.7720e-21    6.0323e-21    1.6071e-20
6222.57031    6.1921e-20    4.2584e-20    1.1344e-19
6234.69043    4.5132e-18    3.1318e-18    8.1935e-18
6246.83496    6.9018e-18    4.8335e-18    1.2412e-17
6259.00195    2.1378e-19    1.4701e-19    3.9167e-19
6271.19385    2.6630e-20    1.8313e-20    4.8790e-20
6283.40869    6.9629e-20    4.7888e-20    1.2755e-19
6295.64795    4.0961e-20    2.8174e-20    7.5029e-20
6307.91016    3.0694e-19    2.1110e-19    5.6228e-19
6320.19678    2.7989e-18    1.9252e-18    5.1266e-18
6332.50781    1.3700e-19    9.4192e-20    2.5106e-19
6344.84180    3.9940e-19    3.4439e-19    5.4596e-19
6357.20020    3.0357e-20    2.0876e-20    5.5617e-20
6369.58252    1.4207e-18    1.0592e-18    2.3840e-18
6381.98926    1.8195e-18    1.2513e-18    3.3332e-18
6394.42041    2.6217e-20    1.8029e-20    4.8032e-20
6406.87549    2.9713e-19    2.0464e-19    5.4354e-19
6419.35449    2.3065e-18    1.6068e-18    4.1706e-18
6431.85840    3.8771e-18    2.6890e-18    7.0426e-18
6444.38672    3.0427e-19    2.0919e-19    5.5759e-19
6456.93896    9.8371e-18    7.0511e-18    1.7260e-17
6469.51514    1.6166e-19    1.1117e-19    2.9618e-19
6482.11719    4.8781e-19    3.3532e-19    8.9410e-19
6494.74268    1.1241e-18    7.7542e-19    2.0529e-18
6507.39355    4.3436e-19    2.9871e-19    7.9577e-19
6520.06836    8.3057e-18    5.7737e-18    1.5051e-17
6532.76855    5.3984e-19    3.7124e-19    9.8904e-19
6545.49316    3.7852e-21    2.6030e-21    6.9349e-21
6558.24268    3.4521e-19    3.6451e-19    2.9381e-19
6571.01611    5.1415e-19    3.5356e-19    9.4199e-19
6583.81543    4.7076e-19    3.2374e-19    8.6246e-19
6596.63965    4.7054e-20    3.2358e-20    8.6207e-20
6609.48828    3.6506e-19    2.5105e-19    6.6883e-19
6622.36230    6.4527e-19    4.4374e-19    1.1822e-18
6635.26172    2.2063e-21    1.5172e-21    4.0421e-21
6648.18506    9.2163e-19    6.3384e-19    1.6883e-18
6661.13525    2.5374e-19    1.7450e-19    4.6483e-19
6674.10986    2.4386e-20    1.5766e-20    4.7354e-20
6687.10938    2.5024e-19    1.7208e-19    4.5847e-19
6700.13428    2.4746e-20    1.7017e-20    4.5337e-20
6713.18506    8.4415e-21    5.8176e-21    1.5432e-20
6726.26123    1.5474e-19    1.0641e-19    2.8349e-19
6739.36279    8.7014e-22    5.9837e-22    1.5942e-21
6752.48926    1.4032e-20    9.6498e-21    2.5709e-20
6765.64258    2.5244e-19    1.7360e-19    4.6250e-19
6778.82031    3.1178e-20    2.1441e-20    5.7122e-20
6792.02441    1.7629e-20    1.2123e-20    3.2297e-20
6805.25439    2.6912e-20    1.8507e-20    4.9305e-20
6818.50928    1.8251e-19    1.2550e-19    3.3437e-19
6831.78955    4.6034e-20    3.1656e-20    8.4339e-20
6845.09717    6.0479e-21    4.1590e-21    1.1080e-20
6858.43018    7.7760e-19    5.3474e-19    1.4246e-18
6871.78906    1.7562e-19    1.2077e-19    3.2175e-19
6885.17432    1.0998e-20    7.5630e-21    2.0148e-20
6898.58447    9.9787e-21    6.8622e-21    1.8282e-20
6912.02246    1.3575e-19    9.3351e-20    2.4872e-19
6925.48486    2.5387e-19    1.7458e-19    4.6511e-19
6938.97412    2.7726e-20    1.9066e-20    5.0796e-20
6952.49023    3.3771e-20    2.3223e-20    6.1870e-20
6966.03271    1.2232e-20    8.4114e-21    2.2409e-20
6979.60059    5.7140e-20    3.9294e-20    1.0469e-19
6993.19629    1.0422e-19    7.1670e-20    1.9094e-19
