1000.97394    1.3400e-17    1.6562e-17    5.2044e-19
1002.92358    4.0538e-18    4.9483e-18    4.0990e-19
1004.87708    5.2324e-18    6.3938e-18    5.0121e-19
1006.83441    3.2908e-18    4.0375e-18    2.4871e-19
1008.79553    6.2903e-18    7.7570e-18    3.1527e-19
1010.76050    1.3379e-19    1.5750e-19    3.7206e-20
1012.72925    2.3898e-18    2.9529e-18    9.5975e-20
1014.70178    5.6204e-18    6.9429e-18    2.3293e-19
1016.67822    4.2574e-18    5.2312e-18    2.9060e-19
1018.65857    3.0436e-18    3.7572e-18    1.3648e-19
1020.64270    4.6813e-18    5.7965e-18    1.3787e-19
1022.63074    3.2362e-18    4.0137e-18    6.8604e-20
1024.62256    8.1661e-19    1.0067e-18    4.2019e-20
1026.61841    2.9464e-19    3.5762e-19    3.8049e-20
1028.61792    3.7268e-18    4.6264e-18    6.1762e-20
1030.62158    8.1522e-18    1.0076e-17    3.1287e-19
1032.62891    3.5874e-17    4.4618e-17    2.5359e-19
1034.64038    7.5488e-18    9.2627e-18    5.6702e-19
1036.65564    7.5932e-18    9.3853e-18    2.9262e-19
1038.67480    2.6443e-18    3.2454e-18    1.9532e-19
1040.69800    3.9833e-18    4.9160e-18    1.8365e-19
1042.72510    7.1470e-18    8.7853e-18    4.7310e-19
1044.75610    8.2830e-18    1.0188e-17    5.2236e-19
1046.79102    6.1520e-18    7.5452e-18    4.7618e-19
1048.83008    1.0590e-18    1.2632e-18    2.2695e-19
1050.87292    7.0397e-18    8.6469e-18    4.9216e-19
1052.91980    3.7836e-18    4.5520e-18    6.5374e-19
1054.97070    2.2122e-17    2.7375e-17    7.2446e-19
1057.02563    1.4099e-17    1.7239e-17    1.3094e-18
1059.08447    1.4728e-17    1.8046e-17    1.2101e-18
1061.14734    3.3701e-17    4.1515e-17    1.8677e-18
1063.21436    5.1377e-17    6.3836e-17    6.2092e-19
1065.28516    1.4042e-17    1.7206e-17    1.1559e-18
1067.36011    5.6684e-17    7.0262e-17    1.3666e-18
1069.43921    3.2672e-17    4.0310e-17    1.5578e-18
1071.52222    3.7562e-17    4.6240e-17    2.2110e-18
1073.60938    8.9142e-17    1.1041e-16    2.5152e-18
1075.70056    5.9965e-17    7.4204e-17    1.9612e-18
1077.79590    4.7817e-17    5.8938e-17    2.5129e-18
1079.89514    7.0089e-18    8.5037e-18    9.1956e-19
1081.99854    2.6048e-17    3.2341e-17    4.1191e-19
1084.10608    3.9200e-17    4.8590e-17    9.4605e-19
1086.21777    9.3297e-18    1.1254e-17    1.4885e-18
1088.33350    3.4659e-17    4.2809e-17    1.4554e-18
1090.45337    5.3141e-17    6.5825e-17    1.4723e-18
1092.57727    2.9850e-17    3.6942e-17    9.5680e-19
1094.70532    3.9291e-17    4.8422e-17    2.0954e-18
1096.83765    5.0432e-17    6.2590e-17    9.0147e-19
1098.97412    5.5915e-17    6.9400e-17    9.7967e-19
1101.11475    4.6929e-17    5.7935e-17    2.0934e-18
1103.25952    1.8520e-17    2.2714e-17    1.4322e-18
1105.40845    2.6412e-17    3.2487e-17    1.6658e-18
1107.56152    3.3237e-17    4.0985e-17    1.6701e-18
1109.71887    3.2992e-17    4.0835e-17    1.0430e-18
1111.88037    4.0248e-17    4.9855e-17    1.1092e-18
1114.04614    6.6940e-17    8.2846e-17    2.1422e-18
1116.21606    3.2127e-17    3.9837e-17    7.1673e-19
1118.39014    7.3912e-18    8.7433e-18    1.8829e-18
1120.56860    1.0705e-17    1.3036e-17    1.2128e-18
1122.75122    3.6306e-17    4.4959e-17    1.0570e-18
1124.93811    3.8448e-17    4.7455e-17    1.7558e-18
1127.12927    8.7635e-17    1.0871e-16    1.7794e-18
1129.32471    5.1086e-17    6.3482e-17    5.8511e-19
1131.52441    4.3391e-17    5.3752e-17    1.1830e-18
1133.72839    7.2894e-17    9.0608e-17    7.2884e-19
1135.93665    1.8104e-17    2.1941e-17    2.4733e-18
1138.14917    2.4090e-17    2.9840e-17    6.6725e-19
1140.36621    3.8939e-17    4.7992e-17    2.0575e-18
1142.58740    5.7382e-17    7.1053e-17    1.6915e-18
1144.81299    1.6112e-16    1.9953e-16    4.6497e-18
1147.04272    1.7069e-16    2.1139e-16    4.8902e-18
1149.27698    1.0672e-16    1.3216e-16    3.1020e-18
1151.51562    1.1075e-16    1.3698e-16    3.8958e-18
1153.75854    1.0486e-16    1.2976e-16    3.4461e-18
1156.00586    2.7183e-17    3.3428e-17    1.7428e-18
1158.25745    6.6585e-17    8.2012e-17    3.7392e-18
1160.51355    8.8776e-17    1.0938e-16    4.8555e-18
1162.77393    5.1207e-17    6.3235e-17    2.2055e-18
1165.03882    4.7905e-17    5.9246e-17    1.7086e-18
1167.30811    6.1356e-17    7.5897e-17    2.1183e-18
1169.58179    5.6605e-17    7.0069e-17    1.7573e-18
1171.85986    6.8218e-17    8.4063e-17    3.6673e-18
1174.14246    7.6899e-17    9.4901e-17    3.5647e-18
1176.42944    4.0207e-17    4.9300e-17    3.1640e-18
1178.72095    2.1163e-17    2.6080e-17    1.1326e-18
1181.01685    3.8842e-17    4.7986e-17    1.5932e-18
1183.31714    3.7100e-17    4.5859e-17    1.4166e-18
1185.62207    5.8149e-17    7.1811e-17    2.4931e-18
1187.93140    8.1389e-17    1.0053e-16    3.4076e-18
1190.24536    3.7392e-17    4.6237e-17    1.3585e-18
1192.56372    8.6048e-17    1.0660e-16    2.3319e-18
1194.88647    2.9934e-17    3.6931e-17    1.4311e-18
1197.21387    9.4528e-17    1.1640e-16    5.4130e-18
1199.54590    1.1294e-16    1.3962e-16    4.2257e-18
1201.88232    3.0586e-17    3.6892e-17    4.8976e-18
1204.22339    8.8098e-18    1.0907e-17    2.6517e-19
1206.56897    2.0455e-17    2.5084e-17    1.5945e-18
1208.91919    5.5828e-17    6.9189e-17    1.3955e-18
1211.27393    2.3953e-17    2.9269e-17    2.2972e-18
1213.63330    1.3657e-17    1.6596e-17    1.6846e-18
1215.99719    6.1228e-17    7.5102e-17    4.7079e-18
1218.36572    3.0637e-17    3.7416e-17    3.0173e-18
1220.73877    9.7087e-17    1.2066e-16    1.0465e-18
1223.11658    1.2687e-17    1.5717e-17    3.4582e-19
1225.49902    1.0443e-17    1.2885e-17    4.9363e-19
1227.88599    2.0596e-17    2.5537e-17    4.6905e-19
1230.27771    7.7214e-18    9.5077e-18    4.4428e-19
1232.67407    3.0553e-17    3.7826e-17    9.2416e-19
1235.07507    2.9015e-17    3.5893e-17    9.9880e-19
1237.48071    2.7248e-17    3.3694e-17    9.8874e-19
1239.89111    2.2057e-17    2.7200e-17    1.1039e-18
1242.30615    3.7622e-17    4.6337e-17    2.1194e-18
1244.72595    2.1712e-17    2.6763e-17    1.1352e-18
1247.15039    1.4055e-17    1.7329e-17    7.2026e-19
1249.57959    2.7442e-17    3.3850e-17    1.3351e-18
1252.01355    2.6392e-17    3.2500e-17    1.5089e-18
1254.45215    3.0278e-17    3.7314e-17    1.6108e-18
1256.89563    3.7382e-17    4.5290e-17    5.1661e-18
1259.34375    3.6125e-17    4.4141e-17    3.4720e-18
1261.79675    5.4361e-17    6.6713e-17    4.0410e-18
1264.25452    6.2303e-17    6.9961e-17    3.1106e-17
1266.71704    1.9204e-16    2.2263e-16    6.7428e-17
1269.18433    3.2410e-17    3.8647e-17    7.0002e-18
1271.65649    6.3481e-17    7.6795e-17    9.2428e-18
1274.13342    3.8752e-17    4.7356e-17    3.7016e-18
1276.61523    3.1392e-17    3.8330e-17    3.1288e-18
1279.10181    3.4562e-17    4.1984e-17    4.3254e-18
1281.59326    2.3889e-17    2.8944e-17    3.2940e-18
1284.08960    2.0895e-17    2.5041e-17    4.0070e-18
1286.59070    3.2615e-17    3.9063e-17    6.3474e-18
1289.09668    8.0231e-17    9.3575e-17    2.5874e-17
1291.60767    4.3265e-17    4.9610e-17    1.7415e-17
1294.12341    2.6051e-17    3.0707e-17    7.0866e-18
1296.64404    7.5857e-17    9.2577e-17    7.7454e-18
1299.16968    7.3035e-17    8.8835e-17    8.6667e-18
1301.70020    3.2376e-17    3.8771e-17    6.3267e-18
1304.23572    3.6997e-17    4.4281e-17    7.3235e-18
1306.77612    4.5414e-17    5.4446e-17    8.6224e-18
1309.32141    1.8040e-17    2.1629e-17    3.4204e-18
1311.87183    2.1544e-17    2.5723e-17    4.5197e-18
1314.42700    3.5523e-17    4.3135e-17    4.5138e-18
1316.98730    3.8019e-17    4.4939e-17    9.8276e-18
1319.55249    5.4172e-17    6.4523e-17    1.2003e-17
1322.12280    4.8643e-17    5.8379e-17    8.9820e-18
1324.69800    3.5822e-17    4.2542e-17    8.4482e-18
1327.27820    4.8476e-17    5.7839e-17    1.0335e-17
1329.86353    3.6896e-17    4.3329e-17    1.0688e-17
1332.45386    3.8590e-17    4.5259e-17    1.1425e-17
1335.04919    1.5274e-17    1.8050e-17    3.9623e-18
1337.64966    1.9574e-17    2.2916e-17    5.9603e-18
1340.25513    5.0239e-17    5.5368e-17    2.9344e-17
1342.86560    1.3799e-17    1.5653e-17    6.2449e-18
1345.48120    4.0518e-17    4.5220e-17    2.1361e-17
1348.10205    7.4063e-18    8.2846e-18    3.8285e-18
1350.72778    3.4419e-17    3.9059e-17    1.5520e-17
1353.35876    2.8938e-17    3.1507e-17    1.8474e-17
1355.99487    3.4860e-17    3.9848e-17    1.4542e-17
1358.63611    3.1695e-17    3.7744e-17    7.0530e-18
1361.28247    6.2447e-17    7.2756e-17    2.0450e-17
1363.93396    6.4029e-17    7.5824e-17    1.5980e-17
1366.59058    8.4209e-17    9.9455e-17    2.2099e-17
1369.25244    4.5520e-17    5.3077e-17    1.4731e-17
1371.91956    6.6411e-17    7.8291e-17    1.8014e-17
1374.59180    1.0398e-16    1.2415e-16    2.1819e-17
1377.26929    1.0218e-16    1.2205e-16    2.1203e-17
1379.95190    6.4765e-17    7.5210e-17    2.2212e-17
1382.63965    7.8718e-17    9.0822e-17    2.9408e-17
1385.33276    4.1339e-17    4.6779e-17    1.9177e-17
1388.03125    6.0337e-17    6.9562e-17    2.2758e-17
1390.73486    2.2489e-17    2.5500e-17    1.0222e-17
1393.44360    3.5798e-17    3.8304e-17    2.5589e-17
1396.15784    5.1385e-17    5.8540e-17    2.2233e-17
1398.87720    1.3075e-16    1.5524e-16    3.0988e-17
1401.60205    8.3615e-17    1.0093e-16    1.3088e-17
1404.33203    6.2417e-17    7.4063e-17    1.4976e-17
1407.06738    3.4083e-17    3.8646e-17    1.5495e-17
1409.80811    4.5479e-17    5.2586e-17    1.6524e-17
1412.55420    4.1021e-17    4.7646e-17    1.4032e-17
1415.30554    1.2202e-16    1.4698e-16    2.0319e-17
1418.06213    7.7094e-17    9.1867e-17    1.6914e-17
1420.82446    3.3157e-17    3.6530e-17    1.9413e-17
1423.59180    2.5932e-17    2.9310e-17    1.2169e-17
1426.36475    1.3468e-17    1.4406e-17    9.6472e-18
1429.14307    4.2498e-17    4.7692e-17    2.1339e-17
1431.92676    5.9747e-17    6.9395e-17    2.0445e-17
1434.71582    3.0049e-17    3.3550e-17    1.5786e-17
1437.51038    9.0830e-17    1.0835e-16    1.9463e-17
1440.31030    7.3881e-17    8.5406e-17    2.6930e-17
1443.11572    6.0116e-17    6.8160e-17    2.7344e-17
1445.92676    2.2861e-17    2.4043e-17    1.8042e-17
1448.74316    2.6981e-17    2.8456e-17    2.0974e-17
1451.56494    3.8441e-17    4.1583e-17    2.5642e-17
1454.39233    3.8861e-17    4.3481e-17    2.0039e-17
1457.22522    3.2665e-17    3.4278e-17    2.6097e-17
1460.06360    2.4561e-17    2.5903e-17    1.9094e-17
1462.90747    4.6160e-17    5.1374e-17    2.4920e-17
1465.75696    2.3342e-17    2.3216e-17    2.3855e-17
1468.61206    2.9385e-17    3.2634e-17    1.6147e-17
1471.47253    4.5467e-17    4.7032e-17    3.9090e-17
1474.33862    6.9861e-17    8.2140e-17    1.9839e-17
1477.21045    6.5038e-17    6.8738e-17    4.9964e-17
1480.08777    4.5651e-17    5.3232e-17    1.4766e-17
1482.97058    5.5055e-17    6.1616e-17    2.8325e-17
1485.85913    4.5918e-17    4.6963e-17    4.1661e-17
1488.75342    7.8554e-17    8.1433e-17    6.6826e-17
1491.65332    5.5188e-17    5.8406e-17    4.2078e-17
1494.55859    2.8623e-17    2.8273e-17    3.0048e-17
1497.46985    2.5337e-17    2.7752e-17    1.5500e-17
1500.38647    1.8609e-17    1.9978e-17    1.3032e-17
1503.30896    4.4916e-17    4.9852e-17    2.4810e-17
1506.23706    6.2840e-17    7.2265e-17    2.4447e-17
1509.17090    4.9068e-17    5.5616e-17    2.2393e-17
1512.11060    5.4132e-17    6.1741e-17    2.3130e-17
1515.05591    3.2212e-17    3.6289e-17    1.5601e-17
1518.00684    4.7895e-18    4.9870e-18    3.9848e-18
1520.96362    3.5820e-17    3.9760e-17    1.9770e-17
1523.92627    4.1362e-17    4.4189e-17    2.9847e-17
1526.89453    3.1218e-17    3.4432e-17    1.8123e-17
1529.86865    6.7093e-18    6.2928e-18    8.4063e-18
1532.84839    1.4039e-17    1.5236e-17    9.1634e-18
1535.83411    1.3873e-17    1.2904e-17    1.7818e-17
1538.82568    1.3147e-17    1.2584e-17    1.5441e-17
1541.82300    1.1791e-17    1.1447e-17    1.3192e-17
1544.82617    8.4989e-18    8.3712e-18    9.0190e-18
1547.83521    2.4573e-17    2.2166e-17    3.4379e-17
1550.85010    4.2069e-17    4.2428e-17    4.0610e-17
1553.87085    2.6970e-17    2.7088e-17    2.6489e-17
1556.89746    2.5794e-17    2.8513e-17    1.4715e-17
1559.92993    1.7488e-17    2.0639e-17    4.6480e-18
1562.96863    2.7248e-17    2.9377e-17    1.8571e-17
1566.01282    1.1442e-17    1.2485e-17    7.1935e-18
1569.06311    2.5344e-17    2.9589e-17    8.0500e-18
1572.11938    3.6735e-17    3.7347e-17    3.4238e-17
1575.18152    2.9945e-17    3.3088e-17    1.7145e-17
1578.24963    5.4233e-17    5.9778e-17    3.1643e-17
1581.32373    3.7501e-17    3.5261e-17    4.6628e-17
1584.40381    1.7807e-17    1.9232e-17    1.2005e-17
1587.48999    2.7890e-17    3.2074e-17    1.0845e-17
1590.58215    1.1524e-17    1.1371e-17    1.2150e-17
1593.68018    4.5639e-17    4.3284e-17    5.5232e-17
1596.78442    1.9408e-17    1.5915e-17    3.3637e-17
1599.89465    1.8152e-17    1.7261e-17    2.1782e-17
1603.01086    1.7829e-17    1.9410e-17    1.1390e-17
1606.13330    2.8128e-17    2.9325e-17    2.3253e-17
1609.26172    2.5536e-17    2.9206e-17    1.0588e-17
1612.39636    2.1648e-17    2.4947e-17    8.2094e-18
1615.53674    2.3769e-18    2.5524e-18    1.6621e-18
1618.68347    2.6757e-17    3.0015e-17    1.3485e-17
1621.83630    3.9856e-17    4.5367e-17    1.7408e-17
1624.99548    3.0862e-17    3.5947e-17    1.0150e-17
1628.16064    5.4838e-17    6.4840e-17    1.4096e-17
1631.33203    3.9613e-17    4.4721e-17    1.8803e-17
1634.50952    5.1661e-17    6.1010e-17    1.3573e-17
1637.69312    4.2435e-17    4.7540e-17    2.1640e-17
1640.88306    1.3023e-16    1.4754e-16    5.9712e-17
1644.07922    3.7235e-17    4.1096e-17    2.1506e-17
1647.28162    4.5610e-17    5.2380e-17    1.8032e-17
1650.49023    4.0210e-17    4.7176e-17    1.1829e-17
1653.70496    5.1147e-17    6.0367e-17    1.3589e-17
1656.92603    3.6356e-17    4.4547e-17    2.9852e-18
1660.15369    1.7964e-17    2.1242e-17    4.6105e-18
1663.38721    1.0023e-17    1.1698e-17    3.1999e-18
1666.62720    1.1833e-17    1.2322e-17    9.8430e-18
1669.87317    8.2187e-18    8.6226e-18    6.5732e-18
1673.12585    1.7454e-17    1.9606e-17    8.6909e-18
1676.38489    2.4037e-17    2.5897e-17    1.6464e-17
1679.65027    2.1835e-17    2.3717e-17    1.4169e-17
1682.92188    2.6243e-17    2.4147e-17    3.4784e-17
1686.19958    2.2424e-17    2.1064e-17    2.7965e-17
1689.48413    3.3781e-17    3.7454e-17    1.8819e-17
1692.77502    1.9446e-17    2.3171e-17    4.2702e-18
1696.07227    1.9506e-17    2.0761e-17    1.4393e-17
1699.37573    1.4328e-17    1.6263e-17    6.4438e-18
1702.68567    3.0577e-17    3.1195e-17    2.8061e-17
1706.00232    1.9677e-17    2.2653e-17    7.5560e-18
1709.32544    5.0899e-17    5.2249e-17    4.5400e-17
1712.65491    2.1538e-17    2.3449e-17    1.3754e-17
1715.99060    4.9949e-17    5.6521e-17    2.3176e-17
1719.33301    3.5958e-17    4.2431e-17    9.5862e-18
1722.68188    6.7634e-17    7.0489e-17    5.6003e-17
1726.03735    3.7380e-17    4.3139e-17    1.3918e-17
1729.39941    1.2140e-17    1.2926e-17    8.9384e-18
1732.76807    2.4267e-17    2.5892e-17    1.7648e-17
1736.14307    1.0700e-17    1.1860e-17    5.9749e-18
1739.52466    7.8053e-18    6.8130e-18    1.1848e-17
1742.91296    1.0559e-17    1.0951e-17    8.9656e-18
1746.30786    1.9298e-17    2.0567e-17    1.4126e-17
1749.70935    2.5885e-17    2.8781e-17    1.4089e-17
1753.11755    2.6787e-18    2.1545e-18    4.8144e-18
1756.53223    8.0110e-18    6.6592e-18    1.3518e-17
1759.95325    2.5427e-17    2.8722e-17    1.2002e-17
1763.38147    1.9708e-17    1.9947e-17    1.8735e-17
1766.81628    1.0702e-17    1.0696e-17    1.0726e-17
1770.25745    1.1498e-17    1.2270e-17    8.3546e-18
1773.70581    3.9415e-17    3.4353e-17    6.0037e-17
1777.16064    1.8447e-17    2.0662e-17    9.4259e-18
1780.62207    1.5307e-17    1.6459e-17    1.0618e-17
1784.09045    5.8558e-17    6.8701e-17    1.7234e-17
1787.56555    1.5818e-16    1.8735e-16    3.9318e-17
1791.04749    2.4704e-17    2.5971e-17    1.9539e-17
1794.53601    3.3847e-17    3.5159e-17    2.8501e-17
1798.03137    4.3820e-17    5.1021e-17    1.4485e-17
1801.53357    5.7310e-18    4.1716e-18    1.2084e-17
1805.04248    4.3396e-17    4.4216e-17    4.0057e-17
1808.55847    2.4101e-17    2.5380e-17    1.8892e-17
1812.08130    1.2222e-17    9.0636e-18    2.5087e-17
1815.61096    1.7039e-17    1.8905e-17    9.4386e-18
1819.14722    9.9609e-18    1.1274e-17    4.6126e-18
1822.69067    2.0273e-17    2.3125e-17    8.6535e-18
1826.24084    2.4244e-17    2.7429e-17    1.1266e-17
1829.79797    2.2523e-17    2.4954e-17    1.2620e-17
1833.36206    1.8680e-17    1.9916e-17    1.3645e-17
1836.93311    2.4872e-17    2.6990e-17    1.6243e-17
1840.51111    1.8239e-17    1.8316e-17    1.7924e-17
1844.09607    2.2381e-17    1.9726e-17    3.3197e-17
1847.68799    2.0207e-17    2.3061e-17    8.5795e-18
1851.28687    2.3755e-17    2.4380e-17    2.1212e-17
1854.89282    6.4865e-18    5.9093e-18    8.8380e-18
1858.50586    1.6984e-17    1.7290e-17    1.5739e-17
1862.12585    1.6432e-17    1.3966e-17    2.6479e-17
1865.75293    1.8849e-17    1.8528e-17    2.0156e-17
1869.38696    2.8361e-17    2.7670e-17    3.1173e-17
1873.02820    8.5785e-18    8.7959e-18    7.6927e-18
1876.67651    2.8673e-17    3.1893e-17    1.5555e-17
1880.33191    2.5672e-17    2.7526e-17    1.8121e-17
1883.99438    3.2336e-17    2.5934e-17    5.8418e-17
1887.66406    3.2662e-17    3.4117e-17    2.6734e-17
1891.34082    1.3130e-17    1.4125e-17    9.0765e-18
1895.02490    1.6693e-17    1.7831e-17    1.2058e-17
1898.71606    3.3747e-17    3.3907e-17    3.3095e-17
1902.41431    4.1627e-17    4.2908e-17    3.6408e-17
1906.11987    1.9362e-17    1.9702e-17    1.7977e-17
1909.83252    2.1739e-17    2.2521e-17    1.8555e-17
1913.55261    2.1034e-17    2.2613e-17    1.4604e-17
1917.27979    3.2158e-17    3.3695e-17    2.5899e-17
1921.01428    1.7926e-17    1.4548e-17    3.1685e-17
1924.75610    2.2977e-17    2.2844e-17    2.3519e-17
1928.50513    3.2617e-17    3.2741e-17    3.2111e-17
1932.26147    1.8803e-17    1.8765e-17    1.8955e-17
1936.02515    1.9850e-17    2.2178e-17    1.0369e-17
1939.79614    2.1277e-17    1.9271e-17    2.9452e-17
1943.57446    2.8777e-17    2.8388e-17    3.0362e-17
1947.36011    5.5419e-17    5.4678e-17    5.8435e-17
1951.15332    1.7403e-17    1.7313e-17    1.7769e-17
1954.95374    2.9985e-17    2.9869e-17    3.0460e-17
1958.76160    3.6709e-17    2.8262e-17    7.1122e-17
1962.57690    2.9305e-17    2.7759e-17    3.5604e-17
1966.39966    6.4189e-17    5.9595e-17    8.2902e-17
1970.22974    5.0259e-17    4.7391e-17    6.1941e-17
1974.06738    8.7365e-17    6.6237e-17    1.7344e-16
1977.91248    2.0015e-17    1.5980e-17    3.6451e-17
1981.76514    1.0551e-17    9.1325e-18    1.6328e-17
1985.62524    3.1156e-17    2.9435e-17    3.8167e-17
1989.49280    2.3586e-17    2.2499e-17    2.8015e-17
1993.36792    2.3727e-17    2.0964e-17    3.4983e-17
1997.25061    1.5976e-17    1.3735e-17    2.5108e-17
2001.14087    4.0748e-17    4.3624e-17    2.9032e-17
2005.03870    2.9744e-17    3.1742e-17    2.1609e-17
2008.94409    5.3836e-17    5.7501e-17    3.8908e-17
2012.85718    4.8891e-17    4.7028e-17    5.6482e-17
2016.77783    4.0903e-17    4.0664e-17    4.1878e-17
2020.70605    2.0861e-17    2.1302e-17    1.9063e-17
2024.64209    2.8553e-17    2.4393e-17    4.5502e-17
2028.58569    4.8464e-17    4.5418e-17    6.0873e-17
2032.53687    5.0066e-17    5.0039e-17    5.0177e-17
2036.49585    1.9171e-17    1.9473e-17    1.7938e-17
2040.46265    2.0843e-17    2.2538e-17    1.3935e-17
2044.43701    2.1858e-17    2.3936e-17    1.3393e-17
2048.41919    1.7896e-17    1.5545e-17    2.7473e-17
2052.40918    1.8420e-17    1.8356e-17    1.8680e-17
2056.40674    3.2234e-17    3.4050e-17    2.4836e-17
2060.41211    8.5800e-18    7.4934e-18    1.3007e-17
2064.42554    3.6552e-17    4.0312e-17    2.1231e-17
2068.44678    4.6920e-17    4.1301e-17    6.9812e-17
2072.47559    4.7311e-17    4.1587e-17    7.0630e-17
2076.51221    4.5664e-17    3.5994e-17    8.5055e-17
2080.55713    1.9569e-17    1.8070e-17    2.5676e-17
2084.60938    1.6984e-17    1.3937e-17    2.9398e-17
2088.66992    1.8220e-17    1.9658e-17    1.2361e-17
2092.73828    2.2253e-17    2.0033e-17    3.1295e-17
2096.81445    1.7439e-17    1.6964e-17    1.9375e-17
2100.89868    3.5247e-17    3.3353e-17    4.2963e-17
2104.99072    3.5683e-17    3.2263e-17    4.9616e-17
2109.09082    6.3472e-17    7.1947e-17    2.8949e-17
2113.19922    1.7856e-17    1.7700e-17    1.8488e-17
2117.31519    8.6266e-17    7.5418e-17    1.3046e-16
2121.43945    9.5688e-18    9.3160e-18    1.0599e-17
2125.57129    1.9858e-17    1.4875e-17    4.0156e-17
2129.71143    4.2823e-17    4.4263e-17    3.6960e-17
2133.85986    3.1606e-17    2.8678e-17    4.3536e-17
2138.01611    4.4037e-17    4.8229e-17    2.6959e-17
2142.18066    3.8207e-17    3.5010e-17    5.1234e-17
2146.35303    2.6674e-17    2.6930e-17    2.5634e-17
2150.53369    3.1904e-17    3.5116e-17    1.8818e-17
2154.72266    2.1774e-17    1.8396e-17    3.5537e-17
2158.91968    3.1156e-17    2.8553e-17    4.1762e-17
2163.12500    3.8610e-17    3.9871e-17    3.3476e-17
2167.33813    5.7466e-17    5.7487e-17    5.7383e-17
2171.55957    2.0678e-17    1.7735e-17    3.2669e-17
2175.78955    5.6513e-17    5.5301e-17    6.1450e-17
2180.02759    1.4573e-17    1.5111e-17    1.2380e-17
2184.27393    4.2824e-17    3.7905e-17    6.2864e-17
2188.52832    3.3471e-17    3.2199e-17    3.8653e-17
2192.79102    1.2816e-17    1.1024e-17    2.0116e-17
2197.06226    1.1046e-17    8.2473e-18    2.2447e-17
2201.34180    1.9632e-17    1.6265e-17    3.3349e-17
2205.62939    2.8641e-17    2.5500e-17    4.1436e-17
2209.92554    3.3327e-17    3.1061e-17    4.2559e-17
2214.22998    5.0392e-17    4.9599e-17    5.3625e-17
2218.54297    3.1644e-17    3.0502e-17    3.6294e-17
2222.86426    5.6104e-17    5.9392e-17    4.2710e-17
2227.19409    4.3413e-17    3.9391e-17    5.9801e-17
2231.53223    4.7114e-17    4.1790e-17    6.8805e-17
2235.87891    4.1513e-17    3.9788e-17    4.8539e-17
2240.23389    6.2486e-17    5.9963e-17    7.2766e-17
2244.59717    5.4764e-17    5.4798e-17    5.4629e-17
2248.96924    5.7620e-17    6.2277e-17    3.8647e-17
2253.34985    6.3180e-17    6.8232e-17    4.2597e-17
2257.73901    4.7681e-17    4.7372e-17    4.8939e-17
2262.13672    6.4629e-17    7.1777e-17    3.5507e-17
2266.54297    8.9693e-17    1.0114e-16    4.3050e-17
2270.95752    8.0312e-17    8.6051e-17    5.6933e-17
2275.38086    9.1910e-17    9.3260e-17    8.6409e-17
2279.81299    7.4456e-17    6.9356e-17    9.5233e-17
2284.25366    5.3217e-17    5.6482e-17    3.9917e-17
2288.70288    3.5654e-17    3.2061e-17    5.0292e-17
2293.16089    7.0871e-17    7.4960e-17    5.4216e-17
2297.62744    4.4832e-17    4.1313e-17    5.9168e-17
2302.10303    3.4373e-17    3.5079e-17    3.1496e-17
2306.58691    1.2629e-16    1.0605e-16    2.0876e-16
2311.07959    8.3451e-17    8.8901e-17    6.1249e-17
2315.58105    5.3750e-17    5.5787e-17    4.5451e-17
2320.09155    5.5403e-17    5.9251e-17    3.9725e-17
2324.61060    6.9985e-17    7.0291e-17    6.8738e-17
2329.13843    1.1505e-16    1.3127e-16    4.9015e-17
2333.67529    4.4376e-17    4.3850e-17    4.6522e-17
2338.22070    8.2719e-17    8.8752e-17    5.8142e-17
2342.77490    9.7300e-17    1.0603e-16    6.1716e-17
2347.33838    1.1946e-16    1.2577e-16    9.3788e-17
2351.91064    5.1062e-17    4.5566e-17    7.3453e-17
2356.49170    8.5797e-17    8.8627e-17    7.4271e-17
2361.08154    1.3871e-16    1.4808e-16    1.0054e-16
2365.68066    1.5470e-16    1.6575e-16    1.0970e-16
2370.28833    7.1902e-17    7.2331e-17    7.0155e-17
2374.90527    1.1246e-16    1.2265e-16    7.0936e-17
2379.53101    9.2947e-17    9.3173e-17    9.2022e-17
2384.16602    2.1768e-16    2.4823e-16    9.3229e-17
2388.80981    1.2578e-16    1.2083e-16    1.4591e-16
2393.46289    3.0090e-16    2.7463e-16    4.0789e-16
2398.12476    1.3519e-16    1.3547e-16    1.3407e-16
2402.79590    1.6005e-16    1.5902e-16    1.6425e-16
2407.47607    1.0622e-16    1.0134e-16    1.2607e-16
2412.16528    2.2130e-16    2.1633e-16    2.4156e-16
2416.86377    1.0410e-16    1.1030e-16    7.8855e-17
2421.57129    1.0940e-16    1.1353e-16    9.2552e-17
2426.28809    1.5232e-16    1.6506e-16    1.0042e-16
2431.01392    2.1856e-16    2.2172e-16    2.0573e-16
2435.74902    1.6807e-16    1.7428e-16    1.4276e-16
2440.49365    7.0398e-17    7.3938e-17    5.5973e-17
2445.24707    1.5546e-16    1.6676e-16    1.0941e-16
2450.01001    1.1714e-16    1.1318e-16    1.3329e-16
2454.78223    1.0531e-16    1.0794e-16    9.4569e-17
2459.56348    1.6423e-16    1.6939e-16    1.4324e-16
2464.35425    1.9215e-16    2.1426e-16    1.0210e-16
2469.15430    1.6274e-16    1.7842e-16    9.8851e-17
2473.96387    1.3331e-16    1.4166e-16    9.9300e-17
2478.78271    1.2512e-16    1.3670e-16    7.7914e-17
2483.61084    1.3297e-16    1.3695e-16    1.1676e-16
2488.44849    1.4542e-16    1.4885e-16    1.3145e-16
2493.29541    6.5244e-17    6.6044e-17    6.1984e-17
2498.15186    8.9628e-17    9.3096e-17    7.5497e-17
2503.01782    1.3833e-16    1.4534e-16    1.0977e-16
2507.89307    1.3453e-16    1.3762e-16    1.2194e-16
2512.77808    1.6289e-16    1.7613e-16    1.0899e-16
2517.67236    9.8449e-17    9.5146e-17    1.1191e-16
2522.57642    1.1531e-16    1.1545e-16    1.1470e-16
2527.48975    1.6129e-16    1.7487e-16    1.0594e-16
2532.41309    5.6969e-17    6.1370e-17    3.9043e-17
2537.34570    1.4154e-16    1.5795e-16    7.4716e-17
2542.28760    1.3946e-16    1.5035e-16    9.5117e-17
2547.23975    1.1866e-16    1.3241e-16    6.2644e-17
2552.20117    9.9384e-17    9.6553e-17    1.1092e-16
2557.17236    7.4559e-17    7.9896e-17    5.2818e-17
2562.15332    1.2954e-16    1.4276e-16    7.5696e-17
2567.14404    1.0235e-16    1.0410e-16    9.5242e-17
2572.14404    1.1647e-16    1.1648e-16    1.1643e-16
2577.15430    6.6620e-17    6.7967e-17    6.1132e-17
2582.17383    9.2789e-17    9.3826e-17    8.8564e-17
2587.20361    1.3571e-16    1.4923e-16    8.0642e-17
2592.24292    6.3248e-17    7.1537e-17    2.9479e-17
2597.29199    2.9035e-16    2.9075e-16    2.8872e-16
2602.35107    4.9153e-17    4.9886e-17    4.6168e-17
2607.41992    2.2109e-16    2.1303e-16    2.5391e-16
2612.49854    3.6902e-16    3.4184e-16    4.7973e-16
2617.58740    1.1793e-16    1.1446e-16    1.3210e-16
2622.68604    1.7443e-16    1.8696e-16    1.2337e-16
2627.79443    4.5457e-16    4.1113e-16    6.3157e-16
2632.91284    3.2804e-16    2.9571e-16    4.5974e-16
2638.04126    4.9112e-17    4.5328e-17    6.4524e-17
2643.17969    6.7668e-17    5.9064e-17    1.0272e-16
2648.32812    3.0139e-17    2.3222e-17    5.8318e-17
2653.48633    5.6561e-17    5.2338e-17    7.3765e-17
2658.65479    3.0155e-17    2.4352e-17    5.3794e-17
2663.83350    3.0548e-17    3.0877e-17    2.9208e-17
2669.02197    6.8122e-17    6.8438e-17    6.6831e-17
2674.22070    3.4696e-18    2.2896e-18    8.2764e-18
2679.42969    4.3415e-17    4.0308e-17    5.6074e-17
2684.64868    8.6867e-17    7.9234e-17    1.1796e-16
2689.87793    1.8818e-17    1.6562e-17    2.8007e-17
2695.11719    8.2361e-17    8.3172e-17    7.9054e-17
2700.36670    2.1514e-17    1.6092e-17    4.3603e-17
2705.62646    8.4834e-17    8.5373e-17    8.2637e-17
2710.89648    8.2711e-17    8.6922e-17    6.5555e-17
2716.17676    1.3278e-16    1.2994e-16    1.4434e-16
2721.46729    5.8589e-17    5.1864e-17    8.5986e-17
2726.76831    6.8351e-17    7.1936e-17    5.3747e-17
2732.07959    1.6664e-16    1.7015e-16    1.5230e-16
2737.40112    1.0088e-16    1.0136e-16    9.8937e-17
2742.73291    4.9736e-17    4.9320e-17    5.1434e-17
2748.07520    1.3319e-16    1.4294e-16    9.3483e-17
2753.42798    1.7620e-16    1.6645e-16    2.1595e-16
2758.79102    8.1476e-17    8.3236e-17    7.4309e-17
2764.16479    7.7308e-17    8.1296e-17    6.1065e-17
2769.54883    1.0865e-16    1.0882e-16    1.0795e-16
2774.94336    1.5213e-16    1.4158e-16    1.9508e-16
2780.34863    4.5649e-17    4.3056e-17    5.6212e-17
2785.76416    6.8487e-17    6.3899e-17    8.7179e-17
2791.18994    3.0819e-17    2.9342e-17    3.6837e-17
2796.62695    2.8609e-17    3.1331e-17    1.7516e-17
2802.07422    4.2524e-17    4.5359e-17    3.0975e-17
2807.53198    2.6171e-17    2.4209e-17    3.4164e-17
2813.00049    2.6441e-17    2.1899e-17    4.4945e-17
2818.47949    4.2030e-17    3.4559e-17    7.2466e-17
2823.96948    7.5788e-17    7.2468e-17    8.9310e-17
2829.47021    7.9726e-17    7.9700e-17    7.9834e-17
2834.98145    9.6971e-17    8.4053e-17    1.4960e-16
2840.50342    1.2050e-16    9.9233e-17    2.0714e-16
2846.03613    1.1933e-16    1.0377e-16    1.8269e-16
2851.57959    8.0744e-17    7.2883e-17    1.1277e-16
2857.13379    1.0181e-16    8.9381e-17    1.5242e-16
2862.69922    6.2979e-17    5.1262e-17    1.1072e-16
2868.27490    1.1627e-16    1.0680e-16    1.5484e-16
2873.86182    3.8456e-17    3.3559e-17    5.8404e-17
2879.45947    5.6036e-17    5.1183e-17    7.5807e-17
2885.06836    5.9635e-17    5.9454e-17    6.0372e-17
2890.68774    6.9111e-17    6.4211e-17    8.9069e-17
2896.31860    6.5023e-17    5.7653e-17    9.5049e-17
2901.95972    2.8422e-17    2.5437e-17    4.0579e-17
2907.61230    4.7355e-17    4.0200e-17    7.6503e-17
2913.27563    8.7563e-18    6.1842e-18    1.9234e-17
2918.95020    6.7795e-17    5.8946e-17    1.0385e-16
2924.63574    9.6077e-17    1.0063e-16    7.7526e-17
2930.33228    9.2252e-18    6.3461e-18    2.0954e-17
2936.04004    1.4922e-17    1.0373e-17    3.3456e-17
2941.75903    5.5135e-17    5.5619e-17    5.3163e-17
2947.48877    7.2127e-17    6.8842e-17    8.5510e-17
2953.22998    4.8298e-17    5.1515e-17    3.5196e-17
2958.98242    4.5834e-17    4.4096e-17    5.2914e-17
2964.74585    5.4163e-17    5.7307e-17    4.1352e-17
2970.52075    8.5610e-17    8.6782e-17    8.0839e-17
2976.30664    3.6697e-17    3.2821e-17    5.2485e-17
2982.10376    9.3184e-17    9.4136e-17    8.9304e-17
2987.91187    3.3911e-17    3.5471e-17    2.7558e-17
2993.73218    8.2882e-18    5.4144e-18    1.9995e-17
2999.56348    2.6583e-17    2.6251e-17    2.7935e-17
3005.40601    3.0021e-17    3.4125e-17    1.3305e-17
3011.25977    3.2096e-17    2.4060e-17    6.4835e-17
3017.12500    3.0743e-17    2.3075e-17    6.1980e-17
3023.00195    1.1658e-17    7.7953e-18    2.7392e-17
3028.89014    1.4254e-17    9.8635e-18    3.2139e-17
3034.79004    1.0387e-17    6.8008e-18    2.4995e-17
3040.70117    9.9447e-18    6.6170e-18    2.3501e-17
3046.62402    4.9150e-17    4.1387e-17    8.0775e-17
3052.55811    9.3295e-18    6.0858e-18    2.2544e-17
3058.50391    7.8484e-18    5.2955e-18    1.8249e-17
3064.46143    3.1577e-17    2.8440e-17    4.4356e-17
3070.43018    3.6789e-17    2.6953e-17    7.6861e-17
3076.41064    5.4023e-17    4.2878e-17    9.9426e-17
3082.40332    1.2104e-17    8.8636e-18    2.5304e-17
3088.40698    8.2315e-18    5.7506e-18    1.8338e-17
3094.42261    2.3156e-17    2.3054e-17    2.3573e-17
3100.44971    7.3324e-18    5.0488e-18    1.6635e-17
3106.48901    1.6210e-17    1.0818e-17    3.8176e-17
3112.53979    9.0295e-18    5.9522e-18    2.1566e-17
3118.60229    8.0105e-18    5.3758e-18    1.8744e-17
3124.67676    5.5988e-19    3.6062e-19    1.3716e-18
3130.76318    1.0500e-17    7.2323e-18    2.3809e-17
3136.86133    2.8344e-18    1.8725e-18    6.7529e-18
3142.97119    2.2803e-17    2.3627e-17    1.9448e-17
3149.09302    1.0788e-17    8.1475e-18    2.1544e-17
3155.22681    5.9734e-18    4.1160e-18    1.3540e-17
3161.37256    9.2007e-17    9.1267e-17    9.5024e-17
3167.53027    4.6828e-17    5.0299e-17    3.2686e-17
3173.70020    2.8258e-19    1.7974e-19    7.0154e-19
3179.88184    4.1344e-17    3.9026e-17    5.0790e-17
3186.07568    9.2277e-17    1.0002e-16    6.0718e-17
3192.28149    7.0692e-17    7.1617e-17    6.6925e-17
3198.49951    4.0251e-17    4.6448e-17    1.5007e-17
3204.72949    1.2122e-17    9.0631e-18    2.4583e-17
3210.97168    6.6905e-17    6.7869e-17    6.2978e-17
3217.22607    4.5981e-19    2.9445e-19    1.1335e-18
3223.49268    6.4031e-18    4.1609e-18    1.5537e-17
3229.77148    6.3460e-17    6.0439e-17    7.5769e-17
3236.06226    3.3057e-17    2.6677e-17    5.9046e-17
3242.36572    2.2664e-17    2.0768e-17    3.0387e-17
3248.68115    5.6452e-17    4.7244e-17    9.3962e-17
3255.00879    1.1748e-16    1.0938e-16    1.5047e-16
3261.34912    4.0698e-17    3.9336e-17    4.6247e-17
3267.70093    3.7983e-17    2.7808e-17    7.9434e-17
3274.06616    1.4340e-18    9.2441e-19    3.5097e-18
3280.44336    2.4106e-16    2.2768e-16    2.9558e-16
3286.83301    5.0224e-17    4.2508e-17    8.1660e-17
3293.23535    5.4716e-17    4.7116e-17    8.5676e-17
3299.64990    3.9157e-17    3.4387e-17    5.8588e-17
3306.07690    6.0387e-17    5.2746e-17    9.1515e-17
3312.51660    4.7501e-17    3.9945e-17    7.8280e-17
3318.96875    8.6348e-18    5.7237e-18    2.0494e-17
3325.43359    1.3407e-17    9.6276e-18    2.8803e-17
3331.91064    1.0629e-18    6.7969e-19    2.6242e-18
3338.40063    1.9566e-17    1.3800e-17    4.3054e-17
3344.90332    6.8161e-19    4.3860e-19    1.6716e-18
3351.41846    1.1844e-19    7.5693e-20    2.9260e-19
3357.94629    2.8212e-17    2.3026e-17    4.9341e-17
3364.48682    2.3898e-17    1.7803e-17    4.8728e-17
3371.04004    2.4127e-17    1.5504e-17    5.9252e-17
3377.60645    5.1370e-18    3.3599e-18    1.2376e-17
3384.18481    1.3812e-17    9.8081e-18    3.0121e-17
3390.77686    1.2985e-17    8.6551e-18    3.0622e-17
3397.38159    2.7877e-18    1.8047e-18    6.7920e-18
3403.99902    9.4396e-19    6.0409e-19    2.3285e-18
3410.62915    5.4450e-18    3.8574e-18    1.1912e-17
3417.27271    1.7671e-17    1.2821e-17    3.7428e-17
3423.92847    3.4916e-18    2.2286e-18    8.6372e-18
3430.59766    6.7983e-18    4.5440e-18    1.5982e-17
3437.27979    1.9670e-17    1.6849e-17    3.1162e-17
3443.97534    3.5330e-18    2.2771e-18    8.6494e-18
3450.68359    2.3807e-17    1.8616e-17    4.4953e-17
3457.40479    2.6236e-17    1.8521e-17    5.7662e-17
3464.13916    8.9855e-18    5.9402e-18    2.1391e-17
3470.88647    6.2830e-18    4.3471e-18    1.4169e-17
3477.64697    3.1242e-17    2.2795e-17    6.5649e-17
3484.42090    1.7785e-17    1.2046e-17    4.1163e-17
3491.20776    9.6800e-18    6.9517e-18    2.0795e-17
3498.00781    1.5706e-17    1.0851e-17    3.5484e-17
3504.82129    1.0959e-17    7.1835e-18    2.6339e-17
3511.64771    6.1904e-19    3.9502e-19    1.5317e-18
3518.48804    7.0010e-18    4.6534e-18    1.6565e-17
3525.34131    8.3811e-18    5.3417e-18    2.0763e-17
3532.20776    4.6566e-18    2.9743e-18    1.1510e-17
3539.08813    6.0128e-18    3.8863e-18    1.4676e-17
3545.98145    1.0576e-18    6.7515e-19    2.6155e-18
3552.88818    7.4963e-18    5.0000e-18    1.7666e-17
3559.80884    3.3577e-18    2.1583e-18    8.2437e-18
3566.74292    4.1711e-18    2.7804e-18    9.8365e-18
3573.68994    4.0087e-19    2.7583e-19    9.1027e-19
3580.65112    1.2811e-19    8.1714e-20    3.1711e-19
3587.62500    3.2695e-18    2.3641e-18    6.9582e-18
3594.61304    1.6512e-19    1.0521e-19    4.0919e-19
3601.61499    7.5408e-19    4.8137e-19    1.8650e-18
3608.63013    3.7044e-19    2.3600e-19    9.1815e-19
3615.65894    1.2635e-18    8.1302e-19    3.0986e-18
3622.70166    1.8347e-17    1.2917e-17    4.0467e-17
3629.75806    4.0700e-19    2.9177e-19    8.7642e-19
3636.82837    1.7740e-18    1.1532e-18    4.3030e-18
3643.91138    1.2016e-17    9.1026e-18    2.3885e-17
3651.00928    5.0035e-20    3.1914e-20    1.2386e-19
3658.12085    1.6893e-17    1.5223e-17    2.3697e-17
3665.24609    6.9079e-20    4.3934e-20    1.7151e-19
3672.38525    8.6913e-20    5.5226e-20    2.1600e-19
3679.53857    3.3295e-19    2.1785e-19    8.0186e-19
3686.70557    6.1442e-19    4.2822e-19    1.3730e-18
3693.88647    1.7923e-19    1.1516e-19    4.4022e-19
3701.08154    1.2724e-18    8.2929e-19    3.0775e-18
3708.29053    2.5749e-19    1.6404e-19    6.3817e-19
3715.51343    3.8180e-19    2.5104e-19    9.1452e-19
3722.75049    1.2342e-18    7.8725e-19    3.0551e-18
3730.00171    4.2224e-18    2.7113e-18    1.0378e-17
3737.26709    6.1390e-20    3.9660e-20    1.4991e-19
3744.54639    1.1178e-18    7.1421e-19    2.7617e-18
3751.84009    8.6317e-18    6.0876e-18    1.8996e-17
3759.14795    7.2367e-18    4.7683e-18    1.7292e-17
3766.47021    1.7136e-17    1.3230e-17    3.3051e-17
3773.80664    4.1469e-20    2.7785e-20    9.7212e-20
3781.15723    9.7654e-18    6.7450e-18    2.2070e-17
3788.52197    7.7509e-19    4.9785e-19    1.9045e-18
3795.90137    9.4524e-19    6.0828e-19    2.3179e-18
3803.29492    2.7818e-19    1.7510e-19    6.9813e-19
3810.70312    2.0912e-18    1.3499e-18    5.1109e-18
3818.12549    5.5063e-20    3.0723e-20    1.5422e-19
3825.56250    2.1473e-17    1.7937e-17    3.5875e-17
3833.01416    3.9472e-19    2.6154e-19    9.3725e-19
3840.47998    9.1671e-20    6.2644e-20    2.0992e-19
3847.96045    2.2639e-18    1.4672e-18    5.5095e-18
3855.45557    4.9279e-20    3.1390e-20    1.2216e-19
3862.96533    1.3982e-19    8.8847e-20    3.4748e-19
3870.48950    8.4257e-18    6.4593e-18    1.6436e-17
3878.02832    1.0709e-19    6.8788e-20    2.6313e-19
3885.58203    1.1207e-19    7.1261e-20    2.7833e-19
3893.15039    8.9041e-19    5.7351e-19    2.1814e-18
3900.73340    2.8207e-19    1.7959e-19    6.9953e-19
3908.33154    5.7216e-18    3.7372e-18    1.3806e-17
3915.94409    1.0992e-17    7.2246e-18    2.6342e-17
3923.57153    1.9385e-19    1.2310e-19    4.8206e-19
3931.21387    1.4020e-17    9.3424e-18    3.3077e-17
3938.87109    5.2784e-17    3.8653e-17    1.1035e-16
3946.54346    1.6864e-17    1.1354e-17    3.9309e-17
3954.23047    2.0765e-19    1.3181e-19    5.1661e-19
3961.93262    3.3823e-18    2.0361e-18    8.8663e-18
3969.64941    2.6654e-17    1.6326e-17    6.8725e-17
3977.38159    1.3028e-17    1.0349e-17    2.3941e-17
3985.12866    5.5549e-18    3.5743e-18    1.3623e-17
3992.89111    2.4137e-18    1.5499e-18    5.9326e-18
4000.66846    1.0814e-17    7.9392e-18    2.2525e-17
4008.46094    9.4955e-19    6.0283e-19    2.3620e-18
4016.26880    3.2810e-19    2.0823e-19    8.1644e-19
4024.09155    3.0576e-18    1.9915e-18    7.4004e-18
4031.92969    2.1995e-19    1.4757e-19    5.1479e-19
4039.78320    7.2024e-20    4.5678e-20    1.7935e-19
4047.65186    4.3343e-20    2.7485e-20    1.0795e-19
4055.53589    3.9319e-19    2.4881e-19    9.8139e-19
4063.43506    3.3796e-18    2.1558e-18    8.3650e-18
4071.35010    9.2097e-19    5.8376e-19    2.2947e-18
4079.28027    2.4070e-18    1.5327e-18    5.9686e-18
4087.22607    9.8490e-19    6.2822e-19    2.4380e-18
4095.18701    5.3450e-19    3.3827e-19    1.3339e-18
4103.16357    3.1738e-19    2.0535e-19    7.7379e-19
4111.15576    1.1129e-18    7.0565e-19    2.7718e-18
4119.16357    5.3671e-18    3.6471e-18    1.2374e-17
4127.18652    5.7462e-18    3.9763e-18    1.2956e-17
4135.22559    1.3961e-18    8.9950e-19    3.4192e-18
4143.28027    6.0025e-19    3.6474e-19    1.5597e-18
4151.35059    3.1962e-19    2.0237e-19    7.9725e-19
4159.43652    6.5508e-19    4.1617e-19    1.6283e-18
4167.53857    3.6543e-19    2.3095e-19    9.1328e-19
4175.65625    3.9285e-17    3.2038e-17    6.8806e-17
4183.78906    1.1911e-18    7.5645e-19    2.9616e-18
4191.93848    5.3363e-20    3.3776e-20    1.3316e-19
4200.10352    2.9067e-19    1.8398e-19    7.2528e-19
4208.28418    7.6072e-19    4.9418e-19    1.8465e-18
4216.48145    4.7326e-20    2.9969e-20    1.1803e-19
4224.69434    3.3230e-19    2.1029e-19    8.2936e-19
4232.92334    2.9393e-17    2.9692e-17    2.8174e-17
4241.16846    1.3934e-17    8.7767e-18    3.4943e-17
4249.42920    3.3214e-18    2.2019e-18    7.8819e-18
4257.70605    4.5305e-18    3.0012e-18    1.0760e-17
4265.99902    8.6393e-20    5.6305e-20    2.0897e-19
4274.30859    1.4478e-17    9.6886e-18    3.3991e-17
4282.63428    1.3151e-19    8.3183e-20    3.2837e-19
4290.97607    1.0667e-17    6.7194e-18    2.6748e-17
4299.33398    2.5775e-17    2.1237e-17    4.4261e-17
4307.70801    2.2083e-18    1.3908e-18    5.5385e-18
4316.09863    1.2208e-17    8.3313e-18    2.7999e-17
4324.50586    1.3272e-18    8.3683e-19    3.3250e-18
4332.92920    1.5940e-17    1.3579e-17    2.5554e-17
4341.36914    1.2386e-17    9.1430e-18    2.5596e-17
4349.82520    2.6198e-17    2.3089e-17    3.8859e-17
4358.29785    1.3955e-17    8.7873e-18    3.5009e-17
4366.78662    2.9552e-18    1.9361e-18    7.1068e-18
4375.29199    2.7617e-17    2.6093e-17    3.3823e-17
4383.81445    2.7533e-17    2.1332e-17    5.2796e-17
4392.35352    2.5679e-20    1.6220e-20    6.4214e-20
4400.90869    1.4028e-17    1.0593e-17    2.8018e-17
4409.48047    3.3151e-17    2.9821e-17    4.6717e-17
4418.06934    1.9206e-17    1.5228e-17    3.5410e-17
4426.67480    5.4548e-20    3.4444e-20    1.3645e-19
4435.29736    6.6282e-18    4.4211e-18    1.5620e-17
4443.93652    5.1847e-19    3.2698e-19    1.2985e-18
4452.59277    6.2993e-18    3.9627e-18    1.5818e-17
4461.26562    2.3961e-18    1.5085e-18    6.0117e-18
4469.95508    1.4146e-17    1.0601e-17    2.8590e-17
4478.66162    1.9601e-18    1.2327e-18    4.9233e-18
4487.38477    3.0170e-17    2.3993e-17    5.5334e-17
4496.12549    2.5452e-19    1.6009e-19    6.3919e-19
4504.88281    1.5956e-17    1.4426e-17    2.2189e-17
4513.65771    1.2497e-17    9.2775e-18    2.5615e-17
4522.44922    4.0274e-17    3.6047e-17    5.7493e-17
4531.25830    6.1821e-18    4.2096e-18    1.4218e-17
4540.08447    1.4373e-17    1.2289e-17    2.2864e-17
4548.92773    2.1329e-17    2.0233e-17    2.5792e-17
4557.78809    1.6984e-17    1.3523e-17    3.1084e-17
4566.66602    5.1659e-20    3.2585e-20    1.2937e-19
4575.56055    1.9296e-17    1.6943e-17    2.8879e-17
4584.47314    3.8505e-17    3.3835e-17    5.7531e-17
4593.40283    7.9790e-18    5.4052e-18    1.8464e-17
4602.34961    4.3357e-19    2.7363e-19    1.0851e-18
4611.31445    1.7540e-19    1.1073e-19    4.3883e-19
4620.29590    2.1185e-17    1.8357e-17    3.2706e-17
4629.29590    3.4438e-17    3.0069e-17    5.2237e-17
4638.31250    6.8519e-19    4.3058e-19    1.7224e-18
4647.34668    8.1125e-18    5.5505e-18    1.8550e-17
4656.39941    4.2483e-19    2.6914e-19    1.0591e-18
4665.46875    1.5592e-17    1.1136e-17    3.3744e-17
4674.55664    1.8690e-18    1.1871e-18    4.6471e-18
4683.66113    2.9003e-19    1.8216e-19    7.2948e-19
4692.78418    2.3969e-20    1.5101e-20    6.0091e-20
4701.92480    5.5985e-20    3.5230e-20    1.4054e-19
4711.08301    1.5480e-19    6.1466e-20    5.3501e-19
4720.25977    4.8355e-19    3.0515e-19    1.2103e-18
4729.45361    3.1156e-18    1.9853e-18    7.7201e-18
4738.66602    1.3433e-18    8.4855e-19    3.3590e-18
4747.89551    2.6123e-19    1.6442e-19    6.5562e-19
4757.14355    2.1052e-19    1.3264e-19    5.2777e-19
4766.41016    5.3239e-21    3.3537e-21    1.3350e-20
4775.69385    1.2267e-18    7.7076e-19    3.0843e-18
4784.99609    2.1460e-21    1.3497e-21    5.3899e-21
4794.31641    1.7721e-19    1.1132e-19    4.4563e-19
4803.65430    3.8761e-20    2.4351e-20    9.7466e-20
4813.01074    2.7434e-18    1.7224e-18    6.9026e-18
4822.38574    9.1664e-18    5.7675e-18    2.3013e-17
4831.77930    3.2760e-18    2.0666e-18    8.2027e-18
4841.19043    2.4077e-18    1.5308e-18    5.9803e-18
4850.62012    9.7626e-19    6.1473e-19    2.4491e-18
4860.06836    4.4127e-19    2.7798e-19    1.1065e-18
4869.53467    6.5262e-18    4.1202e-18    1.6328e-17
4879.01953    1.5610e-18    9.8008e-19    3.9275e-18
4888.52295    1.9242e-18    1.2085e-18    4.8397e-18
4898.04492    1.3961e-18    8.7805e-19    3.5067e-18
4907.58545    4.4080e-18    2.7700e-18    1.1081e-17
4917.14453    2.4771e-20    1.5559e-20    6.2298e-20
4926.72168    3.8874e-17    3.7655e-17    4.3840e-17
4936.31836    5.6648e-20    3.5577e-20    1.4249e-19
4945.93311    2.9219e-18    1.8333e-18    7.3567e-18
4955.56689    1.5850e-18    9.9415e-19    3.9918e-18
4965.21973    2.8955e-20    1.8165e-20    7.2909e-20
4974.89062    1.5057e-18    9.4380e-19    3.7947e-18
4984.58105    1.1867e-19    7.4486e-20    2.9867e-19
4994.29004    3.0531e-18    1.9300e-18    7.6283e-18
5004.01758    2.5269e-18    1.5852e-18    6.3632e-18
5013.76465    4.8233e-17    4.6682e-17    5.4547e-17
5023.53027    1.4106e-18    8.8912e-19    3.5349e-18
5033.31543    7.0557e-20    4.4276e-20    1.7762e-19
5043.11914    1.5525e-18    9.7306e-19    3.9130e-18
5052.94238    2.0061e-18    1.2568e-18    5.0587e-18
5062.78418    6.2169e-19    3.8989e-19    1.5660e-18
5072.64551    5.1839e-18    3.2360e-18    1.3119e-17
5082.52637    1.6393e-19    1.0319e-19    4.1139e-19
5092.42578    1.6168e-19    1.0149e-19    4.0688e-19
5102.34473    3.0701e-18    1.9627e-18    7.5816e-18
5112.28320    3.5827e-18    2.2458e-18    9.0291e-18
5122.24121    8.6414e-19    5.4364e-19    2.1698e-18
5132.21777    3.8057e-18    2.3970e-18    9.5446e-18
5142.21484    1.6565e-18    1.0483e-18    4.1343e-18
5152.23047    2.2291e-18    1.4051e-18    5.5859e-18
5162.26660    1.9693e-17    1.2367e-17    4.9537e-17
5172.32129    7.0678e-17    6.5695e-17    9.0978e-17
5182.39648    2.7039e-18    1.6945e-18    6.8156e-18
5192.49023    2.1205e-19    1.7297e-19    3.7126e-19
5202.60449    2.3771e-17    2.1346e-17    3.3651e-17
5212.73779    2.5385e-20    1.5906e-20    6.4002e-20
5222.89160    7.0376e-19    4.4084e-19    1.7748e-18
5233.06445    2.5866e-17    2.4072e-17    3.3174e-17
5243.25781    3.7504e-19    2.3547e-19    9.4362e-19
5253.47021    1.5077e-17    1.0412e-17    3.4084e-17
5263.70312    1.2185e-17    7.7321e-18    3.0327e-17
5273.95557    3.9496e-17    3.5280e-17    5.6670e-17
5284.22852    4.9989e-17    4.3749e-17    7.5413e-17
5294.52100    6.1237e-19    3.8333e-19    1.5454e-18
5304.83398    3.2027e-20    2.0062e-20    8.0769e-20
5315.16650    4.5357e-17    4.4731e-17    4.7907e-17
5325.51953    1.2648e-17    9.2665e-18    2.6421e-17
5335.89258    4.8539e-18    3.0493e-18    1.2205e-17
5346.28564    9.0238e-19    5.6763e-19    2.2661e-18
5356.69922    1.1423e-19    7.1517e-20    2.8825e-19
5367.13281    9.2958e-18    6.4731e-18    2.0795e-17
5377.58691    4.2432e-18    2.6579e-18    1.0701e-17
5388.06152    1.3465e-19    8.4281e-20    3.3984e-19
5398.55664    1.1518e-19    7.2152e-20    2.9047e-19
5409.07178    1.6123e-18    1.0188e-18    4.0303e-18
5419.60742    2.5240e-20    1.5799e-20    6.3697e-20
5430.16406    1.7779e-17    1.2331e-17    3.9976e-17
5440.74121    4.0721e-19    2.5538e-19    1.0257e-18
5451.33887    4.4862e-19    2.8217e-19    1.1267e-18
5461.95703    2.4252e-19    1.5195e-19    6.1150e-19
5472.59570    6.3815e-19    4.0120e-19    1.6034e-18
5483.25488    6.1481e-20    3.8462e-20    1.5526e-19
5493.93555    6.3009e-19    3.9437e-19    1.5903e-18
5504.63672    1.0838e-19    6.7810e-20    2.7365e-19
5515.35840    9.4128e-20    5.8892e-20    2.3767e-19
5526.10156    2.2345e-18    1.3965e-18    5.6486e-18
5536.86523    1.7785e-18    1.1297e-18    4.4219e-18
5547.64941    7.5673e-19    4.7402e-19    1.9084e-18
5558.45557    2.9573e-19    1.8490e-19    7.4720e-19
5569.28271    1.0495e-18    6.5542e-19    2.6549e-18
5580.12988    2.0222e-19    1.2641e-19    5.1108e-19
5590.99902    8.9566e-19    5.5943e-19    2.2654e-18
5601.88965    8.0143e-20    5.0111e-20    2.0249e-19
5612.80078    1.7396e-19    1.0873e-19    4.3968e-19
5623.73340    1.4409e-18    9.0930e-19    3.6067e-18
5634.68750    2.9362e-20    1.8359e-20    7.4187e-20
5645.66211    2.1343e-19    1.3337e-19    5.3957e-19
5656.65918    1.4548e-18    9.2403e-19    3.6171e-18
5667.67676    5.8546e-19    3.6593e-19    1.4798e-18
5678.71680    2.4472e-19    1.5292e-19    6.1871e-19
5689.77734    6.5864e-19    4.1165e-19    1.6649e-18
5700.86035    7.2511e-20    4.5335e-20    1.8322e-19
5711.96484    6.0796e-20    3.7989e-20    1.5371e-19
5723.09033    5.7786e-19    3.6257e-19    1.4549e-18
5734.23779    3.9759e-19    2.4960e-19    1.0005e-18
5745.40723    3.5193e-19    2.1986e-19    8.8998e-19
5756.59766    8.1592e-20    5.0975e-20    2.0632e-19
5767.81104    3.0204e-20    1.8870e-20    7.6374e-20
5779.04492    3.2954e-19    2.0624e-19    8.3184e-19
5790.30176    1.1412e-19    7.1303e-20    2.8856e-19
5801.58008    1.1832e-19    7.3903e-20    2.9929e-19
5812.88037    1.0025e-18    6.3271e-19    2.5087e-18
5824.20264    2.2226e-19    1.3902e-19    5.6137e-19
5835.54688    1.0411e-18    6.5173e-19    2.6272e-18
5846.91357    7.7124e-20    4.8163e-20    1.9510e-19
5858.30225    5.1530e-19    3.2205e-19    1.3026e-18
5869.71289    6.6224e-19    4.1327e-19    1.6765e-18
5881.14600    2.6196e-20    1.6326e-20    6.6406e-20
5892.60156    1.5296e-19    1.0111e-19    3.6417e-19
5904.07910    1.9889e-19    1.2418e-19    5.0321e-19
5915.57910    1.5182e-18    9.4786e-19    3.8418e-18
5927.10156    1.0626e-18    6.6487e-19    2.6829e-18
5938.64648    1.7139e-20    1.0699e-20    4.3376e-20
5950.21387    8.8726e-19    5.6006e-19    2.2202e-18
5961.80371    2.2215e-19    1.3866e-19    5.6223e-19
5973.41602    9.1536e-20    5.7199e-20    2.3142e-19
5985.05127    1.4335e-19    8.9472e-20    3.6282e-19
5996.70850    9.5664e-18    6.0594e-18    2.3853e-17
6008.38867    2.6029e-20    1.6245e-20    6.5890e-20
6020.09229    3.7009e-19    2.3119e-19    9.3593e-19
6031.81836    6.7770e-20    4.2290e-20    1.7157e-19
6043.56738    1.8792e-18    1.1723e-18    4.7590e-18
6055.33887    4.3066e-19    2.6872e-19    1.0904e-18
6067.13428    1.0215e-19    6.3709e-20    2.5873e-19
6078.95117    3.1943e-18    2.0099e-18    8.0192e-18
6090.79150    3.6398e-20    2.2707e-20    9.2173e-20
6102.65527    5.2688e-19    3.2752e-19    1.3390e-18
6114.54199    2.1568e-18    1.3529e-18    5.4317e-18
6126.45215    1.2007e-18    7.5105e-19    3.0324e-18
6138.38525    2.3365e-19    1.4588e-19    5.9124e-19
6150.34131    1.0480e-17    7.1757e-18    2.3940e-17
6162.32178    1.7996e-19    1.1233e-19    4.5549e-19
6174.32422    1.9884e-18    1.2435e-18    5.0234e-18
6186.35059    1.0659e-18    6.6472e-19    2.7001e-18
6198.40088    4.4210e-19    2.7569e-19    1.1200e-18
6210.47314    3.1399e-20    1.9582e-20    7.9540e-20
6222.57031    1.6855e-19    1.0515e-19    4.2682e-19
6234.69043    9.3756e-18    6.3539e-18    2.1685e-17
6246.83496    1.0096e-17    7.5046e-18    2.0654e-17
6259.00195    3.2306e-19    2.0143e-19    8.1852e-19
6271.19385    1.1097e-19    6.9169e-20    2.8126e-19
6283.40869    2.3593e-19    1.4720e-19    5.9739e-19
6295.64795    2.0709e-19    1.2973e-19    5.2226e-19
6307.91016    1.3076e-18    8.1197e-19    3.3264e-18
6320.19678    4.9606e-18    3.0991e-18    1.2544e-17
6332.50781    5.4863e-19    3.4081e-19    1.3952e-18
6344.84180    6.9484e-19    6.1667e-19    1.0133e-18
6357.20020    1.5381e-19    9.5870e-20    3.8985e-19
6369.58252    3.8117e-18    2.6031e-18    8.7355e-18
6381.98926    3.0188e-18    1.8829e-18    7.6465e-18
6394.42041    1.0259e-19    6.3931e-20    2.6008e-19
6406.87549    9.9454e-19    6.2934e-19    2.4823e-18
6419.35449    5.8283e-18    3.9901e-18    1.3317e-17
6431.85840    1.1621e-17    7.4714e-18    2.8528e-17
6444.38672    9.1061e-19    5.6612e-19    2.3140e-18
6456.93896    1.4099e-17    1.1206e-17    2.5883e-17
6469.51514    3.7305e-19    2.3243e-19    9.4594e-19
6482.11719    1.3683e-18    8.4908e-19    3.4835e-18
6494.74268    1.8199e-18    1.1342e-18    4.6130e-18
6507.39355    7.3083e-19    4.5531e-19    1.8533e-18
6520.06836    2.5757e-17    1.6715e-17    6.2590e-17
6532.76855    6.9770e-19    4.3461e-19    1.7695e-18
6545.49316    1.1774e-20    7.3341e-21    2.9860e-20
6558.24268    7.1166e-19    5.7453e-19    1.2703e-18
6571.01611    1.1063e-18    6.8838e-19    2.8088e-18
6583.81543    7.5116e-19    4.6789e-19    1.9052e-18
6596.63965    7.2975e-20    4.5449e-20    1.8511e-19
6609.48828    5.8390e-19    3.6365e-19    1.4812e-18
6622.36230    1.0270e-18    6.3961e-19    2.6052e-18
6635.26172    5.8561e-21    3.6468e-21    1.4856e-20
6648.18506    1.5367e-18    9.5731e-19    3.8968e-18
6661.13525    3.5046e-19    2.1827e-19    8.8896e-19
6674.10986    1.4047e-19    6.7844e-20    4.3635e-19
6687.10938    4.3178e-19    2.6884e-19    1.0956e-18
6700.13428    7.7683e-20    4.8375e-20    1.9707e-19
6713.18506    2.5321e-20    1.5782e-20    6.4178e-20
6726.26123    2.1377e-19    1.3313e-19    5.4229e-19
6739.36279    2.2519e-21    1.4023e-21    5.7129e-21
6752.48926    2.9916e-20    1.8630e-20    7.5893e-20
6765.64258    3.2613e-19    2.0309e-19    8.2736e-19
6778.82031    1.1348e-19    7.0668e-20    2.8788e-19
6792.02441    4.2595e-20    2.6525e-20    1.0806e-19
6805.25439    7.9043e-20    4.9222e-20    2.0052e-19
6818.50928    3.5009e-19    2.1802e-19    8.8815e-19
6831.78955    1.7234e-19    1.0729e-19    4.3732e-19
6845.09717    6.6475e-21    4.1397e-21    1.6864e-20
6858.43018    7.9739e-19    4.9656e-19    2.0229e-18
6871.78906    5.5143e-19    3.4335e-19    1.3991e-18
6885.17432    3.0370e-20    1.8921e-20    7.7010e-20
6898.58447    4.3497e-20    2.7087e-20    1.1035e-19
6912.02246    4.5053e-19    2.8048e-19    1.1433e-18
6925.48486    2.4734e-19    1.5402e-19    6.2750e-19
6938.97412    1.7553e-19    1.0931e-19    4.4529e-19
6952.49023    9.4735e-20    5.9005e-20    2.4029e-19
6966.03271    4.0930e-20    2.5486e-20    1.0385e-19
6979.60059    7.2967e-20    4.5439e-20    1.8511e-19
6993.19629    1.1768e-19    7.3284e-20    2.9854e-19
