1000.97394    1.1547e-17    1.3784e-17    4.9050e-19
1002.92358    3.5733e-18    4.2056e-18    4.4788e-19
1004.87708    4.7090e-18    5.5543e-18    5.3088e-19
1006.83441    2.2875e-18    2.6878e-18    3.0917e-19
1008.79553    5.4913e-18    6.5354e-18    3.3061e-19
1010.76050    8.4884e-20    8.0852e-20    1.0482e-19
1012.72925    1.5422e-18    1.8194e-18    1.7210e-19
1014.70178    5.0919e-18    6.0707e-18    2.5377e-19
1016.67822    3.9123e-18    4.6016e-18    5.0552e-19
1018.65857    2.5461e-18    3.0183e-18    2.1241e-19
1020.64270    3.7528e-18    4.4572e-18    2.7132e-19
1022.63074    3.3399e-18    3.9889e-18    1.3205e-19
1024.62256    1.0202e-18    1.2017e-18    1.2304e-19
1026.61841    7.0316e-19    8.1325e-19    1.5904e-19
1028.61792    3.9589e-18    4.7387e-18    1.0444e-19
1030.62158    6.5338e-18    7.8191e-18    1.8091e-19
1032.62891    4.7508e-18    5.6506e-18    3.0316e-19
1034.64038    5.7276e-18    6.8233e-18    3.1152e-19
1036.65564    4.0180e-18    4.7240e-18    5.2883e-19
1038.67480    2.7631e-18    3.2373e-18    4.1919e-19
1040.69800    5.8711e-18    6.9728e-18    4.2548e-19
1042.72510    8.1396e-18    9.6349e-18    7.4817e-19
1044.75610    8.4334e-18    1.0041e-17    4.8974e-19
1046.79102    6.6237e-18    7.8446e-18    5.8961e-19
1048.83008    1.4017e-18    1.6080e-18    3.8220e-19
1050.87292    8.1737e-18    9.6756e-18    7.4970e-19
1052.91980    5.4951e-18    6.4051e-18    9.9738e-19
1054.97070    1.8619e-17    2.2186e-17    9.8567e-19
1057.02563    1.2627e-17    1.4966e-17    1.0634e-18
1059.08447    1.3345e-17    1.5794e-17    1.2405e-18
1061.14734    2.7802e-17    3.3078e-17    1.7250e-18
1063.21436    3.5530e-17    4.2542e-17    8.7330e-19
1065.28516    1.2927e-17    1.5289e-17    1.2540e-18
1067.36011    3.7155e-17    4.4443e-17    1.1328e-18
1069.43921    2.5077e-17    2.9885e-17    1.3127e-18
1071.52222    2.9499e-17    3.5072e-17    1.9554e-18
1073.60938    5.9237e-17    7.0573e-17    3.2054e-18
1075.70056    4.5506e-17    5.4288e-17    2.0964e-18
1077.79590    3.3354e-17    3.9459e-17    3.1800e-18
1079.89514    7.3324e-18    8.6021e-18    1.0567e-18
1081.99854    1.6799e-17    2.0097e-17    4.9895e-19
1084.10608    2.5588e-17    3.0386e-17    1.8686e-18
1086.21777    9.1915e-18    1.0745e-17    1.5153e-18
1088.33350    2.5684e-17    3.0506e-17    1.8510e-18
1090.45337    3.7259e-17    4.4556e-17    1.1903e-18
1092.57727    2.0663e-17    2.4619e-17    1.1092e-18
1094.70532    3.1528e-17    3.7528e-17    1.8705e-18
1096.83765    3.5846e-17    4.2927e-17    8.4941e-19
1098.97412    3.6724e-17    4.3885e-17    1.3305e-18
1101.11475    3.4350e-17    4.0970e-17    1.6259e-18
1103.25952    1.6960e-17    2.0142e-17    1.2319e-18
1105.40845    2.2721e-17    2.7044e-17    1.3524e-18
1107.56152    3.2460e-17    3.8724e-17    1.5029e-18
1109.71887    3.0787e-17    3.6745e-17    1.3396e-18
1111.88037    3.0227e-17    3.6107e-17    1.1668e-18
1114.04614    4.9536e-17    5.9215e-17    1.6985e-18
1116.21606    2.5034e-17    2.9886e-17    1.0512e-18
1118.39014    6.3336e-18    6.8306e-18    3.8769e-18
1120.56860    1.2113e-17    1.4237e-17    1.6153e-18
1122.75122    1.7500e-17    2.0730e-17    1.5365e-18
1124.93811    2.6875e-17    3.1814e-17    2.4619e-18
1127.12927    4.6019e-17    5.4932e-17    1.9658e-18
1129.32471    3.0109e-17    3.5975e-17    1.1130e-18
1131.52441    2.0839e-17    2.4807e-17    1.2253e-18
1133.72839    4.0037e-17    4.7914e-17    1.0985e-18
1135.93665    1.5986e-17    1.8924e-17    1.4674e-18
1138.14917    1.4760e-17    1.7601e-17    7.1808e-19
1140.36621    2.8509e-17    3.3882e-17    1.9532e-18
1142.58740    3.4469e-17    4.1043e-17    1.9735e-18
1144.81299    9.5679e-17    1.1436e-16    3.3498e-18
1147.04272    1.0253e-16    1.2248e-16    3.9244e-18
1149.27698    6.9180e-17    8.2546e-17    3.1135e-18
1151.51562    6.4177e-17    7.6502e-17    3.2552e-18
1153.75854    5.5304e-17    6.5973e-17    2.5698e-18
1156.00586    2.5579e-17    3.0381e-17    1.8453e-18
1158.25745    4.9947e-17    5.9396e-17    3.2416e-18
1160.51355    6.4638e-17    7.6963e-17    3.7226e-18
1162.77393    3.8492e-17    4.5868e-17    2.0354e-18
1165.03882    4.6121e-17    5.5040e-17    2.0406e-18
1167.30811    5.6101e-17    6.6957e-17    2.4435e-18
1169.58179    4.9231e-17    5.8829e-17    1.7918e-18
1171.85986    5.3530e-17    6.3731e-17    3.1095e-18
1174.14246    6.4080e-17    7.5966e-17    5.3289e-18
1176.42944    2.3831e-17    2.7110e-17    7.6237e-18
1178.72095    2.1649e-17    2.5615e-17    2.0459e-18
1181.01685    3.2849e-17    3.9146e-17    1.7270e-18
1183.31714    3.5318e-17    4.2032e-17    2.1335e-18
1185.62207    5.2722e-17    6.2820e-17    2.8083e-18
1187.93140    7.6419e-17    9.1083e-17    3.9375e-18
1190.24536    3.8084e-17    4.5241e-17    2.7133e-18
1192.56372    6.3602e-17    7.5893e-17    2.8493e-18
1194.88647    2.6152e-17    3.0719e-17    3.5740e-18
1197.21387    5.9166e-17    7.0712e-17    2.0987e-18
1199.54590    5.5768e-17    6.6484e-17    2.8035e-18
1201.88232    1.8691e-17    2.2255e-17    1.0796e-18
1204.22339    1.0253e-17    1.2205e-17    6.0639e-19
1206.56897    1.2946e-17    1.4961e-17    2.9856e-18
1208.91919    3.7586e-17    4.4898e-17    1.4411e-18
1211.27393    2.3352e-17    2.7657e-17    2.0701e-18
1213.63330    1.6313e-17    1.9096e-17    2.5573e-18
1215.99719    1.7594e-17    2.0313e-17    4.1546e-18
1218.36572    2.3321e-17    2.7582e-17    2.2604e-18
1220.73877    3.3103e-17    3.9583e-17    1.0751e-18
1223.11658    1.8014e-17    2.1499e-17    7.8865e-19
1225.49902    1.7351e-17    2.0636e-17    1.1119e-18
1227.88599    2.8120e-17    3.3572e-17    1.1738e-18
1230.27771    1.2207e-17    1.4480e-17    9.7493e-19
1232.67407    3.6993e-17    4.4092e-17    1.9037e-18
1235.07507    3.0922e-17    3.6806e-17    1.8424e-18
1237.48071    2.7314e-17    3.2481e-17    1.7755e-18
1239.89111    1.8091e-17    2.1374e-17    1.8628e-18
1242.30615    3.7993e-17    4.4933e-17    3.6899e-18
1244.72595    2.7560e-17    3.2736e-17    1.9730e-18
1247.15039    1.7750e-17    2.1053e-17    1.4244e-18
1249.57959    2.6366e-17    3.1343e-17    1.7670e-18
1252.01355    2.6597e-17    3.1524e-17    2.2445e-18
1254.45215    2.8792e-17    3.4106e-17    2.5255e-18
1256.89563    3.5320e-17    4.1719e-17    3.6895e-18
1259.34375    2.8417e-17    3.3558e-17    3.0097e-18
1261.79675    5.2551e-17    6.2323e-17    4.2530e-18
1264.25452    2.4810e-17    2.9244e-17    2.8928e-18
1266.71704    7.3672e-17    8.7661e-17    4.5270e-18
1269.18433    2.5572e-17    3.0204e-17    2.6806e-18
1271.65649    4.7835e-17    5.6751e-17    3.7703e-18
1274.13342    4.0059e-17    4.7318e-17    4.1778e-18
1276.61523    2.4279e-17    2.8645e-17    2.7020e-18
1279.10181    3.7035e-17    4.3504e-17    5.0592e-18
1281.59326    2.5528e-17    2.9786e-17    4.4805e-18
1284.08960    2.4529e-17    2.8395e-17    5.4227e-18
1286.59070    3.2296e-17    3.7639e-17    5.8896e-18
1289.09668    5.0581e-17    5.9448e-17    6.7538e-18
1291.60767    2.7787e-17    3.2324e-17    5.3600e-18
1294.12341    1.6535e-17    1.8574e-17    6.4573e-18
1296.64404    3.3133e-17    3.8757e-17    5.3337e-18
1299.16968    3.9220e-17    4.5512e-17    8.1187e-18
1301.70020    3.1353e-17    3.5752e-17    9.6094e-18
1304.23572    2.2468e-17    2.5806e-17    5.9668e-18
1306.77612    4.4817e-17    5.1888e-17    9.8669e-18
1309.32141    1.8549e-17    2.1338e-17    4.7650e-18
1311.87183    2.1377e-17    2.4799e-17    4.4624e-18
1314.42700    3.3280e-17    3.9129e-17    4.3685e-18
1316.98730    3.7471e-17    4.3132e-17    9.4888e-18
1319.55249    5.0329e-17    5.8379e-17    1.0540e-17
1322.12280    4.1360e-17    4.8077e-17    8.1545e-18
1324.69800    3.3583e-17    3.8548e-17    9.0417e-18
1327.27820    4.1935e-17    4.8755e-17    8.2235e-18
1329.86353    3.2789e-17    3.7569e-17    9.1654e-18
1332.45386    2.8530e-17    3.2386e-17    9.4723e-18
1335.04919    1.1798e-17    1.2740e-17    7.1413e-18
1337.64966    2.0602e-17    2.3441e-17    6.5682e-18
1340.25513    4.3500e-17    4.9095e-17    1.5847e-17
1342.86560    1.8983e-17    2.1216e-17    7.9484e-18
1345.48120    3.0853e-17    3.4454e-17    1.3055e-17
1348.10205    1.3248e-17    1.4586e-17    6.6351e-18
1350.72778    3.5032e-17    3.9212e-17    1.4371e-17
1353.35876    2.5324e-17    2.7822e-17    1.2977e-17
1355.99487    3.2723e-17    3.7505e-17    9.0877e-18
1358.63611    2.7964e-17    3.2034e-17    7.8437e-18
1361.28247    4.7839e-17    5.5248e-17    1.1217e-17
1363.93396    4.5302e-17    5.2597e-17    9.2438e-18
1366.59058    5.6669e-17    6.6356e-17    8.7837e-18
1369.25244    3.9344e-17    4.5108e-17    1.0859e-17
1371.91956    5.2710e-17    6.1440e-17    9.5560e-18
1374.59180    7.4608e-17    8.6893e-17    1.3889e-17
1377.26929    6.9713e-17    8.1278e-17    1.2553e-17
1379.95190    5.5036e-17    6.3103e-17    1.5161e-17
1382.63965    6.3112e-17    7.2288e-17    1.7758e-17
1385.33276    3.4425e-17    3.8468e-17    1.4442e-17
1388.03125    4.6700e-17    5.3147e-17    1.4837e-17
1390.73486    2.0097e-17    2.2302e-17    9.1955e-18
1393.44360    2.5742e-17    2.6679e-17    2.1113e-17
1396.15784    4.2669e-17    4.7765e-17    1.7483e-17
1398.87720    9.3079e-17    1.0815e-16    1.8569e-17
1401.60205    5.1691e-17    5.9390e-17    1.3638e-17
1404.33203    4.5630e-17    5.2959e-17    9.4061e-18
1407.06738    3.2569e-17    3.6020e-17    1.5509e-17
1409.80811    3.7086e-17    4.2512e-17    1.0267e-17
1412.55420    3.6804e-17    4.1708e-17    1.2563e-17
1415.30554    7.9672e-17    9.3004e-17    1.3779e-17
1418.06213    5.8228e-17    6.7458e-17    1.2604e-17
1420.82446    3.3874e-17    3.7352e-17    1.6681e-17
1423.59180    2.8280e-17    3.1610e-17    1.1821e-17
1426.36475    1.5674e-17    1.6747e-17    1.0370e-17
1429.14307    3.2151e-17    3.5618e-17    1.5014e-17
1431.92676    4.8471e-17    5.5420e-17    1.4120e-17
1434.71582    3.4523e-17    3.7665e-17    1.8997e-17
1437.51038    6.0758e-17    7.0872e-17    1.0769e-17
1440.31030    5.5976e-17    6.4184e-17    1.5404e-17
1443.11572    5.0163e-17    5.5755e-17    2.2524e-17
1445.92676    2.3125e-17    2.4826e-17    1.4714e-17
1448.74316    2.6142e-17    2.8040e-17    1.6760e-17
1451.56494    2.2562e-17    2.4775e-17    1.1624e-17
1454.39233    2.8542e-17    3.2098e-17    1.0963e-17
1457.22522    3.1315e-17    3.3964e-17    1.8219e-17
1460.06360    1.5931e-17    1.7199e-17    9.6650e-18
1462.90747    3.8930e-17    4.3545e-17    1.6114e-17
1465.75696    1.8425e-17    2.0072e-17    1.0285e-17
1468.61206    2.7395e-17    2.9927e-17    1.4881e-17
1471.47253    3.4121e-17    3.6919e-17    2.0295e-17
1474.33862    4.7448e-17    5.3990e-17    1.5114e-17
1477.21045    5.1361e-17    5.6857e-17    2.4192e-17
1480.08777    2.9730e-17    3.3864e-17    9.2977e-18
1482.97058    4.7213e-17    5.3129e-17    1.7974e-17
1485.85913    3.9883e-17    4.2504e-17    2.6925e-17
1488.75342    6.5388e-17    7.1083e-17    3.7239e-17
1491.65332    4.6093e-17    5.0835e-17    2.2651e-17
1494.55859    3.4655e-17    3.5521e-17    3.0371e-17
1497.46985    2.2086e-17    2.3218e-17    1.6495e-17
1500.38647    1.8816e-17    2.0594e-17    1.0025e-17
1503.30896    3.7949e-17    4.1381e-17    2.0988e-17
1506.23706    5.0420e-17    5.6523e-17    2.0251e-17
1509.17090    3.3738e-17    3.7428e-17    1.5498e-17
1512.11060    4.1966e-17    4.5743e-17    2.3294e-17
1515.05591    2.6243e-17    2.9125e-17    1.1994e-17
1518.00684    6.3978e-18    6.5825e-18    5.4849e-18
1520.96362    2.6884e-17    2.7974e-17    2.1497e-17
1523.92627    3.7671e-17    4.1406e-17    1.9205e-17
1526.89453    3.3464e-17    3.6170e-17    2.0089e-17
1529.86865    8.4844e-18    7.9676e-18    1.1039e-17
1532.84839    1.7098e-17    1.7891e-17    1.3181e-17
1535.83411    9.5761e-18    1.0312e-17    5.9380e-18
1538.82568    1.4243e-17    1.3744e-17    1.6713e-17
1541.82300    1.0567e-17    1.0335e-17    1.1717e-17
1544.82617    1.0733e-17    1.0902e-17    9.8981e-18
1547.83521    2.0638e-17    1.8969e-17    2.8889e-17
1550.85010    4.5475e-17    4.5234e-17    4.6664e-17
1553.87085    2.2327e-17    2.2724e-17    2.0365e-17
1556.89746    2.9033e-17    3.2117e-17    1.3790e-17
1559.92993    2.2749e-17    2.5640e-17    8.4578e-18
1562.96863    2.9896e-17    3.2043e-17    1.9286e-17
1566.01282    1.7348e-17    1.8438e-17    1.1965e-17
1569.06311    3.1071e-17    3.4762e-17    1.2825e-17
1572.11938    4.7441e-17    4.8731e-17    4.1066e-17
1575.18152    4.4554e-17    4.8797e-17    2.3579e-17
1578.24963    5.2179e-17    5.7635e-17    2.5211e-17
1581.32373    4.9036e-17    4.8690e-17    5.0743e-17
1584.40381    2.2117e-17    2.4011e-17    1.2757e-17
1587.48999    2.9489e-17    3.3015e-17    1.2057e-17
1590.58215    1.4367e-17    1.4270e-17    1.4847e-17
1593.68018    4.1700e-17    4.0184e-17    4.9194e-17
1596.78442    2.2981e-17    1.9606e-17    3.9663e-17
1599.89465    2.1457e-17    2.1396e-17    2.1761e-17
1603.01086    2.0182e-17    2.1873e-17    1.1822e-17
1606.13330    3.2614e-17    3.3591e-17    2.7783e-17
1609.26172    2.1946e-17    2.4119e-17    1.1210e-17
1612.39636    2.8410e-17    3.1462e-17    1.3321e-17
1615.53674    4.2766e-18    4.4545e-18    3.3972e-18
1618.68347    2.5043e-17    2.6984e-17    1.5453e-17
1621.83630    3.6426e-17    3.9817e-17    1.9666e-17
1624.99548    2.8847e-17    3.2062e-17    1.2959e-17
1628.16064    4.2997e-17    4.9276e-17    1.1960e-17
1631.33203    3.1011e-17    3.4418e-17    1.4174e-17
1634.50952    4.0797e-17    4.6395e-17    1.3128e-17
1637.69312    3.1466e-17    3.4453e-17    1.6697e-17
1640.88306    8.4604e-17    9.7041e-17    2.3133e-17
1644.07922    3.6277e-17    3.9874e-17    1.8500e-17
1647.28162    3.4927e-17    3.8945e-17    1.5066e-17
1650.49023    3.2491e-17    3.6561e-17    1.2371e-17
1653.70496    4.8303e-17    5.4795e-17    1.6211e-17
1656.92603    3.3631e-17    3.9480e-17    4.7190e-18
1660.15369    2.3210e-17    2.6517e-17    6.8628e-18
1663.38721    1.6610e-17    1.8747e-17    6.0472e-18
1666.62720    1.3284e-17    1.3381e-17    1.2803e-17
1669.87317    9.8007e-18    1.0854e-17    4.5939e-18
1673.12585    1.9482e-17    2.2106e-17    6.5122e-18
1676.38489    2.7770e-17    3.0347e-17    1.5035e-17
1679.65027    2.2750e-17    2.5092e-17    1.1175e-17
1682.92188    2.0633e-17    2.0895e-17    1.9338e-17
1686.19958    1.8793e-17    2.0006e-17    1.2798e-17
1689.48413    3.4779e-17    3.8381e-17    1.6979e-17
1692.77502    2.2744e-17    2.6017e-17    6.5704e-18
1696.07227    1.9955e-17    2.1368e-17    1.2971e-17
1699.37573    1.6068e-17    1.7849e-17    7.2613e-18
1702.68567    3.7949e-17    3.7889e-17    3.8243e-17
1706.00232    2.2545e-17    2.5047e-17    1.0179e-17
1709.32544    5.3604e-17    5.5664e-17    4.3426e-17
1712.65491    2.4838e-17    2.6692e-17    1.5672e-17
1715.99060    5.2247e-17    5.7860e-17    2.4501e-17
1719.33301    4.1302e-17    4.7296e-17    1.1673e-17
1722.68188    5.3944e-17    5.8379e-17    3.2024e-17
1726.03735    4.2843e-17    4.7265e-17    2.0987e-17
1729.39941    1.4448e-17    1.5079e-17    1.1326e-17
1732.76807    2.6801e-17    2.8715e-17    1.7344e-17
1736.14307    1.2099e-17    1.2851e-17    8.3848e-18
1739.52466    1.0858e-17    9.2860e-18    1.8629e-17
1742.91296    1.3685e-17    1.4051e-17    1.1881e-17
1746.30786    2.3772e-17    2.5170e-17    1.6862e-17
1749.70935    2.4440e-17    2.6744e-17    1.3054e-17
1753.11755    3.3250e-18    2.6611e-18    6.6063e-18
1756.53223    1.1358e-17    9.8445e-18    1.8840e-17
1759.95325    2.6162e-17    2.8248e-17    1.5853e-17
1763.38147    1.8865e-17    1.9296e-17    1.6735e-17
1766.81628    1.2647e-17    1.3313e-17    9.3554e-18
1770.25745    1.4281e-17    1.4813e-17    1.1651e-17
1773.70581    5.0694e-17    4.8200e-17    6.3024e-17
1777.16064    1.9891e-17    2.1809e-17    1.0413e-17
1780.62207    1.7832e-17    1.8899e-17    1.2560e-17
1784.09045    3.6755e-17    4.1547e-17    1.3070e-17
1787.56555    7.9157e-17    9.1768e-17    1.6825e-17
1791.04749    1.7622e-17    1.7582e-17    1.7819e-17
1794.53601    3.8189e-17    3.8388e-17    3.7205e-17
1798.03137    3.4708e-17    3.9160e-17    1.2702e-17
1801.53357    6.4550e-18    4.6876e-18    1.5191e-17
1805.04248    3.4065e-17    3.3225e-17    3.8220e-17
1808.55847    2.7374e-17    2.8201e-17    2.3287e-17
1812.08130    1.6506e-17    1.2376e-17    3.6920e-17
1815.61096    1.9338e-17    2.0458e-17    1.3802e-17
1819.14722    1.2419e-17    1.3357e-17    7.7838e-18
1822.69067    2.5585e-17    2.8674e-17    1.0313e-17
1826.24084    2.8046e-17    3.1127e-17    1.2818e-17
1829.79797    3.5173e-17    3.7633e-17    2.3010e-17
1833.36206    3.1272e-17    3.1501e-17    3.0141e-17
1836.93311    2.0197e-17    2.2532e-17    8.6552e-18
1840.51111    2.0226e-17    2.0439e-17    1.9174e-17
1844.09607    2.7376e-17    2.6815e-17    3.0148e-17
1847.68799    2.7583e-17    3.0909e-17    1.1140e-17
1851.28687    2.5595e-17    2.6744e-17    1.9915e-17
1854.89282    1.4609e-17    1.3096e-17    2.2089e-17
1858.50586    1.9280e-17    2.0040e-17    1.5521e-17
1862.12585    1.8196e-17    1.5373e-17    3.2149e-17
1865.75293    1.8078e-17    1.8986e-17    1.3594e-17
1869.38696    2.8515e-17    2.9222e-17    2.5016e-17
1873.02820    1.0399e-17    1.0564e-17    9.5806e-18
1876.67651    3.4334e-17    3.7313e-17    1.9609e-17
1880.33191    2.7097e-17    2.8646e-17    1.9443e-17
1883.99438    3.2625e-17    2.7824e-17    5.6356e-17
1887.66406    2.2360e-17    2.1712e-17    2.5565e-17
1891.34082    1.4408e-17    1.4677e-17    1.3080e-17
1895.02490    1.3479e-17    1.3584e-17    1.2957e-17
1898.71606    3.4311e-17    3.5424e-17    2.8810e-17
1902.41431    3.0247e-17    3.0233e-17    3.0315e-17
1906.11987    2.3660e-17    2.3694e-17    2.3487e-17
1909.83252    2.6129e-17    2.7177e-17    2.0949e-17
1913.55261    2.3546e-17    2.4672e-17    1.7977e-17
1917.27979    3.0310e-17    3.1109e-17    2.6361e-17
1921.01428    1.7706e-17    1.3637e-17    3.7816e-17
1924.75610    1.6115e-17    1.4614e-17    2.3530e-17
1928.50513    3.9323e-17    4.0477e-17    3.3619e-17
1932.26147    2.1787e-17    2.1877e-17    2.1338e-17
1936.02515    2.3623e-17    2.5730e-17    1.3207e-17
1939.79614    2.0333e-17    1.9272e-17    2.5577e-17
1943.57446    3.1899e-17    3.1865e-17    3.2063e-17
1947.36011    5.1023e-17    5.2372e-17    4.4359e-17
1951.15332    1.3479e-17    1.3605e-17    1.2856e-17
1954.95374    2.5968e-17    2.6198e-17    2.4830e-17
1958.76160    3.1886e-17    2.7444e-17    5.3844e-17
1962.57690    3.9510e-17    3.7844e-17    4.7745e-17
1966.39966    6.7594e-17    6.8592e-17    6.2661e-17
1970.22974    4.4046e-17    4.3978e-17    4.4382e-17
1974.06738    4.7469e-17    4.5197e-17    5.8698e-17
1977.91248    1.7418e-17    1.4618e-17    3.1255e-17
1981.76514    1.1187e-17    1.0232e-17    1.5906e-17
1985.62524    2.8614e-17    2.8501e-17    2.9174e-17
1989.49280    2.3427e-17    2.2772e-17    2.6661e-17
1993.36792    1.9808e-17    1.6861e-17    3.4373e-17
1997.25061    1.4045e-17    1.2268e-17    2.2826e-17
2001.14087    4.0485e-17    4.3674e-17    2.4724e-17
2005.03870    3.1167e-17    3.3433e-17    1.9966e-17
2008.94409    5.4284e-17    5.7345e-17    3.9152e-17
2012.85718    4.6433e-17    4.6445e-17    4.6374e-17
2016.77783    3.8504e-17    3.9867e-17    3.1764e-17
2020.70605    2.4031e-17    2.4718e-17    2.0633e-17
2024.64209    2.3448e-17    2.2042e-17    3.0397e-17
2028.58569    4.9130e-17    4.8404e-17    5.2716e-17
2032.53687    5.0932e-17    5.2713e-17    4.2126e-17
2036.49585    1.8132e-17    1.9261e-17    1.2551e-17
2040.46265    2.4919e-17    2.6295e-17    1.8121e-17
2044.43701    2.4046e-17    2.5491e-17    1.6900e-17
2048.41919    1.7514e-17    1.5438e-17    2.7774e-17
2052.40918    2.0486e-17    2.1487e-17    1.5537e-17
2056.40674    3.7463e-17    3.9594e-17    2.6930e-17
2060.41211    9.7175e-18    7.3903e-18    2.1220e-17
2064.42554    4.5043e-17    4.9019e-17    2.5392e-17
2068.44678    4.3280e-17    3.7834e-17    7.0196e-17
2072.47559    4.7876e-17    4.4838e-17    6.2893e-17
2076.51221    4.5518e-17    3.8289e-17    8.1251e-17
2080.55713    2.1070e-17    1.9996e-17    2.6375e-17
2084.60938    1.7578e-17    1.5665e-17    2.7033e-17
2088.66992    1.8993e-17    2.0218e-17    1.2939e-17
2092.73828    2.2016e-17    2.0550e-17    2.9262e-17
2096.81445    1.8496e-17    1.7954e-17    2.1173e-17
2100.89868    3.5760e-17    3.5317e-17    3.7949e-17
2104.99072    3.1939e-17    3.1061e-17    3.6276e-17
2109.09082    6.8654e-17    7.6851e-17    2.8138e-17
2113.19922    1.6432e-17    1.6542e-17    1.5891e-17
2117.31519    8.4519e-17    7.8754e-17    1.1301e-16
2121.43945    1.1143e-17    1.0837e-17    1.2656e-17
2125.57129    2.3665e-17    1.9271e-17    4.5383e-17
2129.71143    4.3785e-17    4.5956e-17    3.3054e-17
2133.85986    2.7879e-17    2.6335e-17    3.5511e-17
2138.01611    4.3852e-17    4.7526e-17    2.5689e-17
2142.18066    3.9398e-17    3.8171e-17    4.5462e-17
2146.35303    2.5826e-17    2.5928e-17    2.5324e-17
2150.53369    3.6928e-17    3.9951e-17    2.1987e-17
2154.72266    2.3577e-17    2.1299e-17    3.4835e-17
2158.91968    3.3998e-17    3.2921e-17    3.9321e-17
2163.12500    3.9735e-17    4.1905e-17    2.9011e-17
2167.33813    5.4227e-17    5.6657e-17    4.2221e-17
2171.55957    2.0479e-17    1.8291e-17    3.1295e-17
2175.78955    5.2968e-17    5.4035e-17    4.7694e-17
2180.02759    1.7645e-17    1.7947e-17    1.6154e-17
2184.27393    3.6715e-17    3.4379e-17    4.8262e-17
2188.52832    3.9045e-17    3.8247e-17    4.2988e-17
2192.79102    2.0774e-17    2.0093e-17    2.4140e-17
2197.06226    2.0047e-17    1.7901e-17    3.0655e-17
2201.34180    2.9763e-17    2.7970e-17    3.8620e-17
2205.62939    3.5834e-17    3.5011e-17    3.9902e-17
2209.92554    4.6103e-17    4.7450e-17    3.9445e-17
2214.22998    6.8282e-17    7.1251e-17    5.3607e-17
2218.54297    5.0568e-17    5.1990e-17    4.3537e-17
2222.86426    5.5098e-17    5.7946e-17    4.1023e-17
2227.19409    5.2557e-17    5.2533e-17    5.2674e-17
2231.53223    5.1718e-17    4.9453e-17    6.2916e-17
2235.87891    4.5448e-17    4.3182e-17    5.6650e-17
2240.23389    7.1649e-17    7.3640e-17    6.1809e-17
2244.59717    6.2102e-17    6.4429e-17    5.0597e-17
2248.96924    7.2397e-17    7.8521e-17    4.2126e-17
2253.34985    6.6157e-17    7.1963e-17    3.7460e-17
2257.73901    6.4812e-17    6.8958e-17    4.4321e-17
2262.13672    5.6358e-17    5.9853e-17    3.9081e-17
2266.54297    8.0610e-17    8.9023e-17    3.9026e-17
2270.95752    7.4347e-17    8.0043e-17    4.6198e-17
2275.38086    8.7714e-17    8.9835e-17    7.7234e-17
2279.81299    6.0211e-17    5.7457e-17    7.3824e-17
2284.25366    5.0606e-17    5.3541e-17    3.6101e-17
2288.70288    3.4172e-17    3.1702e-17    4.6378e-17
2293.16089    6.1461e-17    6.5703e-17    4.0495e-17
2297.62744    4.2718e-17    4.0248e-17    5.4924e-17
2302.10303    3.6649e-17    3.8395e-17    2.8023e-17
2306.58691    1.0437e-16    9.8097e-17    1.3538e-16
2311.07959    8.4071e-17    8.7862e-17    6.5333e-17
2315.58105    4.9299e-17    5.0348e-17    4.4112e-17
2320.09155    5.2059e-17    5.5642e-17    3.4350e-17
2324.61060    6.4599e-17    6.6713e-17    5.4146e-17
2329.13843    9.6101e-17    1.0704e-16    4.2030e-17
2333.67529    3.8023e-17    3.7998e-17    3.8148e-17
2338.22070    7.6882e-17    8.1086e-17    5.6101e-17
2342.77490    7.7910e-17    8.4283e-17    4.6408e-17
2347.33838    1.0679e-16    1.0897e-16    9.5999e-17
2351.91064    7.3319e-17    7.5589e-17    6.2104e-17
2356.49170    8.2892e-17    8.6739e-17    6.3877e-17
2361.08154    1.1400e-16    1.1674e-16    1.0042e-16
2365.68066    1.3662e-16    1.4516e-16    9.4442e-17
2370.28833    8.4063e-17    8.4831e-17    8.0268e-17
2374.90527    8.9873e-17    9.5526e-17    6.1936e-17
2379.53101    7.0100e-17    7.1715e-17    6.2120e-17
2384.16602    1.1444e-16    1.2656e-16    5.4549e-17
2388.80981    1.0074e-16    1.0015e-16    1.0365e-16
2393.46289    1.1511e-16    1.1284e-16    1.2630e-16
2398.12476    9.5459e-17    9.8575e-17    8.0059e-17
2402.79590    1.2137e-16    1.2250e-16    1.1581e-16
2407.47607    8.0312e-17    7.8953e-17    8.7026e-17
2412.16528    1.3525e-16    1.3470e-16    1.3801e-16
2416.86377    8.9851e-17    9.5895e-17    5.9978e-17
2421.57129    8.2604e-17    8.7813e-17    5.6859e-17
2426.28809    1.2238e-16    1.3345e-16    6.7673e-17
2431.01392    1.5375e-16    1.6464e-16    9.9935e-17
2435.74902    1.5636e-16    1.6730e-16    1.0229e-16
2440.49365    6.6698e-17    6.8322e-17    5.8668e-17
2445.24707    1.3571e-16    1.4584e-16    8.5644e-17
2450.01001    9.1436e-17    9.4842e-17    7.4604e-17
2454.78223    1.0826e-16    1.1337e-16    8.3034e-17
2459.56348    1.2966e-16    1.3941e-16    8.1484e-17
2464.35425    1.4328e-16    1.5572e-16    8.1781e-17
2469.15430    1.3266e-16    1.4251e-16    8.3932e-17
2473.96387    1.1508e-16    1.2426e-16    6.9721e-17
2478.78271    9.8615e-17    1.0759e-16    5.4248e-17
2483.61084    8.9884e-17    9.3640e-17    7.1317e-17
2488.44849    1.1618e-16    1.2186e-16    8.8097e-17
2493.29541    6.2720e-17    6.3945e-17    5.6668e-17
2498.15186    7.8699e-17    8.3737e-17    5.3799e-17
2503.01782    1.0438e-16    1.0969e-16    7.8141e-17
2507.89307    1.2355e-16    1.3302e-16    7.6738e-17
2512.77808    1.2919e-16    1.3958e-16    7.7784e-17
2517.67236    8.9436e-17    9.0040e-17    8.6449e-17
2522.57642    9.7603e-17    1.0317e-16    7.0069e-17
2527.48975    1.3121e-16    1.4166e-16    7.9532e-17
2532.41309    4.0404e-17    4.3227e-17    2.6454e-17
2537.34570    1.2177e-16    1.3405e-16    6.1051e-17
2542.28760    1.0107e-16    1.0798e-16    6.6946e-17
2547.23975    1.0599e-16    1.1664e-16    5.3373e-17
2552.20117    8.9030e-17    9.1214e-17    7.8237e-17
2557.17236    6.8940e-17    7.4107e-17    4.3404e-17
2562.15332    1.1838e-16    1.2713e-16    7.5172e-17
2567.14404    8.5581e-17    8.9894e-17    6.4264e-17
2572.14404    7.9108e-17    8.1454e-17    6.7516e-17
2577.15430    6.2537e-17    6.4524e-17    5.2714e-17
2582.17383    6.4542e-17    6.6282e-17    5.5942e-17
2587.20361    8.1087e-17    8.8049e-17    4.6671e-17
2592.24292    5.6179e-17    6.1873e-17    2.8035e-17
2597.29199    1.1385e-16    1.1788e-16    9.3929e-17
2602.35107    4.4439e-17    4.5838e-17    3.7529e-17
2607.41992    1.3207e-16    1.3528e-16    1.1621e-16
2612.49854    1.3958e-16    1.4079e-16    1.3365e-16
2617.58740    4.7041e-17    4.7891e-17    4.2837e-17
2622.68604    1.0111e-16    1.0829e-16    6.5619e-17
2627.79443    1.3560e-16    1.3976e-16    1.1504e-16
2632.91284    1.1464e-16    1.1077e-16    1.3373e-16
2638.04126    4.4721e-17    4.2166e-17    5.7348e-17
2643.17969    6.4183e-17    5.8026e-17    9.4619e-17
2648.32812    3.8856e-17    3.3155e-17    6.7035e-17
2653.48633    5.5150e-17    5.0730e-17    7.7000e-17
2658.65479    2.8902e-17    2.4837e-17    4.8992e-17
2663.83350    3.5949e-17    3.3428e-17    4.8414e-17
2669.02197    6.5564e-17    6.4892e-17    6.8888e-17
2674.22070    1.0957e-17    7.7342e-18    2.6886e-17
2679.42969    4.4297e-17    4.0427e-17    6.3426e-17
2684.64868    7.5972e-17    7.4002e-17    8.5706e-17
2689.87793    1.8514e-17    1.7236e-17    2.4831e-17
2695.11719    7.6499e-17    7.7861e-17    6.9765e-17
2700.36670    2.7542e-17    2.3061e-17    4.9694e-17
2705.62646    6.3711e-17    6.7595e-17    4.4512e-17
2710.89648    7.1989e-17    7.4290e-17    6.0616e-17
2716.17676    1.0636e-16    1.0508e-16    1.1266e-16
2721.46729    5.5549e-17    5.2007e-17    7.3055e-17
2726.76831    5.9421e-17    5.8862e-17    6.2185e-17
2732.07959    6.1676e-17    5.8941e-17    7.5195e-17
2737.40112    8.6632e-17    8.4061e-17    9.9343e-17
2742.73291    4.4184e-17    4.1296e-17    5.8458e-17
2748.07520    1.0762e-16    1.0624e-16    1.1439e-16
2753.42798    1.3542e-16    1.3432e-16    1.4088e-16
2758.79102    3.3875e-17    3.2384e-17    4.1244e-17
2764.16479    7.0703e-17    7.2251e-17    6.3050e-17
2769.54883    9.0681e-17    8.9432e-17    9.6853e-17
2774.94336    8.3617e-17    8.2087e-17    9.1184e-17
2780.34863    4.2701e-17    4.1542e-17    4.8433e-17
2785.76416    7.2749e-17    7.1329e-17    7.9768e-17
2791.18994    3.5127e-17    3.3715e-17    4.2106e-17
2796.62695    2.9895e-17    3.2226e-17    1.8374e-17
2802.07422    3.7720e-17    4.0209e-17    2.5420e-17
2807.53198    3.7280e-17    3.4957e-17    4.8760e-17
2813.00049    2.6749e-17    2.3480e-17    4.2908e-17
2818.47949    4.5582e-17    4.4022e-17    5.3294e-17
2823.96948    6.3824e-17    6.6283e-17    5.1671e-17
2829.47021    6.5292e-17    6.7582e-17    5.3972e-17
2834.98145    8.6138e-17    8.4018e-17    9.6617e-17
2840.50342    9.8006e-17    9.9675e-17    8.9755e-17
2846.03613    9.8977e-17    9.7959e-17    1.0401e-16
2851.57959    6.2220e-17    6.0401e-17    7.1208e-17
2857.13379    9.2457e-17    8.9454e-17    1.0730e-16
2862.69922    5.7287e-17    5.2414e-17    8.1369e-17
2868.27490    8.7344e-17    8.6198e-17    9.3009e-17
2873.86182    3.2123e-17    2.9324e-17    4.5958e-17
2879.45947    4.3168e-17    3.8662e-17    6.5442e-17
2885.06836    6.0276e-17    5.8195e-17    7.0560e-17
2890.68774    5.5927e-17    5.2396e-17    7.3377e-17
2896.31860    5.1442e-17    4.9790e-17    5.9607e-17
2901.95972    2.7640e-17    2.6427e-17    3.3633e-17
2907.61230    3.3384e-17    2.7547e-17    6.2235e-17
2913.27563    1.0785e-17    8.2760e-18    2.3184e-17
2918.95020    4.5864e-17    4.0679e-17    7.1496e-17
2924.63574    2.6137e-17    2.3127e-17    4.1015e-17
2930.33228    1.0738e-17    8.1347e-18    2.3604e-17
2936.04004    1.7680e-17    1.3119e-17    4.0225e-17
2941.75903    3.3224e-17    3.1604e-17    4.1230e-17
2947.48877    5.2369e-17    5.1234e-17    5.7982e-17
2953.22998    2.1889e-17    2.0423e-17    2.9136e-17
2958.98242    2.8995e-17    2.7481e-17    3.6478e-17
2964.74585    4.3782e-17    4.4733e-17    3.9080e-17
2970.52075    4.8601e-17    4.7315e-17    5.4960e-17
2976.30664    2.1569e-17    1.8826e-17    3.5127e-17
2982.10376    5.8813e-17    5.6442e-17    7.0533e-17
2987.91187    3.1116e-17    3.0281e-17    3.5244e-17
2993.73218    1.0252e-17    6.8911e-18    2.6864e-17
2999.56348    2.7279e-17    2.7179e-17    2.7773e-17
3005.40601    2.1416e-17    2.2652e-17    1.5308e-17
3011.25977    2.4991e-17    2.0803e-17    4.5691e-17
3017.12500    2.5609e-17    2.1807e-17    4.4401e-17
3023.00195    1.3646e-17    9.7747e-18    3.2780e-17
3028.89014    1.8327e-17    1.4002e-17    3.9703e-17
3034.79004    2.2021e-17    1.6483e-17    4.9393e-17
3040.70117    1.2251e-17    8.5907e-18    3.0342e-17
3046.62402    4.8149e-17    4.2533e-17    7.5903e-17
3052.55811    1.3208e-17    9.6481e-18    3.0804e-17
3058.50391    7.4219e-18    5.3565e-18    1.7631e-17
3064.46143    2.4826e-17    2.3680e-17    3.0492e-17
3070.43018    3.6436e-17    3.0088e-17    6.7816e-17
3076.41064    5.9457e-17    5.4163e-17    8.5623e-17
3082.40332    1.3556e-17    1.1144e-17    2.5477e-17
3088.40698    9.5210e-18    7.7193e-18    1.8426e-17
3094.42261    1.7909e-17    1.8434e-17    1.5313e-17
3100.44971    7.8455e-18    6.0053e-18    1.6941e-17
3106.48901    1.6398e-17    1.1448e-17    4.0863e-17
3112.53979    1.0846e-17    7.3715e-18    2.8019e-17
3118.60229    9.0646e-18    6.3977e-18    2.2247e-17
3124.67676    7.4412e-19    4.6218e-19    2.1377e-18
3130.76318    1.3540e-17    9.9745e-18    3.1163e-17
3136.86133    4.8062e-18    3.2326e-18    1.2584e-17
3142.97119    1.5412e-17    1.4235e-17    2.1232e-17
3149.09302    1.0176e-17    8.7405e-18    1.7272e-17
3155.22681    7.1255e-18    5.3706e-18    1.5800e-17
3161.37256    6.2857e-17    6.2334e-17    6.5439e-17
3167.53027    3.7669e-17    3.8496e-17    3.3584e-17
3173.70020    1.1704e-19    7.2449e-20    3.3744e-19
3179.88184    2.8881e-17    2.9301e-17    2.6808e-17
3186.07568    5.7567e-17    5.9567e-17    4.7683e-17
3192.28149    5.7794e-17    5.6230e-17    6.5524e-17
3198.49951    2.0301e-17    2.1553e-17    1.4113e-17
3204.72949    1.1294e-17    9.4945e-18    2.0187e-17
3210.97168    5.2194e-17    5.0838e-17    5.8897e-17
3217.22607    4.5695e-19    2.8278e-19    1.3178e-18
3223.49268    9.5854e-18    6.3882e-18    2.5388e-17
3229.77148    4.6617e-17    4.3882e-17    6.0134e-17
3236.06226    1.8287e-17    1.6978e-17    2.4757e-17
3242.36572    1.8866e-17    1.8109e-17    2.2607e-17
3248.68115    4.9374e-17    4.5051e-17    7.0742e-17
3255.00879    3.4835e-17    2.9286e-17    6.2264e-17
3261.34912    2.9297e-17    2.9052e-17    3.0508e-17
3267.70093    2.0702e-17    1.5064e-17    4.8571e-17
3274.06616    1.8074e-18    1.1487e-18    5.0632e-18
3280.44336    2.5138e-17    2.1086e-17    4.5167e-17
3286.83301    3.1581e-17    2.8462e-17    4.6994e-17
3293.23535    1.9396e-17    1.4968e-17    4.1284e-17
3299.64990    2.3795e-17    2.1317e-17    3.6043e-17
3306.07690    2.6325e-17    2.4207e-17    3.6792e-17
3312.51660    2.3982e-17    2.2716e-17    3.0236e-17
3318.96875    1.1214e-17    8.0733e-18    2.6740e-17
3325.43359    1.6261e-17    1.2659e-17    3.4067e-17
3331.91064    1.4198e-18    8.7892e-19    4.0935e-18
3338.40063    2.0989e-17    1.6382e-17    4.3760e-17
3344.90332    1.0963e-18    6.8860e-19    3.1113e-18
3351.41846    4.6927e-19    2.9291e-19    1.3410e-18
3357.94629    2.2209e-17    1.9579e-17    3.5207e-17
3364.48682    2.9614e-17    2.3622e-17    5.9234e-17
3371.04004    3.3889e-17    2.7541e-17    6.5263e-17
3377.60645    4.5468e-18    3.2151e-18    1.1129e-17
3384.18481    1.4519e-17    1.1605e-17    2.8923e-17
3390.77686    1.7777e-17    1.3001e-17    4.1382e-17
3397.38159    4.0370e-18    2.6242e-18    1.1020e-17
3403.99902    1.3409e-18    8.3047e-19    3.8640e-18
3410.62915    6.7971e-18    5.3503e-18    1.3948e-17
3417.27271    1.5916e-17    1.1638e-17    3.7064e-17
3423.92847    5.1162e-18    3.1814e-18    1.4679e-17
3430.59766    1.0081e-17    7.1492e-18    2.4570e-17
3437.27979    1.5877e-17    1.4650e-17    2.1941e-17
3443.97534    3.5975e-18    2.2309e-18    1.0352e-17
3450.68359    2.1715e-17    1.8149e-17    3.9336e-17
3457.40479    1.4118e-17    1.0624e-17    3.1390e-17
3464.13916    3.2277e-18    2.0304e-18    9.1456e-18
3470.88647    8.3037e-18    6.2462e-18    1.8474e-17
3477.64697    1.2121e-17    8.3424e-18    3.0798e-17
3484.42090    2.2064e-17    1.5986e-17    5.2105e-17
3491.20776    9.6242e-18    7.4887e-18    2.0180e-17
3498.00781    1.5425e-17    1.0660e-17    3.8980e-17
3504.82129    5.1655e-18    3.3247e-18    1.4264e-17
3511.64771    8.3218e-19    5.1539e-19    2.3980e-18
3518.48804    6.3045e-18    4.0000e-18    1.7695e-17
3525.34131    1.1819e-17    7.7772e-18    3.1795e-17
3532.20776    4.7463e-18    2.9102e-18    1.3821e-17
3539.08813    7.0565e-18    4.6816e-18    1.8795e-17
3545.98145    1.6785e-18    1.0416e-18    4.8266e-18
3552.88818    9.1437e-18    6.0479e-18    2.4445e-17
3559.80884    6.4451e-18    4.1854e-18    1.7614e-17
3566.74292    6.2336e-18    4.3760e-18    1.5415e-17
3573.68994    4.8531e-19    3.7109e-19    1.0498e-18
3580.65112    2.4493e-19    1.5121e-19    7.0812e-19
3587.62500    4.4454e-18    3.5797e-18    8.7241e-18
3594.61304    2.0516e-19    1.2618e-19    5.9555e-19
3601.61499    1.0460e-18    6.5000e-19    3.0035e-18
3608.63013    7.4617e-19    4.6013e-19    2.1600e-18
3615.65894    2.0569e-18    1.3246e-18    5.6763e-18
3622.70166    1.9470e-17    1.5547e-17    3.8862e-17
3629.75806    4.6260e-19    3.4894e-19    1.0244e-18
3636.82837    3.2270e-18    2.1408e-18    8.5955e-18
3643.91138    1.1075e-17    9.8902e-18    1.6929e-17
3651.00928    1.5901e-19    9.8246e-20    4.5934e-19
3658.12085    1.3406e-17    1.3012e-17    1.5351e-17
3665.24609    1.1021e-19    6.7947e-20    3.1908e-19
3672.38525    9.7176e-20    6.0009e-20    2.8089e-19
3679.53857    5.2986e-19    3.3384e-19    1.4988e-18
3686.70557    6.9857e-19    4.6281e-19    1.8638e-18
3693.88647    3.8462e-19    2.3761e-19    1.1112e-18
3701.08154    1.8325e-18    1.1608e-18    5.1529e-18
3708.29053    4.6910e-19    2.8626e-19    1.3728e-18
3715.51343    8.1678e-19    5.1403e-19    2.3132e-18
3722.75049    1.7316e-18    1.0494e-18    5.1032e-18
3730.00171    5.3569e-18    3.5870e-18    1.4105e-17
3737.26709    1.1705e-19    9.5762e-20    2.2229e-19
3744.54639    1.5602e-18    9.7295e-19    4.4627e-18
3751.84009    8.4204e-18    6.9588e-18    1.5645e-17
3759.14795    9.5885e-18    6.7195e-18    2.3770e-17
3766.47021    1.4614e-17    1.1159e-17    3.1695e-17
3773.80664    4.2419e-20    2.6362e-20    1.2179e-19
3781.15723    9.3565e-18    6.3028e-18    2.4450e-17
3788.52197    1.0819e-18    6.8241e-19    3.0567e-18
3795.90137    1.0110e-18    5.9397e-19    3.0724e-18
3803.29492    2.3947e-19    1.4445e-19    7.0911e-19
3810.70312    4.2475e-18    2.7640e-18    1.1580e-17
3818.12549    1.3699e-19    3.7293e-20    6.2976e-19
3825.56250    1.5870e-17    1.2271e-17    3.3658e-17
3833.01416    5.0100e-19    3.2393e-19    1.3762e-18
3840.47998    1.0696e-19    6.9513e-20    2.9203e-19
3847.96045    3.3875e-18    2.2499e-18    9.0104e-18
3855.45557    1.1805e-19    7.3248e-20    3.3948e-19
3862.96533    2.5682e-19    1.5940e-19    7.3834e-19
3870.48950    6.7309e-18    5.3203e-18    1.3703e-17
3878.02832    1.2211e-19    7.5700e-20    3.5149e-19
3885.58203    1.2751e-19    7.8118e-20    3.7162e-19
3893.15039    1.7107e-18    1.0659e-18    4.8979e-18
3900.73340    4.6571e-19    2.8792e-19    1.3445e-18
3908.33154    7.9836e-18    5.2872e-18    2.1311e-17
3915.94409    3.4143e-18    2.1549e-18    9.6393e-18
3923.57153    2.6983e-18    1.7251e-18    7.5086e-18
3931.21387    3.8704e-18    2.6597e-18    9.8549e-18
3938.87109    1.3801e-17    9.8933e-18    3.3114e-17
3946.54346    3.6696e-18    2.3766e-18    1.0061e-17
3954.23047    4.7130e-19    2.8887e-19    1.3730e-18
3961.93262    3.6341e-18    1.6345e-18    1.3517e-17
3969.64941    2.2510e-18    1.3330e-18    6.7885e-18
3977.38159    8.3925e-18    6.5022e-18    1.7735e-17
3985.12866    2.0060e-18    1.2393e-18    5.7957e-18
3992.89111    4.1456e-18    2.6679e-18    1.1450e-17
4000.66846    1.0472e-17    7.5794e-18    2.4772e-17
4008.46094    1.1601e-18    7.1733e-19    3.3487e-18
4016.26880    4.7522e-19    2.9152e-19    1.3832e-18
4024.09155    4.1931e-18    2.8479e-18    1.0842e-17
4031.92969    3.3525e-19    2.2458e-19    8.8226e-19
4039.78320    1.4879e-19    9.1184e-20    4.3353e-19
4047.65186    1.9045e-19    1.1678e-19    5.5456e-19
4055.53589    1.2162e-18    7.4736e-19    3.5337e-18
4063.43506    4.2993e-18    2.7638e-18    1.1889e-17
4071.35010    1.0429e-18    6.3984e-19    3.0353e-18
4079.28027    2.6585e-18    1.6452e-18    7.6669e-18
4087.22607    1.0616e-18    6.5549e-19    3.0687e-18
4095.18701    5.9796e-19    3.6577e-19    1.7456e-18
4103.16357    4.0271e-19    2.4959e-19    1.1596e-18
4111.15576    2.5436e-18    1.5946e-18    7.2342e-18
4119.16357    5.0113e-18    3.2716e-18    1.3610e-17
4127.18652    5.6051e-18    3.8121e-18    1.4467e-17
4135.22559    1.3464e-18    8.4317e-19    3.8339e-18
4143.28027    6.1249e-19    2.4861e-19    2.4111e-18
4151.35059    6.3364e-19    3.8792e-19    1.8481e-18
4159.43652    1.2096e-18    7.4255e-19    3.5180e-18
4167.53857    3.8422e-19    2.2649e-19    1.1638e-18
4175.65625    2.3391e-17    1.8032e-17    4.9881e-17
4183.78906    1.5118e-18    9.3412e-19    4.3672e-18
4191.93848    8.5976e-20    5.2473e-20    2.5157e-19
4200.10352    4.5738e-19    2.7973e-19    1.3355e-18
4208.28418    4.5382e-19    2.8147e-19    1.3057e-18
4216.48145    2.2679e-19    1.3866e-19    6.6241e-19
4224.69434    2.0984e-19    1.3425e-19    5.8345e-19
4232.92334    1.3097e-17    1.2191e-17    1.7576e-17
4241.16846    4.0356e-19    2.4614e-19    1.1817e-18
4249.42920    5.3256e-18    3.6388e-18    1.3663e-17
4257.70605    4.5863e-18    2.9788e-18    1.2532e-17
4265.99902    1.9537e-19    1.4271e-19    4.5569e-19
4274.30859    7.2450e-18    5.0463e-18    1.8112e-17
4282.63428    2.7054e-19    1.6519e-19    7.9122e-19
4290.97607    2.2099e-18    1.4501e-18    5.9651e-18
4299.33398    1.6834e-17    1.3580e-17    3.2918e-17
4307.70801    1.0526e-19    6.4129e-20    3.0854e-19
4316.09863    5.7816e-18    3.9605e-18    1.4783e-17
4324.50586    1.9218e-18    1.1849e-18    5.5639e-18
4332.92920    8.9931e-18    7.4408e-18    1.6666e-17
4341.36914    7.7312e-18    5.3959e-18    1.9274e-17
4349.82520    1.0894e-17    9.7284e-18    1.6656e-17
4358.29785    3.9633e-18    2.4454e-18    1.1466e-17
4366.78662    2.3423e-18    1.5041e-18    6.4854e-18
4375.29199    1.1989e-17    1.0549e-17    1.9109e-17
4383.81445    1.4805e-17    1.1467e-17    3.1304e-17
4392.35352    1.2017e-19    7.0789e-20    3.6427e-19
4400.90869    8.1012e-18    5.9587e-18    1.8691e-17
4409.48047    1.0334e-17    8.3561e-18    2.0111e-17
4418.06934    8.8054e-18    7.3184e-18    1.6155e-17
4426.67480    2.0908e-19    1.2754e-19    6.1208e-19
4435.29736    3.6173e-18    2.3242e-18    1.0009e-17
4443.93652    7.7506e-19    4.7336e-19    2.2663e-18
4452.59277    3.7093e-18    2.2938e-18    1.0706e-17
4461.26562    1.4082e-18    8.6835e-19    4.0765e-18
4469.95508    8.1822e-18    5.9694e-18    1.9120e-17
4478.66162    4.2246e-19    2.0282e-19    1.5081e-18
4487.38477    1.4821e-17    1.1497e-17    3.1249e-17
4496.12549    3.3754e-19    2.0661e-19    9.8470e-19
4504.88281    9.7248e-18    8.5671e-18    1.5447e-17
4513.65771    7.0096e-18    5.1119e-18    1.6390e-17
4522.44922    2.0263e-17    1.7076e-17    3.6017e-17
4531.25830    4.2935e-18    2.8678e-18    1.1340e-17
4540.08447    8.6642e-18    7.2551e-18    1.5629e-17
4548.92773    1.0803e-17    9.6547e-18    1.6481e-17
4557.78809    7.8607e-18    5.9771e-18    1.7171e-17
4566.66602    1.2403e-19    7.5478e-20    3.6401e-19
4575.56055    1.0690e-17    8.8666e-18    1.9705e-17
4584.47314    1.7879e-17    1.4544e-17    3.4364e-17
4593.40283    7.0028e-18    4.7080e-18    1.8346e-17
4602.34961    1.0493e-18    6.4238e-19    3.0605e-18
4611.31445    4.6684e-19    2.8498e-19    1.3658e-18
4620.29590    9.7277e-18    7.9749e-18    1.8391e-17
4629.29590    1.0465e-17    8.2906e-18    2.1215e-17
4638.31250    6.2176e-19    3.8092e-19    1.8121e-18
4647.34668    5.1944e-18    3.5147e-18    1.3497e-17
4656.39941    4.9741e-19    3.0439e-19    1.4515e-18
4665.46875    6.4165e-18    4.4214e-18    1.6278e-17
4674.55664    8.1161e-19    4.9776e-19    2.3629e-18
4683.66113    2.7044e-20    1.6159e-20    8.0843e-20
4692.78418    4.5100e-20    2.7360e-20    1.3279e-19
4701.92480    3.0496e-20    1.8494e-20    8.9817e-20
4711.08301    1.2970e-19    3.9719e-20    5.7447e-19
4720.25977    3.3812e-19    2.0653e-19    9.8856e-19
4729.45361    1.7329e-18    1.0803e-18    4.9586e-18
4738.66602    4.5048e-19    2.7435e-19    1.3211e-18
4747.89551    1.1772e-19    7.2216e-20    3.4264e-19
4757.14355    3.6382e-19    2.2160e-19    1.0668e-18
4766.41016    1.6607e-20    1.0064e-20    4.8948e-20
4775.69385    1.8491e-19    1.1260e-19    5.4235e-19
4784.99609    5.0045e-21    3.0320e-21    1.4754e-20
4794.31641    6.8780e-20    4.1753e-20    2.0237e-19
4803.65430    4.2270e-20    2.5610e-20    1.2461e-19
4813.01074    4.8068e-19    2.9294e-19    1.4086e-18
4822.38574    1.1622e-18    7.1246e-19    3.3854e-18
4831.77930    1.4771e-18    9.0726e-19    4.2939e-18
4841.19043    1.5481e-18    9.4913e-19    4.5086e-18
4850.62012    2.8657e-19    1.7423e-19    8.4184e-19
4860.06836    1.6756e-19    1.0173e-19    4.9294e-19
4869.53467    1.7530e-18    1.0713e-18    5.1228e-18
4879.01953    2.2661e-19    1.3739e-19    6.6762e-19
4888.52295    5.3303e-19    3.2367e-19    1.5679e-18
4898.04492    1.1266e-18    6.8608e-19    3.3039e-18
4907.58545    1.7313e-19    1.0495e-19    5.1011e-19
4917.14453    3.4448e-20    2.0850e-20    1.0166e-19
4926.72168    1.3049e-17    1.1951e-17    1.8477e-17
4936.31836    7.9082e-20    4.7870e-20    2.3335e-19
4945.93311    1.9480e-19    1.1819e-19    5.7350e-19
4955.56689    7.4423e-19    4.5365e-19    2.1805e-18
4965.21973    4.6725e-20    2.8332e-20    1.3764e-19
4974.89062    9.7033e-19    5.9014e-19    2.8495e-18
4984.58105    2.9047e-19    1.7652e-19    8.5368e-19
4994.29004    1.0481e-18    6.3584e-19    3.0858e-18
5004.01758    5.3099e-19    3.2251e-19    1.5615e-18
5013.76465    1.3674e-17    1.2473e-17    1.9612e-17
5023.53027    6.6407e-19    4.1170e-19    1.9115e-18
5033.31543    4.2119e-20    2.5487e-20    1.2433e-19
5043.11914    7.8707e-19    4.7443e-19    2.3323e-18
5052.94238    5.8276e-20    3.5013e-20    1.7326e-19
5062.78418    8.4984e-19    5.2077e-19    2.4763e-18
5072.64551    5.3803e-19    1.4103e-19    2.5003e-18
5082.52637    1.8976e-19    1.1515e-19    5.5850e-19
5092.42578    3.2002e-19    1.9433e-19    9.4124e-19
5102.34473    3.6123e-18    2.3865e-18    9.6709e-18
5112.28320    6.0415e-20    3.6539e-20    1.7843e-19
5122.24121    4.1267e-19    2.5045e-19    1.2145e-18
5132.21777    1.8996e-18    1.1746e-18    5.4831e-18
5142.21484    6.4621e-19    3.9526e-19    1.8866e-18
5152.23047    7.2072e-19    4.3900e-19    2.1132e-18
5162.26660    2.1481e-18    1.3521e-18    6.0829e-18
5172.32129    1.4081e-17    1.2647e-17    2.1165e-17
5182.39648    1.9358e-19    1.2411e-19    5.3694e-19
5192.49023    3.6374e-19    2.9943e-19    6.8162e-19
5202.60449    8.9802e-18    7.8076e-18    1.4776e-17
5212.73779    7.9023e-20    4.7761e-20    2.3355e-19
5222.89160    5.6809e-19    3.4533e-19    1.6692e-18
5233.06445    9.5264e-18    8.2425e-18    1.5872e-17
5243.25781    2.4035e-19    1.4567e-19    7.0834e-19
5253.47021    6.9191e-18    4.7995e-18    1.7396e-17
5263.70312    2.9025e-18    1.8913e-18    7.9005e-18
5273.95557    1.3729e-17    1.1177e-17    2.6348e-17
5284.22852    1.0595e-17    8.5105e-18    2.0897e-17
5294.52100    3.2696e-19    1.9940e-19    9.5742e-19
5304.83398    1.1932e-19    7.2276e-20    3.5184e-19
5315.16650    1.1713e-17    1.0060e-17    1.9888e-17
5325.51953    6.1706e-18    4.4088e-18    1.4878e-17
5335.89258    9.8260e-19    6.0444e-19    2.8518e-18
5346.28564    4.6368e-19    2.8283e-19    1.3576e-18
5356.69922    2.5753e-19    1.5581e-19    7.6031e-19
5367.13281    5.3904e-18    3.7384e-18    1.3556e-17
5377.58691    1.4532e-19    8.7844e-20    4.2938e-19
5388.06152    2.3616e-20    1.4262e-20    6.9852e-20
5398.55664    1.9522e-19    1.1841e-19    5.7490e-19
5409.07178    1.0763e-18    6.6183e-19    3.1246e-18
5419.60742    5.6138e-20    3.3905e-20    1.6603e-19
5430.16406    7.7385e-18    5.1768e-18    2.0401e-17
5440.74121    5.1753e-19    3.1486e-19    1.5193e-18
5451.33887    7.4668e-19    4.6044e-19    2.1615e-18
5461.95703    5.4366e-19    3.3173e-19    1.5912e-18
5472.59570    4.2177e-19    2.5607e-19    1.2408e-18
5483.25488    2.1983e-19    1.3338e-19    6.4714e-19
5493.93555    2.3338e-19    1.4103e-19    6.8980e-19
5504.63672    5.5056e-19    3.3899e-19    1.5963e-18
5515.35840    1.7764e-19    1.0781e-19    5.2276e-19
5526.10156    1.9982e-18    1.2242e-18    5.8239e-18
5536.86523    1.2048e-18    7.3823e-19    3.5108e-18
5547.64941    5.1168e-19    3.1143e-19    1.5015e-18
5558.45557    1.6066e-20    9.6898e-21    4.7580e-20
5569.28271    1.6224e-18    9.8729e-19    4.7613e-18
5580.12988    1.1552e-19    7.0250e-20    3.3925e-19
5590.99902    1.2211e-18    7.4038e-19    3.5973e-18
5601.88965    3.6398e-20    2.1954e-20    1.0779e-19
5612.80078    8.6538e-20    5.0197e-20    2.6616e-19
5623.73340    1.6560e-18    1.0189e-18    4.8052e-18
5634.68750    5.2388e-20    3.1600e-20    1.5513e-19
5645.66211    8.8348e-20    5.3377e-20    2.6120e-19
5656.65918    1.2036e-18    7.4473e-19    3.4716e-18
5667.67676    7.4181e-19    4.4948e-19    2.1867e-18
5678.71680    4.5787e-20    2.8947e-20    1.2902e-19
5689.77734    1.0372e-18    6.3051e-19    3.0472e-18
5700.86035    9.6147e-20    5.7989e-20    2.8475e-19
5711.96484    9.4864e-20    5.7313e-20    2.8047e-19
5723.09033    4.8909e-19    2.9699e-19    1.4386e-18
5734.23779    3.9871e-19    2.4159e-19    1.1753e-18
5745.40723    2.2203e-19    1.3483e-19    6.5301e-19
5756.59766    1.2059e-19    7.2723e-20    3.5720e-19
5767.81104    4.6323e-20    2.7920e-20    1.3729e-19
5779.04492    1.2397e-19    7.4866e-20    3.6670e-19
5790.30176    2.5856e-19    1.5653e-19    7.6286e-19
5801.58008    1.1869e-19    7.1597e-20    3.5147e-19
5812.88037    1.5863e-18    1.0029e-18    4.4695e-18
5824.20264    3.1848e-19    1.9325e-19    9.3747e-19
5835.54688    1.1075e-18    6.8907e-19    3.1758e-18
5846.91357    3.5165e-20    2.1182e-20    1.0428e-19
5858.30225    1.6698e-19    1.0077e-19    4.9424e-19
5869.71289    8.3473e-20    4.9795e-20    2.4993e-19
5881.14600    2.2072e-20    1.3236e-20    6.5743e-20
5892.60156    2.7737e-19    1.7644e-19    7.7621e-19
5904.07910    2.7217e-19    1.6505e-19    8.0163e-19
5915.57910    1.1298e-18    7.0245e-19    3.2422e-18
5927.10156    4.1507e-19    2.5130e-19    1.2246e-18
5938.64648    4.1305e-20    2.4851e-20    1.2263e-19
5950.21387    1.5068e-18    9.5478e-19    4.2355e-18
5961.80371    3.5738e-19    2.1551e-19    1.0586e-18
5973.41602    2.3059e-19    1.4005e-19    6.7810e-19
5985.05127    2.0981e-19    1.2726e-19    6.1781e-19
5996.70850    1.4228e-18    8.7645e-19    4.1230e-18
6008.38867    3.9455e-20    2.3755e-20    1.1706e-19
6020.09229    4.2331e-19    2.5645e-19    1.2481e-18
6031.81836    8.8382e-20    5.3203e-20    2.6226e-19
6043.56738    7.0812e-19    4.2878e-19    2.0888e-18
6055.33887    9.9711e-19    6.1190e-19    2.9011e-18
6067.13428    2.6450e-19    1.6000e-19    7.8104e-19
6078.95117    1.7392e-18    1.0661e-18    5.0659e-18
6090.79150    1.9031e-19    1.1538e-19    5.6067e-19
6102.65527    7.3525e-19    4.4935e-19    2.1484e-18
6114.54199    7.9219e-19    4.8068e-19    2.3319e-18
6126.45215    3.0980e-19    1.9801e-19    8.6237e-19
6138.38525    8.6561e-20    5.2181e-20    2.5649e-19
6150.34131    8.1330e-18    5.8099e-18    1.9616e-17
6162.32178    2.2972e-19    1.4364e-19    6.5516e-19
6174.32422    2.5857e-18    1.6037e-18    7.4395e-18
6186.35059    6.9665e-19    4.2379e-19    2.0453e-18
6198.40088    3.0268e-19    1.8273e-19    8.9553e-19
6210.47314    4.1915e-20    2.5233e-20    1.2437e-19
6222.57031    1.4847e-19    8.9800e-20    4.3847e-19
6234.69043    6.8082e-18    4.6681e-18    1.7387e-17
6246.83496    5.9646e-18    4.5576e-18    1.2919e-17
6259.00195    2.3080e-19    1.3924e-19    6.8335e-19
6271.19385    1.1591e-19    6.9932e-20    3.4318e-19
6283.40869    5.1962e-20    3.1285e-20    1.5416e-19
6295.64795    3.9996e-19    2.4530e-19    1.1644e-18
6307.91016    1.1344e-18    6.9581e-19    3.3019e-18
6320.19678    3.3651e-18    2.2354e-18    8.9484e-18
6332.50781    7.1338e-19    4.3495e-19    2.0896e-18
6344.84180    5.7998e-19    5.1032e-19    9.2433e-19
6357.20020    4.1249e-20    2.4809e-20    1.2251e-19
6369.58252    1.2878e-18    8.9148e-19    3.2468e-18
6381.98926    2.5927e-18    1.6411e-18    7.2963e-18
6394.42041    4.3961e-20    2.6453e-20    1.3050e-19
6406.87549    9.6160e-19    5.9310e-19    2.7830e-18
6419.35449    3.7865e-18    2.6138e-18    9.5831e-18
6431.85840    2.1856e-18    1.3589e-18    6.2715e-18
6444.38672    1.0762e-18    6.5963e-19    3.1352e-18
6456.93896    6.1668e-18    4.8705e-18    1.2574e-17
6469.51514    3.0945e-19    1.8684e-19    9.1550e-19
6482.11719    1.3757e-18    8.4624e-19    3.9926e-18
6494.74268    1.6784e-18    1.0490e-18    4.7894e-18
6507.39355    6.9767e-19    4.2553e-19    2.0428e-18
6520.06836    3.2571e-18    2.0529e-18    9.2092e-18
6532.76855    5.3468e-19    3.2220e-19    1.5849e-18
6545.49316    7.2073e-21    4.3329e-21    2.1415e-20
6558.24268    4.5354e-19    2.7887e-19    1.3169e-18
6571.01611    1.0776e-18    6.5492e-19    3.1665e-18
6583.81543    6.2389e-19    3.8035e-19    1.8276e-18
6596.63965    2.0583e-19    1.2521e-19    6.0432e-19
6609.48828    7.9987e-19    4.8273e-19    2.3674e-18
6622.36230    8.9739e-19    5.4715e-19    2.6285e-18
6635.26172    5.4704e-21    3.2886e-21    1.6254e-20
6648.18506    1.1959e-18    7.3929e-19    3.4528e-18
6661.13525    3.3860e-19    2.0414e-19    1.0032e-18
6674.10986    1.8453e-19    2.0484e-20    9.9537e-19
6687.10938    5.5683e-19    3.3647e-19    1.6461e-18
6700.13428    6.0874e-20    3.6575e-20    1.8098e-19
6713.18506    3.8974e-20    2.3511e-20    1.1540e-19
6726.26123    2.5859e-19    1.5644e-19    7.6350e-19
6739.36279    2.2314e-21    1.3412e-21    6.6314e-21
6752.48926    3.3760e-20    2.0297e-20    1.0031e-19
6765.64258    3.4804e-19    2.1106e-19    1.0251e-18
6778.82031    8.1379e-21    4.8930e-21    2.4176e-20
6792.02441    5.9760e-20    3.5933e-20    1.7753e-19
6805.25439    8.3083e-20    4.9993e-20    2.4664e-19
6818.50928    3.6053e-19    2.1696e-19    1.0701e-18
6831.78955    2.3168e-19    1.3945e-19    6.8758e-19
6845.09717    6.1754e-21    3.7126e-21    1.8349e-20
6858.43018    7.6380e-19    4.6259e-19    2.2526e-18
6871.78906    4.3434e-19    2.6185e-19    1.2869e-18
6885.17432    4.9236e-20    2.9658e-20    1.4601e-19
6898.58447    3.9471e-21    2.3732e-21    1.1727e-20
6912.02246    6.1195e-19    3.6943e-19    1.8107e-18
6925.48486    1.6816e-19    1.0077e-19    5.0124e-19
6938.97412    3.3662e-20    2.0240e-20    1.0000e-19
6952.49023    1.7588e-19    1.0605e-19    5.2102e-19
6966.03271    6.4356e-20    3.8693e-20    1.9120e-19
6979.60059    7.9450e-20    4.7843e-20    2.3568e-19
6993.19629    1.0477e-19    6.3133e-20    3.1054e-19
